% function evaluation | noise-free fitness - Fopt (9.294000000000e+01) | best noise-free fitness - Fopt | measured fitness | best measured fitness | x1 | x2...
1 +1.311513987e+01 +1.311513987e+01 +1.060551399e+02 +1.060551399e+02 +0.0000e+00 +0.0000e+00 +0.0000e+00 +0.0000e+00 +0.0000e+00
24 +8.685413554e+00 +8.685413554e+00 +1.016254136e+02 +1.016254136e+02 -1.1700e+00 +7.5587e-01 -9.0400e-01 -1.0016e+00 -5.4359e-01
79 +2.502280362e+00 +2.502280362e+00 +9.544228036e+01 +9.544228036e+01 -5.2166e-01 +1.0219e+00 -8.6355e-01 +8.8227e-01 +6.9319e-01
328 +2.092690865e+00 +2.092690865e+00 +9.503269087e+01 +9.503269087e+01 +3.3529e-01 +1.0288e+00 +4.3209e-01 +2.8954e+00 +1.4296e+00
341 +2.023971182e+00 +2.023971182e+00 +9.496397118e+01 +9.496397118e+01 +2.9623e-01 +1.3335e+00 +6.5996e-01 +2.8335e+00 +1.3131e+00
410 +1.789455112e+00 +1.789455112e+00 +9.472945511e+01 +9.472945511e+01 -7.8458e-01 +1.1589e+00 +1.1645e-01 +1.8770e+00 +1.5748e+00
437 +1.410423196e+00 +1.410423196e+00 +9.435042320e+01 +9.435042320e+01 +6.1807e-02 +1.4476e+00 -7.0478e-02 +2.3529e+00 +1.5936e+00
458 +8.119477103e-01 +8.119477103e-01 +9.375194771e+01 +9.375194771e+01 -1.2502e-01 +1.1197e+00 +1.2111e-01 +2.6241e+00 +1.5426e+00
889 +7.299341378e-01 +7.299341378e-01 +9.366993414e+01 +9.366993414e+01 -1.0453e-01 +1.1617e+00 +1.2510e-01 +2.0859e+00 +1.5381e+00
958 +3.411273411e-01 +3.411273411e-01 +9.328112734e+01 +9.328112734e+01 -3.5618e-01 +8.7489e-01 +9.9633e-02 +2.6326e+00 +2.0967e+00
1176 +2.635801317e-01 +2.635801317e-01 +9.320358013e+01 +9.320358013e+01 -1.8104e-01 +9.9558e-01 +2.1689e-01 +3.0364e+00 +2.0914e+00
1495 +1.744656629e-01 +1.744656629e-01 +9.311446566e+01 +9.311446566e+01 -3.8646e-01 +8.8220e-01 +1.3371e-01 +2.9723e+00 +2.4168e+00
1723 +1.215748015e-01 +1.215748015e-01 +9.306157480e+01 +9.306157480e+01 -2.9765e-01 +9.0877e-01 +3.2935e-01 +3.4094e+00 +2.5859e+00
1879 +9.608070259e-02 +9.608070259e-02 +9.303608070e+01 +9.303608070e+01 -1.7881e-01 +6.7850e-01 +2.7928e-01 +3.1537e+00 +2.5091e+00
2303 +7.726959122e-02 +7.726959122e-02 +9.301726959e+01 +9.301726959e+01 -7.5050e-02 +6.6017e-01 +4.3453e-01 +3.3967e+00 +2.5509e+00
2361 +1.557975818e-02 +1.557975818e-02 +9.295557976e+01 +9.295557976e+01 -1.2067e-01 +7.4837e-01 +3.2492e-01 +3.2189e+00 +2.4045e+00
3331 +9.011210944e-03 +9.011210944e-03 +9.294901121e+01 +9.294901121e+01 -2.4781e-01 +7.7836e-01 +2.1773e-01 +3.1028e+00 +2.4153e+00
3693 +7.299341378e-03 +7.299341378e-03 +9.294729934e+01 +9.294729934e+01 -1.9491e-01 +6.9955e-01 +3.1369e-01 +3.2264e+00 +2.4723e+00
4239 +4.400251896e-07 +4.400251896e-07 +9.294000044e+01 +9.294000044e+01 -2.0746e-01 +7.1854e-01 +2.6670e-01 +3.0709e+00 +2.3596e+00
4423 +9.106364018e-08 +9.106364018e-08 +9.294000009e+01 +9.294000009e+01 -2.3167e-01 +7.1344e-01 +2.9785e-01 +3.1067e+00 +2.4179e+00
4434 +3.186390529e-08 +3.186390529e-08 +9.294000003e+01 +9.294000003e+01 -2.3348e-01 +7.4622e-01 +2.7114e-01 +3.1147e+00 +2.4019e+00
4502 +1.983242726e-08 +1.983242726e-08 +9.294000002e+01 +9.294000002e+01 -2.3440e-01 +7.6001e-01 +2.6304e-01 +3.1001e+00 +2.4073e+00
4599 +6.594078172e-09 +6.594078172e-09 +9.294000001e+01 +9.294000001e+01 -2.2817e-01 +7.4234e-01 +2.7920e-01 +3.1058e+00 +2.4079e+00
19477 +0.000000000e+00 +0.000000000e+00 +9.294000000e+01 +9.294000000e+01 -2.1926e-01 +7.6231e-01 +2.6671e-01 +3.0966e+00 +2.3957e+00
% function evaluation | noise-free fitness - Fopt (3.535000000000e+01) | best noise-free fitness - Fopt | measured fitness | best measured fitness | x1 | x2...
1 +4.644548928e+02 +4.644548928e+02 +4.998048928e+02 +4.998048928e+02 +0.0000e+00 +0.0000e+00 +0.0000e+00 +0.0000e+00 +0.0000e+00
7 +2.600166205e+02 +2.600166205e+02 +2.953666205e+02 +2.953666205e+02 +9.7030e-01 +2.0480e+00 +1.5462e+00 -1.6352e+00 -3.2457e-01
12 +1.973093554e+02 +1.973093554e+02 +2.326593554e+02 +2.326593554e+02 +2.4883e+00 +3.2465e+00 -2.3944e-02 -2.6829e+00 -2.3087e+00
16 +1.778232647e+02 +1.778232647e+02 +2.131732647e+02 +2.131732647e+02 +3.0325e+00 +2.0660e+00 +1.0406e+00 -4.2407e+00 -2.9870e+00
28 +1.688655731e+02 +1.688655731e+02 +2.042155731e+02 +2.042155731e+02 +1.3094e+00 +1.3092e+00 +2.4510e+00 -3.7810e+00 -2.7151e+00
35 +1.399588286e+02 +1.399588286e+02 +1.753088286e+02 +1.753088286e+02 +3.4643e-01 +4.8937e-01 +2.6661e+00 -4.8256e+00 -6.0118e+00
36 +8.232398073e+01 +8.232398073e+01 +1.176739807e+02 +1.176739807e+02 +4.1183e+00 +7.0445e-01 +2.6651e+00 -3.0727e+00 -3.1332e+00
54 +7.368145702e+01 +7.368145702e+01 +1.090314570e+02 +1.090314570e+02 +5.3633e+00 -2.9051e+00 +5.5805e+00 -3.9320e+00 -2.7943e+00
62 +4.373062991e+01 +4.373062991e+01 +7.908062991e+01 +7.908062991e+01 +3.6421e+00 -2.9125e+00 +4.1983e+00 -1.7399e+00 -2.0597e+00
80 +2.224950882e+01 +2.224950882e+01 +5.759950882e+01 +5.759950882e+01 +4.1360e+00 -2.0138e+00 +4.4167e+00 -1.2103e+00 -2.7517e+00
83 +1.686350703e+01 +1.686350703e+01 +5.221350703e+01 +5.221350703e+01 +2.8396e+00 -1.5665e+00 +4.3800e+00 +1.7242e-01 -1.0863e+00
92 +1.654284359e+01 +1.654284359e+01 +5.189284359e+01 +5.189284359e+01 +3.9024e+00 -2.8888e+00 +5.2868e+00 +1.3339e+00 -2.4984e-02
94 +3.376250435e+00 +3.376250435e+00 +3.872625043e+01 +3.872625043e+01 +3.6950e+00 -9.3377e-01 +4.9720e+00 +5.5762e-01 -1.3636e+00
384 +2.859268236e+00 +2.859268236e+00 +3.820926824e+01 +3.820926824e+01 +3.0290e+00 -1.2052e+00 +5.5187e+00 +9.6431e-01 -1.0153e+00
521 +1.650454854e+00 +1.650454854e+00 +3.700045485e+01 +3.700045485e+01 +2.1549e+00 +8.1118e-01 +4.1473e+00 +8.1125e-01 -2.3679e+00
817 +1.182739193e+00 +1.182739193e+00 +3.653273919e+01 +3.653273919e+01 +2.8854e+00 -1.2263e-01 +4.6387e+00 +7.4408e-01 -1.5656e+00
834 +9.082910507e-01 +9.082910507e-01 +3.625829105e+01 +3.625829105e+01 +2.7480e+00 -5.7368e-01 +4.7329e+00 +8.1020e-01 -1.3587e+00
871 +3.347355540e-01 +3.347355540e-01 +3.568473555e+01 +3.568473555e+01 +1.7716e+00 +1.7658e+00 +3.9027e+00 +1.6582e+00 -1.7476e+00
1499 +2.373801104e-01 +2.373801104e-01 +3.558738011e+01 +3.558738011e+01 +1.8279e+00 +1.2840e+00 +4.0130e+00 +1.4463e+00 -1.9353e+00
1741 +1.345370687e-01 +1.345370687e-01 +3.548453707e+01 +3.548453707e+01 +1.9310e+00 +1.3988e+00 +3.9679e+00 +1.4994e+00 -1.7297e+00
1844 +1.058530078e-01 +1.058530078e-01 +3.545585301e+01 +3.545585301e+01 +1.6182e+00 +1.7985e+00 +3.8347e+00 +1.6887e+00 -1.8050e+00
2013 +3.052903472e-02 +3.052903472e-02 +3.538052903e+01 +3.538052903e+01 +1.6622e+00 +1.6586e+00 +3.8516e+00 +1.4705e+00 -1.9601e+00
2148 +1.606000443e-02 +1.606000443e-02 +3.536606000e+01 +3.536606000e+01 +1.6932e+00 +1.7149e+00 +3.8910e+00 +1.5433e+00 -1.8876e+00
2807 +4.946781230e-03 +4.946781230e-03 +3.535494678e+01 +3.535494678e+01 +1.7401e+00 +1.4404e+00 +3.9965e+00 +1.4730e+00 -1.8712e+00
3527 +1.794927158e-07 +1.794927158e-07 +3.535000018e+01 +3.535000018e+01 +1.7458e+00 +1.4964e+00 +3.9700e+00 +1.4580e+00 -1.8733e+00
3543 +1.661428115e-07 +1.661428115e-07 +3.535000017e+01 +3.535000017e+01 +1.7522e+00 +1.4893e+00 +3.9458e+00 +1.4566e+00 -1.8663e+00
3684 +6.828203425e-08 +6.828203425e-08 +3.535000007e+01 +3.535000007e+01 +1.7685e+00 +1.5003e+00 +3.9887e+00 +1.4767e+00 -1.8756e+00
3778 +4.215117144e-08 +4.215117144e-08 +3.535000004e+01 +3.535000004e+01 +1.7695e+00 +1.4750e+00 +3.9689e+00 +1.4604e+00 -1.8801e+00
3828 +1.110898751e-08 +1.110898751e-08 +3.535000001e+01 +3.535000001e+01 +1.7512e+00 +1.4681e+00 +3.9645e+00 +1.4663e+00 -1.8782e+00
3862 +1.157793861e-09 +1.157793861e-09 +3.535000000e+01 +3.535000000e+01 +1.7728e+00 +1.4756e+00 +3.9681e+00 +1.4566e+00 -1.8947e+00
23566 +0.000000000e+00 +0.000000000e+00 +3.535000000e+01 +3.535000000e+01 +1.7831e+00 +1.4901e+00 +3.9832e+00 +1.4580e+00 -1.8949e+00
% function evaluation | noise-free fitness - Fopt (3.820000000000e+00) | best noise-free fitness - Fopt | measured fitness | best measured fitness | x1 | x2...
1 +7.329981111e+02 +7.329981111e+02 +7.368181111e+02 +7.368181111e+02 +0.0000e+00 +0.0000e+00 +0.0000e+00 +0.0000e+00 +0.0000e+00
2 +6.109998997e+02 +6.109998997e+02 +6.148198997e+02 +6.148198997e+02 +2.6451e+00 +2.8083e+00 -1.1562e-01 +3.6171e-02 +5.9873e+00
3 +2.628783912e+02 +2.628783912e+02 +2.666983912e+02 +2.666983912e+02 +3.8498e-01 +1.5469e+00 +7.4088e-01 -3.2023e-01 -1.2362e-01
12 +1.892643427e+02 +1.892643427e+02 +1.930843427e+02 +1.930843427e+02 +4.1584e-01 +2.4636e+00 +2.0435e+00 +2.2666e+00 +6.0034e-01
14 +4.475995015e+01 +4.475995015e+01 +4.857995015e+01 +4.857995015e+01 +2.6430e+00 +3.9173e+00 +2.2858e-02 -2.5995e+00 +1.3507e+00
18 +2.858638873e+01 +2.858638873e+01 +3.240638873e+01 +3.240638873e+01 +2.2429e+00 +7.7078e-01 +2.7040e+00 -9.3262e-01 +4.3361e-01
26 +2.536880639e+01 +2.536880639e+01 +2.918880639e+01 +2.918880639e+01 +2.7012e+00 +9.3590e-01 +2.8500e+00 -2.1597e+00 -1.2628e-01
32 +1.705203720e+01 +1.705203720e+01 +2.087203720e+01 +2.087203720e+01 +3.1466e+00 +6.3313e-01 +1.8905e+00 -2.1209e+00 +3.6674e-01
43 +4.560453436e+00 +4.560453436e+00 +8.380453436e+00 +8.380453436e+00 +4.2942e+00 +1.1206e+00 +1.5925e+00 -2.1837e+00 +1.4768e+00
118 +1.860427523e+00 +1.860427523e+00 +5.680427523e+00 +5.680427523e+00 +3.5741e+00 +6.7644e-01 +2.1140e+00 -1.1496e+00 +3.3432e-01
164 +4.978459900e-01 +4.978459900e-01 +4.317845990e+00 +4.317845990e+00 +3.9155e+00 +1.2243e+00 +2.0087e+00 -2.9188e+00 +1.1062e+00
1013 +2.753440053e-01 +2.753440053e-01 +4.095344005e+00 +4.095344005e+00 +3.9969e+00 +8.7829e-01 +2.1241e+00 -2.3615e+00 +1.1146e+00
1588 +1.626220299e-01 +1.626220299e-01 +3.982622030e+00 +3.982622030e+00 +4.0554e+00 +1.4763e+00 +1.5440e+00 -2.8146e+00 +8.4322e-01
% function evaluation | noise-free fitness - Fopt (2.175000000000e+01) | best noise-free fitness - Fopt | measured fitness | best measured fitness | x1 | x2...
1 +1.551430652e+02 +1.551430652e+02 +1.768930652e+02 +1.768930652e+02 +0.0000e+00 +0.0000e+00 +0.0000e+00 +0.0000e+00 +0.0000e+00
4 +1.539210639e+02 +1.539210639e+02 +1.756710639e+02 +1.756710639e+02 -8.6329e-01 +1.1746e+00 +2.9061e+00 -1.1624e-01 -1.9640e+00
5 +9.950894038e+01 +9.950894038e+01 +1.212589404e+02 +1.212589404e+02 -2.2777e-01 +1.4308e-01 +1.3123e+00 +9.5522e-01 -2.0064e+00
12 +9.160808637e+01 +9.160808637e+01 +1.133580864e+02 +1.133580864e+02 -9.1086e-01 +2.4642e+00 +4.5694e-01 +1.8582e+00 -3.6503e+00
16 +6.035566653e+01 +6.035566653e+01 +8.210566653e+01 +8.210566653e+01 +2.5246e+00 +8.2058e-01 +1.0261e+00 +7.4464e-01 -2.3552e+00
22 +2.522368739e+01 +2.522368739e+01 +4.697368739e+01 +4.697368739e+01 +3.3484e+00 +1.8840e+00 +3.5132e-01 +6.7215e-01 -3.2102e+00
35 +1.822635326e+01 +1.822635326e+01 +3.997635326e+01 +3.997635326e+01 +1.5910e+00 +1.8426e+00 +8.8684e-01 +2.8111e+00 -2.1794e+00
41 +1.722743946e+01 +1.722743946e+01 +3.897743946e+01 +3.897743946e+01 +2.7568e+00 +2.6487e+00 +2.8476e-01 +1.3792e+00 -4.3123e+00
132 +6.865947619e+00 +6.865947619e+00 +2.861594762e+01 +2.861594762e+01 +1.9594e+00 +1.7554e+00 +5.6107e-01 +2.6534e+00 -2.8797e+00
166 +5.504773007e+00 +5.504773007e+00 +2.725477301e+01 +2.725477301e+01 +1.5478e+00 +1.9328e+00 +4.1037e-01 +4.3474e+00 -3.5190e+00
169 +2.862303661e+00 +2.862303661e+00 +2.461230366e+01 +2.461230366e+01 +1.7583e+00 +1.6229e+00 +2.8323e-01 +4.1862e+00 -2.6194e+00
243 +2.551058782e+00 +2.551058782e+00 +2.430105878e+01 +2.430105878e+01 +2.3021e+00 +9.8701e-01 -3.8586e-01 +3.8840e+00 -1.7620e+00
324 +1.916586480e+00 +1.916586480e+00 +2.366658648e+01 +2.366658648e+01 +2.2393e+00 +4.3766e-01 -7.4892e-01 +4.2243e+00 -1.7656e+00
695 +1.340093795e+00 +1.340093795e+00 +2.309009379e+01 +2.309009379e+01 +3.2157e+00 +1.7276e+00 -3.9407e-01 +2.9495e+00 -2.5583e+00
767 +1.286095944e+00 +1.286095944e+00 +2.303609594e+01 +2.303609594e+01 +3.3607e+00 +1.3096e+00 -5.6768e-01 +2.5448e+00 -2.2671e+00
932 +1.196604446e+00 +1.196604446e+00 +2.294660445e+01 +2.294660445e+01 +3.4987e+00 +1.6033e+00 -8.1780e-01 +2.7412e+00 -2.5533e+00
981 +5.068759757e-01 +5.068759757e-01 +2.225687598e+01 +2.225687598e+01 +4.3096e+00 +9.9607e-01 -1.4922e+00 +2.8294e+00 -1.3740e+00
1179 +4.623919771e-01 +4.623919771e-01 +2.221239198e+01 +2.221239198e+01 +3.3737e+00 +1.0464e+00 -7.8313e-01 +3.5001e+00 -1.8031e+00
1186 +3.117095458e-01 +3.117095458e-01 +2.206170955e+01 +2.206170955e+01 +3.1525e+00 +1.0019e+00 -6.5625e-01 +3.4811e+00 -2.0964e+00
1267 +2.385168641e-01 +2.385168641e-01 +2.198851686e+01 +2.198851686e+01 +3.2312e+00 +9.0642e-01 -5.1960e-01 +3.3099e+00 -1.8760e+00
1784 +2.005932628e-01 +2.005932628e-01 +2.195059326e+01 +2.195059326e+01 +3.5155e+00 +8.9829e-01 -1.0551e+00 +3.2428e+00 -1.8215e+00
1802 +1.424212982e-01 +1.424212982e-01 +2.189242130e+01 +2.189242130e+01 +3.6842e+00 +8.1588e-01 -1.0691e+00 +3.2919e+00 -1.5492e+00
1975 +6.182188000e-02 +6.182188000e-02 +2.181182188e+01 +2.181182188e+01 +3.7105e+00 +6.9270e-01 -1.1262e+00 +3.2122e+00 -1.5588e+00
2055 +2.734026541e-02 +2.734026541e-02 +2.177734027e+01 +2.177734027e+01 +3.9755e+00 +8.3957e-01 -1.2265e+00 +3.0012e+00 -1.5836e+00
2102 +2.536696387e-02 +2.536696387e-02 +2.177536696e+01 +2.177536696e+01 +3.9270e+00 +8.0262e-01 -1.1640e+00 +3.0579e+00 -1.5833e+00
2702 +3.287162904e-03 +3.287162904e-03 +2.175328716e+01 +2.175328716e+01 +3.8522e+00 +9.4501e-01 -1.1560e+00 +3.0307e+00 -1.6583e+00
% function evaluation | noise-free fitness - Fopt (6.479000000000e+01) | best noise-free fitness - Fopt | measured fitness | best measured fitness | x1 | x2...
1 +3.268637627e+01 +3.268637627e+01 +9.747637627e+01 +9.747637627e+01 +0.0000e+00 +0.0000e+00 +0.0000e+00 +0.0000e+00 +0.0000e+00
4 +2.355843587e+01 +2.355843587e+01 +8.834843587e+01 +8.834843587e+01 +6.6389e-01 +1.9254e-01 -4.1031e-01 +1.3534e+00 -1.7353e+00
34 +2.321785203e+01 +2.321785203e+01 +8.800785203e+01 +8.800785203e+01 +3.0812e+00 +9.6260e-01 -2.1461e+00 +2.0477e+00 +1.6102e-01
35 +1.986620487e+01 +1.986620487e+01 +8.465620487e+01 +8.465620487e+01 +3.4362e+00 -7.2520e-01 -2.0781e+00 +1.1696e+00 +9.2353e-01
52 +1.792277682e+01 +1.792277682e+01 +8.271277682e+01 +8.271277682e+01 +3.5386e+00 -7.1458e-01 -2.0008e+00 +1.3542e+00 +2.3148e+00
80 +1.708125363e+01 +1.708125363e+01 +8.187125363e+01 +8.187125363e+01 +3.8304e+00 -7.1632e-01 -2.6264e+00 +1.1239e+00 +1.8036e+00
102 +1.287248476e+01 +1.287248476e+01 +7.766248476e+01 +7.766248476e+01 +3.0055e+00 -1.9315e-01 -1.5495e+00 +8.8644e-01 +2.9217e+00
125 +8.844784451e+00 +8.844784451e+00 +7.363478445e+01 +7.363478445e+01 +3.5628e+00 +6.8701e-01 -1.9238e+00 +1.4876e+00 +1.0657e+00
155 +7.714472199e+00 +7.714472199e+00 +7.250447220e+01 +7.250447220e+01 +2.5984e+00 -7.5660e-01 -1.6444e+00 +7.7729e-01 +1.5467e+00
209 +5.671120796e+00 +5.671120796e+00 +7.046112080e+01 +7.046112080e+01 -4.7016e-01 -1.1302e+00 -4.6540e-01 +9.4734e-01 +4.4853e-03
211 +4.408579978e+00 +4.408579978e+00 +6.919857998e+01 +6.919857998e+01 -4.9364e-01 -6.8787e-01 -4.9747e-01 +1.3007e+00 -1.3441e-01
221 +3.312726359e+00 +3.312726359e+00 +6.810272636e+01 +6.810272636e+01 +1.7125e-01 -8.5505e-01 -2.3556e-01 +1.5140e+00 -5.6395e-01
300 +1.652038511e+00 +1.652038511e+00 +6.644203851e+01 +6.644203851e+01 -2.1700e+00 -2.5033e+00 -2.4461e-01 +1.3239e+00 +4.7930e-01
347 +8.570528147e-01 +8.570528147e-01 +6.564705281e+01 +6.564705281e+01 -2.4118e+00 -2.5767e+00 +4.8069e-02 +1.6546e+00 -8.0050e-01
392 +5.573155534e-01 +5.573155534e-01 +6.534731555e+01 +6.534731555e+01 -2.6049e+00 -2.3608e+00 +6.9136e-02 +1.4880e+00 -5.5477e-01
1145 +4.699449305e-01 +4.699449305e-01 +6.525994493e+01 +6.525994493e+01 -2.8567e+00 -2.5710e+00 -1.0362e-01 +1.4834e+00 -5.9846e-01
1223 +1.391191708e-01 +1.391191708e-01 +6.492911917e+01 +6.492911917e+01 -2.2061e+00 -2.4453e+00 -2.0596e-01 +1.3259e+00 -2.5144e-01
1800 +1.062098907e-01 +1.062098907e-01 +6.489620989e+01 +6.489620989e+01 -2.1420e+00 -2.2402e+00 -3.2194e-02 +1.3122e+00 -3.0920e-01
1870 +2.655604558e-02 +2.655604558e-02 +6.481655605e+01 +6.481655605e+01 -1.8507e+00 -2.1144e+00 -1.1899e-01 +1.3189e+00 -2.0112e-01
2152 +3.529944994e-03 +3.529944994e-03 +6.479352994e+01 +6.479352994e+01 -1.9410e+00 -2.1466e+00 -6.7731e-02 +1.4307e+00 -3.3209e-01
3115 +2.946346456e-08 +2.946346456e-08 +6.479000003e+01 +6.479000003e+01 -1.8583e+00 -2.0847e+00 -8.9172e-02 +1.3827e+00 -2.7362e-01
% function evaluation | noise-free fitness - Fopt (-6.173000000000e+01) | best noise-free fitness - Fopt | measured fitness | best measured fitness | x1 | x2...
1 +2.603296367e+02 +2.603296367e+02 +1.985996367e+02 +1.985996367e+02 +0.0000e+00 +0.0000e+00 +0.0000e+00 +0.0000e+00 +0.0000e+00
21 +1.543102786e+02 +1.543102786e+02 +9.258027859e+01 +9.258027859e+01 +1.9160e+00 -1.0156e+00 +9.8366e-02 -4.9915e-01 -1.4900e-01
23 +1.139314982e+02 +1.139314982e+02 +5.220149822e+01 +5.220149822e+01 +2.6042e+00 -2.5656e+00 +1.5476e+00 -8.0562e-01 +8.4991e-02
24 +9.008452944e+01 +9.008452944e+01 +2.835452944e+01 +2.835452944e+01 +1.6438e+00 -2.5289e+00 +3.7538e-01 +6.2411e-01 +1.8457e+00
33 +6.824380974e+01 +6.824380974e+01 +6.513809736e+00 +6.513809736e+00 +3.1781e+00 -3.3407e+00 +1.1865e-01 +1.9739e+00 +4.3784e-01
43 +6.293678727e+01 +6.293678727e+01 +1.206787269e+00 +1.206787269e+00 +2.9222e+00 -3.7229e+00 -7.1118e-01 +2.9036e+00 +1.1523e-01
46 +4.731145753e+01 +4.731145753e+01 -1.441854247e+01 -1.441854247e+01 +1.9662e+00 -3.2778e+00 +7.9071e-01 +1.0987e+00 +7.8001e-01
48 +3.202535454e+01 +3.202535454e+01 -2.970464546e+01 -2.970464546e+01 +3.2728e+00 -3.7037e+00 +5.5364e-01 +2.6836e+00 +6.5465e-01
58 +3.145668252e+01 +3.145668252e+01 -3.027331748e+01 -3.027331748e+01 +1.8025e+00 -4.8740e+00 +6.7338e-01 +3.3173e+00 +1.1101e+00
65 +2.930019973e+01 +2.930019973e+01 -3.242980027e+01 -3.242980027e+01 +7.2463e-01 -4.2342e+00 -6.6410e-02 +2.9580e+00 +3.0636e-01
71 +1.752416322e+01 +1.752416322e+01 -4.420583678e+01 -4.420583678e+01 +1.3611e+00 -4.2890e+00 +6.8498e-01 +2.5947e+00 -7.5393e-01
74 +1.163990587e+01 +1.163990587e+01 -5.009009413e+01 -5.009009413e+01 +7.4334e-01 -4.3806e+00 -5.5049e-01 +2.9762e+00 -1.1147e+00
133 +9.748870256e+00 +9.748870256e+00 -5.198112974e+01 -5.198112974e+01 -5.7907e-01 -3.2244e+00 -3.3417e+00 +4.8673e+00 -1.2800e-01
143 +6.968646523e+00 +6.968646523e+00 -5.476135348e+01 -5.476135348e+01 +1.7378e-01 -2.8776e+00 -2.4591e+00 +4.2679e+00 +7.0116e-01
230 +2.647590993e+00 +2.647590993e+00 -5.908240901e+01 -5.908240901e+01 -5.3213e-01 -2.6181e+00 -2.8369e+00 +4.1888e+00 -9.8230e-01
600 +2.378143185e+00 +2.378143185e+00 -5.935185681e+01 -5.935185681e+01 -6.5934e-01 -2.5700e+00 -4.0262e+00 +4.3331e+00 -1.8158e+00
736 +1.212786996e+00 +1.212786996e+00 -6.051721300e+01 -6.051721300e+01 -5.1770e-01 -3.2836e+00 -2.3947e+00 +2.6359e+00 -2.1929e+00
738 +8.705561513e-01 +8.705561513e-01 -6.085944385e+01 -6.085944385e+01 -6.6280e-01 -3.1332e+00 -3.0417e+00 +3.2116e+00 -2.1097e+00
1708 +8.167880576e-01 +8.167880576e-01 -6.091321194e+01 -6.091321194e+01 -9.3910e-01 -2.9952e+00 -2.6915e+00 +2.8313e+00 -2.3170e+00
1749 +6.231227942e-01 +6.231227942e-01 -6.110687721e+01 -6.110687721e+01 -1.0981e+00 -3.1863e+00 -3.0957e+00 +3.2051e+00 -2.4552e+00
2152 +1.480352882e-01 +1.480352882e-01 -6.158196471e+01 -6.158196471e+01 -1.1974e+00 -3.0697e+00 -3.1239e+00 +3.0137e+00 -2.6445e+00
2206 +1.308454598e-01 +1.308454598e-01 -6.159915454e+01 -6.159915454e+01 -1.1240e+00 -3.2606e+00 -2.9173e+00 +2.6917e+00 -2.9851e+00
2242 +6.046648270e-02 +6.046648270e-02 -6.166953352e+01 -6.166953352e+01 -1.1894e+00 -3.1244e+00 -3.0695e+00 +2.8155e+00 -2.7888e+00
2465 +4.115770249e-02 +4.115770249e-02 -6.168884230e+01 -6.168884230e+01 -1.3419e+00 -3.0458e+00 -3.2411e+00 +2.9099e+00 -2.7427e+00
2558 +2.844371794e-02 +2.844371794e-02 -6.170155628e+01 -6.170155628e+01 -1.3523e+00 -3.0545e+00 -3.3289e+00 +2.9273e+00 -2.9541e+00
2643 +2.645287553e-02 +2.645287553e-02 -6.170354712e+01 -6.170354712e+01 -1.3747e+00 -3.1371e+00 -3.2157e+00 +2.8455e+00 -3.0326e+00
2666 +4.174789936e-07 +4.174789936e-07 -6.172999958e+01 -6.172999958e+01 -1.3156e+00 -3.1254e+00 -3.1961e+00 +2.8683e+00 -2.8615e+00
2966 +1.292919052e-07 +1.292919052e-07 -6.172999987e+01 -6.172999987e+01 -1.3186e+00 -3.0951e+00 -3.2155e+00 +2.9073e+00 -2.8347e+00
2998 +7.768683474e-09 +7.768683474e-09 -6.172999999e+01 -6.172999999e+01 -1.3412e+00 -3.1048e+00 -3.2016e+00 +2.9115e+00 -2.8623e+00
25753 +0.000000000e+00 +0.000000000e+00 -6.173000000e+01 -6.173000000e+01 -1.3233e+00 -3.1097e+00 -3.2107e+00 +2.9040e+00 -2.8477e+00
% function evaluation | noise-free fitness - Fopt (-2.930000000000e+00) | best noise-free fitness - Fopt | measured fitness | best measured fitness | x1 | x2...
1 +4.652410707e+01 +4.652410707e+01 +4.359410707e+01 +4.359410707e+01 +0.0000e+00 +0.0000e+00 +0.0000e+00 +0.0000e+00 +0.0000e+00
4 +3.677911186e+01 +3.677911186e+01 +3.384911186e+01 +3.384911186e+01 +6.9794e-01 +1.3770e-01 -1.2513e+00 -1.3435e+00 -6.2612e-01
8 +2.316394296e+01 +2.316394296e+01 +2.023394296e+01 +2.023394296e+01 +1.0742e+00 -7.5300e-01 -7.7878e-01 -1.0388e+00 -7.1612e-02
38 +2.218916190e+01 +2.218916190e+01 +1.925916190e+01 +1.925916190e+01 +9.2721e-01 -6.5007e-01 -1.0079e+00 +2.6940e-01 +1.2420e+00
61 +5.362500197e+00 +5.362500197e+00 +2.432500197e+00 +2.432500197e+00 +2.5204e+00 +1.6363e+00 -4.7898e-01 -6.0691e-01 +9.9261e-01
194 +1.880489504e+00 +1.880489504e+00 -1.049510496e+00 -1.049510496e+00 +1.7432e+00 +6.0409e-01 -1.1506e-01 +1.5458e-01 +1.7260e+00
688 +1.814497788e+00 +1.814497788e+00 -1.115502212e+00 -1.115502212e+00 +2.5892e+00 +1.4449e+00 -2.1919e-01 -3.2514e-01 +1.3861e+00
744 +9.495307457e-01 +9.495307457e-01 -1.980469254e+00 -1.980469254e+00 +1.9776e+00 +6.6723e-01 -1.7941e-01 +1.0306e-03 +1.2435e+00
1283 +7.957792033e-01 +7.957792033e-01 -2.134220797e+00 -2.134220797e+00 +2.2740e+00 +8.1334e-01 -1.7302e-01 -1.3557e-01 +1.0603e+00
1372 +6.015216132e-01 +6.015216132e-01 -2.328478387e+00 -2.328478387e+00 +2.4060e+00 +1.8154e+00 -1.0697e+00 -5.2102e-01 +8.5139e-01
1382 +5.171246788e-01 +5.171246788e-01 -2.412875321e+00 -2.412875321e+00 +2.3771e+00 +1.7676e+00 -1.0065e+00 -5.0013e-01 +1.0190e+00
1384 +4.796500039e-01 +4.796500039e-01 -2.450349996e+00 -2.450349996e+00 +2.6016e+00 +1.5996e+00 -6.8958e-01 -6.3787e-01 +1.0239e+00
1399 +1.630089742e-01 +1.630089742e-01 -2.766991026e+00 -2.766991026e+00 +2.4910e+00 +1.7841e+00 -9.1913e-01 -4.0056e-01 +1.5553e+00
1630 +1.439245536e-01 +1.439245536e-01 -2.786075446e+00 -2.786075446e+00 +2.3807e+00 +1.5577e+00 -7.2234e-01 -3.7545e-01 +1.2920e+00
1722 +6.719782349e-02 +6.719782349e-02 -2.862802177e+00 -2.862802177e+00 +2.5786e+00 +1.8379e+00 -9.8477e-01 -5.6547e-01 +1.1513e+00
1855 +6.495677051e-02 +6.495677051e-02 -2.865043229e+00 -2.865043229e+00 +2.7100e+00 +2.2778e+00 -1.2506e+00 -5.7627e-01 +1.2897e+00
2013 +6.360549771e-02 +6.360549771e-02 -2.866394502e+00 -2.866394502e+00 +2.6624e+00 +1.8600e+00 -9.1535e-01 -5.5819e-01 +1.0154e+00
2132 +5.930946275e-02 +5.930946275e-02 -2.870690537e+00 -2.870690537e+00 +2.6197e+00 +1.8950e+00 -9.3185e-01 -4.8877e-01 +1.4273e+00
2138 +5.717851484e-02 +5.717851484e-02 -2.872821485e+00 -2.872821485e+00 +2.5952e+00 +1.9927e+00 -1.0208e+00 -5.9526e-01 +1.1973e+00
2149 +3.374452645e-02 +3.374452645e-02 -2.896255474e+00 -2.896255474e+00 +2.5911e+00 +1.8850e+00 -9.1980e-01 -4.9839e-01 +1.1159e+00
2302 +2.125303023e-02 +2.125303023e-02 -2.908746970e+00 -2.908746970e+00 +2.5679e+00 +2.0615e+00 -1.0956e+00 -5.1350e-01 +1.2649e+00
2602 +1.114715012e-02 +1.114715012e-02 -2.918852850e+00 -2.918852850e+00 +2.6031e+00 +1.9975e+00 -1.0563e+00 -5.3591e-01 +1.2361e+00
2742 +1.085401766e-02 +1.085401766e-02 -2.919145982e+00 -2.919145982e+00 +2.6329e+00 +1.9644e+00 -1.0534e+00 -5.4944e-01 +1.1778e+00
2877 +8.448205836e-03 +8.448205836e-03 -2.921551794e+00 -2.921551794e+00 +2.5726e+00 +1.9303e+00 -1.0363e+00 -4.8609e-01 +1.2314e+00
2882 +7.581938322e-03 +7.581938322e-03 -2.922418062e+00 -2.922418062e+00 +2.5783e+00 +1.8642e+00 -1.0012e+00 -4.9370e-01 +1.1319e+00
3390 +5.958647662e-03 +5.958647662e-03 -2.924041352e+00 -2.924041352e+00 +2.5905e+00 +1.8800e+00 -9.2934e-01 -4.9746e-01 +1.1666e+00
3457 +4.216218619e-07 +4.216218619e-07 -2.929999578e+00 -2.929999578e+00 +2.5629e+00 +1.8679e+00 -9.5165e-01 -5.0943e-01 +1.2168e+00
3493 +3.492388183e-07 +3.492388183e-07 -2.929999651e+00 -2.929999651e+00 +2.5570e+00 +1.8931e+00 -9.6026e-01 -5.0034e-01 +1.2374e+00
3497 +1.486715200e-07 +1.486715200e-07 -2.929999851e+00 -2.929999851e+00 +2.5690e+00 +1.9201e+00 -9.6887e-01 -5.0865e-01 +1.2455e+00
3777 +6.254047280e-08 +6.254047280e-08 -2.929999937e+00 -2.929999937e+00 +2.5710e+00 +1.9090e+00 -9.8854e-01 -5.1227e-01 +1.2454e+00
3859 +1.756816959e-08 +1.756816959e-08 -2.929999982e+00 -2.929999982e+00 +2.5912e+00 +1.9274e+00 -9.8206e-01 -4.8578e-01 +1.2489e+00
3890 +5.054622498e-09 +5.054622498e-09 -2.929999995e+00 -2.929999995e+00 +2.5852e+00 +1.9397e+00 -9.6953e-01 -4.8789e-01 +1.2368e+00
25662 +0.000000000e+00 +0.000000000e+00 -2.930000000e+00 -2.930000000e+00 +2.5847e+00 +1.9013e+00 -9.7440e-01 -4.9164e-01 +1.2015e+00
% function evaluation | noise-free fitness - Fopt (1.398800000000e+02) | best noise-free fitness - Fopt | measured fitness | best measured fitness | x1 | x2...
1 +7.740221236e+02 +7.740221236e+02 +9.139021236e+02 +9.139021236e+02 +0.0000e+00 +0.0000e+00 +0.0000e+00 +0.0000e+00 +0.0000e+00
2 +2.147680493e+02 +2.147680493e+02 +3.546480493e+02 +3.546480493e+02 -3.4365e+00 +7.0103e-01 -4.9132e+00 -3.1797e+00 -4.9464e-02
4 +1.217241627e+02 +1.217241627e+02 +2.616041627e+02 +2.616041627e+02 -1.2578e+00 +1.1676e+00 -4.6603e+00 +2.2702e-01 +1.0150e+00
12 +8.588980383e+01 +8.588980383e+01 +2.257698038e+02 +2.257698038e+02 -1.8181e+00 +1.2592e+00 -6.6509e+00 -3.5913e-01 +1.6058e+00
13 +7.396791670e+01 +7.396791670e+01 +2.138479167e+02 +2.138479167e+02 -3.4494e-01 +8.3615e-01 -5.9396e+00 -1.9005e+00 +1.9472e+00
14 +4.621097481e+01 +4.621097481e+01 +1.860909748e+02 +1.860909748e+02 +3.6679e-01 +2.7745e+00 -6.2684e+00 -1.6669e+00 +2.5989e+00
15 +3.372079937e+01 +3.372079937e+01 +1.736007994e+02 +1.736007994e+02 +1.5957e+00 +2.0727e+00 -4.9577e+00 -5.0213e-02 +1.7063e+00
31 +1.127553573e+01 +1.127553573e+01 +1.511555357e+02 +1.511555357e+02 +1.5530e+00 +3.5611e+00 -3.2501e+00 -2.6993e-01 +2.1300e+00
58 +8.884573945e+00 +8.884573945e+00 +1.487645739e+02 +1.487645739e+02 +1.5431e+00 +3.0347e+00 -4.5043e+00 -9.4561e-01 +2.1533e+00
164 +2.982983018e+00 +2.982983018e+00 +1.428629830e+02 +1.428629830e+02 +2.1998e+00 +2.7170e+00 -3.9791e+00 -3.1977e-02 +3.0813e+00
510 +2.026761639e+00 +2.026761639e+00 +1.419067616e+02 +1.419067616e+02 +2.3932e+00 +2.1100e+00 -3.8432e+00 -9.8407e-01 +3.7550e+00
620 +1.427206415e+00 +1.427206415e+00 +1.413072064e+02 +1.413072064e+02 +6.9582e-01 +2.4863e+00 -3.9280e+00 -2.0444e+00 +3.3269e+00
807 +8.951016098e-01 +8.951016098e-01 +1.407751016e+02 +1.407751016e+02 +3.0752e+00 +2.4911e+00 -3.7285e+00 -6.7094e-01 +3.4091e+00
992 +7.029119863e-01 +7.029119863e-01 +1.405829120e+02 +1.405829120e+02 +2.4842e+00 +2.1882e+00 -3.9805e+00 -1.2365e+00 +3.4827e+00
1371 +5.314402777e-01 +5.314402777e-01 +1.404114403e+02 +1.404114403e+02 +2.2513e+00 +2.5946e+00 -3.5990e+00 -1.3033e+00 +3.4717e+00
1610 +5.071128224e-01 +5.071128224e-01 +1.403871128e+02 +1.403871128e+02 +1.9673e+00 +2.6011e+00 -3.8141e+00 -1.1596e+00 +3.3391e+00
1634 +2.957945377e-01 +2.957945377e-01 +1.401757945e+02 +1.401757945e+02 +1.6348e+00 +2.5994e+00 -3.8771e+00 -1.4072e+00 +3.1894e+00
1696 +1.260442642e-02 +1.260442642e-02 +1.398926044e+02 +1.398926044e+02 +2.0754e+00 +2.4544e+00 -3.7418e+00 -1.2543e+00 +3.3615e+00
2286 +7.729650579e-03 +7.729650579e-03 +1.398877297e+02 +1.398877297e+02 +2.0258e+00 +2.4693e+00 -3.6882e+00 -1.2233e+00 +3.3312e+00
2531 +4.805926403e-03 +4.805926403e-03 +1.398848059e+02 +1.398848059e+02 +2.0283e+00 +2.4438e+00 -3.6506e+00 -1.2747e+00 +3.3874e+00
2841 +4.239939813e-07 +4.239939813e-07 +1.398800004e+02 +1.398800004e+02 +1.9951e+00 +2.4801e+00 -3.6416e+00 -1.3134e+00 +3.4038e+00
2851 +1.953180515e-07 +1.953180515e-07 +1.398800002e+02 +1.398800002e+02 +2.0112e+00 +2.4659e+00 -3.6638e+00 -1.3001e+00 +3.4079e+00
3022 +1.473903808e-07 +1.473903808e-07 +1.398800001e+02 +1.398800001e+02 +2.0242e+00 +2.4464e+00 -3.6808e+00 -1.2794e+00 +3.3705e+00
3100 +1.266639060e-07 +1.266639060e-07 +1.398800001e+02 +1.398800001e+02 +2.0089e+00 +2.4452e+00 -3.6669e+00 -1.2978e+00 +3.3786e+00
3457 +4.188652269e-08 +4.188652269e-08 +1.398800000e+02 +1.398800000e+02 +1.9812e+00 +2.4714e+00 -3.6818e+00 -1.2802e+00 +3.3820e+00
3544 +1.535545380e-08 +1.535545380e-08 +1.398800000e+02 +1.398800000e+02 +2.0191e+00 +2.5070e+00 -3.6592e+00 -1.2846e+00 +3.3921e+00
3555 +5.846800377e-09 +5.846800377e-09 +1.398800000e+02 +1.398800000e+02 +2.0083e+00 +2.5048e+00 -3.6701e+00 -1.2909e+00 +3.3863e+00
18882 +0.000000000e+00 +0.000000000e+00 +1.398800000e+02 +1.398800000e+02 +2.0177e+00 +2.4776e+00 -3.6884e+00 -1.3048e+00 +3.3780e+00
% function evaluation | noise-free fitness - Fopt (-2.290200000000e+02) | best noise-free fitness - Fopt | measured fitness | best measured fitness | x1 | x2...
1 +1.305332661e+02 +1.305332661e+02 -9.848673392e+01 -9.848673392e+01 +0.0000e+00 +0.0000e+00 +0.0000e+00 +0.0000e+00 +0.0000e+00
2 +8.526877007e+01 +8.526877007e+01 -1.437512299e+02 -1.437512299e+02 +1.0965e+00 +1.7190e-01 -9.9417e-01 -7.7105e-01 +1.2833e+00
4 +4.555296632e+01 +4.555296632e+01 -1.834670337e+02 -1.834670337e+02 -1.1067e-01 +7.1410e-01 -5.9892e-01 -1.0251e+00 -1.1497e-01
12 +2.673117900e+01 +2.673117900e+01 -2.022888210e+02 -2.022888210e+02 +3.1089e-01 +5.4498e-01 -1.0865e+00 -1.2402e+00 +9.5290e-01
15 +2.140835744e+01 +2.140835744e+01 -2.076116426e+02 -2.076116426e+02 -1.3476e+00 +9.8522e-01 -1.3190e-01 -8.2335e-01 +5.0941e-01
31 +1.665519389e+01 +1.665519389e+01 -2.123648061e+02 -2.123648061e+02 -1.6578e+00 +1.9594e+00 +1.6223e-01 -1.1936e+00 -3.6337e-01
47 +5.018187113e+00 +5.018187113e+00 -2.240018129e+02 -2.240018129e+02 -1.9812e+00 -8.9275e-01 +7.7018e-01 -1.6708e+00 -5.7851e-01
324 +4.159996339e+00 +4.159996339e+00 -2.248600037e+02 -2.248600037e+02 -1.9711e+00 +7.1225e-01 +5.3958e-01 -5.1886e-01 +1.8289e+00
391 +3.899202357e+00 +3.899202357e+00 -2.251207976e+02 -2.251207976e+02 -2.6796e+00 +1.0263e+00 +1.4996e+00 -5.6103e-01 +8.4755e-01
397 +2.594771365e+00 +2.594771365e+00 -2.264252286e+02 -2.264252286e+02 -2.6012e+00 +7.1591e-01 +1.7813e+00 -5.5455e-01 +8.1173e-01
464 +8.368490233e-01 +8.368490233e-01 -2.281831510e+02 -2.281831510e+02 -2.4329e+00 -7.6252e-02 +1.9526e+00 -7.0223e-01 +1.2234e+00
953 +5.706504725e-01 +5.706504725e-01 -2.284493495e+02 -2.284493495e+02 -2.3466e+00 -8.4716e-01 +2.7526e+00 -9.7852e-01 -1.2742e-01
986 +5.274611272e-01 +5.274611272e-01 -2.284925389e+02 -2.284925389e+02 -2.3224e+00 -5.2530e-01 +2.4805e+00 -1.0347e+00 -2.7970e-01
1013 +2.592652018e-01 +2.592652018e-01 -2.287607348e+02 -2.287607348e+02 -1.9347e+00 -2.8731e-01 +1.6178e+00 -1.1609e+00 +3.9811e-01
1124 +2.973027101e-02 +2.973027101e-02 -2.289902697e+02 -2.289902697e+02 -2.1024e+00 -3.3423e-01 +1.7675e+00 -1.1179e+00 +4.5046e-01
1782 +1.760501195e-02 +1.760501195e-02 -2.290023950e+02 -2.290023950e+02 -2.1380e+00 -3.0356e-01 +1.7102e+00 -1.0447e+00 +6.9018e-01
2086 +4.379688789e-08 +4.379688789e-08 -2.290200000e+02 -2.290200000e+02 -2.1743e+00 -3.5354e-01 +1.7930e+00 -1.0997e+00 +5.1303e-01
3152 +2.918756081e-08 +2.918756081e-08 -2.290200000e+02 -2.290200000e+02 -2.1648e+00 -3.6206e-01 +1.8080e+00 -1.0663e+00 +5.3372e-01
3569 +2.644776487e-08 +2.644776487e-08 -2.290200000e+02 -2.290200000e+02 -2.1672e+00 -3.7717e-01 +1.8092e+00 -1.0703e+00 +4.9886e-01
3574 +2.214292749e-08 +2.214292749e-08 -2.290200000e+02 -2.290200000e+02 -2.1578e+00 -3.4418e-01 +1.8135e+00 -1.0882e+00 +5.2286e-01
3584 +1.135060756e-08 +1.135060756e-08 -2.290200000e+02 -2.290200000e+02 -2.1489e+00 -3.4677e-01 +1.8066e+00 -1.0802e+00 +4.9891e-01
3615 +4.741679049e-09 +4.741679049e-09 -2.290200000e+02 -2.290200000e+02 -2.1680e+00 -3.7418e-01 +1.8215e+00 -1.0631e+00 +5.2139e-01
18055 +0.000000000e+00 +0.000000000e+00 -2.290200000e+02 -2.290200000e+02 -2.1594e+00 -3.5802e-01 +1.8248e+00 -1.0761e+00 +5.1657e-01
% function evaluation | noise-free fitness - Fopt (6.198000000000e+01) | best noise-free fitness - Fopt | measured fitness | best measured fitness | x1 | x2...
1 +2.544902707e+02 +2.544902707e+02 +3.164702707e+02 +3.164702707e+02 +0.0000e+00 +0.0000e+00 +0.0000e+00 +0.0000e+00 +0.0000e+00
2 +6.594697085e+01 +6.594697085e+01 +1.279269708e+02 +1.279269708e+02 +1.2648e+00 +3.3937e-01 -8.3433e-01 -8.1165e-01 +3.4996e-01
4 +2.533617544e+01 +2.533617544e+01 +8.731617544e+01 +8.731617544e+01 +2.8266e+00 +9.3671e-01 -3.1158e-01 +3.6776e-01 +1.7833e+00
18 +1.820932617e+01 +1.820932617e+01 +8.018932617e+01 +8.018932617e+01 +2.4518e+00 +6.6234e-01 +9.4251e-01 +3.5312e-01 +2.3720e+00
32 +1.063997244e+01 +1.063997244e+01 +7.261997244e+01 +7.261997244e+01 +2.8241e+00 +6.1322e-01 +2.4922e+00 -1.0134e+00 +2.1490e+00
101 +4.622175783e+00 +4.622175783e+00 +6.660217578e+01 +6.660217578e+01 +2.6937e+00 +9.9239e-01 +1.4917e+00 -2.3464e+00 +1.6838e+00
104 +4.566659143e+00 +4.566659143e+00 +6.654665914e+01 +6.654665914e+01 +3.0701e+00 +1.0218e+00 +2.9842e+00 -3.8366e+00 +1.0419e+00
192 +4.328632569e+00 +4.328632569e+00 +6.630863257e+01 +6.630863257e+01 +2.6160e+00 +1.0377e+00 +1.0815e+00 -2.9772e+00 -7.2075e-02
205 +3.433177333e+00 +3.433177333e+00 +6.541317733e+01 +6.541317733e+01 +3.3082e+00 +1.2292e+00 +2.1351e+00 -2.8193e+00 -3.7515e-01
236 +2.592552028e+00 +2.592552028e+00 +6.457255203e+01 +6.457255203e+01 +3.8022e+00 +1.3799e+00 +2.8917e+00 -3.7413e+00 -1.3188e+00
357 +2.040037596e+00 +2.040037596e+00 +6.402003760e+01 +6.402003760e+01 +3.4912e+00 +1.3932e+00 +2.1896e+00 -4.8784e+00 -1.1276e+00
422 +1.791302165e+00 +1.791302165e+00 +6.377130216e+01 +6.377130216e+01 +3.1645e+00 +1.1417e+00 +2.6273e+00 -3.3266e+00 +2.0194e-01
438 +1.578394335e+00 +1.578394335e+00 +6.355839433e+01 +6.355839433e+01 +3.2068e+00 +1.0673e+00 +1.0232e+00 -2.3788e+00 +3.4898e-01
481 +1.203065712e+00 +1.203065712e+00 +6.318306571e+01 +6.318306571e+01 +3.6276e+00 +9.8231e-01 +2.6258e+00 -3.2738e+00 -7.8084e-01
570 +8.942759472e-01 +8.942759472e-01 +6.287427595e+01 +6.287427595e+01 +3.3688e+00 +1.2236e+00 +1.9415e+00 -3.5165e+00 +9.0353e-02
574 +7.150334096e-01 +7.150334096e-01 +6.269503341e+01 +6.269503341e+01 +3.4806e+00 +1.0972e+00 +2.6350e+00 -3.1646e+00 +3.6182e-01
655 +6.709131328e-01 +6.709131328e-01 +6.265091313e+01 +6.265091313e+01 +3.0240e+00 +1.1067e+00 +1.7805e+00 -2.9012e+00 +6.9669e-01
841 +6.429276139e-01 +6.429276139e-01 +6.262292761e+01 +6.262292761e+01 +3.2922e+00 +1.0646e+00 +2.2171e+00 -2.7924e+00 +3.4750e-01
877 +6.295064735e-01 +6.295064735e-01 +6.260950647e+01 +6.260950647e+01 +3.3335e+00 +1.2282e+00 +1.8642e+00 -3.3559e+00 -1.0738e-01
888 +4.558204111e-01 +4.558204111e-01 +6.243582041e+01 +6.243582041e+01 +3.2053e+00 +1.0673e+00 +1.7708e+00 -3.7181e+00 +3.2078e-01
889 +1.782505785e-01 +1.782505785e-01 +6.215825058e+01 +6.215825058e+01 +3.2513e+00 +1.2079e+00 +1.8808e+00 -3.7371e+00 -7.8892e-02
896 +1.736650717e-01 +1.736650717e-01 +6.215366507e+01 +6.215366507e+01 +3.2284e+00 +1.0712e+00 +1.2945e+00 -3.5292e+00 -4.4803e-02
1467 +1.209328003e-01 +1.209328003e-01 +6.210093280e+01 +6.210093280e+01 +3.3509e+00 +1.1319e+00 +1.7631e+00 -3.5483e+00 -1.6555e-01
1482 +3.624001083e-02 +3.624001083e-02 +6.201624001e+01 +6.201624001e+01 +3.1623e+00 +1.1318e+00 +1.4824e+00 -3.5168e+00 +7.3249e-02
1591 +2.201850197e-02 +2.201850197e-02 +6.200201850e+01 +6.200201850e+01 +3.2019e+00 +1.1702e+00 +1.5378e+00 -3.5667e+00 +1.3216e-02
2124 +2.549416678e-08 +2.549416678e-08 +6.198000003e+01 +6.198000003e+01 +3.2276e+00 +1.1372e+00 +1.5914e+00 -3.5502e+00 -7.2090e-03
2543 +7.943910418e-09 +7.943910418e-09 +6.198000001e+01 +6.198000001e+01 +3.2307e+00 +1.1187e+00 +1.5994e+00 -3.5429e+00 +8.9991e-03
18742 +0.000000000e+00 +0.000000000e+00 +6.198000000e+01 +6.198000000e+01 +3.2458e+00 +1.1454e+00 +1.5987e+00 -3.5503e+00 +3.5508e-03
% function evaluation | noise-free fitness - Fopt (-2.359000000000e+01) | best noise-free fitness - Fopt | measured fitness | best measured fitness | x1 | x2...
1 +2.939774755e+02 +2.939774755e+02 +2.703874755e+02 +2.703874755e+02 +0.0000e+00 +0.0000e+00 +0.0000e+00 +0.0000e+00 +0.0000e+00
2 +2.234588751e+02 +2.234588751e+02 +1.998688751e+02 +1.998688751e+02 -7.6287e-02 -5.1924e+00 -8.1496e-01 +9.3375e-01 +1.2048e+00
3 +2.185198210e+02 +2.185198210e+02 +1.949298210e+02 +1.949298210e+02 -2.0836e+00 -5.8447e+00 -7.2682e-03 +1.2899e+00 +1.2035e+00
6 +2.086404060e+02 +2.086404060e+02 +1.850504060e+02 +1.850504060e+02 +1.5158e+00 -2.4914e+00 -2.4044e+00 +3.0315e+00 +2.1587e-01
8 +1.810732800e+02 +1.810732800e+02 +1.574832800e+02 +1.574832800e+02 +1.6610e+00 -4.1727e+00 +6.0123e-02 +1.6218e+00 +9.9927e-01
14 +1.228175658e+02 +1.228175658e+02 +9.922756580e+01 +9.922756580e+01 -3.8987e-01 -3.9463e+00 -5.3093e-01 +1.9468e+00 +1.3076e+00
18 +1.092222626e+02 +1.092222626e+02 +8.563226259e+01 +8.563226259e+01 +8.5929e-01 -3.1568e+00 +1.1406e+00 +1.8874e+00 +2.3784e+00
21 +5.971483620e+01 +5.971483620e+01 +3.612483620e+01 +3.612483620e+01 +3.7924e-03 -2.4750e+00 +5.6600e-01 +1.9799e+00 +2.8218e+00
24 +3.646763478e+01 +3.646763478e+01 +1.287763478e+01 +1.287763478e+01 -3.4628e-01 -4.7942e-01 +1.9072e+00 +3.3440e+00 +1.9763e+00
25 +2.934614414e+01 +2.934614414e+01 +5.756144136e+00 +5.756144136e+00 +5.6184e-01 -7.3604e-01 +1.8821e+00 +2.3350e+00 +3.6378e+00
29 +2.630850820e+01 +2.630850820e+01 +2.718508202e+00 +2.718508202e+00 +6.0817e-01 -9.1482e-01 +1.6184e+00 +1.6493e+00 +5.3509e+00
32 +1.890153632e+01 +1.890153632e+01 -4.688463681e+00 -4.688463681e+00 +2.9888e-01 -1.8913e-01 +1.6926e+00 +1.4873e+00 +5.9101e+00
72 +9.350708136e+00 +9.350708136e+00 -1.423929186e+01 -1.423929186e+01 -1.1530e+00 +6.0367e-02 +4.8170e-01 +3.7523e+00 +5.1407e+00
88 +5.890177196e+00 +5.890177196e+00 -1.769982280e+01 -1.769982280e+01 -1.7474e+00 -4.1567e-01 +4.7748e-01 +4.5569e+00 +4.1847e+00
98 +4.789788862e+00 +4.789788862e+00 -1.880021114e+01 -1.880021114e+01 -1.2182e+00 -6.4387e-02 +1.3996e+00 +4.0493e+00 +3.2531e+00
192 +3.820485196e+00 +3.820485196e+00 -1.976951480e+01 -1.976951480e+01 -1.5074e+00 +9.4270e-01 +1.8035e+00 +3.9880e+00 +3.9516e+00
202 +3.474556976e+00 +3.474556976e+00 -2.011544302e+01 -2.011544302e+01 -1.3749e+00 -1.4765e-03 +9.8875e-01 +4.0653e+00 +4.0490e+00
308 +2.497644523e+00 +2.497644523e+00 -2.109235548e+01 -2.109235548e+01 -1.0165e+00 +3.4292e-01 +1.6110e+00 +3.4911e+00 +4.0675e+00
414 +4.531148552e-01 +4.531148552e-01 -2.313688514e+01 -2.313688514e+01 -3.4683e-01 +2.2947e+00 +2.8334e+00 +2.6780e+00 +2.6737e+00
1068 +3.901607335e-01 +3.901607335e-01 -2.319983927e+01 -2.319983927e+01 -4.5892e-01 +2.4835e+00 +3.0923e+00 +2.6962e+00 +2.8718e+00
1247 +1.905016514e-01 +1.905016514e-01 -2.339949835e+01 -2.339949835e+01 -2.1692e-01 +3.0034e+00 +3.5072e+00 +2.1879e+00 +2.7092e+00
1520 +1.400612214e-01 +1.400612214e-01 -2.344993878e+01 -2.344993878e+01 -3.0216e-01 +2.2698e+00 +3.0655e+00 +2.3853e+00 +3.0183e+00
1603 +5.441653733e-03 +5.441653733e-03 -2.358455835e+01 -2.358455835e+01 -3.1927e-01 +2.4328e+00 +3.1481e+00 +2.4273e+00 +3.0944e+00
3016 +3.169857656e-07 +3.169857656e-07 -2.358999968e+01 -2.358999968e+01 -3.0158e-01 +2.4030e+00 +3.1089e+00 +2.4381e+00 +3.0988e+00
3036 +3.034991742e-07 +3.034991742e-07 -2.358999970e+01 -2.358999970e+01 -2.9820e-01 +2.4339e+00 +3.1083e+00 +2.4019e+00 +3.0670e+00
3051 +7.900515442e-08 +7.900515442e-08 -2.358999992e+01 -2.358999992e+01 -3.1343e-01 +2.4245e+00 +3.1194e+00 +2.4466e+00 +3.0766e+00
3199 +3.502049850e-08 +3.502049850e-08 -2.358999996e+01 -2.358999996e+01 -3.1297e-01 +2.4409e+00 +3.1085e+00 +2.4444e+00 +3.0506e+00
3582 +5.274216619e-09 +5.274216619e-09 -2.358999999e+01 -2.358999999e+01 -3.1749e-01 +2.4531e+00 +3.1370e+00 +2.4211e+00 +3.0529e+00
20657 +0.000000000e+00 +0.000000000e+00 -2.359000000e+01 -2.359000000e+01 -3.2722e-01 +2.4242e+00 +3.1398e+00 +2.4263e+00 +3.0698e+00
% function evaluation | noise-free fitness - Fopt (-1.214300000000e+02) | best noise-free fitness - Fopt | measured fitness | best measured fitness | x1 | x2...
1 +9.527128901e+02 +9.527128901e+02 +8.312828901e+02 +8.312828901e+02 +0.0000e+00 +0.0000e+00 +0.0000e+00 +0.0000e+00 +0.0000e+00
6 +6.795360660e+02 +6.795360660e+02 +5.581060660e+02 +5.581060660e+02 +8.0691e-01 +1.7303e-01 -6.5019e-01 -1.5505e+00 +9.5428e-01
8 +6.181684452e+02 +6.181684452e+02 +4.967384452e+02 +4.967384452e+02 +1.1932e+00 -1.2935e-01 -1.2482e+00 +3.0065e+00 -7.9122e-01
10 +5.924224917e+02 +5.924224917e+02 +4.709924917e+02 +4.709924917e+02 +3.5553e-01 +1.1423e+00 -2.0360e+00 +2.3850e+00 -3.8479e-01
11 +1.484499400e+02 +1.484499400e+02 +2.701994002e+01 +2.701994002e+01 +2.9938e+00 +7.0503e-01 -2.7193e+00 +1.2964e+00 -2.4425e+00
12 +1.326101795e+02 +1.326101795e+02 +1.118017952e+01 +1.118017952e+01 +2.6992e+00 +6.4462e-01 -2.3483e+00 +8.0095e-01 -1.8258e+00
16 +1.135953616e+02 +1.135953616e+02 -7.834638394e+00 -7.834638394e+00 +3.7033e+00 +1.2599e+00 -1.8542e+00 -5.0653e-01 -2.1474e+00
23 +7.067221811e+01 +7.067221811e+01 -5.075778189e+01 -5.075778189e+01 +4.9845e+00 +3.0307e+00 -3.3564e+00 -1.4198e+00 -2.7961e+00
24 +6.812292316e+01 +6.812292316e+01 -5.330707684e+01 -5.330707684e+01 +3.1208e+00 +1.3356e+00 -3.4953e+00 +2.9805e-01 -7.6892e-01
33 +4.324726864e+01 +4.324726864e+01 -7.818273136e+01 -7.818273136e+01 +4.0764e+00 +3.1855e+00 -4.7324e+00 +3.6692e-01 -6.2837e-01
47 +2.964272076e+01 +2.964272076e+01 -9.178727924e+01 -9.178727924e+01 +3.2265e+00 +2.6716e+00 -5.0627e+00 +6.3589e-01 -6.3284e-01
53 +2.894570837e+01 +2.894570837e+01 -9.248429163e+01 -9.248429163e+01 +2.7693e+00 +1.6678e+00 -4.1620e+00 -3.1304e-02 -5.5394e-01
63 +4.666327722e+00 +4.666327722e+00 -1.167636723e+02 -1.167636723e+02 +3.1527e+00 +2.5641e+00 -4.2269e+00 -1.8468e+00 -1.1977e+00
463 +2.885761042e+00 +2.885761042e+00 -1.185442390e+02 -1.185442390e+02 +3.0475e+00 +1.4678e+00 -2.7552e+00 -3.3785e+00 -2.0018e+00
540 +2.042558330e+00 +2.042558330e+00 -1.193874417e+02 -1.193874417e+02 +3.5395e+00 +2.4251e+00 -3.3787e+00 -2.6975e+00 -1.4104e+00
569 +1.103956391e+00 +1.103956391e+00 -1.203260436e+02 -1.203260436e+02 +2.7322e+00 +1.6251e+00 -3.4260e+00 -2.2995e+00 -2.5240e+00
574 +6.081421410e-01 +6.081421410e-01 -1.208218579e+02 -1.208218579e+02 +3.2836e+00 +2.6857e+00 -3.5352e+00 -2.0746e+00 -1.9634e+00
1043 +5.114289720e-01 +5.114289720e-01 -1.209185710e+02 -1.209185710e+02 +3.1971e+00 +2.2738e+00 -3.1810e+00 -2.4464e+00 -2.8644e+00
1178 +4.683261818e-01 +4.683261818e-01 -1.209616738e+02 -1.209616738e+02 +3.1517e+00 +2.3376e+00 -3.3904e+00 -2.4073e+00 -2.5350e+00
1404 +3.007089360e-01 +3.007089360e-01 -1.211292911e+02 -1.211292911e+02 +2.8972e+00 +2.6284e+00 -3.6763e+00 -1.6233e+00 -2.3825e+00
1680 +2.660776358e-01 +2.660776358e-01 -1.211639224e+02 -1.211639224e+02 +3.3633e+00 +3.1567e+00 -3.6352e+00 -1.5431e+00 -2.3936e+00
1684 +2.254550200e-01 +2.254550200e-01 -1.212045450e+02 -1.212045450e+02 +3.4233e+00 +2.9906e+00 -3.4076e+00 -1.7760e+00 -2.3437e+00
1721 +1.835260233e-01 +1.835260233e-01 -1.212464740e+02 -1.212464740e+02 +3.5006e+00 +2.9239e+00 -3.5376e+00 -1.8877e+00 -2.0623e+00
1753 +1.700619628e-01 +1.700619628e-01 -1.212599380e+02 -1.212599380e+02 +3.6334e+00 +3.2407e+00 -3.4715e+00 -1.9093e+00 -2.2387e+00
1765 +1.017540389e-01 +1.017540389e-01 -1.213282460e+02 -1.213282460e+02 +3.5462e+00 +3.1246e+00 -3.4525e+00 -1.8917e+00 -2.3356e+00
1779 +6.972566159e-02 +6.972566159e-02 -1.213602743e+02 -1.213602743e+02 +3.4861e+00 +3.0785e+00 -3.4955e+00 -1.8554e+00 -2.2229e+00
% function evaluation | noise-free fitness - Fopt (-3.364000000000e+01) | best noise-free fitness - Fopt | measured fitness | best measured fitness | x1 | x2...
1 +8.824899737e+01 +8.824899737e+01 +5.460899737e+01 +5.460899737e+01 +0.0000e+00 +0.0000e+00 +0.0000e+00 +0.0000e+00 +0.0000e+00
2 +7.640983756e+01 +7.640983756e+01 +4.276983756e+01 +4.276983756e+01 +2.9737e+00 -6.9594e-01 +2.7698e+00 -1.6005e+00 -2.1041e+00
4 +4.480963516e+01 +4.480963516e+01 +1.116963516e+01 +1.116963516e+01 +2.1462e+00 +1.6231e+00 +4.3928e-01 +7.3715e-02 -7.0821e-01
17 +3.671560338e+01 +3.671560338e+01 +3.075603380e+00 +3.075603380e+00 +1.0755e+00 +2.6601e+00 +2.6327e+00 -9.9791e-01 -1.5799e-01
21 +1.045190875e+01 +1.045190875e+01 -2.318809125e+01 -2.318809125e+01 +2.7073e+00 +1.7786e+00 +1.6798e+00 -1.4006e+00 -9.6255e-01
41 +8.880955518e+00 +8.880955518e+00 -2.475904448e+01 -2.475904448e+01 +2.3790e+00 +1.7776e+00 +2.0208e+00 -2.0181e+00 +3.8288e-01
43 +6.997998527e+00 +6.997998527e+00 -2.664200147e+01 -2.664200147e+01 +2.3194e+00 +1.1790e+00 +2.5186e+00 -2.4889e+00 -8.5249e-01
81 +6.610505818e+00 +6.610505818e+00 -2.702949418e+01 -2.702949418e+01 +4.1021e+00 +1.2636e+00 +2.6524e+00 -2.8285e+00 -1.8721e+00
93 +6.007328721e+00 +6.007328721e+00 -2.763267128e+01 -2.763267128e+01 +3.1108e+00 +1.2910e+00 +2.2539e+00 -1.7669e+00 -1.6574e+00
94 +4.632808549e+00 +4.632808549e+00 -2.900719145e+01 -2.900719145e+01 +2.1185e+00 +1.6422e+00 +3.0926e+00 -3.6104e+00 -1.3440e+00
116 +2.738178789e+00 +2.738178789e+00 -3.090182121e+01 -3.090182121e+01 +2.8871e+00 +1.2828e+00 +2.6778e+00 -2.9409e+00 -9.7236e-01
204 +1.596435740e+00 +1.596435740e+00 -3.204356426e+01 -3.204356426e+01 +2.2951e+00 +1.7977e+00 +2.6265e+00 -2.9861e+00 -1.6752e+00
372 +1.017201807e+00 +1.017201807e+00 -3.262279819e+01 -3.262279819e+01 +1.5803e+00 +2.0912e+00 +2.6893e+00 -3.9916e+00 -1.8559e+00
426 +7.648573239e-01 +7.648573239e-01 -3.287514268e+01 -3.287514268e+01 +1.0119e+00 +2.0269e+00 +2.6836e+00 -3.4891e+00 -1.1502e+00
836 +7.523384941e-01 +7.523384941e-01 -3.288766151e+01 -3.288766151e+01 +1.4677e+00 +2.1735e+00 +2.4338e+00 -3.4123e+00 -1.5352e+00
1118 +7.367366706e-01 +7.367366706e-01 -3.290326333e+01 -3.290326333e+01 +2.3056e+00 +1.5569e+00 +2.6190e+00 -3.0754e+00 -1.1021e+00
1286 +6.026389541e-01 +6.026389541e-01 -3.303736105e+01 -3.303736105e+01 +1.9585e+00 +1.7305e+00 +2.2376e+00 -3.2896e+00 -1.6240e+00
1538 +3.021439931e-01 +3.021439931e-01 -3.333785601e+01 -3.333785601e+01 +9.9323e-01 +2.1438e+00 +2.5982e+00 -3.6166e+00 -1.0716e+00
1550 +2.348581639e-01 +2.348581639e-01 -3.340514184e+01 -3.340514184e+01 +9.8476e-01 +2.3248e+00 +2.6479e+00 -3.6573e+00 -1.1974e+00
1576 +4.850185255e-02 +4.850185255e-02 -3.359149815e+01 -3.359149815e+01 +1.4657e+00 +2.0787e+00 +2.5272e+00 -3.5241e+00 -1.0804e+00
% function evaluation | noise-free fitness - Fopt (-5.323000000000e+01) | best noise-free fitness - Fopt | measured fitness | best measured fitness | x1 | x2...
1 +4.548907577e+02 +4.548907577e+02 +4.016607577e+02 +4.016607577e+02 +0.0000e+00 +0.0000e+00 +0.0000e+00 +0.0000e+00 +0.0000e+00
2 +2.401588766e+02 +2.401588766e+02 +1.869288766e+02 +1.869288766e+02 +2.6718e+00 +3.4417e-01 -4.3957e-01 +3.2060e-01 +9.6171e-01
4 +1.567295948e+02 +1.567295948e+02 +1.034995948e+02 +1.034995948e+02 +3.5125e+00 -1.3729e+00 +2.5857e-01 -4.0375e-01 +1.1411e+00
16 +1.392355829e+02 +1.392355829e+02 +8.600558293e+01 +8.600558293e+01 +3.6136e+00 -2.1360e+00 -1.6771e-01 -6.3598e-01 +1.8904e+00
21 +1.299885734e+02 +1.299885734e+02 +7.675857340e+01 +7.675857340e+01 +1.9471e+00 -1.0958e+00 +2.5957e-01 +9.5464e-01 +9.9928e-01
25 +9.256170226e+01 +9.256170226e+01 +3.933170226e+01 +3.933170226e+01 +1.3979e+00 -3.8814e-01 +4.2726e-01 +1.8315e+00 +2.0317e+00
27 +8.260975891e+01 +8.260975891e+01 +2.937975891e+01 +2.937975891e+01 +2.0916e+00 -2.1032e+00 -1.1713e+00 +2.8930e+00 +1.6067e+00
31 +4.761098979e+01 +4.761098979e+01 -5.619010207e+00 -5.619010207e+00 +2.0012e+00 -2.5353e+00 +2.7030e-01 +1.8240e+00 +2.2218e+00
33 +1.959983196e+01 +1.959983196e+01 -3.363016804e+01 -3.363016804e+01 +1.6028e+00 -2.6067e+00 +5.2398e-01 +6.7294e-01 +3.3977e+00
34 +8.495153348e+00 +8.495153348e+00 -4.473484665e+01 -4.473484665e+01 +1.4233e+00 -1.3203e+00 -1.1919e+00 +1.1326e+00 +2.9595e+00
144 +6.067980410e+00 +6.067980410e+00 -4.716201959e+01 -4.716201959e+01 +7.7829e-01 -3.2558e-01 -2.4919e+00 -5.7800e-01 +3.0101e+00
161 +2.100851477e+00 +2.100851477e+00 -5.112914852e+01 -5.112914852e+01 +1.2643e+00 -9.9267e-01 -4.9022e-01 +1.4807e+00 +3.5402e+00
194 +5.865303518e-01 +5.865303518e-01 -5.264346965e+01 -5.264346965e+01 +1.0036e-01 -1.1120e+00 -1.6839e+00 +2.9768e-01 +3.4593e+00
1152 +2.877501315e-01 +2.877501315e-01 -5.294224987e+01 -5.294224987e+01 -2.0644e-01 -1.2197e+00 -1.9477e+00 +7.6740e-01 +3.0689e+00
1450 +2.786989974e-01 +2.786989974e-01 -5.295130100e+01 -5.295130100e+01 +4.5045e-01 -1.1021e+00 -1.1574e+00 +1.3379e+00 +3.4205e+00
1476 +1.729520844e-01 +1.729520844e-01 -5.305704792e+01 -5.305704792e+01 +4.9387e-01 -1.1741e+00 -8.2324e-01 +1.7617e+00 +3.4316e+00
1503 +1.641555584e-01 +1.641555584e-01 -5.306584444e+01 -5.306584444e+01 +3.0961e-01 -1.1770e+00 -9.9866e-01 +1.6487e+00 +3.3991e+00
1788 +1.027979787e-01 +1.027979787e-01 -5.312720202e+01 -5.312720202e+01 +3.6743e-01 -1.3393e+00 -8.8074e-01 +1.7887e+00 +3.3826e+00
1801 +6.197662247e-02 +6.197662247e-02 -5.316802338e+01 -5.316802338e+01 +3.2185e-01 -1.3201e+00 -8.9818e-01 +1.6797e+00 +3.3844e+00
1890 +5.948843787e-02 +5.948843787e-02 -5.317051156e+01 -5.317051156e+01 +3.3318e-01 -1.2767e+00 -1.0344e+00 +1.5144e+00 +3.3914e+00
1951 +2.395436762e-02 +2.395436762e-02 -5.320604563e+01 -5.320604563e+01 +3.9547e-01 -1.2866e+00 -9.5472e-01 +1.5591e+00 +3.4046e+00
2382 +1.870814489e-02 +1.870814489e-02 -5.321129186e+01 -5.321129186e+01 +1.3637e-01 -1.3068e+00 -1.2025e+00 +1.2294e+00 +3.3464e+00
2475 +1.498972905e-02 +1.498972905e-02 -5.321501027e+01 -5.321501027e+01 +3.4750e-01 -1.2783e+00 -9.8584e-01 +1.5399e+00 +3.3647e+00
3102 +6.854356357e-03 +6.854356357e-03 -5.322314564e+01 -5.322314564e+01 +2.4357e-01 -1.2497e+00 -1.1661e+00 +1.3244e+00 +3.3627e+00
3307 +2.807297506e-09 +2.807297506e-09 -5.323000000e+01 -5.323000000e+01 +2.5046e-01 -1.2749e+00 -1.1447e+00 +1.3844e+00 +3.3506e+00
25152 +0.000000000e+00 +0.000000000e+00 -5.323000000e+01 -5.323000000e+01 +2.8414e-01 -1.2811e+00 -1.1421e+00 +1.3731e+00 +3.3439e+00
% function evaluation | noise-free fitness - Fopt (-3.280000000000e+01) | best noise-free fitness - Fopt | measured fitness | best measured fitness | x1 | x2...
1 +9.425474686e+01 +9.425474686e+01 +6.145474686e+01 +6.145474686e+01 +0.0000e+00 +0.0000e+00 +0.0000e+00 +0.0000e+00 +0.0000e+00
9 +3.802725042e+01 +3.802725042e+01 +5.227250419e+00 +5.227250419e+00 -2.1316e-01 -6.6474e-01 +8.1363e-01 +1.0444e+00 +1.3714e-01
14 +5.727624019e+00 +5.727624019e+00 -2.707237598e+01 -2.707237598e+01 +6.0780e-01 +5.8189e-03 +1.5687e+00 +6.8495e-01 -7.9649e-02
43 +3.684315578e+00 +3.684315578e+00 -2.911568442e+01 -2.911568442e+01 +2.2484e+00 -1.0696e+00 -1.1542e+00 +6.4063e-01 -1.0641e+00
491 +2.521397231e+00 +2.521397231e+00 -3.027860277e+01 -3.027860277e+01 +1.5075e+00 +4.3264e-01 +1.4792e+00 +1.7157e+00 -6.7113e-01
591 +2.209314723e+00 +2.209314723e+00 -3.059068528e+01 -3.059068528e+01 +2.6515e+00 -7.1180e-01 -1.3742e+00 +1.0014e+00 -1.1986e-01
876 +1.149083082e+00 +1.149083082e+00 -3.165091692e+01 -3.165091692e+01 +3.4913e+00 -2.4336e-01 -1.8298e+00 +1.1237e+00 -4.9884e-01
1777 +1.114647035e+00 +1.114647035e+00 -3.168535297e+01 -3.168535297e+01 +3.2894e+00 -2.2588e-01 -2.1345e+00 +1.9511e-01 -4.4911e-01
1782 +1.084152899e+00 +1.084152899e+00 -3.171584710e+01 -3.171584710e+01 +3.4672e+00 -2.7792e-01 -2.3847e+00 +9.7277e-02 -3.9031e-01
1851 +7.028690467e-01 +7.028690467e-01 -3.209713095e+01 -3.209713095e+01 +3.3043e+00 +4.6944e-01 -1.1083e+00 +8.0957e-01 -4.1614e-01
1990 +4.049670172e-01 +4.049670172e-01 -3.239503298e+01 -3.239503298e+01 +2.4115e+00 +1.9704e-01 -2.6778e-01 +9.0959e-01 -5.3896e-01
1998 +3.321511385e-01 +3.321511385e-01 -3.246784886e+01 -3.246784886e+01 +2.6321e+00 +3.6528e-01 -3.6112e-01 +8.5794e-01 -5.7719e-01
1999 +3.154660894e-01 +3.154660894e-01 -3.248453391e+01 -3.248453391e+01 +2.3930e+00 +2.0858e-02 -5.9345e-01 +5.9127e-01 -5.7698e-01
2021 +1.337516174e-01 +1.337516174e-01 -3.266624838e+01 -3.266624838e+01 +2.5475e+00 +1.6678e-01 -6.5721e-01 +5.9805e-01 -5.3048e-01
2033 +6.539372076e-02 +6.539372076e-02 -3.273460628e+01 -3.273460628e+01 +2.4174e+00 +1.2042e-01 -4.1424e-01 +6.2273e-01 -6.0262e-01
2166 +6.322937496e-02 +6.322937496e-02 -3.273677063e+01 -3.273677063e+01 +2.5714e+00 -3.1315e-02 -8.3828e-01 +4.8039e-01 -4.7785e-01
2169 +5.905196841e-02 +5.905196841e-02 -3.274094803e+01 -3.274094803e+01 +2.6101e+00 +1.5966e-02 -8.4637e-01 +4.2526e-01 -5.2314e-01
2495 +4.577879726e-02 +4.577879726e-02 -3.275422120e+01 -3.275422120e+01 +2.6727e+00 +6.4513e-02 -8.6509e-01 +4.4305e-01 -5.3697e-01
2604 +2.957651232e-02 +2.957651232e-02 -3.277042349e+01 -3.277042349e+01 +2.5532e+00 +3.1849e-03 -7.4364e-01 +5.9711e-01 -5.4137e-01
2620 +2.911220726e-02 +2.911220726e-02 -3.277088779e+01 -3.277088779e+01 +2.5391e+00 +3.7179e-02 -6.7302e-01 +5.3394e-01 -5.9884e-01
2820 +1.776962934e-02 +1.776962934e-02 -3.278223037e+01 -3.278223037e+01 +2.4784e+00 +1.6347e-01 -5.1575e-01 +5.8874e-01 -5.6531e-01
2843 +1.154659907e-02 +1.154659907e-02 -3.278845340e+01 -3.278845340e+01 +2.5983e+00 -8.5089e-03 -7.7507e-01 +5.7079e-01 -5.6287e-01
2867 +6.097564913e-03 +6.097564913e-03 -3.279390244e+01 -3.279390244e+01 +2.5720e+00 +1.5623e-02 -7.0374e-01 +6.6044e-01 -5.1056e-01
3706 +5.711815641e-03 +5.711815641e-03 -3.279428818e+01 -3.279428818e+01 +2.6684e+00 +4.8063e-02 -8.3675e-01 +5.6669e-01 -5.2721e-01
3958 +3.387212075e-07 +3.387212075e-07 -3.279999966e+01 -3.279999966e+01 +2.6037e+00 +9.3682e-02 -7.3761e-01 +6.5910e-01 -5.1466e-01
3970 +2.248483213e-07 +2.248483213e-07 -3.279999978e+01 -3.279999978e+01 +2.6108e+00 +6.5556e-02 -7.2214e-01 +6.4117e-01 -5.0775e-01
3971 +1.960399842e-07 +1.960399842e-07 -3.279999980e+01 -3.279999980e+01 +2.5999e+00 +6.1453e-02 -7.1098e-01 +6.4883e-01 -5.2556e-01
4016 +1.129342166e-07 +1.129342166e-07 -3.279999989e+01 -3.279999989e+01 +2.5937e+00 +6.6923e-02 -7.1145e-01 +6.4206e-01 -5.2485e-01
4024 +3.339344801e-08 +3.339344801e-08 -3.279999997e+01 -3.279999997e+01 +2.5661e+00 +8.5648e-02 -6.9799e-01 +6.4194e-01 -5.2313e-01
4048 +1.691909546e-08 +1.691909546e-08 -3.279999998e+01 -3.279999998e+01 +2.5805e+00 +5.1740e-02 -7.4842e-01 +6.1242e-01 -5.1054e-01
4177 +4.951509425e-09 +4.951509425e-09 -3.280000000e+01 -3.280000000e+01 +2.5628e+00 +7.1570e-02 -7.0581e-01 +6.4069e-01 -5.1844e-01
21801 +0.000000000e+00 +0.000000000e+00 -3.280000000e+01 -3.280000000e+01 +2.6129e+00 +9.3631e-02 -7.1384e-01 +6.2654e-01 -5.2061e-01
