% function evaluation | noise-free fitness - Fopt (-4.620900000000e+02) | best noise-free fitness - Fopt | measured fitness | best measured fitness | x1 | x2...
1 +1.270868857e+02 +1.270868857e+02 -3.350031143e+02 -3.350031143e+02 +0.0000e+00 +0.0000e+00 +0.0000e+00 +0.0000e+00 +0.0000e+00
2 +1.215601406e+02 +1.215601406e+02 -3.405298594e+02 -3.405298594e+02 +2.2243e+00 -1.6915e+00 +7.9517e-01 -8.6406e-01 +2.6115e+00
6 +8.251775615e+01 +8.251775615e+01 -3.795722438e+02 -3.795722438e+02 +7.3834e-01 -9.7937e-01 +6.9396e-01 +8.5933e-01 +1.7753e+00
23 +7.600708486e+01 +7.600708486e+01 -3.860829151e+02 -3.860829151e+02 +1.6369e+00 -4.7303e-01 +1.6108e+00 -4.9574e-01 +3.2999e+00
34 +6.724779537e+01 +6.724779537e+01 -3.948422046e+02 -3.948422046e+02 +2.7317e+00 -1.1460e-01 +2.6573e+00 +2.7416e-01 +3.2497e+00
64 +6.005358775e+01 +6.005358775e+01 -4.020364123e+02 -4.020364123e+02 +7.1407e-01 +1.3868e+00 +2.9493e+00 +1.1996e+00 +3.5908e+00
88 +4.329039198e+01 +4.329039198e+01 -4.187996080e+02 -4.187996080e+02 +9.3074e-01 -3.6859e-02 +2.2592e+00 +1.1271e+00 +3.2603e+00
173 +4.192927248e+01 +4.192927248e+01 -4.201607275e+02 -4.201607275e+02 +7.7813e-02 +3.6273e+00 +2.1035e+00 +1.2222e+00 +2.6914e+00
194 +1.399274063e+01 +1.399274063e+01 -4.480972594e+02 -4.480972594e+02 -3.5454e-01 +3.7258e+00 +1.5662e+00 +3.5523e-01 +2.6798e+00
1463 +1.274858973e+01 +1.274858973e+01 -4.493414103e+02 -4.493414103e+02 -2.3085e+00 +2.3115e+00 +1.6508e+00 +6.3755e-01 +2.9399e+00
1623 +1.184503644e+01 +1.184503644e+01 -4.502449636e+02 -4.502449636e+02 -2.3854e+00 +1.4706e+00 +1.1616e+00 +1.2356e+00 +2.2927e+00
1850 +1.153403240e+01 +1.153403240e+01 -4.505559676e+02 -4.505559676e+02 -2.3346e+00 +2.9211e+00 +1.5496e+00 +3.3231e-01 +2.2527e+00
1903 +1.029717443e+01 +1.029717443e+01 -4.517928256e+02 -4.517928256e+02 -2.3578e+00 +3.0862e+00 +1.6310e+00 +6.7575e-01 +2.3565e+00
2165 +9.986620213e+00 +9.986620213e+00 -4.521033798e+02 -4.521033798e+02 -2.4667e+00 +2.9072e+00 +1.5961e+00 +3.3746e-01 +2.2887e+00
2268 +1.885149486e+00 +1.885149486e+00 -4.602048505e+02 -4.602048505e+02 -2.3532e+00 +2.2980e+00 +1.5958e+00 +7.4613e-01 +2.2848e+00
% function evaluation | noise-free fitness - Fopt (7.766000000000e+01) | best noise-free fitness - Fopt | measured fitness | best measured fitness | x1 | x2...
1 +2.502431191e+02 +2.502431191e+02 +3.279031191e+02 +3.279031191e+02 +0.0000e+00 +0.0000e+00 +0.0000e+00 +0.0000e+00 +0.0000e+00
7 +1.756778584e+02 +1.756778584e+02 +2.533378584e+02 +2.533378584e+02 -1.4992e+00 -2.5586e+00 -2.5669e-01 +4.0772e-01 -4.0729e-01
14 +9.869935519e+01 +9.869935519e+01 +1.763593552e+02 +1.763593552e+02 -2.6568e+00 -3.1993e+00 -6.0579e-01 +1.6872e+00 -1.1767e+00
17 +9.519985467e+01 +9.519985467e+01 +1.728598547e+02 +1.728598547e+02 -1.0038e+00 +2.5926e-01 -1.6766e-02 +1.7937e+00 -1.8097e+00
20 +8.601124265e+01 +8.601124265e+01 +1.636712426e+02 +1.636712426e+02 +2.4047e-01 -3.1541e+00 +7.1720e-02 +1.9200e+00 -1.4647e+00
22 +5.659392830e+01 +5.659392830e+01 +1.342539283e+02 +1.342539283e+02 +1.5675e+00 -2.1780e+00 +4.7332e-01 +2.3966e+00 -9.9674e-01
29 +5.530058321e+01 +5.530058321e+01 +1.329605832e+02 +1.329605832e+02 +6.6983e-01 -3.0170e+00 +5.5132e-01 +2.4419e+00 -1.6972e+00
51 +5.282245893e+01 +5.282245893e+01 +1.304824589e+02 +1.304824589e+02 +2.3331e+00 -3.0609e+00 -3.1717e-01 +3.0248e+00 -2.8347e+00
154 +5.210693691e+01 +5.210693691e+01 +1.297669369e+02 +1.297669369e+02 +1.4708e+00 -3.3088e+00 -3.6470e+00 +3.7223e+00 -1.8879e+00
185 +4.422664277e+01 +4.422664277e+01 +1.218866428e+02 +1.218866428e+02 +1.2403e+00 -2.2685e+00 -2.7428e+00 +3.3946e+00 -1.5146e+00
193 +3.897388696e+01 +3.897388696e+01 +1.166338870e+02 +1.166338870e+02 +2.0943e+00 -1.8564e+00 -1.1894e+00 +2.9295e+00 -1.8447e+00
209 +3.050629389e+01 +3.050629389e+01 +1.081662939e+02 +1.081662939e+02 +2.1833e+00 -8.4443e-01 -2.0077e+00 +3.7088e+00 -1.7392e+00
384 +2.848223760e+01 +2.848223760e+01 +1.061422376e+02 +1.061422376e+02 +6.2285e+00 -8.1787e-01 -1.3157e+00 +4.2403e+00 -2.4339e+00
544 +2.686705606e+01 +2.686705606e+01 +1.045270561e+02 +1.045270561e+02 +5.1717e+00 -1.5949e+00 -2.3315e-01 +2.9223e+00 -2.8099e+00
810 +2.463266490e+01 +2.463266490e+01 +1.022926649e+02 +1.022926649e+02 +3.2150e+00 -2.2810e+00 -1.9185e+00 +3.3511e+00 -2.0306e+00
814 +1.974464367e+01 +1.974464367e+01 +9.740464367e+01 +9.740464367e+01 +2.2906e+00 -2.0631e+00 -1.8350e+00 +3.3215e+00 -2.0685e+00
954 +1.452304754e+01 +1.452304754e+01 +9.218304754e+01 +9.218304754e+01 +3.5176e+00 -8.8585e-01 -1.7868e+00 +3.7927e+00 -2.1163e+00
1892 +1.002622479e+01 +1.002622479e+01 +8.768622479e+01 +8.768622479e+01 +2.3450e+00 +7.4431e-01 -1.9307e+00 +3.3489e+00 -2.1428e+00
% function evaluation | noise-free fitness - Fopt (1.156800000000e+02) | best noise-free fitness - Fopt | measured fitness | best measured fitness | x1 | x2...
1 +4.301878994e+02 +4.301878994e+02 +5.458678994e+02 +5.458678994e+02 +0.0000e+00 +0.0000e+00 +0.0000e+00 +0.0000e+00 +0.0000e+00
4 +1.845211367e+02 +1.845211367e+02 +3.002011367e+02 +3.002011367e+02 -6.5120e-01 +2.5498e-01 +1.4983e+00 -6.1269e-02 -1.7231e+00
13 +1.610669927e+02 +1.610669927e+02 +2.767469927e+02 +2.767469927e+02 +2.5153e-01 +1.7309e-01 -2.3363e+00 +4.0784e-01 -2.3678e+00
15 +1.371688078e+02 +1.371688078e+02 +2.528488078e+02 +2.528488078e+02 -7.1539e-01 +2.5626e-01 +2.5132e+00 +5.1718e-01 -1.7879e+00
27 +9.066364282e+01 +9.066364282e+01 +2.063436428e+02 +2.063436428e+02 +2.2749e-01 -2.3876e-01 +2.5952e+00 +8.9905e-01 -3.1784e+00
28 +6.989341236e+01 +6.989341236e+01 +1.855734124e+02 +1.855734124e+02 -1.3059e+00 -1.6627e-01 +2.0085e+00 +9.6817e-01 -2.5257e+00
35 +6.423349946e+01 +6.423349946e+01 +1.799134995e+02 +1.799134995e+02 -8.2249e-01 -1.8661e+00 +1.2922e+00 +1.7097e+00 -2.9803e+00
46 +5.720567214e+01 +5.720567214e+01 +1.728856721e+02 +1.728856721e+02 -1.2169e+00 -2.5772e+00 +7.0083e-01 +2.0971e+00 -3.5475e+00
48 +4.892051468e+01 +4.892051468e+01 +1.646005147e+02 +1.646005147e+02 -1.1909e+00 -1.7036e+00 +8.8333e-01 +2.3582e+00 -2.7759e+00
116 +4.063799280e+01 +4.063799280e+01 +1.563179928e+02 +1.563179928e+02 +4.5951e-01 -1.2575e-01 +1.8448e-01 +2.7138e+00 -2.6645e+00
155 +3.963461242e+01 +3.963461242e+01 +1.553146124e+02 +1.553146124e+02 -2.1584e+00 -3.1910e+00 +1.2894e-01 +3.4017e+00 -3.0256e+00
208 +3.473470166e+01 +3.473470166e+01 +1.504147017e+02 +1.504147017e+02 -2.0000e-01 +4.3688e-01 +8.6833e-01 +3.0100e+00 -3.1336e+00
231 +3.159763505e+01 +3.159763505e+01 +1.472776351e+02 +1.472776351e+02 +1.0287e+00 +6.1677e-01 +3.5682e-01 +3.1590e+00 -3.1755e+00
256 +2.689799112e+01 +2.689799112e+01 +1.425779911e+02 +1.425779911e+02 -1.2753e+00 -7.7676e-01 -2.3929e-01 +3.5393e+00 -3.9500e+00
445 +2.288585449e+01 +2.288585449e+01 +1.385658545e+02 +1.385658545e+02 -1.2355e+00 -1.2929e-01 +1.7973e-01 +2.6855e+00 -4.3811e+00
689 +2.189568706e+01 +2.189568706e+01 +1.375756871e+02 +1.375756871e+02 -3.0985e+00 -3.1179e-01 +3.4821e-01 +3.4624e+00 -3.8931e+00
811 +1.557285795e+01 +1.557285795e+01 +1.312528579e+02 +1.312528579e+02 -3.1351e+00 -1.4370e-01 -8.4020e-01 +2.7494e+00 -3.1920e+00
1675 +1.403392595e+01 +1.403392595e+01 +1.297139260e+02 +1.297139260e+02 -3.0610e+00 -2.6520e-01 +2.1839e-01 +3.0443e+00 -3.1821e+00
1806 +1.312077949e+01 +1.312077949e+01 +1.288007795e+02 +1.288007795e+02 -2.2568e+00 -9.9175e-01 +2.4303e-01 +2.6150e+00 -3.1605e+00
2010 +8.299969773e+00 +8.299969773e+00 +1.239799698e+02 +1.239799698e+02 -2.1058e+00 +4.3463e-01 +1.8162e-01 +3.0642e+00 -3.5991e+00
2664 +4.448843508e+00 +4.448843508e+00 +1.201288435e+02 +1.201288435e+02 -2.2439e+00 -9.6332e-01 +2.6476e-01 +3.5777e+00 -3.5726e+00
3073 +3.548858789e+00 +3.548858789e+00 +1.192288588e+02 +1.192288588e+02 -2.2256e+00 -9.7947e-01 +1.9473e-01 +3.5432e+00 -3.6062e+00
3139 +3.470929378e+00 +3.470929378e+00 +1.191509294e+02 +1.191509294e+02 -2.2362e+00 -9.3500e-01 +2.5673e-01 +3.5566e+00 -3.6260e+00
3203 +3.463173751e+00 +3.463173751e+00 +1.191431738e+02 +1.191431738e+02 -2.1787e+00 -9.9337e-01 +1.9937e-01 +3.5524e+00 -3.6271e+00
3217 +3.053743724e+00 +3.053743724e+00 +1.187337437e+02 +1.187337437e+02 -2.1506e+00 -9.4755e-01 +2.7927e-01 +3.5771e+00 -3.5979e+00
3322 +2.825117995e+00 +2.825117995e+00 +1.185051180e+02 +1.185051180e+02 -2.1801e+00 -9.6030e-01 +2.0307e-01 +3.5457e+00 -3.6123e+00
3384 +2.786486194e+00 +2.786486194e+00 +1.184664862e+02 +1.184664862e+02 -2.2024e+00 -9.9704e-01 +2.1678e-01 +3.5768e+00 -3.5933e+00
3526 +2.606226454e+00 +2.606226454e+00 +1.182862265e+02 +1.182862265e+02 -2.1948e+00 -1.0184e+00 +2.3838e-01 +3.5727e+00 -3.5861e+00
3533 +1.372536761e+00 +1.372536761e+00 +1.170525368e+02 +1.170525368e+02 -2.1443e+00 -9.6699e-01 +2.5478e-01 +3.5620e+00 -3.6030e+00
3534 +1.229455702e+00 +1.229455702e+00 +1.169094557e+02 +1.169094557e+02 -2.2051e+00 -9.7261e-01 +2.4689e-01 +3.5597e+00 -3.6091e+00
3804 +1.180380894e+00 +1.180380894e+00 +1.168603809e+02 +1.168603809e+02 -2.1780e+00 -9.7734e-01 +2.5083e-01 +3.5579e+00 -3.5952e+00
3878 +1.111257966e+00 +1.111257966e+00 +1.167912580e+02 +1.167912580e+02 -2.1999e+00 -9.8436e-01 +2.4007e-01 +3.5589e+00 -3.6029e+00
4182 +1.072175582e+00 +1.072175582e+00 +1.167521756e+02 +1.167521756e+02 -2.1821e+00 -9.9218e-01 +2.4526e-01 +3.5562e+00 -3.6001e+00
4270 +1.068633212e+00 +1.068633212e+00 +1.167486332e+02 +1.167486332e+02 -2.1937e+00 -9.7713e-01 +2.4406e-01 +3.5569e+00 -3.6072e+00
4428 +1.042380028e+00 +1.042380028e+00 +1.167223800e+02 +1.167223800e+02 -2.1681e+00 -9.7537e-01 +2.4659e-01 +3.5571e+00 -3.6041e+00
4577 +1.016133919e+00 +1.016133919e+00 +1.166961339e+02 +1.166961339e+02 -2.1720e+00 -9.8086e-01 +2.4090e-01 +3.5579e+00 -3.6044e+00
5197 +9.990733552e-01 +9.990733552e-01 +1.166790734e+02 +1.166790734e+02 -2.1750e+00 -9.8167e-01 +2.4551e-01 +3.5587e+00 -3.6049e+00
% function evaluation | noise-free fitness - Fopt (-3.710000000000e+00) | best noise-free fitness - Fopt | measured fitness | best measured fitness | x1 | x2...
1 +2.700190966e+02 +2.700190966e+02 +2.663090966e+02 +2.663090966e+02 +0.0000e+00 +0.0000e+00 +0.0000e+00 +0.0000e+00 +0.0000e+00
3 +2.510166958e+02 +2.510166958e+02 +2.473066958e+02 +2.473066958e+02 +2.0031e+00 -6.2463e-01 -3.3343e-01 -1.1368e+00 +5.6327e-01
9 +1.999671983e+02 +1.999671983e+02 +1.962571983e+02 +1.962571983e+02 -2.8109e+00 -7.5637e-01 +2.0956e+00 -6.3810e-01 +2.8457e+00
12 +1.785305685e+02 +1.785305685e+02 +1.748205685e+02 +1.748205685e+02 -2.9568e+00 -1.6763e+00 +6.1926e-01 +2.5840e-01 +4.4827e+00
18 +1.710792094e+02 +1.710792094e+02 +1.673692094e+02 +1.673692094e+02 -2.7625e+00 -2.6028e+00 +2.4356e+00 +4.0217e-01 +2.5782e+00
21 +1.685435108e+02 +1.685435108e+02 +1.648335108e+02 +1.648335108e+02 -2.0196e+00 -1.8443e+00 +3.2784e+00 +4.0599e-01 +2.6735e+00
28 +9.737192855e+01 +9.737192855e+01 +9.366192855e+01 +9.366192855e+01 -1.8577e+00 -2.2043e+00 +3.7324e+00 +1.3388e+00 +2.4433e+00
49 +4.646716180e+01 +4.646716180e+01 +4.275716180e+01 +4.275716180e+01 -2.0975e+00 -1.5109e+00 +2.8259e+00 +4.9975e+00 +3.1388e+00
68 +3.757509629e+01 +3.757509629e+01 +3.386509629e+01 +3.386509629e+01 +1.1603e+00 -5.8552e-01 +1.2719e+00 +3.9355e+00 +3.6478e+00
277 +3.651270751e+01 +3.651270751e+01 +3.280270751e+01 +3.280270751e+01 +4.5349e+00 -1.3564e+00 +1.8541e+00 +3.8235e+00 +3.1517e+00
285 +3.456915134e+01 +3.456915134e+01 +3.085915134e+01 +3.085915134e+01 +4.2711e+00 -1.4341e+00 +6.1127e-01 +4.3400e+00 +3.2070e+00
291 +2.997503028e+01 +2.997503028e+01 +2.626503028e+01 +2.626503028e+01 +4.1420e+00 -1.8412e+00 +1.8124e+00 +3.5445e+00 +2.4327e+00
332 +2.633768904e+01 +2.633768904e+01 +2.262768904e+01 +2.262768904e+01 +4.1035e+00 -5.4814e-01 +1.8148e+00 +3.0297e+00 +2.7889e+00
577 +1.299676387e+01 +1.299676387e+01 +9.286763871e+00 +9.286763871e+00 +4.0642e+00 -3.1639e+00 +2.2938e+00 +3.4416e+00 +3.1548e+00
3500 +1.248317723e+01 +1.248317723e+01 +8.773177229e+00 +8.773177229e+00 +5.1044e+00 -8.4609e-01 +1.2237e+00 +3.5202e+00 +3.5359e+00
3603 +1.202451866e+01 +1.202451866e+01 +8.314518663e+00 +8.314518663e+00 +5.1547e+00 -7.5134e-01 +1.2009e+00 +3.4997e+00 +3.5399e+00
3645 +1.170403279e+01 +1.170403279e+01 +7.994032791e+00 +7.994032791e+00 +5.1024e+00 -7.2712e-01 +1.2218e+00 +3.4996e+00 +3.5327e+00
3738 +1.123450722e+01 +1.123450722e+01 +7.524507219e+00 +7.524507219e+00 +5.1076e+00 -7.2507e-01 +1.1676e+00 +3.5055e+00 +3.5050e+00
3979 +1.117205751e+01 +1.117205751e+01 +7.462057506e+00 +7.462057506e+00 +5.1343e+00 -7.5859e-01 +1.1986e+00 +3.5101e+00 +3.5070e+00
4827 +1.096225434e+01 +1.096225434e+01 +7.252254336e+00 +7.252254336e+00 +5.1249e+00 -7.4736e-01 +1.1913e+00 +3.5043e+00 +3.5151e+00
% function evaluation | noise-free fitness - Fopt (1.321800000000e+02) | best noise-free fitness - Fopt | measured fitness | best measured fitness | x1 | x2...
1 +2.589751285e+02 +2.589751285e+02 +3.911551285e+02 +3.911551285e+02 +0.0000e+00 +0.0000e+00 +0.0000e+00 +0.0000e+00 +0.0000e+00
6 +2.537128700e+02 +2.537128700e+02 +3.858928700e+02 +3.858928700e+02 -4.5404e-02 +2.3779e-01 +8.9521e-02 -4.5393e-01 +1.1061e-02
7 +1.552662443e+02 +1.552662443e+02 +2.874462443e+02 +2.874462443e+02 -1.8053e+00 +3.5355e+00 -2.5982e+00 -3.2112e+00 -2.2339e+00
10 +1.356224197e+02 +1.356224197e+02 +2.678024197e+02 +2.678024197e+02 -1.7506e+00 +6.1815e-01 -2.5695e-01 -1.6261e+00 -5.4648e-01
16 +1.240624677e+02 +1.240624677e+02 +2.562424677e+02 +2.562424677e+02 -3.0315e+00 +1.7428e+00 -2.5249e-01 -1.0510e+00 -1.1640e+00
20 +1.069977022e+02 +1.069977022e+02 +2.391777022e+02 +2.391777022e+02 -2.8436e+00 +5.2669e-01 -4.6733e-02 -2.1730e+00 -9.9424e-01
22 +1.019726800e+02 +1.019726800e+02 +2.341526800e+02 +2.341526800e+02 -3.8473e+00 +5.4305e-01 -2.6485e-01 -1.0855e+00 -1.4087e+00
28 +9.348397337e+01 +9.348397337e+01 +2.256639734e+02 +2.256639734e+02 -3.6100e+00 -1.1503e-01 +8.5155e-01 -1.5464e+00 -9.3043e-01
32 +9.322890260e+01 +9.322890260e+01 +2.254089026e+02 +2.254089026e+02 -4.9318e+00 +3.8030e-02 +1.2993e+00 -1.0233e+00 -6.6740e-01
38 +7.974497159e+01 +7.974497159e+01 +2.119249716e+02 +2.119249716e+02 -3.5952e+00 -8.1128e-01 +7.4424e-01 -2.1361e+00 -2.7308e+00
40 +6.506771602e+01 +6.506771602e+01 +1.972477160e+02 +1.972477160e+02 -2.7862e+00 +5.0816e-01 -3.0463e-02 -1.9839e+00 -1.8016e+00
45 +4.233668507e+01 +4.233668507e+01 +1.745166851e+02 +1.745166851e+02 -4.6962e+00 +1.1184e+00 +3.0004e+00 -1.4448e+00 -2.7554e+00
122 +3.264465929e+01 +3.264465929e+01 +1.648246593e+02 +1.648246593e+02 -1.7731e+00 +6.9620e-01 +5.2399e+00 -1.1188e+00 -2.4540e+00
170 +3.138300843e+01 +3.138300843e+01 +1.635630084e+02 +1.635630084e+02 -3.8884e+00 +4.8541e-02 +3.4895e+00 -2.4678e+00 -2.0205e+00
258 +2.345672308e+01 +2.345672308e+01 +1.556367231e+02 +1.556367231e+02 -4.7887e+00 +1.0716e-01 +5.1545e+00 -2.0090e+00 -2.2024e+00
675 +2.007081212e+01 +2.007081212e+01 +1.522508121e+02 +1.522508121e+02 -3.8184e+00 +1.4303e+00 +4.0089e+00 -1.6721e+00 -2.4667e+00
847 +1.160002465e+01 +1.160002465e+01 +1.437800247e+02 +1.437800247e+02 -4.7811e+00 +2.0873e+00 +3.9794e+00 -2.4197e+00 -2.4703e+00
1318 +1.076725985e+01 +1.076725985e+01 +1.429472598e+02 +1.429472598e+02 -5.7277e+00 +1.4313e+00 +2.9148e+00 -1.9623e+00 -2.0681e+00
3381 +1.014844580e+01 +1.014844580e+01 +1.423284458e+02 +1.423284458e+02 -4.8283e+00 +1.4087e+00 +3.4307e+00 -1.9291e+00 -1.8579e+00
3626 +9.699140438e+00 +9.699140438e+00 +1.418791404e+02 +1.418791404e+02 -2.7774e+00 +1.5681e+00 +3.4257e+00 -1.9855e+00 -1.8321e+00
4139 +8.151077889e+00 +8.151077889e+00 +1.403310779e+02 +1.403310779e+02 -3.8289e+00 +1.4893e+00 +3.3836e+00 -1.9680e+00 -1.8476e+00
4142 +7.191854948e+00 +7.191854948e+00 +1.393718549e+02 +1.393718549e+02 -3.7929e+00 +1.5131e+00 +3.4490e+00 -2.0105e+00 -1.8555e+00
4578 +4.480742281e+00 +4.480742281e+00 +1.366607423e+02 +1.366607423e+02 -3.7428e+00 +1.4579e+00 +3.4614e+00 -1.9782e+00 -1.8655e+00
4792 +4.449496503e+00 +4.449496503e+00 +1.366294965e+02 +1.366294965e+02 -3.7525e+00 +1.5079e+00 +3.4587e+00 -1.9784e+00 -1.8721e+00
4796 +4.315324115e+00 +4.315324115e+00 +1.364953241e+02 +1.364953241e+02 -3.7558e+00 +1.4973e+00 +3.4665e+00 -1.9496e+00 -1.8698e+00
4802 +4.047253577e+00 +4.047253577e+00 +1.362272536e+02 +1.362272536e+02 -3.7724e+00 +1.4859e+00 +3.4567e+00 -1.9644e+00 -1.8649e+00
6707 +3.980597487e+00 +3.980597487e+00 +1.361605975e+02 +1.361605975e+02 -3.7636e+00 +1.4838e+00 +3.4621e+00 -1.9657e+00 -1.8702e+00
% function evaluation | noise-free fitness - Fopt (6.438000000000e+01) | best noise-free fitness - Fopt | measured fitness | best measured fitness | x1 | x2...
1 +5.843451833e+02 +5.843451833e+02 +6.487251833e+02 +6.487251833e+02 +0.0000e+00 +0.0000e+00 +0.0000e+00 +0.0000e+00 +0.0000e+00
4 +4.798160756e+02 +4.798160756e+02 +5.441960756e+02 +5.441960756e+02 -2.1061e+00 -1.2317e+00 -4.5594e-02 -4.9972e-01 -1.8809e-01
7 +3.484824297e+02 +3.484824297e+02 +4.128624297e+02 +4.128624297e+02 -1.4476e+00 -1.8135e+00 +9.9893e-02 -2.3426e+00 -7.8017e-01
12 +3.048774990e+02 +3.048774990e+02 +3.692574990e+02 +3.692574990e+02 -9.4224e-01 -8.2451e-01 +2.0679e+00 -2.6338e+00 -1.5158e+00
15 +2.880569029e+02 +2.880569029e+02 +3.524369029e+02 +3.524369029e+02 -4.8550e-03 -2.2340e+00 -9.8427e-02 -2.4252e+00 -8.2439e-01
16 +2.705259563e+02 +2.705259563e+02 +3.349059563e+02 +3.349059563e+02 -1.0588e+00 -2.9574e+00 +2.0989e+00 -1.7282e+00 -2.4026e+00
17 +1.839106045e+02 +1.839106045e+02 +2.482906045e+02 +2.482906045e+02 -1.0850e+00 -2.7844e+00 +6.4771e-01 -3.1278e+00 -2.0837e+00
25 +1.386714881e+02 +1.386714881e+02 +2.030514881e+02 +2.030514881e+02 -1.0563e+00 -3.0378e+00 +1.0872e-01 -3.6906e+00 -4.6610e+00
54 +7.951448815e+01 +7.951448815e+01 +1.438944881e+02 +1.438944881e+02 -1.8820e+00 +1.8130e-01 -7.2433e-02 -2.7354e+00 -3.6476e+00
67 +7.508018350e+01 +7.508018350e+01 +1.394601835e+02 +1.394601835e+02 -1.6981e-01 +2.2490e+00 +8.8736e-02 -3.6241e+00 -4.0121e+00
81 +7.325572395e+01 +7.325572395e+01 +1.376357239e+02 +1.376357239e+02 +8.2164e-01 +1.0461e+00 -1.2192e+00 -3.3321e+00 -2.5184e+00
97 +6.928114369e+01 +6.928114369e+01 +1.336611437e+02 +1.336611437e+02 +2.2292e-01 +1.1741e+00 -1.2856e+00 -2.8634e+00 -4.4369e+00
98 +5.541469468e+01 +5.541469468e+01 +1.197946947e+02 +1.197946947e+02 +1.1365e+00 +3.8013e+00 -1.4383e+00 -3.6167e+00 -4.2212e+00
103 +3.505789387e+01 +3.505789387e+01 +9.943789387e+01 +9.943789387e+01 +2.7222e+00 +3.3435e+00 -1.2336e+00 -2.6926e+00 -3.0715e+00
128 +1.742664006e+01 +1.742664006e+01 +8.180664006e+01 +8.180664006e+01 +9.7558e-01 +2.3964e+00 -2.9581e+00 -3.2063e+00 -3.6162e+00
1043 +1.683652639e+01 +1.683652639e+01 +8.121652639e+01 +8.121652639e+01 +3.0858e+00 +3.2997e+00 -1.8730e+00 -3.5812e+00 -3.6868e+00
2310 +1.489118306e+01 +1.489118306e+01 +7.927118306e+01 +7.927118306e+01 +3.1555e+00 +2.3892e+00 -2.9062e+00 -3.1956e+00 -2.9859e+00
2934 +1.387737073e+01 +1.387737073e+01 +7.825737073e+01 +7.825737073e+01 +3.0906e+00 +3.3338e+00 -2.3886e+00 -4.0863e+00 -2.9357e+00
3713 +1.327776036e+01 +1.327776036e+01 +7.765776036e+01 +7.765776036e+01 +1.0964e+00 +3.2286e+00 -2.3978e+00 -4.1224e+00 -3.3402e+00
3821 +1.246106112e+01 +1.246106112e+01 +7.684106112e+01 +7.684106112e+01 +2.1004e+00 +4.8922e+00 -2.2955e+00 -4.0159e+00 -3.2732e+00
3891 +1.089408972e+01 +1.089408972e+01 +7.527408972e+01 +7.527408972e+01 +2.0015e+00 +3.1610e+00 -2.2385e+00 -4.0495e+00 -3.2874e+00
4018 +8.508551765e+00 +8.508551765e+00 +7.288855176e+01 +7.288855176e+01 +3.0507e+00 +4.7102e+00 -2.2717e+00 -4.0429e+00 -3.3481e+00
4445 +4.269769249e+00 +4.269769249e+00 +6.864976925e+01 +6.864976925e+01 +3.0663e+00 +3.2757e+00 -2.3238e+00 -4.0331e+00 -3.2724e+00
5636 +4.151335658e+00 +4.151335658e+00 +6.853133566e+01 +6.853133566e+01 +3.0409e+00 +2.4694e+00 -2.8994e+00 -4.0479e+00 -3.3274e+00
6083 +4.036271979e+00 +4.036271979e+00 +6.841627198e+01 +6.841627198e+01 +3.0415e+00 +2.4626e+00 -2.9253e+00 -4.0548e+00 -3.3156e+00
7391 +3.980780041e+00 +3.980780041e+00 +6.836078004e+01 +6.836078004e+01 +3.0411e+00 +2.4580e+00 -2.9154e+00 -4.0526e+00 -3.3219e+00
% function evaluation | noise-free fitness - Fopt (2.824800000000e+02) | best noise-free fitness - Fopt | measured fitness | best measured fitness | x1 | x2...
1 +3.110681503e+02 +3.110681503e+02 +5.935481503e+02 +5.935481503e+02 +0.0000e+00 +0.0000e+00 +0.0000e+00 +0.0000e+00 +0.0000e+00
2 +1.189986836e+02 +1.189986836e+02 +4.014786836e+02 +4.014786836e+02 +1.2849e+00 +7.9560e-01 +1.2960e-01 +1.1443e+00 -4.5036e+00
6 +1.098325711e+02 +1.098325711e+02 +3.923125711e+02 +3.923125711e+02 +7.4365e-01 +7.4730e-01 -3.0680e-02 +1.4466e+00 -2.5024e+00
15 +1.014169001e+02 +1.014169001e+02 +3.838969001e+02 +3.838969001e+02 +1.7737e+00 +6.9089e-01 +1.5876e-01 +2.6501e+00 -4.0403e+00
19 +8.815352261e+01 +8.815352261e+01 +3.706335226e+02 +3.706335226e+02 +5.3900e-01 +3.5755e-01 +7.0229e-01 +6.2163e-01 -4.2641e+00
20 +8.259717265e+01 +8.259717265e+01 +3.650771726e+02 +3.650771726e+02 +2.0792e+00 +1.0344e+00 +1.1863e+00 +1.6133e+00 -3.8475e+00
26 +7.983630924e+01 +7.983630924e+01 +3.623163092e+02 +3.623163092e+02 +2.5196e+00 +5.7618e-01 +2.9496e+00 -1.1765e-02 -3.4988e+00
33 +6.322520109e+01 +6.322520109e+01 +3.457052011e+02 +3.457052011e+02 +1.1911e+00 +2.0184e-02 +2.2186e+00 +1.5456e+00 -3.8517e+00
65 +5.017350853e+01 +5.017350853e+01 +3.326535085e+02 +3.326535085e+02 -2.6741e-01 -6.9462e-01 +2.8181e+00 +2.1851e+00 -3.5403e+00
95 +4.587980570e+01 +4.587980570e+01 +3.283598057e+02 +3.283598057e+02 -4.3439e-01 -2.7517e+00 +2.8869e+00 +7.1830e-01 -3.6488e+00
97 +3.117467013e+01 +3.117467013e+01 +3.136546701e+02 +3.136546701e+02 +6.2348e-01 -2.6800e+00 +2.6144e+00 +1.5335e+00 -2.4728e+00
157 +3.068263407e+01 +3.068263407e+01 +3.131626341e+02 +3.131626341e+02 -4.3618e-01 -2.5431e+00 +1.2587e+00 +9.3866e-01 -2.9356e+00
340 +2.629760998e+01 +2.629760998e+01 +3.087776100e+02 +3.087776100e+02 +1.6690e+00 -4.1391e+00 +2.3708e+00 +6.0315e-01 -2.7881e+00
375 +2.012953200e+01 +2.012953200e+01 +3.026095320e+02 +3.026095320e+02 +4.8254e-01 -5.6488e+00 +2.3836e+00 +1.9720e+00 -3.2019e+00
1405 +1.917900452e+01 +1.917900452e+01 +3.016590045e+02 +3.016590045e+02 +1.4780e+00 -1.2606e+00 +1.7751e+00 +1.9725e+00 -2.5447e+00
1463 +1.828063007e+01 +1.828063007e+01 +3.007606301e+02 +3.007606301e+02 +5.8125e-01 -1.7016e+00 +2.4085e+00 +1.4930e+00 -3.2431e+00
1941 +1.241972762e+01 +1.241972762e+01 +2.948997276e+02 +2.948997276e+02 +3.9952e-01 -4.1242e+00 +1.1571e+00 +1.4986e+00 -3.2081e+00
2567 +1.156786046e+01 +1.156786046e+01 +2.940478605e+02 +2.940478605e+02 +1.5078e+00 -4.7417e+00 +1.2604e+00 +1.5216e+00 -2.6156e+00
2650 +6.990653199e+00 +6.990653199e+00 +2.894706532e+02 +2.894706532e+02 +1.4991e+00 -4.1483e+00 +1.1836e+00 +1.5731e+00 -2.6020e+00
4258 +6.854513368e+00 +6.854513368e+00 +2.893345134e+02 +2.893345134e+02 +2.5260e+00 -4.7036e+00 +1.1435e+00 +1.5535e+00 -3.2331e+00
4335 +6.543680098e+00 +6.543680098e+00 +2.890236801e+02 +2.890236801e+02 +2.5041e+00 -4.7069e+00 +1.1826e+00 +1.5626e+00 -3.2342e+00
4356 +6.229059989e+00 +6.229059989e+00 +2.887090600e+02 +2.887090600e+02 +2.5167e+00 -4.7388e+00 +1.1955e+00 +1.5508e+00 -3.2221e+00
5136 +6.159101526e+00 +6.159101526e+00 +2.886391015e+02 +2.886391015e+02 +2.5062e+00 -4.7166e+00 +1.1759e+00 +1.5364e+00 -3.2242e+00
5466 +6.006919179e+00 +6.006919179e+00 +2.884869192e+02 +2.884869192e+02 +2.5119e+00 -4.7240e+00 +1.1688e+00 +1.5450e+00 -3.2293e+00
% function evaluation | noise-free fitness - Fopt (4.826100000000e+02) | best noise-free fitness - Fopt | measured fitness | best measured fitness | x1 | x2...
1 +2.003869618e+02 +2.003869618e+02 +6.829969618e+02 +6.829969618e+02 +0.0000e+00 +0.0000e+00 +0.0000e+00 +0.0000e+00 +0.0000e+00
4 +1.805158845e+02 +1.805158845e+02 +6.631258845e+02 +6.631258845e+02 -1.5451e-01 -2.9232e+00 +2.6923e-01 +2.2220e-01 -1.5803e+00
15 +1.673201865e+02 +1.673201865e+02 +6.499301865e+02 +6.499301865e+02 +6.7586e-01 +9.6517e-01 +1.1251e+00 -2.0967e-01 -1.1773e+00
20 +1.407627742e+02 +1.407627742e+02 +6.233727742e+02 +6.233727742e+02 +9.0340e-01 +1.0976e+00 -8.1473e-01 -1.0466e-01 -3.0198e+00
26 +1.308694107e+02 +1.308694107e+02 +6.134794107e+02 +6.134794107e+02 +1.6554e+00 +1.4950e+00 -1.5048e+00 -7.9676e-01 -3.5258e+00
29 +1.034891769e+02 +1.034891769e+02 +5.860991769e+02 +5.860991769e+02 +1.7430e+00 +3.6461e-02 -1.4047e+00 -8.2589e-01 -2.7159e+00
41 +9.483136536e+01 +9.483136536e+01 +5.774413654e+02 +5.774413654e+02 +3.7490e+00 -7.2061e-01 -8.9687e-01 -1.1855e+00 -1.8821e-01
46 +8.165641175e+01 +8.165641175e+01 +5.642664117e+02 +5.642664117e+02 +4.2614e+00 +9.9998e-01 +5.2807e-01 -2.9967e+00 -1.5385e+00
57 +6.706246138e+01 +6.706246138e+01 +5.496724614e+02 +5.496724614e+02 +3.4330e+00 +9.3136e-01 -1.3617e+00 -2.8161e+00 -5.5869e-01
63 +6.008349156e+01 +6.008349156e+01 +5.426934916e+02 +5.426934916e+02 +3.6358e+00 +1.5485e+00 -1.4090e+00 -5.2362e+00 -1.5767e+00
85 +5.042820601e+01 +5.042820601e+01 +5.330382060e+02 +5.330382060e+02 +3.5225e+00 +2.0140e+00 -2.2008e+00 -2.5588e+00 -1.3484e+00
100 +4.515244736e+01 +4.515244736e+01 +5.277624474e+02 +5.277624474e+02 +3.5189e+00 +2.9754e+00 -1.3402e+00 -2.5498e+00 -9.7450e-01
112 +3.657239217e+01 +3.657239217e+01 +5.191823922e+02 +5.191823922e+02 +2.9130e+00 +3.1456e+00 -1.5093e+00 -2.9336e+00 -1.9396e+00
187 +3.169335475e+01 +3.169335475e+01 +5.143033548e+02 +5.143033548e+02 -3.1706e-01 +1.3578e+00 -1.9329e+00 -3.4734e+00 -2.0167e+00
203 +2.969378842e+01 +2.969378842e+01 +5.123037884e+02 +5.123037884e+02 -1.2569e+00 +1.8028e+00 -9.1079e-01 -3.4576e+00 -1.7101e+00
488 +2.734693858e+01 +2.734693858e+01 +5.099569386e+02 +5.099569386e+02 +8.0050e-01 +2.7796e+00 -1.3471e+00 -2.6418e+00 -1.9305e+00
900 +2.350617538e+01 +2.350617538e+01 +5.061161754e+02 +5.061161754e+02 +7.7560e-01 +3.7245e+00 -8.2355e-01 -3.1281e+00 -9.5373e-01
1024 +2.302533424e+01 +2.302533424e+01 +5.056353342e+02 +5.056353342e+02 -1.3745e+00 +3.1430e+00 -1.3639e+00 -3.4117e+00 -9.8964e-01
1355 +2.181368343e+01 +2.181368343e+01 +5.044236834e+02 +5.044236834e+02 -1.0837e+00 +3.1820e+00 -1.2839e+00 -2.5913e+00 -6.3862e-01
1479 +1.673380238e+01 +1.673380238e+01 +4.993438024e+02 +4.993438024e+02 -1.3146e+00 +3.4134e+00 -2.1690e+00 -3.0505e+00 -1.2942e+00
1678 +1.434708041e+01 +1.434708041e+01 +4.969570804e+02 +4.969570804e+02 -9.9947e-01 +2.5417e+00 -1.9397e+00 -3.9528e+00 -1.2977e+00
2702 +1.264495899e+01 +1.264495899e+01 +4.952549590e+02 +4.952549590e+02 -3.0230e-01 +2.5714e+00 -2.0200e+00 -2.6536e+00 -1.2656e+00
2919 +1.238125690e+01 +1.238125690e+01 +4.949912569e+02 +4.949912569e+02 +2.7735e+00 +1.7103e+00 -2.0063e+00 -3.5397e+00 -1.2843e+00
3129 +6.445537209e+00 +6.445537209e+00 +4.890555372e+02 +4.890555372e+02 +1.8064e+00 +1.7818e+00 -2.0775e+00 -3.4731e+00 -1.2834e+00
% function evaluation | noise-free fitness - Fopt (7.177000000000e+01) | best noise-free fitness - Fopt | measured fitness | best measured fitness | x1 | x2...
1 +8.941325881e+01 +8.941325881e+01 +1.611832588e+02 +1.611832588e+02 +0.0000e+00 +0.0000e+00 +0.0000e+00 +0.0000e+00 +0.0000e+00
13 +7.233184691e+01 +7.233184691e+01 +1.441018469e+02 +1.441018469e+02 +1.6044e+00 +5.0966e-01 +8.4827e-01 +1.3537e+00 +4.0822e-01
20 +6.967783689e+01 +6.967783689e+01 +1.414478369e+02 +1.414478369e+02 +1.6747e+00 -1.0934e+00 +1.5254e+00 +4.6749e-01 +1.0552e+00
31 +6.652573550e+01 +6.652573550e+01 +1.382957355e+02 +1.382957355e+02 +6.0950e-01 +4.5601e-01 +4.1260e-01 +1.5716e+00 +1.2145e+00
37 +4.136200021e+01 +4.136200021e+01 +1.131320002e+02 +1.131320002e+02 +1.6644e+00 +1.7952e+00 +3.6936e-01 +4.5677e-01 +1.8616e+00
98 +3.641925713e+01 +3.641925713e+01 +1.081892571e+02 +1.081892571e+02 -3.4581e-01 +2.4137e+00 +7.6422e-01 +7.7536e-01 +2.5371e+00
149 +3.359732439e+01 +3.359732439e+01 +1.053673244e+02 +1.053673244e+02 -2.2845e+00 +3.3345e+00 +1.4447e+00 -4.1355e-01 +1.6814e+00
173 +2.605568696e+01 +2.605568696e+01 +9.782568696e+01 +9.782568696e+01 -5.1913e+00 +9.6615e-01 +4.7926e-01 +8.0471e-01 +7.2288e-01
445 +1.665389414e+01 +1.665389414e+01 +8.842389414e+01 +8.842389414e+01 -3.3296e+00 +2.6204e+00 +1.5154e+00 +2.8641e-01 +1.7508e+00
489 +1.379427044e+01 +1.379427044e+01 +8.556427044e+01 +8.556427044e+01 -2.2298e+00 +3.5178e+00 +1.4490e+00 +4.0319e-01 +1.4593e+00
2650 +1.238774300e+01 +1.238774300e+01 +8.415774300e+01 +8.415774300e+01 -4.2065e+00 +1.8250e+00 +7.4937e-01 +4.3669e-01 +2.0350e+00
2662 +1.160294167e+01 +1.160294167e+01 +8.337294167e+01 +8.337294167e+01 -4.1105e+00 +1.7023e+00 +8.1215e-01 +3.8410e-01 +1.7865e+00
2686 +8.712255832e+00 +8.712255832e+00 +8.048225583e+01 +8.048225583e+01 -4.2557e+00 +1.8987e+00 +8.5442e-01 +4.2603e-01 +1.7793e+00
3449 +7.590173013e+00 +7.590173013e+00 +7.936017301e+01 +7.936017301e+01 -4.2147e+00 +2.6308e+00 +3.8200e-01 +4.0480e-01 +1.4190e+00
4123 +7.517268414e+00 +7.517268414e+00 +7.928726841e+01 +7.928726841e+01 -4.1905e+00 +1.8973e+00 +1.4845e+00 +3.7662e-01 +1.4219e+00
4132 +4.133042640e+00 +4.133042640e+00 +7.590304264e+01 +7.590304264e+01 -4.2446e+00 +1.7997e+00 +1.4092e+00 +3.7371e-01 +1.4316e+00
4181 +4.064488782e+00 +4.064488782e+00 +7.583448878e+01 +7.583448878e+01 -4.2036e+00 +1.8003e+00 +1.5032e+00 +3.9818e-01 +1.4310e+00
4330 +3.829580713e+00 +3.829580713e+00 +7.559958071e+01 +7.559958071e+01 -4.1992e+00 +2.6674e+00 +1.4544e+00 +4.0091e-01 +1.4261e+00
% function evaluation | noise-free fitness - Fopt (8.448800000000e+02) | best noise-free fitness - Fopt | measured fitness | best measured fitness | x1 | x2...
1 +2.374921797e+02 +2.374921797e+02 +1.082372180e+03 +1.082372180e+03 +0.0000e+00 +0.0000e+00 +0.0000e+00 +0.0000e+00 +0.0000e+00
3 +2.207916988e+02 +2.207916988e+02 +1.065671699e+03 +1.065671699e+03 +1.8757e+00 +3.1036e+00 -3.2731e+00 -1.0983e+00 -1.9233e-01
4 +1.766518515e+02 +1.766518515e+02 +1.021531851e+03 +1.021531851e+03 -6.2916e-01 +3.9808e-01 -1.9654e+00 -1.3890e+00 +2.6059e-01
13 +1.341481162e+02 +1.341481162e+02 +9.790281162e+02 +9.790281162e+02 -1.3647e+00 +1.3492e+00 -2.4497e+00 -5.2209e-01 +7.3182e-01
17 +1.316124641e+02 +1.316124641e+02 +9.764924641e+02 +9.764924641e+02 +1.0282e+00 -1.4644e-01 +3.1581e-01 +1.2232e+00 +2.1130e+00
24 +9.014030198e+01 +9.014030198e+01 +9.350203020e+02 +9.350203020e+02 +1.5349e+00 +5.1098e-01 -2.9509e-01 +1.3382e+00 +3.6568e+00
27 +5.690882641e+01 +5.690882641e+01 +9.017888264e+02 +9.017888264e+02 +3.3780e+00 -1.7214e+00 -2.8083e+00 +1.9810e+00 +3.6315e+00
113 +5.520959949e+01 +5.520959949e+01 +9.000895995e+02 +9.000895995e+02 +5.0588e-01 -3.4927e-01 -3.7224e+00 -5.2147e-01 +2.6878e+00
123 +4.005227902e+01 +4.005227902e+01 +8.849322790e+02 +8.849322790e+02 +8.7295e-01 -7.8329e-02 -3.6249e+00 +3.6548e-01 +2.7324e+00
168 +3.571705049e+01 +3.571705049e+01 +8.805970505e+02 +8.805970505e+02 +1.4179e+00 -1.8157e+00 -3.1108e+00 -4.6221e-02 +3.0493e+00
400 +9.616699659e+00 +9.616699659e+00 +8.544966997e+02 +8.544966997e+02 +3.1452e+00 +1.3029e+00 -3.5339e+00 +1.9998e-01 +3.7524e+00
2546 +8.341224093e+00 +8.341224093e+00 +8.532212241e+02 +8.532212241e+02 +3.1534e+00 -8.4758e-01 -3.5969e+00 +3.4180e-01 +3.7257e+00
% function evaluation | noise-free fitness - Fopt (-4.222000000000e+01) | best noise-free fitness - Fopt | measured fitness | best measured fitness | x1 | x2...
1 +1.867570553e+02 +1.867570553e+02 +1.445370553e+02 +1.445370553e+02 +0.0000e+00 +0.0000e+00 +0.0000e+00 +0.0000e+00 +0.0000e+00
2 +1.148951445e+02 +1.148951445e+02 +7.267514445e+01 +7.267514445e+01 +1.2777e+00 -8.4440e-01 -8.7964e-01 -1.1332e+00 -3.3604e+00
6 +1.147482559e+02 +1.147482559e+02 +7.252825592e+01 +7.252825592e+01 +2.3308e+00 +1.1109e+00 +5.0435e-01 +5.7761e-01 -1.2747e+00
7 +1.072861496e+02 +1.072861496e+02 +6.506614963e+01 +6.506614963e+01 +1.2826e+00 -1.9835e+00 -1.4539e+00 +5.4625e-01 -3.6439e+00
17 +8.907637665e+01 +8.907637665e+01 +4.685637665e+01 +4.685637665e+01 +1.0053e+00 -2.6978e+00 -5.6848e-01 +5.5213e-01 -2.7233e+00
23 +6.765741255e+01 +6.765741255e+01 +2.543741255e+01 +2.543741255e+01 +1.4864e+00 -2.6255e+00 -8.7626e-02 +9.9635e-01 -3.6122e+00
27 +3.756659483e+01 +3.756659483e+01 -4.653405173e+00 -4.653405173e+00 +1.4624e+00 -3.2838e+00 -1.9337e-01 -8.1003e-01 -1.8614e+00
65 +2.722838127e+01 +2.722838127e+01 -1.499161873e+01 -1.499161873e+01 -1.6489e-01 -1.9048e+00 +1.3182e+00 -2.8047e-01 -2.5069e+00
205 +2.111728157e+01 +2.111728157e+01 -2.110271843e+01 -2.110271843e+01 -4.8024e-01 -4.6961e+00 +1.9874e+00 +2.2258e-01 -1.4269e+00
726 +1.818604642e+01 +1.818604642e+01 -2.403395358e+01 -2.403395358e+01 -4.5232e-01 -4.8275e+00 +1.3758e+00 -3.0996e-01 -2.4382e+00
912 +1.671486184e+01 +1.671486184e+01 -2.550513816e+01 -2.550513816e+01 -4.0786e-01 -3.0661e+00 +3.0658e+00 -3.0778e-01 -2.1200e+00
1187 +1.275370803e+01 +1.275370803e+01 -2.946629197e+01 -2.946629197e+01 -3.1019e-01 -4.7951e+00 +2.0420e+00 -7.3005e-01 -2.4729e+00
1464 +1.123897296e+01 +1.123897296e+01 -3.098102704e+01 -3.098102704e+01 +5.6854e-01 -3.8897e+00 +2.0814e+00 -7.7372e-01 -2.4680e+00
2139 +7.047141555e+00 +7.047141555e+00 -3.517285844e+01 -3.517285844e+01 +5.5080e-01 -4.7588e+00 +2.0418e+00 +1.4555e-01 -2.2175e+00
2930 +6.501150906e+00 +6.501150906e+00 -3.571884909e+01 -3.571884909e+01 +6.1281e-01 -3.8738e+00 +1.3673e+00 -2.7957e-01 -2.1496e+00
3589 +5.944063235e+00 +5.944063235e+00 -3.627593677e+01 -3.627593677e+01 +6.0389e-01 -3.9168e+00 +2.0627e+00 -2.8682e-01 -2.4996e+00
4475 +5.831685226e+00 +5.831685226e+00 -3.638831477e+01 -3.638831477e+01 +6.0774e-01 -3.9040e+00 +2.6003e+00 -2.7917e-01 -2.1839e+00
4528 +4.618720790e+00 +4.618720790e+00 -3.760127921e+01 -3.760127921e+01 +5.8195e-01 -3.9159e+00 +2.5750e+00 -2.7855e-01 -2.4867e+00
5059 +4.221008833e+00 +4.221008833e+00 -3.799899117e+01 -3.799899117e+01 +5.8346e-01 -3.9418e+00 +2.5585e+00 -2.7416e-01 -2.4927e+00
5758 +3.995335681e+00 +3.995335681e+00 -3.822466432e+01 -3.822466432e+01 +5.7933e-01 -3.9390e+00 +2.5626e+00 -2.7293e-01 -2.4842e+00
7043 +3.980588251e+00 +3.980588251e+00 -3.823941175e+01 -3.823941175e+01 +5.8148e-01 -3.9415e+00 +2.5614e+00 -2.7081e-01 -2.4833e+00
% function evaluation | noise-free fitness - Fopt (-9.179000000000e+01) | best noise-free fitness - Fopt | measured fitness | best measured fitness | x1 | x2...
1 +3.037149441e+02 +3.037149441e+02 +2.119249441e+02 +2.119249441e+02 +0.0000e+00 +0.0000e+00 +0.0000e+00 +0.0000e+00 +0.0000e+00
9 +2.231050905e+02 +2.231050905e+02 +1.313150905e+02 +1.313150905e+02 -5.4488e-01 +1.1713e-01 +2.8767e-01 -1.4660e+00 +1.2307e+00
13 +1.766118467e+02 +1.766118467e+02 +8.482184668e+01 +8.482184668e+01 +1.6400e-02 -3.5594e-01 +9.3407e-02 -1.1103e+00 +1.5053e+00
21 +1.430954747e+02 +1.430954747e+02 +5.130547471e+01 +5.130547471e+01 +7.1665e-01 +6.5849e-01 +2.7571e-01 -1.1135e+00 +2.6739e+00
28 +1.128619253e+02 +1.128619253e+02 +2.107192533e+01 +2.107192533e+01 +3.1229e-01 +1.5890e+00 -1.5064e+00 -1.9951e+00 +1.7321e+00
31 +8.636556367e+01 +8.636556367e+01 -5.424436327e+00 -5.424436327e+00 +9.3701e-01 +3.4264e-01 -1.1340e+00 -1.3899e+00 +4.8146e+00
34 +7.376956807e+01 +7.376956807e+01 -1.802043193e+01 -1.802043193e+01 +1.4640e+00 -3.2272e-02 -1.7641e+00 +5.0719e-02 +4.3163e+00
52 +2.648977597e+01 +2.648977597e+01 -6.530022403e+01 -6.530022403e+01 +1.9419e+00 +1.3151e+00 -1.7254e+00 -2.0562e+00 +3.5625e+00
352 +1.557050466e+01 +1.557050466e+01 -7.621949534e+01 -7.621949534e+01 -5.3724e-03 -1.3780e-01 -3.4948e+00 -1.6060e+00 +4.3237e+00
1100 +1.398499817e+01 +1.398499817e+01 -7.780500183e+01 -7.780500183e+01 -1.1808e+00 +6.0531e-01 -3.4071e+00 -1.9881e+00 +3.6487e+00
1242 +1.313637510e+01 +1.313637510e+01 -7.865362490e+01 -7.865362490e+01 -1.6458e-01 +2.0202e+00 -3.4099e+00 -2.8999e+00 +3.2740e+00
2347 +1.268230867e+01 +1.268230867e+01 -7.910769133e+01 -7.910769133e+01 -3.2349e-02 +2.2612e+00 -3.4542e+00 -2.5192e+00 +3.9577e+00
2396 +1.028404484e+01 +1.028404484e+01 -8.150595516e+01 -8.150595516e+01 +8.4069e-02 +1.4129e+00 -3.9567e+00 -2.4279e+00 +3.9811e+00
2426 +5.391725570e+00 +5.391725570e+00 -8.639827443e+01 -8.639827443e+01 -4.7300e-02 +1.3523e+00 -3.3874e+00 -2.9073e+00 +3.9452e+00
3242 +3.868836351e+00 +3.868836351e+00 -8.792116365e+01 -8.792116365e+01 -2.4625e-02 +2.0454e+00 -3.4701e+00 -2.0152e+00 +3.9332e+00
4096 +2.528635451e+00 +2.528635451e+00 -8.926136455e+01 -8.926136455e+01 -7.4936e-02 +2.1530e+00 -2.8969e+00 -2.0200e+00 +3.9478e+00
4388 +2.486277161e+00 +2.486277161e+00 -8.930372284e+01 -8.930372284e+01 -5.5541e-02 +2.1348e+00 -2.8773e+00 -2.0236e+00 +3.9626e+00
4753 +2.202161597e+00 +2.202161597e+00 -8.958783840e+01 -8.958783840e+01 -6.5677e-02 +2.1524e+00 -2.8907e+00 -2.0304e+00 +3.9438e+00
4802 +2.108947075e+00 +2.108947075e+00 -8.968105292e+01 -8.968105292e+01 -6.2300e-02 +2.1537e+00 -2.8810e+00 -2.0393e+00 +3.9472e+00
5028 +2.081201937e+00 +2.081201937e+00 -8.970879806e+01 -8.970879806e+01 -4.2443e-02 +2.1662e+00 -2.8803e+00 -2.0281e+00 +3.9541e+00
5051 +2.019849418e+00 +2.019849418e+00 -8.977015058e+01 -8.977015058e+01 -5.5075e-02 +2.1638e+00 -2.8819e+00 -2.0337e+00 +3.9514e+00
5857 +1.991629456e+00 +1.991629456e+00 -8.979837054e+01 -8.979837054e+01 -5.2962e-02 +2.1612e+00 -2.8838e+00 -2.0302e+00 +3.9495e+00
% function evaluation | noise-free fitness - Fopt (-1.277000000000e+01) | best noise-free fitness - Fopt | measured fitness | best measured fitness | x1 | x2...
1 +1.375962187e+02 +1.375962187e+02 +1.248262187e+02 +1.248262187e+02 +0.0000e+00 +0.0000e+00 +0.0000e+00 +0.0000e+00 +0.0000e+00
3 +1.274414507e+02 +1.274414507e+02 +1.146714507e+02 +1.146714507e+02 -1.8164e+00 +1.5551e+00 +5.1111e-01 +3.8622e-01 -2.3821e-01
4 +1.104708639e+02 +1.104708639e+02 +9.770086391e+01 +9.770086391e+01 -1.6579e+00 -7.8366e-03 -8.3567e-02 +6.1057e-01 -3.8801e-01
12 +1.025244177e+02 +1.025244177e+02 +8.975441772e+01 +8.975441772e+01 -3.9037e+00 -7.0623e-01 -7.0321e-01 -6.7931e-01 -1.2134e+00
20 +8.628286527e+01 +8.628286527e+01 +7.351286527e+01 +7.351286527e+01 -5.4162e-01 +1.1247e+00 -1.7122e+00 +1.2310e+00 -9.6094e-01
80 +7.998760387e+01 +7.998760387e+01 +6.721760387e+01 +6.721760387e+01 -2.8079e+00 +8.7642e-01 -1.5821e+00 -1.3194e-01 -7.0401e-01
90 +5.722238662e+01 +5.722238662e+01 +4.445238662e+01 +4.445238662e+01 -1.1374e-01 +1.6101e+00 -3.4516e+00 -2.2960e-01 -1.3300e+00
107 +4.844937945e+01 +4.844937945e+01 +3.567937945e+01 +3.567937945e+01 +2.0857e+00 +1.4589e+00 -3.1254e+00 -2.5728e-01 -6.5082e-01
158 +3.486371141e+01 +3.486371141e+01 +2.209371141e+01 +2.209371141e+01 +7.4725e-01 +2.4353e+00 -1.6397e+00 -3.0406e-01 -1.9187e+00
204 +2.604756915e+01 +2.604756915e+01 +1.327756915e+01 +1.327756915e+01 +1.4811e+00 +2.3962e+00 -2.2112e+00 +6.4607e-01 -8.6692e-01
238 +2.302253253e+01 +2.302253253e+01 +1.025253253e+01 +1.025253253e+01 +1.4875e+00 +2.3721e+00 -2.8379e+00 +7.0616e-01 -1.3094e+00
271 +2.205178780e+01 +2.205178780e+01 +9.281787800e+00 +9.281787800e+00 +2.5346e+00 +1.4078e+00 -1.6389e+00 -7.0290e-01 -1.8936e+00
448 +1.986604564e+01 +1.986604564e+01 +7.096045638e+00 +7.096045638e+00 +4.5129e+00 +1.4847e+00 -1.6988e+00 -2.0371e-01 -1.9396e+00
1403 +1.745558703e+01 +1.745558703e+01 +4.685587028e+00 +4.685587028e+00 +5.6803e+00 +1.3842e+00 -2.2423e+00 -2.8973e-01 -2.3464e+00
1443 +1.545401467e+01 +1.545401467e+01 +2.684014673e+00 +2.684014673e+00 +1.8867e+00 +1.4642e+00 -2.7740e+00 +1.0754e-01 -1.6737e+00
1484 +1.324403945e+01 +1.324403945e+01 +4.740394492e-01 +4.740394492e-01 +3.5718e+00 +2.2188e+00 -2.8401e+00 +1.2686e-01 -1.2190e+00
2964 +1.185128774e+01 +1.185128774e+01 -9.187122642e-01 -9.187122642e-01 +3.6792e+00 +6.7284e-01 -2.7493e+00 -1.8197e-01 -1.0601e+00
3008 +9.817172092e+00 +9.817172092e+00 -2.952827908e+00 -2.952827908e+00 +3.7251e+00 +6.5289e-01 -2.1393e+00 -3.1663e-01 -1.6407e+00
3065 +9.107861285e+00 +9.107861285e+00 -3.662138715e+00 -3.662138715e+00 +3.7680e+00 +6.5673e-01 -2.2557e+00 -2.5484e-01 -1.6619e+00
3970 +8.187799982e+00 +8.187799982e+00 -4.582200018e+00 -4.582200018e+00 +1.6270e+00 +6.7159e-01 -2.1581e+00 -2.1539e-01 -1.3017e+00
5142 +7.710239986e+00 +7.710239986e+00 -5.059760014e+00 -5.059760014e+00 +2.7087e+00 +6.9125e-01 -2.8388e+00 -2.0104e-01 -1.2980e+00
5494 +5.889655801e+00 +5.889655801e+00 -6.880344199e+00 -6.880344199e+00 +4.6752e+00 +6.6888e-01 -2.7290e+00 -2.2937e-01 -1.2929e+00
6367 +4.985571263e+00 +4.985571263e+00 -7.784428737e+00 -7.784428737e+00 +4.6719e+00 +6.4669e-01 -2.1933e+00 -2.4536e-01 -1.2793e+00
% function evaluation | noise-free fitness - Fopt (-1.000000000000e+03) | best noise-free fitness - Fopt | measured fitness | best measured fitness | x1 | x2...
1 +1.141418558e+02 +1.141418558e+02 -8.858581442e+02 -8.858581442e+02 +0.0000e+00 +0.0000e+00 +0.0000e+00 +0.0000e+00 +0.0000e+00
11 +7.305877967e+01 +7.305877967e+01 -9.269412203e+02 -9.269412203e+02 +1.6927e+00 -1.8276e+00 -1.3256e+00 -2.9687e-01 -1.6352e+00
16 +6.737807067e+01 +6.737807067e+01 -9.326219293e+02 -9.326219293e+02 +1.8012e+00 -2.8247e+00 -3.9165e+00 +1.1759e+00 -1.4550e+00
23 +5.385691294e+01 +5.385691294e+01 -9.461430871e+02 -9.461430871e+02 +2.2321e+00 -2.1300e+00 -2.5410e+00 +1.5040e+00 -2.1370e+00
85 +4.079239712e+01 +4.079239712e+01 -9.592076029e+02 -9.592076029e+02 +1.4813e+00 -1.4298e+00 -2.4960e+00 -3.0143e-01 -2.1300e+00
102 +2.647036943e+01 +2.647036943e+01 -9.735296306e+02 -9.735296306e+02 -1.1114e+00 -1.4689e+00 -2.0186e+00 -3.9741e-01 -1.3630e+00
323 +1.633661538e+01 +1.633661538e+01 -9.836633846e+02 -9.836633846e+02 -1.9905e+00 -2.6885e+00 -2.5890e+00 +1.0268e+00 -1.0248e+00
1092 +1.620979246e+01 +1.620979246e+01 -9.837902075e+02 -9.837902075e+02 +2.5109e-04 -3.6493e+00 -3.2162e+00 +5.7195e-01 -1.4808e+00
1671 +9.432896303e+00 +9.432896303e+00 -9.905671037e+02 -9.905671037e+02 -2.0589e-02 -2.8756e+00 -3.2164e+00 +9.1760e-02 -1.4332e+00
2332 +7.685595048e+00 +7.685595048e+00 -9.923144050e+02 -9.923144050e+02 -1.0797e+00 -2.7362e+00 -2.5575e+00 -1.9535e-01 -1.0655e+00
2629 +6.754744787e+00 +6.754744787e+00 -9.932452552e+02 -9.932452552e+02 -9.8659e-01 -2.0719e+00 -2.6366e+00 -2.6383e-01 -1.0215e+00
2932 +6.587996357e+00 +6.587996357e+00 -9.934120036e+02 -9.934120036e+02 -1.1048e+00 -2.0801e+00 -2.5641e+00 +1.7480e-01 -1.0909e+00
3026 +5.047186099e+00 +5.047186099e+00 -9.949528139e+02 -9.949528139e+02 -9.8692e-01 -2.8097e+00 -2.6630e+00 +1.7491e-01 -1.0585e+00
3232 +4.212044081e+00 +4.212044081e+00 -9.957879559e+02 -9.957879559e+02 -9.0867e-01 -2.8378e+00 -2.5999e+00 +1.3605e-01 -1.0821e+00
3305 +4.070515866e+00 +4.070515866e+00 -9.959294841e+02 -9.959294841e+02 -1.0080e+00 -2.8835e+00 -2.6160e+00 +1.5483e-01 -1.0596e+00
3385 +3.664418045e+00 +3.664418045e+00 -9.963355820e+02 -9.963355820e+02 -9.6214e-01 -2.8480e+00 -2.5357e+00 +1.6825e-01 -1.0159e+00
3420 +2.793001482e+00 +2.793001482e+00 -9.972069985e+02 -9.972069985e+02 -1.0471e+00 -2.7911e+00 -2.5941e+00 +1.9517e-01 -1.0540e+00
3520 +2.128323806e+00 +2.128323806e+00 -9.978716762e+02 -9.978716762e+02 -1.0076e+00 -2.8482e+00 -2.5645e+00 +1.7545e-01 -1.0463e+00
3707 +1.616075387e+00 +1.616075387e+00 -9.983839246e+02 -9.983839246e+02 -1.0422e+00 -2.7988e+00 -2.5674e+00 +1.6536e-01 -1.0581e+00
3939 +1.576018254e+00 +1.576018254e+00 -9.984239817e+02 -9.984239817e+02 -9.7991e-01 -2.7935e+00 -2.5614e+00 +1.8166e-01 -1.0503e+00
3946 +1.506058296e+00 +1.506058296e+00 -9.984939417e+02 -9.984939417e+02 -1.0056e+00 -2.8297e+00 -2.5889e+00 +1.7025e-01 -1.0480e+00
3976 +1.351789187e+00 +1.351789187e+00 -9.986482108e+02 -9.986482108e+02 -1.0225e+00 -2.7982e+00 -2.5708e+00 +1.6581e-01 -1.0663e+00
4117 +1.109343866e+00 +1.109343866e+00 -9.988906561e+02 -9.988906561e+02 -9.7619e-01 -2.7975e+00 -2.5703e+00 +1.6668e-01 -1.0490e+00
4304 +1.093528831e+00 +1.093528831e+00 -9.989064712e+02 -9.989064712e+02 -1.0061e+00 -2.7954e+00 -2.5736e+00 +1.6041e-01 -1.0483e+00
4349 +1.055924134e+00 +1.055924134e+00 -9.989440759e+02 -9.989440759e+02 -9.9787e-01 -2.8107e+00 -2.5744e+00 +1.5899e-01 -1.0619e+00
4528 +1.025195476e+00 +1.025195476e+00 -9.989748045e+02 -9.989748045e+02 -9.9465e-01 -2.8046e+00 -2.5741e+00 +1.6553e-01 -1.0547e+00
4730 +1.023045245e+00 +1.023045245e+00 -9.989769548e+02 -9.989769548e+02 -9.9727e-01 -2.8091e+00 -2.5717e+00 +1.6083e-01 -1.0562e+00
5143 +9.999694980e-01 +9.999694980e-01 -9.990000305e+02 -9.990000305e+02 -9.8796e-01 -2.8014e+00 -2.5750e+00 +1.6061e-01 -1.0526e+00
% function evaluation | noise-free fitness - Fopt (-1.000000000000e+03) | best noise-free fitness - Fopt | measured fitness | best measured fitness | x1 | x2...
1 +1.215938098e+02 +1.215938098e+02 -8.784061902e+02 -8.784061902e+02 +0.0000e+00 +0.0000e+00 +0.0000e+00 +0.0000e+00 +0.0000e+00
7 +8.946475761e+01 +8.946475761e+01 -9.105352424e+02 -9.105352424e+02 -2.0826e+00 -1.9254e-01 +4.8366e-01 +2.4472e-01 -8.3640e-01
20 +8.709082215e+01 +8.709082215e+01 -9.129091778e+02 -9.129091778e+02 -6.2423e-02 -8.9553e-01 -7.3693e-02 +1.2460e+00 -3.3777e-01
23 +7.823339242e+01 +7.823339242e+01 -9.217666076e+02 -9.217666076e+02 +2.6112e-02 -1.2880e+00 -3.7407e-02 +1.9874e+00 -4.2514e-02
37 +7.125384740e+01 +7.125384740e+01 -9.287461526e+02 -9.287461526e+02 +4.6434e-01 -2.3490e+00 +2.5931e-01 +2.6601e+00 -4.1072e-01
46 +6.639199811e+01 +6.639199811e+01 -9.336080019e+02 -9.336080019e+02 +1.0136e+00 -2.3085e+00 +5.6298e-01 +2.3286e+00 -1.1812e+00
61 +5.797580013e+01 +5.797580013e+01 -9.420241999e+02 -9.420241999e+02 +1.8295e+00 -1.5206e+00 +1.6805e-02 +3.1127e+00 -9.4041e-01
86 +5.337504380e+01 +5.337504380e+01 -9.466249562e+02 -9.466249562e+02 -1.5075e+00 -6.9910e-02 -6.2705e-01 +2.9382e+00 -7.8247e-01
110 +5.020572428e+01 +5.020572428e+01 -9.497942757e+02 -9.497942757e+02 -1.8312e+00 -7.7233e-02 +7.7599e-01 +2.6354e+00 -1.0034e+00
115 +2.359360441e+01 +2.359360441e+01 -9.764063956e+02 -9.764063956e+02 -2.1089e+00 +6.8332e-01 +8.3342e-01 +3.4912e+00 -6.5503e-01
367 +1.534931361e+01 +1.534931361e+01 -9.846506864e+02 -9.846506864e+02 -2.1656e+00 +2.3028e+00 +9.1493e-01 +4.3612e+00 -4.1662e-01
1891 +1.242701933e+01 +1.242701933e+01 -9.875729807e+02 -9.875729807e+02 -2.2966e+00 -6.3143e-01 +1.4723e+00 +3.9407e+00 -1.1241e+00
1959 +1.224266445e+01 +1.224266445e+01 -9.877573355e+02 -9.877573355e+02 -3.1137e+00 +7.3880e-01 +9.0876e-01 +3.4427e+00 -1.4665e+00
2429 +9.481841725e+00 +9.481841725e+00 -9.905181583e+02 -9.905181583e+02 -1.7435e-01 +6.0666e-01 +8.7266e-01 +3.5069e+00 -5.0217e-01
2786 +5.954652892e+00 +5.954652892e+00 -9.940453471e+02 -9.940453471e+02 -2.1898e+00 +1.4170e+00 +9.2738e-01 +3.5214e+00 -4.3707e-01
