% function evaluation | noise-free fitness - Fopt (-4.620900000000e+02) | best noise-free fitness - Fopt | measured fitness | best measured fitness | x1 | x2...
1 +9.180962943e+01 +9.180962943e+01 -3.702803706e+02 -3.702803706e+02 +0.0000e+00 +0.0000e+00 +0.0000e+00
5 +6.975557179e+01 +6.975557179e+01 -3.923344282e+02 -3.923344282e+02 -2.6169e+00 +1.7767e+00 -1.0334e-01
15 +5.752720599e+01 +5.752720599e+01 -4.045627940e+02 -4.045627940e+02 -3.6086e+00 +9.0874e-01 +1.3123e+00
24 +2.971364028e+01 +2.971364028e+01 -4.323763597e+02 -4.323763597e+02 -4.3172e+00 +1.1861e+00 +3.2257e+00
66 +2.150191393e+01 +2.150191393e+01 -4.405880861e+02 -4.405880861e+02 -5.2372e+00 +2.2542e+00 +2.9134e+00
71 +1.618253435e+01 +1.618253435e+01 -4.459074657e+02 -4.459074657e+02 -4.1061e+00 +1.6983e+00 +1.8488e+00
92 +1.330156998e+01 +1.330156998e+01 -4.487884300e+02 -4.487884300e+02 -1.3384e+00 +2.8797e+00 +1.2700e+00
94 +9.863611896e+00 +9.863611896e+00 -4.522263881e+02 -4.522263881e+02 -3.2995e+00 +2.2845e+00 +2.9727e+00
114 +5.413499559e+00 +5.413499559e+00 -4.566765004e+02 -4.566765004e+02 -3.4034e+00 +2.2534e+00 +2.5558e+00
186 +4.458092532e+00 +4.458092532e+00 -4.576319075e+02 -4.576319075e+02 -2.3729e+00 +1.7946e+00 +2.5799e+00
844 +3.248302370e+00 +3.248302370e+00 -4.588416976e+02 -4.588416976e+02 -2.4101e+00 +1.7413e+00 +1.8985e+00
917 +2.522802275e+00 +2.522802275e+00 -4.595671977e+02 -4.595671977e+02 -2.3754e+00 +1.7430e+00 +2.1929e+00
935 +2.345496908e+00 +2.345496908e+00 -4.597445031e+02 -4.597445031e+02 -2.3160e+00 +2.3149e+00 +2.2532e+00
969 +1.863452776e+00 +1.863452776e+00 -4.602265472e+02 -4.602265472e+02 -2.4028e+00 +2.3038e+00 +2.5928e+00
1161 +1.603478938e+00 +1.603478938e+00 -4.604865211e+02 -4.604865211e+02 -2.3930e+00 +2.3102e+00 +2.5739e+00
1165 +1.515741420e+00 +1.515741420e+00 -4.605742586e+02 -4.605742586e+02 -2.3866e+00 +2.2658e+00 +2.2259e+00
1262 +1.407064092e+00 +1.407064092e+00 -4.606829359e+02 -4.606829359e+02 -2.3490e+00 +2.3232e+00 +2.5638e+00
1368 +3.974695968e-01 +3.974695968e-01 -4.616925304e+02 -4.616925304e+02 -2.3289e+00 +2.3141e+00 +2.2020e+00
1500 +2.255142930e-01 +2.255142930e-01 -4.618644857e+02 -4.618644857e+02 -2.3513e+00 +2.2986e+00 +2.2030e+00
1673 +1.626525210e-01 +1.626525210e-01 -4.619273475e+02 -4.619273475e+02 -2.3416e+00 +2.3053e+00 +2.2229e+00
1686 +9.685869360e-02 +9.685869360e-02 -4.619931413e+02 -4.619931413e+02 -2.3481e+00 +2.2935e+00 +2.2200e+00
1763 +2.719944631e-02 +2.719944631e-02 -4.620628006e+02 -4.620628006e+02 -2.3377e+00 +2.2935e+00 +2.2130e+00
1852 +2.161509875e-02 +2.161509875e-02 -4.620683849e+02 -4.620683849e+02 -2.3391e+00 +2.3007e+00 +2.2171e+00
1973 +1.850597628e-02 +1.850597628e-02 -4.620714940e+02 -4.620714940e+02 -2.3437e+00 +2.2952e+00 +2.2134e+00
2016 +9.391915215e-03 +9.391915215e-03 -4.620806081e+02 -4.620806081e+02 -2.3466e+00 +2.3008e+00 +2.2146e+00
2030 +7.171206693e-03 +7.171206693e-03 -4.620828288e+02 -4.620828288e+02 -2.3396e+00 +2.3034e+00 +2.2141e+00
2172 +5.027897745e-03 +5.027897745e-03 -4.620849721e+02 -4.620849721e+02 -2.3370e+00 +2.3004e+00 +2.2146e+00
2239 +3.066571197e-03 +3.066571197e-03 -4.620869334e+02 -4.620869334e+02 -2.3427e+00 +2.2993e+00 +2.2125e+00
2320 +1.146439388e-03 +1.146439388e-03 -4.620888536e+02 -4.620888536e+02 -2.3392e+00 +2.2992e+00 +2.2140e+00
2520 +3.447586853e-04 +3.447586853e-04 -4.620896552e+02 -4.620896552e+02 -2.3419e+00 +2.3003e+00 +2.2138e+00
2704 +2.886655384e-04 +2.886655384e-04 -4.620897113e+02 -4.620897113e+02 -2.3412e+00 +2.3006e+00 +2.2134e+00
2790 +1.514629348e-04 +1.514629348e-04 -4.620898485e+02 -4.620898485e+02 -2.3409e+00 +2.2998e+00 +2.2133e+00
2800 +7.954853589e-05 +7.954853589e-05 -4.620899205e+02 -4.620899205e+02 -2.3405e+00 +2.3000e+00 +2.2134e+00
2855 +6.565345325e-05 +6.565345325e-05 -4.620899343e+02 -4.620899343e+02 -2.3403e+00 +2.3000e+00 +2.2135e+00
3006 +6.330964186e-05 +6.330964186e-05 -4.620899367e+02 -4.620899367e+02 -2.3410e+00 +2.2998e+00 +2.2138e+00
3080 +3.131180864e-05 +3.131180864e-05 -4.620899687e+02 -4.620899687e+02 -2.3409e+00 +2.3000e+00 +2.2135e+00
3087 +1.551189195e-05 +1.551189195e-05 -4.620899845e+02 -4.620899845e+02 -2.3405e+00 +2.3000e+00 +2.2136e+00
3206 +1.097867283e-05 +1.097867283e-05 -4.620899890e+02 -4.620899890e+02 -2.3406e+00 +2.3000e+00 +2.2136e+00
3280 +6.268293646e-06 +6.268293646e-06 -4.620899937e+02 -4.620899937e+02 -2.3409e+00 +2.2999e+00 +2.2136e+00
3283 +5.483622829e-06 +5.483622829e-06 -4.620899945e+02 -4.620899945e+02 -2.3408e+00 +2.3000e+00 +2.2136e+00
3387 +4.681172470e-06 +4.681172470e-06 -4.620899953e+02 -4.620899953e+02 -2.3407e+00 +2.3001e+00 +2.2136e+00
3394 +4.369926785e-06 +4.369926785e-06 -4.620899956e+02 -4.620899956e+02 -2.3408e+00 +2.3001e+00 +2.2136e+00
3458 +2.641767423e-06 +2.641767423e-06 -4.620899974e+02 -4.620899974e+02 -2.3407e+00 +2.3000e+00 +2.2136e+00
3464 +1.292591605e-06 +1.292591605e-06 -4.620899987e+02 -4.620899987e+02 -2.3408e+00 +2.3000e+00 +2.2136e+00
3795 +7.398244293e-07 +7.398244293e-07 -4.620899993e+02 -4.620899993e+02 -2.3407e+00 +2.3000e+00 +2.2136e+00
3797 +5.802030500e-07 +5.802030500e-07 -4.620899994e+02 -4.620899994e+02 -2.3408e+00 +2.3000e+00 +2.2136e+00
3826 +4.999700991e-07 +4.999700991e-07 -4.620899995e+02 -4.620899995e+02 -2.3408e+00 +2.3000e+00 +2.2136e+00
3835 +1.079172307e-07 +1.079172307e-07 -4.620899999e+02 -4.620899999e+02 -2.3408e+00 +2.3000e+00 +2.2136e+00
3856 +8.630536286e-10 +8.630536286e-10 -4.620900000e+02 -4.620900000e+02 -2.3408e+00 +2.3000e+00 +2.2136e+00
6535 +0.000000000e+00 +0.000000000e+00 -4.620900000e+02 -4.620900000e+02 -2.3408e+00 +2.3000e+00 +2.2136e+00
% function evaluation | noise-free fitness - Fopt (7.766000000000e+01) | best noise-free fitness - Fopt | measured fitness | best measured fitness | x1 | x2...
1 +7.373269304e+01 +7.373269304e+01 +1.513926930e+02 +1.513926930e+02 +0.0000e+00 +0.0000e+00 +0.0000e+00
4 +5.079308244e+01 +5.079308244e+01 +1.284530824e+02 +1.284530824e+02 -2.4478e+00 -6.1393e-01 -8.9100e-01
5 +2.451718069e+01 +2.451718069e+01 +1.021771807e+02 +1.021771807e+02 +1.2776e+00 -8.5029e-01 -1.0469e+00
55 +1.824139902e+01 +1.824139902e+01 +9.590139902e+01 +9.590139902e+01 +2.1610e+00 -7.7264e-01 -5.9331e-01
77 +1.640088171e+01 +1.640088171e+01 +9.406088171e+01 +9.406088171e+01 +2.7100e+00 -1.4381e+00 -1.2943e+00
94 +1.239820232e+01 +1.239820232e+01 +9.005820232e+01 +9.005820232e+01 +2.2987e+00 -2.4264e+00 -1.5687e+00
183 +2.732047500e+00 +2.732047500e+00 +8.039204750e+01 +8.039204750e+01 +2.3315e+00 -8.6083e-01 -9.4748e-01
% function evaluation | noise-free fitness - Fopt (1.156800000000e+02) | best noise-free fitness - Fopt | measured fitness | best measured fitness | x1 | x2...
1 +4.079349721e+01 +4.079349721e+01 +1.564734972e+02 +1.564734972e+02 +0.0000e+00 +0.0000e+00 +0.0000e+00
3 +3.507470430e+01 +3.507470430e+01 +1.507547043e+02 +1.507547043e+02 -3.3048e-01 -4.4282e-01 -8.9838e-01
19 +3.272084229e+01 +3.272084229e+01 +1.484008423e+02 +1.484008423e+02 -2.1459e+00 -3.4132e-01 +1.7080e+00
38 +2.525823945e+01 +2.525823945e+01 +1.409382395e+02 +1.409382395e+02 -1.5761e+00 -1.1100e+00 +2.5203e-01
43 +1.610013961e+01 +1.610013961e+01 +1.317801396e+02 +1.317801396e+02 -1.2118e+00 -9.6177e-01 +4.9458e-01
53 +1.427957185e+01 +1.427957185e+01 +1.299595719e+02 +1.299595719e+02 -1.9081e+00 -4.3902e-01 +6.3919e-01
58 +1.346407499e+01 +1.346407499e+01 +1.291440750e+02 +1.291440750e+02 -1.0958e+00 -4.2761e-01 +9.6654e-01
213 +1.277325250e+01 +1.277325250e+01 +1.284532525e+02 +1.284532525e+02 -2.2761e+00 -1.7100e+00 +5.4969e-01
223 +9.145319173e+00 +9.145319173e+00 +1.248253192e+02 +1.248253192e+02 -2.3757e+00 -1.5362e+00 +2.2819e-01
308 +8.721851053e+00 +8.721851053e+00 +1.244018511e+02 +1.244018511e+02 -2.1589e+00 +8.9352e-02 +8.7240e-01
387 +7.609772289e+00 +7.609772289e+00 +1.232897723e+02 +1.232897723e+02 -2.2922e+00 -2.0746e+00 +6.1492e-01
492 +3.427768808e+00 +3.427768808e+00 +1.191077688e+02 +1.191077688e+02 -2.1119e+00 -1.5856e+00 +5.7451e-01
610 +2.783127083e+00 +2.783127083e+00 +1.184631271e+02 +1.184631271e+02 -2.1998e+00 -1.5371e+00 +5.8752e-01
706 +2.044756757e+00 +2.044756757e+00 +1.177247568e+02 +1.177247568e+02 -2.1829e+00 -1.0174e+00 +5.8632e-01
1191 +1.817993612e+00 +1.817993612e+00 +1.174979936e+02 +1.174979936e+02 -2.1346e+00 -9.8983e-01 +6.3212e-01
1264 +1.632904402e+00 +1.632904402e+00 +1.173129044e+02 +1.173129044e+02 -2.1699e+00 -9.5256e-01 +5.9127e-01
1380 +1.331552263e+00 +1.331552263e+00 +1.170115523e+02 +1.170115523e+02 -2.2046e+00 -1.0006e+00 +6.0284e-01
1494 +1.163532634e+00 +1.163532634e+00 +1.168435326e+02 +1.168435326e+02 -2.1619e+00 -9.8083e-01 +6.2020e-01
1569 +1.065677507e+00 +1.065677507e+00 +1.167456775e+02 +1.167456775e+02 -2.1896e+00 -9.8444e-01 +5.9677e-01
1651 +1.016877668e+00 +1.016877668e+00 +1.166968777e+02 +1.166968777e+02 -2.1839e+00 -9.7847e-01 +6.0452e-01
1984 +9.976515342e-01 +9.976515342e-01 +1.166776515e+02 +1.166776515e+02 -2.1815e+00 -9.8239e-01 +6.0513e-01
% function evaluation | noise-free fitness - Fopt (-3.710000000000e+00) | best noise-free fitness - Fopt | measured fitness | best measured fitness | x1 | x2...
1 +7.156572542e+01 +7.156572542e+01 +6.785572542e+01 +6.785572542e+01 +0.0000e+00 +0.0000e+00 +0.0000e+00
8 +5.339988523e+01 +5.339988523e+01 +4.968988523e+01 +4.968988523e+01 -2.3160e+00 -2.1929e+00 +1.0304e+00
14 +5.028484186e+01 +5.028484186e+01 +4.657484186e+01 +4.657484186e+01 -2.5555e-02 -2.0405e+00 +1.2610e+00
22 +4.603872985e+01 +4.603872985e+01 +4.232872985e+01 +4.232872985e+01 +2.5072e+00 -4.5826e+00 +2.7717e+00
29 +4.346580933e+01 +4.346580933e+01 +3.975580933e+01 +3.975580933e+01 +8.3227e-02 -4.0445e+00 +1.8800e+00
42 +3.671427982e+01 +3.671427982e+01 +3.300427982e+01 +3.300427982e+01 +1.4812e+00 -1.1416e+00 +2.3820e+00
43 +3.523153900e+01 +3.523153900e+01 +3.152153900e+01 +3.152153900e+01 -8.0674e-01 -1.1954e+00 +8.4429e-01
47 +3.436297180e+01 +3.436297180e+01 +3.065297180e+01 +3.065297180e+01 +1.1821e+00 -3.4382e+00 +1.3225e+00
52 +2.486733765e+01 +2.486733765e+01 +2.115733765e+01 +2.115733765e+01 +1.3538e+00 -1.7471e+00 +6.1458e-01
86 +2.010152860e+01 +2.010152860e+01 +1.639152860e+01 +1.639152860e+01 -8.2357e-01 -2.2807e+00 +2.0873e+00
112 +1.937097608e+01 +1.937097608e+01 +1.566097608e+01 +1.566097608e+01 +1.4035e+00 -3.8834e+00 +1.8005e+00
141 +9.412491249e+00 +9.412491249e+00 +5.702491249e+00 +5.702491249e+00 +3.0216e+00 -1.1994e+00 +1.7798e+00
524 +6.467019115e+00 +6.467019115e+00 +2.757019115e+00 +2.757019115e+00 +3.1018e+00 -3.3470e+00 +1.8093e+00
1049 +4.977056113e+00 +4.977056113e+00 +1.267056113e+00 +1.267056113e+00 +3.1101e+00 -1.7058e+00 +2.1816e+00
1376 +3.911530926e+00 +3.911530926e+00 +2.015309262e-01 +2.015309262e-01 +2.0554e+00 -2.8915e+00 +1.7768e+00
1750 +3.243488074e+00 +3.243488074e+00 -4.665119260e-01 -4.665119260e-01 +3.0958e+00 -2.8523e+00 +1.4900e+00
1782 +3.005904989e+00 +3.005904989e+00 -7.040950106e-01 -7.040950106e-01 +3.0473e+00 -2.8772e+00 +2.1578e+00
% function evaluation | noise-free fitness - Fopt (1.321800000000e+02) | best noise-free fitness - Fopt | measured fitness | best measured fitness | x1 | x2...
1 +1.579813147e+02 +1.579813147e+02 +2.901613147e+02 +2.901613147e+02 +0.0000e+00 +0.0000e+00 +0.0000e+00
2 +8.554408999e+01 +8.554408999e+01 +2.177240900e+02 +2.177240900e+02 -2.0137e-01 +4.0016e-01 +1.1958e+00
4 +8.438579343e+01 +8.438579343e+01 +2.165657934e+02 +2.165657934e+02 +1.6653e+00 -6.6922e-01 +2.9053e+00
7 +7.224247815e+01 +7.224247815e+01 +2.044224781e+02 +2.044224781e+02 +6.7068e-01 +1.1676e+00 +3.2437e+00
20 +6.205427850e+01 +6.205427850e+01 +1.942342785e+02 +1.942342785e+02 +1.0321e+00 +2.2550e+00 +2.4479e+00
51 +5.720669132e+01 +5.720669132e+01 +1.893866913e+02 +1.893866913e+02 +1.1418e-01 +7.6713e-02 +3.0300e+00
54 +4.201967411e+01 +4.201967411e+01 +1.741996741e+02 +1.741996741e+02 -3.7757e-01 +3.9945e-01 +3.5758e+00
59 +4.139095406e+01 +4.139095406e+01 +1.735709541e+02 +1.735709541e+02 -1.4778e+00 +3.8367e-01 +4.2672e+00
62 +3.852670926e+01 +3.852670926e+01 +1.707067093e+02 +1.707067093e+02 -7.5643e-01 +1.1234e+00 +2.4662e+00
79 +2.788265964e+01 +2.788265964e+01 +1.600626596e+02 +1.600626596e+02 -7.5011e-01 +3.0724e+00 +3.1368e+00
93 +2.471296080e+01 +2.471296080e+01 +1.568929608e+02 +1.568929608e+02 -9.2587e-01 +4.5840e-01 +2.7914e+00
138 +2.400142884e+01 +2.400142884e+01 +1.561814288e+02 +1.561814288e+02 -2.3848e+00 +1.4124e+00 +3.1528e+00
141 +1.854056074e+01 +1.854056074e+01 +1.507205607e+02 +1.507205607e+02 -1.6724e+00 -5.4637e-02 +3.4934e+00
227 +1.503700766e+01 +1.503700766e+01 +1.472170077e+02 +1.472170077e+02 -4.6255e+00 +1.4326e+00 +3.9006e+00
235 +1.326276560e+01 +1.326276560e+01 +1.454427656e+02 +1.454427656e+02 -3.9800e+00 +9.8726e-01 +3.4342e+00
244 +4.657134161e+00 +4.657134161e+00 +1.368371342e+02 +1.368371342e+02 -4.7950e+00 +9.3526e-01 +3.7946e+00
1164 +4.531893866e+00 +4.531893866e+00 +1.367118939e+02 +1.367118939e+02 -4.6833e+00 +1.4899e+00 +3.4907e+00
2044 +4.254639238e+00 +4.254639238e+00 +1.364346392e+02 +1.364346392e+02 -3.7251e+00 +1.4817e+00 +4.0867e+00
2281 +4.037482574e+00 +4.037482574e+00 +1.362174826e+02 +1.362174826e+02 -3.7566e+00 +1.4773e+00 +4.0789e+00
3098 +3.980308853e+00 +3.980308853e+00 +1.361603089e+02 +1.361603089e+02 -3.7627e+00 +1.4821e+00 +4.0832e+00
% function evaluation | noise-free fitness - Fopt (6.438000000000e+01) | best noise-free fitness - Fopt | measured fitness | best measured fitness | x1 | x2...
1 +1.743174677e+02 +1.743174677e+02 +2.386974677e+02 +2.386974677e+02 +0.0000e+00 +0.0000e+00 +0.0000e+00
2 +1.278389210e+02 +1.278389210e+02 +1.922189210e+02 +1.922189210e+02 -4.8106e-01 +8.7256e-01 -2.5458e-01
4 +1.155382613e+02 +1.155382613e+02 +1.799182613e+02 +1.799182613e+02 -4.2355e+00 -1.0107e-01 -9.8069e-01
13 +1.073581193e+02 +1.073581193e+02 +1.717381193e+02 +1.717381193e+02 -3.9559e+00 +1.0946e+00 -7.9405e-01
14 +6.646022346e+01 +6.646022346e+01 +1.308402235e+02 +1.308402235e+02 -2.2363e+00 +1.7987e+00 -8.4787e-01
23 +6.028291755e+01 +6.028291755e+01 +1.246629176e+02 +1.246629176e+02 -3.1694e+00 +3.0850e+00 -1.5752e+00
24 +5.452668764e+01 +5.452668764e+01 +1.189066876e+02 +1.189066876e+02 -2.0856e+00 +2.2044e+00 -8.0955e-01
42 +4.755726489e+01 +4.755726489e+01 +1.119372649e+02 +1.119372649e+02 -7.7923e-01 +5.3486e+00 -2.6172e+00
58 +4.102695322e+01 +4.102695322e+01 +1.054069532e+02 +1.054069532e+02 -1.1535e+00 +3.2849e+00 -3.4931e+00
80 +4.021601331e+01 +4.021601331e+01 +1.045960133e+02 +1.045960133e+02 +2.0170e-01 +3.5873e+00 -2.3582e+00
86 +1.549803976e+01 +1.549803976e+01 +7.987803976e+01 +7.987803976e+01 +3.7667e+00 +2.6455e+00 -1.9381e+00
159 +1.544822089e+01 +1.544822089e+01 +7.982822089e+01 +7.982822089e+01 +1.1653e+00 +4.2897e+00 -2.9913e+00
262 +1.021748207e+01 +1.021748207e+01 +7.459748207e+01 +7.459748207e+01 +1.9772e+00 +2.8099e+00 -1.9544e+00
338 +7.125358246e+00 +7.125358246e+00 +7.150535825e+01 +7.150535825e+01 +1.0398e+00 +3.2804e+00 -1.9083e+00
461 +5.557257170e+00 +5.557257170e+00 +6.993725717e+01 +6.993725717e+01 +1.9932e+00 +2.7408e+00 -2.3439e+00
678 +3.440211667e+00 +3.440211667e+00 +6.782021167e+01 +6.782021167e+01 +2.0987e+00 +3.2806e+00 -1.9753e+00
1084 +1.574316499e+00 +1.574316499e+00 +6.595431650e+01 +6.595431650e+01 +2.9888e+00 +3.2550e+00 -1.9578e+00
1176 +1.438636660e+00 +1.438636660e+00 +6.581863666e+01 +6.581863666e+01 +3.0307e+00 +3.2503e+00 -1.9811e+00
1417 +1.115934549e+00 +1.115934549e+00 +6.549593455e+01 +6.549593455e+01 +3.1106e+00 +3.2440e+00 -2.3141e+00
1551 +1.001060523e+00 +1.001060523e+00 +6.538106052e+01 +6.538106052e+01 +3.1001e+00 +3.2444e+00 -2.3144e+00
1791 +4.315525447e-01 +4.315525447e-01 +6.481155254e+01 +6.481155254e+01 +2.9972e+00 +3.2593e+00 -2.3215e+00
1882 +2.676465877e-01 +2.676465877e-01 +6.464764659e+01 +6.464764659e+01 +3.0414e+00 +3.2606e+00 -2.3075e+00
2211 +8.001510505e-02 +8.001510505e-02 +6.446001511e+01 +6.446001511e+01 +3.0306e+00 +3.2538e+00 -2.3182e+00
2797 +4.371804094e-02 +4.371804094e-02 +6.442371804e+01 +6.442371804e+01 +3.0259e+00 +3.2638e+00 -2.3212e+00
2816 +1.558773380e-02 +1.558773380e-02 +6.439558773e+01 +6.439558773e+01 +3.0316e+00 +3.2616e+00 -2.3204e+00
2823 +2.975440707e-03 +2.975440707e-03 +6.438297544e+01 +6.438297544e+01 +3.0409e+00 +3.2653e+00 -2.3210e+00
3151 +2.371654131e-03 +2.371654131e-03 +6.438237165e+01 +6.438237165e+01 +3.0383e+00 +3.2657e+00 -2.3197e+00
3158 +2.189317566e-03 +2.189317566e-03 +6.438218932e+01 +6.438218932e+01 +3.0391e+00 +3.2622e+00 -2.3198e+00
3248 +1.592978852e-03 +1.592978852e-03 +6.438159298e+01 +6.438159298e+01 +3.0414e+00 +3.2648e+00 -2.3193e+00
3253 +1.291614301e-03 +1.291614301e-03 +6.438129161e+01 +6.438129161e+01 +3.0405e+00 +3.2635e+00 -2.3192e+00
3295 +8.795764955e-04 +8.795764955e-04 +6.438087958e+01 +6.438087958e+01 +3.0383e+00 +3.2635e+00 -2.3197e+00
3448 +2.521505240e-04 +2.521505240e-04 +6.438025215e+01 +6.438025215e+01 +3.0401e+00 +3.2634e+00 -2.3199e+00
3587 +2.039739009e-04 +2.039739009e-04 +6.438020397e+01 +6.438020397e+01 +3.0409e+00 +3.2642e+00 -2.3199e+00
3662 +1.610741237e-04 +1.610741237e-04 +6.438016107e+01 +6.438016107e+01 +3.0393e+00 +3.2640e+00 -2.3198e+00
3665 +2.450693609e-05 +2.450693609e-05 +6.438002451e+01 +6.438002451e+01 +3.0397e+00 +3.2641e+00 -2.3200e+00
3803 +2.183593082e-05 +2.183593082e-05 +6.438002184e+01 +6.438002184e+01 +3.0400e+00 +3.2642e+00 -2.3201e+00
3822 +1.549173430e-05 +1.549173430e-05 +6.438001549e+01 +6.438001549e+01 +3.0399e+00 +3.2641e+00 -2.3199e+00
3886 +1.521436015e-05 +1.521436015e-05 +6.438001521e+01 +6.438001521e+01 +3.0399e+00 +3.2640e+00 -2.3199e+00
4032 +1.397096604e-05 +1.397096604e-05 +6.438001397e+01 +6.438001397e+01 +3.0402e+00 +3.2640e+00 -2.3199e+00
4040 +7.055106749e-06 +7.055106749e-06 +6.438000706e+01 +6.438000706e+01 +3.0400e+00 +3.2640e+00 -2.3199e+00
4089 +6.355953516e-06 +6.355953516e-06 +6.438000636e+01 +6.438000636e+01 +3.0400e+00 +3.2640e+00 -2.3199e+00
4188 +4.259088314e-06 +4.259088314e-06 +6.438000426e+01 +6.438000426e+01 +3.0401e+00 +3.2640e+00 -2.3200e+00
4205 +3.837385435e-06 +3.837385435e-06 +6.438000384e+01 +6.438000384e+01 +3.0400e+00 +3.2639e+00 -2.3200e+00
4219 +1.928857671e-06 +1.928857671e-06 +6.438000193e+01 +6.438000193e+01 +3.0400e+00 +3.2640e+00 -2.3200e+00
4267 +1.557103559e-06 +1.557103559e-06 +6.438000156e+01 +6.438000156e+01 +3.0401e+00 +3.2640e+00 -2.3200e+00
4363 +1.325145206e-06 +1.325145206e-06 +6.438000133e+01 +6.438000133e+01 +3.0399e+00 +3.2640e+00 -2.3200e+00
4471 +1.237575660e-06 +1.237575660e-06 +6.438000124e+01 +6.438000124e+01 +3.0400e+00 +3.2640e+00 -2.3200e+00
4473 +2.532473786e-07 +2.532473786e-07 +6.438000025e+01 +6.438000025e+01 +3.0400e+00 +3.2640e+00 -2.3200e+00
4632 +2.232631857e-07 +2.232631857e-07 +6.438000022e+01 +6.438000022e+01 +3.0400e+00 +3.2640e+00 -2.3200e+00
4658 +2.149117506e-07 +2.149117506e-07 +6.438000021e+01 +6.438000021e+01 +3.0400e+00 +3.2640e+00 -2.3200e+00
4660 +8.950614472e-08 +8.950614472e-08 +6.438000009e+01 +6.438000009e+01 +3.0400e+00 +3.2640e+00 -2.3200e+00
4808 +2.645569452e-08 +2.645569452e-08 +6.438000003e+01 +6.438000003e+01 +3.0400e+00 +3.2640e+00 -2.3200e+00
5004 +8.786074090e-09 +8.786074090e-09 +6.438000001e+01 +6.438000001e+01 +3.0400e+00 +3.2640e+00 -2.3200e+00
7407 +0.000000000e+00 +0.000000000e+00 +6.438000000e+01 +6.438000000e+01 +3.0400e+00 +3.2640e+00 -2.3200e+00
% function evaluation | noise-free fitness - Fopt (2.824800000000e+02) | best noise-free fitness - Fopt | measured fitness | best measured fitness | x1 | x2...
1 +1.141195429e+02 +1.141195429e+02 +3.965995429e+02 +3.965995429e+02 +0.0000e+00 +0.0000e+00 +0.0000e+00
4 +4.798974718e+01 +4.798974718e+01 +3.304697472e+02 +3.304697472e+02 +2.1530e+00 -1.5417e+00 +1.0138e+00
16 +4.089012725e+01 +4.089012725e+01 +3.233701273e+02 +3.233701273e+02 +2.4020e+00 -1.7842e+00 +5.9262e-01
17 +2.426052703e+01 +2.426052703e+01 +3.067405270e+02 +3.067405270e+02 +4.0466e-01 -3.2180e+00 +2.5568e+00
36 +1.949336475e+01 +1.949336475e+01 +3.019733647e+02 +3.019733647e+02 +1.7427e+00 -2.6084e+00 +1.7612e+00
39 +1.868825666e+01 +1.868825666e+01 +3.011682567e+02 +3.011682567e+02 +1.4467e+00 -4.3381e+00 +1.4363e+00
56 +1.452626549e+01 +1.452626549e+01 +2.970062655e+02 +2.970062655e+02 +1.6949e+00 -3.4401e+00 +1.4211e+00
117 +8.790548172e+00 +8.790548172e+00 +2.912705482e+02 +2.912705482e+02 +5.3867e-01 -3.3402e+00 +1.7031e+00
511 +7.778143265e+00 +7.778143265e+00 +2.902581433e+02 +2.902581433e+02 +6.2582e-01 -4.0261e+00 +1.7886e+00
562 +5.174491629e+00 +5.174491629e+00 +2.876544916e+02 +2.876544916e+02 +2.5801e+00 -2.8080e+00 +1.7658e+00
1131 +4.965256176e+00 +4.965256176e+00 +2.874452562e+02 +2.874452562e+02 +2.4586e+00 -3.4148e+00 +1.7907e+00
1139 +1.635172483e+00 +1.635172483e+00 +2.841151725e+02 +2.841151725e+02 +1.5285e+00 -3.3624e+00 +1.7468e+00
1418 +5.146999369e-01 +5.146999369e-01 +2.829946999e+02 +2.829946999e+02 +1.4915e+00 -3.3847e+00 +1.7804e+00
% function evaluation | noise-free fitness - Fopt (4.826100000000e+02) | best noise-free fitness - Fopt | measured fitness | best measured fitness | x1 | x2...
1 +7.566467951e+01 +7.566467951e+01 +5.582746795e+02 +5.582746795e+02 +0.0000e+00 +0.0000e+00 +0.0000e+00
4 +7.409001951e+01 +7.409001951e+01 +5.567000195e+02 +5.567000195e+02 +7.4126e-01 -4.4863e-01 -2.2268e-01
5 +6.846021759e+01 +6.846021759e+01 +5.510702176e+02 +5.510702176e+02 -2.1928e+00 +2.2062e+00 -2.9667e+00
7 +4.156761476e+01 +4.156761476e+01 +5.241776148e+02 +5.241776148e+02 -3.4426e-01 +1.8506e+00 -8.3011e-02
8 +3.524131505e+01 +3.524131505e+01 +5.178513150e+02 +5.178513150e+02 +2.4167e-01 +9.0793e-01 -1.4545e+00
15 +3.174721367e+01 +3.174721367e+01 +5.143572137e+02 +5.143572137e+02 +6.8457e-01 +9.0364e-01 -1.6199e+00
21 +3.035928645e+01 +3.035928645e+01 +5.129692865e+02 +5.129692865e+02 -3.4754e-01 +1.1767e+00 -1.0651e+00
42 +2.460650630e+01 +2.460650630e+01 +5.072165063e+02 +5.072165063e+02 +1.0510e+00 +2.0368e+00 -2.0308e+00
60 +2.229449001e+01 +2.229449001e+01 +5.049044900e+02 +5.049044900e+02 -1.4729e-01 +1.9425e+00 -2.6311e+00
65 +6.953919065e+00 +6.953919065e+00 +4.895639191e+02 +4.895639191e+02 +8.8835e-01 +1.8727e+00 -1.3968e+00
835 +5.996357371e+00 +5.996357371e+00 +4.886063574e+02 +4.886063574e+02 +8.7524e-01 +1.9520e+00 -1.7024e+00
843 +5.523272907e+00 +5.523272907e+00 +4.881332729e+02 +4.881332729e+02 +1.7159e+00 +1.9398e+00 -1.7373e+00
923 +4.185200028e+00 +4.185200028e+00 +4.867952000e+02 +4.867952000e+02 +1.7186e+00 +2.5150e+00 -1.4269e+00
986 +2.153250500e+00 +2.153250500e+00 +4.847632505e+02 +4.847632505e+02 +8.6920e-01 +2.5219e+00 -1.4144e+00
% function evaluation | noise-free fitness - Fopt (7.177000000000e+01) | best noise-free fitness - Fopt | measured fitness | best measured fitness | x1 | x2...
1 +6.439834124e+01 +6.439834124e+01 +1.361683412e+02 +1.361683412e+02 +0.0000e+00 +0.0000e+00 +0.0000e+00
13 +5.912574356e+01 +5.912574356e+01 +1.308957436e+02 +1.308957436e+02 +2.6527e-01 +1.8572e+00 +2.8334e+00
15 +5.341601039e+01 +5.341601039e+01 +1.251860104e+02 +1.251860104e+02 -1.0394e+00 +2.5666e+00 +2.9708e+00
19 +3.566459541e+01 +3.566459541e+01 +1.074345954e+02 +1.074345954e+02 -2.1369e+00 +1.4704e+00 +1.0674e+00
23 +2.295041174e+01 +2.295041174e+01 +9.472041174e+01 +9.472041174e+01 -2.9488e+00 +2.9042e+00 +1.8078e+00
45 +1.854437463e+01 +1.854437463e+01 +9.031437463e+01 +9.031437463e+01 -3.3106e+00 +1.4208e+00 +1.7572e+00
70 +1.178602960e+01 +1.178602960e+01 +8.355602960e+01 +8.355602960e+01 -3.3640e+00 +1.7478e+00 +2.1474e+00
104 +9.145469148e+00 +9.145469148e+00 +8.091546915e+01 +8.091546915e+01 -5.2189e+00 +1.7608e+00 +2.0809e+00
237 +8.280067752e+00 +8.280067752e+00 +8.005006775e+01 +8.005006775e+01 -1.2318e+00 +2.3747e+00 +1.8472e+00
976 +3.212658222e+00 +3.212658222e+00 +7.498265822e+01 +7.498265822e+01 -3.1064e+00 +1.8265e+00 +1.4465e+00
% function evaluation | noise-free fitness - Fopt (8.448800000000e+02) | best noise-free fitness - Fopt | measured fitness | best measured fitness | x1 | x2...
1 +3.391376365e+02 +3.391376365e+02 +1.184017637e+03 +1.184017637e+03 +0.0000e+00 +0.0000e+00 +0.0000e+00
2 +7.950293686e+01 +7.950293686e+01 +9.243829369e+02 +9.243829369e+02 +1.8407e+00 +3.1222e+00 -3.3272e+00
4 +7.419851887e+01 +7.419851887e+01 +9.190785189e+02 +9.190785189e+02 +9.6394e-01 +3.5607e+00 -2.9674e+00
15 +6.674777145e+01 +6.674777145e+01 +9.116277715e+02 +9.116277715e+02 +2.3889e+00 +3.1903e+00 -2.6332e+00
25 +6.078692323e+01 +6.078692323e+01 +9.056669232e+02 +9.056669232e+02 +2.2088e+00 +2.5523e+00 -1.9430e+00
28 +2.860633341e+01 +2.860633341e+01 +8.734863334e+02 +8.734863334e+02 +1.0930e+00 +1.6769e+00 -3.2420e+00
34 +1.515561361e+01 +1.515561361e+01 +8.600356136e+02 +8.600356136e+02 +4.9471e-02 -8.7361e-02 -3.6311e+00
99 +1.086587880e+01 +1.086587880e+01 +8.557458788e+02 +8.557458788e+02 +1.3354e+00 +4.6375e-01 -4.2652e+00
168 +6.321234804e+00 +6.321234804e+00 +8.512012348e+02 +8.512012348e+02 +3.2138e+00 +5.1672e-01 -4.2360e+00
533 +5.101907043e+00 +5.101907043e+00 +8.499819070e+02 +8.499819070e+02 +3.2958e+00 +4.6305e-01 -3.5638e+00
671 +4.772703791e+00 +4.772703791e+00 +8.496527038e+02 +8.496527038e+02 +3.1696e+00 +1.0188e+00 -3.1818e+00
1791 +2.593294911e+00 +2.593294911e+00 +8.474732949e+02 +8.474732949e+02 +4.1298e+00 +5.2430e-01 -3.2287e+00
1824 +2.536472454e+00 +2.536472454e+00 +8.474164725e+02 +8.474164725e+02 +4.1283e+00 +5.0515e-01 -3.2404e+00
2004 +2.360348679e+00 +2.360348679e+00 +8.472403487e+02 +8.472403487e+02 +4.1430e+00 +5.0358e-01 -3.2449e+00
2051 +2.232542796e+00 +2.232542796e+00 +8.471125428e+02 +8.471125428e+02 +4.1609e+00 +4.9150e-01 -3.2085e+00
2079 +2.038578816e+00 +2.038578816e+00 +8.469185788e+02 +8.469185788e+02 +4.1583e+00 +5.0369e-01 -3.2262e+00
2616 +1.994090292e+00 +1.994090292e+00 +8.468740903e+02 +8.468740903e+02 +4.1521e+00 +5.0123e-01 -3.2243e+00
% function evaluation | noise-free fitness - Fopt (-4.222000000000e+01) | best noise-free fitness - Fopt | measured fitness | best measured fitness | x1 | x2...
1 +1.641186499e+02 +1.641186499e+02 +1.218986499e+02 +1.218986499e+02 +0.0000e+00 +0.0000e+00 +0.0000e+00
4 +1.100661735e+02 +1.100661735e+02 +6.784617353e+01 +6.784617353e+01 +2.1929e-02 -6.1113e-01 +2.7456e-01
10 +6.424823541e+01 +6.424823541e+01 +2.202823541e+01 +2.202823541e+01 -2.7242e+00 -2.1695e+00 +1.8534e+00
14 +5.644168135e+01 +5.644168135e+01 +1.422168135e+01 +1.422168135e+01 -5.6449e+00 -4.6285e+00 +2.0336e+00
18 +5.018902531e+01 +5.018902531e+01 +7.969025309e+00 +7.969025309e+00 -3.7376e+00 -2.1350e+00 +2.0440e+00
20 +3.513677642e+01 +3.513677642e+01 -7.083223585e+00 -7.083223585e+00 -1.7002e+00 -3.1530e+00 +1.6719e+00
37 +2.969743935e+01 +2.969743935e+01 -1.252256065e+01 -1.252256065e+01 -2.0649e-01 -2.8388e+00 +1.6186e+00
39 +2.900643661e+01 +2.900643661e+01 -1.321356339e+01 -1.321356339e+01 +1.7851e+00 -3.2090e+00 +1.0263e+00
44 +2.623126697e+01 +2.623126697e+01 -1.598873303e+01 -1.598873303e+01 +2.0858e+00 -3.8929e+00 +1.3072e+00
47 +1.469729381e+01 +1.469729381e+01 -2.752270619e+01 -2.752270619e+01 +3.6472e+00 -4.3801e+00 +2.0323e+00
58 +5.582483279e+00 +5.582483279e+00 -3.663751672e+01 -3.663751672e+01 +2.5639e+00 -4.0081e+00 +2.0531e+00
745 +1.811110206e+00 +1.811110206e+00 -4.040888979e+01 -4.040888979e+01 +1.5913e+00 -3.4150e+00 +2.0115e+00
1150 +1.496144695e+00 +1.496144695e+00 -4.072385530e+01 -4.072385530e+01 +1.5572e+00 -4.5231e+00 +1.9996e+00
1640 +1.410750361e+00 +1.410750361e+00 -4.080924964e+01 -4.080924964e+01 +1.6049e+00 -4.5403e+00 +2.0012e+00
1725 +1.347758886e+00 +1.347758886e+00 -4.087224111e+01 -4.087224111e+01 +1.5608e+00 -4.5167e+00 +2.0227e+00
1750 +1.080785701e+00 +1.080785701e+00 -4.113921430e+01 -4.113921430e+01 +1.5892e+00 -4.5231e+00 +2.0133e+00
1942 +1.060203971e+00 +1.060203971e+00 -4.115979603e+01 -4.115979603e+01 +1.5627e+00 -4.5386e+00 +2.0101e+00
1967 +1.032818282e+00 +1.032818282e+00 -4.118718172e+01 -4.118718172e+01 +1.5738e+00 -4.5436e+00 +2.0096e+00
2013 +1.005063062e+00 +1.005063062e+00 -4.121493694e+01 -4.121493694e+01 +1.5834e+00 -4.5342e+00 +2.0119e+00
2276 +9.954721951e-01 +9.954721951e-01 -4.122452780e+01 -4.122452780e+01 +1.5800e+00 -4.5379e+00 +2.0127e+00
% function evaluation | noise-free fitness - Fopt (-9.179000000000e+01) | best noise-free fitness - Fopt | measured fitness | best measured fitness | x1 | x2...
1 +3.144740870e+02 +3.144740870e+02 +2.226840870e+02 +2.226840870e+02 +0.0000e+00 +0.0000e+00 +0.0000e+00
3 +7.649157109e+01 +7.649157109e+01 -1.529842891e+01 -1.529842891e+01 -2.5459e+00 +5.5255e-01 -1.7964e+00
13 +6.416335658e+01 +6.416335658e+01 -2.762664342e+01 -2.762664342e+01 -1.7064e+00 -9.5907e-01 -1.6579e+00
14 +4.753629552e+01 +4.753629552e+01 -4.425370448e+01 -4.425370448e+01 -4.1073e+00 +1.9963e+00 -2.9097e+00
17 +3.732380063e+01 +3.732380063e+01 -5.446619937e+01 -5.446619937e+01 -2.0837e+00 -3.1859e-01 -3.2663e+00
21 +1.458779492e+01 +1.458779492e+01 -7.720220508e+01 -7.720220508e+01 -3.1555e+00 +1.3710e+00 -2.8064e+00
76 +1.057657601e+01 +1.057657601e+01 -8.121342399e+01 -8.121342399e+01 -1.8867e+00 +8.0593e-01 -3.4667e+00
198 +6.726003514e+00 +6.726003514e+00 -8.506399649e+01 -8.506399649e+01 +9.2113e-02 +7.4641e-01 -3.1090e+00
305 +5.239274971e+00 +5.239274971e+00 -8.655072503e+01 -8.655072503e+01 -5.6950e-02 +2.3753e+00 -3.0653e+00
345 +4.214204394e+00 +4.214204394e+00 -8.757579561e+01 -8.757579561e+01 +9.2801e-01 +7.5620e-01 -3.0331e+00
% function evaluation | noise-free fitness - Fopt (-1.277000000000e+01) | best noise-free fitness - Fopt | measured fitness | best measured fitness | x1 | x2...
1 +1.333350336e+02 +1.333350336e+02 +1.205650336e+02 +1.205650336e+02 +0.0000e+00 +0.0000e+00 +0.0000e+00
9 +4.799435459e+01 +4.799435459e+01 +3.522435459e+01 +3.522435459e+01 +2.0419e+00 +7.4887e-01 -8.0731e-01
28 +4.514168893e+01 +4.514168893e+01 +3.237168893e+01 +3.237168893e+01 +6.4166e+00 +2.9907e+00 -1.9048e+00
37 +3.281875877e+01 +3.281875877e+01 +2.004875877e+01 +2.004875877e+01 +3.5224e+00 +6.3167e-01 -1.7307e+00
43 +1.970426507e+01 +1.970426507e+01 +6.934265068e+00 +6.934265068e+00 +1.8075e+00 +1.9115e+00 -1.7917e+00
72 +1.182234176e+01 +1.182234176e+01 -9.476582413e-01 -9.476582413e-01 +2.5710e+00 +9.1617e-01 -1.4999e+00
137 +9.639188939e-01 +9.639188939e-01 -1.180608111e+01 -1.180608111e+01 +3.6655e+00 +1.4370e+00 -2.1671e+00
2171 +2.790639142e-01 +2.790639142e-01 -1.249093609e+01 -1.249093609e+01 +3.6454e+00 +1.4626e+00 -2.1690e+00
% function evaluation | noise-free fitness - Fopt (-1.000000000000e+03) | best noise-free fitness - Fopt | measured fitness | best measured fitness | x1 | x2...
1 +1.841706729e+02 +1.841706729e+02 -8.158293271e+02 -8.158293271e+02 +0.0000e+00 +0.0000e+00 +0.0000e+00
2 +1.666943556e+02 +1.666943556e+02 -8.333056444e+02 -8.333056444e+02 -4.0498e+00 -1.7283e+00 -4.0498e-02
3 +6.394563999e+01 +6.394563999e+01 -9.360543600e+02 -9.360543600e+02 -3.9504e+00 -4.5669e+00 -1.4125e+00
13 +2.507934767e+01 +2.507934767e+01 -9.749206523e+02 -9.749206523e+02 -3.8211e+00 -3.3355e+00 -1.9091e+00
33 +2.245634618e+01 +2.245634618e+01 -9.775436538e+02 -9.775436538e+02 -4.2696e+00 -3.3520e+00 -2.2322e+00
42 +1.600155016e+01 +1.600155016e+01 -9.839984498e+02 -9.839984498e+02 -9.2953e-01 -2.9584e+00 -2.9103e+00
81 +1.224484439e+01 +1.224484439e+01 -9.877551556e+02 -9.877551556e+02 -2.1402e+00 -3.3453e+00 -2.1966e+00
505 +9.388137488e+00 +9.388137488e+00 -9.906118625e+02 -9.906118625e+02 -1.9130e+00 -2.7593e+00 -2.1441e+00
527 +7.385879587e+00 +7.385879587e+00 -9.926141204e+02 -9.926141204e+02 -2.0317e+00 -3.5005e+00 -2.2161e+00
932 +6.782373222e+00 +6.782373222e+00 -9.932176268e+02 -9.932176268e+02 -9.7382e-01 -2.7520e+00 -2.6269e+00
1193 +1.897700309e+00 +1.897700309e+00 -9.981022997e+02 -9.981022997e+02 -9.5390e-01 -3.4245e+00 -2.5907e+00
1889 +1.611114383e+00 +1.611114383e+00 -9.983888856e+02 -9.983888856e+02 -9.9546e-01 -3.3901e+00 -2.5921e+00
1959 +1.572729905e+00 +1.572729905e+00 -9.984272701e+02 -9.984272701e+02 -9.4310e-01 -3.3857e+00 -2.5758e+00
1973 +1.436558527e+00 +1.436558527e+00 -9.985634415e+02 -9.985634415e+02 -9.7916e-01 -3.3983e+00 -2.5585e+00
2059 +1.256179096e+00 +1.256179096e+00 -9.987438209e+02 -9.987438209e+02 -9.8250e-01 -3.4276e+00 -2.5775e+00
2070 +1.207884993e+00 +1.207884993e+00 -9.987921150e+02 -9.987921150e+02 -9.9143e-01 -3.3933e+00 -2.5642e+00
2086 +1.055854145e+00 +1.055854145e+00 -9.989441459e+02 -9.989441459e+02 -9.7396e-01 -3.3986e+00 -2.5775e+00
2237 +1.004745671e+00 +1.004745671e+00 -9.989952543e+02 -9.989952543e+02 -9.8644e-01 -3.3955e+00 -2.5750e+00
2686 +9.987838322e-01 +9.987838322e-01 -9.990012162e+02 -9.990012162e+02 -9.9257e-01 -3.4031e+00 -2.5750e+00
% function evaluation | noise-free fitness - Fopt (-1.000000000000e+03) | best noise-free fitness - Fopt | measured fitness | best measured fitness | x1 | x2...
1 +5.012215930e+01 +5.012215930e+01 -9.498778407e+02 -9.498778407e+02 +0.0000e+00 +0.0000e+00 +0.0000e+00
5 +4.690255072e+01 +4.690255072e+01 -9.530974493e+02 -9.530974493e+02 +1.8897e-01 +6.3051e-01 +9.7290e-01
14 +2.825833989e+01 +2.825833989e+01 -9.717416601e+02 -9.717416601e+02 +8.8065e-01 +1.2172e+00 +7.1379e-01
26 +2.303538369e+01 +2.303538369e+01 -9.769646163e+02 -9.769646163e+02 -2.8251e-01 -5.1277e-02 +8.5953e-01
41 +2.096572855e+01 +2.096572855e+01 -9.790342714e+02 -9.790342714e+02 -1.2572e+00 +1.7022e+00 +2.0691e+00
59 +1.687753781e+01 +1.687753781e+01 -9.831224622e+02 -9.831224622e+02 -1.1597e+00 +1.1331e+00 +7.8193e-01
159 +1.059478976e+01 +1.059478976e+01 -9.894052102e+02 -9.894052102e+02 -5.1711e+00 +6.5950e-01 +1.1972e+00
239 +8.313448481e+00 +8.313448481e+00 -9.916865515e+02 -9.916865515e+02 -4.2732e+00 +8.4173e-02 +1.8578e+00
246 +7.555278970e+00 +7.555278970e+00 -9.924447210e+02 -9.924447210e+02 -4.1237e+00 +1.4796e-01 +1.1933e+00
376 +7.119188585e+00 +7.119188585e+00 -9.928808114e+02 -9.928808114e+02 -3.9840e+00 +4.4335e-02 +1.4950e+00
806 +7.011636266e+00 +7.011636266e+00 -9.929883637e+02 -9.929883637e+02 -2.1359e+00 +1.1648e+00 +1.2071e+00
880 +2.267803483e+00 +2.267803483e+00 -9.977321965e+02 -9.977321965e+02 -2.1921e+00 +1.2240e+00 +1.8719e+00
1751 +2.075670203e+00 +2.075670203e+00 -9.979243298e+02 -9.979243298e+02 -1.1774e+00 +6.3392e-01 +1.4905e+00
1819 +1.852291799e+00 +1.852291799e+00 -9.981477082e+02 -9.981477082e+02 -1.1919e+00 +6.4900e-01 +1.5146e+00
1849 +1.214736495e+00 +1.214736495e+00 -9.987852635e+02 -9.987852635e+02 -1.1666e+00 +6.5253e-01 +1.4965e+00
2286 +1.185246524e+00 +1.185246524e+00 -9.988147535e+02 -9.988147535e+02 -1.1555e+00 +6.6678e-01 +1.4964e+00
2288 +1.169061209e+00 +1.169061209e+00 -9.988309388e+02 -9.988309388e+02 -1.1615e+00 +6.5768e-01 +1.4955e+00
2298 +1.142579759e+00 +1.142579759e+00 -9.988574202e+02 -9.988574202e+02 -1.1671e+00 +6.6428e-01 +1.4927e+00
2307 +1.086264184e+00 +1.086264184e+00 -9.989137358e+02 -9.989137358e+02 -1.1762e+00 +6.7709e-01 +1.4996e+00
2329 +1.062972790e+00 +1.062972790e+00 -9.989370272e+02 -9.989370272e+02 -1.1737e+00 +6.7279e-01 +1.5060e+00
2416 +1.044750903e+00 +1.044750903e+00 -9.989552491e+02 -9.989552491e+02 -1.1725e+00 +6.7620e-01 +1.5010e+00
2441 +9.964379141e-01 +9.964379141e-01 -9.990035621e+02 -9.990035621e+02 -1.1692e+00 +6.6646e-01 +1.5016e+00
