% function evaluation | noise-free fitness - Fopt (-5.465000000000e+02) | best noise-free fitness - Fopt | measured fitness | best measured fitness | x1 | x2...
1 +6.592654473e+03 +6.592654473e+03 +6.046154473e+03 +6.046154473e+03 +0.0000e+00 +0.0000e+00 +0.0000e+00 +0.0000e+00 +0.0000e+00
4 +5.521295556e+03 +5.521295556e+03 +4.974795556e+03 +4.974795556e+03 +5.7631e-02 -2.7131e+00 -7.8080e-01 -6.9112e-01 +1.1430e+00
12 +2.995086800e+03 +2.995086800e+03 +2.448586800e+03 +2.448586800e+03 -3.5885e-01 -2.4473e+00 -3.6716e-01 -1.2049e+00 +2.1829e+00
17 +2.415802633e+03 +2.415802633e+03 +1.869302633e+03 +1.869302633e+03 +1.2478e-02 -2.4804e+00 +6.6216e-02 -2.2306e+00 +8.9060e-01
31 +5.889355554e+00 +5.889355554e+00 -5.406106444e+02 -5.406106444e+02 +1.3260e+00 -5.3079e-01 +4.2220e-01 -1.5450e+00 +8.6153e-01
43 +3.474560925e+00 +3.474560925e+00 -5.430254391e+02 -5.430254391e+02 +2.1161e+00 +1.8607e+00 +2.0563e+00 -1.3559e+00 +2.2952e+00
64 +2.535194886e+00 +2.535194886e+00 -5.439648051e+02 -5.439648051e+02 +1.4353e+00 +1.9442e+00 +3.6968e-02 -1.1038e+00 +2.4354e+00
67 +1.827981419e+00 +1.827981419e+00 -5.446720186e+02 -5.446720186e+02 +6.5055e-01 +1.9877e+00 +9.1254e-02 -1.0864e+00 +2.4168e+00
1150 +1.793667678e+00 +1.793667678e+00 -5.447063323e+02 -5.447063323e+02 -2.1679e+00 +1.0975e+00 +1.6895e+00 -6.8827e-01 +2.4950e+00
1151 +1.482078347e+00 +1.482078347e+00 -5.450179217e+02 -5.450179217e+02 -1.9415e+00 +2.1570e+00 +2.1473e+00 -9.2236e-01 +2.3239e+00
1263 +1.169086344e+00 +1.169086344e+00 -5.453309137e+02 -5.453309137e+02 -2.0579e+00 +2.2035e+00 +2.0814e+00 -1.7406e+00 +2.1506e+00
1786 +1.102247643e+00 +1.102247643e+00 -5.453977524e+02 -5.453977524e+02 -2.0568e+00 +1.2681e+00 +2.3495e+00 -1.5491e+00 +2.2161e+00
1957 +9.018029691e-01 +9.018029691e-01 -5.455981970e+02 -5.455981970e+02 -2.1078e+00 +2.0312e+00 +2.1130e+00 -1.1467e+00 +2.3387e+00
3043 +8.864014148e-01 +8.864014148e-01 -5.456135986e+02 -5.456135986e+02 -2.1446e+00 +2.1167e+00 +6.8910e-02 -6.7753e-01 +2.4312e+00
3130 +8.689129424e-01 +8.689129424e-01 -5.456310871e+02 -5.456310871e+02 -2.1714e+00 +2.1016e+00 +7.6025e-02 -6.6311e-01 +2.4395e+00
3151 +7.963924334e-01 +7.963924334e-01 -5.457036076e+02 -5.457036076e+02 -2.1267e+00 +2.0673e+00 +5.0860e-02 -6.7864e-01 +2.4716e+00
3309 +7.601018257e-01 +7.601018257e-01 -5.457398982e+02 -5.457398982e+02 -2.0576e+00 +2.1525e+00 +7.2822e-02 -6.6711e-01 +2.4658e+00
3592 +7.439739909e-01 +7.439739909e-01 -5.457560260e+02 -5.457560260e+02 -2.1192e+00 +2.1257e+00 +3.5272e-02 -6.7793e-01 +2.4618e+00
3686 +7.409813749e-01 +7.409813749e-01 -5.457590186e+02 -5.457590186e+02 -2.0664e+00 +2.1323e+00 +5.5388e-02 -6.7580e-01 +2.4614e+00
3761 +7.221185041e-01 +7.221185041e-01 -5.457778815e+02 -5.457778815e+02 -2.1040e+00 +2.1036e+00 +4.6058e-02 -6.7521e-01 +2.4612e+00
3973 +7.073413903e-01 +7.073413903e-01 -5.457926586e+02 -5.457926586e+02 -2.0915e+00 +2.1086e+00 +6.4534e-02 -6.7162e-01 +2.4665e+00
% function evaluation | noise-free fitness - Fopt (1.000000000000e+03) | best noise-free fitness - Fopt | measured fitness | best measured fitness | x1 | x2...
1 +6.592654473e+03 +6.592654473e+03 +7.592654473e+03 +7.592654473e+03 +0.0000e+00 +0.0000e+00 +0.0000e+00 +0.0000e+00 +0.0000e+00
2 +4.496129112e+03 +4.496129112e+03 +5.496129112e+03 +5.496129112e+03 +1.0639e+00 +3.9605e-01 +1.2490e+00 -6.2073e-01 -2.4993e-01
13 +2.622012756e+03 +2.622012756e+03 +3.622012756e+03 +3.622012756e+03 +7.4008e-01 -2.0819e-01 +1.3421e+00 -9.5619e-01 -2.0960e+00
20 +1.089384008e+03 +1.089384008e+03 +2.089384008e+03 +2.089384008e+03 +1.2434e+00 +1.8959e+00 -3.6850e-01 -8.2354e-01 -4.4821e-01
24 +1.548052069e+01 +1.548052069e+01 +1.015480521e+03 +1.015480521e+03 +2.1763e+00 +1.3355e+00 -6.8341e-01 -1.1522e+00 -8.3441e-01
50 +2.853986440e+00 +2.853986440e+00 +1.002853986e+03 +1.002853986e+03 +7.8264e-01 +1.0818e-01 -4.5199e-01 -1.4298e+00 -1.1683e+00
247 +2.266166846e+00 +2.266166846e+00 +1.002266167e+03 +1.002266167e+03 -2.1239e+00 -6.9799e-01 -1.1732e+00 -2.3015e+00 -1.2870e+00
499 +2.220330017e+00 +2.220330017e+00 +1.002220330e+03 +1.002220330e+03 -3.8726e-01 -2.1221e-01 -1.6737e+00 -6.6578e-01 -1.3239e+00
1131 +1.496541265e+00 +1.496541265e+00 +1.001496541e+03 +1.001496541e+03 +1.3838e+00 +2.5194e-01 -8.6089e-03 -2.6638e+00 -1.9363e+00
1843 +1.395104862e+00 +1.395104862e+00 +1.001395105e+03 +1.001395105e+03 -2.2645e+00 +4.7827e-01 -2.4859e+00 -1.9805e+00 -9.9000e-01
% function evaluation | noise-free fitness - Fopt (2.083800000000e+02) | best noise-free fitness - Fopt | measured fitness | best measured fitness | x1 | x2...
1 +6.592654473e+03 +6.592654473e+03 +6.801034473e+03 +6.801034473e+03 +0.0000e+00 +0.0000e+00 +0.0000e+00 +0.0000e+00 +0.0000e+00
3 +4.976374773e+03 +4.976374773e+03 +5.184754773e+03 +5.184754773e+03 +1.0071e+00 -8.7687e-01 +5.9624e-01 +6.2299e-01 -8.8259e-02
9 +2.787802039e+03 +2.787802039e+03 +2.996182039e+03 +2.996182039e+03 -6.6300e-02 -1.6222e+00 +1.9776e+00 +7.4423e-02 +3.4980e+00
11 +8.050023782e+02 +8.050023782e+02 +1.013382378e+03 +1.013382378e+03 -1.1496e+00 +1.5885e+00 -2.4278e-01 +8.5249e-01 +5.1458e-01
16 +4.414554421e+00 +4.414554421e+00 +2.127945544e+02 +2.127945544e+02 -9.9700e-01 +1.6626e+00 +1.0406e+00 +4.1164e-01 +1.2303e+00
61 +2.735199528e+00 +2.735199528e+00 +2.111151995e+02 +2.111151995e+02 -2.8557e-01 +2.5342e+00 +1.1906e+00 +1.3899e+00 +2.2452e+00
85 +2.559879791e+00 +2.559879791e+00 +2.109398798e+02 +2.109398798e+02 -2.2627e+00 +1.2047e+00 +2.2905e+00 +1.3012e+00 +1.8333e+00
567 +2.172343859e+00 +2.172343859e+00 +2.105523439e+02 +2.105523439e+02 -2.1330e+00 +1.9026e+00 +6.0111e-01 +1.3651e+00 +1.1752e+00
703 +1.992060032e+00 +1.992060032e+00 +2.103720600e+02 +2.103720600e+02 -2.0334e+00 +2.2431e+00 +2.0073e+00 +1.8396e+00 +2.1234e+00
1082 +1.633354867e+00 +1.633354867e+00 +2.100133549e+02 +2.100133549e+02 -2.2067e+00 -4.4997e-02 +2.5892e+00 +4.8640e-01 +2.1493e+00
1397 +1.448406705e+00 +1.448406705e+00 +2.098284067e+02 +2.098284067e+02 -2.1000e+00 -6.8718e-01 +2.8818e+00 +1.0930e+00 +2.3398e+00
2054 +1.408657658e+00 +1.408657658e+00 +2.097886577e+02 +2.097886577e+02 -2.0985e+00 +1.3030e+00 +2.3557e+00 +5.7873e-01 +2.1561e+00
2263 +1.054015833e+00 +1.054015833e+00 +2.094340158e+02 +2.094340158e+02 -2.0855e+00 +1.2393e+00 +2.3263e+00 +1.6092e+00 +2.2617e+00
2539 +9.860402682e-01 +9.860402682e-01 +2.093660403e+02 +2.093660403e+02 -1.9454e+00 +1.4076e+00 +2.3048e+00 +2.0823e+00 +2.1485e+00
2676 +7.223814961e-01 +7.223814961e-01 +2.091023815e+02 +2.091023815e+02 -2.0557e+00 +1.3877e+00 +2.3018e+00 +2.0875e+00 +2.0824e+00
2747 +7.064946086e-01 +7.064946086e-01 +2.090864946e+02 +2.090864946e+02 -1.9874e+00 +1.3016e+00 +2.3539e+00 +2.0740e+00 +2.1175e+00
2809 +5.106313578e-01 +5.106313578e-01 +2.088906314e+02 +2.088906314e+02 -2.0361e+00 +1.3061e+00 +2.3264e+00 +2.0382e+00 +2.1132e+00
2997 +4.891626253e-01 +4.891626253e-01 +2.088691626e+02 +2.088691626e+02 -2.0983e+00 +1.2546e+00 +2.2999e+00 +2.0375e+00 +2.1225e+00
3228 +4.448465568e-01 +4.448465568e-01 +2.088248466e+02 +2.088248466e+02 -2.1042e+00 +1.2877e+00 +2.3034e+00 +2.0423e+00 +2.1208e+00
3865 +4.356732953e-01 +4.356732953e-01 +2.088156733e+02 +2.088156733e+02 -2.1066e+00 +1.2843e+00 +2.3081e+00 +2.0571e+00 +2.1177e+00
% function evaluation | noise-free fitness - Fopt (-1.449600000000e+02) | best noise-free fitness - Fopt | measured fitness | best measured fitness | x1 | x2...
1 +6.592654473e+03 +6.592654473e+03 +6.447694473e+03 +6.447694473e+03 +0.0000e+00 +0.0000e+00 +0.0000e+00 +0.0000e+00 +0.0000e+00
4 +2.679280664e+03 +2.679280664e+03 +2.534320664e+03 +2.534320664e+03 +4.0859e+00 -1.0987e+00 -6.5751e-01 -1.0687e-01 -5.8320e-01
5 +1.618496679e+03 +1.618496679e+03 +1.473536679e+03 +1.473536679e+03 -1.3576e-01 +2.7722e-01 +9.0135e-01 -5.3807e-01 -1.8830e+00
20 +1.257927763e+02 +1.257927763e+02 -1.916722368e+01 -1.916722368e+01 -4.6630e-01 -4.4237e-01 +3.8020e-01 -1.2514e+00 -2.1896e+00
23 +3.960110108e+00 +3.960110108e+00 -1.409998899e+02 -1.409998899e+02 +5.1862e-02 -2.1769e+00 -9.8413e-01 -9.2932e-01 -2.3397e+00
28 +3.607956427e+00 +3.607956427e+00 -1.413520436e+02 -1.413520436e+02 +1.3454e-01 -3.8720e-02 -7.1088e-01 -1.8752e+00 -1.6367e+00
103 +3.170621950e+00 +3.170621950e+00 -1.417893781e+02 -1.417893781e+02 -1.8155e+00 -8.3491e-01 -1.8557e+00 -9.4739e-01 -2.0581e+00
127 +2.961374784e+00 +2.961374784e+00 -1.419986252e+02 -1.419986252e+02 -1.7195e+00 +5.4594e-01 -2.6743e+00 -3.9941e-01 -2.0640e+00
178 +2.856668529e+00 +2.856668529e+00 -1.421033315e+02 -1.421033315e+02 -2.1965e+00 -2.1928e+00 -9.1624e-02 -8.3650e-01 -2.0377e+00
181 +2.612556449e+00 +2.612556449e+00 -1.423474436e+02 -1.423474436e+02 +2.9220e-01 +3.4644e-02 -1.6819e+00 -1.7986e+00 -2.1505e+00
271 +2.471090589e+00 +2.471090589e+00 -1.424889094e+02 -1.424889094e+02 -2.2257e+00 -1.3055e+00 -1.1262e+00 -2.4186e+00 -1.9290e+00
278 +1.705226914e+00 +1.705226914e+00 -1.432547731e+02 -1.432547731e+02 -2.2528e+00 -1.8881e+00 -8.9611e-02 -2.6076e+00 -1.4174e+00
705 +1.375567613e+00 +1.375567613e+00 -1.435844324e+02 -1.435844324e+02 -1.9896e+00 -2.0349e+00 -2.1229e+00 -2.1385e+00 -1.6577e+00
1112 +7.281937553e-01 +7.281937553e-01 -1.442318062e+02 -1.442318062e+02 -1.9819e+00 -2.0169e+00 -2.1450e+00 -2.1606e+00 -2.0594e+00
3036 +6.835595791e-01 +6.835595791e-01 -1.442764404e+02 -1.442764404e+02 -2.0615e+00 -2.1887e+00 -2.0596e+00 -1.6116e+00 -2.2307e+00
3051 +5.943757396e-01 +5.943757396e-01 -1.443656243e+02 -1.443656243e+02 -2.0364e+00 -2.1208e+00 -2.1085e+00 -1.6004e+00 -2.2322e+00
3104 +5.209433284e-01 +5.209433284e-01 -1.444390567e+02 -1.444390567e+02 -2.1253e+00 -2.0909e+00 -2.0663e+00 -1.6404e+00 -2.2107e+00
3274 +4.823264159e-01 +4.823264159e-01 -1.444776736e+02 -1.444776736e+02 -2.0621e+00 -2.1464e+00 -2.0861e+00 -1.6644e+00 -2.2180e+00
3704 +4.504488299e-01 +4.504488299e-01 -1.445095512e+02 -1.445095512e+02 -2.1334e+00 -2.0785e+00 -2.1118e+00 -1.6446e+00 -2.2163e+00
3933 +4.443144102e-01 +4.443144102e-01 -1.445156856e+02 -1.445156856e+02 -2.1107e+00 -2.1201e+00 -2.0994e+00 -1.6511e+00 -2.2119e+00
4505 +4.361703571e-01 +4.361703571e-01 -1.445238296e+02 -1.445238296e+02 -2.1076e+00 -2.1028e+00 -2.1047e+00 -1.6473e+00 -2.2234e+00
% function evaluation | noise-free fitness - Fopt (-6.300000000000e+00) | best noise-free fitness - Fopt | measured fitness | best measured fitness | x1 | x2...
1 +6.592654473e+03 +6.592654473e+03 +6.586354473e+03 +6.586354473e+03 +0.0000e+00 +0.0000e+00 +0.0000e+00 +0.0000e+00 +0.0000e+00
7 +1.508991434e+03 +1.508991434e+03 +1.502691434e+03 +1.502691434e+03 -8.6016e-01 -6.5770e-01 -1.4193e-01 -1.6445e-01 -1.7872e+00
12 +5.170596664e+01 +5.170596664e+01 +4.540596664e+01 +4.540596664e+01 +2.9578e-02 -5.7092e-01 -1.2684e-01 +1.3165e+00 -7.3656e-01
22 +4.456883694e+00 +4.456883694e+00 -1.843116306e+00 -1.843116306e+00 -2.3554e+00 -2.7967e+00 -1.2590e+00 +1.4805e+00 -1.9400e+00
83 +3.860497968e+00 +3.860497968e+00 -2.439502032e+00 -2.439502032e+00 -8.1789e-01 -6.1027e-01 -4.8700e-01 +2.6075e+00 -1.0254e+00
135 +3.423281857e+00 +3.423281857e+00 -2.876718143e+00 -2.876718143e+00 +8.8641e-01 -9.2445e-01 -2.3533e+00 +1.7023e+00 -1.2909e+00
189 +2.215470626e+00 +2.215470626e+00 -4.084529374e+00 -4.084529374e+00 +2.0675e+00 -2.0691e+00 -6.7387e-01 +1.4755e+00 -1.9346e+00
772 +2.041671870e+00 +2.041671870e+00 -4.258328130e+00 -4.258328130e+00 -1.6938e+00 -2.8285e+00 +8.3419e-02 +2.5540e+00 -1.9776e+00
782 +1.946038290e+00 +1.946038290e+00 -4.353961710e+00 -4.353961710e+00 -1.4626e+00 -2.9628e+00 +1.7272e-01 +2.3233e+00 -1.7006e+00
1078 +1.688602723e+00 +1.688602723e+00 -4.611397277e+00 -4.611397277e+00 -1.5688e+00 -1.6234e+00 -1.6595e-01 +2.5320e+00 -2.0434e+00
1341 +1.332526944e+00 +1.332526944e+00 -4.967473056e+00 -4.967473056e+00 -1.4890e+00 -2.9514e+00 +2.5638e-01 +1.1427e+00 -2.3076e+00
2166 +1.309838337e+00 +1.309838337e+00 -4.990161663e+00 -4.990161663e+00 -1.4695e+00 -3.3193e-01 -5.2182e-01 +2.5358e+00 -1.6345e+00
2576 +1.244073369e+00 +1.244073369e+00 -5.055926631e+00 -5.055926631e+00 -1.4023e+00 -3.5189e-01 -5.6515e-01 +2.4810e+00 -2.0554e+00
2604 +8.080735720e-01 +8.080735720e-01 -5.491926428e+00 -5.491926428e+00 -1.4190e+00 -2.9478e-01 -5.2264e-01 +2.4933e+00 -2.0058e+00
2697 +7.346211905e-01 +7.346211905e-01 -5.565378809e+00 -5.565378809e+00 -1.4898e+00 -2.7669e-01 -5.1514e-01 +2.5002e+00 -1.9961e+00
3309 +7.188940925e-01 +7.188940925e-01 -5.581105907e+00 -5.581105907e+00 -1.5176e+00 -2.9623e-01 -5.3691e-01 +2.4934e+00 -2.0107e+00
% function evaluation | noise-free fitness - Fopt (2.796000000000e+01) | best noise-free fitness - Fopt | measured fitness | best measured fitness | x1 | x2...
1 +6.592654473e+03 +6.592654473e+03 +6.620614473e+03 +6.620614473e+03 +0.0000e+00 +0.0000e+00 +0.0000e+00 +0.0000e+00 +0.0000e+00
8 +4.992223628e+03 +4.992223628e+03 +5.020183628e+03 +5.020183628e+03 -4.4611e-01 -1.2185e+00 -3.2895e-02 +6.9389e-01 -1.0350e+00
10 +2.995794200e+03 +2.995794200e+03 +3.023754200e+03 +3.023754200e+03 +3.6704e+00 -3.5292e-01 -1.2187e+00 -1.8194e+00 -1.6066e+00
13 +5.011955854e+02 +5.011955854e+02 +5.291555854e+02 +5.291555854e+02 +3.0383e+00 -7.9382e-01 +3.2434e-01 -2.4479e+00 -1.7422e+00
35 +2.684997424e+01 +2.684997424e+01 +5.480997424e+01 +5.480997424e+01 +2.7442e+00 +1.8067e+00 +1.9211e-01 -1.2074e+00 -1.3910e+00
100 +2.289023057e+01 +2.289023057e+01 +5.085023057e+01 +5.085023057e+01 +6.9532e-01 +3.2364e-01 +2.5753e-01 -6.0575e-01 -9.5466e-01
106 +3.927544810e+00 +3.927544810e+00 +3.188754481e+01 +3.188754481e+01 +1.5865e+00 -3.0211e-02 +9.5467e-01 -1.8576e+00 -1.0526e+00
114 +3.832353961e+00 +3.832353961e+00 +3.179235396e+01 +3.179235396e+01 +1.5824e+00 +1.4057e+00 +1.2008e+00 -1.3943e+00 -1.3378e+00
154 +3.397508354e+00 +3.397508354e+00 +3.135750835e+01 +3.135750835e+01 +1.7158e+00 +1.4014e+00 +6.7650e-01 -7.7930e-01 -2.4350e+00
159 +2.882802790e+00 +2.882802790e+00 +3.084280279e+01 +3.084280279e+01 +2.3686e+00 +2.4848e+00 -3.0664e-02 -1.5119e+00 -1.9114e+00
228 +2.680187843e+00 +2.680187843e+00 +3.064018784e+01 +3.064018784e+01 +1.3930e+00 +2.2245e+00 +1.4294e+00 -1.0414e+00 -1.2717e+00
240 +2.608169864e+00 +2.608169864e+00 +3.056816986e+01 +3.056816986e+01 +1.5262e+00 +1.9956e+00 +1.7204e-01 -1.0237e+00 -1.8118e+00
499 +2.043038131e+00 +2.043038131e+00 +3.000303813e+01 +3.000303813e+01 -3.0691e-01 -2.2081e-01 +1.9231e+00 -2.1730e+00 -2.0643e+00
780 +1.711868194e+00 +1.711868194e+00 +2.967186819e+01 +2.967186819e+01 -1.9185e+00 +2.0520e+00 +1.4284e-01 -1.8127e+00 -2.2109e+00
935 +1.278699375e+00 +1.278699375e+00 +2.923869937e+01 +2.923869937e+01 -2.2409e+00 +2.1394e+00 +9.5407e-01 -2.3434e+00 -2.0607e+00
2365 +1.153479825e+00 +1.153479825e+00 +2.911347982e+01 +2.911347982e+01 -1.0009e+00 +2.4321e+00 +2.0083e+00 -6.9336e-01 -2.4758e+00
3059 +1.118897904e+00 +1.118897904e+00 +2.907889790e+01 +2.907889790e+01 -1.0053e+00 +2.4023e+00 +1.4270e+00 -7.5213e-01 -2.4439e+00
% function evaluation | noise-free fitness - Fopt (-6.338000000000e+01) | best noise-free fitness - Fopt | measured fitness | best measured fitness | x1 | x2...
1 +6.592654473e+03 +6.592654473e+03 +6.529274473e+03 +6.529274473e+03 +0.0000e+00 +0.0000e+00 +0.0000e+00 +0.0000e+00 +0.0000e+00
15 +3.909741774e+03 +3.909741774e+03 +3.846361774e+03 +3.846361774e+03 +2.4362e-01 +1.9844e+00 -2.2110e+00 -1.4048e+00 -1.7325e+00
18 +1.474989906e+03 +1.474989906e+03 +1.411609906e+03 +1.411609906e+03 -3.3947e-01 +1.3020e+00 -1.2454e+00 -1.2917e+00 -5.7747e-01
34 +2.638302554e+02 +2.638302554e+02 +2.004502554e+02 +2.004502554e+02 +2.3580e-01 +2.3721e+00 -1.0041e+00 -2.4235e+00 -1.0351e+00
35 +2.140971428e+00 +2.140971428e+00 -6.123902857e+01 -6.123902857e+01 -1.5719e+00 +3.0002e+00 +6.7243e-01 -2.5644e+00 -8.9811e-01
638 +1.783304057e+00 +1.783304057e+00 -6.159669594e+01 -6.159669594e+01 +8.1892e-01 +2.4612e+00 +2.0266e+00 -1.5829e+00 -1.0916e+00
733 +1.738018639e+00 +1.738018639e+00 -6.164198136e+01 -6.164198136e+01 +2.1473e+00 +2.0432e+00 +6.7893e-02 -2.1883e+00 -1.2974e+00
1201 +1.375074865e+00 +1.375074865e+00 -6.200492514e+01 -6.200492514e+01 +2.2606e+00 +2.2135e+00 +1.3147e-02 -2.1425e+00 -2.1123e+00
2180 +1.326492764e+00 +1.326492764e+00 -6.205350724e+01 -6.205350724e+01 +2.0861e+00 +2.1641e+00 +1.1428e+00 -2.3358e+00 -8.5409e-01
2504 +1.275314526e+00 +1.275314526e+00 -6.210468547e+01 -6.210468547e+01 +1.0616e+00 +2.4485e+00 +1.3999e+00 -2.2889e+00 -8.9935e-01
2846 +1.120529277e+00 +1.120529277e+00 -6.225947072e+01 -6.225947072e+01 +1.0431e+00 +2.3743e+00 +1.4281e+00 -2.2654e+00 -9.1395e-01
% function evaluation | noise-free fitness - Fopt (-1.337200000000e+02) | best noise-free fitness - Fopt | measured fitness | best measured fitness | x1 | x2...
1 +6.592654473e+03 +6.592654473e+03 +6.458934473e+03 +6.458934473e+03 +0.0000e+00 +0.0000e+00 +0.0000e+00 +0.0000e+00 +0.0000e+00
7 +2.905877717e+03 +2.905877717e+03 +2.772157717e+03 +2.772157717e+03 -1.1916e+00 -1.2274e+00 -7.7741e-01 +2.3471e-01 +1.1712e+00
15 +2.757704843e+03 +2.757704843e+03 +2.623984843e+03 +2.623984843e+03 -1.1700e+00 -4.1289e-01 -6.5740e-01 +8.6735e-01 +2.6159e-01
26 +1.754255059e+01 +1.754255059e+01 -1.161774494e+02 -1.161774494e+02 -6.8441e-01 -1.8491e-01 +6.0485e-01 +1.9956e+00 +6.1450e-01
44 +3.095577521e+00 +3.095577521e+00 -1.306244225e+02 -1.306244225e+02 +1.0537e-01 +5.6034e-01 +8.1266e-01 +2.4194e+00 +1.9460e+00
50 +2.755206288e+00 +2.755206288e+00 -1.309647937e+02 -1.309647937e+02 +2.4922e-01 +2.4777e+00 +8.3592e-01 +1.9733e+00 +6.8851e-01
175 +2.187851044e+00 +2.187851044e+00 -1.315321490e+02 -1.315321490e+02 +2.5113e-01 -8.4751e-01 +1.3136e+00 +2.3290e+00 +2.0179e+00
265 +2.154479903e+00 +2.154479903e+00 -1.315655201e+02 -1.315655201e+02 -1.4021e+00 +1.0714e+00 +1.7401e+00 +2.2219e+00 +9.8314e-01
528 +2.060921870e+00 +2.060921870e+00 -1.316590781e+02 -1.316590781e+02 +2.9800e-01 +2.7518e+00 +1.8792e+00 +2.1554e+00 +1.0129e+00
636 +2.014633713e+00 +2.014633713e+00 -1.317053663e+02 -1.317053663e+02 +2.2878e+00 +1.9587e+00 +2.0590e+00 +1.7517e-01 +2.1721e+00
762 +1.502127619e+00 +1.502127619e+00 -1.322178724e+02 -1.322178724e+02 +2.1965e+00 -6.4205e-01 +1.8213e+00 +1.7277e+00 +2.1967e+00
1101 +7.766173043e-01 +7.766173043e-01 -1.329433827e+02 -1.329433827e+02 +2.1924e+00 +2.0840e+00 +2.0391e+00 +5.6174e-01 +2.4398e+00
1619 +4.170704118e-01 +4.170704118e-01 -1.333029296e+02 -1.333029296e+02 +2.0824e+00 +2.1985e+00 +2.1055e+00 +5.9643e-01 +2.4875e+00
2596 +2.966471027e-01 +2.966471027e-01 -1.334233529e+02 -1.334233529e+02 +1.9898e+00 +2.1573e+00 +2.1063e+00 +2.1545e+00 +2.1033e+00
2796 +1.326295605e-01 +1.326295605e-01 -1.335873704e+02 -1.335873704e+02 +2.0869e+00 +2.1705e+00 +2.1264e+00 +2.1165e+00 +2.1033e+00
2844 +2.011133822e-02 +2.011133822e-02 -1.336998887e+02 -1.336998887e+02 +2.1118e+00 +2.0877e+00 +2.0975e+00 +2.0990e+00 +2.1151e+00
3546 +1.084375526e-02 +1.084375526e-02 -1.337091562e+02 -1.337091562e+02 +2.0965e+00 +2.1263e+00 +2.0926e+00 +2.1111e+00 +2.0997e+00
3828 +1.024552325e-02 +1.024552325e-02 -1.337097545e+02 -1.337097545e+02 +2.0920e+00 +2.0927e+00 +2.1146e+00 +2.0984e+00 +2.1020e+00
3862 +9.769937767e-03 +9.769937767e-03 -1.337102301e+02 -1.337102301e+02 +2.1011e+00 +2.1086e+00 +2.0955e+00 +2.0964e+00 +2.1043e+00
3879 +7.228116666e-03 +7.228116666e-03 -1.337127719e+02 -1.337127719e+02 +2.1123e+00 +2.1012e+00 +2.1028e+00 +2.0955e+00 +2.1101e+00
3961 +3.002130443e-03 +3.002130443e-03 -1.337169979e+02 -1.337169979e+02 +2.0942e+00 +2.1071e+00 +2.1088e+00 +2.1066e+00 +2.1016e+00
4236 +2.330132765e-03 +2.330132765e-03 -1.337176699e+02 -1.337176699e+02 +2.1021e+00 +2.1050e+00 +2.0992e+00 +2.1055e+00 +2.1082e+00
4364 +1.654034832e-03 +1.654034832e-03 -1.337183460e+02 -1.337183460e+02 +2.1052e+00 +2.1077e+00 +2.1088e+00 +2.1025e+00 +2.1028e+00
4495 +1.389502615e-03 +1.389502615e-03 -1.337186105e+02 -1.337186105e+02 +2.1066e+00 +2.1114e+00 +2.1009e+00 +2.1056e+00 +2.1029e+00
4566 +8.989244528e-04 +8.989244528e-04 -1.337191011e+02 -1.337191011e+02 +2.1103e+00 +2.1017e+00 +2.1074e+00 +2.1014e+00 +2.1057e+00
4648 +8.875381440e-04 +8.875381440e-04 -1.337191125e+02 -1.337191125e+02 +2.1070e+00 +2.1034e+00 +2.1035e+00 +2.1071e+00 +2.1020e+00
4700 +6.541394380e-04 +6.541394380e-04 -1.337193459e+02 -1.337193459e+02 +2.1093e+00 +2.1013e+00 +2.1042e+00 +2.1071e+00 +2.1037e+00
4818 +6.397294530e-04 +6.397294530e-04 -1.337193603e+02 -1.337193603e+02 +2.1121e+00 +2.1036e+00 +2.1061e+00 +2.1052e+00 +2.1055e+00
4820 +3.750708252e-04 +3.750708252e-04 -1.337196249e+02 -1.337196249e+02 +2.1068e+00 +2.1045e+00 +2.1052e+00 +2.1027e+00 +2.1063e+00
4822 +3.456352984e-04 +3.456352984e-04 -1.337196544e+02 -1.337196544e+02 +2.1002e+00 +2.1074e+00 +2.1033e+00 +2.1043e+00 +2.1045e+00
4830 +2.537871451e-04 +2.537871451e-04 -1.337197462e+02 -1.337197462e+02 +2.1077e+00 +2.1039e+00 +2.1046e+00 +2.1033e+00 +2.1047e+00
4942 +2.420418805e-04 +2.420418805e-04 -1.337197580e+02 -1.337197580e+02 +2.1026e+00 +2.1068e+00 +2.1033e+00 +2.1038e+00 +2.1050e+00
5013 +2.355610719e-04 +2.355610719e-04 -1.337197644e+02 -1.337197644e+02 +2.1031e+00 +2.1056e+00 +2.1029e+00 +2.1062e+00 +2.1053e+00
5095 +1.392688927e-04 +1.392688927e-04 -1.337198607e+02 -1.337198607e+02 +2.1043e+00 +2.1049e+00 +2.1055e+00 +2.1061e+00 +2.1047e+00
5144 +9.530381899e-05 +9.530381899e-05 -1.337199047e+02 -1.337199047e+02 +2.1034e+00 +2.1042e+00 +2.1047e+00 +2.1047e+00 +2.1042e+00
5214 +7.087542696e-05 +7.087542696e-05 -1.337199291e+02 -1.337199291e+02 +2.1048e+00 +2.1054e+00 +2.1038e+00 +2.1046e+00 +2.1044e+00
5300 +5.828171592e-05 +5.828171592e-05 -1.337199417e+02 -1.337199417e+02 +2.1058e+00 +2.1044e+00 +2.1046e+00 +2.1043e+00 +2.1045e+00
5491 +3.987125751e-05 +3.987125751e-05 -1.337199601e+02 -1.337199601e+02 +2.1031e+00 +2.1054e+00 +2.1043e+00 +2.1051e+00 +2.1049e+00
5587 +3.968482736e-05 +3.968482736e-05 -1.337199603e+02 -1.337199603e+02 +2.1066e+00 +2.1047e+00 +2.1052e+00 +2.1048e+00 +2.1047e+00
5692 +1.297618684e-05 +1.297618684e-05 -1.337199870e+02 -1.337199870e+02 +2.1047e+00 +2.1054e+00 +2.1049e+00 +2.1045e+00 +2.1050e+00
5994 +4.200250601e-06 +4.200250601e-06 -1.337199958e+02 -1.337199958e+02 +2.1050e+00 +2.1049e+00 +2.1048e+00 +2.1046e+00 +2.1048e+00
6151 +3.775151271e-06 +3.775151271e-06 -1.337199962e+02 -1.337199962e+02 +2.1044e+00 +2.1051e+00 +2.1050e+00 +2.1049e+00 +2.1048e+00
6175 +3.050555620e-06 +3.050555620e-06 -1.337199969e+02 -1.337199969e+02 +2.1047e+00 +2.1050e+00 +2.1047e+00 +2.1050e+00 +2.1047e+00
6533 +2.710366630e-06 +2.710366630e-06 -1.337199973e+02 -1.337199973e+02 +2.1053e+00 +2.1047e+00 +2.1048e+00 +2.1048e+00 +2.1048e+00
6552 +1.309786910e-06 +1.309786910e-06 -1.337199987e+02 -1.337199987e+02 +2.1046e+00 +2.1048e+00 +2.1048e+00 +2.1047e+00 +2.1049e+00
6822 +1.070344410e-06 +1.070344410e-06 -1.337199989e+02 -1.337199989e+02 +2.1048e+00 +2.1048e+00 +2.1049e+00 +2.1049e+00 +2.1049e+00
6878 +1.045588277e-06 +1.045588277e-06 -1.337199990e+02 -1.337199990e+02 +2.1047e+00 +2.1049e+00 +2.1049e+00 +2.1048e+00 +2.1049e+00
6887 +9.844277429e-07 +9.844277429e-07 -1.337199990e+02 -1.337199990e+02 +2.1047e+00 +2.1048e+00 +2.1050e+00 +2.1048e+00 +2.1048e+00
6898 +7.856361322e-07 +7.856361322e-07 -1.337199992e+02 -1.337199992e+02 +2.1047e+00 +2.1048e+00 +2.1048e+00 +2.1048e+00 +2.1048e+00
6996 +7.079955537e-07 +7.079955537e-07 -1.337199993e+02 -1.337199993e+02 +2.1047e+00 +2.1049e+00 +2.1048e+00 +2.1049e+00 +2.1049e+00
6998 +3.952097529e-07 +3.952097529e-07 -1.337199996e+02 -1.337199996e+02 +2.1048e+00 +2.1049e+00 +2.1048e+00 +2.1048e+00 +2.1049e+00
7025 +3.558669448e-07 +3.558669448e-07 -1.337199996e+02 -1.337199996e+02 +2.1047e+00 +2.1049e+00 +2.1048e+00 +2.1048e+00 +2.1049e+00
7113 +2.522803015e-07 +2.522803015e-07 -1.337199997e+02 -1.337199997e+02 +2.1049e+00 +2.1047e+00 +2.1048e+00 +2.1049e+00 +2.1048e+00
7217 +2.445991072e-07 +2.445991072e-07 -1.337199998e+02 -1.337199998e+02 +2.1048e+00 +2.1049e+00 +2.1049e+00 +2.1049e+00 +2.1049e+00
7320 +1.612283711e-07 +1.612283711e-07 -1.337199998e+02 -1.337199998e+02 +2.1049e+00 +2.1049e+00 +2.1049e+00 +2.1048e+00 +2.1048e+00
7323 +1.492384456e-07 +1.492384456e-07 -1.337199999e+02 -1.337199999e+02 +2.1048e+00 +2.1049e+00 +2.1049e+00 +2.1048e+00 +2.1048e+00
7444 +1.283014228e-07 +1.283014228e-07 -1.337199999e+02 -1.337199999e+02 +2.1048e+00 +2.1049e+00 +2.1048e+00 +2.1049e+00 +2.1048e+00
7513 +1.129077702e-07 +1.129077702e-07 -1.337199999e+02 -1.337199999e+02 +2.1049e+00 +2.1048e+00 +2.1049e+00 +2.1048e+00 +2.1048e+00
7514 +1.054786480e-07 +1.054786480e-07 -1.337199999e+02 -1.337199999e+02 +2.1049e+00 +2.1048e+00 +2.1049e+00 +2.1049e+00 +2.1048e+00
7543 +9.946566593e-08 +9.946566593e-08 -1.337199999e+02 -1.337199999e+02 +2.1048e+00 +2.1048e+00 +2.1048e+00 +2.1049e+00 +2.1048e+00
7646 +9.704754689e-08 +9.704754689e-08 -1.337199999e+02 -1.337199999e+02 +2.1049e+00 +2.1049e+00 +2.1049e+00 +2.1048e+00 +2.1048e+00
7697 +4.850016921e-08 +4.850016921e-08 -1.337200000e+02 -1.337200000e+02 +2.1049e+00 +2.1049e+00 +2.1049e+00 +2.1048e+00 +2.1048e+00
7720 +3.847810603e-08 +3.847810603e-08 -1.337200000e+02 -1.337200000e+02 +2.1049e+00 +2.1049e+00 +2.1049e+00 +2.1048e+00 +2.1048e+00
7737 +2.203242389e-08 +2.203242389e-08 -1.337200000e+02 -1.337200000e+02 +2.1048e+00 +2.1049e+00 +2.1048e+00 +2.1048e+00 +2.1048e+00
8136 +1.161228624e-08 +1.161228624e-08 -1.337200000e+02 -1.337200000e+02 +2.1049e+00 +2.1049e+00 +2.1048e+00 +2.1048e+00 +2.1048e+00
8366 +9.699419934e-09 +9.699419934e-09 -1.337200000e+02 -1.337200000e+02 +2.1048e+00 +2.1049e+00 +2.1048e+00 +2.1049e+00 +2.1048e+00
12744 +0.000000000e+00 +0.000000000e+00 -1.337200000e+02 -1.337200000e+02 +2.1048e+00 +2.1048e+00 +2.1048e+00 +2.1048e+00 +2.1048e+00
% function evaluation | noise-free fitness - Fopt (-4.039900000000e+02) | best noise-free fitness - Fopt | measured fitness | best measured fitness | x1 | x2...
1 +6.592654473e+03 +6.592654473e+03 +6.188664473e+03 +6.188664473e+03 +0.0000e+00 +0.0000e+00 +0.0000e+00 +0.0000e+00 +0.0000e+00
2 +2.389227931e+03 +2.389227931e+03 +1.985237931e+03 +1.985237931e+03 +3.6240e-01 +1.9402e-01 +6.6774e-01 -2.0731e-03 -5.1050e-01
8 +1.586595786e+03 +1.586595786e+03 +1.182605786e+03 +1.182605786e+03 -8.5649e-01 +1.3062e+00 +1.2536e+00 +7.9707e-01 -4.1976e-01
12 +8.108994692e+02 +8.108994692e+02 +4.069094692e+02 +4.069094692e+02 -2.2353e+00 +3.6170e-01 +5.5596e-01 +3.2552e+00 -4.1028e-01
42 +2.761527036e+01 +2.761527036e+01 -3.763747296e+02 -3.763747296e+02 -2.6949e+00 -8.2176e-01 +1.6155e+00 +1.0571e+00 -2.5372e+00
72 +3.964832488e+00 +3.964832488e+00 -4.000251675e+02 -4.000251675e+02 -2.4644e+00 -2.1905e+00 +1.6196e+00 +1.7678e+00 -1.9179e+00
78 +3.100788870e+00 +3.100788870e+00 -4.008892111e+02 -4.008892111e+02 -9.1889e-01 -1.4605e+00 +1.6145e+00 +6.2540e-01 -2.4370e+00
89 +2.839795232e+00 +2.839795232e+00 -4.011502048e+02 -4.011502048e+02 -9.4363e-01 -1.8620e+00 +7.3095e-02 +1.0761e+00 -2.3203e+00
197 +2.418241887e+00 +2.418241887e+00 -4.015717581e+02 -4.015717581e+02 +1.0305e+00 -2.2673e+00 +1.1590e+00 +1.6249e+00 -2.2532e+00
390 +2.238078916e+00 +2.238078916e+00 -4.017519211e+02 -4.017519211e+02 +2.3683e-01 -1.6828e+00 +2.2383e+00 +2.0529e+00 -1.5009e+00
803 +2.166737383e+00 +2.166737383e+00 -4.018232626e+02 -4.018232626e+02 +2.7555e-01 -2.6185e+00 +4.8975e-01 +2.4654e+00 -1.1641e+00
863 +2.074805214e+00 +2.074805214e+00 -4.019151948e+02 -4.019151948e+02 -1.4196e+00 -2.9279e+00 +1.7959e+00 +1.0056e+00 -1.4758e+00
874 +1.710367986e+00 +1.710367986e+00 -4.022796320e+02 -4.022796320e+02 -1.3601e+00 -2.8376e+00 +1.8742e+00 +2.0477e+00 -9.9232e-01
1886 +1.476231450e+00 +1.476231450e+00 -4.025137686e+02 -4.025137686e+02 -1.5024e+00 -2.2222e+00 +1.1611e-01 +1.1250e+00 -2.3361e+00
2622 +1.252373195e+00 +1.252373195e+00 -4.027376268e+02 -4.027376268e+02 -1.5285e+00 -2.1649e+00 +7.2584e-02 +2.6398e+00 -8.4569e-01
3259 +1.198657275e+00 +1.198657275e+00 -4.027913427e+02 -4.027913427e+02 -1.4691e+00 -2.1718e+00 +7.8287e-02 +2.6192e+00 -8.2253e-01
3690 +1.160057914e+00 +1.160057914e+00 -4.028299421e+02 -4.028299421e+02 -1.5135e+00 -2.2231e+00 +4.0747e-02 +2.6225e+00 -8.2847e-01
4023 +1.147567837e+00 +1.147567837e+00 -4.028424322e+02 -4.028424322e+02 -1.5173e+00 -2.1962e+00 +5.1031e-02 +2.6207e+00 -8.2777e-01
% function evaluation | noise-free fitness - Fopt (1.000000000000e+03) | best noise-free fitness - Fopt | measured fitness | best measured fitness | x1 | x2...
1 +6.592654473e+03 +6.592654473e+03 +7.592654473e+03 +7.592654473e+03 +0.0000e+00 +0.0000e+00 +0.0000e+00 +0.0000e+00 +0.0000e+00
2 +2.829831207e+01 +2.829831207e+01 +1.028298312e+03 +1.028298312e+03 -3.0722e-02 -5.5847e-02 -2.1706e+00 +3.8843e-02 +1.5252e+00
12 +4.545384029e+00 +4.545384029e+00 +1.004545384e+03 +1.004545384e+03 +9.0005e-01 -6.2166e-01 -2.1588e+00 +1.9000e+00 +1.5356e+00
24 +3.846073456e+00 +3.846073456e+00 +1.003846073e+03 +1.003846073e+03 +1.0957e-01 +5.4861e-02 -8.2079e-01 +1.3787e+00 +2.2420e+00
36 +3.308798077e+00 +3.308798077e+00 +1.003308798e+03 +1.003308798e+03 +9.6573e-01 -6.2100e-01 -6.1308e-01 +2.4289e+00 +1.1752e+00
98 +2.981095902e+00 +2.981095902e+00 +1.002981096e+03 +1.002981096e+03 +1.9101e+00 +1.9177e+00 -1.1600e+00 +2.1670e+00 +2.0921e+00
100 +2.422004269e+00 +2.422004269e+00 +1.002422004e+03 +1.002422004e+03 +2.1598e+00 +7.7500e-01 -1.1367e+00 +1.8321e+00 +2.1247e+00
117 +2.171369503e+00 +2.171369503e+00 +1.002171370e+03 +1.002171370e+03 +1.0519e+00 +2.8163e-01 -6.4328e-01 +2.4042e+00 +9.0119e-01
959 +2.096763464e+00 +2.096763464e+00 +1.002096763e+03 +1.002096763e+03 +8.1355e-01 +2.4474e+00 +7.2214e-02 +1.1447e+00 +1.7803e+00
1049 +1.937330633e+00 +1.937330633e+00 +1.001937331e+03 +1.001937331e+03 +7.3391e-01 +2.3997e+00 +4.8454e-03 +1.0870e+00 +2.0177e+00
1275 +1.834030304e+00 +1.834030304e+00 +1.001834030e+03 +1.001834030e+03 +9.0526e-01 +2.3283e+00 -2.0847e+00 +9.2231e-01 +9.4205e-01
1320 +1.308138831e+00 +1.308138831e+00 +1.001308139e+03 +1.001308139e+03 +1.1013e+00 +2.4474e+00 -2.0873e+00 +5.5951e-01 +1.3396e+00
1484 +1.186005908e+00 +1.186005908e+00 +1.001186006e+03 +1.001186006e+03 +2.1083e+00 +2.2289e+00 -2.0313e+00 +1.6320e+00 +2.1599e+00
1536 +1.145682424e+00 +1.145682424e+00 +1.001145682e+03 +1.001145682e+03 +2.0882e+00 +2.1524e+00 -2.2366e+00 +1.6134e+00 +2.2566e+00
1654 +1.038830770e+00 +1.038830770e+00 +1.001038831e+03 +1.001038831e+03 +2.0679e+00 +2.1758e+00 -2.2212e+00 +2.0765e+00 +1.7687e+00
2925 +1.022904006e+00 +1.022904006e+00 +1.001022904e+03 +1.001022904e+03 +2.1381e+00 +2.1574e+00 -8.0368e-02 +2.1644e+00 +9.3441e-01
2982 +9.814227822e-01 +9.814227822e-01 +1.000981423e+03 +1.000981423e+03 +2.0414e+00 +2.1016e+00 -8.2472e-02 +2.1401e+00 +9.6391e-01
2985 +9.521425437e-01 +9.521425437e-01 +1.000952143e+03 +1.000952143e+03 +2.1259e+00 +2.1411e+00 -6.7502e-02 +2.1633e+00 +9.5314e-01
3055 +9.200446525e-01 +9.200446525e-01 +1.000920045e+03 +1.000920045e+03 +2.1200e+00 +2.1218e+00 -6.0612e-02 +2.1619e+00 +9.4671e-01
3837 +9.116817277e-01 +9.116817277e-01 +1.000911682e+03 +1.000911682e+03 +2.1011e+00 +2.1120e+00 -7.5467e-02 +2.1584e+00 +9.4954e-01
% function evaluation | noise-free fitness - Fopt (1.005700000000e+02) | best noise-free fitness - Fopt | measured fitness | best measured fitness | x1 | x2...
1 +6.592654473e+03 +6.592654473e+03 +6.693224473e+03 +6.693224473e+03 +0.0000e+00 +0.0000e+00 +0.0000e+00 +0.0000e+00 +0.0000e+00
3 +5.712143375e+03 +5.712143375e+03 +5.812713375e+03 +5.812713375e+03 -3.6748e-02 -1.7517e-01 -1.8308e-01 -4.1947e-01 +9.6678e-02
13 +5.623044354e+03 +5.623044354e+03 +5.723614354e+03 +5.723614354e+03 -1.3759e+00 +1.7351e+00 -1.0731e+00 -5.3666e-01 -3.1369e+00
36 +2.646486986e+03 +2.646486986e+03 +2.747056986e+03 +2.747056986e+03 -8.3167e-01 +1.5117e+00 -3.8088e-01 -3.6588e-02 -2.4226e+00
44 +1.812351654e+03 +1.812351654e+03 +1.912921654e+03 +1.912921654e+03 +1.4290e+00 -8.0124e-01 -1.1684e+00 -5.0158e-01 -1.1128e+00
52 +4.957142715e+02 +4.957142715e+02 +5.962842715e+02 +5.962842715e+02 +1.6305e+00 -3.1658e+00 -1.1420e+00 -1.0613e+00 -2.2656e+00
61 +4.123039177e+02 +4.123039177e+02 +5.128739177e+02 +5.128739177e+02 +1.3926e+00 -9.6442e-01 -7.6605e-01 -9.4040e-01 -1.3633e+00
62 +3.327696804e+02 +3.327696804e+02 +4.333396804e+02 +4.333396804e+02 +1.7369e+00 +3.1831e-01 +3.8481e-01 -1.3545e+00 -2.7042e+00
63 +2.771032892e+02 +2.771032892e+02 +3.776732892e+02 +3.776732892e+02 +3.2054e+00 -1.2204e+00 -5.0684e-01 -1.7287e+00 -1.1256e+00
66 +2.879951584e+01 +2.879951584e+01 +1.293695158e+02 +1.293695158e+02 +2.7362e+00 -1.3343e+00 +5.6227e-01 -1.2342e+00 -2.0949e+00
74 +7.806163536e+00 +7.806163536e+00 +1.083761635e+02 +1.083761635e+02 +2.5907e+00 -2.2036e+00 +1.7286e-01 -9.5742e-01 -1.8098e+00
82 +3.174518111e+00 +3.174518111e+00 +1.037445181e+02 +1.037445181e+02 +1.9596e+00 -7.8544e-01 +3.1021e-01 -1.3250e+00 -1.5017e+00
176 +3.071722392e+00 +3.071722392e+00 +1.036417224e+02 +1.036417224e+02 +2.1408e+00 -1.1603e+00 +1.9104e-01 -1.7594e+00 -1.5696e+00
180 +2.933491650e+00 +2.933491650e+00 +1.035034916e+02 +1.035034916e+02 +9.0779e-01 -6.9584e-01 +1.2895e+00 -2.3465e+00 -1.2080e+00
194 +2.439612300e+00 +2.439612300e+00 +1.030096123e+02 +1.030096123e+02 +1.9996e+00 -1.4128e+00 +1.6258e+00 -2.1335e+00 -1.4399e+00
395 +2.220873223e+00 +2.220873223e+00 +1.027908732e+02 +1.027908732e+02 +2.1043e+00 -2.1030e+00 +1.4812e+00 -2.4141e+00 -1.4744e+00
1409 +1.999424344e+00 +1.999424344e+00 +1.025694243e+02 +1.025694243e+02 +2.1404e+00 -2.0510e+00 +1.3963e+00 -2.4063e+00 -1.6820e+00
1542 +1.892940198e+00 +1.892940198e+00 +1.024629402e+02 +1.024629402e+02 +2.1696e+00 -2.2436e+00 +1.4237e+00 -7.3864e-01 -1.8708e+00
1676 +1.837109539e+00 +1.837109539e+00 +1.024071095e+02 +1.024071095e+02 +2.1787e+00 -1.9924e+00 +2.1657e+00 -1.5065e+00 -1.3793e+00
1690 +1.336619838e+00 +1.336619838e+00 +1.019066198e+02 +1.019066198e+02 +2.0257e+00 -2.0788e+00 +2.1757e+00 -2.1511e+00 -1.0421e+00
1727 +1.137087018e+00 +1.137087018e+00 +1.017070870e+02 +1.017070870e+02 +2.1599e+00 -2.0184e+00 +2.0843e+00 -1.6641e+00 -1.1265e+00
1833 +8.629438208e-01 +8.629438208e-01 +1.014329438e+02 +1.014329438e+02 +2.0797e+00 -2.2299e+00 +2.1788e+00 -2.0601e+00 -9.6732e-01
2454 +7.519334849e-01 +7.519334849e-01 +1.013219335e+02 +1.013219335e+02 +2.1066e+00 -2.0955e+00 +2.1134e+00 -1.6376e+00 -1.1054e+00
2614 +7.277426408e-01 +7.277426408e-01 +1.012977426e+02 +1.012977426e+02 +2.0692e+00 -2.1390e+00 +2.1132e+00 -1.6407e+00 -1.0621e+00
2619 +7.181820151e-01 +7.181820151e-01 +1.012881820e+02 +1.012881820e+02 +2.1377e+00 -2.0874e+00 +2.0849e+00 -1.6505e+00 -1.0620e+00
2805 +6.944629903e-01 +6.944629903e-01 +1.012644630e+02 +1.012644630e+02 +2.1354e+00 -2.0947e+00 +2.1056e+00 -1.6314e+00 -1.0808e+00
2997 +6.874789210e-01 +6.874789210e-01 +1.012574789e+02 +1.012574789e+02 +2.1368e+00 -2.0933e+00 +2.1012e+00 -1.6541e+00 -1.0782e+00
3407 +6.752801426e-01 +6.752801426e-01 +1.012452801e+02 +1.012452801e+02 +2.0920e+00 -2.1090e+00 +2.1000e+00 -1.6436e+00 -1.0790e+00
% function evaluation | noise-free fitness - Fopt (1.149000000000e+01) | best noise-free fitness - Fopt | measured fitness | best measured fitness | x1 | x2...
1 +6.592654473e+03 +6.592654473e+03 +6.604144473e+03 +6.604144473e+03 +0.0000e+00 +0.0000e+00 +0.0000e+00 +0.0000e+00 +0.0000e+00
4 +6.582026041e+01 +6.582026041e+01 +7.731026041e+01 +7.731026041e+01 -8.8977e-02 -7.7353e-01 -1.2297e-02 +1.6639e+00 +1.2751e+00
17 +7.666546990e+00 +7.666546990e+00 +1.915654699e+01 +1.915654699e+01 -9.2065e-01 -6.8196e-02 -1.0741e-02 +8.2035e-01 +1.6739e+00
26 +4.261008545e+00 +4.261008545e+00 +1.575100854e+01 +1.575100854e+01 -1.7559e+00 +1.1093e+00 -1.4442e+00 +1.4360e+00 +2.0107e+00
33 +4.022569693e+00 +4.022569693e+00 +1.551256969e+01 +1.551256969e+01 -1.1525e+00 +1.8549e-01 -2.2708e+00 +2.0474e+00 +8.5531e-01
37 +2.992831374e+00 +2.992831374e+00 +1.448283137e+01 +1.448283137e+01 -2.4771e+00 +1.8601e+00 -8.5005e-01 +1.8798e+00 +2.1750e+00
144 +2.945030547e+00 +2.945030547e+00 +1.443503055e+01 +1.443503055e+01 +8.8140e-01 -2.3119e-01 -1.7495e+00 +1.5082e+00 +2.1986e+00
184 +2.550147068e+00 +2.550147068e+00 +1.404014707e+01 +1.404014707e+01 +3.2264e-01 +2.5128e+00 -2.1539e+00 +1.1176e+00 +1.1793e+00
359 +2.494155191e+00 +2.494155191e+00 +1.398415519e+01 +1.398415519e+01 +6.9543e-02 +2.6185e+00 -9.3119e-02 +2.0865e+00 +2.0639e+00
467 +2.290780157e+00 +2.290780157e+00 +1.378078016e+01 +1.378078016e+01 +8.6993e-01 +2.5727e+00 -3.7024e-02 +1.1365e+00 +1.9860e+00
859 +1.842419942e+00 +1.842419942e+00 +1.333241994e+01 +1.333241994e+01 +1.1153e+00 -1.0520e+00 -2.9047e+00 +1.4122e+00 +2.2562e+00
1385 +1.578170937e+00 +1.578170937e+00 +1.306817094e+01 +1.306817094e+01 +2.1047e+00 +2.0801e+00 -2.2240e+00 +4.4831e-01 +2.1722e+00
1639 +1.311814705e+00 +1.311814705e+00 +1.280181470e+01 +1.280181470e+01 +2.2528e+00 +1.9613e+00 -2.1120e+00 +1.6322e+00 +1.8812e+00
1751 +8.399335954e-01 +8.399335954e-01 +1.232993360e+01 +1.232993360e+01 +2.0403e+00 +2.0819e+00 -2.1008e+00 +1.7254e+00 +2.1838e+00
2004 +7.371813890e-01 +7.371813890e-01 +1.222718139e+01 +1.222718139e+01 +2.0340e+00 +2.1527e+00 -2.2044e+00 +5.8700e-01 +2.4890e+00
2315 +7.205715082e-01 +7.205715082e-01 +1.221057151e+01 +1.221057151e+01 +2.0647e+00 +2.0943e+00 -2.1852e+00 +5.5791e-01 +1.3289e+00
2376 +6.848563339e-01 +6.848563339e-01 +1.217485633e+01 +1.217485633e+01 +2.1717e+00 +2.0540e+00 -2.1500e+00 +6.0371e-01 +1.3158e+00
2706 +6.377000867e-01 +6.377000867e-01 +1.212770009e+01 +1.212770009e+01 +2.1445e+00 +2.0581e+00 -2.1508e+00 +5.3852e-01 +1.3719e+00
2750 +5.737744227e-01 +5.737744227e-01 +1.206377442e+01 +1.206377442e+01 +2.0477e+00 +2.0824e+00 -2.1029e+00 +6.0123e-01 +1.3494e+00
2802 +5.428722790e-01 +5.428722790e-01 +1.203287228e+01 +1.203287228e+01 +2.0813e+00 +2.1184e+00 -2.1218e+00 +5.8468e-01 +1.3620e+00
2922 +5.021928530e-01 +5.021928530e-01 +1.199219285e+01 +1.199219285e+01 +2.1250e+00 +2.0824e+00 -2.1320e+00 +5.7886e-01 +1.3382e+00
3124 +4.937916148e-01 +4.937916148e-01 +1.198379161e+01 +1.198379161e+01 +2.0971e+00 +2.1025e+00 -2.1077e+00 +5.9263e-01 +1.3478e+00
3217 +4.840106152e-01 +4.840106152e-01 +1.197401062e+01 +1.197401062e+01 +2.0810e+00 +2.1115e+00 -2.0990e+00 +5.8678e-01 +1.3360e+00
3611 +4.777420664e-01 +4.777420664e-01 +1.196774207e+01 +1.196774207e+01 +2.1149e+00 +2.1009e+00 -2.1152e+00 +5.7645e-01 +1.3441e+00
% function evaluation | noise-free fitness - Fopt (7.731000000000e+01) | best noise-free fitness - Fopt | measured fitness | best measured fitness | x1 | x2...
1 +6.592654473e+03 +6.592654473e+03 +6.669964473e+03 +6.669964473e+03 +0.0000e+00 +0.0000e+00 +0.0000e+00 +0.0000e+00 +0.0000e+00
3 +2.852362202e+03 +2.852362202e+03 +2.929672202e+03 +2.929672202e+03 +2.4303e+00 -1.9207e+00 +6.9444e-01 -2.4595e-01 +1.9896e+00
15 +5.723670628e+02 +5.723670628e+02 +6.496770628e+02 +6.496770628e+02 +3.1093e+00 -1.0154e+00 -3.0228e-01 +1.8188e-01 +1.4414e+00
22 +4.517422508e+00 +4.517422508e+00 +8.182742251e+01 +8.182742251e+01 +1.4275e+00 +3.5119e-01 -1.2551e+00 +4.8075e-01 +1.8968e+00
37 +3.945208048e+00 +3.945208048e+00 +8.125520805e+01 +8.125520805e+01 -5.5315e-01 -1.9726e+00 -1.5294e+00 +1.7759e+00 +1.7894e+00
40 +3.249020852e+00 +3.249020852e+00 +8.055902085e+01 +8.055902085e+01 +1.4846e+00 -5.8672e-01 -2.5127e+00 +1.8417e+00 +1.5771e+00
44 +2.767198166e+00 +2.767198166e+00 +8.007719817e+01 +8.007719817e+01 +1.6187e+00 -2.1582e+00 -1.1269e+00 +1.9413e+00 +1.2857e+00
145 +2.657447797e+00 +2.657447797e+00 +7.996744780e+01 +7.996744780e+01 -2.2724e+00 +5.0226e-01 -2.8793e+00 +7.8017e-01 +1.8546e+00
237 +2.611314160e+00 +2.611314160e+00 +7.992131416e+01 +7.992131416e+01 -9.1879e-01 +1.7048e-01 -2.6400e+00 +8.7985e-01 +1.8353e+00
467 +2.496814218e+00 +2.496814218e+00 +7.980681422e+01 +7.980681422e+01 -2.2546e+00 +8.3782e-01 -2.8844e+00 +9.7186e-01 +1.3101e+00
658 +2.337490965e+00 +2.337490965e+00 +7.964749097e+01 +7.964749097e+01 -4.8709e-01 +3.3444e-01 -7.5889e-01 +2.3446e+00 +2.0404e+00
1205 +2.109361531e+00 +2.109361531e+00 +7.941936153e+01 +7.941936153e+01 -2.0244e+00 -2.3418e+00 -2.0185e+00 +1.1513e+00 +1.9939e+00
1277 +1.917143471e+00 +1.917143471e+00 +7.922714347e+01 +7.922714347e+01 -2.0039e+00 -2.2170e+00 -6.3120e-01 +1.4997e+00 +2.2765e+00
1309 +1.698429485e+00 +1.698429485e+00 +7.900842948e+01 +7.900842948e+01 -2.0164e+00 -2.0696e+00 -2.9610e-01 +2.1063e+00 +2.1034e+00
1395 +1.425988828e+00 +1.425988828e+00 +7.873598883e+01 +7.873598883e+01 -2.0228e+00 -1.9928e+00 -9.2672e-01 +2.4463e+00 +2.0514e+00
1543 +1.277958973e+00 +1.277958973e+00 +7.858795897e+01 +7.858795897e+01 -1.9798e+00 -2.1363e+00 +3.3845e-02 +2.5951e+00 +1.6646e+00
1553 +1.014317136e+00 +1.014317136e+00 +7.832431714e+01 +7.832431714e+01 -1.9608e+00 -2.1153e+00 -2.6182e-02 +2.5888e+00 +1.6324e+00
2116 +9.263221033e-01 +9.263221033e-01 +7.823632210e+01 +7.823632210e+01 -1.1074e+00 -2.3251e+00 +3.1312e-02 +2.6094e+00 +1.9577e+00
2710 +8.796341774e-01 +8.796341774e-01 +7.818963418e+01 +7.818963418e+01 +6.4680e-01 -2.7549e+00 +7.9665e-02 +2.6511e+00 +1.9805e+00
3009 +8.671809890e-01 +8.671809890e-01 +7.817718099e+01 +7.817718099e+01 +6.1370e-01 -2.7853e+00 +9.1379e-02 +2.6308e+00 +1.9802e+00
3212 +8.506953198e-01 +8.506953198e-01 +7.816069532e+01 +7.816069532e+01 +6.1671e-01 -2.8107e+00 +1.1059e-01 +2.6643e+00 +1.9567e+00
4005 +8.314281839e-01 +8.314281839e-01 +7.814142818e+01 +7.814142818e+01 +6.3037e-01 -2.7839e+00 +1.0402e-01 +2.6559e+00 +1.9697e+00
% function evaluation | noise-free fitness - Fopt (3.207700000000e+02) | best noise-free fitness - Fopt | measured fitness | best measured fitness | x1 | x2...
1 +6.592654473e+03 +6.592654473e+03 +6.913424473e+03 +6.913424473e+03 +0.0000e+00 +0.0000e+00 +0.0000e+00 +0.0000e+00 +0.0000e+00
4 +7.629635444e+02 +7.629635444e+02 +1.083733544e+03 +1.083733544e+03 -1.6601e+00 +2.0009e+00 +4.1141e-01 -1.5582e+00 +5.0223e-01
24 +1.708513069e+02 +1.708513069e+02 +4.916213069e+02 +4.916213069e+02 -1.8954e+00 +1.4125e+00 +4.0225e-02 -1.1709e+00 +1.2716e+00
37 +3.849965018e+00 +3.849965018e+00 +3.246199650e+02 +3.246199650e+02 -1.5881e+00 -2.1158e-01 +1.0519e+00 -1.6548e+00 +1.8509e+00
75 +3.692182378e+00 +3.692182378e+00 +3.244621824e+02 +3.244621824e+02 -2.0634e+00 +8.0421e-01 +6.3883e-01 -1.8350e+00 +1.6418e+00
82 +3.503715924e+00 +3.503715924e+00 +3.242737159e+02 +3.242737159e+02 -1.1843e+00 +5.0101e-01 +1.1878e+00 -1.1347e+00 +1.8435e+00
153 +3.419903380e+00 +3.419903380e+00 +3.241899034e+02 +3.241899034e+02 +1.3614e+00 -2.9326e+00 +1.5250e+00 -1.4897e+00 +1.6079e+00
222 +3.330130426e+00 +3.330130426e+00 +3.241001304e+02 +3.241001304e+02 +7.6062e-01 -1.2131e+00 +2.4268e+00 -1.0910e+00 +1.5137e+00
269 +3.309451314e+00 +3.309451314e+00 +3.240794513e+02 +3.240794513e+02 -1.8584e-01 -1.5536e+00 +1.5390e+00 -1.7352e+00 +2.2455e+00
328 +3.103772784e+00 +3.103772784e+00 +3.238737728e+02 +3.238737728e+02 -2.0052e+00 -4.8056e-01 +1.3691e+00 -1.8648e+00 +1.5189e+00
334 +2.621588790e+00 +2.621588790e+00 +3.233915888e+02 +3.233915888e+02 -2.0504e+00 -6.4997e-01 +2.2823e+00 -2.0621e+00 +1.4745e+00
578 +2.143865215e+00 +2.143865215e+00 +3.229138652e+02 +3.229138652e+02 -3.5180e-01 -2.5152e+00 +1.4720e+00 -7.1257e-01 +2.0815e+00
1075 +1.898248869e+00 +1.898248869e+00 +3.226682489e+02 +3.226682489e+02 -2.0102e+00 +5.5893e-01 +2.7826e+00 -5.5016e-01 +1.0434e+00
1691 +1.600811560e+00 +1.600811560e+00 +3.223708116e+02 +3.223708116e+02 -1.2582e+00 +3.3034e-01 +2.6102e+00 -1.9601e+00 +2.1608e+00
1935 +1.472849960e+00 +1.472849960e+00 +3.222428500e+02 +3.222428500e+02 -2.1377e+00 -1.8869e-01 +2.5358e+00 -1.9091e+00 +2.1925e+00
2229 +1.247243899e+00 +1.247243899e+00 +3.220172439e+02 +3.220172439e+02 -2.1342e+00 -6.3411e-02 +2.7328e+00 -1.9222e+00 +2.1950e+00
2552 +1.097886907e+00 +1.097886907e+00 +3.218678869e+02 +3.218678869e+02 -1.9972e+00 -6.8141e-02 +2.5695e+00 -1.9572e+00 +1.0159e+00
2792 +1.075755567e+00 +1.075755567e+00 +3.218457556e+02 +3.218457556e+02 -2.1453e+00 +2.0971e-02 +2.6253e+00 -2.0202e+00 +9.9802e-01
2805 +9.754218582e-01 +9.754218582e-01 +3.217454219e+02 +3.217454219e+02 -2.1131e+00 -1.4887e-02 +2.6552e+00 -2.0038e+00 +9.9818e-01
3157 +9.384943247e-01 +9.384943247e-01 +3.217084943e+02 +3.217084943e+02 -2.1022e+00 -5.3308e-03 +2.6260e+00 -1.9647e+00 +1.0187e+00
3277 +8.943333273e-01 +8.943333273e-01 +3.216643333e+02 +3.216643333e+02 -2.1396e+00 -2.3927e-02 +2.6368e+00 -1.9842e+00 +1.0078e+00
3339 +8.655375969e-01 +8.655375969e-01 +3.216355376e+02 +3.216355376e+02 -2.1612e+00 -3.4878e-02 +2.6217e+00 -1.9697e+00 +9.9744e-01
3378 +8.487602370e-01 +8.487602370e-01 +3.216187602e+02 +3.216187602e+02 -2.1031e+00 -4.2902e-02 +2.6410e+00 -1.9664e+00 +9.9397e-01
4092 +8.316355655e-01 +8.316355655e-01 +3.216016356e+02 +3.216016356e+02 -2.1009e+00 -6.7558e-02 +2.6169e+00 -1.9734e+00 +9.9210e-01
% function evaluation | noise-free fitness - Fopt (1.893000000000e+01) | best noise-free fitness - Fopt | measured fitness | best measured fitness | x1 | x2...
1 +6.592654473e+03 +6.592654473e+03 +6.611584473e+03 +6.611584473e+03 +0.0000e+00 +0.0000e+00 +0.0000e+00 +0.0000e+00 +0.0000e+00
7 +6.449049929e+03 +6.449049929e+03 +6.467979929e+03 +6.467979929e+03 +1.4695e+00 +1.3503e+00 +9.2394e-02 -9.0983e-01 -2.9219e-01
15 +1.328644348e+03 +1.328644348e+03 +1.347574348e+03 +1.347574348e+03 -3.1008e+00 -1.2983e+00 -2.8215e-01 +1.0618e-01 +1.3883e+00
18 +1.192444736e+03 +1.192444736e+03 +1.211374736e+03 +1.211374736e+03 -2.0002e-02 +1.2580e-01 -5.6151e-01 -4.9338e-01 +5.0738e-01
19 +9.425125165e+01 +9.425125165e+01 +1.131812517e+02 +1.131812517e+02 +2.9748e+00 +9.8550e-01 -1.3495e+00 -3.3729e-01 +1.3656e+00
20 +2.076899025e+00 +2.076899025e+00 +2.100689903e+01 +2.100689903e+01 +7.6987e-01 +2.8010e-01 -6.3051e-01 -9.0125e-01 +2.4631e+00
423 +1.104496395e+00 +1.104496395e+00 +2.003449640e+01 +2.003449640e+01 -1.6391e+00 -2.9562e+00 -1.8538e+00 -6.0870e-01 +1.3408e+00
2052 +9.038280664e-01 +9.038280664e-01 +1.983382807e+01 +1.983382807e+01 -1.5573e+00 -3.3470e-01 -2.5468e+00 -4.1538e-01 +2.5314e+00
2283 +7.895804885e-01 +7.895804885e-01 +1.971958049e+01 +1.971958049e+01 -1.5407e+00 -3.6526e-01 -2.5462e+00 -4.7008e-01 +2.5083e+00
2655 +7.552221849e-01 +7.552221849e-01 +1.968522218e+01 +1.968522218e+01 -1.5101e+00 -3.0427e-01 -2.5287e+00 -4.5964e-01 +2.5059e+00
2664 +7.299941351e-01 +7.299941351e-01 +1.965999414e+01 +1.965999414e+01 -1.5199e+00 -2.7969e-01 -2.5608e+00 -4.5710e-01 +2.5075e+00
2816 +7.173529267e-01 +7.173529267e-01 +1.964735293e+01 +1.964735293e+01 -1.5012e+00 -2.9955e-01 -2.5605e+00 -4.6499e-01 +2.5084e+00
