% function evaluation | noise-free fitness - Fopt (-5.465000000000e+02) | best noise-free fitness - Fopt | measured fitness | best measured fitness | x1 | x2...
1 +5.523931782e+03 +5.523931782e+03 +4.977431782e+03 +4.977431782e+03 +0.0000e+00 +0.0000e+00 +0.0000e+00
3 +4.430793387e+00 +4.430793387e+00 -5.420692066e+02 -5.420692066e+02 -2.3724e+00 +2.2214e+00 +1.0529e+00
13 +1.679118368e+00 +1.679118368e+00 -5.448208816e+02 -5.448208816e+02 -1.9773e+00 +1.5522e+00 +1.0591e+00
193 +1.597135019e+00 +1.597135019e+00 -5.449028650e+02 -5.449028650e+02 -2.0775e+00 +2.1322e-02 +1.7479e+00
219 +1.555619410e+00 +1.555619410e+00 -5.449443806e+02 -5.449443806e+02 -2.0880e+00 +2.6103e-02 +1.7455e+00
223 +1.465161524e+00 +1.465161524e+00 -5.450348385e+02 -5.450348385e+02 -2.1750e+00 +5.7126e-02 +1.7533e+00
269 +1.442828322e+00 +1.442828322e+00 -5.450571717e+02 -5.450571717e+02 -2.1484e+00 +6.2559e-02 +1.7395e+00
376 +1.393593160e+00 +1.393593160e+00 -5.451064068e+02 -5.451064068e+02 -2.1294e+00 +6.8011e-02 +1.7488e+00
63863 +1.037073828e+00 +1.037073828e+00 -5.454629262e+02 -5.454629262e+02 +6.4023e-01 +2.8204e+00 +1.9259e+00
143303 +1.018690939e+00 +1.018690939e+00 -5.454813091e+02 -5.454813091e+02 +1.6540e+00 +3.0976e+00 +1.8262e+00
143369 +9.232615792e-01 +9.232615792e-01 -5.455767384e+02 -5.455767384e+02 +1.4504e+00 +2.8979e+00 +1.8984e+00
143378 +8.732978825e-01 +8.732978825e-01 -5.456267021e+02 -5.456267021e+02 +1.4304e+00 +2.9381e+00 +1.9342e+00
143385 +7.942231141e-01 +7.942231141e-01 -5.457057769e+02 -5.457057769e+02 +1.4776e+00 +3.0697e+00 +1.8915e+00
143413 +5.487695613e-01 +5.487695613e-01 -5.459512304e+02 -5.459512304e+02 +1.4720e+00 +2.9672e+00 +1.9101e+00
143447 +5.047959994e-01 +5.047959994e-01 -5.459952040e+02 -5.459952040e+02 +1.5054e+00 +3.0392e+00 +1.8895e+00
143460 +4.568101431e-01 +4.568101431e-01 -5.460431899e+02 -5.460431899e+02 +1.4953e+00 +3.0303e+00 +1.8851e+00
143465 +4.098979887e-01 +4.098979887e-01 -5.460901020e+02 -5.460901020e+02 +1.5257e+00 +3.0269e+00 +1.8770e+00
143477 +3.976289796e-01 +3.976289796e-01 -5.461023710e+02 -5.461023710e+02 +1.5227e+00 +3.0107e+00 +1.8809e+00
% function evaluation | noise-free fitness - Fopt (1.000000000000e+03) | best noise-free fitness - Fopt | measured fitness | best measured fitness | x1 | x2...
1 +5.523931782e+03 +5.523931782e+03 +6.523931782e+03 +6.523931782e+03 +0.0000e+00 +0.0000e+00 +0.0000e+00
7 +2.912085696e+03 +2.912085696e+03 +3.912085696e+03 +3.912085696e+03 -1.3561e+00 +3.5818e-01 -3.5195e+00
9 +7.023707066e+02 +7.023707066e+02 +1.702370707e+03 +1.702370707e+03 -3.7905e+00 -1.0717e+00 -2.7355e+00
24 +4.577648111e+00 +4.577648111e+00 +1.004577648e+03 +1.004577648e+03 -2.3748e+00 +2.8640e-01 -2.4542e+00
28 +4.390789065e+00 +4.390789065e+00 +1.004390789e+03 +1.004390789e+03 -1.0837e+00 -1.3402e-01 -1.8856e+00
41 +2.852323746e+00 +2.852323746e+00 +1.002852324e+03 +1.002852324e+03 +5.6174e-01 +9.3728e-01 -2.4116e+00
68 +2.517964431e+00 +2.517964431e+00 +1.002517964e+03 +1.002517964e+03 +2.2826e-01 +1.9947e+00 -2.1298e+00
287 +2.435042757e+00 +2.435042757e+00 +1.002435043e+03 +1.002435043e+03 -3.9767e-01 +9.7478e-01 -2.4177e+00
311 +2.272136060e+00 +2.272136060e+00 +1.002272136e+03 +1.002272136e+03 -3.7209e-01 +1.0030e+00 -2.4002e+00
315 +2.232425721e+00 +2.232425721e+00 +1.002232426e+03 +1.002232426e+03 -3.7281e-01 +9.9085e-01 -2.3934e+00
373 +2.180062417e+00 +2.180062417e+00 +1.002180062e+03 +1.002180062e+03 -3.4442e-01 +1.0033e+00 -2.3826e+00
92107 +2.109948029e+00 +2.109948029e+00 +1.002109948e+03 +1.002109948e+03 -2.2666e+00 +1.4916e+00 -1.1714e+00
92111 +1.164373494e+00 +1.164373494e+00 +1.001164373e+03 +1.001164373e+03 -2.1329e+00 +1.4991e+00 -1.1245e+00
92273 +1.142823694e+00 +1.142823694e+00 +1.001142824e+03 +1.001142824e+03 -2.0880e+00 +1.5085e+00 -1.1009e+00
92368 +1.121639363e+00 +1.121639363e+00 +1.001121639e+03 +1.001121639e+03 -2.1013e+00 +1.4893e+00 -1.1172e+00
% function evaluation | noise-free fitness - Fopt (2.083800000000e+02) | best noise-free fitness - Fopt | measured fitness | best measured fitness | x1 | x2...
1 +5.523931782e+03 +5.523931782e+03 +5.732311782e+03 +5.732311782e+03 +0.0000e+00 +0.0000e+00 +0.0000e+00
2 +3.681939133e+03 +3.681939133e+03 +3.890319133e+03 +3.890319133e+03 -4.3765e-01 +7.0383e-01 +4.0567e-02
9 +2.608212229e+03 +2.608212229e+03 +2.816592229e+03 +2.816592229e+03 +2.1473e+00 -8.5598e-01 +1.7059e+00
10 +5.639552571e+02 +5.639552571e+02 +7.723352571e+02 +7.723352571e+02 +1.0679e+00 +9.0627e-01 +5.7487e-01
15 +1.969550643e+02 +1.969550643e+02 +4.053350643e+02 +4.053350643e+02 +3.1745e+00 +9.6444e-01 +8.8066e-01
17 +2.393773149e+01 +2.393773149e+01 +2.323177315e+02 +2.323177315e+02 +1.7185e+00 +3.3910e-01 +1.9986e+00
20 +4.958771789e+00 +4.958771789e+00 +2.133387718e+02 +2.133387718e+02 +2.0231e+00 +2.1736e+00 +1.2107e+00
23 +4.826295644e+00 +4.826295644e+00 +2.132062956e+02 +2.132062956e+02 +2.1549e+00 +1.9128e+00 +9.6140e-01
34 +3.746645821e+00 +3.746645821e+00 +2.121266458e+02 +2.121266458e+02 +1.2751e+00 +2.4407e+00 +1.6086e+00
46 +3.355032030e+00 +3.355032030e+00 +2.117350320e+02 +2.117350320e+02 +5.6417e-01 +2.9375e+00 +4.5161e-01
102 +2.571807793e+00 +2.571807793e+00 +2.109518078e+02 +2.109518078e+02 +5.9787e-01 +2.8381e+00 +1.1932e+00
113 +2.334554695e+00 +2.334554695e+00 +2.107145547e+02 +2.107145547e+02 +9.0353e-01 +2.8654e+00 +7.9226e-01
140 +2.107074530e+00 +2.107074530e+00 +2.104870745e+02 +2.104870745e+02 +1.4264e+00 +2.9090e+00 +1.0862e+00
141 +2.009393813e+00 +2.009393813e+00 +2.103893938e+02 +2.103893938e+02 +5.2575e-01 +2.7899e+00 +4.7901e-01
167 +1.400632397e+00 +1.400632397e+00 +2.097806324e+02 +2.097806324e+02 +6.5430e-01 +2.7871e+00 +7.9135e-01
63987 +1.304715748e+00 +1.304715748e+00 +2.096847157e+02 +2.096847157e+02 -2.2385e+00 -5.5367e-02 +2.6112e+00
64002 +8.552444145e-01 +8.552444145e-01 +2.092352444e+02 +2.092352444e+02 -1.9908e+00 +1.4415e-01 +2.6244e+00
64013 +4.758229453e-01 +4.758229453e-01 +2.088558229e+02 +2.088558229e+02 -2.1312e+00 +9.7518e-02 +2.6145e+00
64073 +4.310166242e-01 +4.310166242e-01 +2.088110166e+02 +2.088110166e+02 -2.1334e+00 +5.9732e-02 +2.6275e+00
64105 +4.170303475e-01 +4.170303475e-01 +2.087970303e+02 +2.087970303e+02 -2.1120e+00 +7.9932e-02 +2.6204e+00
64117 +4.030785266e-01 +4.030785266e-01 +2.087830785e+02 +2.087830785e+02 -2.1176e+00 +6.8872e-02 +2.6081e+00
64164 +3.963361854e-01 +3.963361854e-01 +2.087763362e+02 +2.087763362e+02 -2.1137e+00 +6.6456e-02 +2.6140e+00
% function evaluation | noise-free fitness - Fopt (-1.449600000000e+02) | best noise-free fitness - Fopt | measured fitness | best measured fitness | x1 | x2...
1 +5.523931782e+03 +5.523931782e+03 +5.378971782e+03 +5.378971782e+03 +0.0000e+00 +0.0000e+00 +0.0000e+00
3 +4.956069495e+00 +4.956069495e+00 -1.400039305e+02 -1.400039305e+02 -1.3921e-01 -9.0063e-01 -1.6291e+00
8 +3.452050455e+00 +3.452050455e+00 -1.415079495e+02 -1.415079495e+02 +1.3649e+00 -2.7637e+00 -1.0982e+00
25 +1.804639509e+00 +1.804639509e+00 -1.431553605e+02 -1.431553605e+02 +1.3232e+00 -9.6843e-01 -1.2445e+00
56 +1.586524813e+00 +1.586524813e+00 -1.433734752e+02 -1.433734752e+02 +1.4926e+00 -9.6105e-01 -2.0281e+00
189 +1.084164485e+00 +1.084164485e+00 -1.438758355e+02 -1.438758355e+02 +1.3487e+00 -3.0374e+00 -1.8586e+00
81479 +7.953200159e-01 +7.953200159e-01 -1.441646800e+02 -1.441646800e+02 -2.1061e+00 -2.1601e+00 -9.8569e-01
81495 +5.408143307e-01 +5.408143307e-01 -1.444191857e+02 -1.444191857e+02 -2.1152e+00 -2.1545e+00 -9.4714e-01
81530 +4.362057916e-01 +4.362057916e-01 -1.445237942e+02 -1.445237942e+02 -2.1470e+00 -2.0879e+00 -9.5771e-01
81601 +4.245222889e-01 +4.245222889e-01 -1.445354777e+02 -1.445354777e+02 -2.0627e+00 -2.1168e+00 -9.5800e-01
81613 +4.114714952e-01 +4.114714952e-01 -1.445485285e+02 -1.445485285e+02 -2.0790e+00 -2.1205e+00 -9.5945e-01
81650 +3.967639649e-01 +3.967639649e-01 -1.445632360e+02 -1.445632360e+02 -2.1003e+00 -2.1111e+00 -9.6057e-01
165054 +2.603680111e-01 +2.603680111e-01 -1.446996320e+02 -1.446996320e+02 -2.0714e+00 -2.0673e+00 -2.0859e+00
% function evaluation | noise-free fitness - Fopt (-6.300000000000e+00) | best noise-free fitness - Fopt | measured fitness | best measured fitness | x1 | x2...
1 +5.523931782e+03 +5.523931782e+03 +5.517631782e+03 +5.517631782e+03 +0.0000e+00 +0.0000e+00 +0.0000e+00
2 +3.825185560e+03 +3.825185560e+03 +3.818885560e+03 +3.818885560e+03 -4.7271e-01 -1.5253e+00 +1.8340e-01
3 +1.387912607e+03 +1.387912607e+03 +1.381612607e+03 +1.381612607e+03 -5.7662e-01 +4.6671e-01 -8.3249e-01
4 +2.323463457e+02 +2.323463457e+02 +2.260463457e+02 +2.260463457e+02 +3.5830e-01 -3.1881e+00 -5.2451e-01
7 +6.434596522e+00 +6.434596522e+00 +1.345965221e-01 +1.345965221e-01 +1.5779e+00 -4.8684e-01 -1.2493e+00
19 +4.107880966e+00 +4.107880966e+00 -2.192119034e+00 -2.192119034e+00 +8.6476e-01 -1.4794e+00 -1.8246e+00
22 +3.880813529e+00 +3.880813529e+00 -2.419186471e+00 -2.419186471e+00 +7.2778e-01 -2.1802e+00 -2.0659e+00
29 +1.800867271e+00 +1.800867271e+00 -4.499132729e+00 -4.499132729e+00 +1.0637e+00 -2.4431e+00 -1.6716e+00
140 +1.230613654e+00 +1.230613654e+00 -5.069386346e+00 -5.069386346e+00 +2.1919e+00 -1.9614e+00 -9.9022e-01
202 +1.192832498e+00 +1.192832498e+00 -5.107167502e+00 -5.107167502e+00 +2.1241e+00 -2.1515e+00 -1.2114e+00
219 +5.690402598e-01 +5.690402598e-01 -5.730959740e+00 -5.730959740e+00 +2.1333e+00 -2.1527e+00 -9.5179e-01
234 +4.862645376e-01 +4.862645376e-01 -5.813735462e+00 -5.813735462e+00 +2.0560e+00 -2.1301e+00 -9.3869e-01
292 +4.213587661e-01 +4.213587661e-01 -5.878641234e+00 -5.878641234e+00 +2.1331e+00 -2.1134e+00 -9.5949e-01
317 +4.059639839e-01 +4.059639839e-01 -5.894036016e+00 -5.894036016e+00 +2.1139e+00 -2.1069e+00 -9.6760e-01
348 +3.966343802e-01 +3.966343802e-01 -5.903365620e+00 -5.903365620e+00 +2.0969e+00 -2.1069e+00 -9.5825e-01
% function evaluation | noise-free fitness - Fopt (2.796000000000e+01) | best noise-free fitness - Fopt | measured fitness | best measured fitness | x1 | x2...
1 +5.523931782e+03 +5.523931782e+03 +5.551891782e+03 +5.551891782e+03 +0.0000e+00 +0.0000e+00 +0.0000e+00
3 +6.900530835e+00 +6.900530835e+00 +3.486053084e+01 +3.486053084e+01 +1.5966e-01 +3.0397e-01 +1.2347e+00
4 +5.064904233e+00 +5.064904233e+00 +3.302490423e+01 +3.302490423e+01 +5.5435e-01 +2.4523e-01 +1.1866e+00
15 +4.436713789e+00 +4.436713789e+00 +3.239671379e+01 +3.239671379e+01 +2.5824e+00 +1.7626e+00 +2.1357e+00
34 +4.085632276e+00 +4.085632276e+00 +3.204563228e+01 +3.204563228e+01 +7.0070e-01 +8.0083e-01 +1.1375e+00
41 +2.810877518e+00 +2.810877518e+00 +3.077087752e+01 +3.077087752e+01 +1.4547e+00 +3.9769e-01 +1.7730e+00
46 +2.386613514e+00 +2.386613514e+00 +3.034661351e+01 +3.034661351e+01 +2.5391e+00 +2.2857e+00 +2.0768e+00
62 +1.574632362e+00 +1.574632362e+00 +2.953463236e+01 +2.953463236e+01 +1.6666e+00 +3.1550e+00 +1.8788e+00
191 +1.191705238e+00 +1.191705238e+00 +2.915170524e+01 +2.915170524e+01 +1.4720e+00 +2.9874e+00 +1.5257e+00
269 +1.139058023e+00 +1.139058023e+00 +2.909905802e+01 +2.909905802e+01 +1.5003e+00 +2.9276e+00 +7.4077e-01
280 +9.479131027e-01 +9.479131027e-01 +2.890791310e+01 +2.890791310e+01 +1.4839e+00 +2.9565e+00 +7.3328e-01
282 +8.874126740e-01 +8.874126740e-01 +2.884741267e+01 +2.884741267e+01 +1.4750e+00 +2.9884e+00 +7.2003e-01
287 +8.389579076e-01 +8.389579076e-01 +2.879895791e+01 +2.879895791e+01 +1.4826e+00 +2.9768e+00 +7.4001e-01
308 +8.109899783e-01 +8.109899783e-01 +2.877098998e+01 +2.877098998e+01 +1.4889e+00 +3.0182e+00 +7.3175e-01
411 +7.935239313e-01 +7.935239313e-01 +2.875352393e+01 +2.875352393e+01 +1.5022e+00 +3.0079e+00 +7.3168e-01
159122 +6.531567379e-03 +6.531567379e-03 +2.796653157e+01 +2.796653157e+01 -2.0996e+00 +2.1087e+00 +2.0980e+00
% function evaluation | noise-free fitness - Fopt (-6.338000000000e+01) | best noise-free fitness - Fopt | measured fitness | best measured fitness | x1 | x2...
1 +5.523931782e+03 +5.523931782e+03 +5.460551782e+03 +5.460551782e+03 +0.0000e+00 +0.0000e+00 +0.0000e+00
4 +3.092215628e+03 +3.092215628e+03 +3.028835628e+03 +3.028835628e+03 +3.7222e+00 -1.5614e+00 +8.7227e-01
5 +3.936371623e+00 +3.936371623e+00 -5.944362838e+01 -5.944362838e+01 -1.8788e-01 +7.5276e-01 +1.0219e+00
14 +3.787478262e+00 +3.787478262e+00 -5.959252174e+01 -5.959252174e+01 +2.4795e-01 +1.5136e+00 +1.8530e+00
27 +3.127791733e+00 +3.127791733e+00 -6.025220827e+01 -6.025220827e+01 +8.4451e-01 +2.4190e+00 +1.0136e+00
99 +2.685765240e+00 +2.685765240e+00 -6.069423476e+01 -6.069423476e+01 -1.6439e+00 +3.0982e+00 +8.3148e-01
108 +1.941760641e+00 +1.941760641e+00 -6.143823936e+01 -6.143823936e+01 -1.5382e+00 +3.0000e+00 +1.1352e+00
194 +1.505039400e+00 +1.505039400e+00 -6.187496060e+01 -6.187496060e+01 -1.3691e+00 +2.9933e+00 +6.9074e-01
270 +1.440521653e+00 +1.440521653e+00 -6.193947835e+01 -6.193947835e+01 -1.3858e+00 +3.0220e+00 +7.7452e-01
279 +1.047882212e+00 +1.047882212e+00 -6.233211779e+01 -6.233211779e+01 -1.6372e+00 +3.0458e+00 +7.2201e-01
289 +9.020998339e-01 +9.020998339e-01 -6.247790017e+01 -6.247790017e+01 -1.4810e+00 +2.9988e+00 +7.6147e-01
40527 +7.632899436e-01 +7.632899436e-01 -6.261671006e+01 -6.261671006e+01 -1.4763e+00 +2.9925e+00 +1.8365e+00
40552 +4.719052090e-01 +4.719052090e-01 -6.290809479e+01 -6.290809479e+01 -1.5456e+00 +2.9843e+00 +1.8874e+00
40592 +4.667833414e-01 +4.667833414e-01 -6.291321666e+01 -6.291321666e+01 -1.4658e+00 +3.0217e+00 +1.8707e+00
40633 +4.389163550e-01 +4.389163550e-01 -6.294108365e+01 -6.294108365e+01 -1.4703e+00 +2.9957e+00 +1.8731e+00
40659 +4.168943897e-01 +4.168943897e-01 -6.296310561e+01 -6.296310561e+01 -1.4810e+00 +3.0003e+00 +1.8866e+00
40660 +4.083816138e-01 +4.083816138e-01 -6.297161839e+01 -6.297161839e+01 -1.4888e+00 +3.0036e+00 +1.8752e+00
40678 +4.059097084e-01 +4.059097084e-01 -6.297409029e+01 -6.297409029e+01 -1.5143e+00 +3.0240e+00 +1.8748e+00
40713 +3.953410104e-01 +3.953410104e-01 -6.298465899e+01 -6.298465899e+01 -1.5147e+00 +3.0088e+00 +1.8804e+00
156769 +3.078012921e-01 +3.078012921e-01 -6.307219871e+01 -6.307219871e+01 +2.1186e+00 +2.1410e+00 +2.0588e+00
156786 +2.654566274e-01 +2.654566274e-01 -6.311454337e+01 -6.311454337e+01 +2.0078e+00 +2.1306e+00 +2.1242e+00
156804 +1.614850961e-01 +1.614850961e-01 -6.321851490e+01 -6.321851490e+01 +2.0599e+00 +2.0892e+00 +2.1319e+00
156823 +1.259407962e-01 +1.259407962e-01 -6.325405920e+01 -6.325405920e+01 +2.1028e+00 +2.0571e+00 +2.1222e+00
156835 +8.062541671e-02 +8.062541671e-02 -6.329937458e+01 -6.329937458e+01 +2.1401e+00 +2.0624e+00 +2.1144e+00
156849 +4.025145757e-02 +4.025145757e-02 -6.333974854e+01 -6.333974854e+01 +2.1303e+00 +2.0797e+00 +2.1032e+00
156863 +8.959066305e-03 +8.959066305e-03 -6.337104093e+01 -6.337104093e+01 +2.1142e+00 +2.1019e+00 +2.0989e+00
156910 +8.141743763e-03 +8.141743763e-03 -6.337185826e+01 -6.337185826e+01 +2.1265e+00 +2.0975e+00 +2.1073e+00
156915 +6.670952795e-03 +6.670952795e-03 -6.337332905e+01 -6.337332905e+01 +2.1156e+00 +2.1086e+00 +2.1077e+00
156928 +5.299079069e-03 +5.299079069e-03 -6.337470092e+01 -6.337470092e+01 +2.1010e+00 +2.1155e+00 +2.1025e+00
156933 +8.461567686e-04 +8.461567686e-04 -6.337915384e+01 -6.337915384e+01 +2.1005e+00 +2.1072e+00 +2.1059e+00
156944 +1.467391245e-04 +1.467391245e-04 -6.337985326e+01 -6.337985326e+01 +2.1035e+00 +2.1065e+00 +2.1040e+00
157013 +9.487740393e-05 +9.487740393e-05 -6.337990512e+01 -6.337990512e+01 +2.1061e+00 +2.1045e+00 +2.1043e+00
157026 +2.416042707e-05 +2.416042707e-05 -6.337997584e+01 -6.337997584e+01 +2.1060e+00 +2.1046e+00 +2.1048e+00
157036 +2.139921774e-05 +2.139921774e-05 -6.337997860e+01 -6.337997860e+01 +2.1048e+00 +2.1044e+00 +2.1047e+00
157039 +1.683492162e-05 +1.683492162e-05 -6.337998317e+01 -6.337998317e+01 +2.1053e+00 +2.1048e+00 +2.1051e+00
157084 +1.441983110e-05 +1.441983110e-05 -6.337998558e+01 -6.337998558e+01 +2.1050e+00 +2.1043e+00 +2.1050e+00
157105 +1.386737382e-05 +1.386737382e-05 -6.337998613e+01 -6.337998613e+01 +2.1056e+00 +2.1045e+00 +2.1051e+00
157109 +1.073985165e-05 +1.073985165e-05 -6.337998926e+01 -6.337998926e+01 +2.1056e+00 +2.1046e+00 +2.1050e+00
157112 +6.124498398e-06 +6.124498398e-06 -6.337999388e+01 -6.337999388e+01 +2.1052e+00 +2.1049e+00 +2.1047e+00
157123 +1.256541651e-06 +1.256541651e-06 -6.337999874e+01 -6.337999874e+01 +2.1046e+00 +2.1049e+00 +2.1048e+00
157129 +1.788320745e-07 +1.788320745e-07 -6.337999982e+01 -6.337999982e+01 +2.1049e+00 +2.1049e+00 +2.1048e+00
157266 +1.259023392e-07 +1.259023392e-07 -6.337999987e+01 -6.337999987e+01 +2.1048e+00 +2.1049e+00 +2.1048e+00
157269 +6.954229548e-08 +6.954229548e-08 -6.337999993e+01 -6.337999993e+01 +2.1049e+00 +2.1048e+00 +2.1048e+00
157278 +2.204982508e-08 +2.204982508e-08 -6.337999998e+01 -6.337999998e+01 +2.1048e+00 +2.1048e+00 +2.1048e+00
157280 +9.736446316e-09 +9.736446316e-09 -6.337999999e+01 -6.337999999e+01 +2.1048e+00 +2.1048e+00 +2.1048e+00
157786 +0.000000000e+00 +0.000000000e+00 -6.338000000e+01 -6.338000000e+01 +2.1048e+00 +2.1048e+00 +2.1048e+00
% function evaluation | noise-free fitness - Fopt (-1.337200000000e+02) | best noise-free fitness - Fopt | measured fitness | best measured fitness | x1 | x2...
1 +5.523931782e+03 +5.523931782e+03 +5.390211782e+03 +5.390211782e+03 +0.0000e+00 +0.0000e+00 +0.0000e+00
2 +3.541261861e+03 +3.541261861e+03 +3.407541861e+03 +3.407541861e+03 +1.7360e-01 +3.0443e-01 +1.5904e-01
21 +4.945224308e+00 +4.945224308e+00 -1.287747757e+02 -1.287747757e+02 +6.5045e-01 -1.7669e-02 +2.2450e+00
27 +3.688544876e+00 +3.688544876e+00 -1.300314551e+02 -1.300314551e+02 +5.5239e-01 +4.3377e-01 +1.7743e+00
38 +3.191235367e+00 +3.191235367e+00 -1.305287646e+02 -1.305287646e+02 +2.1507e+00 +1.3820e+00 +1.2739e+00
100 +2.727629077e+00 +2.727629077e+00 -1.309923709e+02 -1.309923709e+02 +2.2813e+00 +2.1912e+00 +1.2773e+00
131 +2.469068790e+00 +2.469068790e+00 -1.312509312e+02 -1.312509312e+02 -7.6226e-01 +2.8638e+00 +1.0773e+00
138 +1.548161376e+00 +1.548161376e+00 -1.321718386e+02 -1.321718386e+02 +1.1089e+00 +2.4666e+00 +2.0325e+00
253 +1.425014988e+00 +1.425014988e+00 -1.322949850e+02 -1.322949850e+02 -1.2648e+00 +2.9623e+00 +1.8571e+00
325 +1.109220830e+00 +1.109220830e+00 -1.326107792e+02 -1.326107792e+02 -1.6226e+00 +2.9574e+00 +1.9262e+00
333 +8.132058979e-01 +8.132058979e-01 -1.329067941e+02 -1.329067941e+02 -1.5359e+00 +2.9387e+00 +1.9225e+00
342 +6.825235360e-01 +6.825235360e-01 -1.330374765e+02 -1.330374765e+02 -1.5138e+00 +2.9361e+00 +1.9061e+00
353 +6.558867963e-01 +6.558867963e-01 -1.330641132e+02 -1.330641132e+02 -1.4883e+00 +2.9330e+00 +1.8989e+00
357 +6.107192851e-01 +6.107192851e-01 -1.331092807e+02 -1.331092807e+02 -1.5218e+00 +3.0094e+00 +1.9147e+00
358 +4.115080312e-01 +4.115080312e-01 -1.333084920e+02 -1.333084920e+02 -1.5226e+00 +3.0229e+00 +1.8683e+00
403 +4.070424873e-01 +4.070424873e-01 -1.333129575e+02 -1.333129575e+02 -1.5305e+00 +3.0247e+00 +1.8763e+00
488 +3.975297467e-01 +3.975297467e-01 -1.333224703e+02 -1.333224703e+02 -1.5158e+00 +3.0169e+00 +1.8763e+00
295114 +2.327444822e-01 +2.327444822e-01 -1.334872555e+02 -1.334872555e+02 +2.0384e+00 +2.0706e+00 +2.1011e+00
295219 +1.775436106e-01 +1.775436106e-01 -1.335424564e+02 -1.335424564e+02 +2.1036e+00 +2.1491e+00 +2.1150e+00
295238 +3.643470796e-02 +3.643470796e-02 -1.336835653e+02 -1.336835653e+02 +2.0867e+00 +2.1248e+00 +2.0894e+00
295248 +3.332541544e-02 +3.332541544e-02 -1.336866746e+02 -1.336866746e+02 +2.1350e+00 +2.1151e+00 +2.0996e+00
295265 +2.867947238e-02 +2.867947238e-02 -1.336913205e+02 -1.336913205e+02 +2.1366e+00 +2.1114e+00 +2.1049e+00
295273 +2.008327385e-03 +2.008327385e-03 -1.337179917e+02 -1.337179917e+02 +2.1028e+00 +2.0994e+00 +2.1058e+00
295341 +4.995742517e-04 +4.995742517e-04 -1.337195004e+02 -1.337195004e+02 +2.0997e+00 +2.1055e+00 +2.1051e+00
295358 +1.590163632e-04 +1.590163632e-04 -1.337198410e+02 -1.337198410e+02 +2.1061e+00 +2.1053e+00 +2.1055e+00
295369 +1.224037155e-05 +1.224037155e-05 -1.337199878e+02 -1.337199878e+02 +2.1044e+00 +2.1046e+00 +2.1048e+00
295459 +2.249245426e-06 +2.249245426e-06 -1.337199978e+02 -1.337199978e+02 +2.1050e+00 +2.1046e+00 +2.1049e+00
295540 +1.700048585e-06 +1.700048585e-06 -1.337199983e+02 -1.337199983e+02 +2.1046e+00 +2.1050e+00 +2.1048e+00
295546 +6.385329527e-07 +6.385329527e-07 -1.337199994e+02 -1.337199994e+02 +2.1049e+00 +2.1047e+00 +2.1048e+00
295558 +1.807421768e-07 +1.807421768e-07 -1.337199998e+02 -1.337199998e+02 +2.1049e+00 +2.1048e+00 +2.1048e+00
295604 +8.178099620e-08 +8.178099620e-08 -1.337199999e+02 -1.337199999e+02 +2.1049e+00 +2.1048e+00 +2.1048e+00
295610 +3.146300287e-08 +3.146300287e-08 -1.337200000e+02 -1.337200000e+02 +2.1049e+00 +2.1048e+00 +2.1048e+00
295657 +2.461345616e-08 +2.461345616e-08 -1.337200000e+02 -1.337200000e+02 +2.1048e+00 +2.1048e+00 +2.1048e+00
295667 +1.969078767e-08 +1.969078767e-08 -1.337200000e+02 -1.337200000e+02 +2.1048e+00 +2.1048e+00 +2.1049e+00
295673 +5.075008858e-09 +5.075008858e-09 -1.337200000e+02 -1.337200000e+02 +2.1048e+00 +2.1048e+00 +2.1048e+00
296136 +0.000000000e+00 +0.000000000e+00 -1.337200000e+02 -1.337200000e+02 +2.1048e+00 +2.1048e+00 +2.1048e+00
% function evaluation | noise-free fitness - Fopt (-4.039900000000e+02) | best noise-free fitness - Fopt | measured fitness | best measured fitness | x1 | x2...
1 +5.523931782e+03 +5.523931782e+03 +5.119941782e+03 +5.119941782e+03 +0.0000e+00 +0.0000e+00 +0.0000e+00
2 +1.021364527e+03 +1.021364527e+03 +6.173745268e+02 +6.173745268e+02 -7.1871e-01 +2.2981e-01 +7.9706e-01
17 +9.890952524e+02 +9.890952524e+02 +5.851052524e+02 +5.851052524e+02 -2.2415e+00 -2.2250e+00 +1.2248e-01
20 +5.893281067e+02 +5.893281067e+02 +1.853381067e+02 +1.853381067e+02 -1.7562e+00 -2.2989e+00 +2.1842e-01
22 +1.859136360e+01 +1.859136360e+01 -3.853986364e+02 -3.853986364e+02 -2.6009e+00 -3.4251e+00 +1.9508e+00
25 +1.006229931e+01 +1.006229931e+01 -3.939277007e+02 -3.939277007e+02 -2.6053e+00 -3.0391e+00 +3.8622e-01
44 +3.202915805e+00 +3.202915805e+00 -4.007870842e+02 -4.007870842e+02 -2.5041e+00 -6.4832e-01 +1.8219e+00
95 +3.149665690e+00 +3.149665690e+00 -4.008403343e+02 -4.008403343e+02 -1.6481e+00 -2.0728e+00 +1.5661e+00
99 +2.607306361e+00 +2.607306361e+00 -4.013826936e+02 -4.013826936e+02 -1.2312e+00 -9.2743e-01 +2.0383e+00
122 +2.196187411e+00 +2.196187411e+00 -4.017938126e+02 -4.017938126e+02 -1.4284e+00 -9.8915e-01 +1.1651e+00
148 +1.812923216e+00 +1.812923216e+00 -4.021770768e+02 -4.021770768e+02 -1.4975e+00 -1.4871e+00 +1.1050e+00
170 +1.767866401e+00 +1.767866401e+00 -4.022221336e+02 -4.022221336e+02 -1.4742e+00 -8.6750e-01 +1.2485e+00
243 +1.633728020e+00 +1.633728020e+00 -4.023562720e+02 -4.023562720e+02 -1.4491e+00 -9.4295e-01 +9.3671e-01
284 +1.381056049e+00 +1.381056049e+00 -4.026089440e+02 -4.026089440e+02 -1.5385e+00 -1.0404e+00 +1.2204e+00
326 +1.241677915e+00 +1.241677915e+00 -4.027483221e+02 -4.027483221e+02 -1.4968e+00 -1.0016e+00 +1.2415e+00
389 +1.206918290e+00 +1.206918290e+00 -4.027830817e+02 -4.027830817e+02 -1.4905e+00 -9.7567e-01 +1.2517e+00
433 +1.189373643e+00 +1.189373643e+00 -4.028006264e+02 -4.028006264e+02 -1.5033e+00 -9.8061e-01 +1.2429e+00
87544 +4.342821463e-01 +4.342821463e-01 -4.035557179e+02 -4.035557179e+02 +1.9671e+00 -2.1388e+00 +2.1243e+00
240099 +2.190650698e-01 +2.190650698e-01 -4.037709349e+02 -4.037709349e+02 +2.1179e+00 -2.0648e+00 +2.1444e+00
240125 +2.460699008e-02 +2.460699008e-02 -4.039653930e+02 -4.039653930e+02 +2.0674e+00 -2.1104e+00 +2.1050e+00
240192 +2.306274219e-02 +2.306274219e-02 -4.039669373e+02 -4.039669373e+02 +2.1063e+00 -2.1045e+00 +2.1166e+00
240223 +9.588317655e-03 +9.588317655e-03 -4.039804117e+02 -4.039804117e+02 +2.1064e+00 -2.1178e+00 +2.1012e+00
240237 +5.599748673e-03 +5.599748673e-03 -4.039844003e+02 -4.039844003e+02 +2.0891e+00 -2.1038e+00 +2.1042e+00
240273 +4.652109577e-03 +4.652109577e-03 -4.039853479e+02 -4.039853479e+02 +2.1111e+00 -2.1119e+00 +2.1031e+00
240281 +4.272309479e-04 +4.272309479e-04 -4.039895728e+02 -4.039895728e+02 +2.1022e+00 -2.1033e+00 +2.1058e+00
240313 +3.583539017e-04 +3.583539017e-04 -4.039896416e+02 -4.039896416e+02 +2.1009e+00 -2.1045e+00 +2.1052e+00
240349 +2.211976265e-04 +2.211976265e-04 -4.039897788e+02 -4.039897788e+02 +2.1081e+00 -2.1045e+00 +2.1054e+00
240372 +2.030202013e-04 +2.030202013e-04 -4.039897970e+02 -4.039897970e+02 +2.1046e+00 -2.1058e+00 +2.1036e+00
240383 +1.850099224e-04 +1.850099224e-04 -4.039898150e+02 -4.039898150e+02 +2.1019e+00 -2.1047e+00 +2.1048e+00
240387 +1.272187105e-04 +1.272187105e-04 -4.039898728e+02 -4.039898728e+02 +2.1031e+00 -2.1043e+00 +2.1054e+00
240399 +8.815423882e-05 +8.815423882e-05 -4.039899118e+02 -4.039899118e+02 +2.1052e+00 -2.1060e+00 +2.1048e+00
240441 +1.861949124e-05 +1.861949124e-05 -4.039899814e+02 -4.039899814e+02 +2.1041e+00 -2.1046e+00 +2.1050e+00
240449 +8.052395060e-06 +8.052395060e-06 -4.039899919e+02 -4.039899919e+02 +2.1043e+00 -2.1049e+00 +2.1049e+00
240451 +2.545442953e-06 +2.545442953e-06 -4.039899975e+02 -4.039899975e+02 +2.1048e+00 -2.1050e+00 +2.1047e+00
240489 +1.386785300e-06 +1.386785300e-06 -4.039899986e+02 -4.039899986e+02 +2.1048e+00 -2.1047e+00 +2.1048e+00
240497 +8.215907883e-07 +8.215907883e-07 -4.039899992e+02 -4.039899992e+02 +2.1048e+00 -2.1050e+00 +2.1049e+00
240515 +5.557567988e-07 +5.557567988e-07 -4.039899994e+02 -4.039899994e+02 +2.1050e+00 -2.1049e+00 +2.1048e+00
240528 +4.197559633e-07 +4.197559633e-07 -4.039899996e+02 -4.039899996e+02 +2.1050e+00 -2.1048e+00 +2.1048e+00
240535 +5.913409495e-08 +5.913409495e-08 -4.039899999e+02 -4.039899999e+02 +2.1049e+00 -2.1048e+00 +2.1048e+00
240588 +2.352317097e-08 +2.352317097e-08 -4.039900000e+02 -4.039900000e+02 +2.1048e+00 -2.1048e+00 +2.1049e+00
240657 +1.648953685e-08 +1.648953685e-08 -4.039900000e+02 -4.039900000e+02 +2.1049e+00 -2.1048e+00 +2.1048e+00
240659 +3.198977083e-09 +3.198977083e-09 -4.039900000e+02 -4.039900000e+02 +2.1049e+00 -2.1048e+00 +2.1048e+00
241018 +0.000000000e+00 +0.000000000e+00 -4.039900000e+02 -4.039900000e+02 +2.1048e+00 -2.1048e+00 +2.1048e+00
% function evaluation | noise-free fitness - Fopt (1.000000000000e+03) | best noise-free fitness - Fopt | measured fitness | best measured fitness | x1 | x2...
1 +5.523931782e+03 +5.523931782e+03 +6.523931782e+03 +6.523931782e+03 +0.0000e+00 +0.0000e+00 +0.0000e+00
3 +4.765724367e+03 +4.765724367e+03 +5.765724367e+03 +5.765724367e+03 -1.6581e-01 +2.1654e+00 +4.5752e-01
4 +5.721969913e+02 +5.721969913e+02 +1.572196991e+03 +1.572196991e+03 +2.8641e+00 -1.3104e+00 -2.5992e+00
12 +4.377922871e+02 +4.377922871e+02 +1.437792287e+03 +1.437792287e+03 +1.3786e+00 -8.5235e-01 -1.2752e+00
13 +3.958266279e+00 +3.958266279e+00 +1.003958266e+03 +1.003958266e+03 +2.3450e+00 -4.0388e-01 -1.5508e+00
16 +2.260989775e+00 +2.260989775e+00 +1.002260990e+03 +1.002260990e+03 +2.0217e+00 +4.2501e-02 -2.5048e+00
54 +2.059543129e+00 +2.059543129e+00 +1.002059543e+03 +1.002059543e+03 -2.4271e+00 +1.2491e+00 -2.2813e+00
177 +1.991286596e+00 +1.991286596e+00 +1.001991287e+03 +1.001991287e+03 +1.1386e+00 +3.8147e-01 -1.3882e+00
485 +1.927755973e+00 +1.927755973e+00 +1.001927756e+03 +1.001927756e+03 +1.0045e+00 -2.1814e-01 -1.5542e+00
603 +1.902854556e+00 +1.902854556e+00 +1.001902855e+03 +1.001902855e+03 +1.0525e+00 -2.2597e-01 -1.5400e+00
39896 +1.591671066e+00 +1.591671066e+00 +1.001591671e+03 +1.001591671e+03 -1.4178e+00 +2.8851e+00 -1.8497e+00
40035 +1.231278650e+00 +1.231278650e+00 +1.001231279e+03 +1.001231279e+03 -1.6749e+00 +1.0131e+00 -2.3668e+00
40040 +1.026944816e+00 +1.026944816e+00 +1.001026945e+03 +1.001026945e+03 -1.6002e+00 +1.0357e+00 -2.3856e+00
40076 +8.408219324e-01 +8.408219324e-01 +1.000840822e+03 +1.000840822e+03 -1.4945e+00 +9.9497e-01 -2.3732e+00
40105 +8.226027882e-01 +8.226027882e-01 +1.000822603e+03 +1.000822603e+03 -1.5451e+00 +9.7985e-01 -2.3767e+00
40111 +7.945088848e-01 +7.945088848e-01 +1.000794509e+03 +1.000794509e+03 -1.5213e+00 +9.8345e-01 -2.3822e+00
40139 +7.929374854e-01 +7.929374854e-01 +1.000792937e+03 +1.000792937e+03 -1.5005e+00 +9.6954e-01 -2.3905e+00
82382 +6.034309532e-01 +6.034309532e-01 +1.000603431e+03 +1.000603431e+03 +2.1327e+00 +6.1248e-02 -2.6501e+00
82385 +5.600710302e-01 +5.600710302e-01 +1.000560071e+03 +1.000560071e+03 +2.0975e+00 +7.8728e-02 -2.6426e+00
82392 +4.135549058e-01 +4.135549058e-01 +1.000413555e+03 +1.000413555e+03 +2.0752e+00 +7.0541e-02 -2.6109e+00
82413 +3.969264404e-01 +3.969264404e-01 +1.000396926e+03 +1.000396926e+03 +2.1071e+00 +6.9177e-02 -2.6103e+00
218922 +2.090233138e-01 +2.090233138e-01 +1.000209023e+03 +1.000209023e+03 +2.0674e+00 +2.0546e+00 -2.1137e+00
218956 +1.740529625e-01 +1.740529625e-01 +1.000174053e+03 +1.000174053e+03 +2.0962e+00 +2.0654e+00 -2.1369e+00
218962 +1.238147434e-01 +1.238147434e-01 +1.000123815e+03 +1.000123815e+03 +2.1831e+00 +2.1039e+00 -2.1093e+00
219003 +1.039126504e-01 +1.039126504e-01 +1.000103913e+03 +1.000103913e+03 +2.1736e+00 +2.0787e+00 -2.1224e+00
219013 +1.012999613e-01 +1.012999613e-01 +1.000101300e+03 +1.000101300e+03 +2.1645e+00 +2.0842e+00 -2.1254e+00
219014 +8.130274050e-02 +8.130274050e-02 +1.000081303e+03 +1.000081303e+03 +2.1737e+00 +2.0826e+00 -2.1122e+00
219022 +6.405502395e-02 +6.405502395e-02 +1.000064055e+03 +1.000064055e+03 +2.1657e+00 +2.0880e+00 -2.1058e+00
219023 +5.943779257e-02 +5.943779257e-02 +1.000059438e+03 +1.000059438e+03 +2.1592e+00 +2.0862e+00 -2.1024e+00
219074 +5.275166770e-02 +5.275166770e-02 +1.000052752e+03 +1.000052752e+03 +2.1520e+00 +2.0982e+00 -2.1156e+00
219088 +5.223736150e-02 +5.223736150e-02 +1.000052237e+03 +1.000052237e+03 +2.1457e+00 +2.1076e+00 -2.1137e+00
219093 +4.865436831e-02 +4.865436831e-02 +1.000048654e+03 +1.000048654e+03 +2.1448e+00 +2.0958e+00 -2.1185e+00
219094 +3.769669320e-02 +3.769669320e-02 +1.000037697e+03 +1.000037697e+03 +2.1384e+00 +2.1069e+00 -2.1131e+00
219096 +3.051241428e-02 +3.051241428e-02 +1.000030512e+03 +1.000030512e+03 +2.1458e+00 +2.0884e+00 -2.1076e+00
219097 +2.446408451e-02 +2.446408451e-02 +1.000024464e+03 +1.000024464e+03 +2.1122e+00 +2.0915e+00 -2.0982e+00
219101 +2.075321252e-02 +2.075321252e-02 +1.000020753e+03 +1.000020753e+03 +2.1333e+00 +2.0957e+00 -2.1135e+00
219107 +2.007170065e-02 +2.007170065e-02 +1.000020072e+03 +1.000020072e+03 +2.1146e+00 +2.1161e+00 -2.1091e+00
219116 +2.294884824e-03 +2.294884824e-03 +1.000002295e+03 +1.000002295e+03 +2.1015e+00 +2.1057e+00 -2.1082e+00
219132 +1.828032345e-03 +1.828032345e-03 +1.000001828e+03 +1.000001828e+03 +2.1146e+00 +2.1030e+00 -2.1064e+00
219147 +5.275707301e-04 +5.275707301e-04 +1.000000528e+03 +1.000000528e+03 +2.1099e+00 +2.1042e+00 -2.1057e+00
219167 +1.603340509e-04 +1.603340509e-04 +1.000000160e+03 +1.000000160e+03 +2.1070e+00 +2.1040e+00 -2.1057e+00
219219 +6.957470225e-05 +6.957470225e-05 +1.000000070e+03 +1.000000070e+03 +2.1047e+00 +2.1055e+00 -2.1052e+00
219244 +1.001122553e-05 +1.001122553e-05 +1.000000010e+03 +1.000000010e+03 +2.1043e+00 +2.1049e+00 -2.1047e+00
219310 +9.956675171e-06 +9.956675171e-06 +1.000000010e+03 +1.000000010e+03 +2.1044e+00 +2.1053e+00 -2.1047e+00
219312 +5.046073966e-06 +5.046073966e-06 +1.000000005e+03 +1.000000005e+03 +2.1044e+00 +2.1048e+00 -2.1048e+00
219313 +2.256422249e-06 +2.256422249e-06 +1.000000002e+03 +1.000000002e+03 +2.1045e+00 +2.1048e+00 -2.1049e+00
219358 +1.982255981e-06 +1.982255981e-06 +1.000000002e+03 +1.000000002e+03 +2.1046e+00 +2.1050e+00 -2.1049e+00
219365 +1.655318329e-06 +1.655318329e-06 +1.000000002e+03 +1.000000002e+03 +2.1046e+00 +2.1049e+00 -2.1048e+00
219390 +1.052653374e-06 +1.052653374e-06 +1.000000001e+03 +1.000000001e+03 +2.1048e+00 +2.1050e+00 -2.1048e+00
219394 +6.899782647e-07 +6.899782647e-07 +1.000000001e+03 +1.000000001e+03 +2.1047e+00 +2.1050e+00 -2.1048e+00
219398 +5.994158983e-07 +5.994158983e-07 +1.000000001e+03 +1.000000001e+03 +2.1047e+00 +2.1049e+00 -2.1048e+00
219404 +4.787283387e-07 +4.787283387e-07 +1.000000000e+03 +1.000000000e+03 +2.1048e+00 +2.1048e+00 -2.1049e+00
219410 +2.004985618e-07 +2.004985618e-07 +1.000000000e+03 +1.000000000e+03 +2.1048e+00 +2.1049e+00 -2.1049e+00
219415 +1.505327418e-07 +1.505327418e-07 +1.000000000e+03 +1.000000000e+03 +2.1049e+00 +2.1048e+00 -2.1049e+00
219453 +3.828859008e-08 +3.828859008e-08 +1.000000000e+03 +1.000000000e+03 +2.1049e+00 +2.1048e+00 -2.1049e+00
219460 +3.502327672e-08 +3.502327672e-08 +1.000000000e+03 +1.000000000e+03 +2.1048e+00 +2.1048e+00 -2.1048e+00
219475 +2.932563348e-08 +2.932563348e-08 +1.000000000e+03 +1.000000000e+03 +2.1049e+00 +2.1048e+00 -2.1048e+00
219495 +2.267870514e-08 +2.267870514e-08 +1.000000000e+03 +1.000000000e+03 +2.1049e+00 +2.1048e+00 -2.1048e+00
219496 +1.451849130e-08 +1.451849130e-08 +1.000000000e+03 +1.000000000e+03 +2.1049e+00 +2.1048e+00 -2.1048e+00
219505 +7.554149306e-09 +7.554149306e-09 +1.000000000e+03 +1.000000000e+03 +2.1048e+00 +2.1048e+00 -2.1048e+00
219939 +0.000000000e+00 +0.000000000e+00 +1.000000000e+03 +1.000000000e+03 +2.1048e+00 +2.1048e+00 -2.1048e+00
% function evaluation | noise-free fitness - Fopt (1.005700000000e+02) | best noise-free fitness - Fopt | measured fitness | best measured fitness | x1 | x2...
1 +5.523931782e+03 +5.523931782e+03 +5.624501782e+03 +5.624501782e+03 +0.0000e+00 +0.0000e+00 +0.0000e+00
3 +1.774471216e+01 +1.774471216e+01 +1.183147122e+02 +1.183147122e+02 +2.6981e-01 +1.2318e-02 +1.1150e+00
14 +4.197814045e+00 +4.197814045e+00 +1.047678140e+02 +1.047678140e+02 -9.0835e-02 -2.5798e+00 +6.9136e-01
27 +3.513839813e+00 +3.513839813e+00 +1.040838398e+02 +1.040838398e+02 -6.0226e-01 -2.1230e+00 +1.6034e+00
48 +2.856466036e+00 +2.856466036e+00 +1.034264660e+02 +1.034264660e+02 -4.8421e-01 -2.7365e+00 +1.1913e+00
83 +1.792103946e+00 +1.792103946e+00 +1.023621039e+02 +1.023621039e+02 -1.4265e+00 -9.0455e-01 +2.0479e+00
94 +1.390276227e+00 +1.390276227e+00 +1.019602762e+02 +1.019602762e+02 -1.5683e+00 -4.3071e-01 +2.5558e+00
240 +1.158154836e+00 +1.158154836e+00 +1.017281548e+02 +1.017281548e+02 -1.6396e+00 -9.6560e-01 +2.3801e+00
260 +9.383888961e-01 +9.383888961e-01 +1.015083889e+02 +1.015083889e+02 -1.5498e+00 -9.9203e-01 +2.3558e+00
315 +8.346197256e-01 +8.346197256e-01 +1.014046197e+02 +1.014046197e+02 -1.4864e+00 -9.8109e-01 +2.3736e+00
367 +8.284049596e-01 +8.284049596e-01 +1.013984050e+02 +1.013984050e+02 -1.4689e+00 -9.7466e-01 +2.3851e+00
376 +7.979881426e-01 +7.979881426e-01 +1.013679881e+02 +1.013679881e+02 -1.5141e+00 -9.6596e-01 +2.3942e+00
435 +7.940298278e-01 +7.940298278e-01 +1.013640298e+02 +1.013640298e+02 -1.5166e+00 -9.8349e-01 +2.3826e+00
% function evaluation | noise-free fitness - Fopt (1.149000000000e+01) | best noise-free fitness - Fopt | measured fitness | best measured fitness | x1 | x2...
1 +5.523931782e+03 +5.523931782e+03 +5.535421782e+03 +5.535421782e+03 +0.0000e+00 +0.0000e+00 +0.0000e+00
2 +7.582227331e+00 +7.582227331e+00 +1.907222733e+01 +1.907222733e+01 +1.3638e+00 -7.7962e-02 -1.3008e+00
15 +2.921975389e+00 +2.921975389e+00 +1.441197539e+01 +1.441197539e+01 +1.8994e+00 +1.1585e+00 -1.4528e+00
35 +2.077633822e+00 +2.077633822e+00 +1.356763382e+01 +1.356763382e+01 +8.9761e-01 +2.3681e+00 -1.6495e+00
48 +1.603324628e+00 +1.603324628e+00 +1.309332463e+01 +1.309332463e+01 +1.0849e+00 +2.2855e+00 -2.1170e+00
43631 +8.151269243e-01 +8.151269243e-01 +1.230512692e+01 +1.230512692e+01 +2.0948e+00 -5.2824e-03 -2.6074e+00
43675 +7.505237052e-01 +7.505237052e-01 +1.224052371e+01 +1.224052371e+01 +2.1745e+00 -3.4112e-03 -2.6571e+00
43695 +4.545523832e-01 +4.545523832e-01 +1.194455238e+01 +1.194455238e+01 +2.1317e+00 +3.5749e-02 -2.6164e+00
43702 +4.204584112e-01 +4.204584112e-01 +1.191045841e+01 +1.191045841e+01 +2.1004e+00 +6.9808e-02 -2.6258e+00
43738 +4.116395970e-01 +4.116395970e-01 +1.190163960e+01 +1.190163960e+01 +2.1320e+00 +6.8601e-02 -2.6095e+00
43773 +3.979170546e-01 +3.979170546e-01 +1.188791705e+01 +1.188791705e+01 +2.0981e+00 +7.8867e-02 -2.6108e+00
205450 +1.369969293e-01 +1.369969293e-01 +1.162699693e+01 +1.162699693e+01 +2.0984e+00 +2.0679e+00 -2.1327e+00
205472 +4.603599225e-02 +4.603599225e-02 +1.153603599e+01 +1.153603599e+01 +2.0973e+00 +2.1331e+00 -2.1047e+00
205497 +1.090069657e-02 +1.090069657e-02 +1.150090070e+01 +1.150090070e+01 +2.1156e+00 +2.0908e+00 -2.1048e+00
205522 +5.770721755e-03 +5.770721755e-03 +1.149577072e+01 +1.149577072e+01 +2.0956e+00 +2.0984e+00 -2.1078e+00
205577 +5.480564786e-03 +5.480564786e-03 +1.149548056e+01 +1.149548056e+01 +2.0979e+00 +2.1004e+00 -2.1020e+00
205587 +2.019600870e-03 +2.019600870e-03 +1.149201960e+01 +1.149201960e+01 +2.1051e+00 +2.0988e+00 -2.1071e+00
205603 +7.682459887e-04 +7.682459887e-04 +1.149076825e+01 +1.149076825e+01 +2.1093e+00 +2.1027e+00 -2.1069e+00
205670 +6.712959219e-04 +6.712959219e-04 +1.149067130e+01 +1.149067130e+01 +2.1020e+00 +2.1054e+00 -2.1029e+00
205679 +2.502065539e-04 +2.502065539e-04 +1.149025021e+01 +1.149025021e+01 +2.1070e+00 +2.1034e+00 -2.1043e+00
205697 +3.035634273e-05 +3.035634273e-05 +1.149003036e+01 +1.149003036e+01 +2.1054e+00 +2.1045e+00 -2.1053e+00
205719 +2.839567064e-05 +2.839567064e-05 +1.149002840e+01 +1.149002840e+01 +2.1057e+00 +2.1050e+00 -2.1046e+00
205733 +2.097286126e-05 +2.097286126e-05 +1.149002097e+01 +1.149002097e+01 +2.1056e+00 +2.1049e+00 -2.1046e+00
205748 +1.735997749e-05 +1.735997749e-05 +1.149001736e+01 +1.149001736e+01 +2.1050e+00 +2.1047e+00 -2.1046e+00
205750 +1.430220853e-05 +1.430220853e-05 +1.149001430e+01 +1.149001430e+01 +2.1056e+00 +2.1050e+00 -2.1048e+00
205753 +1.407941488e-05 +1.407941488e-05 +1.149001408e+01 +1.149001408e+01 +2.1051e+00 +2.1052e+00 -2.1049e+00
205757 +1.352306625e-05 +1.352306625e-05 +1.149001352e+01 +1.149001352e+01 +2.1052e+00 +2.1052e+00 -2.1048e+00
205763 +5.790331949e-06 +5.790331949e-06 +1.149000579e+01 +1.149000579e+01 +2.1052e+00 +2.1050e+00 -2.1049e+00
205772 +2.749736785e-06 +2.749736785e-06 +1.149000275e+01 +1.149000275e+01 +2.1052e+00 +2.1048e+00 -2.1048e+00
205776 +2.360128731e-06 +2.360128731e-06 +1.149000236e+01 +1.149000236e+01 +2.1051e+00 +2.1049e+00 -2.1049e+00
205784 +8.544890271e-07 +8.544890271e-07 +1.149000085e+01 +1.149000085e+01 +2.1050e+00 +2.1048e+00 -2.1049e+00
205800 +4.682574577e-07 +4.682574577e-07 +1.149000047e+01 +1.149000047e+01 +2.1049e+00 +2.1048e+00 -2.1048e+00
205805 +2.690125651e-07 +2.690125651e-07 +1.149000027e+01 +1.149000027e+01 +2.1048e+00 +2.1049e+00 -2.1048e+00
205844 +1.295413963e-07 +1.295413963e-07 +1.149000013e+01 +1.149000013e+01 +2.1049e+00 +2.1049e+00 -2.1049e+00
205858 +4.686524591e-08 +4.686524591e-08 +1.149000005e+01 +1.149000005e+01 +2.1048e+00 +2.1049e+00 -2.1049e+00
205862 +6.427054444e-10 +6.427054444e-10 +1.149000000e+01 +1.149000000e+01 +2.1048e+00 +2.1048e+00 -2.1048e+00
206305 +0.000000000e+00 +0.000000000e+00 +1.149000000e+01 +1.149000000e+01 +2.1048e+00 +2.1048e+00 -2.1048e+00
% function evaluation | noise-free fitness - Fopt (7.731000000000e+01) | best noise-free fitness - Fopt | measured fitness | best measured fitness | x1 | x2...
1 +5.523931782e+03 +5.523931782e+03 +5.601241782e+03 +5.601241782e+03 +0.0000e+00 +0.0000e+00 +0.0000e+00
3 +1.240317933e+03 +1.240317933e+03 +1.317627933e+03 +1.317627933e+03 +3.8901e-02 +9.3800e-01 -1.8376e+00
5 +9.810400380e+00 +9.810400380e+00 +8.712040038e+01 +8.712040038e+01 -2.6072e+00 -9.8767e-01 -1.3242e+00
6 +3.813003351e+00 +3.813003351e+00 +8.112300335e+01 +8.112300335e+01 -1.3608e+00 -3.3645e-01 -1.7053e+00
21 +3.336336546e+00 +3.336336546e+00 +8.064633655e+01 +8.064633655e+01 -1.5102e+00 -2.2887e+00 -1.7454e+00
22 +2.974684073e+00 +2.974684073e+00 +8.028468407e+01 +8.028468407e+01 -1.9128e+00 -7.6121e-01 -9.7763e-01
25 +2.806809799e+00 +2.806809799e+00 +8.011680980e+01 +8.011680980e+01 -8.2571e-01 -2.2887e+00 -8.7067e-01
55 +2.426690972e+00 +2.426690972e+00 +7.973669097e+01 +7.973669097e+01 +1.2653e+00 -1.4456e+00 -2.2390e+00
187 +2.351420178e+00 +2.351420178e+00 +7.966142018e+01 +7.966142018e+01 -9.3552e-01 -1.7351e+00 -1.0135e+00
212 +2.309545180e+00 +2.309545180e+00 +7.961954518e+01 +7.961954518e+01 -1.0551e+00 -2.4874e+00 -8.1177e-01
215 +1.656098190e+00 +1.656098190e+00 +7.896609819e+01 +7.896609819e+01 -9.1485e-01 -2.3447e+00 -9.3552e-01
227 +1.215957920e+00 +1.215957920e+00 +7.852595792e+01 +7.852595792e+01 -1.0541e+00 -2.3342e+00 -8.9323e-01
283 +1.164976046e+00 +1.164976046e+00 +7.847497605e+01 +7.847497605e+01 -1.0427e+00 -2.3676e+00 -9.1000e-01
316 +1.138771617e+00 +1.138771617e+00 +7.844877162e+01 +7.844877162e+01 -1.0466e+00 -2.3760e+00 -8.8768e-01
412 +1.120731175e+00 +1.120731175e+00 +7.843073117e+01 +7.843073117e+01 -1.0088e+00 -2.3806e+00 -8.9298e-01
40705 +9.982162699e-01 +9.982162699e-01 +7.830821627e+01 +7.830821627e+01 -2.1320e+00 -2.0088e+00 -2.1897e+00
40714 +3.294400355e-01 +3.294400355e-01 +7.763944004e+01 +7.763944004e+01 -2.0293e+00 -2.1545e+00 -2.1258e+00
40767 +2.491474446e-01 +2.491474446e-01 +7.755914744e+01 +7.755914744e+01 -2.1790e+00 -2.0432e+00 -2.1012e+00
40775 +2.341129161e-01 +2.341129161e-01 +7.754411292e+01 +7.754411292e+01 -2.1679e+00 -2.0573e+00 -2.1429e+00
40785 +1.158630162e-01 +1.158630162e-01 +7.742586302e+01 +7.742586302e+01 -2.1407e+00 -2.1153e+00 -2.0811e+00
40787 +1.134135888e-01 +1.134135888e-01 +7.742341359e+01 +7.742341359e+01 -2.1583e+00 -2.0889e+00 -2.1285e+00
40796 +8.004167310e-02 +8.004167310e-02 +7.739004167e+01 +7.739004167e+01 -2.0732e+00 -2.0905e+00 -2.1233e+00
40802 +5.291687454e-02 +5.291687454e-02 +7.736291687e+01 +7.736291687e+01 -2.1463e+00 -2.1155e+00 -2.1038e+00
40813 +4.424727912e-02 +4.424727912e-02 +7.735424728e+01 +7.735424728e+01 -2.1432e+00 -2.0836e+00 -2.1016e+00
40816 +1.778377309e-02 +1.778377309e-02 +7.732778377e+01 +7.732778377e+01 -2.1281e+00 -2.0903e+00 -2.1032e+00
40847 +1.587031944e-02 +1.587031944e-02 +7.732587032e+01 +7.732587032e+01 -2.1137e+00 -2.1168e+00 -2.0971e+00
40855 +6.061997339e-03 +6.061997339e-03 +7.731606200e+01 +7.731606200e+01 -2.0984e+00 -2.1021e+00 -2.1005e+00
40889 +5.842361896e-03 +5.842361896e-03 +7.731584236e+01 +7.731584236e+01 -2.1042e+00 -2.1070e+00 -2.1101e+00
40894 +2.334775169e-03 +2.334775169e-03 +7.731233478e+01 +7.731233478e+01 -2.1008e+00 -2.1037e+00 -2.1019e+00
40903 +7.686713953e-04 +7.686713953e-04 +7.731076867e+01 +7.731076867e+01 -2.1066e+00 -2.1015e+00 -2.1069e+00
40917 +6.378197157e-04 +6.378197157e-04 +7.731063782e+01 +7.731063782e+01 -2.1005e+00 -2.1039e+00 -2.1044e+00
40919 +3.933649869e-04 +3.933649869e-04 +7.731039336e+01 +7.731039336e+01 -2.1074e+00 -2.1061e+00 -2.1053e+00
40954 +6.342573342e-05 +6.342573342e-05 +7.731006343e+01 +7.731006343e+01 -2.1061e+00 -2.1053e+00 -2.1047e+00
40967 +4.372243977e-05 +4.372243977e-05 +7.731004372e+01 +7.731004372e+01 -2.1056e+00 -2.1053e+00 -2.1050e+00
41003 +4.209430290e-05 +4.209430290e-05 +7.731004209e+01 +7.731004209e+01 -2.1038e+00 -2.1046e+00 -2.1047e+00
41015 +3.644195914e-06 +3.644195914e-06 +7.731000364e+01 +7.731000364e+01 -2.1047e+00 -2.1049e+00 -2.1047e+00
41066 +2.923534012e-06 +2.923534012e-06 +7.731000292e+01 +7.731000292e+01 -2.1051e+00 -2.1049e+00 -2.1049e+00
41080 +7.405855911e-07 +7.405855911e-07 +7.731000074e+01 +7.731000074e+01 -2.1048e+00 -2.1049e+00 -2.1049e+00
41107 +5.649879000e-07 +5.649879000e-07 +7.731000056e+01 +7.731000056e+01 -2.1047e+00 -2.1048e+00 -2.1049e+00
41130 +4.039662969e-07 +4.039662969e-07 +7.731000040e+01 +7.731000040e+01 -2.1048e+00 -2.1049e+00 -2.1049e+00
41142 +1.415106254e-07 +1.415106254e-07 +7.731000014e+01 +7.731000014e+01 -2.1048e+00 -2.1049e+00 -2.1049e+00
41143 +5.650223045e-08 +5.650223045e-08 +7.731000006e+01 +7.731000006e+01 -2.1048e+00 -2.1048e+00 -2.1049e+00
41152 +3.095188106e-08 +3.095188106e-08 +7.731000003e+01 +7.731000003e+01 -2.1049e+00 -2.1048e+00 -2.1048e+00
41162 +2.474889982e-08 +2.474889982e-08 +7.731000002e+01 +7.731000002e+01 -2.1049e+00 -2.1048e+00 -2.1048e+00
41182 +2.439615798e-08 +2.439615798e-08 +7.731000002e+01 +7.731000002e+01 -2.1048e+00 -2.1049e+00 -2.1048e+00
41185 +2.235451291e-08 +2.235451291e-08 +7.731000002e+01 +7.731000002e+01 -2.1048e+00 -2.1049e+00 -2.1048e+00
41224 +1.691061868e-08 +1.691061868e-08 +7.731000002e+01 +7.731000002e+01 -2.1048e+00 -2.1048e+00 -2.1049e+00
41227 +1.631566704e-08 +1.631566704e-08 +7.731000002e+01 +7.731000002e+01 -2.1049e+00 -2.1048e+00 -2.1048e+00
41237 +3.081041200e-09 +3.081041200e-09 +7.731000000e+01 +7.731000000e+01 -2.1048e+00 -2.1048e+00 -2.1048e+00
41720 +0.000000000e+00 +0.000000000e+00 +7.731000000e+01 +7.731000000e+01 -2.1048e+00 -2.1048e+00 -2.1048e+00
% function evaluation | noise-free fitness - Fopt (3.207700000000e+02) | best noise-free fitness - Fopt | measured fitness | best measured fitness | x1 | x2...
1 +5.523931782e+03 +5.523931782e+03 +5.844701782e+03 +5.844701782e+03 +0.0000e+00 +0.0000e+00 +0.0000e+00
6 +5.117911637e+03 +5.117911637e+03 +5.438681637e+03 +5.438681637e+03 +1.0493e+00 +7.7413e-02 +8.4109e-02
9 +3.904823559e+00 +3.904823559e+00 +3.246748236e+02 +3.246748236e+02 -5.2026e-01 -5.4358e-01 +1.0220e+00
19 +3.024846187e+00 +3.024846187e+00 +3.237948462e+02 +3.237948462e+02 +2.0620e-02 -2.0364e+00 +9.2228e-01
73 +2.470094734e+00 +2.470094734e+00 +3.232400947e+02 +3.232400947e+02 -1.0617e+00 -2.3123e+00 +6.3018e-01
136 +2.303705772e+00 +2.303705772e+00 +3.230737058e+02 +3.230737058e+02 -1.1780e+00 -1.7566e+00 +1.0571e+00
193 +2.056439451e+00 +2.056439451e+00 +3.228264395e+02 +3.228264395e+02 -1.2677e-01 -2.5782e+00 +8.1143e-01
209 +1.836162274e+00 +1.836162274e+00 +3.226061623e+02 +3.226061623e+02 +4.2562e-01 -2.7450e+00 +1.8957e+00
291 +1.782110163e+00 +1.782110163e+00 +3.225521102e+02 +3.225521102e+02 +1.3980e+00 -2.9407e+00 +1.5026e+00
306 +6.843998442e-01 +6.843998442e-01 +3.214543998e+02 +3.214543998e+02 +1.4203e+00 -2.9358e+00 +1.8864e+00
370 +5.585872302e-01 +5.585872302e-01 +3.213285872e+02 +3.213285872e+02 +1.5508e+00 -2.9822e+00 +1.9058e+00
427 +5.025748360e-01 +5.025748360e-01 +3.212725748e+02 +3.212725748e+02 +1.5644e+00 -2.9941e+00 +1.8713e+00
448 +4.787407367e-01 +4.787407367e-01 +3.212487407e+02 +3.212487407e+02 +1.5367e+00 -2.9900e+00 +1.8680e+00
494 +4.252733614e-01 +4.252733614e-01 +3.211952734e+02 +3.211952734e+02 +1.4863e+00 -2.9946e+00 +1.8920e+00
500 +4.095732424e-01 +4.095732424e-01 +3.211795732e+02 +3.211795732e+02 +1.5262e+00 -3.0199e+00 +1.8688e+00
509 +4.027508030e-01 +4.027508030e-01 +3.211727508e+02 +3.211727508e+02 +1.5022e+00 -3.0115e+00 +1.8836e+00
543 +3.954416478e-01 +3.954416478e-01 +3.211654416e+02 +3.211654416e+02 +1.5187e+00 -3.0102e+00 +1.8784e+00
78253 +2.855555773e-01 +2.855555773e-01 +3.210555556e+02 +3.210555556e+02 -2.2269e+00 -2.0754e+00 +2.1276e+00
78344 +1.219174261e-01 +1.219174261e-01 +3.208919174e+02 +3.208919174e+02 -2.1290e+00 -2.1435e+00 +2.1015e+00
78399 +6.444537576e-02 +6.444537576e-02 +3.208344454e+02 +3.208344454e+02 -2.1302e+00 -2.1289e+00 +2.0936e+00
78402 +2.253751468e-02 +2.253751468e-02 +3.207925375e+02 +3.207925375e+02 -2.1214e+00 -2.1162e+00 +2.0965e+00
78411 +1.164067623e-02 +1.164067623e-02 +3.207816407e+02 +3.207816407e+02 -2.0949e+00 -2.1137e+00 +2.0958e+00
78457 +8.784675226e-03 +8.784675226e-03 +3.207787847e+02 +3.207787847e+02 -2.1134e+00 -2.1123e+00 +2.0990e+00
78465 +6.366334672e-03 +6.366334672e-03 +3.207763663e+02 +3.207763663e+02 -2.1118e+00 -2.1057e+00 +2.0991e+00
78480 +4.159449705e-03 +4.159449705e-03 +3.207741594e+02 +3.207741594e+02 -2.1094e+00 -2.1118e+00 +2.1045e+00
78481 +7.730542956e-04 +7.730542956e-04 +3.207707731e+02 +3.207707731e+02 -2.1081e+00 -2.1018e+00 +2.1042e+00
78505 +6.738747651e-04 +6.738747651e-04 +3.207706739e+02 +3.207706739e+02 -2.1064e+00 -2.1067e+00 +2.1029e+00
78513 +4.083879610e-04 +4.083879610e-04 +3.207704084e+02 +3.207704084e+02 -2.1078e+00 -2.1062e+00 +2.1041e+00
78516 +2.392836174e-04 +2.392836174e-04 +3.207702393e+02 +3.207702393e+02 -2.1045e+00 -2.1059e+00 +2.1035e+00
78560 +1.627462052e-04 +1.627462052e-04 +3.207701627e+02 +3.207701627e+02 -2.1074e+00 -2.1046e+00 +2.1044e+00
78573 +1.087222400e-04 +1.087222400e-04 +3.207701087e+02 +3.207701087e+02 -2.1035e+00 -2.1040e+00 +2.1053e+00
78585 +4.879296915e-05 +4.879296915e-05 +3.207700488e+02 +3.207700488e+02 -2.1038e+00 -2.1047e+00 +2.1045e+00
78613 +1.356080969e-05 +1.356080969e-05 +3.207700136e+02 +3.207700136e+02 -2.1040e+00 -2.1051e+00 +2.1047e+00
78626 +9.295475991e-06 +9.295475991e-06 +3.207700093e+02 +3.207700093e+02 -2.1043e+00 -2.1053e+00 +2.1047e+00
78675 +6.615623931e-06 +6.615623931e-06 +3.207700066e+02 +3.207700066e+02 -2.1044e+00 -2.1052e+00 +2.1048e+00
78682 +2.063762338e-06 +2.063762338e-06 +3.207700021e+02 +3.207700021e+02 -2.1048e+00 -2.1048e+00 +2.1050e+00
78686 +7.600102663e-07 +7.600102663e-07 +3.207700008e+02 +3.207700008e+02 -2.1048e+00 -2.1049e+00 +2.1049e+00
78710 +3.036423095e-07 +3.036423095e-07 +3.207700003e+02 +3.207700003e+02 -2.1049e+00 -2.1049e+00 +2.1048e+00
78731 +9.349241736e-08 +9.349241736e-08 +3.207700001e+02 +3.207700001e+02 -2.1048e+00 -2.1049e+00 +2.1048e+00
78747 +7.448630868e-08 +7.448630868e-08 +3.207700001e+02 +3.207700001e+02 -2.1049e+00 -2.1048e+00 +2.1049e+00
78754 +3.364391432e-08 +3.364391432e-08 +3.207700000e+02 +3.207700000e+02 -2.1049e+00 -2.1048e+00 +2.1048e+00
78785 +1.314447218e-08 +1.314447218e-08 +3.207700000e+02 +3.207700000e+02 -2.1048e+00 -2.1048e+00 +2.1048e+00
78798 +1.008328354e-08 +1.008328354e-08 +3.207700000e+02 +3.207700000e+02 -2.1049e+00 -2.1048e+00 +2.1048e+00
78867 +2.840977231e-09 +2.840977231e-09 +3.207700000e+02 +3.207700000e+02 -2.1048e+00 -2.1048e+00 +2.1048e+00
79290 +0.000000000e+00 +0.000000000e+00 +3.207700000e+02 +3.207700000e+02 -2.1048e+00 -2.1048e+00 +2.1048e+00
% function evaluation | noise-free fitness - Fopt (1.893000000000e+01) | best noise-free fitness - Fopt | measured fitness | best measured fitness | x1 | x2...
1 +5.523931782e+03 +5.523931782e+03 +5.542861782e+03 +5.542861782e+03 +0.0000e+00 +0.0000e+00 +0.0000e+00
2 +1.771047853e+02 +1.771047853e+02 +1.960347853e+02 +1.960347853e+02 -3.0788e+00 -1.8691e+00 -6.0533e-01
3 +1.639165857e+02 +1.639165857e+02 +1.828465857e+02 +1.828465857e+02 -2.0967e+00 -2.1147e-01 -1.7536e+00
7 +1.296173680e+01 +1.296173680e+01 +3.189173680e+01 +3.189173680e+01 +5.5021e-02 -1.4558e+00 -2.4349e+00
15 +5.831308632e+00 +5.831308632e+00 +2.476130863e+01 +2.476130863e+01 +1.5568e+00 -1.0478e+00 -2.1351e+00
16 +5.229606797e+00 +5.229606797e+00 +2.415960680e+01 +2.415960680e+01 +2.7638e-01 -2.1657e+00 -1.6220e+00
19 +4.992773245e+00 +4.992773245e+00 +2.392277324e+01 +2.392277324e+01 +6.2755e-01 -7.8628e-01 -1.8378e+00
21 +3.301852919e+00 +3.301852919e+00 +2.223185292e+01 +2.223185292e+01 -2.5417e+00 -6.7421e-01 -1.7463e+00
25 +2.807259666e+00 +2.807259666e+00 +2.173725967e+01 +2.173725967e+01 -1.1171e-01 -2.6742e+00 -1.0415e+00
67 +1.602998375e+00 +1.602998375e+00 +2.053299838e+01 +2.053299838e+01 +1.8404e+00 -2.0786e+00 -2.1450e+00
45011 +1.455649115e+00 +1.455649115e+00 +2.038564911e+01 +2.038564911e+01 +1.0116e+00 -2.4588e+00 -8.7105e-01
45253 +1.429549220e+00 +1.429549220e+00 +2.035954922e+01 +2.035954922e+01 -6.4742e-01 -2.7906e+00 -7.7443e-01
45266 +1.407219644e+00 +1.407219644e+00 +2.033721964e+01 +2.033721964e+01 -6.3915e-01 -2.7877e+00 -7.7904e-01
85978 +1.062898026e+00 +1.062898026e+00 +1.999289803e+01 +1.999289803e+01 +2.1507e+00 -8.3205e-02 -1.4309e+00
85994 +1.009297662e+00 +1.009297662e+00 +1.993929766e+01 +1.993929766e+01 +2.2119e+00 -4.0597e-02 -1.4901e+00
86022 +8.182387885e-01 +8.182387885e-01 +1.974823879e+01 +1.974823879e+01 +2.0945e+00 -8.2870e-02 -1.4550e+00
86099 +8.116238197e-01 +8.116238197e-01 +1.974162382e+01 +1.974162382e+01 +2.1243e+00 -6.0298e-02 -1.4812e+00
86147 +7.931545115e-01 +7.931545115e-01 +1.972315451e+01 +1.972315451e+01 +2.1179e+00 -6.5529e-02 -1.4725e+00
175236 +5.991495682e-01 +5.991495682e-01 +1.952914957e+01 +1.952914957e+01 +2.1017e+00 -2.1831e+00 -2.0429e+00
175256 +4.445772976e-01 +4.445772976e-01 +1.937457730e+01 +1.937457730e+01 +2.0953e+00 -2.1211e+00 -2.0482e+00
175273 +3.313291710e-01 +3.313291710e-01 +1.926132917e+01 +1.926132917e+01 +2.1608e+00 -2.0201e+00 -2.1379e+00
175297 +1.850852607e-01 +1.850852607e-01 +1.911508526e+01 +1.911508526e+01 +2.1219e+00 -2.1586e+00 -2.0867e+00
175301 +1.641371333e-01 +1.641371333e-01 +1.909413713e+01 +1.909413713e+01 +2.0893e+00 -2.0666e+00 -2.1345e+00
175323 +1.190471830e-01 +1.190471830e-01 +1.904904718e+01 +1.904904718e+01 +2.0767e+00 -2.1079e+00 -2.1291e+00
175333 +1.002770246e-01 +1.002770246e-01 +1.903027702e+01 +1.903027702e+01 +2.1318e+00 -2.0852e+00 -2.0879e+00
175351 +9.617981755e-02 +9.617981755e-02 +1.902617982e+01 +1.902617982e+01 +2.0894e+00 -2.1102e+00 -2.1270e+00
175353 +2.289969009e-02 +2.289969009e-02 +1.895289969e+01 +1.895289969e+01 +2.0971e+00 -2.1210e+00 -2.0926e+00
175379 +7.321365692e-03 +7.321365692e-03 +1.893732137e+01 +1.893732137e+01 +2.1156e+00 -2.0998e+00 -2.1116e+00
175384 +9.721520629e-04 +9.721520629e-04 +1.893097215e+01 +1.893097215e+01 +2.1053e+00 -2.1036e+00 -2.1029e+00
175416 +7.221581543e-04 +7.221581543e-04 +1.893072216e+01 +1.893072216e+01 +2.1025e+00 -2.1066e+00 -2.1026e+00
175417 +5.576151640e-04 +5.576151640e-04 +1.893055762e+01 +1.893055762e+01 +2.1099e+00 -2.1046e+00 -2.1056e+00
175511 +4.323892130e-04 +4.323892130e-04 +1.893043239e+01 +1.893043239e+01 +2.1058e+00 -2.1072e+00 -2.1037e+00
175514 +3.129814031e-04 +3.129814031e-04 +1.893031298e+01 +1.893031298e+01 +2.1075e+00 -2.1032e+00 -2.1062e+00
175520 +8.072701108e-05 +8.072701108e-05 +1.893008073e+01 +1.893008073e+01 +2.1053e+00 -2.1059e+00 -2.1046e+00
175548 +7.467602181e-05 +7.467602181e-05 +1.893007468e+01 +1.893007468e+01 +2.1056e+00 -2.1056e+00 -2.1050e+00
175580 +4.781494093e-05 +4.781494093e-05 +1.893004781e+01 +1.893004781e+01 +2.1063e+00 -2.1044e+00 -2.1052e+00
175592 +1.803259351e-05 +1.803259351e-05 +1.893001803e+01 +1.893001803e+01 +2.1058e+00 -2.1044e+00 -2.1049e+00
175646 +1.037620751e-05 +1.037620751e-05 +1.893001038e+01 +1.893001038e+01 +2.1042e+00 -2.1051e+00 -2.1047e+00
175647 +7.891990752e-06 +7.891990752e-06 +1.893000789e+01 +1.893000789e+01 +2.1055e+00 -2.1047e+00 -2.1049e+00
175703 +1.450243012e-06 +1.450243012e-06 +1.893000145e+01 +1.893000145e+01 +2.1049e+00 -2.1050e+00 -2.1048e+00
175751 +8.407266314e-07 +8.407266314e-07 +1.893000084e+01 +1.893000084e+01 +2.1050e+00 -2.1049e+00 -2.1049e+00
175760 +3.035637590e-07 +3.035637590e-07 +1.893000030e+01 +1.893000030e+01 +2.1049e+00 -2.1048e+00 -2.1048e+00
175796 +1.075812648e-07 +1.075812648e-07 +1.893000011e+01 +1.893000011e+01 +2.1049e+00 -2.1048e+00 -2.1048e+00
175812 +3.879130261e-08 +3.879130261e-08 +1.893000004e+01 +1.893000004e+01 +2.1049e+00 -2.1048e+00 -2.1049e+00
175843 +1.911659453e-08 +1.911659453e-08 +1.893000002e+01 +1.893000002e+01 +2.1048e+00 -2.1048e+00 -2.1049e+00
175858 +1.479293132e-08 +1.479293132e-08 +1.893000001e+01 +1.893000001e+01 +2.1048e+00 -2.1048e+00 -2.1049e+00
175913 +8.194671608e-09 +8.194671608e-09 +1.893000001e+01 +1.893000001e+01 +2.1048e+00 -2.1048e+00 -2.1049e+00
176494 +0.000000000e+00 +0.000000000e+00 +1.893000000e+01 +1.893000000e+01 +2.1048e+00 -2.1048e+00 -2.1048e+00
