% function evaluation | noise-free fitness - Fopt (-5.465000000000e+02) | best noise-free fitness - Fopt | measured fitness | best measured fitness | x1 | x2...
1 +6.592654473e+03 +6.592654473e+03 +6.046154473e+03 +6.046154473e+03 +0.0000e+00 +0.0000e+00 +0.0000e+00 +0.0000e+00 +0.0000e+00
12 +6.125455285e+03 +6.125455285e+03 +5.578955285e+03 +5.578955285e+03 +4.2051e+00 -2.1328e+00 +1.5026e+00 +3.0612e-01 +1.0741e+00
15 +1.191675335e+03 +1.191675335e+03 +6.451753352e+02 +6.451753352e+02 +3.0445e+00 +1.1284e-01 +2.0937e-01 -1.2947e+00 +3.3437e-01
24 +2.393019614e+02 +2.393019614e+02 -3.071980386e+02 -3.071980386e+02 +6.8590e-01 +1.1668e+00 -2.0251e-01 -4.1696e-01 +1.2745e+00
28 +1.489437820e+02 +1.489437820e+02 -3.975562180e+02 -3.975562180e+02 +3.0991e+00 +1.1026e+00 +5.8487e-01 -1.7575e+00 +8.7864e-01
34 +4.750531197e+00 +4.750531197e+00 -5.417494688e+02 -5.417494688e+02 +2.2320e+00 +1.4777e+00 +8.4972e-01 -1.3854e+00 +1.2003e+00
48 +2.424994058e+00 +2.424994058e+00 -5.440750059e+02 -5.440750059e+02 +1.4182e+00 +1.0540e+00 +1.0669e+00 -9.0405e-01 +2.3982e+00
317 +2.205414485e+00 +2.205414485e+00 -5.442945855e+02 -5.442945855e+02 +1.4725e+00 +2.8367e-01 +5.1504e-01 -8.8526e-01 +1.7165e+00
323 +2.069297332e+00 +2.069297332e+00 -5.444307027e+02 -5.444307027e+02 +1.4239e+00 +1.8746e-01 +5.7387e-01 -9.9152e-01 +1.7079e+00
353 +1.998793446e+00 +1.998793446e+00 -5.445012066e+02 -5.445012066e+02 +1.4215e+00 +2.8658e-01 +5.4820e-01 -9.9877e-01 +1.5865e+00
356 +1.910275936e+00 +1.910275936e+00 -5.445897241e+02 -5.445897241e+02 +1.4285e+00 +2.2524e-01 +5.2694e-01 -9.4033e-01 +1.5803e+00
357 +1.887252063e+00 +1.887252063e+00 -5.446127479e+02 -5.446127479e+02 +1.3805e+00 +3.1749e-01 +5.1395e-01 -1.0105e+00 +1.4894e+00
388 +1.837321439e+00 +1.837321439e+00 -5.446626786e+02 -5.446626786e+02 +1.3867e+00 +2.2573e-01 +5.8092e-01 -9.9495e-01 +1.5168e+00
389 +1.794024003e+00 +1.794024003e+00 -5.447059760e+02 -5.447059760e+02 +1.4089e+00 +1.9736e-01 +5.5043e-01 -9.3876e-01 +1.5412e+00
398 +1.701169064e+00 +1.701169064e+00 -5.447988309e+02 -5.447988309e+02 +1.3873e+00 +2.4793e-01 +5.3283e-01 -9.8083e-01 +1.5185e+00
413 +1.666778823e+00 +1.666778823e+00 -5.448332212e+02 -5.448332212e+02 +1.4206e+00 +2.5504e-01 +5.4076e-01 -9.6723e-01 +1.5076e+00
423 +1.636912894e+00 +1.636912894e+00 -5.448630871e+02 -5.448630871e+02 +1.4171e+00 +2.5775e-01 +5.2958e-01 -9.7917e-01 +1.5192e+00
470 +1.616652086e+00 +1.616652086e+00 -5.448833479e+02 -5.448833479e+02 +1.4404e+00 +2.9702e-01 +5.0801e-01 -9.8342e-01 +1.5326e+00
485 +1.581130353e+00 +1.581130353e+00 -5.449188696e+02 -5.449188696e+02 +1.4566e+00 +2.6447e-01 +5.2636e-01 -9.6831e-01 +1.5302e+00
625 +1.547660389e+00 +1.547660389e+00 -5.449523396e+02 -5.449523396e+02 +1.4855e+00 +2.9252e-01 +5.2177e-01 -9.7349e-01 +1.5237e+00
76984 +1.388844414e+00 +1.388844414e+00 -5.451111556e+02 -5.451111556e+02 -1.9667e+00 -1.3108e+00 +9.0080e-01 -2.3419e+00 +8.9836e-01
77010 +1.352313919e+00 +1.352313919e+00 -5.451476861e+02 -5.451476861e+02 -2.0437e+00 -1.3063e+00 +8.8276e-01 -2.3693e+00 +9.2009e-01
77017 +1.096969408e+00 +1.096969408e+00 -5.454030306e+02 -5.454030306e+02 -2.0598e+00 -1.3424e+00 +8.8555e-01 -2.3906e+00 +9.1107e-01
77026 +1.086928141e+00 +1.086928141e+00 -5.454130719e+02 -5.454130719e+02 -2.0842e+00 -1.3553e+00 +8.9412e-01 -2.3864e+00 +9.0348e-01
77073 +1.042185976e+00 +1.042185976e+00 -5.454578140e+02 -5.454578140e+02 -2.1445e+00 -1.3554e+00 +9.5058e-01 -2.4165e+00 +8.9796e-01
77080 +9.885905753e-01 +9.885905753e-01 -5.455114094e+02 -5.455114094e+02 -2.1142e+00 -1.3557e+00 +9.3665e-01 -2.4168e+00 +8.9887e-01
77094 +9.713626807e-01 +9.713626807e-01 -5.455286373e+02 -5.455286373e+02 -2.0864e+00 -1.3471e+00 +9.2854e-01 -2.4109e+00 +8.7043e-01
77137 +9.537731526e-01 +9.537731526e-01 -5.455462268e+02 -5.455462268e+02 -2.1220e+00 -1.3550e+00 +9.3666e-01 -2.3993e+00 +8.7753e-01
134152 +9.276433200e-01 +9.276433200e-01 -5.455723567e+02 -5.455723567e+02 -1.0328e+00 +2.3499e+00 +1.8547e-02 -2.6273e+00 +8.3769e-01
134209 +9.092880672e-01 +9.092880672e-01 -5.455907119e+02 -5.455907119e+02 -1.0185e+00 +2.3736e+00 -1.0939e-03 -2.6307e+00 +8.3151e-01
% function evaluation | noise-free fitness - Fopt (1.000000000000e+03) | best noise-free fitness - Fopt | measured fitness | best measured fitness | x1 | x2...
1 +6.592654473e+03 +6.592654473e+03 +7.592654473e+03 +7.592654473e+03 +0.0000e+00 +0.0000e+00 +0.0000e+00 +0.0000e+00 +0.0000e+00
4 +4.604018825e+03 +4.604018825e+03 +5.604018825e+03 +5.604018825e+03 +3.4973e+00 +1.0052e+00 +4.6515e-01 +5.4749e-01 -2.6866e+00
18 +9.455005526e+01 +9.455005526e+01 +1.094550055e+03 +1.094550055e+03 +1.2143e-01 +1.2142e+00 +5.3057e-01 -1.3357e+00 -1.0631e+00
39 +8.261688745e+01 +8.261688745e+01 +1.082616887e+03 +1.082616887e+03 -5.5543e-01 +3.0669e+00 -1.6931e-01 -1.4038e+00 -7.4807e-01
85 +3.292247319e+01 +3.292247319e+01 +1.032922473e+03 +1.032922473e+03 -3.7431e-01 +2.9980e+00 +7.9476e-01 -1.3641e+00 -1.3128e+00
89 +4.391570204e+00 +4.391570204e+00 +1.004391570e+03 +1.004391570e+03 +1.8472e-01 +1.6256e+00 -5.2512e-01 -6.2051e-01 -1.3103e+00
92 +3.543776664e+00 +3.543776664e+00 +1.003543777e+03 +1.003543777e+03 -1.7966e-01 +2.4881e+00 -7.0588e-01 -5.4105e-01 -1.2640e+00
95 +3.148499808e+00 +3.148499808e+00 +1.003148500e+03 +1.003148500e+03 -3.0199e-01 +9.9718e-01 -1.7066e+00 -2.9334e-01 -1.4219e+00
200 +2.798497722e+00 +2.798497722e+00 +1.002798498e+03 +1.002798498e+03 +9.2212e-02 -2.6569e-02 -2.7055e+00 -5.0493e-01 -2.0492e+00
262 +2.353695091e+00 +2.353695091e+00 +1.002353695e+03 +1.002353695e+03 +1.6862e-01 +1.2250e-02 -2.5556e+00 -4.3205e-01 -1.8082e+00
282 +2.036140534e+00 +2.036140534e+00 +1.002036141e+03 +1.002036141e+03 +9.4125e-02 -2.8340e-01 -2.6831e+00 -4.4110e-01 -2.5130e+00
321 +1.536248551e+00 +1.536248551e+00 +1.001536249e+03 +1.001536249e+03 -4.1529e-03 -1.7205e-01 -2.6419e+00 -4.7063e-01 -2.5005e+00
392 +1.439444608e+00 +1.439444608e+00 +1.001439445e+03 +1.001439445e+03 +8.0201e-02 -9.5121e-02 -2.5912e+00 -4.5551e-01 -2.5089e+00
420 +1.336728880e+00 +1.336728880e+00 +1.001336729e+03 +1.001336729e+03 +3.7882e-02 -8.0216e-02 -2.6438e+00 -4.5229e-01 -2.5066e+00
440 +1.302711756e+00 +1.302711756e+00 +1.001302712e+03 +1.001302712e+03 +1.2133e-01 -8.9522e-02 -2.6395e+00 -4.5466e-01 -2.5136e+00
456 +1.281575812e+00 +1.281575812e+00 +1.001281576e+03 +1.001281576e+03 +1.2243e-01 -8.0960e-02 -2.6454e+00 -4.4626e-01 -2.5192e+00
59144 +1.044070728e+00 +1.044070728e+00 +1.001044071e+03 +1.001044071e+03 -1.9860e+00 -4.3450e-01 -2.7446e+00 -1.9794e+00 -9.7268e-01
59164 +9.155066339e-01 +9.155066339e-01 +1.000915507e+03 +1.000915507e+03 -2.0718e+00 -7.1005e-01 -2.8363e+00 -1.9303e+00 -9.6012e-01
59234 +8.121675044e-01 +8.121675044e-01 +1.000812168e+03 +1.000812168e+03 -2.0250e+00 -6.1210e-01 -2.7476e+00 -1.9469e+00 -9.5240e-01
59239 +7.401897081e-01 +7.401897081e-01 +1.000740190e+03 +1.000740190e+03 -2.0740e+00 -4.9627e-01 -2.7494e+00 -1.9800e+00 -9.9405e-01
59244 +6.942047423e-01 +6.942047423e-01 +1.000694205e+03 +1.000694205e+03 -2.1691e+00 -5.8501e-01 -2.7552e+00 -1.9040e+00 -9.8764e-01
59255 +6.595245807e-01 +6.595245807e-01 +1.000659525e+03 +1.000659525e+03 -2.1007e+00 -6.3508e-01 -2.7876e+00 -1.9107e+00 -9.7174e-01
59263 +5.883983576e-01 +5.883983576e-01 +1.000588398e+03 +1.000588398e+03 -2.0587e+00 -5.4311e-01 -2.7814e+00 -1.9605e+00 -1.0011e+00
59267 +5.139205783e-01 +5.139205783e-01 +1.000513921e+03 +1.000513921e+03 -2.0990e+00 -5.8286e-01 -2.7830e+00 -1.9562e+00 -1.0043e+00
59268 +5.079843430e-01 +5.079843430e-01 +1.000507984e+03 +1.000507984e+03 -2.0672e+00 -5.8299e-01 -2.7732e+00 -1.9461e+00 -9.9002e-01
59376 +4.844058365e-01 +4.844058365e-01 +1.000484406e+03 +1.000484406e+03 -2.1215e+00 -6.2706e-01 -2.7950e+00 -1.9362e+00 -1.0066e+00
59458 +4.774400269e-01 +4.774400269e-01 +1.000477440e+03 +1.000477440e+03 -2.1089e+00 -6.1738e-01 -2.7897e+00 -1.9336e+00 -1.0077e+00
% function evaluation | noise-free fitness - Fopt (2.083800000000e+02) | best noise-free fitness - Fopt | measured fitness | best measured fitness | x1 | x2...
1 +6.592654473e+03 +6.592654473e+03 +6.801034473e+03 +6.801034473e+03 +0.0000e+00 +0.0000e+00 +0.0000e+00 +0.0000e+00 +0.0000e+00
5 +1.423365872e+03 +1.423365872e+03 +1.631745872e+03 +1.631745872e+03 +2.7465e+00 +2.8342e-01 -6.5830e-01 +2.2376e-01 +1.2877e+00
13 +2.779044553e+02 +2.779044553e+02 +4.862844553e+02 +4.862844553e+02 +1.7714e+00 +5.1174e-01 -5.5060e-01 +1.9222e+00 +1.9886e+00
25 +2.671176061e+02 +2.671176061e+02 +4.754976061e+02 +4.754976061e+02 -9.4405e-01 +1.6502e+00 -3.6772e-01 +4.3937e-01 +2.2939e+00
35 +1.381988256e+02 +1.381988256e+02 +3.465788256e+02 +3.465788256e+02 +2.3355e-01 +6.9027e-01 -4.5669e-01 +1.0762e+00 +1.8515e+00
43 +3.900406887e+00 +3.900406887e+00 +2.122804069e+02 +2.122804069e+02 -4.4108e-01 +5.6722e-01 +3.2841e-01 +1.6236e+00 +1.5593e+00
55 +3.178365006e+00 +3.178365006e+00 +2.115583650e+02 +2.115583650e+02 -1.5723e+00 +2.2186e+00 -1.6462e-01 +1.2237e+00 +2.3322e+00
82 +3.013959080e+00 +3.013959080e+00 +2.113939591e+02 +2.113939591e+02 -9.1827e-01 +9.8599e-01 +1.3157e+00 +7.6312e-01 +1.5815e+00
130 +2.463835031e+00 +2.463835031e+00 +2.108438350e+02 +2.108438350e+02 -1.9557e+00 +2.1570e+00 +1.4549e+00 +1.0798e+00 +1.4085e+00
184 +2.071162466e+00 +2.071162466e+00 +2.104511625e+02 +2.104511625e+02 -2.0583e+00 +2.0424e+00 +7.6481e-01 +9.0211e-01 +1.5849e+00
214 +1.932649312e+00 +1.932649312e+00 +2.103126493e+02 +2.103126493e+02 -1.9531e+00 +2.0749e+00 +8.5515e-01 +8.7609e-01 +1.5489e+00
234 +1.837352274e+00 +1.837352274e+00 +2.102173523e+02 +2.102173523e+02 -2.1174e+00 +2.1180e+00 +8.3914e-01 +9.1107e-01 +1.6966e+00
259 +1.763911522e+00 +1.763911522e+00 +2.101439115e+02 +2.101439115e+02 -2.2015e+00 +2.0998e+00 +8.4061e-01 +8.9605e-01 +1.5237e+00
282 +1.717067349e+00 +1.717067349e+00 +2.100970673e+02 +2.100970673e+02 -2.0845e+00 +2.0569e+00 +9.4427e-01 +8.7295e-01 +1.5447e+00
309 +1.656285534e+00 +1.656285534e+00 +2.100362855e+02 +2.100362855e+02 -2.1349e+00 +2.0926e+00 +8.4516e-01 +9.0868e-01 +1.5290e+00
409 +1.621751586e+00 +1.621751586e+00 +2.100017516e+02 +2.100017516e+02 -2.1156e+00 +2.1012e+00 +8.5096e-01 +8.8916e-01 +1.5486e+00
314320 +1.557420075e+00 +1.557420075e+00 +2.099374201e+02 +2.099374201e+02 +1.5566e+00 -4.1987e-01 +7.7910e-01 +8.7003e-01 +2.4084e+00
314348 +1.529248799e+00 +1.529248799e+00 +2.099092488e+02 +2.099092488e+02 +1.4633e+00 -4.3723e-01 +7.4110e-01 +9.7645e-01 +2.3880e+00
314357 +1.358226964e+00 +1.358226964e+00 +2.097382270e+02 +2.097382270e+02 +1.4368e+00 -4.4901e-01 +7.1792e-01 +9.0875e-01 +2.4155e+00
314368 +1.333340415e+00 +1.333340415e+00 +2.097133404e+02 +2.097133404e+02 +1.4321e+00 -4.5257e-01 +6.9693e-01 +9.1822e-01 +2.4023e+00
314373 +1.272929974e+00 +1.272929974e+00 +2.096529300e+02 +2.096529300e+02 +1.4347e+00 -4.6035e-01 +6.9866e-01 +9.2728e-01 +2.3954e+00
314398 +1.186168558e+00 +1.186168558e+00 +2.095661686e+02 +2.095661686e+02 +1.4898e+00 -4.5216e-01 +7.1256e-01 +9.3421e-01 +2.3950e+00
450959 +1.141479313e+00 +1.141479313e+00 +2.095214793e+02 +2.095214793e+02 +1.4904e+00 +2.9869e+00 -1.6548e-01 +1.5363e+00 +2.2256e+00
451008 +1.099390607e+00 +1.099390607e+00 +2.094793906e+02 +2.094793906e+02 +1.5204e+00 +3.0196e+00 -1.8060e-01 +1.5395e+00 +2.2399e+00
451012 +1.096376610e+00 +1.096376610e+00 +2.094763766e+02 +2.094763766e+02 +1.5310e+00 +2.9822e+00 -1.5308e-01 +1.5134e+00 +2.2611e+00
451083 +1.071246630e+00 +1.071246630e+00 +2.094512466e+02 +2.094512466e+02 +1.5191e+00 +3.0020e+00 -1.4439e-01 +1.5143e+00 +2.2504e+00
% function evaluation | noise-free fitness - Fopt (-1.449600000000e+02) | best noise-free fitness - Fopt | measured fitness | best measured fitness | x1 | x2...
1 +6.592654473e+03 +6.592654473e+03 +6.447694473e+03 +6.447694473e+03 +0.0000e+00 +0.0000e+00 +0.0000e+00 +0.0000e+00 +0.0000e+00
2 +1.103236881e+02 +1.103236881e+02 -3.463631188e+01 -3.463631188e+01 -5.6562e-01 -2.3189e-01 -1.4785e+00 -1.4174e+00 -6.5758e-01
5 +4.116604017e+00 +4.116604017e+00 -1.408433960e+02 -1.408433960e+02 -1.3907e+00 +7.6756e-01 -2.7770e+00 -3.7263e-01 -1.1156e+00
19 +3.527296647e+00 +3.527296647e+00 -1.414327034e+02 -1.414327034e+02 -2.1779e+00 +7.8940e-01 -1.7177e+00 -5.3182e-01 -1.4370e+00
72 +3.442407044e+00 +3.442407044e+00 -1.415175930e+02 -1.415175930e+02 -1.8397e+00 -2.2870e-01 -2.4686e+00 -9.6949e-01 -2.4863e+00
81 +2.698366283e+00 +2.698366283e+00 -1.422616337e+02 -1.422616337e+02 -2.1202e+00 +4.8837e-01 -2.5945e+00 -1.2439e+00 -1.6649e+00
94 +2.384056192e+00 +2.384056192e+00 -1.425759438e+02 -1.425759438e+02 -1.2321e+00 +3.3732e-01 -2.5684e+00 -4.6867e-01 -2.1608e+00
133 +1.806552344e+00 +1.806552344e+00 -1.431534477e+02 -1.431534477e+02 -1.0068e+00 +4.1443e-01 -2.7669e+00 -4.3821e-01 -1.9657e+00
312 +1.760694914e+00 +1.760694914e+00 -1.431993051e+02 -1.431993051e+02 -3.0951e-01 +2.1761e-01 -2.6498e+00 -4.1784e-01 -2.1864e+00
317 +1.736668528e+00 +1.736668528e+00 -1.432233315e+02 -1.432233315e+02 -3.8155e-01 +1.9909e-01 -2.7052e+00 -4.5745e-01 -2.1608e+00
329 +1.665673882e+00 +1.665673882e+00 -1.432943261e+02 -1.432943261e+02 -3.2900e-01 +1.6181e-01 -2.6675e+00 -4.6738e-01 -2.1688e+00
378 +1.649225933e+00 +1.649225933e+00 -1.433107741e+02 -1.433107741e+02 -3.1622e-01 +1.5047e-01 -2.6849e+00 -4.1752e-01 -2.1884e+00
485 +1.621021526e+00 +1.621021526e+00 -1.433389785e+02 -1.433389785e+02 -3.2169e-01 +1.5222e-01 -2.6707e+00 -4.3674e-01 -2.1785e+00
119715 +1.348274560e+00 +1.348274560e+00 -1.436117254e+02 -1.436117254e+02 +1.4364e+00 -2.3629e-01 -2.5883e+00 -4.9248e-01 -2.1852e+00
119834 +1.311362915e+00 +1.311362915e+00 -1.436486371e+02 -1.436486371e+02 +1.4770e+00 -2.7916e-01 -2.4917e+00 -4.8413e-01 -2.1730e+00
119839 +1.247885388e+00 +1.247885388e+00 -1.437121146e+02 -1.437121146e+02 +1.4863e+00 -2.8033e-01 -2.5641e+00 -5.0558e-01 -2.1572e+00
119852 +1.217618162e+00 +1.217618162e+00 -1.437423818e+02 -1.437423818e+02 +1.4900e+00 -2.4854e-01 -2.5760e+00 -4.8350e-01 -2.1586e+00
119863 +1.197265279e+00 +1.197265279e+00 -1.437627347e+02 -1.437627347e+02 +1.5008e+00 -2.5128e-01 -2.5858e+00 -4.6711e-01 -2.1636e+00
119889 +1.169588650e+00 +1.169588650e+00 -1.437904113e+02 -1.437904113e+02 +1.4798e+00 -2.6829e-01 -2.5668e+00 -4.6337e-01 -2.1798e+00
120017 +1.147210776e+00 +1.147210776e+00 -1.438127892e+02 -1.438127892e+02 +1.4986e+00 -2.9335e-01 -2.5569e+00 -4.6692e-01 -2.1726e+00
374968 +1.066921313e+00 +1.066921313e+00 -1.438930787e+02 -1.438930787e+02 +1.5971e+00 -3.0177e-01 -2.5715e+00 -2.0515e+00 -9.9707e-01
374990 +9.947077390e-01 +9.947077390e-01 -1.439652923e+02 -1.439652923e+02 +1.5057e+00 -3.0768e-01 -2.5814e+00 -1.9163e+00 -1.0037e+00
374995 +8.726214159e-01 +8.726214159e-01 -1.440873786e+02 -1.440873786e+02 +1.4353e+00 -3.5323e-01 -2.5368e+00 -1.9950e+00 -9.8455e-01
375010 +7.758375625e-01 +7.758375625e-01 -1.441841624e+02 -1.441841624e+02 +1.4809e+00 -2.5175e-01 -2.5600e+00 -1.9752e+00 -9.8134e-01
375097 +7.244125192e-01 +7.244125192e-01 -1.442355875e+02 -1.442355875e+02 +1.5028e+00 -2.7918e-01 -2.5766e+00 -1.9861e+00 -9.8702e-01
% function evaluation | noise-free fitness - Fopt (-6.300000000000e+00) | best noise-free fitness - Fopt | measured fitness | best measured fitness | x1 | x2...
1 +6.592654473e+03 +6.592654473e+03 +6.586354473e+03 +6.586354473e+03 +0.0000e+00 +0.0000e+00 +0.0000e+00 +0.0000e+00 +0.0000e+00
2 +1.473456991e+03 +1.473456991e+03 +1.467156991e+03 +1.467156991e+03 +5.0796e-01 +1.5915e-02 -1.0155e+00 -3.7332e-01 -2.2861e+00
6 +9.898405604e+02 +9.898405604e+02 +9.835405604e+02 +9.835405604e+02 +4.0694e+00 -1.4272e+00 -1.5543e+00 +1.0340e+00 -2.1478e+00
18 +3.823799690e+02 +3.823799690e+02 +3.760799690e+02 +3.760799690e+02 +1.6931e+00 -7.4008e-01 -1.8954e+00 +1.1595e+00 -2.7741e+00
23 +4.482875964e+00 +4.482875964e+00 -1.817124036e+00 -1.817124036e+00 +2.4120e+00 -1.6757e+00 -1.6470e+00 +1.4726e+00 -2.3856e+00
26 +4.403254982e+00 +4.403254982e+00 -1.896745018e+00 -1.896745018e+00 -1.9715e-01 -5.0263e-01 -2.1991e+00 +9.0149e-01 -1.1949e+00
30 +3.760137035e+00 +3.760137035e+00 -2.539862965e+00 -2.539862965e+00 +2.4162e+00 -2.4140e-01 -7.3669e-02 +2.6410e+00 -7.4978e-01
39 +2.370388283e+00 +2.370388283e+00 -3.929611717e+00 -3.929611717e+00 +2.3483e+00 -9.8349e-01 -3.1082e-01 +2.5771e+00 -1.6619e+00
144 +2.123990930e+00 +2.123990930e+00 -4.176009070e+00 -4.176009070e+00 -5.4955e-01 -2.6638e+00 +5.0024e-02 +2.2243e+00 -1.9974e+00
232 +1.689049625e+00 +1.689049625e+00 -4.610950375e+00 -4.610950375e+00 +1.1348e+00 -2.3247e+00 -2.0202e+00 +1.7022e+00 -1.1246e+00
372 +1.647541048e+00 +1.647541048e+00 -4.652458952e+00 -4.652458952e+00 +3.6261e-01 -2.5121e+00 -2.0230e+00 +1.6174e+00 -1.1137e+00
384 +1.603876788e+00 +1.603876788e+00 -4.696123212e+00 -4.696123212e+00 +3.0967e-01 -2.5080e+00 -2.0322e+00 +1.6325e+00 -1.1106e+00
400 +1.498032523e+00 +1.498032523e+00 -4.801967477e+00 -4.801967477e+00 +3.8698e-01 -2.5247e+00 -1.9885e+00 +1.6395e+00 -1.0802e+00
437 +1.462608971e+00 +1.462608971e+00 -4.837391029e+00 -4.837391029e+00 +3.4075e-01 -2.5006e+00 -2.0216e+00 +1.6472e+00 -1.0857e+00
442 +1.429848186e+00 +1.429848186e+00 -4.870151814e+00 -4.870151814e+00 +3.5826e-01 -2.4967e+00 -2.0154e+00 +1.6692e+00 -1.0685e+00
499 +1.405814445e+00 +1.405814445e+00 -4.894185555e+00 -4.894185555e+00 +3.3730e-01 -2.5193e+00 -1.9865e+00 +1.6834e+00 -1.0654e+00
61983 +1.148938010e+00 +1.148938010e+00 -5.151061990e+00 -5.151061990e+00 -5.7592e-01 -2.7780e+00 -1.9432e+00 +5.8779e-01 -1.3387e+00
362633 +1.146187876e+00 +1.146187876e+00 -5.153812124e+00 -5.153812124e+00 -1.4828e+00 -3.0299e+00 +1.8690e-01 +1.5171e+00 -2.2688e+00
362655 +1.104727825e+00 +1.104727825e+00 -5.195272175e+00 -5.195272175e+00 -1.4617e+00 -2.9848e+00 +1.3205e-01 +1.5165e+00 -2.2507e+00
362694 +1.083325381e+00 +1.083325381e+00 -5.216674619e+00 -5.216674619e+00 -1.4742e+00 -3.0016e+00 +1.4558e-01 +1.5168e+00 -2.2538e+00
362775 +1.071274344e+00 +1.071274344e+00 -5.228725656e+00 -5.228725656e+00 -1.4941e+00 -2.9949e+00 +1.5121e-01 +1.5184e+00 -2.2526e+00
% function evaluation | noise-free fitness - Fopt (2.796000000000e+01) | best noise-free fitness - Fopt | measured fitness | best measured fitness | x1 | x2...
1 +6.592654473e+03 +6.592654473e+03 +6.620614473e+03 +6.620614473e+03 +0.0000e+00 +0.0000e+00 +0.0000e+00 +0.0000e+00 +0.0000e+00
2 +4.122741134e+03 +4.122741134e+03 +4.150701134e+03 +4.150701134e+03 +1.8181e+00 +1.7978e+00 +9.1497e-02 +6.8648e-01 -1.4902e+00
7 +2.468569968e+03 +2.468569968e+03 +2.496529968e+03 +2.496529968e+03 +6.4665e-01 +1.2514e+00 -3.9857e-01 -2.5973e+00 +2.5628e-01
10 +7.888280319e+02 +7.888280319e+02 +8.167880319e+02 +8.167880319e+02 -2.1841e-01 +4.3143e-01 -6.4930e-01 -4.6368e-01 -9.9799e-01
11 +5.243781246e+00 +5.243781246e+00 +3.320378125e+01 +3.320378125e+01 +2.0774e+00 +1.5938e+00 +1.1177e+00 -1.1197e+00 -1.5929e+00
16 +5.076093765e+00 +5.076093765e+00 +3.303609376e+01 +3.303609376e+01 +2.4128e+00 +2.8278e+00 -5.2193e-01 -2.3085e+00 -1.4234e+00
67 +4.795123630e+00 +4.795123630e+00 +3.275512363e+01 +3.275512363e+01 +1.2895e+00 +2.5038e+00 +2.1358e-01 -1.7964e+00 -1.6332e+00
70 +3.012546826e+00 +3.012546826e+00 +3.097254683e+01 +3.097254683e+01 +1.5068e+00 +2.0077e+00 +4.7911e-01 -2.1338e+00 -2.1413e+00
96 +2.867975880e+00 +2.867975880e+00 +3.082797588e+01 +3.082797588e+01 +1.4733e+00 +1.2110e+00 +2.0190e-01 -1.4357e+00 -1.8885e+00
130 +2.515618133e+00 +2.515618133e+00 +3.047561813e+01 +3.047561813e+01 +7.0558e-01 +1.3238e+00 +3.0252e-01 -1.0689e+00 -1.2573e+00
192 +1.850385597e+00 +1.850385597e+00 +2.981038560e+01 +2.981038560e+01 +6.5449e-01 +2.0015e+00 +9.8764e-02 -1.0396e+00 -1.2274e+00
332 +1.769559786e+00 +1.769559786e+00 +2.972955979e+01 +2.972955979e+01 +1.5454e-01 +2.7386e+00 -1.4225e-01 -1.1598e+00 -1.2228e+00
382 +1.540072868e+00 +1.540072868e+00 +2.950007287e+01 +2.950007287e+01 +1.4215e-01 +2.6357e+00 -4.1503e-02 -1.1266e+00 -1.2083e+00
486 +1.512553540e+00 +1.512553540e+00 +2.947255354e+01 +2.947255354e+01 +9.9067e-02 +2.6512e+00 -6.2192e-02 -1.1246e+00 -1.2033e+00
60562 +1.381286749e+00 +1.381286749e+00 +2.934128675e+01 +2.934128675e+01 +1.3122e+00 +1.2562e-01 +2.6076e+00 -2.0324e+00 -2.0842e+00
60565 +1.122251657e+00 +1.122251657e+00 +2.908225166e+01 +2.908225166e+01 +1.3205e+00 +1.5449e-01 +2.5928e+00 -1.9694e+00 -2.1784e+00
60583 +1.080012197e+00 +1.080012197e+00 +2.904001220e+01 +2.904001220e+01 +1.4191e+00 +2.6416e-01 +2.6875e+00 -1.9276e+00 -2.1633e+00
60598 +9.156336267e-01 +9.156336267e-01 +2.887563363e+01 +2.887563363e+01 +1.5377e+00 +2.3934e-01 +2.6797e+00 -1.9734e+00 -2.1348e+00
60617 +7.717503623e-01 +7.717503623e-01 +2.873175036e+01 +2.873175036e+01 +1.4534e+00 +2.4420e-01 +2.6564e+00 -1.9671e+00 -2.1305e+00
60637 +7.060956351e-01 +7.060956351e-01 +2.866609564e+01 +2.866609564e+01 +1.5363e+00 +2.3302e-01 +2.6301e+00 -1.9478e+00 -2.1463e+00
60673 +6.711586908e-01 +6.711586908e-01 +2.863115869e+01 +2.863115869e+01 +1.5283e+00 +2.0825e-01 +2.5766e+00 -1.9606e+00 -2.1325e+00
60686 +5.687417131e-01 +5.687417131e-01 +2.852874171e+01 +2.852874171e+01 +1.5367e+00 +2.3643e-01 +2.5589e+00 -1.9843e+00 -2.1294e+00
60695 +5.620936254e-01 +5.620936254e-01 +2.852209363e+01 +2.852209363e+01 +1.5441e+00 +2.7374e-01 +2.5242e+00 -2.0163e+00 -2.1280e+00
60697 +5.407231453e-01 +5.407231453e-01 +2.850072315e+01 +2.850072315e+01 +1.5411e+00 +2.6504e-01 +2.5505e+00 -2.0012e+00 -2.1159e+00
60705 +5.181229806e-01 +5.181229806e-01 +2.847812298e+01 +2.847812298e+01 +1.5290e+00 +2.7286e-01 +2.5680e+00 -1.9986e+00 -2.1461e+00
60726 +5.010752640e-01 +5.010752640e-01 +2.846107526e+01 +2.846107526e+01 +1.5135e+00 +3.1881e-01 +2.5511e+00 -1.9755e+00 -2.1344e+00
60773 +4.849097390e-01 +4.849097390e-01 +2.844490974e+01 +2.844490974e+01 +1.5284e+00 +3.2163e-01 +2.5536e+00 -1.9917e+00 -2.1347e+00
60783 +4.785107058e-01 +4.785107058e-01 +2.843851071e+01 +2.843851071e+01 +1.5218e+00 +2.9538e-01 +2.5527e+00 -1.9974e+00 -2.1360e+00
% function evaluation | noise-free fitness - Fopt (-6.338000000000e+01) | best noise-free fitness - Fopt | measured fitness | best measured fitness | x1 | x2...
1 +6.592654473e+03 +6.592654473e+03 +6.529274473e+03 +6.529274473e+03 +0.0000e+00 +0.0000e+00 +0.0000e+00 +0.0000e+00 +0.0000e+00
2 +5.605003224e+00 +5.605003224e+00 -5.777499678e+01 -5.777499678e+01 -2.2951e+00 +2.2571e+00 +3.6777e-01 -1.2108e+00 -9.2498e-01
5 +4.250103110e+00 +4.250103110e+00 -5.912989689e+01 -5.912989689e+01 +4.5840e-01 -8.0706e-01 +1.0068e+00 -7.9164e-01 -1.3565e+00
46 +3.587748169e+00 +3.587748169e+00 -5.979225183e+01 -5.979225183e+01 +4.7581e-01 -1.1509e-01 +1.0296e+00 -1.3096e+00 -1.4414e+00
67 +3.296650063e+00 +3.296650063e+00 -6.008334994e+01 -6.008334994e+01 -4.1745e-01 +6.0061e-01 +1.3386e+00 -2.3786e+00 -1.9639e+00
85 +2.553717756e+00 +2.553717756e+00 -6.082628224e+01 -6.082628224e+01 -5.2619e-01 +8.6246e-03 +1.2516e+00 -2.3657e+00 -5.8632e-01
138 +2.489567241e+00 +2.489567241e+00 -6.089043276e+01 -6.089043276e+01 +3.3519e-01 -2.6532e-01 +6.3093e-01 -2.1108e+00 -2.0549e+00
153 +2.063497233e+00 +2.063497233e+00 -6.131650277e+01 -6.131650277e+01 +9.8383e-01 -3.1763e-01 +7.2041e-01 -1.7048e+00 -2.2672e+00
239 +1.808398241e+00 +1.808398241e+00 -6.157160176e+01 -6.157160176e+01 +1.9237e+00 -4.0434e-01 +7.7015e-01 -9.5420e-01 -2.4324e+00
249 +1.700394641e+00 +1.700394641e+00 -6.167960536e+01 -6.167960536e+01 +2.2681e+00 -4.6773e-01 +6.5457e-01 -9.6825e-01 -2.3569e+00
251 +1.676816225e+00 +1.676816225e+00 -6.170318378e+01 -6.170318378e+01 +1.0809e+00 -2.7204e-01 +6.6535e-01 -8.9279e-01 -2.4599e+00
404 +1.647777788e+00 +1.647777788e+00 -6.173222221e+01 -6.173222221e+01 +9.8583e-01 -2.7702e-01 +1.1283e+00 -8.3803e-01 -2.4397e+00
417 +1.608689350e+00 +1.608689350e+00 -6.177131065e+01 -6.177131065e+01 +9.5987e-01 -2.9551e-01 +1.1409e+00 -8.3333e-01 -2.4381e+00
442 +1.583363948e+00 +1.583363948e+00 -6.179663605e+01 -6.179663605e+01 +9.3953e-01 -3.2014e-01 +1.1645e+00 -8.3022e-01 -2.4188e+00
463 +1.540391692e+00 +1.540391692e+00 -6.183960831e+01 -6.183960831e+01 +9.6101e-01 -3.2982e-01 +1.1809e+00 -8.1745e-01 -2.4218e+00
513 +1.510417345e+00 +1.510417345e+00 -6.186958266e+01 -6.186958266e+01 +1.0181e+00 -3.3430e-01 +1.1746e+00 -8.1519e-01 -2.4180e+00
441285 +1.466062581e+00 +1.466062581e+00 -6.191393742e+01 -6.191393742e+01 +2.0946e+00 -6.0740e-01 +2.1758e+00 -2.0860e+00 -1.4086e+00
% function evaluation | noise-free fitness - Fopt (-1.337200000000e+02) | best noise-free fitness - Fopt | measured fitness | best measured fitness | x1 | x2...
1 +6.592654473e+03 +6.592654473e+03 +6.458934473e+03 +6.458934473e+03 +0.0000e+00 +0.0000e+00 +0.0000e+00 +0.0000e+00 +0.0000e+00
4 +5.023163926e+02 +5.023163926e+02 +3.685963926e+02 +3.685963926e+02 -1.4448e+00 -7.6372e-01 +1.3305e+00 -8.2284e-02 +1.4250e+00
7 +9.377589476e+01 +9.377589476e+01 -3.994410524e+01 -3.994410524e+01 -8.2000e-01 -9.7547e-01 +2.2011e+00 +1.1469e+00 +2.3770e+00
15 +3.399227638e+00 +3.399227638e+00 -1.303207724e+02 -1.303207724e+02 +1.7162e+00 +2.3063e+00 +2.0290e+00 +4.7994e-01 +1.5130e+00
51 +3.374885158e+00 +3.374885158e+00 -1.303451148e+02 -1.303451148e+02 -2.8656e-01 +5.8896e-01 +1.2840e+00 +6.7143e-01 +2.4863e+00
111 +2.389787362e+00 +2.389787362e+00 -1.313302126e+02 -1.313302126e+02 -9.5241e-02 +2.6035e+00 +2.0362e+00 +1.4844e+00 +1.0796e+00
408 +2.294867234e+00 +2.294867234e+00 -1.314251328e+02 -1.314251328e+02 -1.4226e+00 +2.9828e+00 -6.0720e-02 +1.5330e+00 +1.5731e+00
428 +2.239093236e+00 +2.239093236e+00 -1.314809068e+02 -1.314809068e+02 -1.5317e+00 +2.9469e+00 -1.4067e-01 +1.5599e+00 +1.8040e+00
487 +2.082830356e+00 +2.082830356e+00 -1.316371696e+02 -1.316371696e+02 -1.5278e+00 +3.1443e+00 -1.9513e-01 +1.8687e+00 +1.8067e+00
497 +1.932184052e+00 +1.932184052e+00 -1.317878159e+02 -1.317878159e+02 -1.5611e+00 +3.0764e+00 -1.2936e-01 +1.7919e+00 +1.8158e+00
518 +1.799002670e+00 +1.799002670e+00 -1.319209973e+02 -1.319209973e+02 -1.4985e+00 +3.0113e+00 -1.6391e-01 +1.9410e+00 +1.8424e+00
520 +1.658025694e+00 +1.658025694e+00 -1.320619743e+02 -1.320619743e+02 -1.5039e+00 +3.0355e+00 -1.5996e-01 +1.9246e+00 +1.8217e+00
603 +1.621214008e+00 +1.621214008e+00 -1.320987860e+02 -1.320987860e+02 -1.5103e+00 +3.0116e+00 -1.6322e-01 +1.9255e+00 +1.8072e+00
207649 +1.481414256e+00 +1.481414256e+00 -1.322385857e+02 -1.322385857e+02 -5.7349e-01 +4.0128e-03 +5.8497e-01 +2.5247e+00 +8.5709e-01
207750 +1.439665288e+00 +1.439665288e+00 -1.322803347e+02 -1.322803347e+02 -5.7952e-01 -1.0267e-02 +5.9645e-01 +2.4819e+00 +8.8104e-01
207753 +1.403929835e+00 +1.403929835e+00 -1.323160702e+02 -1.323160702e+02 -5.7679e-01 -1.5869e-03 +5.8676e-01 +2.4870e+00 +8.6159e-01
207792 +1.347291251e+00 +1.347291251e+00 -1.323727087e+02 -1.323727087e+02 -5.8581e-01 +2.6883e-02 +5.9968e-01 +2.4848e+00 +8.6643e-01
207834 +1.308473121e+00 +1.308473121e+00 -1.324115269e+02 -1.324115269e+02 -6.2014e-01 +6.0438e-02 +5.7490e-01 +2.4832e+00 +8.6654e-01
403327 +1.232040548e+00 +1.232040548e+00 -1.324879595e+02 -1.324879595e+02 -1.5614e+00 +2.9883e+00 -1.6625e-01 +1.1713e+00 +1.9897e+00
403348 +1.223729294e+00 +1.223729294e+00 -1.324962707e+02 -1.324962707e+02 -1.5899e+00 +3.0135e+00 -1.7174e-01 +1.1582e+00 +2.0027e+00
403374 +1.177355779e+00 +1.177355779e+00 -1.325426442e+02 -1.325426442e+02 -1.5513e+00 +3.0210e+00 -1.3589e-01 +1.1426e+00 +1.9998e+00
403381 +1.163726854e+00 +1.163726854e+00 -1.325562731e+02 -1.325562731e+02 -1.5281e+00 +3.0063e+00 -1.3279e-01 +1.1371e+00 +2.0026e+00
403453 +1.146202765e+00 +1.146202765e+00 -1.325737972e+02 -1.325737972e+02 -1.5220e+00 +3.0153e+00 -1.5752e-01 +1.1434e+00 +2.0017e+00
% function evaluation | noise-free fitness - Fopt (-4.039900000000e+02) | best noise-free fitness - Fopt | measured fitness | best measured fitness | x1 | x2...
1 +6.592654473e+03 +6.592654473e+03 +6.188664473e+03 +6.188664473e+03 +0.0000e+00 +0.0000e+00 +0.0000e+00 +0.0000e+00 +0.0000e+00
5 +5.616459283e+01 +5.616459283e+01 -3.478254072e+02 -3.478254072e+02 -2.8483e+00 -1.8548e+00 +2.4391e+00 +8.2288e-01 -1.1103e+00
16 +4.992953755e+00 +4.992953755e+00 -3.989970462e+02 -3.989970462e+02 -2.4423e+00 -9.0250e-01 +1.9933e+00 +1.0750e+00 -1.7217e+00
28 +4.819705424e+00 +4.819705424e+00 -3.991702946e+02 -3.991702946e+02 -2.1529e+00 -2.5276e-01 +1.9832e+00 +1.2216e+00 -1.8837e+00
32 +3.852824482e+00 +3.852824482e+00 -4.001371755e+02 -4.001371755e+02 -1.8884e+00 -5.2642e-01 +1.7653e+00 +9.6808e-01 -1.2874e+00
45 +3.662270186e+00 +3.662270186e+00 -4.003277298e+02 -4.003277298e+02 -2.5265e+00 -7.3650e-01 +2.4313e+00 +6.7811e-01 -1.9812e+00
70 +3.063649223e+00 +3.063649223e+00 -4.009263508e+02 -4.009263508e+02 -1.5415e+00 -5.7501e-01 +2.4605e+00 +7.4603e-01 -1.5726e+00
89 +2.791549962e+00 +2.791549962e+00 -4.011984500e+02 -4.011984500e+02 -1.3987e+00 -3.6937e-01 +1.4877e+00 +7.3369e-01 -1.4088e+00
195 +2.299889136e+00 +2.299889136e+00 -4.016901109e+02 -4.016901109e+02 -1.4070e+00 -1.6480e-01 +1.7233e+00 +2.2523e+00 -2.0084e+00
210 +2.177048498e+00 +2.177048498e+00 -4.018129515e+02 -4.018129515e+02 -1.5663e+00 -2.9593e-01 +1.4311e+00 +1.7273e+00 -2.2074e+00
273 +2.058277665e+00 +2.058277665e+00 -4.019317223e+02 -4.019317223e+02 -1.4403e+00 -7.9067e-01 +3.9846e-01 +1.0701e+00 -2.4011e+00
323 +1.700894641e+00 +1.700894641e+00 -4.022891054e+02 -4.022891054e+02 -1.3054e+00 -8.8952e-01 +3.7429e-01 +1.0010e+00 -2.3901e+00
332 +1.545647146e+00 +1.545647146e+00 -4.024443529e+02 -4.024443529e+02 -1.4127e+00 -8.8013e-01 +3.2629e-01 +1.0222e+00 -2.3827e+00
342 +1.503223070e+00 +1.503223070e+00 -4.024867769e+02 -4.024867769e+02 -1.5011e+00 -8.6673e-01 +4.0909e-01 +9.8799e-01 -2.3736e+00
432 +1.432492195e+00 +1.432492195e+00 -4.025575078e+02 -4.025575078e+02 -1.5416e+00 -9.3952e-01 +3.9749e-01 +1.0211e+00 -2.3984e+00
442 +1.404472033e+00 +1.404472033e+00 -4.025855280e+02 -4.025855280e+02 -1.5524e+00 -9.3134e-01 +4.0441e-01 +1.0113e+00 -2.3807e+00
461 +1.342962084e+00 +1.342962084e+00 -4.026470379e+02 -4.026470379e+02 -1.5113e+00 -9.5419e-01 +3.8227e-01 +1.0286e+00 -2.3771e+00
515 +1.318116243e+00 +1.318116243e+00 -4.026718838e+02 -4.026718838e+02 -1.4781e+00 -9.5468e-01 +3.6075e-01 +1.0103e+00 -2.3745e+00
387237 +1.285741413e+00 +1.285741413e+00 -4.027042586e+02 -4.027042586e+02 +2.0071e+00 -1.3435e+00 +2.3683e-01 +1.0490e+00 -1.2364e+00
387250 +1.229459835e+00 +1.229459835e+00 -4.027605402e+02 -4.027605402e+02 +2.0488e+00 -1.3445e+00 +2.4301e-01 +1.0348e+00 -1.2191e+00
387306 +1.197950793e+00 +1.197950793e+00 -4.027920492e+02 -4.027920492e+02 +2.0730e+00 -1.3350e+00 +2.4081e-01 +1.0398e+00 -1.2236e+00
387328 +1.155536463e+00 +1.155536463e+00 -4.028344635e+02 -4.028344635e+02 +2.1047e+00 -1.3107e+00 +2.6238e-01 +1.0414e+00 -1.2310e+00
387447 +1.148005667e+00 +1.148005667e+00 -4.028419943e+02 -4.028419943e+02 +2.1141e+00 -1.2778e+00 +2.7508e-01 +1.0370e+00 -1.2270e+00
% function evaluation | noise-free fitness - Fopt (1.000000000000e+03) | best noise-free fitness - Fopt | measured fitness | best measured fitness | x1 | x2...
1 +6.592654473e+03 +6.592654473e+03 +7.592654473e+03 +7.592654473e+03 +0.0000e+00 +0.0000e+00 +0.0000e+00 +0.0000e+00 +0.0000e+00
2 +4.854311104e+03 +4.854311104e+03 +5.854311104e+03 +5.854311104e+03 +3.7923e+00 +1.0069e+00 +1.2268e+00 -1.3419e-01 +2.8146e+00
3 +2.622611107e+03 +2.622611107e+03 +3.622611107e+03 +3.622611107e+03 +5.5696e-01 -1.1192e+00 -2.4717e-01 +1.5628e+00 -2.1216e-02
5 +9.944190730e+02 +9.944190730e+02 +1.994419073e+03 +1.994419073e+03 -4.8859e-01 -1.1794e-01 -5.7591e-01 -1.1849e-01 +1.2771e+00
18 +2.776100148e+01 +2.776100148e+01 +1.027761001e+03 +1.027761001e+03 -1.6422e-01 -9.6459e-01 -5.0616e-01 +5.6230e-01 +2.6078e+00
22 +3.186763922e+00 +3.186763922e+00 +1.003186764e+03 +1.003186764e+03 +9.9726e-01 -2.0742e-01 -6.2649e-01 +1.0489e+00 +2.2185e+00
64 +2.050251838e+00 +2.050251838e+00 +1.002050252e+03 +1.002050252e+03 +1.1284e+00 +1.3605e+00 -2.6269e-01 +2.5207e+00 +2.0572e+00
380 +1.994729177e+00 +1.994729177e+00 +1.001994729e+03 +1.001994729e+03 +1.1810e+00 +6.2959e-01 -4.1212e-01 +9.9174e-01 +2.3800e+00
405 +1.919984017e+00 +1.919984017e+00 +1.001919984e+03 +1.001919984e+03 +1.1445e+00 +8.0739e-01 -4.1799e-01 +1.0032e+00 +2.3791e+00
420 +1.865156508e+00 +1.865156508e+00 +1.001865157e+03 +1.001865157e+03 +1.1214e+00 +7.7898e-01 -4.1321e-01 +9.8741e-01 +2.3888e+00
432 +1.816409323e+00 +1.816409323e+00 +1.001816409e+03 +1.001816409e+03 +1.0517e+00 +7.8520e-01 -4.0792e-01 +1.0153e+00 +2.3991e+00
438 +1.755732358e+00 +1.755732358e+00 +1.001755732e+03 +1.001755732e+03 +9.9832e-01 +7.5493e-01 -4.0620e-01 +9.9421e-01 +2.3928e+00
475 +1.736295092e+00 +1.736295092e+00 +1.001736295e+03 +1.001736295e+03 +1.0059e+00 +6.8592e-01 -4.2474e-01 +1.0179e+00 +2.3663e+00
663 +1.698224187e+00 +1.698224187e+00 +1.001698224e+03 +1.001698224e+03 +1.0194e+00 +6.9984e-01 -4.1863e-01 +1.0016e+00 +2.3810e+00
157620 +1.624165389e+00 +1.624165389e+00 +1.001624165e+03 +1.001624165e+03 +2.0853e+00 +1.3058e+00 -1.7269e+00 +2.1762e+00 +1.2556e+00
157631 +1.576872226e+00 +1.576872226e+00 +1.001576872e+03 +1.001576872e+03 +2.1374e+00 +1.3384e+00 -1.7106e+00 +2.2099e+00 +1.1993e+00
157668 +1.503920070e+00 +1.503920070e+00 +1.001503920e+03 +1.001503920e+03 +2.1228e+00 +1.2874e+00 -1.6979e+00 +2.2255e+00 +1.2256e+00
157706 +1.478575762e+00 +1.478575762e+00 +1.001478576e+03 +1.001478576e+03 +2.1354e+00 +1.2842e+00 -1.7113e+00 +2.1960e+00 +1.2219e+00
% function evaluation | noise-free fitness - Fopt (1.005700000000e+02) | best noise-free fitness - Fopt | measured fitness | best measured fitness | x1 | x2...
1 +6.592654473e+03 +6.592654473e+03 +6.693224473e+03 +6.693224473e+03 +0.0000e+00 +0.0000e+00 +0.0000e+00 +0.0000e+00 +0.0000e+00
14 +3.423450441e+03 +3.423450441e+03 +3.524020441e+03 +3.524020441e+03 +1.4907e+00 -4.6553e+00 -1.3372e-02 -3.3856e-01 -2.6076e+00
20 +2.002421749e+03 +2.002421749e+03 +2.102991749e+03 +2.102991749e+03 +6.1009e-01 -4.3468e+00 -1.3696e+00 -8.1471e-01 -1.0709e+00
25 +7.848431439e+02 +7.848431439e+02 +8.854131439e+02 +8.854131439e+02 +7.7633e-01 -2.5086e+00 -1.3710e+00 -1.6394e+00 -1.2800e+00
42 +4.626486291e+00 +4.626486291e+00 +1.051964863e+02 +1.051964863e+02 +3.3395e-01 -1.7719e+00 -4.0462e-01 -8.8238e-01 -1.1042e+00
64 +3.685992568e+00 +3.685992568e+00 +1.042559926e+02 +1.042559926e+02 +1.9929e-01 -2.7850e+00 -7.8235e-03 -1.7670e+00 -2.2907e+00
86 +1.425063622e+00 +1.425063622e+00 +1.019950636e+02 +1.019950636e+02 +1.9087e+00 -2.1299e+00 +2.0452e+00 -1.6222e+00 -1.8960e+00
233122 +1.393420192e+00 +1.393420192e+00 +1.019634202e+02 +1.019634202e+02 +3.5502e-01 -2.5473e+00 +1.9894e+00 -1.6777e+00 -1.0724e+00
386968 +7.708216484e-01 +7.708216484e-01 +1.013408216e+02 +1.013408216e+02 -1.5263e+00 -2.9983e+00 +1.9352e+00 -1.6868e+00 -2.2042e+00
387035 +7.236916158e-01 +7.236916158e-01 +1.012936916e+02 +1.012936916e+02 -1.5250e+00 -3.0060e+00 +1.9060e+00 -1.6836e+00 -2.1967e+00
387077 +7.041797514e-01 +7.041797514e-01 +1.012741798e+02 +1.012741798e+02 -1.5228e+00 -3.0221e+00 +1.9012e+00 -1.6942e+00 -2.2166e+00
387112 +6.846532476e-01 +6.846532476e-01 +1.012546532e+02 +1.012546532e+02 -1.5156e+00 -3.0028e+00 +1.8874e+00 -1.6921e+00 -2.2158e+00
387131 +6.727205080e-01 +6.727205080e-01 +1.012427205e+02 +1.012427205e+02 -1.5132e+00 -3.0102e+00 +1.8831e+00 -1.6985e+00 -2.2067e+00
% function evaluation | noise-free fitness - Fopt (1.149000000000e+01) | best noise-free fitness - Fopt | measured fitness | best measured fitness | x1 | x2...
1 +6.592654473e+03 +6.592654473e+03 +6.604144473e+03 +6.604144473e+03 +0.0000e+00 +0.0000e+00 +0.0000e+00 +0.0000e+00 +0.0000e+00
4 +3.466473682e+03 +3.466473682e+03 +3.477963682e+03 +3.477963682e+03 +3.0362e-01 +1.1003e+00 +1.8667e+00 +1.2480e+00 +7.1580e-01
6 +2.815805306e+03 +2.815805306e+03 +2.827295306e+03 +2.827295306e+03 -1.3894e+00 +1.2676e+00 +2.8515e-02 -4.2144e-01 +1.5496e+00
11 +1.209889584e+03 +1.209889584e+03 +1.221379584e+03 +1.221379584e+03 +2.8485e+00 -1.8340e+00 -6.4731e-01 +3.3220e+00 +2.5226e-01
14 +7.663548008e+02 +7.663548008e+02 +7.778448008e+02 +7.778448008e+02 -2.0674e-01 -3.3754e-01 -1.6791e+00 -3.0939e-01 +1.2066e+00
15 +2.650931655e+02 +2.650931655e+02 +2.765831655e+02 +2.765831655e+02 +2.0597e+00 -7.1245e-01 -3.7612e-01 +3.0450e+00 +1.1441e+00
26 +1.936964811e+01 +1.936964811e+01 +3.085964811e+01 +3.085964811e+01 +2.6863e+00 +4.9290e-01 -1.4275e+00 +1.6796e+00 +1.5946e+00
33 +3.607036174e+00 +3.607036174e+00 +1.509703617e+01 +1.509703617e+01 +1.3192e+00 +2.4033e+00 -1.4947e+00 +3.0212e-01 +1.7832e+00
73 +3.106895782e+00 +3.106895782e+00 +1.459689578e+01 +1.459689578e+01 -1.3913e+00 +2.7934e+00 -1.8834e+00 +1.2224e+00 +9.3406e-01
125 +2.849340906e+00 +2.849340906e+00 +1.433934091e+01 +1.433934091e+01 -1.2905e+00 +2.2775e+00 -2.1228e+00 +5.6107e-01 +2.3654e+00
236 +2.075049258e+00 +2.075049258e+00 +1.356504926e+01 +1.356504926e+01 -1.6384e+00 +5.3187e-01 -2.4767e+00 +4.3335e-01 +2.1634e+00
338 +2.025839332e+00 +2.025839332e+00 +1.351583933e+01 +1.351583933e+01 -1.5630e+00 +3.6409e-01 -2.5968e+00 +8.1296e-01 +1.8879e+00
375 +1.937411964e+00 +1.937411964e+00 +1.342741196e+01 +1.342741196e+01 -1.4573e+00 +2.5572e-01 -2.6024e+00 +8.2515e-01 +1.8905e+00
386 +1.905186179e+00 +1.905186179e+00 +1.339518618e+01 +1.339518618e+01 -1.4945e+00 +2.5924e-01 -2.5528e+00 +8.8461e-01 +1.8550e+00
432 +1.855476301e+00 +1.855476301e+00 +1.334547630e+01 +1.334547630e+01 -1.5045e+00 +2.3992e-01 -2.5848e+00 +8.5138e-01 +1.8603e+00
452 +1.814458680e+00 +1.814458680e+00 +1.330445868e+01 +1.330445868e+01 -1.5036e+00 +2.6300e-01 -2.5888e+00 +8.3065e-01 +1.8578e+00
647 +1.777775677e+00 +1.777775677e+00 +1.326777568e+01 +1.326777568e+01 -1.5087e+00 +2.8949e-01 -2.5607e+00 +8.3836e-01 +1.8593e+00
62096 +1.663927015e+00 +1.663927015e+00 +1.315392702e+01 +1.315392702e+01 -1.4868e+00 +2.9485e+00 -1.2545e+00 +7.7566e-01 +1.5491e+00
131655 +1.639220007e+00 +1.639220007e+00 +1.312922001e+01 +1.312922001e+01 +2.0529e+00 +2.2526e+00 -1.4983e+00 +1.1650e+00 +2.3167e+00
131694 +1.156416672e+00 +1.156416672e+00 +1.264641667e+01 +1.264641667e+01 +2.0359e+00 +2.1356e+00 -1.5131e+00 +1.1090e+00 +2.3305e+00
131696 +1.126898151e+00 +1.126898151e+00 +1.261689815e+01 +1.261689815e+01 +2.0623e+00 +2.1061e+00 -1.5406e+00 +1.1059e+00 +2.3475e+00
131809 +1.104290241e+00 +1.104290241e+00 +1.259429024e+01 +1.259429024e+01 +2.1661e+00 +2.0440e+00 -1.5120e+00 +1.1036e+00 +2.3498e+00
131850 +1.096065454e+00 +1.096065454e+00 +1.258606545e+01 +1.258606545e+01 +2.1486e+00 +2.0522e+00 -1.5076e+00 +1.0875e+00 +2.3522e+00
131875 +1.052849017e+00 +1.052849017e+00 +1.254284902e+01 +1.254284902e+01 +2.1401e+00 +2.0901e+00 -1.4865e+00 +1.1072e+00 +2.3636e+00
131898 +1.041648583e+00 +1.041648583e+00 +1.253164858e+01 +1.253164858e+01 +2.1248e+00 +2.0794e+00 -1.4976e+00 +1.1073e+00 +2.3599e+00
478019 +9.649761111e-01 +9.649761111e-01 +1.245497611e+01 +1.245497611e+01 -1.6514e+00 +3.0750e+00 +7.4953e-02 +2.6619e+00 +1.9739e+00
478022 +5.561830448e-01 +5.561830448e-01 +1.204618304e+01 +1.204618304e+01 -1.5005e+00 +2.9814e+00 +1.2103e-01 +2.6898e+00 +1.9586e+00
478180 +5.171320167e-01 +5.171320167e-01 +1.200713202e+01 +1.200713202e+01 -1.4848e+00 +2.9612e+00 +1.3755e-01 +2.6664e+00 +1.9579e+00
478189 +4.953008068e-01 +4.953008068e-01 +1.198530081e+01 +1.198530081e+01 -1.4931e+00 +2.9767e+00 +1.5375e-01 +2.6632e+00 +1.9675e+00
478260 +4.888750514e-01 +4.888750514e-01 +1.197887505e+01 +1.197887505e+01 -1.5022e+00 +2.9856e+00 +1.6107e-01 +2.6747e+00 +1.9658e+00
478309 +4.760751196e-01 +4.760751196e-01 +1.196607512e+01 +1.196607512e+01 -1.5048e+00 +3.0073e+00 +1.5462e-01 +2.6682e+00 +1.9679e+00
% function evaluation | noise-free fitness - Fopt (7.731000000000e+01) | best noise-free fitness - Fopt | measured fitness | best measured fitness | x1 | x2...
1 +6.592654473e+03 +6.592654473e+03 +6.669964473e+03 +6.669964473e+03 +0.0000e+00 +0.0000e+00 +0.0000e+00 +0.0000e+00 +0.0000e+00
4 +3.823605178e+03 +3.823605178e+03 +3.900915178e+03 +3.900915178e+03 -1.1136e+00 +1.2627e+00 +5.2237e-01 -1.6304e-01 +3.2007e+00
12 +2.111001511e+03 +2.111001511e+03 +2.188311511e+03 +2.188311511e+03 -2.8079e+00 +5.9593e-01 -6.0120e-01 -4.2010e-01 +2.4730e+00
16 +9.970873371e+02 +9.970873371e+02 +1.074397337e+03 +1.074397337e+03 -2.4060e+00 +9.8796e-01 -3.1580e-01 -4.0077e-02 +1.0817e+00
23 +1.894538146e+02 +1.894538146e+02 +2.667638146e+02 +2.667638146e+02 -8.2535e-01 +1.5379e+00 -1.5407e+00 +3.5253e-01 +1.1664e+00
28 +1.204465874e+02 +1.204465874e+02 +1.977565874e+02 +1.977565874e+02 -1.1470e+00 +1.5133e+00 -3.8082e-01 +1.0968e+00 +8.9735e-01
32 +7.434827559e+01 +7.434827559e+01 +1.516582756e+02 +1.516582756e+02 -9.7015e-01 +3.2277e-01 +1.1595e-01 +1.3268e+00 +1.0776e+00
38 +5.767906053e+00 +5.767906053e+00 +8.307790605e+01 +8.307790605e+01 -1.5796e+00 +8.2763e-01 -5.8018e-01 +1.7445e+00 +1.5996e+00
44 +4.117722254e+00 +4.117722254e+00 +8.142772225e+01 +8.142772225e+01 -9.1174e-01 +9.8358e-01 -1.0313e+00 +9.5084e-01 +1.8903e+00
60 +3.458415515e+00 +3.458415515e+00 +8.076841551e+01 +8.076841551e+01 -7.7971e-01 +2.4180e-01 -5.8827e-01 +1.8175e+00 +1.6717e+00
89 +3.368348692e+00 +3.368348692e+00 +8.067834869e+01 +8.067834869e+01 +6.7894e-01 -2.3936e-01 -1.3999e-01 +1.0223e+00 +1.2329e+00
121 +3.191460182e+00 +3.191460182e+00 +8.050146018e+01 +8.050146018e+01 +2.4850e+00 -1.9081e+00 -8.5130e-01 +2.4925e+00 +1.4181e+00
147 +2.984716740e+00 +2.984716740e+00 +8.029471674e+01 +8.029471674e+01 +1.5622e+00 -1.2945e+00 -6.7426e-01 +2.5227e+00 +1.4012e+00
166 +2.568354371e+00 +2.568354371e+00 +7.987835437e+01 +7.987835437e+01 +1.3909e+00 -9.6420e-01 -4.4798e-01 +1.7007e+00 +2.1575e+00
283 +2.323751965e+00 +2.323751965e+00 +7.963375196e+01 +7.963375196e+01 +1.6210e+00 -1.0789e+00 -2.8113e-01 +1.9901e+00 +2.1472e+00
295 +2.111343972e+00 +2.111343972e+00 +7.942134397e+01 +7.942134397e+01 +1.5031e+00 -9.7326e-01 -2.7968e-01 +2.0175e+00 +2.1585e+00
306 +2.056040126e+00 +2.056040126e+00 +7.936604013e+01 +7.936604013e+01 +1.5239e+00 -9.4619e-01 -3.0196e-01 +2.0388e+00 +2.1734e+00
309 +1.982037588e+00 +1.982037588e+00 +7.929203759e+01 +7.929203759e+01 +1.3019e+00 -9.2653e-01 -3.1322e-01 +2.0972e+00 +2.0988e+00
328 +1.857246061e+00 +1.857246061e+00 +7.916724606e+01 +7.916724606e+01 +1.3813e+00 -9.3093e-01 -3.3639e-01 +2.1403e+00 +2.1116e+00
351 +1.569669823e+00 +1.569669823e+00 +7.887966982e+01 +7.887966982e+01 +1.4759e+00 -1.0002e+00 -3.3455e-01 +2.0774e+00 +2.1051e+00
436 +1.525850218e+00 +1.525850218e+00 +7.883585022e+01 +7.883585022e+01 +1.5162e+00 -9.3288e-01 -3.6128e-01 +2.0837e+00 +2.1012e+00
472 +1.513391893e+00 +1.513391893e+00 +7.882339189e+01 +7.882339189e+01 +1.5031e+00 -9.6751e-01 -3.6581e-01 +2.0741e+00 +2.1190e+00
55925 +1.329152459e+00 +1.329152459e+00 +7.863915246e+01 +7.863915246e+01 -2.1477e+00 -2.0714e+00 -1.4927e+00 +1.5551e+00 +2.2230e+00
56043 +1.207776255e+00 +1.207776255e+00 +7.851777626e+01 +7.851777626e+01 -2.1016e+00 -2.1358e+00 -1.0929e+00 +1.9010e+00 +2.1771e+00
56072 +1.193091640e+00 +1.193091640e+00 +7.850309164e+01 +7.850309164e+01 -2.1174e+00 -2.1036e+00 -1.1125e+00 +1.8670e+00 +2.1612e+00
56074 +1.171549050e+00 +1.171549050e+00 +7.848154905e+01 +7.848154905e+01 -2.1203e+00 -2.1021e+00 -1.1154e+00 +1.8793e+00 +2.1704e+00
56177 +1.147660532e+00 +1.147660532e+00 +7.845766053e+01 +7.845766053e+01 -2.1089e+00 -2.0992e+00 -1.1050e+00 +1.9026e+00 +2.1567e+00
118996 +1.099955211e+00 +1.099955211e+00 +7.840995521e+01 +7.840995521e+01 +1.4618e+00 -2.9790e+00 -7.1776e-01 +2.4530e+00 +2.0139e+00
119090 +1.095073401e+00 +1.095073401e+00 +7.840507340e+01 +7.840507340e+01 +1.4729e+00 -2.9797e+00 -7.1088e-01 +2.4568e+00 +2.0116e+00
119205 +1.071447053e+00 +1.071447053e+00 +7.838144705e+01 +7.838144705e+01 +1.4990e+00 -3.0103e+00 -7.1310e-01 +2.4474e+00 +2.0186e+00
242579 +9.881662941e-01 +9.881662941e-01 +7.829816629e+01 +7.829816629e+01 -1.9313e+00 +4.5931e-01 -2.7216e+00 +4.3725e-01 +2.5360e+00
242597 +7.357310641e-01 +7.357310641e-01 +7.804573106e+01 +7.804573106e+01 -1.9868e+00 +5.7072e-01 -2.7780e+00 +4.3584e-01 +2.5522e+00
242606 +6.673282994e-01 +6.673282994e-01 +7.797732830e+01 +7.797732830e+01 -1.9846e+00 +6.0801e-01 -2.8135e+00 +4.1155e-01 +2.5329e+00
242612 +6.463352468e-01 +6.463352468e-01 +7.795633525e+01 +7.795633525e+01 -2.0063e+00 +5.6307e-01 -2.8048e+00 +4.0680e-01 +2.5480e+00
242630 +5.814821071e-01 +5.814821071e-01 +7.789148211e+01 +7.789148211e+01 -2.0216e+00 +5.9174e-01 -2.7940e+00 +3.9135e-01 +2.5200e+00
242646 +5.356281612e-01 +5.356281612e-01 +7.784562816e+01 +7.784562816e+01 -2.0467e+00 +5.7913e-01 -2.7899e+00 +3.9044e-01 +2.5313e+00
242658 +5.125352720e-01 +5.125352720e-01 +7.782253527e+01 +7.782253527e+01 -2.0813e+00 +5.7535e-01 -2.7731e+00 +3.9524e-01 +2.5384e+00
242669 +4.931894338e-01 +4.931894338e-01 +7.780318943e+01 +7.780318943e+01 -2.0779e+00 +5.9079e-01 -2.7796e+00 +3.9775e-01 +2.5342e+00
242691 +4.832393772e-01 +4.832393772e-01 +7.779323938e+01 +7.779323938e+01 -2.0994e+00 +6.1109e-01 -2.7767e+00 +4.0074e-01 +2.5282e+00
242805 +4.786174358e-01 +4.786174358e-01 +7.778861744e+01 +7.778861744e+01 -2.0874e+00 +6.0344e-01 -2.7856e+00 +4.0948e-01 +2.5323e+00
% function evaluation | noise-free fitness - Fopt (3.207700000000e+02) | best noise-free fitness - Fopt | measured fitness | best measured fitness | x1 | x2...
1 +6.592654473e+03 +6.592654473e+03 +6.913424473e+03 +6.913424473e+03 +0.0000e+00 +0.0000e+00 +0.0000e+00 +0.0000e+00 +0.0000e+00
2 +1.316361191e+03 +1.316361191e+03 +1.637131191e+03 +1.637131191e+03 +3.7682e-01 +2.0862e+00 +1.2242e+00 -6.1614e-01 +1.1524e+00
6 +2.464276067e+02 +2.464276067e+02 +5.671976067e+02 +5.671976067e+02 +2.1524e-01 -5.1009e-02 -6.2198e-02 -3.8306e-01 +1.0949e+00
9 +5.426908383e+00 +5.426908383e+00 +3.261969084e+02 +3.261969084e+02 +2.5562e-01 -1.1072e+00 +7.6319e-03 -2.0123e+00 +1.0812e+00
41 +4.414201959e+00 +4.414201959e+00 +3.251842020e+02 +3.251842020e+02 +1.8450e+00 -1.9112e+00 +1.0123e+00 -1.3438e+00 +8.4038e-01
54 +3.959561770e+00 +3.959561770e+00 +3.247295618e+02 +3.247295618e+02 +8.4121e-01 -1.0706e+00 +1.6701e+00 -2.2362e+00 +1.9007e+00
80 +3.859630498e+00 +3.859630498e+00 +3.246296305e+02 +3.246296305e+02 +2.1159e-01 -1.3337e+00 -2.2327e-01 -1.6106e+00 +1.1316e+00
83 +3.288950139e+00 +3.288950139e+00 +3.240589501e+02 +3.240589501e+02 +9.4341e-02 -1.8277e+00 +9.9223e-02 -1.8580e+00 +2.0443e+00
94 +3.180957606e+00 +3.180957606e+00 +3.239509576e+02 +3.239509576e+02 -1.1137e+00 -2.5002e+00 -4.9827e-01 -1.5992e+00 +2.3098e+00
101 +2.654167330e+00 +2.654167330e+00 +3.234241673e+02 +3.234241673e+02 +1.3868e-01 -1.2193e+00 +1.0564e+00 -2.3300e+00 +2.0846e+00
151 +2.478806545e+00 +2.478806545e+00 +3.232488065e+02 +3.232488065e+02 -1.7846e+00 +6.2741e-01 +8.3287e-01 -2.3234e+00 +9.4015e-01
173 +2.362296063e+00 +2.362296063e+00 +3.231322961e+02 +3.231322961e+02 -1.8424e+00 +1.2443e+00 +1.3709e+00 -2.2843e+00 +1.7211e+00
197 +1.991367543e+00 +1.991367543e+00 +3.227613675e+02 +3.227613675e+02 -8.1384e-01 +2.3992e-01 +2.0953e+00 -2.2052e+00 +2.0844e+00
313 +1.939698090e+00 +1.939698090e+00 +3.227096981e+02 +3.227096981e+02 -2.8287e-01 -6.1250e-01 +1.8505e+00 -2.1534e+00 +2.1024e+00
353 +1.868027936e+00 +1.868027936e+00 +3.226380279e+02 +3.226380279e+02 -2.0893e-01 -5.3174e-01 +1.8817e+00 -2.1501e+00 +2.1041e+00
373 +1.826203573e+00 +1.826203573e+00 +3.225962036e+02 +3.225962036e+02 -3.2280e-01 -5.6176e-01 +1.8884e+00 -2.1807e+00 +2.0903e+00
378 +1.810681251e+00 +1.810681251e+00 +3.225806813e+02 +3.225806813e+02 -3.0381e-01 -4.7619e-01 +1.9258e+00 -2.1369e+00 +2.1109e+00
397 +1.767382982e+00 +1.767382982e+00 +3.225373830e+02 +3.225373830e+02 -3.1166e-01 -5.3860e-01 +1.8779e+00 -2.1722e+00 +2.0908e+00
517 +1.737550243e+00 +1.737550243e+00 +3.225075502e+02 +3.225075502e+02 -3.2281e-01 -5.0236e-01 +1.8959e+00 -2.1575e+00 +2.0913e+00
185535 +1.537156595e+00 +1.537156595e+00 +3.223071566e+02 +3.223071566e+02 +1.4804e+00 -3.0063e-01 +2.4817e+00 -5.0580e-01 +2.1158e+00
185538 +1.467816570e+00 +1.467816570e+00 +3.222378166e+02 +3.222378166e+02 +1.4403e+00 -3.3135e-01 +2.4749e+00 -4.7959e-01 +2.1442e+00
185590 +1.394398835e+00 +1.394398835e+00 +3.221643988e+02 +3.221643988e+02 +1.4362e+00 -3.2048e-01 +2.5113e+00 -5.0987e-01 +2.1372e+00
185598 +1.335719388e+00 +1.335719388e+00 +3.221057194e+02 +3.221057194e+02 +1.4322e+00 -3.0046e-01 +2.5156e+00 -4.8749e-01 +2.1900e+00
185603 +1.294077152e+00 +1.294077152e+00 +3.220640772e+02 +3.220640772e+02 +1.4235e+00 -2.5640e-01 +2.5441e+00 -4.4406e-01 +2.1657e+00
185617 +1.250065993e+00 +1.250065993e+00 +3.220200660e+02 +3.220200660e+02 +1.4700e+00 -2.9087e-01 +2.5964e+00 -4.8109e-01 +2.1594e+00
185625 +1.206575046e+00 +1.206575046e+00 +3.219765750e+02 +3.219765750e+02 +1.4853e+00 -2.8633e-01 +2.5843e+00 -4.8418e-01 +2.1656e+00
185636 +1.194936357e+00 +1.194936357e+00 +3.219649364e+02 +3.219649364e+02 +1.4561e+00 -2.8535e-01 +2.5712e+00 -4.6093e-01 +2.1609e+00
185640 +1.173560507e+00 +1.173560507e+00 +3.219435605e+02 +3.219435605e+02 +1.5010e+00 -2.8212e-01 +2.5585e+00 -4.4513e-01 +2.1773e+00
185780 +1.147355693e+00 +1.147355693e+00 +3.219173557e+02 +3.219173557e+02 +1.5029e+00 -2.8871e-01 +2.5603e+00 -4.6356e-01 +2.1692e+00
% function evaluation | noise-free fitness - Fopt (1.893000000000e+01) | best noise-free fitness - Fopt | measured fitness | best measured fitness | x1 | x2...
1 +6.592654473e+03 +6.592654473e+03 +6.611584473e+03 +6.611584473e+03 +0.0000e+00 +0.0000e+00 +0.0000e+00 +0.0000e+00 +0.0000e+00
4 +1.308169571e+03 +1.308169571e+03 +1.327099571e+03 +1.327099571e+03 +9.6150e-01 -1.9225e+00 -1.2788e+00 -1.7445e+00 +2.8904e+00
8 +6.288050913e+01 +6.288050913e+01 +8.181050913e+01 +8.181050913e+01 +1.5994e+00 -1.4819e+00 +3.6594e-01 -6.2029e-01 +2.2682e+00
36 +5.377979619e+00 +5.377979619e+00 +2.430797962e+01 +2.430797962e+01 +6.4119e-01 -4.4409e-01 -2.1623e-01 -8.1245e-01 +1.2341e+00
37 +3.780212221e+00 +3.780212221e+00 +2.271021222e+01 +2.271021222e+01 +4.8801e-01 -1.1168e-01 -1.3113e+00 -2.3429e+00 +6.0864e-01
69 +3.644557894e+00 +3.644557894e+00 +2.257455789e+01 +2.257455789e+01 -9.5646e-02 -3.8265e-02 -2.0014e+00 -1.7546e+00 +1.2097e+00
74 +3.261348574e+00 +3.261348574e+00 +2.219134857e+01 +2.219134857e+01 -2.7180e-01 +6.6156e-02 -1.7776e+00 -2.0999e+00 +1.7181e+00
87 +3.045527681e+00 +3.045527681e+00 +2.197552768e+01 +2.197552768e+01 -1.7245e-01 -1.7849e+00 -2.1633e+00 -2.1927e+00 +1.1261e+00
100 +2.816504365e+00 +2.816504365e+00 +2.174650436e+01 +2.174650436e+01 +4.4954e-01 -2.5499e+00 -1.1857e+00 -2.2993e+00 +1.7787e+00
114 +2.689139522e+00 +2.689139522e+00 +2.161913952e+01 +2.161913952e+01 -6.0463e-01 -2.6359e+00 -1.9162e+00 -1.2809e+00 +1.6201e+00
118 +1.850228446e+00 +1.850228446e+00 +2.078022845e+01 +2.078022845e+01 -5.2777e-01 -1.9657e+00 -2.0247e+00 -2.0802e+00 +9.7380e-01
327 +1.766676990e+00 +1.766676990e+00 +2.069667699e+01 +2.069667699e+01 -1.4753e+00 -2.2675e+00 -2.0775e+00 -2.1664e+00 +1.3875e+00
373 +1.622780421e+00 +1.622780421e+00 +2.055278042e+01 +2.055278042e+01 -1.5873e+00 -2.2631e+00 -2.0532e+00 -2.0886e+00 +1.5147e+00
374 +1.512658319e+00 +1.512658319e+00 +2.044265832e+01 +2.044265832e+01 -1.5822e+00 -2.1813e+00 -2.0947e+00 -2.0971e+00 +1.5683e+00
396 +1.439452330e+00 +1.439452330e+00 +2.036945233e+01 +2.036945233e+01 -1.5091e+00 -2.0993e+00 -2.0732e+00 -2.1584e+00 +1.7295e+00
420 +1.229679508e+00 +1.229679508e+00 +2.015967951e+01 +2.015967951e+01 -1.4877e+00 -2.2071e+00 -2.0433e+00 -2.0954e+00 +1.7828e+00
426 +1.173511632e+00 +1.173511632e+00 +2.010351163e+01 +2.010351163e+01 -1.5054e+00 -2.1893e+00 -2.1078e+00 -2.1037e+00 +1.7395e+00
471 +1.137527156e+00 +1.137527156e+00 +2.006752716e+01 +2.006752716e+01 -1.5164e+00 -2.2090e+00 -2.0636e+00 -2.0974e+00 +1.7574e+00
487 +1.115101110e+00 +1.115101110e+00 +2.004510111e+01 +2.004510111e+01 -1.5060e+00 -2.2124e+00 -2.0762e+00 -2.1059e+00 +1.7593e+00
213700 +1.094609332e+00 +1.094609332e+00 +2.002460933e+01 +2.002460933e+01 +2.0394e+00 -7.6020e-01 -2.3966e+00 -2.0249e+00 +9.6509e-01
213719 +1.012075327e+00 +1.012075327e+00 +1.994207533e+01 +1.994207533e+01 +2.1330e+00 -7.7947e-01 -2.4004e+00 -2.0370e+00 +9.8788e-01
213734 +9.827143365e-01 +9.827143365e-01 +1.991271434e+01 +1.991271434e+01 +2.1081e+00 -7.6461e-01 -2.4219e+00 -2.0095e+00 +9.9436e-01
213747 +9.666243169e-01 +9.666243169e-01 +1.989662432e+01 +1.989662432e+01 +2.1106e+00 -7.8627e-01 -2.4220e+00 -2.0157e+00 +9.8922e-01
213792 +9.502283574e-01 +9.502283574e-01 +1.988022836e+01 +1.988022836e+01 +2.0985e+00 -7.6643e-01 -2.4359e+00 -2.0259e+00 +9.8114e-01
457785 +9.303248462e-01 +9.303248462e-01 +1.986032485e+01 +1.986032485e+01 -1.5058e+00 -3.0809e-01 -2.5740e+00 -1.5382e+00 +2.2424e+00
457849 +9.112496449e-01 +9.112496449e-01 +1.984124964e+01 +1.984124964e+01 -1.5028e+00 -3.0005e-01 -2.5623e+00 -1.5347e+00 +2.2465e+00
