% function evaluation | noise-free fitness - Fopt (4.078000000000e+01) | best noise-free fitness - Fopt | measured fitness | best measured fitness | x1 | x2...
1 +6.694655269e+01 +6.694655269e+01 +1.077265527e+02 +1.077265527e+02 +0.0000e+00 +0.0000e+00 +0.0000e+00 +0.0000e+00 +0.0000e+00 +0.0000e+00 +0.0000e+00 +0.0000e+00 +0.0000e+00 +0.0000e+00
4 +6.554711854e+01 +6.554711854e+01 +1.063271185e+02 +1.063271185e+02 -8.0477e-01 +1.0011e+00 +1.6527e+00 +3.8161e-01 -7.5034e-01 +2.0015e-01 -8.3088e-01 -6.1020e-01 +4.3627e-01 +9.2251e-01
12 +5.366808816e+01 +5.366808816e+01 +9.444808816e+01 +9.444808816e+01 +5.2960e-01 +2.4290e+00 +1.1140e+00 +2.9304e+00 -1.6578e+00 -8.1671e-01 -1.2382e+00 -1.4341e+00 +4.2698e-01 +1.0432e+00
23 +5.105480258e+01 +5.105480258e+01 +9.183480258e+01 +9.183480258e+01 +1.0499e+00 +3.4630e+00 +8.4504e-01 +3.2626e+00 -1.8915e+00 -6.9813e-01 -6.7337e-01 -1.0934e+00 +1.7660e+00 +4.4535e-01
43 +4.748410460e+01 +4.748410460e+01 +8.826410460e+01 +8.826410460e+01 +2.0673e+00 +3.7983e-01 +6.8392e-01 +1.4107e+00 -1.1713e+00 -2.0630e+00 -6.0572e-01 -1.1616e+00 +1.5827e+00 +1.3577e+00
48 +3.749560178e+01 +3.749560178e+01 +7.827560178e+01 +7.827560178e+01 +8.1251e-01 +2.5030e+00 +1.3840e-01 +1.7396e+00 -5.6651e-01 -1.3099e+00 -9.7667e-02 -2.4812e+00 -1.6373e+00 +1.0720e+00
126 +3.405919568e+01 +3.405919568e+01 +7.483919568e+01 +7.483919568e+01 +1.3208e-01 +2.6327e+00 +1.2938e+00 +4.9923e+00 -1.6097e+00 +1.1235e-03 +5.3136e-01 -1.5696e+00 +3.2075e-01 +1.1094e+00
127 +2.845172923e+01 +2.845172923e+01 +6.923172923e+01 +6.923172923e+01 +5.0418e-01 +2.5601e+00 +1.1179e+00 +3.1145e+00 -2.1236e+00 -1.4342e+00 +4.8153e-01 -1.4729e+00 -1.8780e-03 -8.4225e-01
219 +2.351987193e+01 +2.351987193e+01 +6.429987193e+01 +6.429987193e+01 +2.7709e-01 +2.1000e+00 +1.0026e+00 +3.2613e+00 -2.4327e+00 +1.9380e-02 +5.5444e-01 +1.8841e-01 +5.7699e-01 +1.3670e+00
250 +2.088119359e+01 +2.088119359e+01 +6.166119359e+01 +6.166119359e+01 +5.4466e-03 +2.5884e+00 +8.4009e-01 +3.6435e+00 -1.8558e+00 +1.1198e-01 +8.0444e-01 -2.0329e+00 +1.3052e-01 +1.5276e+00
252 +1.842818970e+01 +1.842818970e+01 +5.920818970e+01 +5.920818970e+01 +7.8345e-01 +2.3181e+00 +1.2194e+00 +2.8983e+00 -1.5937e+00 +2.5400e-01 +6.7942e-01 -2.5526e+00 +1.0299e+00 -1.4803e-01
322 +1.682321678e+01 +1.682321678e+01 +5.760321678e+01 +5.760321678e+01 +1.0763e-01 +3.1408e+00 -5.4068e-01 +3.5668e+00 -1.6561e+00 -4.7929e-01 -2.6043e-01 -2.3814e+00 -1.5952e-01 +1.4114e+00
390 +1.419905052e+01 +1.419905052e+01 +5.497905052e+01 +5.497905052e+01 +5.5040e-01 +2.6857e+00 -1.6806e-01 +2.8121e+00 -1.2164e+00 -1.4531e-01 +2.7117e-01 -1.8384e+00 +2.6003e-01 +4.8867e-01
416 +1.053773985e+01 +1.053773985e+01 +5.131773985e+01 +5.131773985e+01 +2.7963e+00 +2.1383e+00 +1.2553e+00 +1.9610e+00 -1.6110e+00 -4.6487e-01 +4.4619e-01 -2.3447e+00 -4.2072e-01 +4.9230e-01
431 +7.929024373e+00 +7.929024373e+00 +4.870902437e+01 +4.870902437e+01 +3.8221e+00 +1.8622e+00 +1.0823e+00 +1.8021e+00 -9.0175e-01 -1.0272e+00 +4.4730e-01 -3.1462e+00 +6.6268e-01 -1.4803e-01
729 +7.715918994e+00 +7.715918994e+00 +4.849591899e+01 +4.849591899e+01 +2.3212e+00 +3.5919e+00 +1.5120e+00 +2.3839e+00 -1.1577e+00 -1.2013e+00 +1.8286e-01 -3.9571e+00 +1.0502e+00 -8.6280e-01
773 +7.382096548e+00 +7.382096548e+00 +4.816209655e+01 +4.816209655e+01 +2.1729e+00 +2.8179e+00 +1.4008e+00 +2.5266e+00 -1.6628e+00 -5.5861e-01 +5.3216e-01 -3.0302e+00 +1.2682e+00 -8.4180e-01
1061 +4.614276885e+00 +4.614276885e+00 +4.539427689e+01 +4.539427689e+01 +2.6388e+00 +2.4005e+00 +3.2008e-01 +2.5026e+00 -1.1969e+00 -6.4678e-01 +5.2794e-01 -2.6004e+00 +5.2283e-01 +1.0770e+00
1075 +4.231177043e+00 +4.231177043e+00 +4.501117704e+01 +4.501117704e+01 +2.4343e+00 +2.5611e+00 +4.8653e-01 +2.1460e+00 -1.1239e+00 -8.6352e-01 +2.8602e-01 -2.7336e+00 +9.7104e-01 +1.7541e+00
1830 +3.436812588e+00 +3.436812588e+00 +4.421681259e+01 +4.421681259e+01 +2.4185e+00 +2.1563e+00 -1.3237e-01 +2.5245e+00 -8.8166e-01 -8.7250e-01 +2.1532e-01 -3.0910e+00 +6.2287e-01 +7.3356e-01
2398 +3.255484544e+00 +3.255484544e+00 +4.403548454e+01 +4.403548454e+01 +2.5323e+00 +2.9227e+00 -2.0991e-01 +2.4500e+00 -8.8862e-01 -1.0020e+00 +1.9594e-01 -4.0767e+00 -7.6656e-03 +6.6594e-01
2715 +3.211612335e+00 +3.211612335e+00 +4.399161233e+01 +4.399161233e+01 +2.7052e+00 +2.4404e+00 -5.6275e-01 +2.5252e+00 -5.7761e-01 -1.2989e+00 +1.5004e-01 -3.6442e+00 +8.1766e-01 +3.9032e-01
2750 +2.718740397e+00 +2.718740397e+00 +4.349874040e+01 +4.349874040e+01 +2.6845e+00 +2.6645e+00 -2.3909e-01 +2.4016e+00 -6.3837e-01 -1.0694e+00 +1.0753e-01 -3.9053e+00 +1.3244e-01 +5.0131e-01
2773 +2.642800446e+00 +2.642800446e+00 +4.342280045e+01 +4.342280045e+01 +3.0480e+00 +2.2382e+00 +3.6623e-02 +2.1202e+00 -3.4093e-01 -1.3710e+00 +4.9204e-02 -3.6997e+00 +1.3517e+00 +4.8281e-01
3458 +2.438090162e+00 +2.438090162e+00 +4.321809016e+01 +4.321809016e+01 +2.9430e+00 +2.4600e+00 -5.8569e-02 +2.2082e+00 -5.4635e-01 -1.2359e+00 +1.7964e-01 -3.6167e+00 +8.2087e-01 +3.2494e-01
4214 +2.364202206e+00 +2.364202206e+00 +4.314420221e+01 +4.314420221e+01 +3.1705e+00 +2.3620e+00 -3.6584e-01 +2.1858e+00 -8.8450e-02 -1.3361e+00 -4.7949e-02 -4.0511e+00 +8.8434e-01 +6.0569e-01
4222 +2.322537219e+00 +2.322537219e+00 +4.310253722e+01 +4.310253722e+01 +3.1837e+00 +2.3401e+00 -1.9898e-01 +2.1930e+00 -1.4533e-01 -1.4017e+00 -7.7101e-03 -3.8730e+00 +9.5210e-01 +2.8968e-01
4796 +2.286804734e+00 +2.286804734e+00 +4.306680473e+01 +4.306680473e+01 +3.2593e+00 +2.2080e+00 -8.9460e-02 +2.0413e+00 -3.3208e-01 -1.3721e+00 +7.9469e-02 -3.6454e+00 +1.0323e+00 +7.8212e-01
% function evaluation | noise-free fitness - Fopt (-1.600000000000e+00) | best noise-free fitness - Fopt | measured fitness | best measured fitness | x1 | x2...
1 +7.884153396e+01 +7.884153396e+01 +7.724153396e+01 +7.724153396e+01 +0.0000e+00 +0.0000e+00 +0.0000e+00 +0.0000e+00 +0.0000e+00 +0.0000e+00 +0.0000e+00 +0.0000e+00 +0.0000e+00 +0.0000e+00
2 +7.237874755e+01 +7.237874755e+01 +7.077874755e+01 +7.077874755e+01 -9.9012e-01 -3.9224e-01 -2.7125e-01 -1.0517e+00 +1.3507e+00 -5.6203e-01 +1.4131e+00 -9.2188e-01 +4.3880e-01 -1.8672e+00
17 +6.334574225e+01 +6.334574225e+01 +6.174574225e+01 +6.174574225e+01 -1.5107e+00 -1.9806e+00 +9.7356e-01 -2.1234e+00 -2.9103e+00 -2.8019e-01 -1.2371e+00 -2.6791e+00 -1.9528e+00 -9.3332e-01
25 +6.024953969e+01 +6.024953969e+01 +5.864953969e+01 +5.864953969e+01 -1.8745e+00 -3.5159e+00 +2.3254e+00 -2.3890e+00 -3.5502e+00 -1.2782e+00 +8.5512e-01 -3.4691e+00 -2.2897e+00 -1.4607e+00
40 +5.107604982e+01 +5.107604982e+01 +4.947604982e+01 +4.947604982e+01 -1.5672e+00 -3.4179e+00 +2.2068e+00 -3.8796e+00 -3.4590e+00 -2.2475e+00 -7.9245e-01 -4.6135e+00 -2.5951e+00 -1.5585e+00
42 +4.576403727e+01 +4.576403727e+01 +4.416403727e+01 +4.416403727e+01 -1.8293e+00 -3.7981e+00 +1.7249e+00 -5.0743e+00 -2.6343e+00 -2.2398e+00 -1.3415e+00 -5.4750e+00 -2.9887e+00 -7.4248e-01
139 +4.132882608e+01 +4.132882608e+01 +3.972882608e+01 +3.972882608e+01 +2.0413e+00 +6.5138e-02 +3.2012e-01 -2.2278e+00 +1.7835e+00 +8.2855e-01 -5.9537e-01 -1.9799e+00 +1.5088e+00 +2.4758e+00
146 +4.023000447e+01 +4.023000447e+01 +3.863000447e+01 +3.863000447e+01 +1.2151e+00 -3.2530e-01 +7.4152e-01 -2.2511e+00 +1.0749e+00 +4.9456e-01 -2.3248e+00 -2.9753e+00 +1.7417e+00 +2.0118e+00
156 +3.276827807e+01 +3.276827807e+01 +3.116827807e+01 +3.116827807e+01 +6.8499e-01 +7.8382e-01 +1.5851e+00 -1.9128e+00 +1.9515e+00 +1.3479e-01 -2.3271e+00 -1.0044e+00 +2.6131e+00 +2.0460e+00
158 +3.091917344e+01 +3.091917344e+01 +2.931917344e+01 +2.931917344e+01 +3.6130e+00 +4.1515e-01 +3.1115e-01 -1.2729e+00 +1.6997e+00 +6.6197e-01 -1.0509e+00 -1.1628e+00 +5.1982e-01 +1.6437e-01
271 +2.396060497e+01 +2.396060497e+01 +2.236060497e+01 +2.236060497e+01 +5.4937e+00 -1.9694e+00 +1.0100e-01 +2.7659e+00 -4.8546e-01 +1.4817e-01 -2.2601e+00 -2.6364e+00 +2.6139e+00 -3.0641e+00
276 +1.985901748e+01 +1.985901748e+01 +1.825901748e+01 +1.825901748e+01 +6.1210e+00 -1.4401e+00 -2.4109e-02 +3.0559e+00 -6.7533e-01 -4.5169e-01 -2.6527e+00 -3.3078e+00 +3.9014e+00 -4.0212e+00
365 +1.724210096e+01 +1.724210096e+01 +1.564210096e+01 +1.564210096e+01 +4.9550e+00 -1.3927e+00 +2.2910e+00 +2.7718e+00 -1.3615e-01 +7.4126e-01 -2.6799e+00 -4.2545e+00 +3.8193e+00 -3.3222e+00
395 +1.677961969e+01 +1.677961969e+01 +1.517961969e+01 +1.517961969e+01 +3.8382e+00 -2.5126e+00 +2.1989e+00 +3.8016e+00 +6.8874e-02 +6.5429e-02 -3.2141e+00 -4.5150e+00 +3.6948e+00 -4.5586e+00
429 +1.130013173e+01 +1.130013173e+01 +9.700131732e+00 +9.700131732e+00 +4.5029e+00 -2.7574e+00 +1.1025e+00 +2.7709e+00 -1.5515e+00 -1.2996e-01 -3.2195e+00 -3.9934e+00 +3.0559e+00 -3.7196e+00
566 +9.298570883e+00 +9.298570883e+00 +7.698570883e+00 +7.698570883e+00 +4.8746e+00 -7.1862e-01 +6.7206e-01 +3.7731e+00 -1.0781e+00 +1.1645e+00 -2.6434e+00 -3.4802e+00 +2.3148e+00 -4.5735e+00
900 +8.770202738e+00 +8.770202738e+00 +7.170202738e+00 +7.170202738e+00 +4.3087e+00 -1.2117e+00 +5.1435e-01 +3.6405e+00 -7.8168e-01 +8.7178e-01 -2.6844e+00 -3.0082e+00 +3.0436e+00 -4.0293e+00
1561 +8.283041612e+00 +8.283041612e+00 +6.683041612e+00 +6.683041612e+00 +4.4230e+00 -1.6217e+00 +1.3738e+00 +3.8822e+00 -1.3196e+00 -2.5429e-02 -2.7209e+00 -3.7587e+00 +2.2455e+00 -4.3389e+00
1594 +7.795709410e+00 +7.795709410e+00 +6.195709410e+00 +6.195709410e+00 +4.8853e+00 -1.3561e+00 +1.4849e+00 +3.2377e+00 +1.4800e-01 +7.5494e-01 -2.8783e+00 -3.3005e+00 +2.8932e+00 -4.3436e+00
1936 +7.498669357e+00 +7.498669357e+00 +5.898669357e+00 +5.898669357e+00 +4.7338e+00 -1.7657e+00 +1.2284e+00 +3.3701e+00 -1.4276e+00 +1.4834e-01 -3.1132e+00 -3.5009e+00 +2.7255e+00 -4.7911e+00
1957 +6.999880177e+00 +6.999880177e+00 +5.399880177e+00 +5.399880177e+00 +4.9907e+00 -1.9596e+00 +1.3988e+00 +3.2735e+00 -7.6953e-01 +1.4240e-01 -2.7780e+00 -3.6967e+00 +2.8289e+00 -4.5005e+00
3289 +6.852521488e+00 +6.852521488e+00 +5.252521488e+00 +5.252521488e+00 +4.9066e+00 -1.5021e+00 +1.2595e+00 +3.4293e+00 -7.5370e-01 +6.2067e-01 -3.0217e+00 -3.3271e+00 +3.0438e+00 -4.4155e+00
3638 +6.745221257e+00 +6.745221257e+00 +5.145221257e+00 +5.145221257e+00 +4.9764e+00 -1.5358e+00 +1.0898e+00 +3.4294e+00 -5.3361e-01 +4.7752e-01 -2.8661e+00 -3.3358e+00 +2.8804e+00 -4.4713e+00
% function evaluation | noise-free fitness - Fopt (-3.708400000000e+02) | best noise-free fitness - Fopt | measured fitness | best measured fitness | x1 | x2...
1 +6.478493794e+01 +6.478493794e+01 -3.060550621e+02 -3.060550621e+02 +0.0000e+00 +0.0000e+00 +0.0000e+00 +0.0000e+00 +0.0000e+00 +0.0000e+00 +0.0000e+00 +0.0000e+00 +0.0000e+00 +0.0000e+00
13 +5.948427399e+01 +5.948427399e+01 -3.113557260e+02 -3.113557260e+02 +1.7562e+00 -9.1073e-01 +9.6950e-01 -2.6885e-01 +2.1572e+00 +3.0049e-01 -1.8092e+00 +1.5435e+00 -2.5355e-01 +3.3928e-01
37 +5.611907522e+01 +5.611907522e+01 -3.147209248e+02 -3.147209248e+02 +1.3049e+00 -7.4563e-01 +7.5050e-02 -4.6342e-02 +9.9936e-01 -8.5535e-02 -2.3052e+00 +6.1341e-01 +3.6915e-01 -6.0821e-01
38 +3.667049392e+01 +3.667049392e+01 -3.341695061e+02 -3.341695061e+02 +1.7844e+00 +3.7159e-02 -1.2192e-01 +2.5223e+00 +1.7727e+00 +1.3375e+00 -2.3915e+00 +2.8883e+00 -1.8913e+00 -2.2266e+00
65 +1.958421200e+01 +1.958421200e+01 -3.512557880e+02 -3.512557880e+02 +1.7943e+00 +4.9406e-01 +1.0095e+00 +1.5485e+00 +1.1423e+00 +1.7381e+00 -2.2565e+00 +1.1078e-01 -3.0694e+00 -2.7471e-01
77 +1.175547685e+01 +1.175547685e+01 -3.590845232e+02 -3.590845232e+02 +1.0655e+00 +4.8972e-01 +6.7026e-01 +2.4884e+00 +2.8798e+00 +2.6755e+00 -1.2036e+00 +1.0532e+00 -2.5430e+00 +5.6790e-01
189 +4.781655965e+00 +4.781655965e+00 -3.660583440e+02 -3.660583440e+02 +1.8701e+00 +7.2585e-01 +6.1327e-01 +1.9368e+00 +1.8271e+00 +2.8812e+00 -1.9663e+00 +2.6150e+00 -2.4192e+00 +1.4895e-01
724 +1.954840571e+00 +1.954840571e+00 -3.688851594e+02 -3.688851594e+02 +2.2054e+00 -8.3399e-02 -9.3297e-01 +2.3460e+00 +1.5318e+00 +2.1643e+00 -2.1046e+00 +1.4952e+00 -3.0875e+00 +1.4380e-01
844 +6.446901565e-01 +6.446901565e-01 -3.701953098e+02 -3.701953098e+02 +3.2820e+00 -1.3704e+00 -2.2957e+00 +2.1302e+00 +7.1956e-01 +1.1348e+00 -1.2794e+00 +1.2905e+00 -3.8561e+00 -1.1738e+00
1449 +5.875257658e-01 +5.875257658e-01 -3.702524742e+02 -3.702524742e+02 +2.2327e+00 +4.3410e-01 -9.8554e-01 +2.2047e+00 +1.2456e+00 +1.3873e+00 -1.3501e+00 +1.4186e+00 -2.8147e+00 +2.5796e-01
1455 +2.690454257e-01 +2.690454257e-01 -3.705709546e+02 -3.705709546e+02 +2.9909e+00 +1.1604e-01 -4.7052e-01 +2.0770e+00 +7.7169e-01 +1.4315e+00 -1.9399e+00 +2.0993e+00 -3.0663e+00 -4.8058e-01
1819 +1.644705434e-01 +1.644705434e-01 -3.706755295e+02 -3.706755295e+02 +3.5101e+00 -6.1555e-01 -1.0683e+00 +1.8627e+00 +6.5481e-01 +1.4252e+00 -1.5748e+00 +1.8390e+00 -3.1957e+00 -7.9066e-02
1831 +1.562304611e-01 +1.562304611e-01 -3.706837695e+02 -3.706837695e+02 +3.7080e+00 -3.9958e-01 -1.0477e+00 +1.6103e+00 +4.6885e-01 +9.6157e-01 -1.3689e+00 +1.8030e+00 -3.4617e+00 -3.4740e-01
2462 +4.795567658e-02 +4.795567658e-02 -3.707920443e+02 -3.707920443e+02 +3.1731e+00 -5.2949e-01 -1.6112e+00 +1.6750e+00 +3.1951e-01 +4.8214e-01 -1.2161e+00 +1.5421e+00 -2.7331e+00 -4.2818e-01
2557 +2.868150421e-02 +2.868150421e-02 -3.708113185e+02 -3.708113185e+02 +2.7108e+00 -5.0197e-01 -1.7561e+00 +1.8618e+00 +5.6154e-01 +8.1486e-01 -1.0457e+00 +1.3392e+00 -2.9998e+00 -3.4911e-01
2655 +2.365784088e-02 +2.365784088e-02 -3.708163422e+02 -3.708163422e+02 +3.3416e+00 -3.9718e-01 -1.2475e+00 +1.8749e+00 +3.8963e-01 +4.0771e-01 -1.6735e+00 +1.8341e+00 -3.1977e+00 -4.1506e-01
3026 +2.268188769e-02 +2.268188769e-02 -3.708173181e+02 -3.708173181e+02 +3.2101e+00 -4.5714e-01 -1.0171e+00 +2.1116e+00 +6.6970e-01 +9.1217e-01 -1.6723e+00 +1.6406e+00 -3.4836e+00 -6.1257e-01
3094 +1.927883044e-02 +1.927883044e-02 -3.708207212e+02 -3.708207212e+02 +2.8987e+00 -6.1240e-01 -1.5794e+00 +2.1764e+00 +9.3864e-01 +1.0749e+00 -1.5994e+00 +1.7816e+00 -3.3377e+00 -5.1421e-01
3112 +1.589616170e-02 +1.589616170e-02 -3.708241038e+02 -3.708241038e+02 +3.0534e+00 -5.7317e-01 -1.6109e+00 +2.1908e+00 +5.1930e-01 +5.8320e-01 -1.4451e+00 +1.5704e+00 -3.0449e+00 -5.2004e-01
3115 +1.530400038e-02 +1.530400038e-02 -3.708246960e+02 -3.708246960e+02 +3.0343e+00 -7.8465e-01 -1.3594e+00 +2.0191e+00 +8.4916e-01 +1.1971e+00 -1.5218e+00 +1.7952e+00 -3.3176e+00 -6.2397e-01
3166 +1.399690102e-02 +1.399690102e-02 -3.708260031e+02 -3.708260031e+02 +3.0673e+00 -6.3138e-01 -1.6667e+00 +2.0118e+00 +7.3304e-01 +1.2433e+00 -1.2658e+00 +1.6924e+00 -3.3519e+00 -6.8664e-01
3555 +6.846452514e-03 +6.846452514e-03 -3.708331535e+02 -3.708331535e+02 +3.2348e+00 -8.1387e-01 -1.5865e+00 +1.8537e+00 +5.6688e-01 +8.2734e-01 -1.3606e+00 +1.8429e+00 -3.3642e+00 -6.9547e-01
3646 +4.530563890e-03 +4.530563890e-03 -3.708354694e+02 -3.708354694e+02 +3.2140e+00 -8.5137e-01 -1.4244e+00 +1.9254e+00 +7.1259e-01 +1.0157e+00 -1.0453e+00 +1.8441e+00 -3.2518e+00 -4.1988e-01
3654 +3.805190615e-03 +3.805190615e-03 -3.708361948e+02 -3.708361948e+02 +3.0988e+00 -9.6681e-01 -1.5446e+00 +1.9367e+00 +9.0038e-01 +9.5436e-01 -1.2021e+00 +1.8922e+00 -3.1356e+00 -4.9441e-01
3670 +3.457947120e-03 +3.457947120e-03 -3.708365421e+02 -3.708365421e+02 +3.0556e+00 -8.0512e-01 -1.5447e+00 +1.9752e+00 +8.5001e-01 +9.4944e-01 -1.1315e+00 +1.9329e+00 -3.1443e+00 -3.1487e-01
3931 +1.315006610e-03 +1.315006610e-03 -3.708386850e+02 -3.708386850e+02 +3.1660e+00 -9.8698e-01 -1.5844e+00 +1.9053e+00 +6.1295e-01 +8.8329e-01 -1.0547e+00 +1.8028e+00 -3.0513e+00 -3.7848e-01
3944 +5.910332829e-04 +5.910332829e-04 -3.708394090e+02 -3.708394090e+02 +3.1416e+00 -6.6663e-01 -1.3518e+00 +1.8658e+00 +5.3777e-01 +9.0530e-01 -1.3356e+00 +1.8250e+00 -3.0916e+00 -4.4618e-01
4626 +5.739526388e-04 +5.739526388e-04 -3.708394260e+02 -3.708394260e+02 +3.0412e+00 -7.7345e-01 -1.5041e+00 +1.9450e+00 +6.3414e-01 +7.7978e-01 -1.1868e+00 +1.6895e+00 -2.9946e+00 -3.8600e-01
4636 +2.373548452e-04 +2.373548452e-04 -3.708397626e+02 -3.708397626e+02 +3.0777e+00 -8.0556e-01 -1.6565e+00 +2.0042e+00 +5.9991e-01 +7.6578e-01 -1.1812e+00 +1.6702e+00 -3.0744e+00 -5.1768e-01
4650 +2.902159690e-05 +2.902159690e-05 -3.708399710e+02 -3.708399710e+02 +3.1098e+00 -8.0905e-01 -1.6015e+00 +1.9859e+00 +5.7754e-01 +8.4673e-01 -1.1814e+00 +1.6793e+00 -3.1524e+00 -4.5959e-01
5702 +2.459948570e-05 +2.459948570e-05 -3.708399754e+02 -3.708399754e+02 +3.1247e+00 -7.9774e-01 -1.5683e+00 +1.9169e+00 +6.0557e-01 +9.0431e-01 -1.2038e+00 +1.7520e+00 -3.1085e+00 -4.0714e-01
6173 +2.028625192e-05 +2.028625192e-05 -3.708399797e+02 -3.708399797e+02 +3.0702e+00 -7.9249e-01 -1.6298e+00 +1.9278e+00 +6.1887e-01 +9.0707e-01 -1.1426e+00 +1.7495e+00 -3.1293e+00 -4.2840e-01
6214 +9.317415049e-06 +9.317415049e-06 -3.708399907e+02 -3.708399907e+02 +3.0424e+00 -7.9114e-01 -1.6332e+00 +1.9625e+00 +6.4425e-01 +8.8955e-01 -1.1979e+00 +1.7508e+00 -3.1549e+00 -4.2097e-01
6238 +7.883259912e-06 +7.883259912e-06 -3.708399921e+02 -3.708399921e+02 +3.1203e+00 -8.2790e-01 -1.5912e+00 +1.9424e+00 +6.4217e-01 +8.2383e-01 -1.1909e+00 +1.6984e+00 -3.1358e+00 -4.6165e-01
6402 +5.739142352e-06 +5.739142352e-06 -3.708399943e+02 -3.708399943e+02 +3.0554e+00 -8.1377e-01 -1.6544e+00 +1.9647e+00 +6.1684e-01 +8.5938e-01 -1.1921e+00 +1.7367e+00 -3.1374e+00 -4.6924e-01
6607 +5.392175012e-06 +5.392175012e-06 -3.708399946e+02 -3.708399946e+02 +3.0887e+00 -8.3144e-01 -1.6350e+00 +1.9428e+00 +6.0255e-01 +8.1912e-01 -1.2337e+00 +1.7312e+00 -3.1483e+00 -4.3409e-01
6614 +6.343958034e-07 +6.343958034e-07 -3.708399994e+02 -3.708399994e+02 +3.1123e+00 -8.2866e-01 -1.6089e+00 +1.9265e+00 +5.8116e-01 +8.1227e-01 -1.2266e+00 +1.7264e+00 -3.1421e+00 -4.5933e-01
7643 +6.012338076e-07 +6.012338076e-07 -3.708399994e+02 -3.708399994e+02 +3.1139e+00 -7.9681e-01 -1.5890e+00 +1.9465e+00 +6.2483e-01 +8.2070e-01 -1.2407e+00 +1.7177e+00 -3.1487e+00 -4.6200e-01
7665 +3.659619097e-07 +3.659619097e-07 -3.708399996e+02 -3.708399996e+02 +3.1262e+00 -8.0555e-01 -1.5842e+00 +1.9605e+00 +6.1244e-01 +8.1704e-01 -1.2404e+00 +1.7207e+00 -3.1510e+00 -4.6887e-01
7995 +3.551450618e-07 +3.551450618e-07 -3.708399996e+02 -3.708399996e+02 +3.1154e+00 -7.8107e-01 -1.5580e+00 +1.9269e+00 +6.1009e-01 +8.4651e-01 -1.2576e+00 +1.7321e+00 -3.1471e+00 -4.5633e-01
8184 +2.795248406e-07 +2.795248406e-07 -3.708399997e+02 -3.708399997e+02 +3.1004e+00 -7.9014e-01 -1.5756e+00 +1.9300e+00 +6.1344e-01 +8.4962e-01 -1.2119e+00 +1.7277e+00 -3.1310e+00 -4.5599e-01
8218 +2.322663590e-07 +2.322663590e-07 -3.708399998e+02 -3.708399998e+02 +3.1070e+00 -7.8202e-01 -1.5659e+00 +1.9379e+00 +6.1196e-01 +8.4182e-01 -1.2314e+00 +1.7318e+00 -3.1341e+00 -4.6393e-01
8286 +1.278114610e-07 +1.278114610e-07 -3.708399999e+02 -3.708399999e+02 +3.1241e+00 -8.1683e-01 -1.5930e+00 +1.9285e+00 +5.9910e-01 +8.2105e-01 -1.2287e+00 +1.7127e+00 -3.1479e+00 -4.6157e-01
8372 +8.876980928e-08 +8.876980928e-08 -3.708399999e+02 -3.708399999e+02 +3.1235e+00 -8.1369e-01 -1.5896e+00 +1.9275e+00 +6.0225e-01 +8.3717e-01 -1.2232e+00 +1.7416e+00 -3.1552e+00 -4.6307e-01
8780 +6.680204478e-08 +6.680204478e-08 -3.708399999e+02 -3.708399999e+02 +3.1083e+00 -8.0274e-01 -1.5872e+00 +1.9311e+00 +6.1334e-01 +8.6149e-01 -1.2348e+00 +1.7478e+00 -3.1466e+00 -4.6272e-01
8842 +5.498259270e-08 +5.498259270e-08 -3.708399999e+02 -3.708399999e+02 +3.1192e+00 -7.8917e-01 -1.5691e+00 +1.9284e+00 +6.0246e-01 +8.3663e-01 -1.2372e+00 +1.7403e+00 -3.1341e+00 -4.6268e-01
8858 +5.267628467e-08 +5.267628467e-08 -3.708399999e+02 -3.708399999e+02 +3.1376e+00 -8.0161e-01 -1.5766e+00 +1.9281e+00 +5.9427e-01 +8.2472e-01 -1.2359e+00 +1.7394e+00 -3.1447e+00 -4.5676e-01
8907 +1.468168875e-08 +1.468168875e-08 -3.708400000e+02 -3.708400000e+02 +3.1135e+00 -8.0880e-01 -1.5881e+00 +1.9272e+00 +6.0936e-01 +8.2601e-01 -1.2259e+00 +1.7331e+00 -3.1367e+00 -4.4665e-01
8924 +1.177261311e-08 +1.177261311e-08 -3.708400000e+02 -3.708400000e+02 +3.1173e+00 -8.0983e-01 -1.5974e+00 +1.9339e+00 +6.1108e-01 +8.2865e-01 -1.2277e+00 +1.7368e+00 -3.1428e+00 -4.5919e-01
9662 +1.135117600e-08 +1.135117600e-08 -3.708400000e+02 -3.708400000e+02 +3.1176e+00 -8.1842e-01 -1.5971e+00 +1.9392e+00 +6.0484e-01 +8.1193e-01 -1.2269e+00 +1.7264e+00 -3.1459e+00 -4.5831e-01
9712 +1.247883574e-09 +1.247883574e-09 -3.708400000e+02 -3.708400000e+02 +3.1171e+00 -8.1266e-01 -1.5906e+00 +1.9359e+00 +6.0397e-01 +8.2098e-01 -1.2278e+00 +1.7345e+00 -3.1429e+00 -4.6450e-01
15366 +0.000000000e+00 +0.000000000e+00 -3.708400000e+02 -3.708400000e+02 +3.1147e+00 -8.0870e-01 -1.5905e+00 +1.9329e+00 +6.0536e-01 +8.2912e-01 -1.2285e+00 +1.7340e+00 -3.1418e+00 -4.6037e-01
% function evaluation | noise-free fitness - Fopt (-3.256000000000e+01) | best noise-free fitness - Fopt | measured fitness | best measured fitness | x1 | x2...
1 +7.687366610e+01 +7.687366610e+01 +4.431366610e+01 +4.431366610e+01 +0.0000e+00 +0.0000e+00 +0.0000e+00 +0.0000e+00 +0.0000e+00 +0.0000e+00 +0.0000e+00 +0.0000e+00 +0.0000e+00 +0.0000e+00
2 +7.386785529e+01 +7.386785529e+01 +4.130785529e+01 +4.130785529e+01 +2.7621e+00 -1.0137e+00 -1.8342e+00 -1.5597e+00 -1.8293e+00 +3.7453e+00 +6.2030e-01 -4.0350e-02 -5.1265e+00 +1.0693e+00
10 +6.705805963e+01 +6.705805963e+01 +3.449805963e+01 +3.449805963e+01 +1.1619e+00 -8.2704e-01 -7.9849e-01 -6.7089e-01 -1.3616e+00 -2.1152e-01 +1.8138e+00 -4.3406e-01 -1.9297e+00 +1.1566e+00
15 +6.292343667e+01 +6.292343667e+01 +3.036343667e+01 +3.036343667e+01 +3.7904e+00 -1.6983e+00 -9.4171e-01 -1.3263e-01 -1.1813e+00 +4.0538e-01 +1.4709e+00 +4.8877e-01 -1.9829e+00 +1.3966e+00
30 +4.171304918e+01 +4.171304918e+01 +9.153049175e+00 +9.153049175e+00 +4.2675e+00 -1.8995e+00 -5.5816e-01 +1.2971e+00 -9.0418e-01 +1.3260e+00 +9.3021e-01 +6.1407e-01 -3.9818e+00 +4.2665e-01
33 +1.699013224e+01 +1.699013224e+01 -1.556986776e+01 -1.556986776e+01 +3.2243e+00 -2.0340e+00 -4.4952e-01 +9.3724e-01 +1.6541e-01 +1.0367e+00 +1.0195e+00 +2.3832e+00 -2.1897e+00 -3.8969e-03
52 +9.625348157e+00 +9.625348157e+00 -2.293465184e+01 -2.293465184e+01 +3.1823e+00 -1.7666e+00 -1.1287e+00 +2.7262e+00 +4.0742e-01 +2.6591e+00 +3.7102e-01 +5.2507e+00 -2.7183e+00 +2.3914e-01
71 +8.336546882e+00 +8.336546882e+00 -2.422345312e+01 -2.422345312e+01 +3.6395e+00 -1.3160e+00 -2.6584e-01 +3.1200e+00 +6.9983e-01 +2.8970e+00 +7.2995e-01 +4.0137e+00 -8.2624e-01 -1.2180e-01
368 +7.517943716e+00 +7.517943716e+00 -2.504205628e+01 -2.504205628e+01 +4.3596e+00 -2.7081e+00 +2.7878e-01 +3.6461e+00 +8.2663e-01 +2.4306e+00 +1.8913e+00 +2.3109e+00 -3.6036e+00 +1.0434e+00
381 +5.645407580e+00 +5.645407580e+00 -2.691459242e+01 -2.691459242e+01 +2.3319e+00 -2.0659e+00 +6.8917e-01 +2.7892e+00 +1.0147e+00 +2.6958e+00 +1.0756e+00 +2.8022e+00 -2.2823e+00 +1.4871e+00
442 +3.834252400e+00 +3.834252400e+00 -2.872574760e+01 -2.872574760e+01 +2.8892e+00 -1.9477e+00 -7.3184e-02 +3.3784e+00 +2.0051e-01 +3.8664e+00 +1.4913e+00 +3.2442e+00 -2.2386e+00 +1.0744e+00
499 +3.345155837e+00 +3.345155837e+00 -2.921484416e+01 -2.921484416e+01 +3.3951e+00 -1.7738e+00 +2.5602e-01 +2.0151e+00 +1.5559e+00 +3.1480e+00 +1.5391e+00 +3.0766e+00 -2.9751e+00 +8.9134e-01
659 +2.908275958e+00 +2.908275958e+00 -2.965172404e+01 -2.965172404e+01 +3.8951e+00 -9.0423e-01 +5.1122e-01 +2.6056e+00 +8.6268e-01 +3.0715e+00 +1.3753e+00 +3.0420e+00 -3.5458e+00 +6.2849e-01
671 +2.061365286e+00 +2.061365286e+00 -3.049863471e+01 -3.049863471e+01 +3.7096e+00 -1.0656e+00 +5.2541e-01 +3.0117e+00 +9.5529e-01 +2.8220e+00 +1.2644e+00 +3.8392e+00 -3.2340e+00 +7.1312e-01
903 +1.610575649e+00 +1.610575649e+00 -3.094942435e+01 -3.094942435e+01 +3.3376e+00 -1.2113e+00 +3.9808e-01 +2.7118e+00 +8.0317e-01 +3.0251e+00 +1.3762e+00 +3.7343e+00 -2.3877e+00 +3.6693e-01
1486 +1.416507943e+00 +1.416507943e+00 -3.114349206e+01 -3.114349206e+01 +3.3742e+00 -2.0299e+00 +4.0106e-01 +2.9355e+00 +7.0671e-01 +3.1701e+00 +1.4571e+00 +3.5051e+00 -2.7464e+00 +2.1014e-01
2168 +1.170656807e+00 +1.170656807e+00 -3.138934319e+01 -3.138934319e+01 +3.5537e+00 -1.8602e+00 +1.5381e-01 +3.1070e+00 +7.6775e-01 +3.0301e+00 +1.1681e+00 +3.6830e+00 -2.5976e+00 +5.4072e-01
2402 +1.073222214e+00 +1.073222214e+00 -3.148677779e+01 -3.148677779e+01 +3.2374e+00 -1.3998e+00 +2.9602e-01 +2.9171e+00 +5.7893e-01 +2.7767e+00 +1.4443e+00 +3.2960e+00 -2.7847e+00 +6.7000e-01
2413 +9.491939363e-01 +9.491939363e-01 -3.161080606e+01 -3.161080606e+01 +3.4704e+00 -1.5360e+00 +2.9368e-01 +3.0134e+00 +7.3276e-01 +2.7222e+00 +1.3743e+00 +3.3031e+00 -2.9459e+00 +6.0575e-01
2415 +8.979045845e-01 +8.979045845e-01 -3.166209542e+01 -3.166209542e+01 +3.5771e+00 -1.7007e+00 +3.9958e-01 +2.9508e+00 +7.7995e-01 +2.9056e+00 +1.3084e+00 +3.4886e+00 -2.4877e+00 +4.2231e-01
2492 +8.620899530e-01 +8.620899530e-01 -3.169791005e+01 -3.169791005e+01 +3.1867e+00 -1.5688e+00 +1.1964e-01 +2.9436e+00 +7.9951e-01 +2.8015e+00 +1.3683e+00 +3.5823e+00 -2.5785e+00 +3.4720e-01
2505 +8.233140457e-01 +8.233140457e-01 -3.173668595e+01 -3.173668595e+01 +3.4358e+00 -1.7550e+00 +9.6386e-02 +2.7913e+00 +6.7805e-01 +2.8277e+00 +1.5088e+00 +3.5650e+00 -2.6852e+00 +4.9901e-01
3007 +7.491606789e-01 +7.491606789e-01 -3.181083932e+01 -3.181083932e+01 +3.3640e+00 -1.6315e+00 +2.5149e-01 +2.9052e+00 +7.2333e-01 +2.7953e+00 +1.2191e+00 +3.5501e+00 -2.5405e+00 +5.4770e-01
3621 +7.378568724e-01 +7.378568724e-01 -3.182214313e+01 -3.182214313e+01 +3.3129e+00 -1.8324e+00 +1.4805e-01 +2.9801e+00 +6.5708e-01 +2.6688e+00 +1.2260e+00 +3.4409e+00 -2.5722e+00 +5.3201e-01
3996 +7.152214590e-01 +7.152214590e-01 -3.184477854e+01 -3.184477854e+01 +3.4363e+00 -1.7247e+00 +9.2354e-02 +2.9409e+00 +7.8899e-01 +2.7771e+00 +1.2866e+00 +3.4045e+00 -2.6245e+00 +4.8186e-01
4651 +7.074037293e-01 +7.074037293e-01 -3.185259627e+01 -3.185259627e+01 +3.3840e+00 -1.7903e+00 +1.8145e-01 +2.9610e+00 +8.1517e-01 +2.7520e+00 +1.3487e+00 +3.4579e+00 -2.5954e+00 +5.4830e-01
% function evaluation | noise-free fitness - Fopt (5.154000000000e+02) | best noise-free fitness - Fopt | measured fitness | best measured fitness | x1 | x2...
1 +5.354617306e+01 +5.354617306e+01 +5.689461731e+02 +5.689461731e+02 +0.0000e+00 +0.0000e+00 +0.0000e+00 +0.0000e+00 +0.0000e+00 +0.0000e+00 +0.0000e+00 +0.0000e+00 +0.0000e+00 +0.0000e+00
15 +4.067003199e+01 +4.067003199e+01 +5.560700320e+02 +5.560700320e+02 +1.6493e+00 +1.3469e+00 -2.3833e+00 +1.8382e+00 +2.2852e+00 +1.9813e+00 +5.6244e-01 -1.5050e+00 +1.9753e-01 +1.3221e+00
38 +1.507983455e+01 +1.507983455e+01 +5.304798345e+02 +5.304798345e+02 -6.2255e-01 +1.4851e-01 -2.4003e+00 +1.1994e+00 +1.0011e+00 +2.3560e+00 -3.2043e-01 -9.8627e-01 +1.1738e+00 +1.2419e+00
347 +1.010470960e+01 +1.010470960e+01 +5.255047096e+02 +5.255047096e+02 +5.0212e-01 +2.3144e-02 -2.4519e+00 +1.2033e+00 +9.0854e-01 +2.1756e+00 +7.0085e-01 -2.3286e+00 +5.5902e-01 +6.6488e-01
1009 +9.372153097e+00 +9.372153097e+00 +5.247721531e+02 +5.247721531e+02 +1.2635e+00 +4.6665e-01 -2.8979e+00 +2.3213e+00 +2.8417e+00 +1.2569e+00 -1.3794e+00 -2.9408e+00 +1.1730e+00 +1.5023e+00
1273 +8.653518721e+00 +8.653518721e+00 +5.240535187e+02 +5.240535187e+02 +1.6914e+00 -8.0564e-02 -1.7358e+00 +1.0857e+00 +2.1553e+00 +4.6062e-01 -9.0061e-01 -2.1968e+00 +9.5137e-01 +6.4149e-01
1393 +8.044030830e+00 +8.044030830e+00 +5.234440308e+02 +5.234440308e+02 +3.0952e-01 -1.9140e-01 -2.5312e+00 +1.4478e+00 +1.8583e+00 +1.7825e+00 -8.5449e-01 -2.2231e+00 +4.6190e-01 +5.4464e-01
1572 +7.921044409e+00 +7.921044409e+00 +5.233210444e+02 +5.233210444e+02 +1.3586e+00 +8.7495e-01 -1.8542e+00 +1.8377e+00 +1.7543e+00 +9.8543e-01 -9.8131e-01 -2.5031e+00 +8.5738e-01 +1.4074e+00
1814 +7.565846319e+00 +7.565846319e+00 +5.229658463e+02 +5.229658463e+02 +1.4255e+00 +1.1071e+00 -1.8774e+00 +2.3119e+00 +2.9931e+00 +1.1571e+00 -4.5807e-01 -3.5636e+00 +9.9293e-01 +1.2808e+00
2360 +7.387948950e+00 +7.387948950e+00 +5.227879489e+02 +5.227879489e+02 +3.2964e-01 +3.7891e-01 -2.0297e+00 +2.0946e+00 +1.9583e+00 +2.0825e+00 -7.8186e-01 -1.9924e+00 +7.9861e-01 +1.5591e+00
3369 +7.094538937e+00 +7.094538937e+00 +5.224945389e+02 +5.224945389e+02 +6.6055e-01 +2.0066e-01 -2.4821e+00 +1.6470e+00 +1.8988e+00 +1.8775e+00 -8.7899e-01 -2.4269e+00 +7.7807e-01 +1.2615e+00
3370 +7.051188000e+00 +7.051188000e+00 +5.224511880e+02 +5.224511880e+02 +5.3772e-01 +5.1593e-01 -1.9638e+00 +1.8981e+00 +1.7424e+00 +1.6964e+00 -9.6391e-01 -1.9105e+00 +8.5741e-01 +1.4866e+00
3887 +6.902305837e+00 +6.902305837e+00 +5.223023058e+02 +5.223023058e+02 +7.3676e-01 +1.3002e-01 -2.2553e+00 +1.6972e+00 +1.8395e+00 +1.4701e+00 -8.9541e-01 -2.3769e+00 +8.2184e-01 +8.6088e-01
4738 +6.754491682e+00 +6.754491682e+00 +5.221544917e+02 +5.221544917e+02 +5.1540e-01 +2.4654e-01 -2.3141e+00 +1.8934e+00 +1.8054e+00 +1.8817e+00 -7.1949e-01 -2.4494e+00 +8.1729e-01 +1.1256e+00
% function evaluation | noise-free fitness - Fopt (-1.000000000000e+03) | best noise-free fitness - Fopt | measured fitness | best measured fitness | x1 | x2...
1 +6.526510526e+01 +6.526510526e+01 -9.347348947e+02 -9.347348947e+02 +0.0000e+00 +0.0000e+00 +0.0000e+00 +0.0000e+00 +0.0000e+00 +0.0000e+00 +0.0000e+00 +0.0000e+00 +0.0000e+00 +0.0000e+00
35 +6.402374978e+01 +6.402374978e+01 -9.359762502e+02 -9.359762502e+02 -2.0026e+00 -8.1123e-01 -1.8300e+00 -1.4825e+00 -5.5297e-02 +9.8698e-01 +8.5850e-01 -1.9683e-01 -3.9599e-01 +1.6265e+00
46 +2.022594716e+01 +2.022594716e+01 -9.797740528e+02 -9.797740528e+02 -1.5474e+00 -1.4487e+00 -6.8485e-01 -3.3178e+00 -6.6695e-01 +1.2614e+00 -9.1334e-01 -8.8585e-01 -7.1473e-01 +1.1104e+00
654 +1.973449128e+01 +1.973449128e+01 -9.802655087e+02 -9.802655087e+02 -4.0810e+00 -7.2147e+00 +3.4796e-01 -3.9993e+00 -2.3962e+00 -3.8104e-01 +1.9921e+00 +3.1436e+00 -2.3958e+00 +2.5179e+00
773 +1.231740457e+01 +1.231740457e+01 -9.876825954e+02 -9.876825954e+02 -3.0975e+00 -5.0191e+00 -5.0443e-01 -3.8978e+00 -1.2636e+00 +5.6956e-01 +1.5762e+00 +2.2488e+00 -8.8765e-01 +2.0790e+00
967 +1.144388308e+01 +1.144388308e+01 -9.885561169e+02 -9.885561169e+02 -3.5242e+00 -4.7704e+00 +5.9869e-01 -4.2285e+00 -1.6632e+00 -9.1614e-01 +9.4620e-01 +1.1420e+00 -2.0011e+00 +1.9751e+00
1028 +7.701474527e+00 +7.701474527e+00 -9.922985255e+02 -9.922985255e+02 -2.2285e+00 -4.5851e+00 -1.2754e+00 -3.2741e+00 -2.0509e+00 -4.5944e-01 +7.2409e-01 +8.7177e-01 -1.8609e+00 +1.2302e+00
1034 +4.893740408e+00 +4.893740408e+00 -9.951062596e+02 -9.951062596e+02 -2.6323e+00 -5.4684e+00 -4.8984e-01 -3.1224e+00 -2.3164e+00 -1.5773e+00 +4.5343e-01 +9.5067e-01 -1.7272e+00 +1.5906e+00
1546 +4.747443193e+00 +4.747443193e+00 -9.952525568e+02 -9.952525568e+02 -1.5919e+00 -4.4351e+00 -1.6925e+00 -2.2562e+00 -2.5145e+00 -1.8694e+00 -8.1160e-01 -8.9450e-01 -1.3986e+00 +1.1118e+00
1739 +3.405171424e+00 +3.405171424e+00 -9.965948286e+02 -9.965948286e+02 -2.1494e+00 -4.6165e+00 -1.4866e+00 -3.3377e+00 -1.6024e+00 -1.1966e+00 +1.6844e-01 -6.6024e-01 -1.6411e+00 +1.1834e+00
2148 +2.556919485e+00 +2.556919485e+00 -9.974430805e+02 -9.974430805e+02 -2.5643e+00 -4.5574e+00 -8.4199e-01 -3.9623e+00 -1.5630e+00 -1.8480e+00 +1.3553e-01 -3.0042e-01 -1.8517e+00 +1.2859e+00
2180 +2.264991423e+00 +2.264991423e+00 -9.977350086e+02 -9.977350086e+02 -2.4233e+00 -5.1755e+00 -1.2849e+00 -4.0908e+00 -1.3083e+00 -1.5352e+00 -2.2104e-02 -3.5108e-01 -1.8588e+00 +1.4358e+00
3196 +2.200095501e+00 +2.200095501e+00 -9.977999045e+02 -9.977999045e+02 -1.8341e+00 -3.6874e+00 -1.0064e+00 -4.3233e+00 -9.6719e-01 -1.3996e+00 -7.7128e-01 -1.5433e+00 -1.7122e+00 +8.3802e-01
3208 +2.145489741e+00 +2.145489741e+00 -9.978545103e+02 -9.978545103e+02 -1.8401e+00 -4.2895e+00 -1.1771e+00 -4.7418e+00 -7.7890e-01 -1.0151e+00 -4.7983e-01 -1.0597e+00 -1.6895e+00 +1.0903e+00
3662 +2.127092681e+00 +2.127092681e+00 -9.978729073e+02 -9.978729073e+02 -1.9699e+00 -4.4127e+00 -1.4395e+00 -4.1694e+00 -1.1635e+00 -1.0432e+00 -3.5896e-01 -8.4108e-01 -1.8035e+00 +1.0559e+00
3880 +2.088362674e+00 +2.088362674e+00 -9.979116373e+02 -9.979116373e+02 -2.0785e+00 -4.5121e+00 -1.4702e+00 -3.9523e+00 -1.2950e+00 -1.6771e+00 -4.9047e-01 -1.1881e+00 -1.7967e+00 +1.1553e+00
% function evaluation | noise-free fitness - Fopt (9.190000000000e+01) | best noise-free fitness - Fopt | measured fitness | best measured fitness | x1 | x2...
1 +7.087981957e+01 +7.087981957e+01 +1.627798196e+02 +1.627798196e+02 +0.0000e+00 +0.0000e+00 +0.0000e+00 +0.0000e+00 +0.0000e+00 +0.0000e+00 +0.0000e+00 +0.0000e+00 +0.0000e+00 +0.0000e+00
6 +7.037988292e+01 +7.037988292e+01 +1.622798829e+02 +1.622798829e+02 +1.6757e-01 -1.4189e-02 +1.2579e+00 -9.1348e-02 +1.5113e+00 +1.1325e+00 -6.7358e-02 -2.6758e-01 -1.2112e+00 -2.1632e-01
15 +6.852877836e+01 +6.852877836e+01 +1.604287784e+02 +1.604287784e+02 +8.9484e-02 +1.1464e+00 +1.4361e+00 -6.2522e-01 +2.1411e+00 +9.7025e-01 +7.7133e-02 -1.3449e-01 -7.1563e-01 +6.7979e-01
22 +6.703502966e+01 +6.703502966e+01 +1.589350297e+02 +1.589350297e+02 +6.6134e-01 +2.2012e+00 +2.2073e+00 -1.4723e-01 +3.6805e+00 +1.4505e+00 +2.5197e-01 -7.1603e-01 +6.7373e-03 +1.8355e-01
46 +6.593667669e+01 +6.593667669e+01 +1.578366767e+02 +1.578366767e+02 +1.3664e+00 +4.1673e+00 +2.6513e+00 +9.0645e-01 +4.0659e+00 +7.1176e-01 +1.0111e+00 -7.6857e-01 +7.9820e-01 -2.2274e+00
56 +6.368169687e+01 +6.368169687e+01 +1.555816969e+02 +1.555816969e+02 +2.2571e+00 +4.0792e+00 +3.0139e+00 -3.2784e-01 +2.7492e+00 +1.2937e+00 -1.4290e+00 +1.6776e+00 +1.2906e+00 -1.8999e+00
73 +5.975098303e+01 +5.975098303e+01 +1.516509830e+02 +1.516509830e+02 +1.1619e+00 +2.3707e+00 +2.1762e+00 +2.5627e-01 +5.6214e-01 +8.6669e-01 -5.5280e-01 +3.1707e+00 +1.5639e+00 -2.8016e+00
76 +5.765091376e+01 +5.765091376e+01 +1.495509138e+02 +1.495509138e+02 +1.6519e+00 +1.9515e+00 +2.2295e+00 -5.0167e-01 +2.2840e+00 +1.7983e+00 -1.1119e+00 +2.1619e+00 +2.1937e+00 -2.1411e+00
130 +5.128436976e+01 +5.128436976e+01 +1.431843698e+02 +1.431843698e+02 +3.0182e+00 +1.0015e+00 +1.2845e+00 +3.0654e-01 +1.2708e+00 +1.0175e+00 -1.8222e+00 +5.3601e-02 +1.3143e+00 -3.0586e-02
135 +4.811915486e+01 +4.811915486e+01 +1.400191549e+02 +1.400191549e+02 +3.5884e+00 +1.1422e+00 +9.8539e-01 +1.2686e+00 +2.9604e-01 +9.7985e-01 -2.3741e+00 -3.8906e-01 +7.1517e-01 -8.8626e-01
147 +4.612947647e+01 +4.612947647e+01 +1.380294765e+02 +1.380294765e+02 +3.2052e+00 +1.5692e+00 +1.6216e+00 -8.4264e-02 -8.7985e-02 +6.1111e-01 -3.6290e+00 -1.3806e+00 +5.6924e-01 -2.9659e+00
161 +3.656328572e+01 +3.656328572e+01 +1.284632857e+02 +1.284632857e+02 +3.0475e+00 +1.1873e+00 +1.5510e+00 -9.6392e-01 -5.8388e-01 +1.7308e+00 -2.9625e+00 -7.6169e-01 +1.1362e+00 -2.5146e+00
181 +3.058924960e+01 +3.058924960e+01 +1.224892496e+02 +1.224892496e+02 +3.9623e+00 +2.2913e+00 +2.6880e+00 +2.4294e-02 +4.9316e-01 +1.6952e+00 -1.8216e+00 -1.6010e+00 +2.4198e+00 -1.6621e+00
259 +2.696255714e+01 +2.696255714e+01 +1.188625571e+02 +1.188625571e+02 +2.8861e+00 +1.4486e+00 +3.0250e+00 +1.1257e+00 -2.7712e-01 +7.3256e-01 -1.6188e+00 -5.2668e-01 +1.0740e+00 -9.7364e-01
274 +2.676602107e+01 +2.676602107e+01 +1.186660211e+02 +1.186660211e+02 +2.4286e+00 +1.2636e+00 +2.2273e+00 +5.2400e-01 -3.6770e-02 +1.6409e+00 -2.0489e+00 +4.4061e-01 +1.7027e+00 -1.1581e+00
406 +2.250238274e+01 +2.250238274e+01 +1.144023827e+02 +1.144023827e+02 +2.5075e+00 +1.9519e+00 +3.6455e+00 -3.2532e-01 -3.6008e-01 +8.4399e-01 -2.2053e+00 -5.4027e-01 +6.2916e-01 -3.0263e+00
656 +2.134993961e+01 +2.134993961e+01 +1.132499396e+02 +1.132499396e+02 +2.3519e+00 +2.3763e+00 +3.2049e+00 +1.1308e-01 -5.9265e-01 -1.1660e-01 -1.9390e+00 -6.9281e-01 +1.5510e+00 -2.3907e+00
908 +2.080867910e+01 +2.080867910e+01 +1.127086791e+02 +1.127086791e+02 +2.5500e+00 +2.1094e+00 +3.0699e+00 -1.2727e+00 +3.7521e-01 +8.3891e-01 -1.6283e+00 -1.7113e+00 +7.4904e-01 -3.5497e+00
1179 +1.907612696e+01 +1.907612696e+01 +1.109761270e+02 +1.109761270e+02 +2.6390e+00 +1.5818e+00 +4.0622e+00 -6.9367e-01 -4.5270e-01 +6.9676e-01 -1.8403e+00 -1.8915e+00 +1.5546e+00 -2.9197e+00
1346 +1.854103074e+01 +1.854103074e+01 +1.104410307e+02 +1.104410307e+02 +3.1908e+00 +1.9937e+00 +3.3523e+00 -1.7638e-01 +2.0866e-01 +4.5177e-01 -1.7711e+00 -1.2696e+00 +1.3533e+00 -2.5941e+00
1664 +1.789743582e+01 +1.789743582e+01 +1.097974358e+02 +1.097974358e+02 +2.5937e+00 +2.3898e+00 +3.6840e+00 -3.6762e-01 -2.1389e-01 +5.8985e-01 -1.7649e+00 -1.6802e+00 +1.3380e+00 -2.7892e+00
1909 +1.770677752e+01 +1.770677752e+01 +1.096067775e+02 +1.096067775e+02 +2.7025e+00 +2.3260e+00 +3.3908e+00 -6.8486e-01 -1.2549e-01 +2.1764e-01 -1.8697e+00 -9.8831e-01 +1.1084e+00 -2.7254e+00
3122 +1.737720629e+01 +1.737720629e+01 +1.092772063e+02 +1.092772063e+02 +2.5820e+00 +2.2249e+00 +3.6360e+00 -3.6025e-01 -2.1802e-01 +5.2050e-01 -1.7824e+00 -1.3730e+00 +1.1330e+00 -2.9802e+00
% function evaluation | noise-free fitness - Fopt (-7.597000000000e+01) | best noise-free fitness - Fopt | measured fitness | best measured fitness | x1 | x2...
1 +7.050501021e+01 +7.050501021e+01 -5.464989788e+00 -5.464989788e+00 +0.0000e+00 +0.0000e+00 +0.0000e+00 +0.0000e+00 +0.0000e+00 +0.0000e+00 +0.0000e+00 +0.0000e+00 +0.0000e+00 +0.0000e+00
6 +6.140547673e+01 +6.140547673e+01 -1.456452327e+01 -1.456452327e+01 -1.5726e-01 -1.0424e+00 -1.2908e+00 -8.3181e-01 +1.5079e+00 +9.6903e-01 +3.6393e-01 -9.4945e-01 +4.9274e-01 -5.2027e-02
26 +5.669827428e+01 +5.669827428e+01 -1.927172572e+01 -1.927172572e+01 +1.4786e+00 -6.7921e-01 -1.6051e+00 -1.5718e+00 +1.2131e+00 +3.3565e+00 +2.5636e-01 -2.4991e+00 +9.0415e-01 +9.7661e-01
32 +3.752274477e+01 +3.752274477e+01 -3.844725523e+01 -3.844725523e+01 +2.6013e+00 -3.5706e+00 -9.8353e-01 -2.8248e-01 -1.6795e-01 +2.4271e+00 +1.1844e+00 -1.8068e+00 +9.7424e-01 +2.8879e+00
48 +3.401639437e+01 +3.401639437e+01 -4.195360563e+01 -4.195360563e+01 +2.0857e+00 -2.8790e+00 -7.6671e-02 -5.5857e-01 +1.1093e+00 +1.6604e+00 +1.2683e+00 -2.2839e+00 +4.3992e-01 +2.2642e+00
95 +2.840654316e+01 +2.840654316e+01 -4.756345684e+01 -4.756345684e+01 +1.3132e+00 -2.9456e+00 +1.9497e+00 -1.6063e+00 +2.6198e+00 +3.6640e+00 +2.1026e-01 -2.3071e+00 +2.0256e+00 +1.8620e+00
107 +2.713940383e+01 +2.713940383e+01 -4.883059617e+01 -4.883059617e+01 +1.4892e+00 -2.9367e+00 +2.1463e+00 -5.6861e-01 +2.2454e+00 +3.0028e+00 +7.3924e-01 -2.3567e+00 +5.6917e-01 +1.5226e+00
108 +2.140566548e+01 +2.140566548e+01 -5.456433452e+01 -5.456433452e+01 +1.9838e+00 -3.4572e+00 +1.9944e+00 -9.2461e-01 +3.5529e+00 +2.5725e+00 -6.8055e-01 -1.1627e+00 +1.6224e+00 +2.6545e+00
130 +1.135686982e+01 +1.135686982e+01 -6.461313018e+01 -6.461313018e+01 +1.0067e+00 -3.3821e+00 +2.5006e+00 +9.6315e-01 +2.3487e+00 +3.0805e+00 +9.3558e-03 -1.0568e+00 +1.2814e+00 +2.6876e+00
252 +1.042079465e+01 +1.042079465e+01 -6.554920535e+01 -6.554920535e+01 +2.1878e+00 -3.6620e+00 +1.6008e+00 +1.1679e+00 +1.5030e+00 +2.8786e+00 -6.4563e-01 -1.4353e+00 +2.3702e+00 +1.9600e+00
484 +1.016177352e+01 +1.016177352e+01 -6.580822648e+01 -6.580822648e+01 +1.3604e+00 -4.9589e+00 +2.5526e+00 -2.0350e-01 +1.3379e+00 +2.9108e+00 -9.7572e-01 -1.6939e+00 +2.3166e+00 +2.8514e+00
537 +8.842046040e+00 +8.842046040e+00 -6.712795396e+01 -6.712795396e+01 +1.9627e+00 -3.9882e+00 +1.4339e+00 -1.3461e-02 +3.1171e+00 +3.3138e+00 -4.2446e-01 -1.3329e+00 +2.0896e+00 +3.1197e+00
657 +7.718251787e+00 +7.718251787e+00 -6.825174821e+01 -6.825174821e+01 +2.0747e+00 -4.7533e+00 +2.0274e+00 +2.3873e-01 +1.9557e+00 +2.5796e+00 +6.8718e-01 -1.6290e+00 +1.7767e+00 +2.3331e+00
835 +7.446471124e+00 +7.446471124e+00 -6.852352888e+01 -6.852352888e+01 +1.7720e+00 -4.4604e+00 +2.1679e+00 -1.3447e-01 +1.9411e+00 +2.8862e+00 -5.7454e-01 -1.1457e+00 +2.4365e+00 +3.1922e+00
920 +5.627219924e+00 +5.627219924e+00 -7.034278008e+01 -7.034278008e+01 +1.6069e+00 -4.8933e+00 +1.3819e+00 +7.6010e-02 +1.8221e+00 +3.4186e+00 +6.6625e-01 -1.5955e+00 +1.8808e+00 +2.7842e+00
1345 +4.775701634e+00 +4.775701634e+00 -7.119429837e+01 -7.119429837e+01 +1.1809e+00 -4.5588e+00 +2.0183e+00 +1.8419e-01 +2.0053e+00 +2.5955e+00 +7.1710e-02 -1.2166e+00 +2.0237e+00 +2.5020e+00
1501 +4.109382831e+00 +4.109382831e+00 -7.186061717e+01 -7.186061717e+01 +1.2799e+00 -4.9116e+00 +1.3329e+00 +6.7110e-02 +2.1132e+00 +2.4448e+00 +5.8627e-02 -1.5067e+00 +2.0467e+00 +2.5746e+00
1895 +3.664957930e+00 +3.664957930e+00 -7.230504207e+01 -7.230504207e+01 +1.3492e+00 -4.8881e+00 +1.3808e+00 +2.5726e-01 +2.1493e+00 +2.8999e+00 -1.7226e-01 -1.4274e+00 +1.7517e+00 +2.5979e+00
1969 +3.478017843e+00 +3.478017843e+00 -7.249198216e+01 -7.249198216e+01 +1.1213e+00 -4.6754e+00 +1.5350e+00 +1.3486e-01 +2.1144e+00 +2.8938e+00 +9.9550e-02 -1.3617e+00 +1.8320e+00 +2.5844e+00
2753 +3.452033622e+00 +3.452033622e+00 -7.251796638e+01 -7.251796638e+01 +1.2522e+00 -4.8103e+00 +1.4221e+00 +2.7313e-01 +2.2863e+00 +2.7090e+00 -7.1375e-02 -1.3942e+00 +2.0213e+00 +2.9142e+00
3085 +3.366779001e+00 +3.366779001e+00 -7.260322100e+01 -7.260322100e+01 +1.2977e+00 -4.6363e+00 +1.4449e+00 +2.8773e-01 +2.0754e+00 +2.8837e+00 +3.5207e-02 -1.2931e+00 +1.9174e+00 +2.6335e+00
3228 +3.216004878e+00 +3.216004878e+00 -7.275399512e+01 -7.275399512e+01 +1.1910e+00 -4.8216e+00 +1.4477e+00 +1.6673e-01 +2.0280e+00 +2.9918e+00 +5.9612e-02 -1.2463e+00 +1.9066e+00 +2.7696e+00
% function evaluation | noise-free fitness - Fopt (-1.699000000000e+01) | best noise-free fitness - Fopt | measured fitness | best measured fitness | x1 | x2...
1 +6.498620685e+01 +6.498620685e+01 +4.799620685e+01 +4.799620685e+01 +0.0000e+00 +0.0000e+00 +0.0000e+00 +0.0000e+00 +0.0000e+00 +0.0000e+00 +0.0000e+00 +0.0000e+00 +0.0000e+00 +0.0000e+00
9 +5.473770724e+01 +5.473770724e+01 +3.774770724e+01 +3.774770724e+01 -1.5918e+00 +1.3061e+00 +2.6017e+00 +1.2542e-01 -1.7242e+00 -4.6492e-02 +7.6557e-01 +2.3339e+00 +1.1396e+00 +3.3140e-01
16 +3.772108697e+01 +3.772108697e+01 +2.073108697e+01 +2.073108697e+01 -1.8311e+00 +2.3728e+00 +3.7266e+00 -1.6264e-01 -1.1220e-01 -2.0969e+00 +1.5254e+00 +3.4745e+00 +2.7048e+00 +9.5644e-01
106 +3.097884756e+01 +3.097884756e+01 +1.398884756e+01 +1.398884756e+01 -3.8049e+00 +3.1365e+00 +8.9466e-01 -2.2646e-01 -4.7457e-01 +1.1071e+00 +3.9137e-01 +1.5634e+00 +2.7496e+00 -2.8519e+00
116 +2.681868591e+01 +2.681868591e+01 +9.828685906e+00 +9.828685906e+00 -4.6220e+00 +2.3282e+00 -3.7725e-01 +2.9470e-02 +1.1304e-01 +1.6214e+00 -3.6883e-01 +1.7148e+00 +2.5740e+00 -2.4270e+00
130 +2.627640924e+01 +2.627640924e+01 +9.286409242e+00 +9.286409242e+00 -4.2229e+00 +1.6386e+00 -7.7703e-01 -3.1449e-01 +1.0915e-01 +5.6078e-01 -8.0147e-01 +2.0186e+00 +3.9587e+00 -3.0884e+00
250 +2.378901941e+01 +2.378901941e+01 +6.799019413e+00 +6.799019413e+00 -5.1488e+00 +2.6749e+00 +5.1060e-01 +3.3894e-01 -1.7471e+00 -6.6885e-01 +8.3832e-02 +9.0746e-01 +4.1836e+00 -1.0071e+00
258 +2.066573137e+01 +2.066573137e+01 +3.675731371e+00 +3.675731371e+00 -4.9510e+00 +2.6135e+00 +5.8265e-02 +3.7676e-01 -1.8925e+00 -2.7129e-01 -3.2826e-01 +7.4041e-01 +4.7941e+00 -1.1849e+00
303 +1.421652317e+01 +1.421652317e+01 -2.773476833e+00 -2.773476833e+00 -4.2716e+00 +3.3122e+00 -7.5954e-01 +5.4194e-01 -4.8100e-01 +1.8588e+00 -2.0605e-01 +1.3345e+00 +4.1367e+00 -1.8162e+00
577 +1.121362667e+01 +1.121362667e+01 -5.776373331e+00 -5.776373331e+00 -4.9543e+00 +2.6871e+00 -9.0867e-01 +7.2741e-01 -7.8648e-01 +9.6459e-01 -5.2593e-01 +1.3474e+00 +4.8776e+00 -1.7416e+00
1182 +1.021604742e+01 +1.021604742e+01 -6.773952581e+00 -6.773952581e+00 -4.1999e+00 +2.6457e+00 -2.3164e-01 +8.5479e-01 +5.9968e-03 +5.2314e-01 -1.0106e-01 +1.3719e+00 +4.5196e+00 -2.4554e+00
1404 +9.981121870e+00 +9.981121870e+00 -7.008878130e+00 -7.008878130e+00 -5.0828e+00 +3.6653e+00 -2.1962e-01 +1.2492e+00 -5.8202e-01 +6.6080e-01 -2.4331e-01 +1.1442e+00 +4.8391e+00 -1.4262e+00
1681 +9.224410101e+00 +9.224410101e+00 -7.765589899e+00 -7.765589899e+00 -4.2758e+00 +3.4834e+00 -3.0103e-01 +6.1942e-01 -3.7221e-01 +6.6189e-01 -1.6240e-01 +9.8461e-01 +4.4881e+00 -2.0050e+00
1797 +9.093341749e+00 +9.093341749e+00 -7.896658251e+00 -7.896658251e+00 -4.2159e+00 +3.2839e+00 -3.4144e-01 +8.6122e-01 +1.3312e-01 +5.7063e-01 -1.1263e-01 +1.3572e+00 +4.3766e+00 -1.4052e+00
2128 +8.897975256e+00 +8.897975256e+00 -8.092024744e+00 -8.092024744e+00 -4.5199e+00 +3.2309e+00 -6.7520e-01 +7.0513e-01 -3.6144e-01 +2.2258e-01 -1.0601e-01 +1.0188e+00 +4.4534e+00 -1.6891e+00
2605 +8.707254159e+00 +8.707254159e+00 -8.282745841e+00 -8.282745841e+00 -4.7220e+00 +3.2612e+00 -2.0761e-01 +1.2671e+00 -2.4058e-01 +5.9228e-01 -3.1068e-01 +1.2679e+00 +4.7325e+00 -1.8674e+00
2988 +8.480272945e+00 +8.480272945e+00 -8.509727055e+00 -8.509727055e+00 -4.4822e+00 +3.1571e+00 -5.0869e-01 +9.2005e-01 -2.1746e-01 +6.2206e-01 -1.9341e-01 +1.2078e+00 +4.6995e+00 -1.7525e+00
% function evaluation | noise-free fitness - Fopt (2.740000000000e+00) | best noise-free fitness - Fopt | measured fitness | best measured fitness | x1 | x2...
1 +7.237810087e+01 +7.237810087e+01 +7.511810087e+01 +7.511810087e+01 +0.0000e+00 +0.0000e+00 +0.0000e+00 +0.0000e+00 +0.0000e+00 +0.0000e+00 +0.0000e+00 +0.0000e+00 +0.0000e+00 +0.0000e+00
16 +6.817863106e+01 +6.817863106e+01 +7.091863106e+01 +7.091863106e+01 -1.2337e+00 -2.2252e+00 +1.9865e+00 -1.0203e-01 +2.3469e+00 -1.8475e-01 +1.9756e-01 -9.5335e-01 +3.6995e-01 -4.4461e-01
33 +6.557181771e+01 +6.557181771e+01 +6.831181771e+01 +6.831181771e+01 -7.9872e-02 +1.4512e-01 -1.1966e+00 +2.8823e-01 +3.0337e+00 +8.9686e-02 -2.6399e+00 +8.5341e-01 +1.3255e+00 -2.1689e+00
49 +5.202321593e+01 +5.202321593e+01 +5.476321593e+01 +5.476321593e+01 -1.0558e+00 -1.4680e+00 -1.1276e+00 +3.6981e-01 +2.6893e+00 +9.3775e-01 -2.2348e+00 +9.8085e-01 +1.2838e+00 -1.2318e+00
52 +3.287096575e+01 +3.287096575e+01 +3.561096575e+01 +3.561096575e+01 -1.6549e+00 -2.2397e+00 -2.9642e-01 +3.3371e-01 +3.6080e+00 +2.5441e-01 -2.6806e+00 -1.7586e-01 +1.8617e+00 -2.6082e+00
61 +2.960223143e+01 +2.960223143e+01 +3.234223143e+01 +3.234223143e+01 -2.4528e+00 -2.8821e+00 +2.7899e-01 +3.6583e-01 +3.3173e+00 +7.7504e-01 -3.3568e+00 +7.6250e-01 +1.9395e+00 -3.0068e+00
69 +2.896008408e+01 +2.896008408e+01 +3.170008408e+01 +3.170008408e+01 -2.0534e+00 -3.2767e+00 +6.5209e-01 -4.6364e-02 +4.0215e+00 -3.7618e-01 -2.5583e+00 +8.5855e-01 +2.8624e+00 -3.3534e+00
74 +2.384403524e+01 +2.384403524e+01 +2.658403524e+01 +2.658403524e+01 -1.5403e+00 -3.1448e+00 -9.0202e-03 -2.1926e-01 +3.2459e+00 -1.1433e-01 -2.9639e+00 +1.0999e+00 +1.8756e+00 -8.4591e-01
84 +1.242555356e+01 +1.242555356e+01 +1.516555356e+01 +1.516555356e+01 -1.6940e+00 -3.9548e+00 -7.2113e-01 +1.3304e+00 +2.9632e+00 -3.0528e-01 -3.6836e+00 +1.1419e+00 +2.9988e+00 -1.7028e+00
393 +1.059786224e+01 +1.059786224e+01 +1.333786224e+01 +1.333786224e+01 -1.5682e+00 -3.0976e+00 +2.1262e-01 +1.6517e+00 +2.3487e+00 -3.6059e-01 -1.7846e+00 +1.2085e+00 +3.4204e+00 -1.7157e+00
426 +1.001574123e+01 +1.001574123e+01 +1.275574123e+01 +1.275574123e+01 -1.4822e+00 -1.7607e+00 +9.3069e-01 +2.1878e+00 +3.0944e+00 +2.2095e-01 -1.7189e+00 -5.8864e-01 +3.7534e+00 -2.9663e+00
468 +9.611040376e+00 +9.611040376e+00 +1.235104038e+01 +1.235104038e+01 -7.3795e-01 -1.6788e+00 +1.3696e+00 +2.6759e+00 +2.5365e+00 -1.5999e-02 -1.7230e+00 -5.2663e-01 +3.7262e+00 -3.4678e+00
831 +9.319332357e+00 +9.319332357e+00 +1.205933236e+01 +1.205933236e+01 -1.7585e+00 -4.6016e+00 -3.0258e-01 +3.4839e+00 +1.9120e+00 -9.4880e-01 -3.4169e+00 +1.6285e+00 +4.6812e+00 -2.4556e+00
926 +6.993025532e+00 +6.993025532e+00 +9.733025532e+00 +9.733025532e+00 -1.9457e+00 -3.9738e+00 +1.5846e-01 +3.5181e+00 +2.2054e+00 -5.6054e-01 -3.1699e+00 +1.3429e+00 +3.7128e+00 -2.3908e+00
1383 +6.820320102e+00 +6.820320102e+00 +9.560320102e+00 +9.560320102e+00 -2.4985e+00 -4.0357e+00 +1.2734e+00 +3.0501e+00 +1.5556e+00 -3.8208e-01 -3.3356e+00 +2.0336e-01 +3.5229e+00 -2.9063e+00
1618 +6.502531440e+00 +6.502531440e+00 +9.242531440e+00 +9.242531440e+00 -2.1053e+00 -4.0452e+00 +7.0206e-01 +2.4807e+00 +2.4632e+00 -1.4727e-01 -3.1579e+00 -1.0333e-01 +3.4878e+00 -2.7356e+00
1737 +6.236694167e+00 +6.236694167e+00 +8.976694167e+00 +8.976694167e+00 -1.1360e+00 -3.1057e+00 +2.7969e-01 +2.9658e+00 +2.1932e+00 -7.6593e-01 -2.6416e+00 +4.1042e-01 +4.0047e+00 -2.7192e+00
1846 +5.580142027e+00 +5.580142027e+00 +8.320142027e+00 +8.320142027e+00 -2.0994e+00 -3.4205e+00 +9.4418e-01 +2.9449e+00 +2.3215e+00 -4.3548e-01 -2.9155e+00 +3.4506e-01 +3.2750e+00 -3.0574e+00
1891 +5.212935702e+00 +5.212935702e+00 +7.952935702e+00 +7.952935702e+00 -1.4559e+00 -3.1119e+00 +2.9595e-01 +2.7679e+00 +2.2112e+00 -1.8735e-01 -2.7718e+00 +8.1390e-01 +3.6763e+00 -2.6031e+00
2028 +4.925338178e+00 +4.925338178e+00 +7.665338178e+00 +7.665338178e+00 -1.6964e+00 -3.2738e+00 +3.7286e-01 +3.6332e+00 +2.0597e+00 -2.5940e-01 -2.9667e+00 +2.1305e-01 +4.2988e+00 -3.1096e+00
2401 +4.799085379e+00 +4.799085379e+00 +7.539085379e+00 +7.539085379e+00 -1.5389e+00 -3.1278e+00 +7.5710e-01 +2.8581e+00 +2.8213e+00 +9.7969e-02 -2.4177e+00 +3.1239e-01 +4.1380e+00 -3.0828e+00
2537 +4.694136778e+00 +4.694136778e+00 +7.434136778e+00 +7.434136778e+00 -1.5927e+00 -3.1077e+00 +5.2143e-01 +2.8095e+00 +2.8305e+00 -2.9293e-02 -2.6473e+00 +4.4330e-02 +4.4273e+00 -3.2004e+00
2597 +4.642579951e+00 +4.642579951e+00 +7.382579951e+00 +7.382579951e+00 -1.7431e+00 -3.2636e+00 +6.6162e-01 +2.8797e+00 +3.1200e+00 -4.1670e-01 -2.5545e+00 +6.9731e-01 +4.4210e+00 -2.9619e+00
2638 +4.471552379e+00 +4.471552379e+00 +7.211552379e+00 +7.211552379e+00 -1.6779e+00 -3.2619e+00 +6.2506e-01 +2.6718e+00 +2.9160e+00 -5.4136e-02 -2.5904e+00 +2.4886e-01 +4.0792e+00 -2.9705e+00
3119 +4.415945556e+00 +4.415945556e+00 +7.155945556e+00 +7.155945556e+00 -1.7748e+00 -3.2118e+00 +6.9494e-01 +3.1688e+00 +2.0377e+00 -3.6308e-01 -2.4172e+00 +2.3299e-01 +4.0916e+00 -2.9809e+00
3130 +4.361782819e+00 +4.361782819e+00 +7.101782819e+00 +7.101782819e+00 -1.7174e+00 -3.2755e+00 +6.6524e-01 +3.0466e+00 +2.0993e+00 -3.2586e-01 -2.4403e+00 +2.7743e-02 +3.9982e+00 -3.0279e+00
3151 +4.158638864e+00 +4.158638864e+00 +6.898638864e+00 +6.898638864e+00 -1.8264e+00 -3.3471e+00 +6.0041e-01 +3.1842e+00 +2.0344e+00 -1.2825e-01 -2.7449e+00 -2.0562e-02 +3.9876e+00 -3.0451e+00
3229 +3.980778096e+00 +3.980778096e+00 +6.720778096e+00 +6.720778096e+00 -1.8109e+00 -3.2382e+00 +7.3694e-01 +3.2743e+00 +2.2876e+00 -1.7883e-01 -2.6712e+00 +2.2026e-01 +4.0525e+00 -3.1105e+00
3944 +3.867955408e+00 +3.867955408e+00 +6.607955408e+00 +6.607955408e+00 -1.8451e+00 -3.5156e+00 +6.0160e-01 +3.0336e+00 +2.2362e+00 -4.1349e-01 -2.7856e+00 +5.9324e-01 +3.8177e+00 -2.7077e+00
4082 +3.741567718e+00 +3.741567718e+00 +6.481567718e+00 +6.481567718e+00 -1.8851e+00 -3.4509e+00 +6.2715e-01 +3.0817e+00 +2.3009e+00 -2.8342e-01 -2.8198e+00 +4.5247e-01 +4.0516e+00 -3.0287e+00
5146 +3.705019260e+00 +3.705019260e+00 +6.445019260e+00 +6.445019260e+00 -1.9063e+00 -3.5014e+00 +7.4204e-01 +3.0891e+00 +2.3782e+00 -2.8506e-01 -2.8120e+00 +2.9431e-01 +4.0010e+00 -3.1110e+00
% function evaluation | noise-free fitness - Fopt (-3.564000000000e+01) | best noise-free fitness - Fopt | measured fitness | best measured fitness | x1 | x2...
1 +7.244300880e+01 +7.244300880e+01 +3.680300880e+01 +3.680300880e+01 +0.0000e+00 +0.0000e+00 +0.0000e+00 +0.0000e+00 +0.0000e+00 +0.0000e+00 +0.0000e+00 +0.0000e+00 +0.0000e+00 +0.0000e+00
2 +6.975232565e+01 +6.975232565e+01 +3.411232565e+01 +3.411232565e+01 +1.5977e+00 -1.3728e+00 -2.0087e+00 +2.4797e+00 -1.2384e+00 -9.7203e-01 -5.9388e-02 +1.9328e+00 +2.7216e+00 -2.0947e+00
16 +5.795336119e+01 +5.795336119e+01 +2.231336119e+01 +2.231336119e+01 +5.3333e-01 +1.2058e+00 -2.7287e+00 +2.1160e+00 +9.0226e-01 -3.3388e+00 +1.6411e+00 +1.5021e+00 +3.5379e+00 -6.5249e-01
25 +3.562555056e+01 +3.562555056e+01 -1.444944073e-02 -1.444944073e-02 +7.4308e-01 +3.5058e-01 -2.2426e+00 +1.4771e+00 +1.3811e+00 -2.8461e+00 +1.3026e+00 +1.4956e+00 +3.0328e+00 -3.2807e+00
40 +1.648314531e+01 +1.648314531e+01 -1.915685469e+01 -1.915685469e+01 +6.0480e-01 -2.1346e+00 -2.0146e+00 +2.2711e+00 +1.1430e+00 -3.3260e+00 +4.7071e-01 +2.2510e+00 +2.8382e+00 -4.1841e+00
51 +9.237464148e+00 +9.237464148e+00 -2.640253585e+01 -2.640253585e+01 +1.2421e+00 -7.6220e-02 -2.5346e-01 +3.5749e+00 +1.1153e+00 -3.0493e+00 +1.2184e+00 +3.3314e+00 +2.7759e+00 -2.9904e+00
97 +7.935347791e+00 +7.935347791e+00 -2.770465221e+01 -2.770465221e+01 +1.0979e+00 -7.6612e-01 -2.2169e-01 +3.3105e+00 +1.8698e+00 -4.8703e+00 +1.6423e+00 +1.8570e+00 +2.3943e+00 -3.4884e+00
335 +1.974221685e+00 +1.974221685e+00 -3.366577832e+01 -3.366577832e+01 +1.3032e+00 -1.0506e+00 -9.0583e-01 +3.9336e+00 +1.3177e+00 -3.6666e+00 +1.3316e+00 +3.1356e+00 +1.0484e+00 -2.8416e+00
400 +1.949779853e+00 +1.949779853e+00 -3.369022015e+01 -3.369022015e+01 -6.6474e-01 -1.1477e+00 -9.9398e-01 +3.8737e+00 +9.2039e-01 -3.1297e+00 +2.3787e+00 +1.1493e+00 +7.0121e-01 -1.5009e+00
625 +1.506294057e+00 +1.506294057e+00 -3.413370594e+01 -3.413370594e+01 -7.6740e-01 -2.7345e+00 -1.7913e+00 +3.9386e+00 +1.0523e+00 -4.2564e+00 +2.5306e+00 +1.1044e+00 -8.6345e-02 -3.1416e+00
773 +7.032532950e-01 +7.032532950e-01 -3.493674670e+01 -3.493674670e+01 -5.6311e-01 -3.5583e+00 -5.7193e-01 +4.2833e+00 +6.4035e-01 -3.2665e+00 +2.8863e+00 +2.4043e+00 +3.1714e-01 -2.2878e+00
777 +6.284280076e-01 +6.284280076e-01 -3.501157199e+01 -3.501157199e+01 -8.0383e-01 -4.0546e+00 -2.7389e+00 +3.9008e+00 +8.2252e-01 -3.1540e+00 +2.4829e+00 +1.6362e+00 +3.1253e-01 -2.4160e+00
1087 +4.918691935e-01 +4.918691935e-01 -3.514813081e+01 -3.514813081e+01 -6.5456e-01 -3.0922e+00 -1.6926e+00 +4.0016e+00 +1.3222e+00 -3.0043e+00 +2.4510e+00 +1.7848e+00 +9.9831e-01 -2.7951e+00
1180 +4.758008234e-01 +4.758008234e-01 -3.516419918e+01 -3.516419918e+01 -7.7999e-01 -3.0247e+00 -1.4173e+00 +3.6913e+00 +1.7917e+00 -3.6425e+00 +2.4371e+00 +1.7565e+00 +3.7053e-01 -2.5396e+00
1576 +2.745606238e-01 +2.745606238e-01 -3.536543938e+01 -3.536543938e+01 -3.0752e-01 -2.5978e+00 -1.3142e+00 +4.0007e+00 +1.6312e+00 -3.8709e+00 +1.5336e+00 +2.1185e+00 +2.8454e-01 -2.8798e+00
1631 +1.315903494e-01 +1.315903494e-01 -3.550840965e+01 -3.550840965e+01 -2.4011e-01 -2.3117e+00 -1.4508e+00 +3.2340e+00 +1.6519e+00 -3.8108e+00 +1.1299e+00 +2.0032e+00 +9.0369e-01 -3.3971e+00
1787 +6.118432850e-02 +6.118432850e-02 -3.557881567e+01 -3.557881567e+01 -3.1889e-01 -2.2525e+00 -1.7447e+00 +3.9829e+00 +9.4618e-01 -3.6980e+00 +1.8814e+00 +1.9732e+00 +4.9102e-01 -2.5639e+00
1801 +1.905621492e-02 +1.905621492e-02 -3.562094379e+01 -3.562094379e+01 -6.7931e-01 -2.6006e+00 -1.3802e+00 +3.8410e+00 +1.0820e+00 -3.5331e+00 +2.2174e+00 +2.0240e+00 +6.9519e-01 -2.5469e+00
2596 +1.448669544e-02 +1.448669544e-02 -3.562551330e+01 -3.562551330e+01 -1.6834e-01 -2.2261e+00 -1.3493e+00 +3.8408e+00 +1.1329e+00 -3.4199e+00 +1.6931e+00 +2.0247e+00 +4.6629e-01 -2.7493e+00
2914 +1.277309711e-02 +1.277309711e-02 -3.562722690e+01 -3.562722690e+01 -4.1875e-01 -2.5937e+00 -1.5272e+00 +3.9284e+00 +1.0984e+00 -3.4826e+00 +2.1447e+00 +2.1734e+00 +5.3604e-01 -2.7315e+00
3044 +7.613866047e-03 +7.613866047e-03 -3.563238613e+01 -3.563238613e+01 -3.2156e-01 -2.4438e+00 -1.6588e+00 +3.5755e+00 +1.1400e+00 -3.2700e+00 +1.9931e+00 +2.0081e+00 +4.2536e-01 -2.6684e+00
3068 +4.552743049e-03 +4.552743049e-03 -3.563544726e+01 -3.563544726e+01 -1.5793e-01 -2.3528e+00 -1.2913e+00 +3.9105e+00 +1.1008e+00 -3.6159e+00 +2.1365e+00 +1.9262e+00 +4.5478e-01 -2.8285e+00
3104 +4.184513547e-03 +4.184513547e-03 -3.563581549e+01 -3.563581549e+01 -1.6221e-01 -2.6271e+00 -1.4562e+00 +3.6539e+00 +1.4495e+00 -3.7722e+00 +1.7295e+00 +1.9794e+00 +4.7932e-01 -3.0778e+00
3531 +2.586356309e-03 +2.586356309e-03 -3.563741364e+01 -3.563741364e+01 -2.0004e-01 -2.4410e+00 -1.3216e+00 +3.7647e+00 +1.1375e+00 -3.5731e+00 +2.0256e+00 +1.9766e+00 +5.8149e-01 -3.0398e+00
3834 +1.412315529e-03 +1.412315529e-03 -3.563858768e+01 -3.563858768e+01 -3.3025e-01 -2.2793e+00 -1.3483e+00 +3.8067e+00 +1.2177e+00 -3.7309e+00 +1.8893e+00 +2.0254e+00 +5.4449e-01 -2.8545e+00
3928 +1.084407339e-03 +1.084407339e-03 -3.563891559e+01 -3.563891559e+01 -2.5811e-01 -2.4080e+00 -1.3259e+00 +3.7584e+00 +1.2522e+00 -3.5477e+00 +1.8373e+00 +1.9630e+00 +5.9962e-01 -2.8073e+00
3939 +9.126128276e-04 +9.126128276e-04 -3.563908739e+01 -3.563908739e+01 -1.1874e-01 -2.4347e+00 -1.4423e+00 +3.7082e+00 +1.2086e+00 -3.5656e+00 +1.9609e+00 +2.0295e+00 +6.2941e-01 -2.9319e+00
3958 +8.345279954e-04 +8.345279954e-04 -3.563916547e+01 -3.563916547e+01 -1.6071e-01 -2.4460e+00 -1.2011e+00 +3.8527e+00 +1.1512e+00 -3.6380e+00 +1.9694e+00 +2.1290e+00 +6.5355e-01 -2.8513e+00
4239 +8.064934358e-04 +8.064934358e-04 -3.563919351e+01 -3.563919351e+01 -2.2043e-01 -2.4202e+00 -1.4320e+00 +3.7977e+00 +1.1502e+00 -3.5400e+00 +1.8262e+00 +2.0628e+00 +5.0988e-01 -2.9629e+00
4482 +2.347894094e-04 +2.347894094e-04 -3.563976521e+01 -3.563976521e+01 -3.1454e-01 -2.4333e+00 -1.4640e+00 +3.6867e+00 +1.2871e+00 -3.5591e+00 +1.8564e+00 +1.9504e+00 +6.1853e-01 -2.8328e+00
4951 +2.180525169e-04 +2.180525169e-04 -3.563978195e+01 -3.563978195e+01 -3.3028e-01 -2.4667e+00 -1.4124e+00 +3.7476e+00 +1.1935e+00 -3.5124e+00 +1.9605e+00 +2.0749e+00 +5.7227e-01 -2.7523e+00
4964 +1.714862338e-04 +1.714862338e-04 -3.563982851e+01 -3.563982851e+01 -3.3899e-01 -2.5389e+00 -1.5852e+00 +3.7144e+00 +1.1613e+00 -3.5166e+00 +1.9702e+00 +2.0544e+00 +5.7433e-01 -2.9426e+00
4976 +1.269221455e-04 +1.269221455e-04 -3.563987308e+01 -3.563987308e+01 -2.9448e-01 -2.4474e+00 -1.4626e+00 +3.7476e+00 +1.1512e+00 -3.5084e+00 +1.9820e+00 +2.0502e+00 +5.0611e-01 -2.9126e+00
5038 +1.185852158e-04 +1.185852158e-04 -3.563988141e+01 -3.563988141e+01 -4.0606e-01 -2.5572e+00 -1.4761e+00 +3.7746e+00 +1.1514e+00 -3.5230e+00 +2.1030e+00 +1.9982e+00 +5.7695e-01 -2.8422e+00
5151 +9.908986991e-05 +9.908986991e-05 -3.563990091e+01 -3.563990091e+01 -3.9661e-01 -2.6369e+00 -1.4792e+00 +3.7047e+00 +1.1823e+00 -3.4929e+00 +2.0596e+00 +2.0224e+00 +5.4333e-01 -2.7552e+00
5305 +9.602591174e-05 +9.602591174e-05 -3.563990397e+01 -3.563990397e+01 -3.9126e-01 -2.4771e+00 -1.5284e+00 +3.7117e+00 +1.1649e+00 -3.5490e+00 +2.0649e+00 +1.9711e+00 +5.9954e-01 -2.8344e+00
5329 +6.071936486e-05 +6.071936486e-05 -3.563993928e+01 -3.563993928e+01 -3.4287e-01 -2.5096e+00 -1.5449e+00 +3.7516e+00 +1.1619e+00 -3.5607e+00 +1.9990e+00 +1.9564e+00 +4.9647e-01 -2.8363e+00
5347 +2.420649754e-05 +2.420649754e-05 -3.563997579e+01 -3.563997579e+01 -3.8999e-01 -2.5903e+00 -1.5077e+00 +3.7341e+00 +1.2194e+00 -3.5942e+00 +1.9960e+00 +1.9287e+00 +5.3344e-01 -2.8502e+00
5614 +1.683800383e-05 +1.683800383e-05 -3.563998316e+01 -3.563998316e+01 -3.5222e-01 -2.4973e+00 -1.4830e+00 +3.6921e+00 +1.2189e+00 -3.5381e+00 +1.9996e+00 +1.9656e+00 +6.3958e-01 -2.8426e+00
5895 +1.081692857e-05 +1.081692857e-05 -3.563998918e+01 -3.563998918e+01 -3.2067e-01 -2.5501e+00 -1.4449e+00 +3.7410e+00 +1.2350e+00 -3.5898e+00 +1.9772e+00 +1.9877e+00 +5.6200e-01 -2.8516e+00
6488 +8.109899845e-06 +8.109899845e-06 -3.563999189e+01 -3.563999189e+01 -3.1483e-01 -2.4972e+00 -1.5139e+00 +3.6814e+00 +1.2028e+00 -3.5619e+00 +1.9738e+00 +2.0063e+00 +5.5422e-01 -2.8679e+00
6597 +6.989475843e-06 +6.989475843e-06 -3.563999301e+01 -3.563999301e+01 -2.6411e-01 -2.4967e+00 -1.4842e+00 +3.7191e+00 +1.2299e+00 -3.5627e+00 +1.9182e+00 +2.0053e+00 +5.7014e-01 -2.9093e+00
6755 +4.454127058e-06 +4.454127058e-06 -3.563999555e+01 -3.563999555e+01 -3.6341e-01 -2.5378e+00 -1.5563e+00 +3.6660e+00 +1.2170e+00 -3.5349e+00 +1.9738e+00 +1.9691e+00 +5.5802e-01 -2.8670e+00
6788 +1.101720734e-06 +1.101720734e-06 -3.563999890e+01 -3.563999890e+01 -3.4272e-01 -2.5480e+00 -1.5252e+00 +3.6841e+00 +1.1948e+00 -3.5073e+00 +1.9687e+00 +1.9888e+00 +5.7984e-01 -2.8498e+00
7321 +6.452499335e-07 +6.452499335e-07 -3.563999935e+01 -3.563999935e+01 -3.3158e-01 -2.5463e+00 -1.5079e+00 +3.7016e+00 +1.2011e+00 -3.5396e+00 +1.9378e+00 +2.0160e+00 +5.5470e-01 -2.8780e+00
7805 +5.279514284e-07 +5.279514284e-07 -3.563999947e+01 -3.563999947e+01 -3.4104e-01 -2.5731e+00 -1.4941e+00 +3.7127e+00 +1.1863e+00 -3.5359e+00 +1.9878e+00 +1.9892e+00 +5.8266e-01 -2.8464e+00
7840 +4.283720045e-07 +4.283720045e-07 -3.563999957e+01 -3.563999957e+01 -3.1665e-01 -2.5568e+00 -1.4828e+00 +3.7144e+00 +1.2061e+00 -3.5487e+00 +1.9544e+00 +2.0184e+00 +5.8080e-01 -2.8865e+00
7861 +3.416569285e-07 +3.416569285e-07 -3.563999966e+01 -3.563999966e+01 -3.4216e-01 -2.5799e+00 -1.5316e+00 +3.7146e+00 +1.2011e+00 -3.5340e+00 +1.9745e+00 +1.9976e+00 +5.5717e-01 -2.8879e+00
8035 +2.912120536e-07 +2.912120536e-07 -3.563999971e+01 -3.563999971e+01 -3.3241e-01 -2.5163e+00 -1.4901e+00 +3.7051e+00 +1.1917e+00 -3.5483e+00 +1.9684e+00 +2.0003e+00 +5.5359e-01 -2.8534e+00
8038 +7.713419592e-08 +7.713419592e-08 -3.563999992e+01 -3.563999992e+01 -3.3908e-01 -2.5437e+00 -1.4999e+00 +3.7034e+00 +1.1920e+00 -3.5408e+00 +1.9831e+00 +2.0059e+00 +5.5556e-01 -2.8607e+00
8059 +4.664158837e-08 +4.664158837e-08 -3.563999995e+01 -3.563999995e+01 -3.4603e-01 -2.5598e+00 -1.5189e+00 +3.7057e+00 +1.1916e+00 -3.5294e+00 +1.9839e+00 +1.9942e+00 +5.6266e-01 -2.8615e+00
8130 +3.425110151e-08 +3.425110151e-08 -3.563999997e+01 -3.563999997e+01 -3.3885e-01 -2.5598e+00 -1.4905e+00 +3.7188e+00 +1.1993e+00 -3.5435e+00 +1.9954e+00 +1.9972e+00 +5.5872e-01 -2.8760e+00
8444 +2.057715420e-08 +2.057715420e-08 -3.563999998e+01 -3.563999998e+01 -3.3474e-01 -2.5430e+00 -1.4955e+00 +3.6997e+00 +1.2016e+00 -3.5484e+00 +1.9654e+00 +1.9993e+00 +5.6599e-01 -2.8656e+00
8713 +3.917605795e-09 +3.917605795e-09 -3.564000000e+01 -3.564000000e+01 -3.4426e-01 -2.5566e+00 -1.4928e+00 +3.7066e+00 +1.2047e+00 -3.5468e+00 +1.9902e+00 +1.9866e+00 +5.6586e-01 -2.8632e+00
16662 +0.000000000e+00 +0.000000000e+00 -3.564000000e+01 -3.564000000e+01 -3.3668e-01 -2.5524e+00 -1.4952e+00 +3.7101e+00 +1.2024e+00 -3.5466e+00 +1.9813e+00 +1.9938e+00 +5.6683e-01 -2.8710e+00
% function evaluation | noise-free fitness - Fopt (-4.590900000000e+02) | best noise-free fitness - Fopt | measured fitness | best measured fitness | x1 | x2...
1 +7.475049614e+01 +7.475049614e+01 -3.843395039e+02 -3.843395039e+02 +0.0000e+00 +0.0000e+00 +0.0000e+00 +0.0000e+00 +0.0000e+00 +0.0000e+00 +0.0000e+00 +0.0000e+00 +0.0000e+00 +0.0000e+00
2 +6.981847634e+01 +6.981847634e+01 -3.892715237e+02 -3.892715237e+02 -6.6439e-01 +1.2167e+00 +3.0809e+00 -1.3094e+00 -2.4549e+00 -1.3347e+00 +1.3422e+00 +2.1212e+00 -1.0505e+00 -1.2449e-01
6 +6.723480385e+01 +6.723480385e+01 -3.918551961e+02 -3.918551961e+02 +3.1890e-01 +2.6003e-01 +2.5359e+00 -6.9025e-01 -2.6253e-01 -2.4033e+00 +1.5639e+00 -2.1104e-01 -1.7857e+00 -1.6000e+00
43 +4.720024926e+01 +4.720024926e+01 -4.118897507e+02 -4.118897507e+02 +2.7380e+00 -3.6413e+00 +6.2927e+00 -1.7202e+00 -4.8628e+00 -4.0988e+00 +2.7986e+00 +4.8537e-01 -3.8614e+00 -5.5336e+00
46 +4.552637947e+01 +4.552637947e+01 -4.135636205e+02 -4.135636205e+02 +2.7305e+00 -2.9012e+00 +3.3609e+00 +2.1803e+00 -4.4973e+00 -3.1320e+00 +2.6878e+00 +1.5247e+00 -9.3681e-01 -3.6031e+00
61 +3.355638854e+01 +3.355638854e+01 -4.255336115e+02 -4.255336115e+02 +3.3410e+00 -3.5816e+00 +5.1823e+00 +2.0241e+00 -3.8597e+00 -3.9741e+00 +2.6583e+00 +3.3177e+00 -3.6208e-01 -4.2220e+00
72 +2.915223947e+01 +2.915223947e+01 -4.299377605e+02 -4.299377605e+02 +3.5881e+00 -3.9392e+00 +5.2226e+00 +1.9702e+00 -3.5108e+00 -2.8426e+00 +3.6287e+00 +4.0064e+00 -2.2438e+00 -2.1360e+00
111 +1.937762110e+01 +1.937762110e+01 -4.397123789e+02 -4.397123789e+02 +2.2804e+00 -4.3293e-01 +4.8785e+00 +5.2276e+00 +1.0854e+00 -1.0193e+00 +2.4593e+00 +3.6718e+00 +2.2370e-01 -2.8049e+00
210 +1.333371652e+01 +1.333371652e+01 -4.457562835e+02 -4.457562835e+02 +2.9437e+00 -3.4991e-01 +2.7262e+00 +4.3096e+00 +5.5511e-01 -2.9536e+00 +4.3746e+00 +2.3084e+00 +2.9573e-02 -4.0200e+00
293 +7.222411155e+00 +7.222411155e+00 -4.518675888e+02 -4.518675888e+02 +1.5477e+00 +6.5058e-02 +4.3282e+00 +5.7202e+00 +6.9906e-01 -2.4560e+00 +4.3800e+00 +3.9890e+00 -2.8135e-01 -3.6126e+00
505 +5.872281942e+00 +5.872281942e+00 -4.532177181e+02 -4.532177181e+02 +2.0445e+00 -6.2222e-01 +4.0467e+00 +4.1032e+00 +1.4112e+00 -2.9210e+00 +3.7409e+00 +3.8581e+00 +1.8639e+00 -3.2349e+00
613 +4.827289691e+00 +4.827289691e+00 -4.542627103e+02 -4.542627103e+02 +1.6004e+00 -6.6109e-01 +3.9479e+00 +4.6515e+00 +1.4542e+00 -2.2185e+00 +3.5459e+00 +4.2590e+00 +7.6219e-01 -3.9075e+00
1143 +3.508120332e+00 +3.508120332e+00 -4.555818797e+02 -4.555818797e+02 +2.0887e+00 -7.9181e-01 +3.8447e+00 +4.7744e+00 +5.7022e-01 -2.4332e+00 +4.0223e+00 +2.9556e+00 +6.8419e-01 -2.9562e+00
1438 +3.264843020e+00 +3.264843020e+00 -4.558251570e+02 -4.558251570e+02 +2.0053e+00 -4.7575e-01 +3.9092e+00 +5.2389e+00 +6.2169e-01 -3.1446e+00 +3.6280e+00 +3.7044e+00 +8.7732e-01 -3.7659e+00
1443 +3.078551747e+00 +3.078551747e+00 -4.560114483e+02 -4.560114483e+02 +2.3421e+00 -8.4916e-01 +3.9771e+00 +5.0623e+00 +4.0585e-01 -2.8611e+00 +3.8880e+00 +3.5094e+00 +4.0850e-01 -3.5161e+00
1869 +2.854715278e+00 +2.854715278e+00 -4.562352847e+02 -4.562352847e+02 +2.1769e+00 -4.5248e-01 +4.2730e+00 +4.9882e+00 +5.0929e-01 -2.4516e+00 +4.1531e+00 +3.2227e+00 +8.4528e-01 -3.3524e+00
1902 +2.664378236e+00 +2.664378236e+00 -4.564256218e+02 -4.564256218e+02 +2.2482e+00 -5.0198e-01 +3.6832e+00 +4.7783e+00 +6.9885e-01 -2.7840e+00 +3.3903e+00 +3.8941e+00 +1.3518e+00 -3.5987e+00
1971 +2.513157654e+00 +2.513157654e+00 -4.565768423e+02 -4.565768423e+02 +2.5771e+00 -5.9915e-01 +4.0174e+00 +4.9628e+00 +9.7219e-01 -2.4580e+00 +3.6955e+00 +3.4970e+00 +1.0498e+00 -2.9544e+00
2058 +2.301003805e+00 +2.301003805e+00 -4.567889962e+02 -4.567889962e+02 +2.2663e+00 -5.8240e-01 +3.8209e+00 +4.7865e+00 +7.5016e-01 -2.7457e+00 +4.0256e+00 +3.3342e+00 +8.8840e-01 -3.4091e+00
2417 +2.260977451e+00 +2.260977451e+00 -4.568290225e+02 -4.568290225e+02 +2.3579e+00 -5.9200e-01 +3.9619e+00 +5.0543e+00 +8.2961e-01 -2.6183e+00 +3.5923e+00 +3.7084e+00 +1.1280e+00 -3.2257e+00
2692 +2.162842156e+00 +2.162842156e+00 -4.569271578e+02 -4.569271578e+02 +2.2648e+00 -6.4000e-01 +3.8092e+00 +5.0060e+00 +9.4866e-01 -2.5587e+00 +3.8014e+00 +3.8313e+00 +8.4711e-01 -3.5296e+00
3794 +2.137142750e+00 +2.137142750e+00 -4.569528572e+02 -4.569528572e+02 +2.1268e+00 -5.8920e-01 +3.9285e+00 +4.9228e+00 +9.5758e-01 -2.6363e+00 +3.8604e+00 +3.7750e+00 +8.6349e-01 -3.2921e+00
% function evaluation | noise-free fitness - Fopt (6.085000000000e+01) | best noise-free fitness - Fopt | measured fitness | best measured fitness | x1 | x2...
1 +6.831060096e+01 +6.831060096e+01 +1.291606010e+02 +1.291606010e+02 +0.0000e+00 +0.0000e+00 +0.0000e+00 +0.0000e+00 +0.0000e+00 +0.0000e+00 +0.0000e+00 +0.0000e+00 +0.0000e+00 +0.0000e+00
6 +6.451545238e+01 +6.451545238e+01 +1.253654524e+02 +1.253654524e+02 -1.5413e-01 -2.5265e-01 +9.2325e-02 +9.8593e-01 +1.0147e-01 -7.9231e-01 +3.2562e-01 +1.0110e-01 -1.2919e+00 +7.3362e-02
10 +6.128142051e+01 +6.128142051e+01 +1.221314205e+02 +1.221314205e+02 +5.6350e-01 +4.7085e-01 -3.7991e-01 -1.3932e-02 +1.0201e+00 -1.8325e-01 -7.5519e-01 +1.3585e+00 -6.5323e-04 -7.2267e-01
17 +5.739518061e+01 +5.739518061e+01 +1.182451806e+02 +1.182451806e+02 -7.1454e-01 +1.7580e+00 -1.0273e+00 +1.8945e+00 +8.6346e-01 +1.0964e+00 -9.7457e-01 +1.4723e+00 +4.6696e-01 +7.4871e-01
20 +4.368112687e+01 +4.368112687e+01 +1.045311269e+02 +1.045311269e+02 +1.8865e+00 +1.0159e+00 -1.2977e+00 +1.3841e-01 -2.2229e-01 +5.0319e-01 -1.7063e+00 +6.7387e-01 +6.8182e-01 -1.1042e+00
22 +4.283301531e+01 +4.283301531e+01 +1.036830153e+02 +1.036830153e+02 +9.4215e-01 +1.3649e+00 -5.1240e-01 +2.4983e+00 +1.8443e+00 +2.1578e+00 -1.0076e+00 +1.6910e+00 -7.6525e-02 +7.1783e-01
27 +4.203013375e+01 +4.203013375e+01 +1.028801338e+02 +1.028801338e+02 +2.5265e+00 +1.4838e+00 -2.3600e+00 +1.3432e+00 +1.6492e-01 +1.5700e+00 -7.0549e-01 +2.4255e+00 -4.3664e-01 +1.5780e-01
41 +3.574578497e+01 +3.574578497e+01 +9.659578497e+01 +9.659578497e+01 +4.2858e+00 +6.6907e-01 -2.6136e+00 +2.6819e+00 -5.7629e-01 +2.2915e+00 -1.9508e+00 +9.9674e-01 -4.9877e-01 -3.3873e-01
54 +2.709802587e+01 +2.709802587e+01 +8.794802587e+01 +8.794802587e+01 +1.7243e+00 +1.3487e+00 -1.8634e+00 +1.3038e+00 -1.4682e+00 +2.4944e+00 -8.3895e-01 +3.5529e-01 +9.1918e-01 -7.1084e-01
67 +2.482808055e+01 +2.482808055e+01 +8.567808055e+01 +8.567808055e+01 +1.7543e+00 +4.4701e-01 -3.5533e+00 +2.0249e+00 +5.1900e-01 +8.4295e-01 -5.3703e-01 +7.3106e-01 -3.3277e-01 -6.1050e-01
96 +2.305498960e+01 +2.305498960e+01 +8.390498960e+01 +8.390498960e+01 +1.4644e+00 +1.9521e-01 -2.2801e+00 +2.4875e+00 +1.2996e+00 +1.9950e+00 -1.9671e+00 +1.6101e+00 -7.9544e-02 -2.4863e+00
192 +1.907474440e+01 +1.907474440e+01 +7.992474440e+01 +7.992474440e+01 +2.8780e+00 +1.3705e+00 -2.6469e+00 +2.1092e+00 +3.0427e+00 +2.2489e+00 -2.0363e-01 +1.8700e-01 -1.2081e+00 -1.9829e+00
194 +1.471712655e+01 +1.471712655e+01 +7.556712655e+01 +7.556712655e+01 +2.9010e+00 +1.2878e+00 -2.6526e+00 +2.6372e+00 +1.6935e+00 +2.8336e+00 -7.3238e-01 +6.2525e-01 +1.8525e-01 -2.4041e+00
209 +1.371048872e+01 +1.371048872e+01 +7.456048872e+01 +7.456048872e+01 +1.9161e+00 +9.0589e-01 -1.9580e+00 +2.7152e+00 +2.2235e+00 +3.7157e+00 +4.0027e-01 -1.1578e+00 +1.4030e+00 -9.1095e-01
275 +1.212019698e+01 +1.212019698e+01 +7.297019698e+01 +7.297019698e+01 +1.6035e+00 +1.5617e+00 -3.6173e+00 +1.4716e+00 +5.0736e-01 +2.6051e+00 -1.6564e-01 -4.9967e-01 +1.5271e+00 -1.8904e+00
375 +1.179998081e+01 +1.179998081e+01 +7.264998081e+01 +7.264998081e+01 +2.4485e+00 +9.5972e-01 -2.9825e+00 +1.4710e+00 +8.7202e-01 +2.9282e+00 +4.8714e-01 -3.3554e-01 -1.0682e+00 -7.4530e-01
393 +7.408221313e+00 +7.408221313e+00 +6.825822131e+01 +6.825822131e+01 +1.8553e+00 +6.6296e-01 -2.3853e+00 +2.4924e+00 +1.1866e+00 +2.9367e+00 -5.6412e-01 +6.7649e-02 +3.9618e-01 -8.5268e-01
434 +7.031550350e+00 +7.031550350e+00 +6.788155035e+01 +6.788155035e+01 +2.9174e+00 +6.6386e-01 -2.8904e+00 +1.4901e+00 +1.2525e+00 +3.3926e+00 -1.4591e+00 -6.1346e-01 +1.1684e+00 -2.1645e+00
487 +6.773814151e+00 +6.773814151e+00 +6.762381415e+01 +6.762381415e+01 +1.2855e+00 +4.4412e-01 -2.2754e+00 +1.4964e+00 +1.9808e+00 +2.7177e+00 +5.4184e-02 -5.7533e-01 +9.7096e-01 -1.9527e+00
725 +5.616154893e+00 +5.616154893e+00 +6.646615489e+01 +6.646615489e+01 +2.3329e+00 +7.0128e-01 -2.6307e+00 +1.2273e+00 +2.2473e+00 +2.7626e+00 -8.4766e-01 -6.9488e-02 +6.5988e-01 -1.8799e+00
977 +5.332632776e+00 +5.332632776e+00 +6.618263278e+01 +6.618263278e+01 +2.3836e+00 +4.7120e-01 -2.3290e+00 +1.6163e+00 +1.7160e+00 +3.6130e+00 -1.3133e-01 -7.4628e-01 -3.3779e-01 -1.5926e+00
981 +4.999335984e+00 +4.999335984e+00 +6.584933598e+01 +6.584933598e+01 +2.7006e+00 +1.0521e+00 -2.7502e+00 +1.1228e+00 +1.2280e+00 +3.1402e+00 -3.8856e-02 -5.4437e-01 +1.4758e-01 -1.6486e+00
1177 +3.323524497e+00 +3.323524497e+00 +6.417352450e+01 +6.417352450e+01 +2.2771e+00 +7.4296e-01 -2.6270e+00 +1.7641e+00 +1.7547e+00 +3.0784e+00 -5.1056e-01 -9.7750e-01 +5.7062e-01 -1.6043e+00
1479 +3.280811720e+00 +3.280811720e+00 +6.413081172e+01 +6.413081172e+01 +2.4711e+00 +4.9857e-01 -2.4553e+00 +1.2286e+00 +1.3963e+00 +3.2838e+00 -6.2575e-01 -5.6985e-01 +9.8772e-01 -1.6451e+00
1538 +3.092367602e+00 +3.092367602e+00 +6.394236760e+01 +6.394236760e+01 +2.3253e+00 +2.4749e-01 -2.6141e+00 +1.7089e+00 +1.6080e+00 +2.7416e+00 -7.3026e-01 -7.8138e-01 +3.3229e-01 -1.9223e+00
2179 +3.036658768e+00 +3.036658768e+00 +6.388665877e+01 +6.388665877e+01 +2.8282e+00 +1.7126e-01 -2.4948e+00 +1.4795e+00 +1.6905e+00 +3.0253e+00 -4.8687e-01 -7.4680e-01 +6.9703e-01 -1.5763e+00
2628 +2.968117973e+00 +2.968117973e+00 +6.381811797e+01 +6.381811797e+01 +2.1059e+00 +6.2450e-01 -2.4205e+00 +1.8499e+00 +1.4575e+00 +2.9345e+00 -4.8293e-01 -6.4343e-01 +2.6991e-01 -1.6286e+00
2668 +2.873771574e+00 +2.873771574e+00 +6.372377157e+01 +6.372377157e+01 +2.1797e+00 +3.5770e-01 -2.6701e+00 +1.5008e+00 +1.5231e+00 +2.8353e+00 -7.9556e-01 -7.3608e-01 +1.1438e-01 -1.7484e+00
2717 +2.738802314e+00 +2.738802314e+00 +6.358880231e+01 +6.358880231e+01 +2.3562e+00 +4.8045e-01 -2.3753e+00 +1.5081e+00 +1.3849e+00 +3.2163e+00 -8.1070e-01 -5.1859e-01 +5.7341e-01 -1.5834e+00
3052 +2.682749039e+00 +2.682749039e+00 +6.353274904e+01 +6.353274904e+01 +2.4016e+00 +4.5129e-01 -2.3923e+00 +1.6117e+00 +1.3727e+00 +3.2389e+00 -7.6047e-01 -6.0888e-01 +2.6874e-01 -1.6997e+00
3234 +2.607742581e+00 +2.607742581e+00 +6.345774258e+01 +6.345774258e+01 +2.3525e+00 +6.0303e-01 -2.5461e+00 +1.5176e+00 +1.4239e+00 +2.9406e+00 -7.2409e-01 -7.0413e-01 +4.0685e-01 -1.6220e+00
3454 +2.564094196e+00 +2.564094196e+00 +6.341409420e+01 +6.341409420e+01 +2.3260e+00 +4.4046e-01 -2.6429e+00 +1.5129e+00 +1.5721e+00 +2.9962e+00 -3.8280e-01 -7.3700e-01 +4.6352e-01 -1.7217e+00
4255 +2.501186543e+00 +2.501186543e+00 +6.335118654e+01 +6.335118654e+01 +2.4157e+00 +5.1014e-01 -2.5767e+00 +1.4517e+00 +1.5061e+00 +3.0868e+00 -5.3504e-01 -7.7166e-01 +4.3975e-01 -1.6368e+00
% function evaluation | noise-free fitness - Fopt (-1.435000000000e+02) | best noise-free fitness - Fopt | measured fitness | best measured fitness | x1 | x2...
1 +7.394223207e+01 +7.394223207e+01 -6.955776793e+01 -6.955776793e+01 +0.0000e+00 +0.0000e+00 +0.0000e+00 +0.0000e+00 +0.0000e+00 +0.0000e+00 +0.0000e+00 +0.0000e+00 +0.0000e+00 +0.0000e+00
2 +6.584148738e+01 +6.584148738e+01 -7.765851262e+01 -7.765851262e+01 +1.2358e+00 +5.8403e-01 -2.4607e+00 +1.3988e-01 -3.5453e-01 -1.1459e+00 -1.6772e+00 -2.8104e-02 -1.1589e+00 +4.5536e-01
5 +6.101501954e+01 +6.101501954e+01 -8.248498046e+01 -8.248498046e+01 +3.1686e+00 +2.8522e-03 +2.4340e+00 +1.6827e+00 -2.6122e+00 -4.8965e-01 +1.6222e+00 +1.6159e+00 +2.0327e-01 -1.2124e+00
14 +5.206905509e+01 +5.206905509e+01 -9.143094491e+01 -9.143094491e+01 +2.2751e+00 +5.8942e-01 +3.2808e+00 +2.6071e+00 -2.3894e+00 -1.1309e-01 +9.2758e-01 +3.5818e+00 +5.7585e-02 -2.0027e+00
46 +5.104451568e+01 +5.104451568e+01 -9.245548432e+01 -9.245548432e+01 +6.8506e-01 +2.5110e+00 +1.6658e+00 +1.4606e+00 -1.2846e+00 -2.0683e+00 +4.3496e+00 +1.2794e+00 +1.7647e+00 -2.5091e+00
56 +4.305079596e+01 +4.305079596e+01 -1.004492040e+02 -1.004492040e+02 -8.9764e-02 +2.3782e+00 +9.7069e-01 +1.6667e+00 -1.4097e+00 -2.6839e+00 +1.7268e+00 +1.3780e+00 +1.1954e+00 -1.6178e+00
68 +3.782555209e+01 +3.782555209e+01 -1.056744479e+02 -1.056744479e+02 -1.6803e+00 +1.6504e+00 -6.4490e-01 +2.8668e-01 -7.1520e-01 -1.3608e+00 +1.5299e+00 +1.2519e+00 +1.6704e+00 -1.9866e+00
72 +3.638640827e+01 +3.638640827e+01 -1.071135917e+02 -1.071135917e+02 -1.6319e+00 +1.2468e+00 -1.0274e+00 +1.3334e+00 -8.9331e-01 -1.0629e+00 +2.4344e+00 +8.2302e-01 +1.1377e+00 -2.8260e+00
131 +1.898073370e+01 +1.898073370e+01 -1.245192663e+02 -1.245192663e+02 -4.2401e+00 +1.6359e+00 -1.3157e+00 -2.9760e-01 +1.1220e-01 -1.1791e+00 +2.4676e+00 +3.1454e-01 +2.0887e+00 -2.3833e+00
173 +1.539985857e+01 +1.539985857e+01 -1.281001414e+02 -1.281001414e+02 -5.5943e+00 +2.4999e+00 -1.8718e+00 +1.6104e+00 +3.8064e-03 -1.6214e+00 +2.9479e+00 +4.2828e-01 +5.1315e-01 -3.0792e+00
231 +1.474579903e+01 +1.474579903e+01 -1.287542010e+02 -1.287542010e+02 -5.0688e+00 +3.1100e+00 -1.2492e+00 +1.7045e+00 -9.9756e-01 -2.0081e+00 +2.5030e+00 +1.6448e+00 +1.4448e+00 -2.2427e+00
266 +1.150692794e+01 +1.150692794e+01 -1.319930721e+02 -1.319930721e+02 -5.2516e+00 +3.2137e+00 -1.2323e+00 +9.9906e-01 +3.5763e-01 -1.9547e+00 +3.5561e+00 -1.3060e-01 +1.3121e+00 -1.8994e+00
380 +1.082189259e+01 +1.082189259e+01 -1.326781074e+02 -1.326781074e+02 -5.0343e+00 +3.8132e+00 -2.1977e+00 +8.8289e-01 +7.6416e-01 -2.1403e+00 +2.1342e+00 +3.7887e-01 +1.2391e+00 -3.2573e+00
389 +9.768418440e+00 +9.768418440e+00 -1.337315816e+02 -1.337315816e+02 -5.1702e+00 +4.4762e+00 -1.6274e+00 +6.8398e-01 +3.1213e-01 -2.8769e+00 +1.2996e+00 +1.0104e+00 +1.2225e+00 -2.3610e+00
390 +8.051793343e+00 +8.051793343e+00 -1.354482067e+02 -1.354482067e+02 -5.1567e+00 +2.3914e+00 -1.4396e+00 +1.1267e+00 -2.5245e-02 -2.1561e+00 +1.6223e+00 +2.3403e-01 +1.5154e+00 -2.9657e+00
1341 +7.623532365e+00 +7.623532365e+00 -1.358764676e+02 -1.358764676e+02 -5.0946e+00 +3.5255e+00 -1.5327e+00 +1.5670e+00 -2.9200e-01 -2.0499e+00 +1.7484e+00 +6.3347e-01 +1.1793e+00 -2.3705e+00
1573 +7.493437841e+00 +7.493437841e+00 -1.360065622e+02 -1.360065622e+02 -5.0703e+00 +2.4086e+00 -1.9787e+00 +9.6753e-01 -6.4947e-01 -2.3378e+00 +1.8152e+00 +6.0454e-01 +1.8379e+00 -2.8273e+00
1864 +7.259493472e+00 +7.259493472e+00 -1.362405065e+02 -1.362405065e+02 -5.0401e+00 +2.9041e+00 -1.6846e+00 +1.3722e+00 +3.0164e-01 -2.4582e+00 +1.9249e+00 +1.0327e+00 +1.5683e+00 -2.5220e+00
1885 +6.979753039e+00 +6.979753039e+00 -1.365202470e+02 -1.365202470e+02 -5.1720e+00 +3.2878e+00 -2.1155e+00 +1.2464e+00 +2.7312e-01 -2.5829e+00 +1.9997e+00 +9.2581e-01 +1.2655e+00 -2.8037e+00
2080 +6.912153778e+00 +6.912153778e+00 -1.365878462e+02 -1.365878462e+02 -4.6860e+00 +3.0795e+00 -1.9118e+00 +1.0984e+00 -1.6727e-01 -2.5386e+00 +1.6858e+00 +6.1254e-01 +1.4717e+00 -2.4818e+00
2360 +6.616378755e+00 +6.616378755e+00 -1.368836212e+02 -1.368836212e+02 -5.0544e+00 +3.4563e+00 -1.6440e+00 +1.2084e+00 +4.3883e-02 -2.4202e+00 +2.1616e+00 +5.9209e-01 +1.3444e+00 -2.6819e+00
2524 +6.538035807e+00 +6.538035807e+00 -1.369619642e+02 -1.369619642e+02 -5.1431e+00 +3.0090e+00 -1.8429e+00 +1.1474e+00 -2.7803e-01 -2.4779e+00 +2.0310e+00 +7.2430e-01 +1.6938e+00 -3.0246e+00
3430 +6.390714604e+00 +6.390714604e+00 -1.371092854e+02 -1.371092854e+02 -4.8649e+00 +3.1960e+00 -1.7373e+00 +1.1552e+00 -1.1621e-01 -2.3736e+00 +1.9952e+00 +7.6043e-01 +1.5753e+00 -2.7279e+00
4420 +6.287839979e+00 +6.287839979e+00 -1.372121600e+02 -1.372121600e+02 -4.9614e+00 +3.0481e+00 -1.8721e+00 +1.0833e+00 -1.2708e-02 -2.5343e+00 +2.0306e+00 +7.7484e-01 +1.5616e+00 -2.7516e+00
% function evaluation | noise-free fitness - Fopt (9.465100000000e+02) | best noise-free fitness - Fopt | measured fitness | best measured fitness | x1 | x2...
1 +7.417558964e+01 +7.417558964e+01 +1.020685590e+03 +1.020685590e+03 +0.0000e+00 +0.0000e+00 +0.0000e+00 +0.0000e+00 +0.0000e+00 +0.0000e+00 +0.0000e+00 +0.0000e+00 +0.0000e+00 +0.0000e+00
7 +6.550160857e+01 +6.550160857e+01 +1.012011609e+03 +1.012011609e+03 +1.9126e+00 -3.7040e-01 +6.8932e-01 -5.2319e-01 -3.6444e-01 -3.8754e-01 -2.2410e+00 +8.7770e-01 +1.6021e+00 +4.9768e-01
22 +5.612548734e+01 +5.612548734e+01 +1.002635487e+03 +1.002635487e+03 +6.9098e-01 -1.3136e-01 -9.9335e-01 -1.3234e+00 -1.3167e+00 -1.0181e+00 -3.0882e+00 +8.4191e-01 +1.4121e+00 +6.9540e-01
31 +5.265728032e+01 +5.265728032e+01 +9.991672803e+02 +9.991672803e+02 +5.9043e-01 +7.7649e-01 -1.4324e+00 -1.5059e+00 -2.7704e-01 -4.3594e-01 -2.7132e+00 +2.4839e+00 +7.1481e-03 +2.7905e+00
32 +2.188922047e+01 +2.188922047e+01 +9.683992205e+02 +9.683992205e+02 +4.7203e-01 -3.5883e-01 -8.6054e-01 -1.1014e+00 -1.3187e+00 -3.1980e-01 -3.3263e+00 +2.5370e+00 -6.5658e-01 +1.8342e+00
66 +2.010495052e+01 +2.010495052e+01 +9.666149505e+02 +9.666149505e+02 +3.0473e+00 +4.7759e-01 -1.2555e+00 -9.0684e-01 -3.2706e+00 +5.9786e-01 -3.2415e+00 +7.5951e-01 -2.0422e+00 +1.7720e+00
77 +1.847961047e+01 +1.847961047e+01 +9.649896105e+02 +9.649896105e+02 +3.5169e+00 +1.0815e+00 -1.6018e+00 -1.3365e+00 -3.1311e+00 +1.1850e+00 -4.5171e+00 -1.3062e+00 -9.8503e-01 +2.3045e+00
94 +1.325198878e+01 +1.325198878e+01 +9.597619888e+02 +9.597619888e+02 +2.4406e+00 -6.4476e-01 -1.4089e+00 -1.7287e+00 -2.6711e+00 +1.1282e+00 -4.8033e+00 -1.2173e+00 -2.1489e+00 +1.2228e+00
103 +8.086646851e+00 +8.086646851e+00 +9.545966469e+02 +9.545966469e+02 +2.2669e+00 -9.2329e-01 -1.0980e+00 -2.4427e+00 -3.7121e+00 +1.8452e+00 -3.8278e+00 -7.4907e-01 -2.6795e+00 +3.0118e+00
122 +6.459056648e+00 +6.459056648e+00 +9.529690566e+02 +9.529690566e+02 +2.1380e+00 +1.6690e-01 -1.4599e+00 -3.6231e+00 -4.1931e+00 +4.7826e-01 -3.4044e+00 -3.6084e-01 -2.2370e+00 +2.4549e+00
195 +3.275567174e+00 +3.275567174e+00 +9.497855672e+02 +9.497855672e+02 +3.4273e+00 +9.5418e-01 -5.0803e-01 -3.0667e+00 -4.2335e+00 +1.5054e+00 -3.9771e+00 -1.5370e-01 -2.8497e+00 +2.2388e+00
537 +2.890993453e+00 +2.890993453e+00 +9.494009935e+02 +9.494009935e+02 +2.5048e+00 -8.2469e-01 -7.3599e-01 -2.8426e+00 -3.0891e+00 +4.0572e-01 -4.0825e+00 -3.8364e-01 -2.5266e+00 +1.0015e+00
636 +2.510262233e+00 +2.510262233e+00 +9.490202622e+02 +9.490202622e+02 +1.0489e+00 -4.1933e-01 -1.3505e+00 -2.0941e+00 -3.1795e+00 +1.3402e+00 -3.8251e+00 -2.8173e-01 -1.2862e+00 +1.5803e+00
712 +2.377696379e+00 +2.377696379e+00 +9.488876964e+02 +9.488876964e+02 +2.1130e+00 -5.2411e-01 -1.0849e+00 -3.1766e+00 -3.0483e+00 +1.9952e+00 -3.9645e+00 -1.3036e+00 -1.4124e+00 +1.3187e+00
865 +2.045587088e+00 +2.045587088e+00 +9.485555871e+02 +9.485555871e+02 +1.1298e+00 -1.5200e-01 -1.7857e+00 -3.7842e+00 -2.0070e+00 +1.5128e+00 -4.2782e+00 -6.8964e-01 -1.4586e+00 +5.6002e-01
908 +1.769762715e+00 +1.769762715e+00 +9.482797627e+02 +9.482797627e+02 +1.3891e+00 +6.2976e-01 -1.1325e+00 -3.7428e+00 -2.0449e+00 +2.0755e-01 -3.9638e+00 -1.9255e+00 -1.9133e+00 +8.2640e-01
943 +7.834600815e-01 +7.834600815e-01 +9.472934601e+02 +9.472934601e+02 +1.8726e+00 -7.2626e-01 -1.5163e+00 -2.9065e+00 -3.1909e+00 +9.5021e-01 -3.5037e+00 -7.0112e-02 -1.8453e+00 +1.5185e+00
1750 +4.906360070e-01 +4.906360070e-01 +9.470006360e+02 +9.470006360e+02 +1.7000e+00 -4.4059e-01 -1.1524e+00 -3.8748e+00 -2.7479e+00 +1.1164e+00 -4.0123e+00 -2.1163e+00 -1.6756e+00 +7.9108e-01
1759 +4.505998214e-01 +4.505998214e-01 +9.469605998e+02 +9.469605998e+02 +1.6969e+00 -1.1281e-01 -1.2654e+00 -3.8268e+00 -2.8860e+00 +1.2827e+00 -4.0757e+00 -2.2278e+00 -1.6693e+00 +7.1485e-01
1866 +4.192306321e-01 +4.192306321e-01 +9.469292306e+02 +9.469292306e+02 +2.1757e+00 -6.0423e-01 -1.3230e+00 -3.0582e+00 -3.0671e+00 +9.8094e-01 -3.4259e+00 -1.8983e+00 -2.0446e+00 +1.5867e+00
1877 +1.060442443e-01 +1.060442443e-01 +9.466160442e+02 +9.466160442e+02 +1.5217e+00 -5.1829e-01 -1.1033e+00 -3.7123e+00 -2.8909e+00 +9.0954e-01 -3.5585e+00 -2.4500e+00 -2.2059e+00 +8.7692e-01
2033 +5.535369518e-02 +5.535369518e-02 +9.465653537e+02 +9.465653537e+02 +1.2590e+00 -1.8408e-01 -1.1426e+00 -3.4398e+00 -2.6864e+00 +1.0060e+00 -3.6140e+00 -1.4401e+00 -1.5976e+00 +8.9678e-01
2415 +3.435270806e-02 +3.435270806e-02 +9.465443527e+02 +9.465443527e+02 +1.4035e+00 -9.6106e-02 -1.4292e+00 -2.9452e+00 -2.4850e+00 +9.4530e-01 -3.6777e+00 -1.7669e+00 -1.3632e+00 +1.3442e+00
2910 +1.527661495e-02 +1.527661495e-02 +9.465252766e+02 +9.465252766e+02 +1.1618e+00 -3.2830e-01 -1.6242e+00 -3.3973e+00 -2.4258e+00 +9.1151e-01 -3.6922e+00 -2.2715e+00 -1.2547e+00 +7.3031e-01
3000 +5.528423682e-03 +5.528423682e-03 +9.465155284e+02 +9.465155284e+02 +1.0820e+00 -5.3325e-01 -1.3314e+00 -3.4105e+00 -2.3029e+00 +6.9661e-01 -3.6436e+00 -2.2826e+00 -1.4744e+00 +5.3152e-01
3229 +4.194452619e-03 +4.194452619e-03 +9.465141945e+02 +9.465141945e+02 +1.0475e+00 -6.3920e-01 -1.3312e+00 -3.4800e+00 -2.6467e+00 +3.8370e-01 -3.5980e+00 -2.2207e+00 -1.4982e+00 +6.4929e-01
3569 +3.971511386e-03 +3.971511386e-03 +9.465139715e+02 +9.465139715e+02 +1.2717e+00 -6.6663e-01 -1.2507e+00 -3.3761e+00 -2.6474e+00 +5.6499e-01 -3.4469e+00 -2.1936e+00 -1.7807e+00 +8.0719e-01
3581 +3.368342359e-03 +3.368342359e-03 +9.465133683e+02 +9.465133683e+02 +9.9432e-01 -6.0277e-01 -1.3541e+00 -3.3694e+00 -2.6433e+00 +5.6159e-01 -3.6255e+00 -2.1747e+00 -1.3509e+00 +8.2352e-01
3650 +2.197662457e-03 +2.197662457e-03 +9.465121977e+02 +9.465121977e+02 +1.1222e+00 -6.5575e-01 -1.3835e+00 -3.1479e+00 -2.6528e+00 +5.7703e-01 -3.5208e+00 -1.9638e+00 -1.4327e+00 +9.3946e-01
3726 +1.599877096e-03 +1.599877096e-03 +9.465115999e+02 +9.465115999e+02 +1.1407e+00 -3.7195e-01 -1.3587e+00 -3.3551e+00 -2.5901e+00 +5.3592e-01 -3.5573e+00 -2.0055e+00 -1.4098e+00 +8.0994e-01
4117 +9.032651128e-04 +9.032651128e-04 +9.465109033e+02 +9.465109033e+02 +1.3969e+00 -4.2373e-01 -1.3239e+00 -3.3126e+00 -2.8564e+00 +8.3550e-01 -3.6447e+00 -1.8671e+00 -1.5775e+00 +1.0868e+00
4200 +5.045400366e-04 +5.045400366e-04 +9.465105045e+02 +9.465105045e+02 +1.2645e+00 -4.6969e-01 -1.3283e+00 -3.3922e+00 -2.6417e+00 +7.0011e-01 -3.6693e+00 -2.0665e+00 -1.4698e+00 +9.2065e-01
4499 +3.079702906e-04 +3.079702906e-04 +9.465103080e+02 +9.465103080e+02 +1.2818e+00 -5.9393e-01 -1.4267e+00 -3.3743e+00 -2.5602e+00 +7.4524e-01 -3.5956e+00 -1.8730e+00 -1.5296e+00 +9.7140e-01
4695 +2.244276774e-04 +2.244276774e-04 +9.465102244e+02 +9.465102244e+02 +1.2292e+00 -4.9748e-01 -1.4465e+00 -3.3262e+00 -2.6266e+00 +7.9749e-01 -3.6499e+00 -1.9887e+00 -1.4150e+00 +9.9608e-01
4874 +2.215256650e-04 +2.215256650e-04 +9.465102215e+02 +9.465102215e+02 +1.3184e+00 -5.0065e-01 -1.3381e+00 -3.3540e+00 -2.5705e+00 +7.6414e-01 -3.6413e+00 -2.1631e+00 -1.5380e+00 +9.7815e-01
4888 +2.049749686e-04 +2.049749686e-04 +9.465102050e+02 +9.465102050e+02 +1.3826e+00 -4.6506e-01 -1.4103e+00 -3.3867e+00 -2.5870e+00 +7.8752e-01 -3.6317e+00 -2.1673e+00 -1.5770e+00 +9.3115e-01
4905 +1.290141425e-04 +1.290141425e-04 +9.465101290e+02 +9.465101290e+02 +1.3635e+00 -3.6200e-01 -1.3018e+00 -3.3382e+00 -2.6326e+00 +8.3051e-01 -3.6157e+00 -1.9114e+00 -1.5185e+00 +1.0421e+00
4977 +4.488863715e-05 +4.488863715e-05 +9.465100449e+02 +9.465100449e+02 +1.3011e+00 -4.5393e-01 -1.3388e+00 -3.2767e+00 -2.5298e+00 +7.4597e-01 -3.5881e+00 -2.0664e+00 -1.5483e+00 +9.1660e-01
5537 +3.429023229e-05 +3.429023229e-05 +9.465100343e+02 +9.465100343e+02 +1.3045e+00 -4.9564e-01 -1.3436e+00 -3.4040e+00 -2.6785e+00 +7.0967e-01 -3.5879e+00 -2.0032e+00 -1.5979e+00 +9.4070e-01
5827 +1.613846280e-05 +1.613846280e-05 +9.465100161e+02 +9.465100161e+02 +1.2106e+00 -4.7552e-01 -1.3635e+00 -3.3209e+00 -2.5293e+00 +6.7728e-01 -3.6083e+00 -2.1521e+00 -1.4984e+00 +8.6624e-01
5832 +1.455246149e-05 +1.455246149e-05 +9.465100146e+02 +9.465100146e+02 +1.1923e+00 -5.2113e-01 -1.3964e+00 -3.3502e+00 -2.5076e+00 +6.8300e-01 -3.6108e+00 -2.0453e+00 -1.5011e+00 +8.8215e-01
6226 +3.812945920e-06 +3.812945920e-06 +9.465100038e+02 +9.465100038e+02 +1.2462e+00 -4.7899e-01 -1.3418e+00 -3.3599e+00 -2.6022e+00 +7.1047e-01 -3.5810e+00 -2.0690e+00 -1.5110e+00 +9.5372e-01
6802 +1.880632908e-06 +1.880632908e-06 +9.465100019e+02 +9.465100019e+02 +1.2816e+00 -4.4974e-01 -1.3421e+00 -3.3440e+00 -2.6111e+00 +6.6205e-01 -3.5975e+00 -2.0925e+00 -1.5445e+00 +8.8554e-01
6973 +1.454953576e-06 +1.454953576e-06 +9.465100015e+02 +9.465100015e+02 +1.2451e+00 -4.5710e-01 -1.3316e+00 -3.3325e+00 -2.5406e+00 +6.9643e-01 -3.6043e+00 -2.0483e+00 -1.5412e+00 +9.0901e-01
7230 +1.307734010e-06 +1.307734010e-06 +9.465100013e+02 +9.465100013e+02 +1.2638e+00 -4.5451e-01 -1.3227e+00 -3.3625e+00 -2.6006e+00 +7.1360e-01 -3.6103e+00 -2.1021e+00 -1.5463e+00 +9.1283e-01
7279 +8.783367775e-07 +8.783367775e-07 +9.465100009e+02 +9.465100009e+02 +1.2798e+00 -4.8074e-01 -1.3512e+00 -3.3662e+00 -2.5752e+00 +7.0381e-01 -3.5998e+00 -2.0641e+00 -1.5659e+00 +8.8579e-01
7319 +5.736453659e-07 +5.736453659e-07 +9.465100006e+02 +9.465100006e+02 +1.2623e+00 -4.3653e-01 -1.3442e+00 -3.3407e+00 -2.5886e+00 +7.2938e-01 -3.5981e+00 -2.0592e+00 -1.5321e+00 +9.1270e-01
7455 +5.590652563e-07 +5.590652563e-07 +9.465100006e+02 +9.465100006e+02 +1.2784e+00 -4.8036e-01 -1.3578e+00 -3.3638e+00 -2.6117e+00 +7.0509e-01 -3.6090e+00 -2.0408e+00 -1.5510e+00 +9.1889e-01
7688 +4.296906582e-07 +4.296906582e-07 +9.465100004e+02 +9.465100004e+02 +1.2333e+00 -4.5179e-01 -1.3524e+00 -3.3512e+00 -2.5922e+00 +7.2192e-01 -3.6047e+00 -2.0572e+00 -1.5205e+00 +9.3387e-01
7823 +1.775603096e-07 +1.775603096e-07 +9.465100002e+02 +9.465100002e+02 +1.2701e+00 -4.7510e-01 -1.3431e+00 -3.3565e+00 -2.6190e+00 +6.9978e-01 -3.6050e+00 -2.0563e+00 -1.5477e+00 +9.1578e-01
7940 +1.365754088e-07 +1.365754088e-07 +9.465100001e+02 +9.465100001e+02 +1.2794e+00 -4.4748e-01 -1.3419e+00 -3.3402e+00 -2.5873e+00 +7.0832e-01 -3.6073e+00 -2.0663e+00 -1.5347e+00 +9.0619e-01
8064 +1.030037993e-07 +1.030037993e-07 +9.465100001e+02 +9.465100001e+02 +1.2748e+00 -4.4141e-01 -1.3362e+00 -3.3424e+00 -2.6059e+00 +7.1880e-01 -3.6048e+00 -2.0609e+00 -1.5348e+00 +9.1973e-01
8156 +4.878199888e-08 +4.878199888e-08 +9.465100000e+02 +9.465100000e+02 +1.2562e+00 -4.5444e-01 -1.3386e+00 -3.3456e+00 -2.5721e+00 +7.0632e-01 -3.6050e+00 -2.0565e+00 -1.5442e+00 +9.1130e-01
8565 +4.685887234e-08 +4.685887234e-08 +9.465100000e+02 +9.465100000e+02 +1.2600e+00 -4.5836e-01 -1.3435e+00 -3.3451e+00 -2.5794e+00 +7.2001e-01 -3.5990e+00 -2.0440e+00 -1.5305e+00 +9.2001e-01
8660 +4.156265732e-08 +4.156265732e-08 +9.465100000e+02 +9.465100000e+02 +1.2644e+00 -4.6646e-01 -1.3404e+00 -3.3416e+00 -2.5701e+00 +7.0234e-01 -3.6012e+00 -2.0551e+00 -1.5426e+00 +9.0986e-01
8739 +1.059447641e-08 +1.059447641e-08 +9.465100000e+02 +9.465100000e+02 +1.2703e+00 -4.5965e-01 -1.3430e+00 -3.3498e+00 -2.5957e+00 +6.9989e-01 -3.6030e+00 -2.0638e+00 -1.5439e+00 +9.0789e-01
9513 +3.103082236e-09 +3.103082236e-09 +9.465100000e+02 +9.465100000e+02 +1.2621e+00 -4.6468e-01 -1.3415e+00 -3.3436e+00 -2.5995e+00 +7.0774e-01 -3.6015e+00 -2.0527e+00 -1.5399e+00 +9.2742e-01
14540 +0.000000000e+00 +0.000000000e+00 +9.465100000e+02 +9.465100000e+02 +1.2634e+00 -4.6267e-01 -1.3437e+00 -3.3467e+00 -2.5906e+00 +7.0758e-01 -3.6028e+00 -2.0558e+00 -1.5381e+00 +9.1987e-01
