% function evaluation | noise-free fitness - Fopt (4.078000000000e+01) | best noise-free fitness - Fopt | measured fitness | best measured fitness | x1 | x2...
1 +3.454477296e+01 +3.454477296e+01 +7.532477296e+01 +7.532477296e+01 +0.0000e+00 +0.0000e+00 +0.0000e+00 +0.0000e+00 +0.0000e+00
3 +1.128266890e+01 +1.128266890e+01 +5.206266890e+01 +5.206266890e+01 +6.4460e-01 -2.7246e-03 -4.0231e+00 +4.4375e+00 +4.2221e+00
118 +7.223879648e+00 +7.223879648e+00 +4.800387965e+01 +4.800387965e+01 -2.5781e+00 +1.0982e+00 -2.8034e+00 +4.2155e+00 +3.5427e+00
126 +6.700126059e+00 +6.700126059e+00 +4.748012606e+01 +4.748012606e+01 -2.7160e+00 +1.9648e-01 -2.1140e+00 +4.2580e+00 +3.4328e+00
272 +5.619811840e+00 +5.619811840e+00 +4.639981184e+01 +4.639981184e+01 -2.1833e+00 +9.2489e-01 -2.3642e+00 +5.2575e+00 +2.7963e+00
283 +4.739800508e+00 +4.739800508e+00 +4.551980051e+01 +4.551980051e+01 -2.5038e+00 +6.0752e-01 -2.1607e+00 +4.8006e+00 +2.9737e+00
522 +4.006190916e+00 +4.006190916e+00 +4.478619092e+01 +4.478619092e+01 -1.9663e+00 +5.8935e-01 -2.5608e+00 +4.9131e+00 +2.9582e+00
565 +3.645951044e+00 +3.645951044e+00 +4.442595104e+01 +4.442595104e+01 -2.1584e+00 +6.4188e-01 -2.9512e+00 +4.6590e+00 +2.8142e+00
774 +3.557927833e+00 +3.557927833e+00 +4.433792783e+01 +4.433792783e+01 -2.3451e+00 +4.1355e-01 -2.5003e+00 +4.6465e+00 +2.8249e+00
872 +3.497952570e+00 +3.497952570e+00 +4.427795257e+01 +4.427795257e+01 -2.3463e+00 +6.3370e-01 -2.8440e+00 +4.7608e+00 +2.7817e+00
910 +3.460775651e+00 +3.460775651e+00 +4.424077565e+01 +4.424077565e+01 -2.2960e+00 +7.3397e-01 -2.5278e+00 +4.7188e+00 +3.0358e+00
1001 +3.261015432e+00 +3.261015432e+00 +4.404101543e+01 +4.404101543e+01 -2.2756e+00 +5.6206e-01 -2.6862e+00 +4.6346e+00 +3.1309e+00
1306 +3.217172647e+00 +3.217172647e+00 +4.399717265e+01 +4.399717265e+01 -2.2593e+00 +5.7830e-01 -2.6291e+00 +4.7935e+00 +2.9774e+00
% function evaluation | noise-free fitness - Fopt (-1.600000000000e+00) | best noise-free fitness - Fopt | measured fitness | best measured fitness | x1 | x2...
1 +4.431357451e+01 +4.431357451e+01 +4.271357451e+01 +4.271357451e+01 +0.0000e+00 +0.0000e+00 +0.0000e+00 +0.0000e+00 +0.0000e+00
3 +3.656182077e+01 +3.656182077e+01 +3.496182077e+01 +3.496182077e+01 -1.3412e-02 -8.3421e-01 +6.6095e-01 -1.3029e+00 +1.3679e+00
5 +2.959612282e+01 +2.959612282e+01 +2.799612282e+01 +2.799612282e+01 +1.3912e+00 -1.7312e+00 -3.0992e-01 -5.0380e-01 +6.7114e-01
15 +2.519636878e+01 +2.519636878e+01 +2.359636878e+01 +2.359636878e+01 +1.4947e+00 -5.3449e-01 +6.8249e-01 +7.3394e-02 -9.8199e-01
25 +2.020206747e+01 +2.020206747e+01 +1.860206747e+01 +1.860206747e+01 +1.2675e-01 +1.4286e+00 +1.3844e+00 +1.9943e+00 -2.0010e+00
36 +1.253832252e+01 +1.253832252e+01 +1.093832252e+01 +1.093832252e+01 +6.9567e-01 +1.7204e+00 +2.2919e+00 +1.7894e+00 -1.4502e+00
39 +5.056373181e+00 +5.056373181e+00 +3.456373181e+00 +3.456373181e+00 +6.1759e-01 +1.8250e+00 +2.1143e+00 +2.6188e+00 -1.3914e+00
48 +2.933544139e+00 +2.933544139e+00 +1.333544139e+00 +1.333544139e+00 +1.4310e+00 +1.2963e+00 +1.9482e+00 +2.8383e+00 -1.6365e+00
219 +2.336869593e+00 +2.336869593e+00 +7.368695934e-01 +7.368695934e-01 +3.3486e+00 +2.0759e+00 +3.1634e+00 +5.4010e-01 -1.8111e+00
314 +2.001839398e+00 +2.001839398e+00 +4.018393979e-01 +4.018393979e-01 +3.3094e+00 +2.2650e+00 +2.6333e+00 +2.3619e-01 -2.2001e+00
879 +1.976920018e+00 +1.976920018e+00 +3.769200179e-01 +3.769200179e-01 +3.5907e+00 +2.2853e+00 +2.6971e+00 +4.1723e-01 -1.9265e+00
1282 +1.942351494e+00 +1.942351494e+00 +3.423514935e-01 +3.423514935e-01 +3.5476e+00 +2.4032e+00 +2.7646e+00 +2.5056e-01 -2.0075e+00
% function evaluation | noise-free fitness - Fopt (-3.708400000000e+02) | best noise-free fitness - Fopt | measured fitness | best measured fitness | x1 | x2...
1 +6.618478373e+01 +6.618478373e+01 -3.046552163e+02 -3.046552163e+02 +0.0000e+00 +0.0000e+00 +0.0000e+00 +0.0000e+00 +0.0000e+00
7 +6.264329889e+01 +6.264329889e+01 -3.081967011e+02 -3.081967011e+02 -4.7255e-01 +1.0758e+00 -1.1989e+00 +1.7248e+00 -1.4148e-01
10 +5.440300522e+01 +5.440300522e+01 -3.164369948e+02 -3.164369948e+02 -1.0127e+00 +9.6598e-01 -9.2921e-02 -1.5116e+00 -9.3980e-01
17 +2.555483048e+01 +2.555483048e+01 -3.452851695e+02 -3.452851695e+02 -2.2694e+00 -1.3297e+00 +1.0188e+00 -4.3012e+00 -3.2950e+00
31 +1.836457974e+01 +1.836457974e+01 -3.524754203e+02 -3.524754203e+02 -2.7247e+00 -3.2616e+00 +1.6397e+00 -3.6674e+00 -3.0023e+00
49 +1.710643905e+01 +1.710643905e+01 -3.537335610e+02 -3.537335610e+02 -3.1137e+00 -3.1152e+00 +1.6705e+00 -3.8945e+00 -1.1435e+00
91 +1.176737645e+01 +1.176737645e+01 -3.590726236e+02 -3.590726236e+02 -3.7685e+00 -6.1861e-03 -2.2865e+00 +4.5560e+00 -7.8473e-01
173 +9.052216465e+00 +9.052216465e+00 -3.617877835e+02 -3.617877835e+02 -2.8297e+00 -6.4305e-01 -1.5092e+00 +3.5099e+00 -2.7968e+00
185 +8.498502540e+00 +8.498502540e+00 -3.623414975e+02 -3.623414975e+02 -2.8215e+00 -1.3998e+00 -1.4167e+00 +3.9503e+00 -1.7184e+00
272 +7.380311338e+00 +7.380311338e+00 -3.634596887e+02 -3.634596887e+02 -3.0115e+00 -2.4982e-01 -2.2604e+00 +4.1191e+00 -2.0709e+00
332 +6.553027017e+00 +6.553027017e+00 -3.642869730e+02 -3.642869730e+02 -3.3288e+00 -7.0926e-01 -2.1326e+00 +4.1209e+00 -2.1747e+00
634 +6.311135398e+00 +6.311135398e+00 -3.645288646e+02 -3.645288646e+02 -3.2875e+00 -3.5975e-01 -2.2118e+00 +4.0218e+00 -1.9252e+00
777 +6.206813909e+00 +6.206813909e+00 -3.646331861e+02 -3.646331861e+02 -3.3717e+00 -4.6695e-01 -2.3197e+00 +3.7843e+00 -2.1486e+00
792 +5.970054149e+00 +5.970054149e+00 -3.648699459e+02 -3.648699459e+02 -2.9805e+00 -6.6138e-01 -2.1165e+00 +3.7287e+00 -2.2916e+00
1205 +5.865161160e+00 +5.865161160e+00 -3.649748388e+02 -3.649748388e+02 -3.1836e+00 -5.8755e-01 -2.2898e+00 +3.7404e+00 -2.0290e+00
% function evaluation | noise-free fitness - Fopt (-3.256000000000e+01) | best noise-free fitness - Fopt | measured fitness | best measured fitness | x1 | x2...
1 +5.577473827e+01 +5.577473827e+01 +2.321473827e+01 +2.321473827e+01 +0.0000e+00 +0.0000e+00 +0.0000e+00 +0.0000e+00 +0.0000e+00
4 +5.422239049e+01 +5.422239049e+01 +2.166239049e+01 +2.166239049e+01 -6.8463e-01 -1.8737e+00 -4.1195e-01 -1.8728e-01 -3.9464e-01
10 +5.110946110e+01 +5.110946110e+01 +1.854946110e+01 +1.854946110e+01 +4.2801e+00 +1.5006e+00 +3.3811e+00 +8.0181e-01 +3.4950e+00
13 +3.875387851e+01 +3.875387851e+01 +6.193878507e+00 +6.193878507e+00 +5.0991e+00 +1.5286e+00 +4.2652e+00 +1.8748e+00 +3.9349e+00
15 +2.751760530e+01 +2.751760530e+01 -5.042394702e+00 -5.042394702e+00 +2.1232e+00 +2.9765e+00 +3.0539e+00 +2.9726e+00 +4.8318e+00
22 +1.249047696e+01 +1.249047696e+01 -2.006952304e+01 -2.006952304e+01 +2.4847e+00 +1.5630e+00 +3.7529e+00 +2.7818e+00 +5.1016e+00
25 +1.017209941e+01 +1.017209941e+01 -2.238790059e+01 -2.238790059e+01 +2.9054e+00 +2.7982e+00 +4.2252e+00 +3.3522e+00 +5.6372e+00
28 +9.008913812e+00 +9.008913812e+00 -2.355108619e+01 -2.355108619e+01 +4.0217e+00 +2.4078e+00 +3.3467e+00 +2.8208e+00 +4.1239e+00
47 +8.811033695e+00 +8.811033695e+00 -2.374896631e+01 -2.374896631e+01 +3.7997e+00 +2.5657e+00 +2.1885e+00 +4.2918e+00 +3.6128e+00
122 +7.404579619e+00 +7.404579619e+00 -2.515542038e+01 -2.515542038e+01 +3.1306e+00 +2.8930e+00 +2.9211e+00 +4.1141e+00 +5.2154e+00
180 +5.223151075e+00 +5.223151075e+00 -2.733684893e+01 -2.733684893e+01 +2.9393e+00 +2.1025e+00 +3.5453e+00 +4.6671e+00 +4.9820e+00
261 +5.036719660e+00 +5.036719660e+00 -2.752328034e+01 -2.752328034e+01 +3.0601e+00 +1.7746e+00 +3.7192e+00 +3.2009e+00 +4.5684e+00
267 +2.791811325e+00 +2.791811325e+00 -2.976818868e+01 -2.976818868e+01 +3.4890e+00 +1.9032e+00 +3.8953e+00 +3.4659e+00 +4.4196e+00
452 +2.205885683e+00 +2.205885683e+00 -3.035411432e+01 -3.035411432e+01 +3.4111e+00 +2.3314e+00 +3.5434e+00 +3.9949e+00 +4.4123e+00
607 +2.187072154e+00 +2.187072154e+00 -3.037292785e+01 -3.037292785e+01 +3.4793e+00 +2.1906e+00 +3.7038e+00 +3.9225e+00 +4.3488e+00
1170 +2.128921319e+00 +2.128921319e+00 -3.043107868e+01 -3.043107868e+01 +3.3400e+00 +2.1388e+00 +3.6713e+00 +3.9137e+00 +4.6101e+00
% function evaluation | noise-free fitness - Fopt (5.154000000000e+02) | best noise-free fitness - Fopt | measured fitness | best measured fitness | x1 | x2...
1 +2.019037433e+01 +2.019037433e+01 +5.355903743e+02 +5.355903743e+02 +0.0000e+00 +0.0000e+00 +0.0000e+00 +0.0000e+00 +0.0000e+00
8 +1.940111631e+01 +1.940111631e+01 +5.348011163e+02 +5.348011163e+02 -5.8222e-01 -3.0689e-01 -8.2639e-01 +8.3412e-01 -2.8266e-01
9 +1.597870215e+01 +1.597870215e+01 +5.313787021e+02 +5.313787021e+02 +1.6452e+00 +1.4920e-01 -8.4393e-01 -3.1743e+00 -1.0173e+00
11 +9.643613695e+00 +9.643613695e+00 +5.250436137e+02 +5.250436137e+02 +4.1545e-01 -1.7808e+00 +8.6873e-03 -1.8064e+00 +8.0443e-01
16 +3.907415818e+00 +3.907415818e+00 +5.193074158e+02 +5.193074158e+02 +1.2701e+00 -9.1180e-01 -3.2196e-01 -2.7180e+00 -1.3374e-01
109 +3.138746180e+00 +3.138746180e+00 +5.185387462e+02 +5.185387462e+02 -4.0438e-01 -2.9558e+00 +1.4561e-01 +7.9105e-01 -2.1477e+00
325 +2.732595954e+00 +2.732595954e+00 +5.181325960e+02 +5.181325960e+02 -1.0991e+00 -3.0094e+00 -4.6637e-03 +5.0487e-01 -2.6310e+00
335 +2.057115486e+00 +2.057115486e+00 +5.174571155e+02 +5.174571155e+02 -1.0886e+00 -2.6681e+00 -7.8218e-01 +7.0288e-01 -1.7842e+00
500 +2.009810783e+00 +2.009810783e+00 +5.174098108e+02 +5.174098108e+02 -4.6804e-01 -3.4043e+00 -9.2022e-01 +1.1376e+00 -1.7074e+00
508 +1.836888850e+00 +1.836888850e+00 +5.172368889e+02 +5.172368889e+02 -4.0267e-01 -3.0036e+00 -1.1420e+00 +7.6100e-01 -1.6199e+00
792 +1.625720725e+00 +1.625720725e+00 +5.170257207e+02 +5.170257207e+02 -8.8860e-01 -3.1930e+00 -5.6406e-01 +6.4039e-01 -2.1156e+00
819 +1.591765464e+00 +1.591765464e+00 +5.169917655e+02 +5.169917655e+02 -4.2781e-01 -3.0886e+00 -6.5276e-01 +5.2404e-01 -1.8426e+00
856 +1.497371566e+00 +1.497371566e+00 +5.168973716e+02 +5.168973716e+02 -6.2632e-01 -3.2724e+00 -6.7163e-01 +7.5883e-01 -2.0302e+00
1093 +1.464656718e+00 +1.464656718e+00 +5.168646567e+02 +5.168646567e+02 -6.9398e-01 -2.9940e+00 -5.8851e-01 +7.7051e-01 -1.9389e+00
1100 +1.321001227e+00 +1.321001227e+00 +5.167210012e+02 +5.167210012e+02 -7.0261e-01 -3.1330e+00 -8.5995e-01 +6.2500e-01 -2.0424e+00
1224 +1.313478483e+00 +1.313478483e+00 +5.167134785e+02 +5.167134785e+02 -5.3639e-01 -3.0748e+00 -8.7528e-01 +6.5222e-01 -1.8810e+00
1335 +1.269069518e+00 +1.269069518e+00 +5.166690695e+02 +5.166690695e+02 -7.1353e-01 -3.1578e+00 -8.0362e-01 +6.6747e-01 -1.9456e+00
1478 +1.257009886e+00 +1.257009886e+00 +5.166570099e+02 +5.166570099e+02 -6.2459e-01 -3.1035e+00 -8.5263e-01 +6.6587e-01 -1.9317e+00
% function evaluation | noise-free fitness - Fopt (-1.000000000000e+03) | best noise-free fitness - Fopt | measured fitness | best measured fitness | x1 | x2...
1 +6.307126318e+01 +6.307126318e+01 -9.369287368e+02 -9.369287368e+02 +0.0000e+00 +0.0000e+00 +0.0000e+00 +0.0000e+00 +0.0000e+00
3 +5.847938831e+01 +5.847938831e+01 -9.415206117e+02 -9.415206117e+02 -1.8768e+00 +6.3548e-01 -3.0854e-01 -1.5797e+00 -7.2735e-01
4 +5.523100225e+01 +5.523100225e+01 -9.447689977e+02 -9.447689977e+02 +1.3939e+00 +3.6284e-01 -6.3888e-01 -9.4218e-02 -1.9730e-01
20 +3.700567563e+01 +3.700567563e+01 -9.629943244e+02 -9.629943244e+02 -4.0241e-01 +2.0748e+00 -1.0053e+00 -4.4461e-01 +1.7007e+00
31 +3.041701734e+01 +3.041701734e+01 -9.695829827e+02 -9.695829827e+02 +7.0465e-01 +4.3201e+00 -1.4407e+00 -5.4024e-01 +9.0429e-01
34 +2.444918324e+01 +2.444918324e+01 -9.755508168e+02 -9.755508168e+02 -2.4251e+00 +2.6004e+00 -1.7913e+00 -1.7052e+00 -5.4903e-01
52 +1.901427972e+01 +1.901427972e+01 -9.809857203e+02 -9.809857203e+02 -2.7323e+00 +1.9614e+00 -4.7097e+00 -2.9074e+00 -3.0303e-01
54 +8.631242843e+00 +8.631242843e+00 -9.913687572e+02 -9.913687572e+02 -1.8693e+00 +2.2542e+00 -1.4817e+00 -2.9237e+00 -9.5160e-01
58 +5.598466325e+00 +5.598466325e+00 -9.944015337e+02 -9.944015337e+02 -2.4728e+00 +2.0641e+00 -1.0050e+00 -3.3264e+00 -4.8670e-01
185 +5.307098624e+00 +5.307098624e+00 -9.946929014e+02 -9.946929014e+02 -5.1375e+00 +1.0848e+00 -3.0761e+00 -4.7918e+00 -1.6393e+00
243 +2.799365175e+00 +2.799365175e+00 -9.972006348e+02 -9.972006348e+02 -5.1281e+00 +1.0230e+00 -2.9006e+00 -4.5384e+00 -1.3681e+00
272 +2.137730552e+00 +2.137730552e+00 -9.978622694e+02 -9.978622694e+02 -5.2534e+00 +1.7036e+00 -2.2035e+00 -5.0938e+00 -7.7624e-01
327 +2.073145347e+00 +2.073145347e+00 -9.979268547e+02 -9.979268547e+02 -4.7529e+00 +1.9526e+00 -9.2594e-01 -3.8017e+00 +3.2008e-01
481 +2.031341103e+00 +2.031341103e+00 -9.979686589e+02 -9.979686589e+02 -5.0885e+00 +2.0003e+00 -1.9469e+00 -4.2595e+00 -3.4368e-01
534 +1.720763456e+00 +1.720763456e+00 -9.982792365e+02 -9.982792365e+02 -4.5581e+00 +1.7111e+00 -2.1946e+00 -4.4464e+00 -6.4985e-01
597 +1.633526803e+00 +1.633526803e+00 -9.983664732e+02 -9.983664732e+02 -3.1408e+00 +2.3135e+00 -8.9157e-01 -3.7514e+00 -3.6264e-01
837 +9.820203724e-01 +9.820203724e-01 -9.990179796e+02 -9.990179796e+02 -4.6739e+00 +1.8261e+00 -1.7537e+00 -4.3084e+00 -4.7637e-01
1010 +9.459528631e-01 +9.459528631e-01 -9.990540471e+02 -9.990540471e+02 -4.1712e+00 +2.2658e+00 -1.0150e+00 -4.2548e+00 +4.5511e-02
1179 +9.298868671e-01 +9.298868671e-01 -9.990701131e+02 -9.990701131e+02 -4.3887e+00 +2.0613e+00 -1.5201e+00 -4.5339e+00 -3.0641e-01
1302 +8.988567714e-01 +8.988567714e-01 -9.991011432e+02 -9.991011432e+02 -4.1478e+00 +2.1452e+00 -1.1730e+00 -4.3256e+00 -2.3141e-01
1325 +8.624905023e-01 +8.624905023e-01 -9.991375095e+02 -9.991375095e+02 -4.0583e+00 +2.1724e+00 -1.0827e+00 -4.2069e+00 -5.4482e-02
1349 +8.462409105e-01 +8.462409105e-01 -9.991537591e+02 -9.991537591e+02 -4.3364e+00 +2.0170e+00 -1.3966e+00 -4.3361e+00 -1.6746e-01
1357 +7.551787724e-01 +7.551787724e-01 -9.992448212e+02 -9.992448212e+02 -4.2324e+00 +2.0943e+00 -1.1918e+00 -4.3169e+00 -1.0978e-01
1658 +7.333407170e-01 +7.333407170e-01 -9.992666593e+02 -9.992666593e+02 -4.2188e+00 +2.0670e+00 -1.2333e+00 -4.2520e+00 -1.5430e-01
1913 +7.207065109e-01 +7.207065109e-01 -9.992792935e+02 -9.992792935e+02 -4.4565e+00 +2.0524e+00 -1.2974e+00 -4.4080e+00 -1.2801e-01
1952 +7.075862619e-01 +7.075862619e-01 -9.992924137e+02 -9.992924137e+02 -4.4677e+00 +2.0259e+00 -1.3390e+00 -4.3768e+00 -1.4306e-01
% function evaluation | noise-free fitness - Fopt (9.190000000000e+01) | best noise-free fitness - Fopt | measured fitness | best measured fitness | x1 | x2...
1 +4.082584245e+01 +4.082584245e+01 +1.327258424e+02 +1.327258424e+02 +0.0000e+00 +0.0000e+00 +0.0000e+00 +0.0000e+00 +0.0000e+00
2 +3.994570084e+01 +3.994570084e+01 +1.318457008e+02 +1.318457008e+02 -1.2745e+00 -6.6818e-01 -5.7732e-01 +7.3064e-01 -1.0855e+00
6 +3.906499426e+01 +3.906499426e+01 +1.309649943e+02 +1.309649943e+02 +7.2450e-01 +4.4879e-01 -1.3634e+00 +4.6859e-01 -5.8539e-02
22 +3.184569395e+01 +3.184569395e+01 +1.237456940e+02 +1.237456940e+02 -1.9264e+00 +1.9610e-01 -1.2359e-01 +4.7080e-04 -8.2459e-01
30 +2.566940627e+01 +2.566940627e+01 +1.175694063e+02 +1.175694063e+02 -2.9756e+00 -5.5000e-01 -1.2897e-02 +1.2162e+00 -3.5084e+00
35 +1.514569232e+01 +1.514569232e+01 +1.070456923e+02 +1.070456923e+02 -2.1110e+00 +1.4133e+00 +2.6166e-01 +4.7129e-01 -3.4001e+00
43 +5.498138742e+00 +5.498138742e+00 +9.739813874e+01 +9.739813874e+01 -3.4404e+00 +3.0630e+00 -7.4937e-01 -3.0358e-01 -3.0300e+00
466 +4.779289079e+00 +4.779289079e+00 +9.667928908e+01 +9.667928908e+01 -3.0016e+00 +2.5009e+00 -4.5275e-01 -3.4945e-01 -3.4836e+00
912 +4.609617946e+00 +4.609617946e+00 +9.650961795e+01 +9.650961795e+01 -3.7197e+00 +3.3188e+00 -4.8773e-01 -2.4569e-01 -3.7958e+00
938 +4.516601743e+00 +4.516601743e+00 +9.641660174e+01 +9.641660174e+01 -3.4051e+00 +2.9773e+00 -5.5434e-01 -2.8660e-01 -3.2581e+00
941 +4.107404545e+00 +4.107404545e+00 +9.600740454e+01 +9.600740454e+01 -3.4757e+00 +2.9842e+00 -3.0652e-01 -3.0683e-01 -3.5525e+00
1235 +3.897140265e+00 +3.897140265e+00 +9.579714026e+01 +9.579714026e+01 -3.4901e+00 +3.2022e+00 -1.2863e-01 -3.1264e-02 -4.0776e+00
1268 +3.779291443e+00 +3.779291443e+00 +9.567929144e+01 +9.567929144e+01 -3.5944e+00 +3.0497e+00 -8.8862e-02 -1.1420e-01 -3.8726e+00
1412 +3.670679028e+00 +3.670679028e+00 +9.557067903e+01 +9.557067903e+01 -3.4233e+00 +3.0289e+00 -1.4728e-01 -1.7166e-01 -3.9232e+00
% function evaluation | noise-free fitness - Fopt (-7.597000000000e+01) | best noise-free fitness - Fopt | measured fitness | best measured fitness | x1 | x2...
1 +6.713218106e+01 +6.713218106e+01 -8.837818940e+00 -8.837818940e+00 +0.0000e+00 +0.0000e+00 +0.0000e+00 +0.0000e+00 +0.0000e+00
2 +5.157559137e+01 +5.157559137e+01 -2.439440863e+01 -2.439440863e+01 +1.8312e+00 +6.8082e-02 +2.7515e-01 -8.1765e-01 -2.6528e-01
7 +3.735177419e+01 +3.735177419e+01 -3.861822581e+01 -3.861822581e+01 +1.1345e+00 +1.1683e-01 -6.6675e-01 +5.9898e-01 +1.6195e+00
23 +2.728166131e+01 +2.728166131e+01 -4.868833869e+01 -4.868833869e+01 +3.3415e+00 +1.1056e-01 +2.5040e+00 -2.3455e+00 +6.8223e-01
27 +1.823362233e+01 +1.823362233e+01 -5.773637767e+01 -5.773637767e+01 +2.0715e+00 -1.1555e+00 -1.8031e-02 -1.8656e-01 +1.3513e+00
29 +1.368200460e+01 +1.368200460e+01 -6.228799540e+01 -6.228799540e+01 +2.7067e+00 -1.1187e+00 -4.9813e-01 -1.1424e+00 +7.1593e-01
44 +7.078398741e+00 +7.078398741e+00 -6.889160126e+01 -6.889160126e+01 +3.0096e+00 -1.3113e+00 -8.7820e-01 -1.2802e+00 +1.2135e+00
63 +4.864119231e+00 +4.864119231e+00 -7.110588077e+01 -7.110588077e+01 +2.6905e+00 -3.8350e+00 +3.3520e-01 -2.2821e+00 +2.5202e+00
78 +6.361294254e-01 +6.361294254e-01 -7.533387057e+01 -7.533387057e+01 +2.9730e+00 -3.4317e+00 -1.0575e+00 -1.9800e+00 +2.1310e+00
224 +4.754132309e-01 +4.754132309e-01 -7.549458677e+01 -7.549458677e+01 +3.1631e+00 -4.7051e+00 +5.8483e-04 -1.7085e+00 +1.9059e+00
287 +1.349240764e-02 +1.349240764e-02 -7.595650759e+01 -7.595650759e+01 +2.7198e+00 -3.3069e+00 -3.4560e-01 -1.6356e+00 +1.9439e+00
752 +1.275063943e-02 +1.275063943e-02 -7.595724936e+01 -7.595724936e+01 +3.0748e+00 -3.7644e+00 -3.6370e-01 -1.5681e+00 +1.9904e+00
775 +8.896683165e-03 +8.896683165e-03 -7.596110332e+01 -7.596110332e+01 +2.7910e+00 -3.2248e+00 -5.5359e-01 -1.2206e+00 +1.8915e+00
879 +8.492871954e-03 +8.492871954e-03 -7.596150713e+01 -7.596150713e+01 +2.7900e+00 -3.1559e+00 -5.5969e-01 -1.8220e+00 +1.9380e+00
910 +4.707736118e-03 +4.707736118e-03 -7.596529226e+01 -7.596529226e+01 +2.9577e+00 -3.6585e+00 -2.4293e-01 -1.1575e+00 +2.0643e+00
974 +1.998759556e-03 +1.998759556e-03 -7.596800124e+01 -7.596800124e+01 +2.8385e+00 -3.2187e+00 -3.7998e-01 -1.2810e+00 +1.9282e+00
1054 +1.491139107e-03 +1.491139107e-03 -7.596850886e+01 -7.596850886e+01 +2.8790e+00 -3.4441e+00 -4.3461e-01 -1.3858e+00 +2.0984e+00
1081 +3.503473808e-05 +3.503473808e-05 -7.596996497e+01 -7.596996497e+01 +2.8308e+00 -3.3280e+00 -4.6910e-01 -1.5426e+00 +1.8911e+00
1844 +6.682441267e-06 +6.682441267e-06 -7.596999332e+01 -7.596999332e+01 +2.8881e+00 -3.4022e+00 -4.2639e-01 -1.4408e+00 +1.9065e+00
2049 +5.900619286e-06 +5.900619286e-06 -7.596999410e+01 -7.596999410e+01 +2.8347e+00 -3.3013e+00 -4.7887e-01 -1.4583e+00 +1.8854e+00
2321 +4.218599955e-06 +4.218599955e-06 -7.596999578e+01 -7.596999578e+01 +2.8626e+00 -3.3583e+00 -4.5647e-01 -1.5085e+00 +1.9335e+00
2341 +1.688375548e-06 +1.688375548e-06 -7.596999831e+01 -7.596999831e+01 +2.8576e+00 -3.3888e+00 -4.4072e-01 -1.4520e+00 +1.9499e+00
2567 +1.600513372e-06 +1.600513372e-06 -7.596999840e+01 -7.596999840e+01 +2.8709e+00 -3.3377e+00 -4.6337e-01 -1.4311e+00 +1.8983e+00
2576 +5.739557594e-07 +5.739557594e-07 -7.596999943e+01 -7.596999943e+01 +2.8586e+00 -3.3562e+00 -4.5014e-01 -1.4419e+00 +1.9072e+00
2654 +4.999865695e-07 +4.999865695e-07 -7.596999950e+01 -7.596999950e+01 +2.8534e+00 -3.3214e+00 -4.5369e-01 -1.4221e+00 +1.9093e+00
2664 +4.478205113e-07 +4.478205113e-07 -7.596999955e+01 -7.596999955e+01 +2.8513e+00 -3.3247e+00 -4.6492e-01 -1.4714e+00 +1.9400e+00
2665 +2.610705678e-07 +2.610705678e-07 -7.596999974e+01 -7.596999974e+01 +2.8416e+00 -3.3046e+00 -4.6968e-01 -1.4511e+00 +1.9038e+00
2740 +4.499929673e-08 +4.499929673e-08 -7.596999996e+01 -7.596999996e+01 +2.8539e+00 -3.3158e+00 -4.7487e-01 -1.4652e+00 +1.9081e+00
2837 +3.003009397e-09 +3.003009397e-09 -7.597000000e+01 -7.597000000e+01 +2.8524e+00 -3.3282e+00 -4.5901e-01 -1.4566e+00 +1.9196e+00
5752 +0.000000000e+00 +0.000000000e+00 -7.597000000e+01 -7.597000000e+01 +2.8524e+00 -3.3302e+00 -4.6266e-01 -1.4590e+00 +1.9204e+00
% function evaluation | noise-free fitness - Fopt (-1.699000000000e+01) | best noise-free fitness - Fopt | measured fitness | best measured fitness | x1 | x2...
1 +5.292290980e+01 +5.292290980e+01 +3.593290980e+01 +3.593290980e+01 +0.0000e+00 +0.0000e+00 +0.0000e+00 +0.0000e+00 +0.0000e+00
3 +4.854399493e+01 +4.854399493e+01 +3.155399493e+01 +3.155399493e+01 +1.2580e-01 -1.1960e-01 -1.5540e+00 -8.5271e-01 -1.9318e-01
7 +3.411715081e+01 +3.411715081e+01 +1.712715081e+01 +1.712715081e+01 -6.9622e-01 +1.3490e+00 +2.7175e+00 +2.6641e+00 -3.0844e+00
8 +2.782208775e+01 +2.782208775e+01 +1.083208775e+01 +1.083208775e+01 -1.1464e-01 +1.0133e+00 +1.0232e+00 +4.0966e-02 -2.6184e+00
18 +2.345782325e+01 +2.345782325e+01 +6.467823249e+00 +6.467823249e+00 +9.9795e-01 +8.0761e-01 +1.0411e+00 +8.8974e-01 -2.3312e+00
25 +1.781675170e+01 +1.781675170e+01 +8.267517012e-01 +8.267517012e-01 +6.0087e-02 +6.7711e-01 -5.9690e-01 -2.9914e+00 +1.1137e+00
30 +1.619025350e+01 +1.619025350e+01 -7.997465010e-01 -7.997465010e-01 +4.4801e-01 +7.8896e-01 +1.5540e+00 +1.0313e+00 -1.9402e+00
59 +1.558344915e+01 +1.558344915e+01 -1.406550852e+00 -1.406550852e+00 -5.1438e-01 -2.7314e-01 +9.9372e-01 +5.4793e-01 +4.8418e-01
140 +9.053175337e+00 +9.053175337e+00 -7.936824663e+00 -7.936824663e+00 -4.3071e-01 +9.0908e-01 -7.9460e-01 -1.7791e+00 +7.5106e-01
154 +7.298697547e+00 +7.298697547e+00 -9.691302453e+00 -9.691302453e+00 -1.4281e+00 +4.2291e+00 -1.4185e+00 -1.5088e+00 +2.8436e+00
192 +4.918808859e+00 +4.918808859e+00 -1.207119114e+01 -1.207119114e+01 -1.8004e+00 +4.8221e+00 -1.9275e+00 -2.6849e+00 +3.6646e+00
430 +3.789940359e+00 +3.789940359e+00 -1.320005964e+01 -1.320005964e+01 -1.6439e+00 +4.8634e+00 -8.9003e-01 -2.5312e+00 +2.8361e+00
618 +2.586653037e+00 +2.586653037e+00 -1.440334696e+01 -1.440334696e+01 -1.3812e+00 +4.2838e+00 -1.2410e+00 -2.1380e+00 +3.0957e+00
689 +2.296876825e+00 +2.296876825e+00 -1.469312317e+01 -1.469312317e+01 -1.5481e+00 +5.1346e+00 -9.0470e-01 -2.5479e+00 +2.5777e+00
967 +2.279075041e+00 +2.279075041e+00 -1.471092496e+01 -1.471092496e+01 -1.6344e+00 +4.9432e+00 -9.3563e-01 -2.4046e+00 +2.6975e+00
1280 +2.155772616e+00 +2.155772616e+00 -1.483422738e+01 -1.483422738e+01 -2.3283e+00 +5.1426e+00 -1.6487e+00 -2.2763e+00 +2.9258e+00
1304 +2.117438323e+00 +2.117438323e+00 -1.487256168e+01 -1.487256168e+01 -2.3075e+00 +4.6884e+00 -1.9328e+00 -2.0124e+00 +3.1742e+00
1586 +2.081375532e+00 +2.081375532e+00 -1.490862447e+01 -1.490862447e+01 -1.3083e+00 +4.9163e+00 -1.1512e+00 -2.5105e+00 +3.0919e+00
% function evaluation | noise-free fitness - Fopt (2.740000000000e+00) | best noise-free fitness - Fopt | measured fitness | best measured fitness | x1 | x2...
1 +6.291308264e+01 +6.291308264e+01 +6.565308264e+01 +6.565308264e+01 +0.0000e+00 +0.0000e+00 +0.0000e+00 +0.0000e+00 +0.0000e+00
4 +5.359298691e+01 +5.359298691e+01 +5.633298691e+01 +5.633298691e+01 -7.7389e-01 +3.8513e-02 -1.7060e+00 +1.0473e+00 -6.2592e-02
8 +3.140685375e+01 +3.140685375e+01 +3.414685375e+01 +3.414685375e+01 +4.0323e-01 -2.9319e+00 -2.2871e+00 +3.4093e-01 +1.9164e+00
11 +2.544587725e+01 +2.544587725e+01 +2.818587725e+01 +2.818587725e+01 -6.3572e-01 -5.5030e-01 -1.8718e+00 -1.0038e+00 +2.3636e-01
19 +2.103936132e+01 +2.103936132e+01 +2.377936132e+01 +2.377936132e+01 -1.6389e+00 -1.5979e+00 -8.6931e-01 -1.7508e+00 +3.5694e-01
52 +1.864102944e+01 +1.864102944e+01 +2.138102944e+01 +2.138102944e+01 -3.8536e+00 +1.4524e+00 +3.7760e+00 -1.2708e-01 -4.4058e+00
65 +1.801516335e+01 +1.801516335e+01 +2.075516335e+01 +2.075516335e+01 -3.4052e+00 +1.9326e+00 +3.9900e+00 +3.7546e-01 -3.4315e+00
79 +1.495727895e+01 +1.495727895e+01 +1.769727895e+01 +1.769727895e+01 -5.2552e+00 +2.3419e+00 +4.6060e+00 +7.6277e-01 -3.4345e+00
91 +1.129566723e+01 +1.129566723e+01 +1.403566723e+01 +1.403566723e+01 -6.4158e+00 +2.4738e+00 +4.5170e+00 -1.1893e-01 -4.1247e+00
124 +8.707716342e+00 +8.707716342e+00 +1.144771634e+01 +1.144771634e+01 -5.8260e+00 +2.2938e+00 +3.4932e+00 +1.5131e+00 -3.7642e+00
159 +8.136656889e+00 +8.136656889e+00 +1.087665689e+01 +1.087665689e+01 -4.1679e+00 +7.6814e-01 +2.7092e+00 +1.6668e+00 -4.8066e+00
179 +7.195287746e+00 +7.195287746e+00 +9.935287746e+00 +9.935287746e+00 -4.0001e+00 +7.8200e-01 +1.9412e+00 +2.5790e+00 -4.7850e+00
225 +6.651379805e+00 +6.651379805e+00 +9.391379805e+00 +9.391379805e+00 -3.4946e+00 +1.8853e+00 +3.1758e+00 +1.9435e+00 -4.0196e+00
251 +4.474389099e+00 +4.474389099e+00 +7.214389099e+00 +7.214389099e+00 -5.1867e+00 +1.8269e+00 +3.4063e+00 +1.5713e+00 -4.4019e+00
297 +4.384630512e+00 +4.384630512e+00 +7.124630512e+00 +7.124630512e+00 -5.8573e+00 +2.0538e+00 +2.5297e+00 +1.2986e+00 -3.7992e+00
417 +2.603041709e+00 +2.603041709e+00 +5.343041709e+00 +5.343041709e+00 -4.6444e+00 +1.8551e+00 +2.8112e+00 +1.0787e+00 -4.0732e+00
425 +2.547690835e+00 +2.547690835e+00 +5.287690835e+00 +5.287690835e+00 -5.2899e+00 +1.8301e+00 +2.8166e+00 +1.2845e+00 -3.9131e+00
465 +2.135014750e+00 +2.135014750e+00 +4.875014750e+00 +4.875014750e+00 -4.8801e+00 +2.0291e+00 +2.6846e+00 +1.3662e+00 -3.8997e+00
994 +2.084596933e+00 +2.084596933e+00 +4.824596933e+00 +4.824596933e+00 -5.0384e+00 +1.7157e+00 +2.5499e+00 +1.6912e+00 -4.2064e+00
% function evaluation | noise-free fitness - Fopt (-3.564000000000e+01) | best noise-free fitness - Fopt | measured fitness | best measured fitness | x1 | x2...
1 +6.419139959e+01 +6.419139959e+01 +2.855139959e+01 +2.855139959e+01 +0.0000e+00 +0.0000e+00 +0.0000e+00 +0.0000e+00 +0.0000e+00
4 +4.219616347e+01 +4.219616347e+01 +6.556163467e+00 +6.556163467e+00 -9.5159e-01 +4.5831e-01 -4.6537e-01 +1.6630e+00 +1.7018e+00
11 +3.451254087e+01 +3.451254087e+01 -1.127459135e+00 -1.127459135e+00 -1.0340e+00 -1.6300e+00 +7.9799e-01 -5.3122e-01 -2.2636e+00
12 +1.149440855e+01 +1.149440855e+01 -2.414559145e+01 -2.414559145e+01 -1.3015e+00 -1.5107e+00 +2.6156e+00 -2.2055e+00 -3.2666e+00
75 +7.387800582e+00 +7.387800582e+00 -2.825219942e+01 -2.825219942e+01 -1.2727e+00 -5.0036e+00 -5.6206e-01 -4.3478e+00 -2.9798e+00
221 +6.608180569e+00 +6.608180569e+00 -2.903181943e+01 -2.903181943e+01 +2.3368e+00 -2.9884e+00 +1.5155e+00 -2.7479e+00 -3.9745e+00
315 +4.677396945e+00 +4.677396945e+00 -3.096260305e+01 -3.096260305e+01 +3.5371e+00 -1.8355e+00 -1.7019e+00 -4.5430e+00 -4.0249e+00
318 +2.603978289e+00 +2.603978289e+00 -3.303602171e+01 -3.303602171e+01 +3.4722e+00 -1.4163e+00 -6.8775e-01 -4.0970e+00 -4.1036e+00
332 +2.462978264e+00 +2.462978264e+00 -3.317702174e+01 -3.317702174e+01 +3.6554e+00 -2.2460e+00 -2.7076e-01 -3.8443e+00 -3.2132e+00
345 +2.157859505e+00 +2.157859505e+00 -3.348214050e+01 -3.348214050e+01 +3.4252e+00 -2.3834e+00 -5.8893e-01 -4.1578e+00 -3.5869e+00
360 +2.090533038e+00 +2.090533038e+00 -3.354946696e+01 -3.354946696e+01 +3.6460e+00 -1.7241e+00 -1.2466e+00 -3.6305e+00 -3.8500e+00
404 +1.896287725e+00 +1.896287725e+00 -3.374371227e+01 -3.374371227e+01 +3.4592e+00 -1.8608e+00 -8.6228e-01 -3.9702e+00 -3.7093e+00
424 +1.843292458e+00 +1.843292458e+00 -3.379670754e+01 -3.379670754e+01 +4.0953e+00 -1.9267e+00 -1.1882e+00 -3.9465e+00 -3.6851e+00
779 +1.573997335e+00 +1.573997335e+00 -3.406600267e+01 -3.406600267e+01 +3.8264e+00 -2.1180e+00 -1.0245e+00 -4.1436e+00 -3.5794e+00
1016 +1.404994471e+00 +1.404994471e+00 -3.423500553e+01 -3.423500553e+01 +3.8311e+00 -1.9701e+00 -8.0427e-01 -4.0188e+00 -3.3583e+00
1260 +1.299391277e+00 +1.299391277e+00 -3.434060872e+01 -3.434060872e+01 +3.9063e+00 -1.8355e+00 -9.1325e-01 -4.0076e+00 -3.4177e+00
1495 +1.276958881e+00 +1.276958881e+00 -3.436304112e+01 -3.436304112e+01 +3.8721e+00 -1.8949e+00 -9.3112e-01 -4.1701e+00 -3.5178e+00
1951 +1.249905024e+00 +1.249905024e+00 -3.439009498e+01 -3.439009498e+01 +3.8747e+00 -1.8261e+00 -8.9229e-01 -4.0975e+00 -3.4798e+00
% function evaluation | noise-free fitness - Fopt (-4.590900000000e+02) | best noise-free fitness - Fopt | measured fitness | best measured fitness | x1 | x2...
1 +5.870251641e+01 +5.870251641e+01 -4.003874836e+02 -4.003874836e+02 +0.0000e+00 +0.0000e+00 +0.0000e+00 +0.0000e+00 +0.0000e+00
3 +5.674777850e+01 +5.674777850e+01 -4.023422215e+02 -4.023422215e+02 +1.7114e+00 -2.4281e+00 -2.7702e-01 +5.0725e+00 -1.0150e+00
5 +4.295068736e+01 +4.295068736e+01 -4.161393126e+02 -4.161393126e+02 +8.1084e-01 +4.9497e-02 +1.5861e+00 -1.0440e+00 +1.1762e+00
12 +3.089451271e+01 +3.089451271e+01 -4.281954873e+02 -4.281954873e+02 +4.0300e-01 -3.8124e-01 +3.3901e-01 +3.3272e-01 +1.5931e+00
17 +2.137251518e+01 +2.137251518e+01 -4.377174848e+02 -4.377174848e+02 +1.8684e-01 -4.3896e-01 +1.1379e-01 +1.4993e+00 +9.5520e-01
30 +1.031727672e+01 +1.031727672e+01 -4.487727233e+02 -4.487727233e+02 -4.1916e-01 -9.3161e-01 +1.9142e+00 +7.4612e-01 +3.0376e-01
33 +7.815187222e+00 +7.815187222e+00 -4.512748128e+02 -4.512748128e+02 -1.1307e+00 -1.1531e+00 +2.4492e+00 +8.0639e-01 +5.8840e-01
% function evaluation | noise-free fitness - Fopt (6.085000000000e+01) | best noise-free fitness - Fopt | measured fitness | best measured fitness | x1 | x2...
1 +6.278523772e+01 +6.278523772e+01 +1.236352377e+02 +1.236352377e+02 +0.0000e+00 +0.0000e+00 +0.0000e+00 +0.0000e+00 +0.0000e+00
4 +4.101334762e+01 +4.101334762e+01 +1.018633476e+02 +1.018633476e+02 -5.8914e-01 -4.9411e-01 +1.3582e+00 -1.0561e-01 +1.2042e+00
9 +4.065265957e+01 +4.065265957e+01 +1.015026596e+02 +1.015026596e+02 -1.5236e+00 +4.4971e-01 +1.8983e+00 -1.4102e+00 -1.8367e+00
14 +3.805924434e+01 +3.805924434e+01 +9.890924434e+01 +9.890924434e+01 -1.0163e+00 -1.3301e+00 +1.9256e+00 -5.3364e-01 -5.3927e-01
19 +2.939700921e+01 +2.939700921e+01 +9.024700921e+01 +9.024700921e+01 -2.2125e+00 -1.2425e-01 +1.7688e+00 -1.7351e+00 -4.1572e+00
25 +2.178903403e+01 +2.178903403e+01 +8.263903403e+01 +8.263903403e+01 -3.4437e-01 +7.4209e-02 +1.0900e+00 -2.0515e+00 -4.2284e+00
35 +2.091643662e+01 +2.091643662e+01 +8.176643662e+01 +8.176643662e+01 +3.1617e-01 +1.1247e+00 +2.3108e+00 -2.6984e+00 -3.6388e+00
41 +1.756236889e+01 +1.756236889e+01 +7.841236889e+01 +7.841236889e+01 -1.2075e+00 -5.6166e-01 +1.7126e+00 -1.9005e+00 -3.7852e+00
43 +1.703558775e+01 +1.703558775e+01 +7.788558775e+01 +7.788558775e+01 +2.1646e-02 -3.2877e-01 +1.8443e+00 -2.0832e+00 -4.6054e+00
45 +1.448070259e+01 +1.448070259e+01 +7.533070259e+01 +7.533070259e+01 -1.2950e+00 -1.0382e-01 +3.3848e+00 -2.3175e+00 -3.8007e+00
136 +1.372785531e+01 +1.372785531e+01 +7.457785531e+01 +7.457785531e+01 +1.7135e-01 +5.0779e-01 +3.1774e+00 -2.3281e+00 -4.1981e+00
156 +1.023379588e+01 +1.023379588e+01 +7.108379588e+01 +7.108379588e+01 -4.9293e-01 -6.1925e-01 +2.8312e+00 -1.8397e+00 -3.9752e+00
263 +9.352388087e+00 +9.352388087e+00 +7.020238809e+01 +7.020238809e+01 -3.2961e-01 +1.6005e-01 +2.6028e+00 -1.9047e+00 -3.4726e+00
445 +8.985588199e+00 +8.985588199e+00 +6.983558820e+01 +6.983558820e+01 -3.7486e-01 +4.3627e-02 +2.5275e+00 -1.8298e+00 -3.7209e+00
959 +8.908872621e+00 +8.908872621e+00 +6.975887262e+01 +6.975887262e+01 -2.5041e-01 -3.5122e-02 +2.7017e+00 -2.0399e+00 -3.7540e+00
% function evaluation | noise-free fitness - Fopt (-1.435000000000e+02) | best noise-free fitness - Fopt | measured fitness | best measured fitness | x1 | x2...
1 +6.636973448e+01 +6.636973448e+01 -7.713026552e+01 -7.713026552e+01 +0.0000e+00 +0.0000e+00 +0.0000e+00 +0.0000e+00 +0.0000e+00
4 +5.617768285e+01 +5.617768285e+01 -8.732231715e+01 -8.732231715e+01 +4.7610e-01 +4.3295e-01 +1.5011e+00 -4.0691e-01 +1.2804e+00
5 +4.701958927e+01 +4.701958927e+01 -9.648041073e+01 -9.648041073e+01 +7.3608e-01 -8.0592e-01 +1.5273e-01 -5.0105e-01 +1.1399e+00
7 +9.683413899e+00 +9.683413899e+00 -1.338165861e+02 -1.338165861e+02 -6.0182e-01 -4.1820e-01 -2.5804e+00 +2.1907e+00 -5.9488e-01
80 +8.447266881e+00 +8.447266881e+00 -1.350527331e+02 -1.350527331e+02 +2.4066e+00 -1.4324e+00 +3.3703e+00 +2.1181e+00 -2.8563e+00
188 +7.765969899e+00 +7.765969899e+00 -1.357340301e+02 -1.357340301e+02 +1.7145e+00 -1.2365e+00 +3.5211e+00 +1.7171e+00 -3.1631e+00
511 +7.464319408e+00 +7.464319408e+00 -1.360356806e+02 -1.360356806e+02 +1.7072e+00 -1.1117e+00 +4.0198e+00 +1.9143e+00 -3.1605e+00
520 +7.359911982e+00 +7.359911982e+00 -1.361400880e+02 -1.361400880e+02 +2.0408e+00 -1.2480e+00 +3.8607e+00 +2.0010e+00 -2.9286e+00
726 +7.217269866e+00 +7.217269866e+00 -1.362827301e+02 -1.362827301e+02 +2.0679e+00 -1.2463e+00 +3.5833e+00 +1.8457e+00 -3.0780e+00
1129 +7.068484982e+00 +7.068484982e+00 -1.364315150e+02 -1.364315150e+02 +1.9394e+00 -1.4133e+00 +3.6791e+00 +1.8068e+00 -3.4221e+00
% function evaluation | noise-free fitness - Fopt (9.465100000000e+02) | best noise-free fitness - Fopt | measured fitness | best measured fitness | x1 | x2...
1 +3.926232692e+01 +3.926232692e+01 +9.857723269e+02 +9.857723269e+02 +0.0000e+00 +0.0000e+00 +0.0000e+00 +0.0000e+00 +0.0000e+00
8 +3.754765330e+01 +3.754765330e+01 +9.840576533e+02 +9.840576533e+02 -2.1622e-01 -1.1353e+00 +2.5767e+00 -2.5384e-01 +1.3598e+00
17 +1.943376907e+01 +1.943376907e+01 +9.659437691e+02 +9.659437691e+02 -1.3912e+00 -1.7554e+00 -3.5528e+00 +2.0816e+00 -1.9244e+00
53 +1.335116164e+01 +1.335116164e+01 +9.598611616e+02 +9.598611616e+02 -1.7708e+00 -8.5174e-01 -4.8330e+00 +3.0201e+00 -6.3398e-01
67 +7.518041296e+00 +7.518041296e+00 +9.540280413e+02 +9.540280413e+02 -2.0577e+00 -1.8622e+00 -4.7142e+00 +4.1568e+00 -5.5392e-01
209 +5.890073575e+00 +5.890073575e+00 +9.524000736e+02 +9.524000736e+02 -1.5421e+00 -1.6262e+00 -3.7319e+00 +3.4756e+00 -6.4718e-01
224 +3.711913110e+00 +3.711913110e+00 +9.502219131e+02 +9.502219131e+02 -2.1907e+00 -2.0529e+00 -4.3016e+00 +3.9551e+00 -6.0294e-01
480 +3.584166240e+00 +3.584166240e+00 +9.500941662e+02 +9.500941662e+02 -1.6885e+00 -1.9206e+00 -3.8847e+00 +4.0279e+00 -5.8140e-01
524 +2.433056373e+00 +2.433056373e+00 +9.489430564e+02 +9.489430564e+02 -2.6010e+00 -2.3377e+00 -4.0443e+00 +3.2359e+00 -4.2931e-01
1096 +2.359223744e+00 +2.359223744e+00 +9.488692237e+02 +9.488692237e+02 -2.7335e+00 -2.2070e+00 -4.3945e+00 +3.0571e+00 -5.5273e-01
1307 +2.321425790e+00 +2.321425790e+00 +9.488314258e+02 +9.488314258e+02 -2.3794e+00 -2.1092e+00 -4.0009e+00 +3.3901e+00 -5.4845e-01
1531 +2.260587995e+00 +2.260587995e+00 +9.487705880e+02 +9.487705880e+02 -2.4591e+00 -2.1415e+00 -4.1603e+00 +3.3138e+00 -5.4685e-01
