% function evaluation | noise-free fitness - Fopt (1.026100000000e+02) | best noise-free fitness - Fopt | measured fitness | best measured fitness | x1 | x2...
1 +1.386956331e+02 +1.386956331e+02 +2.413056331e+02 +2.413056331e+02 +0.0000e+00 +0.0000e+00 +0.0000e+00 +0.0000e+00 +0.0000e+00 +0.0000e+00 +0.0000e+00 +0.0000e+00 +0.0000e+00 +0.0000e+00
2 +1.172508932e+02 +1.172508932e+02 +2.198608932e+02 +2.198608932e+02 -1.4571e-01 -1.4659e-01 -1.2981e+00 +5.3946e-01 -1.4442e-01 +1.5116e+00 +5.7772e-01 -5.5375e-01 +3.9511e-01 +1.5609e+00
18 +1.075660923e+02 +1.075660923e+02 +2.101760923e+02 +2.101760923e+02 -7.7185e-01 -2.6015e+00 -1.5385e+00 +1.5096e+00 +1.0058e+00 +1.0953e+00 +2.9270e+00 -2.1407e+00 +8.7830e-01 +9.1650e-01
123 +1.065219357e+02 +1.065219357e+02 +2.091319357e+02 +2.091319357e+02 -3.1292e+00 -3.7654e-01 -1.0497e-01 -2.6962e-01 -8.3845e-01 -2.4737e-01 +9.0989e-01 +2.8437e-01 -2.9071e-01 +1.9663e+00
400 +1.001435060e+02 +1.001435060e+02 +2.027535060e+02 +2.027535060e+02 +3.8196e-01 -1.2868e+00 -1.7604e+00 +9.3332e-01 -7.9803e-01 +1.0224e+00 +8.7657e-02 -3.1269e+00 +2.2541e-01 +9.9133e-01
430 +9.921297906e+01 +9.921297906e+01 +2.018229791e+02 +2.018229791e+02 +4.4455e-01 -8.2076e-01 -8.6570e-01 +8.4813e-01 -1.5672e+00 +1.7022e+00 +1.7671e+00 -1.9403e+00 +2.7453e-02 -3.2767e-01
449 +9.399206430e+01 +9.399206430e+01 +1.966020643e+02 +1.966020643e+02 +1.9359e+00 -1.4647e+00 -4.6040e-01 +1.2106e+00 -1.4469e+00 +3.4992e+00 +1.1172e+00 -1.7465e+00 +2.1048e-02 +8.0271e-01
782 +8.579165860e+01 +8.579165860e+01 +1.884016586e+02 +1.884016586e+02 -1.0741e+00 -1.0194e+00 -2.7621e+00 +2.5737e+00 -1.6175e+00 +2.4324e-01 +2.7755e+00 -2.1188e-01 +1.3867e+00 +1.1886e+00
833 +8.500131163e+01 +8.500131163e+01 +1.876113116e+02 +1.876113116e+02 -2.5968e+00 -2.1852e+00 -1.7820e+00 +2.7540e+00 -2.2847e+00 +1.9027e-01 +2.1247e+00 -3.1023e-01 +1.2517e+00 +4.5447e-01
976 +8.084066933e+01 +8.084066933e+01 +1.834506693e+02 +1.834506693e+02 -3.1930e+00 +5.2814e-01 -1.2380e+00 -4.0838e-02 -2.6256e-01 +1.9117e+00 +1.7908e+00 -2.6412e+00 -1.9254e-01 +1.4117e+00
1371 +5.681451566e+01 +5.681451566e+01 +1.594245157e+02 +1.594245157e+02 -1.6330e+00 -1.3223e+00 -2.1045e+00 +1.5684e+00 -1.8473e+00 +5.2529e-01 +1.3745e+00 -1.3870e+00 +2.1279e+00 +2.6863e+00
11575 +5.529178911e+01 +5.529178911e+01 +1.579017891e+02 +1.579017891e+02 -2.0564e+00 -2.2869e+00 -1.9430e+00 +2.6651e+00 -1.9105e+00 +1.8056e+00 +2.0076e+00 -2.0212e+00 +1.8217e+00 +2.1785e-01
14722 +5.250127978e+01 +5.250127978e+01 +1.551112798e+02 +1.551112798e+02 -2.5179e+00 -1.5975e+00 -1.2495e+00 +1.7163e+00 -9.4467e-01 +8.6496e-01 +2.4467e+00 -2.2514e+00 +2.2288e+00 +6.7369e-01
19007 +5.078059642e+01 +5.078059642e+01 +1.533905964e+02 +1.533905964e+02 -1.6622e+00 -1.3155e+00 -1.5645e+00 +1.8424e+00 -1.1072e+00 +2.2459e+00 +1.2981e+00 -1.2345e+00 +2.7439e+00 +1.9115e+00
38095 +3.763951960e+01 +3.763951960e+01 +1.402495196e+02 +1.402495196e+02 -8.6136e-01 -1.4031e+00 -1.1715e+00 +1.4667e+00 -6.9600e-01 +4.3827e-01 +1.1840e+00 -1.1271e+00 +2.1329e+00 +2.3171e+00
66183 +2.934540656e+01 +2.934540656e+01 +1.319554066e+02 +1.319554066e+02 -3.3027e+00 -1.4498e+00 -1.2341e+00 +1.6735e+00 -1.2229e+00 +1.2889e+00 +2.1401e+00 -1.8785e+00 +1.2381e+00 +2.0930e+00
67506 +2.590759396e+01 +2.590759396e+01 +1.285175940e+02 +1.285175940e+02 -3.3338e+00 -1.4593e+00 -1.2017e+00 +1.7592e+00 -1.1837e+00 +1.2751e+00 +2.1379e+00 -1.7042e+00 +1.3338e+00 +2.1769e+00
67559 +2.414926064e+01 +2.414926064e+01 +1.267592606e+02 +1.267592606e+02 -3.3318e+00 -1.4592e+00 -1.1966e+00 +1.7615e+00 -1.1808e+00 +1.2689e+00 +2.1437e+00 -1.6925e+00 +1.3395e+00 +2.1789e+00
68186 +2.344730171e+01 +2.344730171e+01 +1.260573017e+02 +1.260573017e+02 -3.3239e+00 -1.4620e+00 -1.1951e+00 +1.7668e+00 -1.1890e+00 +1.2713e+00 +2.1443e+00 -1.7015e+00 +1.3312e+00 +2.1826e+00
69076 +2.329645245e+01 +2.329645245e+01 +1.259064525e+02 +1.259064525e+02 -3.3267e+00 -1.4659e+00 -1.1893e+00 +1.7780e+00 -1.1920e+00 +1.2690e+00 +2.1529e+00 -1.7006e+00 +1.3351e+00 +2.1866e+00
70574 +2.289454898e+01 +2.289454898e+01 +1.255045490e+02 +1.255045490e+02 -3.3310e+00 -1.4703e+00 -1.1928e+00 +1.7667e+00 -1.1889e+00 +1.2650e+00 +2.1479e+00 -1.6979e+00 +1.3385e+00 +2.1793e+00
% function evaluation | noise-free fitness - Fopt (9.330000000000e+01) | best noise-free fitness - Fopt | measured fitness | best measured fitness | x1 | x2...
1 +1.432620636e+02 +1.432620636e+02 +2.365620636e+02 +2.365620636e+02 +0.0000e+00 +0.0000e+00 +0.0000e+00 +0.0000e+00 +0.0000e+00 +0.0000e+00 +0.0000e+00 +0.0000e+00 +0.0000e+00 +0.0000e+00
12 +1.150731890e+02 +1.150731890e+02 +2.083731890e+02 +2.083731890e+02 -2.0399e+00 -3.1953e-01 -1.2535e-01 -1.6114e+00 +2.2767e+00 -4.3011e-02 +3.7612e-01 -1.3577e+00 +8.2808e-01 +1.9316e+00
19 +1.138470595e+02 +1.138470595e+02 +2.071470595e+02 +2.071470595e+02 -2.5210e-01 +1.1483e+00 -1.7076e-01 -1.2498e+00 +1.6578e+00 +2.2335e+00 +9.4998e-01 +1.8748e-01 +4.0473e-01 +9.8866e-01
45 +9.614428541e+01 +9.614428541e+01 +1.894442854e+02 +1.894442854e+02 -2.5849e-01 +2.3233e-01 -1.1293e+00 -2.6554e+00 +2.7253e+00 -2.3335e+00 +2.9158e+00 +1.3795e+00 +1.6649e+00 +9.1530e-01
48 +8.023554745e+01 +8.023554745e+01 +1.735355474e+02 +1.735355474e+02 -2.3969e+00 +9.6671e-01 -3.0363e+00 +7.6809e-01 +2.4932e+00 -8.0121e-01 +2.5431e+00 -1.5064e-01 -3.9906e-01 +1.6380e+00
1073 +7.938181782e+01 +7.938181782e+01 +1.726818178e+02 +1.726818178e+02 -1.6091e+00 +1.0125e+00 -1.5731e+00 -1.7152e+00 +1.1071e+00 -1.4084e+00 +1.3547e+00 +1.4054e+00 +1.7743e+00 +2.6775e+00
1153 +6.970570953e+01 +6.970570953e+01 +1.630057095e+02 +1.630057095e+02 -2.1042e+00 +1.4826e+00 -8.6731e-01 +3.4395e-01 +1.3128e+00 -1.8495e+00 +7.9384e-01 +8.0926e-01 +2.0529e+00 +1.2434e+00
1543 +6.146690269e+01 +6.146690269e+01 +1.547669027e+02 +1.547669027e+02 -1.3054e+00 +1.1338e+00 -9.0640e-01 -4.8247e-01 +2.3015e+00 -7.9664e-01 +2.1220e+00 +1.7138e+00 +5.0335e-01 +8.1687e-01
4812 +5.807968846e+01 +5.807968846e+01 +1.513796885e+02 +1.513796885e+02 -1.0349e+00 +1.4456e+00 -2.0184e+00 -2.0723e+00 +2.1756e+00 -2.2441e+00 +2.3123e+00 +1.4854e+00 +2.0661e+00 +2.0017e+00
11221 +5.522188131e+01 +5.522188131e+01 +1.485218813e+02 +1.485218813e+02 -1.7385e+00 +1.9603e+00 -3.0613e+00 -9.1897e-01 +1.3965e+00 -1.2479e+00 +1.1660e+00 +1.6373e+00 +2.3905e+00 +2.2268e+00
29866 +4.734066668e+01 +4.734066668e+01 +1.406406667e+02 +1.406406667e+02 -2.1516e+00 +1.2010e-01 -1.3923e+00 -1.2938e+00 +1.8246e+00 -1.5276e+00 +1.5680e+00 -1.2761e-01 +9.1666e-01 +2.0896e+00
38823 +3.878847274e+01 +3.878847274e+01 +1.320884727e+02 +1.320884727e+02 -2.0708e+00 +1.0818e+00 -8.3455e-01 -1.3120e+00 +1.9077e+00 +2.3301e-01 +1.8628e+00 +1.1805e+00 +1.3340e+00 +1.9800e+00
% function evaluation | noise-free fitness - Fopt (1.364000000000e+01) | best noise-free fitness - Fopt | measured fitness | best measured fitness | x1 | x2...
1 +1.533351914e+02 +1.533351914e+02 +1.669751914e+02 +1.669751914e+02 +0.0000e+00 +0.0000e+00 +0.0000e+00 +0.0000e+00 +0.0000e+00 +0.0000e+00 +0.0000e+00 +0.0000e+00 +0.0000e+00 +0.0000e+00
12 +1.182998809e+02 +1.182998809e+02 +1.319398809e+02 +1.319398809e+02 +2.3858e+00 -5.2624e-03 -1.1091e+00 -8.1981e-01 -8.5798e-01 +8.8027e-01 -5.8333e-01 -1.5949e+00 -6.5578e-02 -2.8712e-01
246 +1.062293901e+02 +1.062293901e+02 +1.198693901e+02 +1.198693901e+02 +1.5511e+00 -4.3795e-01 -1.8703e+00 -1.6106e+00 -7.8899e-01 +2.2631e+00 +1.8088e+00 -9.4566e-01 -3.9575e+00 -9.4993e-01
306 +9.043315198e+01 +9.043315198e+01 +1.040731520e+02 +1.040731520e+02 -1.0684e+00 +9.5007e-01 -2.2894e+00 -4.6794e-01 -1.9824e+00 +6.2814e-01 +5.7475e-01 -2.3735e+00 -1.8575e+00 -7.0005e-01
351 +8.838930782e+01 +8.838930782e+01 +1.020293078e+02 +1.020293078e+02 -8.8451e-02 +2.1081e+00 -1.2682e+00 -2.0283e+00 -7.5977e-01 +1.7117e+00 +1.6729e+00 -1.1081e+00 -1.0978e+00 -1.0182e+00
376 +8.601121050e+01 +8.601121050e+01 +9.965121050e+01 +9.965121050e+01 +1.0782e+00 +3.5038e-01 -9.8260e-02 -2.0226e+00 -1.0331e+00 +1.0045e+00 +4.1250e-01 -2.0725e+00 -1.3028e+00 -3.3938e-01
385 +6.630170672e+01 +6.630170672e+01 +7.994170672e+01 +7.994170672e+01 +1.8054e+00 +1.0329e+00 +3.9053e-01 -1.0795e+00 -1.3054e+00 +1.3676e+00 +4.9422e-01 -2.4572e+00 -1.3902e+00 +2.9792e-01
524 +6.375698638e+01 +6.375698638e+01 +7.739698638e+01 +7.739698638e+01 +6.2659e-01 +1.4315e+00 -1.6696e+00 -2.5230e+00 -2.9297e+00 +1.2729e+00 +2.2358e+00 -1.3054e+00 -1.4558e+00 -1.2055e+00
912 +5.228302777e+01 +5.228302777e+01 +6.592302777e+01 +6.592302777e+01 +9.5108e-01 +2.1164e+00 -2.2030e+00 -3.5551e-01 -1.4257e+00 +1.9217e+00 +2.5519e+00 -1.0320e+00 -1.9399e+00 -1.4920e+00
1182 +4.243180524e+01 +4.243180524e+01 +5.607180524e+01 +5.607180524e+01 -1.3056e-01 +8.3693e-01 -1.2016e+00 -2.1296e+00 -1.3251e+00 +9.2357e-01 +1.8536e+00 -2.5018e+00 -1.7874e+00 -1.6008e+00
18577 +3.710096958e+01 +3.710096958e+01 +5.074096958e+01 +5.074096958e+01 +1.9722e+00 +9.7773e-01 -1.5279e+00 -4.9749e-01 -7.6500e-01 +1.1329e+00 +1.1142e+00 -6.0026e-01 -7.9060e-01 -1.2540e+00
58713 +3.240587645e+01 +3.240587645e+01 +4.604587645e+01 +4.604587645e+01 +6.3045e-01 +1.3337e+00 -1.0068e+00 -8.3635e-01 -6.1478e-01 +2.0965e+00 +1.6017e+00 -1.7858e+00 -7.5898e-01 -1.6725e+00
73221 +2.967500971e+01 +2.967500971e+01 +4.331500971e+01 +4.331500971e+01 +1.5989e+00 +1.5949e+00 -4.2136e-01 +3.0714e-01 -5.3929e-01 +9.2608e-01 +9.8953e-01 -1.0098e+00 -2.1893e+00 -1.1223e+00
74192 +2.922779234e+01 +2.922779234e+01 +4.286779234e+01 +4.286779234e+01 +1.6035e+00 +1.5998e+00 -4.4001e-01 +3.4375e-01 -5.3577e-01 +8.9275e-01 +9.9807e-01 -9.6490e-01 -2.2030e+00 -1.2344e+00
74274 +2.879968314e+01 +2.879968314e+01 +4.243968314e+01 +4.243968314e+01 +1.5927e+00 +1.6020e+00 -4.4806e-01 +3.3601e-01 -5.3468e-01 +9.0456e-01 +9.8145e-01 -9.9300e-01 -2.1865e+00 -1.2457e+00
74275 +2.500817780e+01 +2.500817780e+01 +3.864817780e+01 +3.864817780e+01 +1.5863e+00 +1.6032e+00 -4.2726e-01 +3.3888e-01 -5.3065e-01 +9.1419e-01 +9.8370e-01 -9.7348e-01 -2.1930e+00 -1.2393e+00
74512 +2.415342680e+01 +2.415342680e+01 +3.779342680e+01 +3.779342680e+01 +1.5962e+00 +1.6031e+00 -4.3618e-01 +3.4114e-01 -5.1983e-01 +9.0620e-01 +9.8421e-01 -9.8315e-01 -2.1792e+00 -1.2464e+00
74567 +2.193190505e+01 +2.193190505e+01 +3.557190505e+01 +3.557190505e+01 +1.5942e+00 +1.6034e+00 -4.3010e-01 +3.3608e-01 -5.2399e-01 +9.1106e-01 +9.8620e-01 -9.8949e-01 -2.1904e+00 -1.2396e+00
75810 +2.183823828e+01 +2.183823828e+01 +3.547823828e+01 +3.547823828e+01 +1.6000e+00 +1.6116e+00 -4.3821e-01 +3.2868e-01 -5.1727e-01 +9.0747e-01 +9.8734e-01 -9.8574e-01 -2.1882e+00 -1.2503e+00
76427 +2.129969908e+01 +2.129969908e+01 +3.493969908e+01 +3.493969908e+01 +1.6023e+00 +1.6129e+00 -4.2932e-01 +3.3926e-01 -5.1482e-01 +9.1551e-01 +9.7930e-01 -9.9746e-01 -2.1861e+00 -1.2465e+00
77166 +2.087031249e+01 +2.087031249e+01 +3.451031249e+01 +3.451031249e+01 +1.6000e+00 +1.6116e+00 -4.2678e-01 +3.4542e-01 -5.1355e-01 +9.1597e-01 +9.7819e-01 -9.9431e-01 -2.1895e+00 -1.2459e+00
% function evaluation | noise-free fitness - Fopt (1.948000000000e+02) | best noise-free fitness - Fopt | measured fitness | best measured fitness | x1 | x2...
1 +1.947008140e+02 +1.947008140e+02 +3.895008140e+02 +3.895008140e+02 +0.0000e+00 +0.0000e+00 +0.0000e+00 +0.0000e+00 +0.0000e+00 +0.0000e+00 +0.0000e+00 +0.0000e+00 +0.0000e+00 +0.0000e+00
2 +1.418885683e+02 +1.418885683e+02 +3.366885683e+02 +3.366885683e+02 +1.9573e-01 -6.3856e-01 +1.0134e-01 -1.3657e+00 +7.5049e-01 -1.3785e-01 +2.6096e-01 -1.6954e+00 +2.1956e-01 -1.0576e+00
11 +1.258570588e+02 +1.258570588e+02 +3.206570588e+02 +3.206570588e+02 -2.4034e-01 +9.9929e-01 -1.1165e+00 +1.5049e+00 -6.5918e-01 +8.9581e-01 -9.8536e-01 -1.7155e-01 -1.3868e-03 +1.3311e+00
15 +1.073048934e+02 +1.073048934e+02 +3.021048934e+02 +3.021048934e+02 +7.4111e-01 +2.8785e+00 -1.1330e+00 +2.2865e+00 +1.0469e+00 +9.9521e-01 -6.7476e-01 -4.8931e-01 -2.7519e-02 +1.2307e+00
155 +1.045317347e+02 +1.045317347e+02 +2.993317347e+02 +2.993317347e+02 +1.1431e+00 +1.7051e-01 -6.1544e-01 +6.4637e-02 -1.4157e-01 -4.2805e-02 -1.6859e+00 -3.3506e-01 +1.2857e+00 +4.9502e-01
427 +9.823317249e+01 +9.823317249e+01 +2.930331725e+02 +2.930331725e+02 +1.6598e+00 +8.3125e-01 -1.2791e+00 +2.7840e-01 +2.0609e+00 -8.4933e-01 -1.3709e+00 -2.3586e+00 +2.7079e+00 -6.9506e-01
457 +9.079880285e+01 +9.079880285e+01 +2.855988029e+02 +2.855988029e+02 +2.3630e+00 +1.7152e+00 -1.2233e+00 +9.7706e-01 +1.1364e+00 -1.2192e+00 -4.3837e-01 -1.9430e+00 +1.8535e+00 +1.5684e+00
503 +8.885651035e+01 +8.885651035e+01 +2.836565104e+02 +2.836565104e+02 +4.4726e-01 +5.4165e-01 -6.7569e-01 +1.5814e+00 +2.1376e+00 -1.7641e+00 -1.8551e+00 -1.0551e+00 +2.6825e-01 +3.0069e+00
530 +8.617732956e+01 +8.617732956e+01 +2.809773296e+02 +2.809773296e+02 +7.4907e-01 +7.7340e-01 -9.9907e-01 +1.4884e+00 -9.5846e-02 -1.2339e+00 -1.2920e+00 -8.3070e-02 +1.4350e+00 +1.7101e+00
616 +7.221957371e+01 +7.221957371e+01 +2.670195737e+02 +2.670195737e+02 +1.3653e+00 +5.2167e-01 -1.3165e+00 -3.2462e-01 +1.2690e+00 -8.3848e-01 -1.3658e+00 -1.0431e+00 +1.2667e+00 +1.1588e+00
631 +6.137754690e+01 +6.137754690e+01 +2.561775469e+02 +2.561775469e+02 +2.4310e+00 +4.8345e-02 -1.4949e+00 +4.5972e-01 +1.6561e+00 -1.0067e+00 -1.3484e+00 -1.7953e-01 +5.1569e-01 +1.7648e+00
1850 +5.485774062e+01 +5.485774062e+01 +2.496577406e+02 +2.496577406e+02 -3.9669e-01 +1.3875e+00 -2.0808e+00 +1.6932e+00 +1.7423e+00 -2.0353e+00 -1.8272e+00 -2.0901e+00 +8.0179e-01 +1.5759e+00
2725 +5.123859182e+01 +5.123859182e+01 +2.460385918e+02 +2.460385918e+02 +2.5587e+00 +2.3133e+00 -1.7753e+00 +7.2278e-01 +9.0991e-01 -1.2738e+00 +9.0269e-01 -1.3787e+00 +1.1600e+00 +1.6037e+00
5808 +4.496973635e+01 +4.496973635e+01 +2.397697363e+02 +2.397697363e+02 +7.9748e-01 +1.9146e-01 -1.5860e+00 +1.1789e+00 +1.2139e+00 -1.9257e-01 -1.3149e+00 -1.9795e+00 +1.7228e+00 +1.7570e+00
17111 +4.405392663e+01 +4.405392663e+01 +2.388539266e+02 +2.388539266e+02 +9.2938e-01 +7.5523e-01 -6.1448e-01 +1.0285e+00 +1.3235e+00 -1.6414e+00 -1.5332e+00 -4.1742e-01 +7.4386e-01 +7.1309e-01
17296 +4.230482299e+01 +4.230482299e+01 +2.371048230e+02 +2.371048230e+02 +1.9287e+00 +2.7075e-01 -6.8231e-01 +1.1522e-01 +1.4297e+00 -2.4250e+00 -6.8181e-01 -1.7211e+00 +7.7712e-01 +1.4036e+00
31793 +3.027664614e+01 +3.027664614e+01 +2.250766461e+02 +2.250766461e+02 +5.5703e-01 +1.1778e+00 -8.3318e-01 +5.8260e-01 +4.8504e-01 -4.8208e-01 -7.7332e-01 -5.4844e-01 +1.6655e+00 +1.8132e+00
% function evaluation | noise-free fitness - Fopt (-1.335900000000e+02) | best noise-free fitness - Fopt | measured fitness | best measured fitness | x1 | x2...
1 +1.778421450e+02 +1.778421450e+02 +4.425214496e+01 +4.425214496e+01 +0.0000e+00 +0.0000e+00 +0.0000e+00 +0.0000e+00 +0.0000e+00 +0.0000e+00 +0.0000e+00 +0.0000e+00 +0.0000e+00 +0.0000e+00
2 +1.777469635e+02 +1.777469635e+02 +4.415696346e+01 +4.415696346e+01 +2.0223e+00 -8.9302e-02 -5.8713e-01 +3.1880e-01 -5.2614e-01 +1.5504e+00 +1.5350e+00 +5.7139e-01 +1.1852e-01 -9.4974e-01
5 +1.575742840e+02 +1.575742840e+02 +2.398428404e+01 +2.398428404e+01 -2.9165e+00 -1.2805e-01 -7.4436e-01 -3.7533e-01 -5.7300e-01 +1.9556e-02 +9.8621e-01 +2.3972e-01 +5.2826e-01 +2.5209e+00
8 +1.504603202e+02 +1.504603202e+02 +1.687032025e+01 +1.687032025e+01 +4.2168e-01 -5.0002e-02 +2.9627e-01 -4.2668e-01 +3.7902e-01 -7.6769e-01 -5.0514e-01 -1.2479e+00 -7.5863e-01 +1.5009e+00
12 +1.446628089e+02 +1.446628089e+02 +1.107280890e+01 +1.107280890e+01 +3.4414e-01 -9.8215e-01 +1.5731e+00 +1.0077e+00 -6.0649e-02 -3.0268e-01 -8.0020e-01 -3.1533e+00 -1.9019e+00 +4.4030e-01
28 +1.424812736e+02 +1.424812736e+02 +8.891273644e+00 +8.891273644e+00 -2.6930e-01 -1.0660e+00 +8.0143e-01 +1.1593e+00 +1.2668e+00 +7.8070e-01 +4.9571e-01 -1.9751e+00 -1.6451e+00 +7.9456e-01
33 +1.406020635e+02 +1.406020635e+02 +7.012063537e+00 +7.012063537e+00 -1.1393e+00 -1.1983e+00 +2.5890e+00 +8.7129e-01 +1.4763e+00 -5.6871e-01 +2.3403e-01 -3.2021e+00 -5.3208e-01 +3.9085e-01
39 +1.317715366e+02 +1.317715366e+02 -1.818463361e+00 -1.818463361e+00 -8.7015e-01 -3.3016e-01 +1.6421e+00 -1.6323e+00 +1.3107e+00 -5.6191e-01 +5.1442e-01 -1.1900e+00 -3.3710e-01 +1.2598e+00
143 +1.279010554e+02 +1.279010554e+02 -5.688944604e+00 -5.688944604e+00 +4.5109e-01 +4.0525e-02 +3.5768e+00 -1.0907e+00 -8.4480e-01 +8.3851e-01 -2.5498e+00 -1.2794e+00 -1.4452e+00 +6.2882e-01
170 +1.206212202e+02 +1.206212202e+02 -1.296877984e+01 -1.296877984e+01 -9.9933e-02 +1.4554e-01 +2.3080e+00 -7.8875e-02 -2.1515e+00 -6.5359e-01 -1.1741e+00 -2.3011e+00 -2.7133e+00 +9.9281e-01
186 +7.397272713e+01 +7.397272713e+01 -5.961727287e+01 -5.961727287e+01 -2.1047e+00 +5.6762e-01 +1.1999e+00 -1.8541e+00 -1.0787e+00 +9.3616e-02 -4.0173e-01 -1.1807e+00 -1.7413e+00 +7.7816e-01
706 +6.980392954e+01 +6.980392954e+01 -6.378607046e+01 -6.378607046e+01 -8.1305e-01 +1.0365e+00 +7.6093e-01 -7.9609e-01 -1.8027e+00 +1.0260e+00 +2.4101e+00 -3.3314e+00 -1.5274e+00 +1.1027e+00
1048 +5.606725083e+01 +5.606725083e+01 -7.752274917e+01 -7.752274917e+01 -2.2399e+00 +2.6351e+00 +2.0675e+00 -1.9613e+00 -3.6294e-01 +3.0044e+00 +1.2585e+00 -1.8264e+00 -2.4722e+00 +1.6791e+00
4261 +5.409320762e+01 +5.409320762e+01 -7.949679238e+01 -7.949679238e+01 -1.0591e+00 +1.3453e+00 +1.0190e+00 -8.5766e-01 -2.4110e+00 +1.3487e+00 +1.5747e+00 -2.2487e-01 -8.7146e-01 +8.6804e-01
12797 +4.283334005e+01 +4.283334005e+01 -9.075665995e+01 -9.075665995e+01 -1.1004e+00 +3.2999e-01 +1.7578e+00 -6.8525e-01 -2.7349e+00 +1.2253e+00 +1.3339e+00 -2.0690e+00 -2.3472e-01 +1.0317e+00
59575 +4.190739331e+01 +4.190739331e+01 -9.168260669e+01 -9.168260669e+01 -2.6391e+00 +3.3479e-01 +1.7008e+00 -1.8119e+00 -1.6216e+00 +1.6748e+00 +2.1804e+00 -9.4437e-01 -1.4396e+00 +2.0344e+00
70178 +4.094694716e+01 +4.094694716e+01 -9.264305284e+01 -9.264305284e+01 -1.9792e+00 +1.0390e+00 +1.7881e+00 -2.9543e+00 -1.7101e+00 +1.4347e+00 +2.3567e+00 -1.0252e+00 -7.3672e-01 +2.1205e+00
83459 +4.008915925e+01 +4.008915925e+01 -9.350084075e+01 -9.350084075e+01 -1.2919e+00 +2.3288e-01 +1.6360e+00 -1.4272e+00 -1.4961e+00 +2.2247e+00 +2.2782e+00 -1.0490e+00 -5.6038e-01 +1.8282e+00
83757 +3.099435068e+01 +3.099435068e+01 -1.025956493e+02 -1.025956493e+02 -1.1983e+00 +2.0309e-01 +1.7068e+00 -1.4141e+00 -1.6149e+00 +2.2345e+00 +2.3130e+00 -1.0135e+00 -7.6735e-01 +1.8541e+00
84587 +2.983942899e+01 +2.983942899e+01 -1.037505710e+02 -1.037505710e+02 -1.4982e+00 +1.8419e-01 +1.7108e+00 -1.4190e+00 -1.6658e+00 +1.9710e+00 +2.3214e+00 -1.0804e+00 -6.9702e-01 +1.8755e+00
84964 +2.731217271e+01 +2.731217271e+01 -1.062778273e+02 -1.062778273e+02 -1.5156e+00 +1.9008e-01 +1.7090e+00 -1.4137e+00 -1.6483e+00 +1.9831e+00 +2.3126e+00 -1.0609e+00 -6.9101e-01 +1.8755e+00
84989 +2.439657338e+01 +2.439657338e+01 -1.091934266e+02 -1.091934266e+02 -1.5647e+00 +1.8718e-01 +1.7048e+00 -1.4168e+00 -1.6570e+00 +1.9683e+00 +2.3126e+00 -1.0479e+00 -6.9113e-01 +1.8780e+00
85252 +2.395035028e+01 +2.395035028e+01 -1.096396497e+02 -1.096396497e+02 -1.5461e+00 +1.9531e-01 +1.7085e+00 -1.4259e+00 -1.6491e+00 +1.9783e+00 +2.3305e+00 -1.0322e+00 -7.1775e-01 +1.8725e+00
85303 +2.219484584e+01 +2.219484584e+01 -1.113951542e+02 -1.113951542e+02 -1.5278e+00 +1.8308e-01 +1.6954e+00 -1.4211e+00 -1.6579e+00 +1.9706e+00 +2.3317e+00 -1.0475e+00 -7.0400e-01 +1.8827e+00
85469 +2.143613050e+01 +2.143613050e+01 -1.121538695e+02 -1.121538695e+02 -1.5293e+00 +1.8208e-01 +1.7048e+00 -1.4241e+00 -1.6575e+00 +1.9852e+00 +2.3297e+00 -1.0383e+00 -6.9329e-01 +1.8737e+00
86435 +2.109809475e+01 +2.109809475e+01 -1.124919052e+02 -1.124919052e+02 -1.5366e+00 +1.7830e-01 +1.7089e+00 -1.4343e+00 -1.6651e+00 +1.9823e+00 +2.3306e+00 -1.0467e+00 -7.0484e-01 +1.8873e+00
86847 +2.038438849e+01 +2.038438849e+01 -1.132056115e+02 -1.132056115e+02 -1.5316e+00 +1.6800e-01 +1.7029e+00 -1.4251e+00 -1.6633e+00 +1.9676e+00 +2.3278e+00 -1.0502e+00 -6.9213e-01 +1.8838e+00
87569 +1.989633995e+01 +1.989633995e+01 -1.136936600e+02 -1.136936600e+02 -1.5401e+00 +1.7362e-01 +1.6944e+00 -1.4292e+00 -1.6596e+00 +1.9662e+00 +2.3352e+00 -1.0419e+00 -7.0536e-01 +1.8829e+00
89646 +1.948592985e+01 +1.948592985e+01 -1.141040701e+02 -1.141040701e+02 -1.5351e+00 +1.7406e-01 +1.6999e+00 -1.4256e+00 -1.6587e+00 +1.9653e+00 +2.3318e+00 -1.0468e+00 -6.9684e-01 +1.8783e+00
% function evaluation | noise-free fitness - Fopt (1.955000000000e+01) | best noise-free fitness - Fopt | measured fitness | best measured fitness | x1 | x2...
1 +1.413640110e+02 +1.413640110e+02 +1.609140110e+02 +1.609140110e+02 +0.0000e+00 +0.0000e+00 +0.0000e+00 +0.0000e+00 +0.0000e+00 +0.0000e+00 +0.0000e+00 +0.0000e+00 +0.0000e+00 +0.0000e+00
16 +1.226348347e+02 +1.226348347e+02 +1.421848347e+02 +1.421848347e+02 -9.4870e-01 +8.4266e-04 +3.1702e-01 +5.2168e-02 +1.2981e+00 -1.0927e+00 +6.7532e-01 -2.7635e+00 -9.2870e-01 +1.3857e+00
80 +1.056703097e+02 +1.056703097e+02 +1.252203097e+02 +1.252203097e+02 -2.9224e-01 -1.7298e+00 +1.2863e+00 -3.4311e+00 +3.3357e+00 +4.3717e-01 +6.2612e-01 -6.4071e-01 +1.7931e+00 +7.8074e-01
87 +1.035796494e+02 +1.035796494e+02 +1.231296494e+02 +1.231296494e+02 -2.2710e-01 -2.1560e+00 +1.0067e+00 -1.8704e+00 +2.6626e+00 -1.6747e+00 +1.9494e+00 +3.9138e-01 +2.2212e+00 +1.4763e+00
468 +9.190294379e+01 +9.190294379e+01 +1.114529438e+02 +1.114529438e+02 -2.4818e+00 -1.5383e+00 +1.7294e+00 +5.4020e-02 +4.0238e+00 -6.8551e-01 +5.3445e-01 -2.2841e+00 +2.8593e+00 +2.0571e+00
498 +8.203352789e+01 +8.203352789e+01 +1.015835279e+02 +1.015835279e+02 -2.0811e+00 -2.7520e+00 +2.5980e+00 -2.1634e+00 +2.4136e+00 -1.7571e+00 +6.8893e-01 -1.2776e+00 +1.5401e+00 +1.7089e+00
1851 +7.079474312e+01 +7.079474312e+01 +9.034474312e+01 +9.034474312e+01 -3.1793e+00 -2.5539e+00 +4.8231e-01 -7.8371e-01 +2.0938e+00 -2.0490e+00 +7.9095e-01 -2.6131e+00 +1.4260e+00 +2.7249e-01
2381 +6.876808887e+01 +6.876808887e+01 +8.831808887e+01 +8.831808887e+01 -9.1619e-01 -9.9877e-01 +1.1480e+00 -1.4466e-01 +2.8383e+00 -1.8097e+00 +3.3029e+00 -1.4765e+00 -4.1715e-01 +8.2591e-01
6195 +6.701708143e+01 +6.701708143e+01 +8.656708143e+01 +8.656708143e+01 -2.0305e+00 -1.4233e+00 +2.3041e+00 -2.7962e+00 +2.5215e+00 -2.7169e+00 -2.2802e-01 -2.3858e+00 +2.1432e+00 +9.0795e-01
6506 +6.430830842e+01 +6.430830842e+01 +8.385830842e+01 +8.385830842e+01 -1.5069e-02 -2.9770e+00 +1.9553e+00 -3.4403e+00 +1.3293e+00 -2.1325e+00 +1.0629e+00 -2.3406e+00 +1.7127e+00 +2.8799e+00
7490 +5.718020278e+01 +5.718020278e+01 +7.673020278e+01 +7.673020278e+01 -1.2601e+00 -1.8566e+00 +1.1897e+00 -3.2965e-01 +1.4991e+00 -9.1588e-01 +8.0733e-01 -2.3364e+00 +1.7911e+00 -1.7311e-01
19587 +5.545237026e+01 +5.545237026e+01 +7.500237026e+01 +7.500237026e+01 -9.6615e-01 -3.0391e+00 +2.0334e+00 -4.8360e-01 +1.3695e+00 -1.2131e+00 +2.5906e+00 -1.7115e+00 +1.3911e+00 +2.3766e+00
29647 +4.283191972e+01 +4.283191972e+01 +6.238191972e+01 +6.238191972e+01 -1.3740e+00 -1.6068e+00 +3.5448e-01 -1.8546e+00 +1.7048e+00 -1.6160e+00 +1.2932e+00 -3.9820e-01 +2.0476e+00 +3.2370e+00
% function evaluation | noise-free fitness - Fopt (-1.307000000000e+01) | best noise-free fitness - Fopt | measured fitness | best measured fitness | x1 | x2...
1 +1.618351784e+02 +1.618351784e+02 +1.487651784e+02 +1.487651784e+02 +0.0000e+00 +0.0000e+00 +0.0000e+00 +0.0000e+00 +0.0000e+00 +0.0000e+00 +0.0000e+00 +0.0000e+00 +0.0000e+00 +0.0000e+00
7 +1.514084329e+02 +1.514084329e+02 +1.383384329e+02 +1.383384329e+02 +4.0490e-01 +1.9187e+00 +2.5203e+00 +5.7423e-01 -9.0971e-01 +1.4595e+00 +1.2364e+00 -2.3464e+00 -5.1299e-01 -1.2606e+00
11 +1.421274038e+02 +1.421274038e+02 +1.290574038e+02 +1.290574038e+02 -1.9864e+00 +1.2182e+00 -6.9366e-02 -3.4330e-01 -9.0468e-01 +5.8737e-01 -6.5587e-01 +7.3014e-01 +6.0679e-01 -7.9412e-02
17 +1.405307672e+02 +1.405307672e+02 +1.274607672e+02 +1.274607672e+02 -1.9061e+00 +1.9416e+00 -1.2666e+00 +1.0061e+00 -1.5277e+00 +8.2511e-01 -1.7429e+00 +1.0804e-01 -1.0002e+00 -8.8898e-01
18 +1.080136902e+02 +1.080136902e+02 +9.494369021e+01 +9.494369021e+01 -1.9357e+00 +2.1128e-01 +8.4346e-02 -3.6897e-01 -1.5888e+00 -5.4456e-01 -1.6198e+00 +1.8240e+00 +1.1528e+00 -9.8257e-01
20 +9.028919999e+01 +9.028919999e+01 +7.721919999e+01 +7.721919999e+01 -9.2500e-01 +2.8303e+00 -1.3753e-02 +2.3121e-01 -2.2945e+00 +2.1393e+00 -2.4070e+00 +2.3505e+00 +9.9341e-01 -1.8192e+00
207 +8.265019911e+01 +8.265019911e+01 +6.958019911e+01 +6.958019911e+01 -1.5856e+00 +8.7048e-01 +1.2024e+00 +5.5186e-01 -2.3165e+00 +1.1432e+00 -1.2427e+00 +3.4465e-01 +4.9185e-01 -1.4848e+00
415 +7.295144189e+01 +7.295144189e+01 +5.988144189e+01 +5.988144189e+01 -2.0927e+00 +1.8829e+00 +2.4981e+00 +6.7743e-01 -5.4308e-01 +3.0733e+00 -2.1314e+00 +1.5963e+00 +8.4815e-01 -6.4343e-01
1122 +7.232466334e+01 +7.232466334e+01 +5.925466334e+01 +5.925466334e+01 -1.1172e+00 +1.4273e+00 +2.4175e+00 +8.1802e-01 -1.2668e+00 +1.5136e+00 -1.1708e+00 +1.6635e+00 +2.3457e+00 -2.5981e-01
1766 +6.977389586e+01 +6.977389586e+01 +5.670389586e+01 +5.670389586e+01 -3.1991e+00 +1.4234e+00 +1.0914e+00 +2.4804e+00 -1.1274e+00 +1.6753e+00 -3.0946e+00 +5.9246e-01 +2.3558e+00 -1.7108e+00
1992 +6.360952326e+01 +6.360952326e+01 +5.053952326e+01 +5.053952326e+01 -2.4925e+00 +1.3093e+00 +1.5507e+00 +1.2637e+00 -1.0535e+00 +1.4690e+00 -4.4535e+00 +1.4606e+00 +2.3054e+00 -1.9865e+00
4304 +6.222873043e+01 +6.222873043e+01 +4.915873043e+01 +4.915873043e+01 -5.0082e-01 +1.2756e+00 +1.2394e+00 +1.4844e+00 -2.0410e+00 +2.4202e+00 -3.6223e+00 +1.5247e+00 +1.6784e+00 -8.0106e-01
6003 +5.959088978e+01 +5.959088978e+01 +4.652088978e+01 +4.652088978e+01 -2.6040e+00 +1.3414e+00 +1.4758e+00 +1.1117e+00 -1.1408e+00 +1.7228e+00 -6.6702e-01 +1.7564e+00 +5.4940e-01 -1.2987e+00
12628 +5.386116640e+01 +5.386116640e+01 +4.079116640e+01 +4.079116640e+01 -1.1378e+00 +2.4923e+00 +2.6199e+00 +1.5636e+00 -3.0409e-01 +1.1467e+00 -1.3010e+00 +2.0082e+00 +2.0385e+00 -2.4195e+00
22145 +4.854752531e+01 +4.854752531e+01 +3.547752531e+01 +3.547752531e+01 -1.6784e+00 +2.1207e+00 +8.7634e-01 +1.3478e+00 -2.2528e+00 +1.7703e+00 -2.8225e+00 +5.0218e-01 +2.6145e+00 -2.4348e+00
26763 +4.773587125e+01 +4.773587125e+01 +3.466587125e+01 +3.466587125e+01 -2.6430e+00 +1.0841e+00 +1.2260e+00 +1.3099e+00 -1.3527e+00 +1.5038e+00 -8.6821e-01 +1.4876e+00 +1.8406e+00 -1.0628e+00
27121 +4.445495236e+01 +4.445495236e+01 +3.138495236e+01 +3.138495236e+01 -3.2044e+00 +1.7782e+00 +1.1221e+00 +9.1109e-01 -1.2995e+00 +1.2715e+00 -1.4372e+00 +1.7554e+00 +2.1076e+00 -9.6627e-01
67423 +4.237388047e+01 +4.237388047e+01 +2.930388047e+01 +2.930388047e+01 -7.9824e-01 +2.4617e+00 +1.5111e+00 +1.5167e+00 -1.8334e+00 +2.6581e+00 -2.6026e+00 +1.0490e+00 +1.7792e+00 -1.2822e+00
% function evaluation | noise-free fitness - Fopt (7.965000000000e+01) | best noise-free fitness - Fopt | measured fitness | best measured fitness | x1 | x2...
1 +1.663846517e+02 +1.663846517e+02 +2.460346517e+02 +2.460346517e+02 +0.0000e+00 +0.0000e+00 +0.0000e+00 +0.0000e+00 +0.0000e+00 +0.0000e+00 +0.0000e+00 +0.0000e+00 +0.0000e+00 +0.0000e+00
2 +1.407818097e+02 +1.407818097e+02 +2.204318097e+02 +2.204318097e+02 +3.7792e+00 -1.2804e-01 +7.0224e-01 -1.2249e-01 +1.4193e+00 +8.5919e-01 -2.7268e+00 +1.9930e+00 -8.9471e-01 +6.4341e-01
16 +1.165388665e+02 +1.165388665e+02 +1.961888665e+02 +1.961888665e+02 +2.0852e+00 +1.2707e+00 +1.6599e-01 +1.4357e+00 +1.3673e+00 +1.6058e+00 -2.0974e+00 +2.4305e+00 +6.2130e-03 -1.3074e+00
29 +1.052341277e+02 +1.052341277e+02 +1.848841277e+02 +1.848841277e+02 +2.6765e+00 -4.8254e-01 +3.9230e-01 +2.0948e+00 +1.6105e+00 +9.6529e-01 -2.4059e+00 +3.2194e+00 +7.1924e-01 -1.7141e+00
261 +8.335977000e+01 +8.335977000e+01 +1.630097700e+02 +1.630097700e+02 +2.5099e+00 +3.3840e+00 +2.2986e+00 +1.9066e+00 +2.5570e+00 +4.0738e-01 +5.4570e-01 +9.9767e-01 -2.9844e+00 -1.6677e+00
1807 +8.015336406e+01 +8.015336406e+01 +1.598033641e+02 +1.598033641e+02 +1.8916e+00 +1.2457e+00 -1.1329e+00 +3.6455e-01 +2.3164e+00 +2.5754e+00 -1.2021e+00 +1.6645e+00 -2.6106e+00 -9.8927e-01
2231 +7.878629286e+01 +7.878629286e+01 +1.584362929e+02 +1.584362929e+02 +2.0563e+00 +2.0587e+00 +1.9068e+00 +4.7048e-01 +3.9248e-01 -3.1788e-01 -1.7291e+00 +1.4863e+00 -9.8943e-01 -8.2429e-01
2290 +6.808428751e+01 +6.808428751e+01 +1.477342875e+02 +1.477342875e+02 +1.4428e+00 +1.2262e+00 +1.6757e+00 -1.5736e-01 -3.9008e-01 +1.2507e+00 -3.3967e+00 +2.1010e+00 -6.4518e-01 -1.2936e+00
2332 +5.474180822e+01 +5.474180822e+01 +1.343918082e+02 +1.343918082e+02 +1.2395e+00 +1.9888e+00 +2.1795e+00 +4.8305e-01 +1.2868e+00 +1.6315e+00 -2.1016e+00 +2.1031e+00 +7.9772e-02 -1.0715e+00
22929 +4.687333939e+01 +4.687333939e+01 +1.265233394e+02 +1.265233394e+02 +1.3839e+00 +2.4850e+00 +1.3848e+00 +1.2575e+00 +1.5161e+00 +2.0925e+00 -2.0381e+00 +1.5958e+00 -1.6462e+00 -2.0129e+00
49308 +4.280848953e+01 +4.280848953e+01 +1.224584895e+02 +1.224584895e+02 +1.1559e+00 +1.7086e+00 +2.3792e+00 +1.3741e+00 +2.3670e+00 +2.0526e+00 -3.8202e-01 +1.1845e+00 -2.6464e+00 -2.3243e+00
% function evaluation | noise-free fitness - Fopt (1.160000000000e+00) | best noise-free fitness - Fopt | measured fitness | best measured fitness | x1 | x2...
1 +1.924198204e+02 +1.924198204e+02 +1.935798204e+02 +1.935798204e+02 +0.0000e+00 +0.0000e+00 +0.0000e+00 +0.0000e+00 +0.0000e+00 +0.0000e+00 +0.0000e+00 +0.0000e+00 +0.0000e+00 +0.0000e+00
2 +1.864274048e+02 +1.864274048e+02 +1.875874048e+02 +1.875874048e+02 -1.5157e+00 +1.6873e+00 +7.7429e-01 +1.3814e+00 +1.4809e+00 -1.7080e+00 -1.7087e+00 -5.2232e-01 -1.0173e+00 +5.9061e-01
3 +1.830420421e+02 +1.830420421e+02 +1.842020421e+02 +1.842020421e+02 +1.9100e+00 -9.6055e-01 -1.0409e+00 +1.7451e+00 +6.1254e-01 +1.0785e+00 +2.0241e+00 +3.7190e-01 -2.5322e+00 +1.3630e+00
7 +1.713946716e+02 +1.713946716e+02 +1.725546716e+02 +1.725546716e+02 -2.7732e+00 +1.9244e+00 +1.8747e+00 -3.6845e+00 +1.1292e+00 -3.4946e-01 +3.2061e-01 +3.7568e-01 +1.1523e-01 -1.5455e-01
8 +1.629043752e+02 +1.629043752e+02 +1.640643752e+02 +1.640643752e+02 -4.5703e-01 +3.3072e+00 +2.6238e+00 -3.2375e+00 -8.6829e-01 +2.2417e-01 +6.0396e-01 -1.9127e+00 +2.5512e+00 -3.5304e-01
12 +1.373153795e+02 +1.373153795e+02 +1.384753795e+02 +1.384753795e+02 -5.4511e-01 +2.0807e+00 +2.1991e+00 -2.9238e+00 -1.5034e+00 -2.7092e-01 -9.6591e-01 -2.6718e+00 +2.6543e+00 +3.0996e-01
14 +1.252947052e+02 +1.252947052e+02 +1.264547052e+02 +1.264547052e+02 +7.9419e-01 +1.7005e+00 +1.6307e+00 -4.4055e-01 -7.8029e-01 +1.3752e+00 -7.4882e-03 -5.5932e-01 +2.6596e+00 -1.1753e+00
32 +1.189672150e+02 +1.189672150e+02 +1.201272150e+02 +1.201272150e+02 +1.6022e+00 +1.9492e+00 +7.5284e-01 -1.1216e+00 -1.8371e-01 +3.5016e-01 -6.4696e-01 -1.1369e+00 +2.3366e+00 -2.0704e+00
37 +1.090264865e+02 +1.090264865e+02 +1.101864865e+02 +1.101864865e+02 +1.3646e-01 +1.9658e+00 +2.0144e+00 -2.9655e+00 +7.7811e-01 +4.4769e-01 -1.8695e+00 -6.5977e-01 +1.0920e+00 -7.4800e-01
127 +9.172200937e+01 +9.172200937e+01 +9.288200937e+01 +9.288200937e+01 -1.9645e+00 +2.5433e+00 -6.8123e-01 -8.4347e-01 -1.1077e+00 +1.1770e+00 +1.6404e-01 -1.0232e+00 +1.2767e+00 -7.8636e-01
133 +8.542967588e+01 +8.542967588e+01 +8.658967588e+01 +8.658967588e+01 -1.7640e+00 +5.6522e-01 -4.0140e-01 -7.6624e-01 -1.9043e+00 +8.0957e-01 -3.4247e-01 -1.0892e+00 +5.3789e-01 -6.5770e-01
325 +8.299299188e+01 +8.299299188e+01 +8.415299188e+01 +8.415299188e+01 +5.1046e-01 +2.0226e+00 +1.1005e+00 -1.0244e+00 -6.1418e-01 +2.5353e+00 -8.6018e-01 -9.9322e-01 +7.8450e-01 -1.6822e+00
1238 +6.778977728e+01 +6.778977728e+01 +6.894977728e+01 +6.894977728e+01 -1.4276e+00 +4.4403e-01 +1.0973e+00 +3.9306e-01 -1.4954e+00 -4.4385e-02 -1.8326e+00 -1.5477e+00 +1.6963e+00 -7.2563e-01
2022 +5.718184973e+01 +5.718184973e+01 +5.834184973e+01 +5.834184973e+01 -1.3680e+00 +2.4664e+00 +1.7111e+00 -1.5161e+00 -5.5939e-01 +7.8505e-01 -1.1376e+00 -6.3928e-01 +9.8265e-01 -2.6540e+00
3271 +5.385354550e+01 +5.385354550e+01 +5.501354550e+01 +5.501354550e+01 -1.1519e+00 +6.6534e-01 +8.5321e-01 -2.3078e+00 -1.7143e+00 +1.3415e+00 -9.0072e-01 -1.3346e+00 +2.2766e+00 -1.3692e+00
11696 +5.368753005e+01 +5.368753005e+01 +5.484753005e+01 +5.484753005e+01 -2.0110e+00 +1.3425e+00 +7.5929e-01 -1.6163e+00 -7.5913e-01 +2.8373e+00 -2.0840e+00 -8.6684e-01 +4.0625e+00 -1.9340e+00
% function evaluation | noise-free fitness - Fopt (2.407100000000e+02) | best noise-free fitness - Fopt | measured fitness | best measured fitness | x1 | x2...
1 +1.693695526e+02 +1.693695526e+02 +4.100795526e+02 +4.100795526e+02 +0.0000e+00 +0.0000e+00 +0.0000e+00 +0.0000e+00 +0.0000e+00 +0.0000e+00 +0.0000e+00 +0.0000e+00 +0.0000e+00 +0.0000e+00
2 +1.481862080e+02 +1.481862080e+02 +3.888962080e+02 +3.888962080e+02 -5.2642e-02 +1.1275e+00 +3.3464e-01 -5.0867e-01 +1.3336e+00 +1.2930e-01 +8.0373e-01 -7.5400e-01 -2.1394e-01 +2.8815e-01
4 +1.219920349e+02 +1.219920349e+02 +3.627020349e+02 +3.627020349e+02 +5.4433e-01 -4.9849e-01 -1.0377e+00 +1.0811e+00 +1.6998e+00 -1.3083e+00 +1.6746e+00 +2.2638e+00 +5.4284e-01 +1.9008e-01
170 +1.164888608e+02 +1.164888608e+02 +3.571988608e+02 +3.571988608e+02 -2.4784e-01 +1.7078e+00 -1.4192e+00 -2.3364e+00 +3.5148e-01 +1.0864e+00 +3.1146e+00 +2.3954e+00 +2.6051e+00 -1.4948e-01
234 +1.049539308e+02 +1.049539308e+02 +3.456639308e+02 +3.456639308e+02 +2.4711e-01 +9.3484e-01 -1.5684e+00 -1.2160e+00 +8.4804e-01 +2.7383e+00 +8.5001e-01 +5.2552e-01 -1.3188e-01 +8.5195e-01
311 +1.021912040e+02 +1.021912040e+02 +3.429012040e+02 +3.429012040e+02 +7.2729e-01 +1.9813e-01 -2.2410e+00 +1.1814e-01 +5.9004e-01 +8.1396e-01 +1.6787e+00 +1.0595e+00 +1.2768e+00 -1.7388e+00
332 +9.634815769e+01 +9.634815769e+01 +3.370581577e+02 +3.370581577e+02 +1.7961e-01 +4.3593e-01 -2.9538e+00 -6.8732e-01 +2.0461e+00 +6.9410e-01 -3.0643e-01 +3.1912e-02 +9.2459e-01 -8.4783e-01
563 +9.547405070e+01 +9.547405070e+01 +3.361840507e+02 +3.361840507e+02 +2.5421e+00 +2.1342e+00 -1.2793e+00 -2.4742e+00 +1.4575e+00 +5.5412e-01 +1.6885e+00 -5.1113e-01 +3.1587e+00 -1.3988e-01
644 +8.004230472e+01 +8.004230472e+01 +3.207523047e+02 +3.207523047e+02 +3.1048e+00 +1.9969e+00 -1.9802e+00 -1.0105e+00 +1.2264e+00 +8.1534e-01 -5.7881e-01 +6.8126e-01 +1.4851e+00 -2.5167e+00
963 +7.730475613e+01 +7.730475613e+01 +3.180147561e+02 +3.180147561e+02 +2.3004e+00 +8.4627e-01 -6.0645e-01 -2.1608e+00 +1.2045e+00 +1.3403e+00 +8.9507e-01 +3.7612e-01 +1.0234e+00 -1.5849e+00
2019 +7.545469237e+01 +7.545469237e+01 +3.161646924e+02 +3.161646924e+02 +3.4284e-01 +1.3059e+00 -2.2074e-01 -2.2422e+00 +1.5891e+00 +1.9689e+00 +2.3474e+00 +1.3472e+00 +1.3331e+00 -5.6425e-01
3467 +7.299092331e+01 +7.299092331e+01 +3.137009233e+02 +3.137009233e+02 +1.8518e+00 +9.3129e-01 -1.9335e+00 -1.0815e+00 +2.1867e+00 +1.4072e+00 +1.8448e+00 +7.7958e-01 +9.2438e-01 -8.2060e-01
3474 +6.566142292e+01 +6.566142292e+01 +3.063714229e+02 +3.063714229e+02 +2.1813e+00 +8.5593e-01 -1.2772e+00 -5.4846e-01 +1.9624e+00 +1.6556e+00 +1.5045e+00 +8.6093e-01 +1.7739e+00 -9.1812e-01
3993 +5.318221960e+01 +5.318221960e+01 +2.938922196e+02 +2.938922196e+02 +1.1080e+00 +9.9198e-01 -2.4445e-01 -2.7497e+00 +5.6336e-01 +7.2168e-01 +2.0664e+00 +1.8544e+00 +2.2481e+00 -1.2849e+00
% function evaluation | noise-free fitness - Fopt (-2.707900000000e+02) | best noise-free fitness - Fopt | measured fitness | best measured fitness | x1 | x2...
1 +1.439828124e+02 +1.439828124e+02 -1.268071876e+02 -1.268071876e+02 +0.0000e+00 +0.0000e+00 +0.0000e+00 +0.0000e+00 +0.0000e+00 +0.0000e+00 +0.0000e+00 +0.0000e+00 +0.0000e+00 +0.0000e+00
24 +1.126264322e+02 +1.126264322e+02 -1.581635678e+02 -1.581635678e+02 +3.7030e-01 +4.5567e-01 -7.4069e-01 -2.5747e+00 -6.3523e-03 -9.5202e-01 +2.2560e+00 +3.0615e+00 +3.4524e-01 +3.7737e+00
195 +1.016720213e+02 +1.016720213e+02 -1.691179787e+02 -1.691179787e+02 +1.8339e+00 -5.4114e-01 -2.8314e+00 -8.9880e-02 +4.1209e-01 +4.0197e-01 +2.1595e+00 +2.4361e+00 +1.3502e+00 +1.1535e+00
250 +9.811377276e+01 +9.811377276e+01 -1.726762272e+02 -1.726762272e+02 +2.4793e+00 -2.9655e+00 -1.5430e+00 -2.0665e+00 +1.4538e+00 -2.2274e+00 -6.5127e-01 +2.7205e+00 +3.0282e+00 +1.6218e+00
395 +9.494962894e+01 +9.494962894e+01 -1.758403711e+02 -1.758403711e+02 +2.0438e+00 -1.6126e+00 -1.1887e+00 -3.6234e+00 +2.7357e+00 -2.2785e+00 -1.0372e+00 +2.0674e+00 +2.0778e+00 +2.4915e+00
431 +8.136804010e+01 +8.136804010e+01 -1.894219599e+02 -1.894219599e+02 +1.9020e+00 -2.5941e-01 -4.3145e-01 -1.7407e+00 +3.5120e+00 -3.0946e+00 +3.3789e-01 +1.3380e+00 +1.7082e+00 -5.9732e-01
518 +7.650276399e+01 +7.650276399e+01 -1.942872360e+02 -1.942872360e+02 +2.5438e+00 -1.7106e+00 -1.1824e+00 -1.2234e+00 +8.2524e-01 -1.2469e+00 +1.3910e+00 +2.0589e+00 +3.0627e+00 -3.0332e-01
1027 +7.418153823e+01 +7.418153823e+01 -1.966084618e+02 -1.966084618e+02 +6.1197e-01 -1.9523e+00 -1.5379e+00 -1.0089e+00 +4.5141e-01 -2.9246e+00 +1.7188e+00 +1.4953e+00 -7.3296e-02 +1.3421e+00
2092 +6.478999936e+01 +6.478999936e+01 -2.060000006e+02 -2.060000006e+02 +2.1326e+00 -5.5896e-01 -7.4631e-01 -1.3081e-01 +9.8556e-01 -8.6616e-01 +1.2837e+00 +7.2373e-01 +1.2570e+00 +1.2911e+00
4151 +5.971244154e+01 +5.971244154e+01 -2.110775585e+02 -2.110775585e+02 +5.7738e-01 -1.9567e+00 -2.6903e+00 -1.2542e+00 +2.6809e-01 -2.1650e+00 +8.8890e-01 +3.3395e-01 +1.4378e+00 +3.0003e+00
8341 +5.736227274e+01 +5.736227274e+01 -2.134277273e+02 -2.134277273e+02 +1.5743e+00 -1.8667e+00 -2.2753e+00 -1.3430e+00 +8.4507e-01 -9.6810e-01 +2.1631e+00 +1.8292e+00 +1.3669e+00 +9.8153e-01
10728 +5.403247029e+01 +5.403247029e+01 -2.167575297e+02 -2.167575297e+02 +1.9014e+00 -3.2078e-01 -1.2346e+00 -1.1661e+00 +5.7712e-01 -2.2959e+00 +9.0156e-01 +2.0447e+00 +2.0955e+00 +9.8903e-01
31431 +4.935822131e+01 +4.935822131e+01 -2.214317787e+02 -2.214317787e+02 +2.5145e+00 -1.8103e+00 -1.9663e+00 -1.1364e+00 +3.4181e-01 -1.2897e+00 +2.3350e+00 +2.9120e+00 +7.9551e-01 +1.6140e+00
64343 +4.770259447e+01 +4.770259447e+01 -2.230874055e+02 -2.230874055e+02 +1.8371e+00 -2.3970e+00 -1.9579e+00 -1.1760e+00 +1.9548e+00 +2.6071e-01 +2.4200e+00 +2.2893e+00 +3.7659e-01 +2.1441e+00
64387 +4.426283996e+01 +4.426283996e+01 -2.265271600e+02 -2.265271600e+02 +1.8377e+00 -2.4084e+00 -1.9402e+00 -1.1805e+00 +1.9686e+00 +2.5589e-01 +2.4235e+00 +2.2584e+00 +3.6881e-01 +2.1350e+00
64468 +4.016844397e+01 +4.016844397e+01 -2.306215560e+02 -2.306215560e+02 +1.8312e+00 -2.3927e+00 -1.9742e+00 -1.2174e+00 +1.9571e+00 +2.4276e-01 +2.4344e+00 +2.2300e+00 +3.6105e-01 +2.1766e+00
64813 +3.859108162e+01 +3.859108162e+01 -2.321989184e+02 -2.321989184e+02 +1.8264e+00 -2.4054e+00 -2.0001e+00 -1.2200e+00 +1.9602e+00 +2.4359e-01 +2.3992e+00 +2.2878e+00 +3.5802e-01 +2.1538e+00
65199 +3.774229589e+01 +3.774229589e+01 -2.330477041e+02 -2.330477041e+02 +1.8231e+00 -2.4000e+00 -1.9895e+00 -1.2202e+00 +1.9620e+00 +2.5243e-01 +2.4152e+00 +2.2761e+00 +3.6367e-01 +2.1383e+00
65273 +3.679659023e+01 +3.679659023e+01 -2.339934098e+02 -2.339934098e+02 +1.8229e+00 -2.3890e+00 -1.9789e+00 -1.2412e+00 +1.9669e+00 +2.6780e-01 +2.4124e+00 +2.2544e+00 +3.5426e-01 +2.1508e+00
65446 +3.516537086e+01 +3.516537086e+01 -2.356246291e+02 -2.356246291e+02 +1.8390e+00 -2.3850e+00 -1.9944e+00 -1.2344e+00 +1.9584e+00 +2.5458e-01 +2.4155e+00 +2.2781e+00 +3.6093e-01 +2.1471e+00
65514 +3.455137733e+01 +3.455137733e+01 -2.362386227e+02 -2.362386227e+02 +1.8304e+00 -2.3913e+00 -1.9946e+00 -1.2314e+00 +1.9573e+00 +2.3846e-01 +2.4039e+00 +2.2797e+00 +3.6059e-01 +2.1523e+00
66377 +3.317858871e+01 +3.317858871e+01 -2.376114113e+02 -2.376114113e+02 +1.8378e+00 -2.4035e+00 -1.9711e+00 -1.2198e+00 +1.9637e+00 +2.5800e-01 +2.4204e+00 +2.2604e+00 +3.5637e-01 +2.1478e+00
66483 +3.281159304e+01 +3.281159304e+01 -2.379784070e+02 -2.379784070e+02 +1.8462e+00 -2.3911e+00 -1.9775e+00 -1.2370e+00 +1.9714e+00 +2.6448e-01 +2.4290e+00 +2.2432e+00 +3.4762e-01 +2.1374e+00
66819 +3.206365518e+01 +3.206365518e+01 -2.387263448e+02 -2.387263448e+02 +1.8446e+00 -2.3831e+00 -1.9915e+00 -1.2342e+00 +1.9630e+00 +2.5562e-01 +2.4271e+00 +2.2602e+00 +3.4930e-01 +2.1456e+00
66854 +3.157221017e+01 +3.157221017e+01 -2.392177898e+02 -2.392177898e+02 +1.8402e+00 -2.3878e+00 -1.9809e+00 -1.2189e+00 +1.9697e+00 +2.5488e-01 +2.4180e+00 +2.2734e+00 +3.5604e-01 +2.1543e+00
67258 +3.070323454e+01 +3.070323454e+01 -2.400867655e+02 -2.400867655e+02 +1.8434e+00 -2.3848e+00 -1.9878e+00 -1.2292e+00 +1.9681e+00 +2.6012e-01 +2.4261e+00 +2.2659e+00 +3.5161e-01 +2.1533e+00
% function evaluation | noise-free fitness - Fopt (2.612000000000e+01) | best noise-free fitness - Fopt | measured fitness | best measured fitness | x1 | x2...
1 +1.706067531e+02 +1.706067531e+02 +1.967267531e+02 +1.967267531e+02 +0.0000e+00 +0.0000e+00 +0.0000e+00 +0.0000e+00 +0.0000e+00 +0.0000e+00 +0.0000e+00 +0.0000e+00 +0.0000e+00 +0.0000e+00
8 +1.534199247e+02 +1.534199247e+02 +1.795399247e+02 +1.795399247e+02 +5.3768e-01 -7.0361e-01 +1.1002e+00 +3.8181e+00 +2.4339e+00 -8.6183e-01 +1.9357e+00 +1.6961e+00 +1.7075e+00 -3.0539e-01
19 +1.512585070e+02 +1.512585070e+02 +1.773785070e+02 +1.773785070e+02 -2.6207e+00 -5.0953e-01 +9.5101e-01 +3.8652e+00 +3.2854e+00 -3.5969e-01 +4.6701e-01 +6.8540e-01 +3.4464e+00 -6.3747e-01
35 +1.052887500e+02 +1.052887500e+02 +1.314087500e+02 +1.314087500e+02 -2.2374e+00 -1.0065e+00 +1.7017e+00 +2.1970e+00 +2.9982e+00 -5.9344e-02 +5.4360e-01 -1.2987e+00 +2.7568e+00 -8.0556e-01
349 +9.694481622e+01 +9.694481622e+01 +1.230648162e+02 +1.230648162e+02 -4.1457e-01 -1.8535e+00 +1.7506e+00 +3.0928e-01 +2.0884e+00 +2.3376e+00 -1.3668e+00 -3.9420e-01 +1.1475e-01 -1.4952e+00
366 +8.993463767e+01 +8.993463767e+01 +1.160546377e+02 +1.160546377e+02 -9.0571e-01 +3.7229e-01 +6.8442e-01 +5.9231e-01 +2.0772e+00 +2.0920e+00 +4.8250e-01 +6.2396e-02 +8.4959e-01 -1.0683e+00
638 +8.163737843e+01 +8.163737843e+01 +1.077573784e+02 +1.077573784e+02 -4.3596e+00 -2.3261e+00 +2.6698e+00 +1.6610e+00 +1.5744e+00 +8.6551e-01 -1.6727e+00 +2.3287e-01 +1.0099e+00 -1.0468e+00
1137 +6.904038704e+01 +6.904038704e+01 +9.516038704e+01 +9.516038704e+01 -2.4500e+00 -6.6587e-01 +1.5574e+00 -8.3174e-01 +2.6097e-01 +1.5117e+00 -1.2151e+00 +1.5481e+00 +7.9652e-01 -1.0937e+00
2702 +6.427563260e+01 +6.427563260e+01 +9.039563260e+01 +9.039563260e+01 -3.0882e-01 +5.2758e-04 +1.8672e+00 +1.8566e+00 +5.3904e-01 +1.2438e+00 -5.7226e-01 +3.5481e-01 +2.2007e+00 -1.8878e+00
4775 +5.936422374e+01 +5.936422374e+01 +8.548422374e+01 +8.548422374e+01 -1.3368e+00 -2.0112e+00 +2.1618e+00 +1.5123e+00 +1.4389e+00 +4.3009e-01 -2.2834e+00 +2.3702e+00 +1.0066e+00 -6.5923e-01
5207 +5.635867489e+01 +5.635867489e+01 +8.247867489e+01 +8.247867489e+01 -1.2096e+00 -1.9753e+00 +1.4218e+00 +1.6889e+00 +1.3526e+00 -9.6256e-02 -2.2185e+00 +1.5340e+00 +9.5198e-01 -3.1817e+00
6015 +5.516795802e+01 +5.516795802e+01 +8.128795802e+01 +8.128795802e+01 -1.0649e+00 -1.4136e+00 +1.3559e+00 +2.6874e+00 +8.5526e-01 +1.8584e+00 -3.4171e-01 +1.9186e+00 +2.1206e+00 -1.7533e+00
25295 +5.492921334e+01 +5.492921334e+01 +8.104921334e+01 +8.104921334e+01 -1.3265e+00 -1.2081e+00 +2.7718e+00 +1.0543e+00 +2.4133e-01 +1.4079e+00 -6.6314e-01 +1.3170e+00 +7.0957e-01 -1.0708e+00
33934 +5.369469467e+01 +5.369469467e+01 +7.981469467e+01 +7.981469467e+01 -1.9946e+00 -2.6366e+00 +1.0446e+00 +5.8821e-01 +1.1577e+00 +1.1818e+00 -2.8686e+00 +1.1172e+00 +2.6409e+00 -1.5196e+00
34274 +4.116992689e+01 +4.116992689e+01 +6.728992689e+01 +6.728992689e+01 -2.6730e+00 -2.4270e+00 +6.7233e-01 +8.3525e-01 +9.5979e-01 +1.2766e+00 -2.9989e+00 +1.1669e+00 +2.7842e+00 -2.0604e+00
56930 +4.069170203e+01 +4.069170203e+01 +6.681170203e+01 +6.681170203e+01 -4.0570e-01 -5.1142e-01 +1.6799e+00 -6.2565e-01 +2.6458e+00 +5.2117e-01 -1.6401e+00 +1.1699e+00 +6.5368e-01 -2.3207e+00
57022 +3.960673426e+01 +3.960673426e+01 +6.572673426e+01 +6.572673426e+01 -4.0860e-01 -5.0072e-01 +1.6814e+00 -6.2910e-01 +2.6577e+00 +5.1707e-01 -1.6375e+00 +1.1647e+00 +6.6025e-01 -2.3262e+00
57052 +3.886617822e+01 +3.886617822e+01 +6.498617822e+01 +6.498617822e+01 -4.0850e-01 -4.9992e-01 +1.6735e+00 -6.1899e-01 +2.6700e+00 +5.2457e-01 -1.6460e+00 +1.1653e+00 +6.5621e-01 -2.3202e+00
57087 +3.716998445e+01 +3.716998445e+01 +6.328998445e+01 +6.328998445e+01 -4.1471e-01 -4.7877e-01 +1.6813e+00 -6.1890e-01 +2.6715e+00 +5.3344e-01 -1.6395e+00 +1.1658e+00 +6.7193e-01 -2.3099e+00
57118 +3.643563971e+01 +3.643563971e+01 +6.255563971e+01 +6.255563971e+01 -4.1384e-01 -4.8661e-01 +1.6800e+00 -6.2281e-01 +2.6673e+00 +5.2349e-01 -1.6448e+00 +1.1623e+00 +6.6797e-01 -2.3115e+00
58436 +3.627447667e+01 +3.627447667e+01 +6.239447667e+01 +6.239447667e+01 -4.1444e-01 -4.9659e-01 +1.6720e+00 -6.2219e-01 +2.6670e+00 +5.2467e-01 -1.6408e+00 +1.1641e+00 +6.6449e-01 -2.3059e+00
% function evaluation | noise-free fitness - Fopt (-6.252000000000e+01) | best noise-free fitness - Fopt | measured fitness | best measured fitness | x1 | x2...
1 +1.607237445e+02 +1.607237445e+02 +9.820374452e+01 +9.820374452e+01 +0.0000e+00 +0.0000e+00 +0.0000e+00 +0.0000e+00 +0.0000e+00 +0.0000e+00 +0.0000e+00 +0.0000e+00 +0.0000e+00 +0.0000e+00
2 +1.039819806e+02 +1.039819806e+02 +4.146198059e+01 +4.146198059e+01 +1.1047e+00 +8.6931e-01 +7.3768e-01 -1.5741e+00 -1.5918e+00 +5.8221e-01 -3.3712e-01 +2.0384e+00 +9.6597e-02 -7.9620e-01
12 +9.605722907e+01 +9.605722907e+01 +3.353722907e+01 +3.353722907e+01 +1.4026e+00 +1.2868e+00 +1.0227e+00 -1.7881e+00 -5.0759e-01 +4.4575e-01 -5.5095e-01 +1.5169e+00 -5.3993e-01 -1.4308e+00
24 +9.089541831e+01 +9.089541831e+01 +2.837541831e+01 +2.837541831e+01 +1.8441e+00 +8.4177e-01 +1.3586e+00 -1.0997e-02 -7.4275e-01 +2.4706e+00 -5.1076e-01 +1.2592e+00 +8.3215e-01 -2.2087e+00
323 +8.398033413e+01 +8.398033413e+01 +2.146033413e+01 +2.146033413e+01 +2.5669e+00 +3.0292e+00 +2.3685e+00 -6.9973e-01 -1.7261e+00 +8.6135e-01 -2.0686e+00 +3.1838e+00 -1.0357e+00 -2.0308e+00
816 +8.010751467e+01 +8.010751467e+01 +1.758751467e+01 +1.758751467e+01 -2.5645e-01 +1.5727e+00 +1.5044e+00 -1.6754e+00 -2.1384e+00 +3.2283e+00 +2.9846e-01 +2.3229e+00 -8.9498e-01 -8.3489e-01
993 +7.384265202e+01 +7.384265202e+01 +1.132265202e+01 +1.132265202e+01 +1.5435e+00 +1.6334e+00 +1.6980e+00 -3.2747e+00 -1.0399e+00 +1.0359e+00 -2.6940e+00 +1.1784e+00 -1.9888e+00 -1.5833e+00
1914 +6.605674582e+01 +6.605674582e+01 +3.536745816e+00 +3.536745816e+00 +1.8225e+00 +2.2733e+00 +3.2162e-01 -7.0312e-01 -7.1362e-01 +1.5083e+00 -2.3257e+00 +2.1757e+00 -3.2287e+00 -1.4423e+00
2400 +6.161051398e+01 +6.161051398e+01 -9.094860214e-01 -9.094860214e-01 +1.5118e+00 +7.9291e-01 +9.3498e-01 -2.1874e+00 -1.2089e+00 +1.8714e+00 -1.3003e+00 +2.1291e+00 -1.6938e+00 -1.4928e+00
5575 +5.651005897e+01 +5.651005897e+01 -6.009941026e+00 -6.009941026e+00 +2.5710e+00 +2.5166e+00 +1.0206e+00 -3.7887e-01 -1.0956e+00 +2.2588e+00 -1.2384e+00 +3.0527e+00 -1.5696e+00 -1.3241e+00
6375 +5.575261932e+01 +5.575261932e+01 -6.767380684e+00 -6.767380684e+00 +1.1000e+00 +1.2919e+00 +4.0717e-01 -3.9142e-01 -1.2879e+00 +3.8053e+00 -5.5632e-01 +9.7573e-01 -2.0828e+00 -1.7381e+00
39613 +5.123116138e+01 +5.123116138e+01 -1.128883862e+01 -1.128883862e+01 +2.2244e+00 +1.4530e+00 +1.3210e+00 -1.2492e+00 +4.1095e-01 +2.9658e-01 -1.6571e+00 +2.9307e+00 -3.1196e+00 -1.1375e+00
41465 +4.898887046e+01 +4.898887046e+01 -1.353112954e+01 -1.353112954e+01 +8.3048e-01 +1.2582e+00 +6.2968e-01 -1.6777e+00 -1.4348e+00 +1.5991e+00 -1.7463e+00 +1.7307e+00 -2.3057e+00 -9.1757e-01
47935 +4.209800106e+01 +4.209800106e+01 -2.042199894e+01 -2.042199894e+01 +1.5363e+00 +1.2881e+00 +1.2912e+00 -8.1497e-01 -1.0113e+00 +1.5589e+00 -1.1611e+00 +2.6537e+00 -1.2619e+00 -1.8020e+00
58122 +4.163003465e+01 +4.163003465e+01 -2.088996535e+01 -2.088996535e+01 +2.1769e+00 +1.3654e+00 +9.6867e-01 -3.5824e-01 -9.3676e-01 +1.6559e-01 -5.2534e-01 +2.5571e+00 +6.8834e-01 -2.3647e+00
58376 +4.072487003e+01 +4.072487003e+01 -2.179512997e+01 -2.179512997e+01 +2.1665e+00 +1.3492e+00 +9.6302e-01 -3.5917e-01 -9.3372e-01 +1.6738e-01 -5.2315e-01 +2.5617e+00 +6.8125e-01 -2.3525e+00
58773 +3.963235032e+01 +3.963235032e+01 -2.288764968e+01 -2.288764968e+01 +2.1689e+00 +1.3410e+00 +9.5582e-01 -3.5515e-01 -9.2545e-01 +1.6149e-01 -5.1876e-01 +2.5634e+00 +6.7990e-01 -2.3556e+00
59640 +3.890322408e+01 +3.890322408e+01 -2.361677592e+01 -2.361677592e+01 +2.1662e+00 +1.3326e+00 +9.4651e-01 -3.5194e-01 -9.1482e-01 +1.6222e-01 -5.2582e-01 +2.5720e+00 +6.7391e-01 -2.3463e+00
% function evaluation | noise-free fitness - Fopt (-2.438600000000e+02) | best noise-free fitness - Fopt | measured fitness | best measured fitness | x1 | x2...
1 +1.585778360e+02 +1.585778360e+02 -8.528216397e+01 -8.528216397e+01 +0.0000e+00 +0.0000e+00 +0.0000e+00 +0.0000e+00 +0.0000e+00 +0.0000e+00 +0.0000e+00 +0.0000e+00 +0.0000e+00 +0.0000e+00
60 +1.423023382e+02 +1.423023382e+02 -1.015576618e+02 -1.015576618e+02 +1.2426e+00 -1.4186e+00 +1.0826e-01 +1.8631e+00 +7.8630e-01 -1.1537e-01 +5.4284e-01 -1.5799e+00 -4.1691e+00 -5.8202e-01
103 +1.075528129e+02 +1.075528129e+02 -1.363071871e+02 -1.363071871e+02 +9.5016e-01 -2.5048e+00 +8.4202e-01 +2.1957e+00 -6.8537e-02 +3.6501e-01 -3.8903e-01 -2.9734e-01 -2.9867e+00 +1.2336e+00
222 +1.050149950e+02 +1.050149950e+02 -1.388450050e+02 -1.388450050e+02 +1.1023e+00 +5.3056e-01 -7.4869e-01 +7.0255e-01 +9.1334e-01 +1.6680e-01 -1.5543e+00 -1.1699e+00 -2.3300e+00 -5.3447e-01
243 +8.686463944e+01 +8.686463944e+01 -1.569953606e+02 -1.569953606e+02 +1.7434e+00 -1.5208e+00 -3.2589e+00 +1.0757e+00 +1.2625e+00 +2.1300e+00 -3.0052e+00 +6.4646e-01 -3.0117e+00 +3.4039e-01
420 +7.380820724e+01 +7.380820724e+01 -1.700517928e+02 -1.700517928e+02 +9.3223e-01 -1.1004e+00 -1.1294e+00 +5.2116e-01 +2.3070e+00 +1.1351e+00 -1.2644e+00 +1.0720e+00 -6.4175e-01 -1.2495e-01
1891 +6.822012813e+01 +6.822012813e+01 -1.756398719e+02 -1.756398719e+02 +3.3146e+00 -2.1334e+00 -1.0011e+00 +1.1762e+00 +5.3937e-01 +1.3038e+00 -7.7063e-01 +6.1897e-01 -6.1663e-01 -1.5762e+00
3047 +6.161771866e+01 +6.161771866e+01 -1.822422813e+02 -1.822422813e+02 +3.2454e-01 -1.1139e+00 -2.5001e+00 +2.3993e+00 -8.4000e-01 +2.8003e+00 -1.8130e+00 +6.9616e-01 -1.4299e+00 -1.7788e+00
13356 +3.950414757e+01 +3.950414757e+01 -2.043558524e+02 -2.043558524e+02 +1.4503e+00 -1.7855e+00 -7.7119e-01 +1.2040e+00 +2.1819e+00 +1.4440e+00 -1.3781e+00 +5.7620e-01 -4.4347e-01 -6.9905e-01
% function evaluation | noise-free fitness - Fopt (-9.475000000000e+02) | best noise-free fitness - Fopt | measured fitness | best measured fitness | x1 | x2...
1 +1.413524554e+02 +1.413524554e+02 -8.061475446e+02 -8.061475446e+02 +0.0000e+00 +0.0000e+00 +0.0000e+00 +0.0000e+00 +0.0000e+00 +0.0000e+00 +0.0000e+00 +0.0000e+00 +0.0000e+00 +0.0000e+00
6 +1.155125635e+02 +1.155125635e+02 -8.319874365e+02 -8.319874365e+02 -1.9196e-03 +1.1144e+00 -3.1477e+00 -1.4432e+00 +4.3837e-02 +1.4043e+00 +2.8254e-01 +4.0508e-02 -1.6379e-01 +1.0568e+00
28 +1.116155771e+02 +1.116155771e+02 -8.358844229e+02 -8.358844229e+02 +2.6665e-01 +3.5290e-01 -2.5618e+00 -1.5982e+00 -4.6755e-01 +1.3424e+00 -1.7978e+00 +2.0898e+00 +1.2438e-01 +1.2218e+00
34 +1.091297151e+02 +1.091297151e+02 -8.383702849e+02 -8.383702849e+02 +1.7173e-01 -7.3556e-01 -1.1170e+00 -2.9192e-01 -1.6297e+00 +1.2255e+00 -2.4093e+00 +2.0610e+00 -1.0538e-02 +2.2381e+00
314 +9.463894923e+01 +9.463894923e+01 -8.528610508e+02 -8.528610508e+02 -6.5651e-01 -6.5145e-01 +1.6267e+00 +1.7260e+00 +6.0783e-01 +3.5426e-01 +1.1329e+00 -3.1002e+00 -6.6580e-01 +2.8619e-02
457 +7.483248132e+01 +7.483248132e+01 -8.726675187e+02 -8.726675187e+02 -1.3809e+00 -1.3922e+00 +2.3005e+00 +1.2286e+00 +1.2132e+00 -2.3702e-01 +1.8348e-01 -9.8381e-01 -9.0147e-01 -7.0039e-01
462 +6.463152610e+01 +6.463152610e+01 -8.828684739e+02 -8.828684739e+02 -1.0885e+00 -1.5415e+00 +2.7216e+00 +1.5721e+00 +4.3908e-01 -3.4827e-01 +7.0323e-01 -1.7027e+00 -5.1638e-02 -9.0357e-01
4894 +6.331988521e+01 +6.331988521e+01 -8.841801148e+02 -8.841801148e+02 -2.2568e+00 -4.7464e-01 +2.1012e+00 +3.4412e-01 +1.1514e+00 -1.9458e+00 +5.8005e-01 -2.1059e+00 -1.5328e-01 -2.1508e+00
4995 +6.074962689e+01 +6.074962689e+01 -8.867503731e+02 -8.867503731e+02 -2.2474e+00 -1.3263e+00 +1.3845e+00 +6.9384e-01 +1.6643e+00 -2.3771e+00 +1.8968e+00 -2.0255e+00 -1.2886e+00 -2.0646e+00
5005 +4.825217960e+01 +4.825217960e+01 -8.992478204e+02 -8.992478204e+02 -1.8418e+00 -1.2489e+00 +1.0146e+00 +1.0104e+00 +1.7370e+00 -2.1908e+00 +1.9940e+00 -2.4196e+00 -1.1193e+00 -2.0483e+00
10583 +4.564841361e+01 +4.564841361e+01 -9.018515864e+02 -9.018515864e+02 -1.5858e+00 -1.2772e+00 +1.0135e+00 +7.0640e-01 +8.2061e-01 -1.1374e+00 +4.9524e-01 -6.0287e-01 -1.7702e+00 -2.2544e+00
20902 +4.058891074e+01 +4.058891074e+01 -9.069110893e+02 -9.069110893e+02 -1.2055e+00 -8.9240e-01 +1.8286e+00 +6.5941e-01 +4.4024e-01 -6.5072e-01 +2.3344e+00 -1.5224e+00 -1.6866e+00 -1.5904e+00
