% function evaluation | noise-free fitness - Fopt (1.238300000000e+02) | best noise-free fitness - Fopt | measured fitness | best measured fitness | x1 | x2...
1 +6.500000000e+00 +6.500000000e+00 +1.303300000e+02 +1.303300000e+02 +0.0000e+00 +0.0000e+00
6 +5.701733861e+00 +5.701733861e+00 +1.295317339e+02 +1.295317339e+02 +8.0768e-02 -9.6929e-01
46 +1.524757392e+00 +1.524757392e+00 +1.253547574e+02 +1.253547574e+02 +4.9965e-01 +1.9942e+00
55 +6.296135941e-01 +6.296135941e-01 +1.244596136e+02 +1.244596136e+02 +4.6425e-01 +2.0468e+00
105 +4.275520672e-01 +4.275520672e-01 +1.242575521e+02 +1.242575521e+02 -1.3707e-01 -5.2074e-02
129 +3.695634213e-01 +3.695634213e-01 +1.241995634e+02 +1.241995634e+02 +2.9495e-01 +1.5676e+00
225 +1.614994300e-01 +1.614994300e-01 +1.239914994e+02 +1.239914994e+02 -1.6105e-01 -1.3072e-02
341 +4.925514347e-02 +4.925514347e-02 +1.238792551e+02 +1.238792551e+02 -1.0839e-01 +3.6112e-01
449 +4.640436586e-02 +4.640436586e-02 +1.238764044e+02 +1.238764044e+02 -1.3163e-01 +3.0060e-01
597 +2.810382915e-02 +2.810382915e-02 +1.238581038e+02 +1.238581038e+02 +8.8771e-02 +1.0713e+00
627 +2.493628951e-02 +2.493628951e-02 +1.238549363e+02 +1.238549363e+02 -1.0024e-01 +4.1758e-01
844 +1.052566523e-02 +1.052566523e-02 +1.238405257e+02 +1.238405257e+02 +1.5444e-02 +8.6730e-01
868 +7.541002656e-03 +7.541002656e-03 +1.238375410e+02 +1.238375410e+02 -7.7706e-02 +5.2681e-01
1285 +4.986626796e-03 +4.986626796e-03 +1.238349866e+02 +1.238349866e+02 -6.9059e-02 +5.6081e-01
1298 +4.500875114e-03 +4.500875114e-03 +1.238345009e+02 +1.238345009e+02 -6.8637e-02 +5.6576e-01
1312 +3.667029603e-03 +3.667029603e-03 +1.238336670e+02 +1.238336670e+02 -6.1062e-02 +5.8957e-01
1328 +2.002693297e-03 +2.002693297e-03 +1.238320027e+02 +1.238320027e+02 -5.4052e-02 +6.2433e-01
1365 +1.883091972e-03 +1.883091972e-03 +1.238318831e+02 +1.238318831e+02 -5.2306e-02 +6.2349e-01
1377 +1.477687354e-03 +1.477687354e-03 +1.238314777e+02 +1.238314777e+02 -5.0374e-02 +6.3753e-01
1378 +9.169857756e-04 +9.169857756e-04 +1.238309170e+02 +1.238309170e+02 -3.9764e-02 +6.7680e-01
1385 +8.504162484e-04 +8.504162484e-04 +1.238308504e+02 +1.238308504e+02 -4.4776e-02 +6.5737e-01
1390 +8.045429595e-04 +8.045429595e-04 +1.238308045e+02 +1.238308045e+02 -4.6886e-02 +6.4626e-01
1440 +3.351764092e-04 +3.351764092e-04 +1.238303352e+02 +1.238303352e+02 -4.1187e-02 +6.6749e-01
1465 +2.959741464e-04 +2.959741464e-04 +1.238302960e+02 +1.238302960e+02 -3.6238e-02 +6.8264e-01
1477 +2.271544070e-04 +2.271544070e-04 +1.238302272e+02 +1.238302272e+02 -3.9226e-02 +6.7422e-01
1528 +1.715660184e-05 +1.715660184e-05 +1.238300172e+02 +1.238300172e+02 -2.7951e-02 +7.1337e-01
1892 +7.178718704e-07 +7.178718704e-07 +1.238300007e+02 +1.238300007e+02 -3.0438e-02 +7.0526e-01
2822 +2.489261846e-07 +2.489261846e-07 +1.238300002e+02 +1.238300002e+02 -2.9791e-02 +7.0744e-01
3064 +1.760593449e-07 +1.760593449e-07 +1.238300002e+02 +1.238300002e+02 -3.0237e-02 +7.0581e-01
3078 +5.962273519e-08 +5.962273519e-08 +1.238300001e+02 +1.238300001e+02 -3.0212e-02 +7.0595e-01
3085 +5.004243064e-08 +5.004243064e-08 +1.238300001e+02 +1.238300001e+02 -3.0108e-02 +7.0627e-01
3122 +2.164455282e-10 +2.164455282e-10 +1.238300000e+02 +1.238300000e+02 -3.0060e-02 +7.0647e-01
6564 +0.000000000e+00 +0.000000000e+00 +1.238300000e+02 +1.238300000e+02 -3.0061e-02 +7.0647e-01
% function evaluation | noise-free fitness - Fopt (4.751000000000e+01) | best noise-free fitness - Fopt | measured fitness | best measured fitness | x1 | x2...
1 +6.500000000e+00 +6.500000000e+00 +5.401000000e+01 +5.401000000e+01 +0.0000e+00 +0.0000e+00
25 +5.437445960e+00 +5.437445960e+00 +5.294744596e+01 +5.294744596e+01 -6.6843e-01 -1.8150e+00
42 +1.139585815e+00 +1.139585815e+00 +4.864958581e+01 +4.864958581e+01 -3.4537e-01 +1.2655e-01
122 +7.369846525e-01 +7.369846525e-01 +4.824698465e+01 +4.824698465e+01 -1.3857e-01 +1.4117e-01
129 +1.356804544e-01 +1.356804544e-01 +4.764568045e+01 +4.764568045e+01 +7.7871e-02 +1.4515e-01
206 +7.470725442e-04 +7.470725442e-04 +4.751074707e+01 +4.751074707e+01 +7.2829e-01 -7.5671e-02
1753 +2.563212356e-04 +2.563212356e-04 +4.751025632e+01 +4.751025632e+01 +7.2898e-01 -7.4272e-02
1908 +8.216155894e-05 +8.216155894e-05 +4.751008216e+01 +4.751008216e+01 +6.9234e-01 -5.8339e-02
2174 +5.186905342e-05 +5.186905342e-05 +4.751005187e+01 +4.751005187e+01 +7.1777e-01 -6.9683e-02
2202 +9.161700092e-07 +9.161700092e-07 +4.751000092e+01 +4.751000092e+01 +7.0608e-01 -6.4667e-02
3549 +6.501329253e-07 +6.501329253e-07 +4.751000065e+01 +4.751000065e+01 +7.0586e-01 -6.4578e-02
3751 +6.153344430e-07 +6.153344430e-07 +4.751000062e+01 +4.751000062e+01 +7.0579e-01 -6.4544e-02
3839 +5.134327097e-07 +5.134327097e-07 +4.751000051e+01 +4.751000051e+01 +7.0561e-01 -6.4486e-02
3876 +3.077006596e-07 +3.077006596e-07 +4.751000031e+01 +4.751000031e+01 +7.0510e-01 -6.4269e-02
3881 +1.102535592e-07 +1.102535592e-07 +4.751000011e+01 +4.751000011e+01 +7.0486e-01 -6.4143e-02
4033 +4.959540689e-08 +4.959540689e-08 +4.751000005e+01 +4.751000005e+01 +7.0464e-01 -6.4055e-02
4165 +3.739450705e-08 +3.739450705e-08 +4.751000004e+01 +4.751000004e+01 +7.0452e-01 -6.4005e-02
4166 +2.825142786e-08 +2.825142786e-08 +4.751000003e+01 +4.751000003e+01 +7.0454e-01 -6.4008e-02
4212 +2.776243235e-08 +2.776243235e-08 +4.751000003e+01 +4.751000003e+01 +7.0436e-01 -6.3920e-02
4215 +1.013032147e-08 +1.013032147e-08 +4.751000001e+01 +4.751000001e+01 +7.0436e-01 -6.3932e-02
4226 +6.286597909e-09 +6.286597909e-09 +4.751000001e+01 +4.751000001e+01 +7.0422e-01 -6.3860e-02
6601 +0.000000000e+00 +0.000000000e+00 +4.751000000e+01 +4.751000000e+01 +7.0422e-01 -6.3864e-02
% function evaluation | noise-free fitness - Fopt (5.534000000000e+01) | best noise-free fitness - Fopt | measured fitness | best measured fitness | x1 | x2...
1 +6.500000000e+00 +6.500000000e+00 +6.184000000e+01 +6.184000000e+01 +0.0000e+00 +0.0000e+00
3 +6.333765889e+00 +6.333765889e+00 +6.167376589e+01 +6.167376589e+01 +6.4043e-01 -1.5254e-01
15 +4.588081050e+00 +4.588081050e+00 +5.992808105e+01 +5.992808105e+01 +7.6697e-01 +8.4718e-01
33 +3.473923678e+00 +3.473923678e+00 +5.881392368e+01 +5.881392368e+01 +6.2372e-01 +5.3638e-01
37 +2.762990897e+00 +2.762990897e+00 +5.810299090e+01 +5.810299090e+01 +6.0681e-01 +9.9226e-01
48 +1.263548677e+00 +1.263548677e+00 +5.660354868e+01 +5.660354868e+01 +7.2994e-01 +1.9855e-01
54 +5.566146811e-01 +5.566146811e-01 +5.589661468e+01 +5.589661468e+01 +2.6662e-02 -2.0503e-01
63 +2.420172243e-01 +2.420172243e-01 +5.558201722e+01 +5.558201722e+01 +1.4599e-01 -1.5518e-01
70 +2.074591575e-02 +2.074591575e-02 +5.536074592e+01 +5.536074592e+01 -4.8289e-01 -1.9773e-01
440 +5.982239922e-04 +5.982239922e-04 +5.534059822e+01 +5.534059822e+01 -6.3089e-01 -2.0175e-01
611 +4.566441051e-05 +4.566441051e-05 +5.534004566e+01 +5.534004566e+01 -6.8940e-01 -1.9908e-01
1042 +2.951023062e-05 +2.951023062e-05 +5.534002951e+01 +5.534002951e+01 -6.7069e-01 -1.9978e-01
1080 +8.856544746e-06 +8.856544746e-06 +5.534000886e+01 +5.534000886e+01 -6.7528e-01 -1.9993e-01
1135 +6.699049422e-07 +6.699049422e-07 +5.534000067e+01 +5.534000067e+01 -6.7738e-01 -1.9970e-01
1319 +3.325726965e-07 +3.325726965e-07 +5.534000033e+01 +5.534000033e+01 -6.7812e-01 -1.9973e-01
1638 +8.161295995e-08 +8.161295995e-08 +5.534000008e+01 +5.534000008e+01 -6.7867e-01 -1.9970e-01
1950 +1.211506628e-08 +1.211506628e-08 +5.534000001e+01 +5.534000001e+01 -6.7815e-01 -1.9971e-01
2109 +3.719911490e-09 +3.719911490e-09 +5.534000000e+01 +5.534000000e+01 -6.7836e-01 -1.9970e-01
4224 +0.000000000e+00 +0.000000000e+00 +5.534000000e+01 +5.534000000e+01 -6.7832e-01 -1.9970e-01
% function evaluation | noise-free fitness - Fopt (-9.033000000000e+01) | best noise-free fitness - Fopt | measured fitness | best measured fitness | x1 | x2...
1 +6.500000000e+00 +6.500000000e+00 -8.383000000e+01 -8.383000000e+01 +0.0000e+00 +0.0000e+00
3 +3.024875775e+00 +3.024875775e+00 -8.730512422e+01 -8.730512422e+01 +2.3856e-01 -2.5397e-01
4 +1.964888982e+00 +1.964888982e+00 -8.836511102e+01 -8.836511102e+01 +5.4604e-01 -5.0314e-01
10 +5.162540365e-01 +5.162540365e-01 -8.981374596e+01 -8.981374596e+01 +2.6175e-01 -1.0106e-01
143 +1.690044573e-01 +1.690044573e-01 -9.016099554e+01 -9.016099554e+01 -1.7985e-01 +3.9708e-01
219 +3.017568146e-02 +3.017568146e-02 -9.029982432e+01 -9.029982432e+01 -5.9382e-01 +6.5931e-01
293 +6.675539571e-03 +6.675539571e-03 -9.032332446e+01 -9.032332446e+01 -5.9501e-01 +6.5332e-01
1038 +3.656313874e-03 +3.656313874e-03 -9.032634369e+01 -9.032634369e+01 -4.2855e-01 +5.4401e-01
1039 +1.007117011e-03 +1.007117011e-03 -9.032899288e+01 -9.032899288e+01 -4.2877e-01 +5.4907e-01
1245 +9.052853809e-04 +9.052853809e-04 -9.032909471e+01 -9.032909471e+01 -4.9166e-01 +5.8740e-01
1306 +5.547189852e-04 +5.547189852e-04 -9.032944528e+01 -9.032944528e+01 -4.2552e-01 +5.4647e-01
1319 +1.326519639e-04 +1.326519639e-04 -9.032986735e+01 -9.032986735e+01 -4.4000e-01 +5.5412e-01
1591 +5.506704483e-05 +5.506704483e-05 -9.032994493e+01 -9.032994493e+01 -4.4899e-01 +5.6030e-01
1672 +2.739989512e-05 +2.739989512e-05 -9.032997260e+01 -9.032997260e+01 -4.2940e-01 +5.4782e-01
1741 +2.441348907e-05 +2.441348907e-05 -9.032997559e+01 -9.032997559e+01 -4.4176e-01 +5.5613e-01
1940 +1.119325594e-05 +1.119325594e-05 -9.032998881e+01 -9.032998881e+01 -4.3513e-01 +5.5141e-01
2040 +7.848034301e-06 +7.848034301e-06 -9.032999215e+01 -9.032999215e+01 -4.3897e-01 +5.5391e-01
2241 +1.507779089e-06 +1.507779089e-06 -9.032999849e+01 -9.032999849e+01 -4.4132e-01 +5.5557e-01
2405 +1.615324976e-07 +1.615324976e-07 -9.032999984e+01 -9.032999984e+01 -4.3990e-01 +5.5467e-01
2691 +1.211322740e-07 +1.211322740e-07 -9.032999988e+01 -9.032999988e+01 -4.3861e-01 +5.5383e-01
3076 +1.277300044e-08 +1.277300044e-08 -9.032999999e+01 -9.032999999e+01 -4.3896e-01 +5.5406e-01
3256 +1.047207832e-08 +1.047207832e-08 -9.032999999e+01 -9.032999999e+01 -4.3899e-01 +5.5407e-01
3257 +9.866852224e-09 +9.866852224e-09 -9.032999999e+01 -9.032999999e+01 -4.3912e-01 +5.5417e-01
6785 +0.000000000e+00 +0.000000000e+00 -9.033000000e+01 -9.033000000e+01 -4.3917e-01 +5.5419e-01
% function evaluation | noise-free fitness - Fopt (6.561000000000e+01) | best noise-free fitness - Fopt | measured fitness | best measured fitness | x1 | x2...
1 +6.500000000e+00 +6.500000000e+00 +7.211000000e+01 +7.211000000e+01 +0.0000e+00 +0.0000e+00
5 +1.565174034e+00 +1.565174034e+00 +6.717517403e+01 +6.717517403e+01 +4.6933e-01 +6.5291e-01
22 +2.263742499e-01 +2.263742499e-01 +6.583637425e+01 +6.583637425e+01 -3.5106e-01 -3.4849e-01
276 +9.426010031e-02 +9.426010031e-02 +6.570426010e+01 +6.570426010e+01 -5.6187e-01 -1.2465e+00
308 +7.121351588e-02 +7.121351588e-02 +6.568121352e+01 +6.568121352e+01 -3.3535e-01 -4.1082e-01
318 +4.999677014e-02 +4.999677014e-02 +6.565999677e+01 +6.565999677e+01 -5.2406e-01 -1.0686e+00
441 +1.376964958e-03 +1.376964958e-03 +6.561137696e+01 +6.561137696e+01 -3.7798e-01 -5.0720e-01
1004 +2.853727702e-04 +2.853727702e-04 +6.561028537e+01 +6.561028537e+01 -4.1097e-01 -6.1895e-01
1390 +2.374663932e-04 +2.374663932e-04 +6.561023747e+01 +6.561023747e+01 -3.9121e-01 -5.5030e-01
1439 +1.872721260e-04 +1.872721260e-04 +6.561018727e+01 +6.561018727e+01 -4.0554e-01 -6.0113e-01
1482 +6.383961477e-06 +6.383961477e-06 +6.561000638e+01 +6.561000638e+01 -4.0066e-01 -5.8273e-01
2055 +2.256228981e-07 +2.256228981e-07 +6.561000023e+01 +6.561000023e+01 -4.0045e-01 -5.8160e-01
2544 +2.800535981e-08 +2.800535981e-08 +6.561000003e+01 +6.561000003e+01 -4.0065e-01 -5.8230e-01
2635 +2.393973375e-08 +2.393973375e-08 +6.561000002e+01 +6.561000002e+01 -4.0068e-01 -5.8237e-01
2644 +4.876696380e-09 +4.876696380e-09 +6.561000000e+01 +6.561000000e+01 -4.0078e-01 -5.8274e-01
5424 +0.000000000e+00 +0.000000000e+00 +6.561000000e+01 +6.561000000e+01 -4.0073e-01 -5.8259e-01
% function evaluation | noise-free fitness - Fopt (-2.259500000000e+02) | best noise-free fitness - Fopt | measured fitness | best measured fitness | x1 | x2...
1 +6.500000000e+00 +6.500000000e+00 -2.194500000e+02 -2.194500000e+02 +0.0000e+00 +0.0000e+00
3 +1.280097211e+00 +1.280097211e+00 -2.246699028e+02 -2.246699028e+02 +3.0773e-01 +7.6456e-02
17 +7.647235180e-01 +7.647235180e-01 -2.251852765e+02 -2.251852765e+02 +1.6127e+00 -1.1980e+00
129 +2.589690691e-01 +2.589690691e-01 -2.256910309e+02 -2.256910309e+02 +1.2845e-02 +1.6004e-01
435 +1.589125685e-01 +1.589125685e-01 -2.257910874e+02 -2.257910874e+02 +9.3861e-01 -5.4226e-01
528 +1.175229002e-01 +1.175229002e-01 -2.258324771e+02 -2.258324771e+02 +1.2640e-01 +1.1554e-01
723 +6.207617655e-02 +6.207617655e-02 -2.258879238e+02 -2.258879238e+02 +3.4276e-01 -3.0167e-02
754 +2.557112280e-02 +2.557112280e-02 -2.259244289e+02 -2.259244289e+02 +4.0051e-01 -5.9353e-02
899 +1.291009253e-02 +1.291009253e-02 -2.259370899e+02 -2.259370899e+02 +5.8656e-01 -2.1381e-01
912 +9.461709971e-03 +9.461709971e-03 -2.259405383e+02 -2.259405383e+02 +5.8047e-01 -1.9726e-01
961 +1.372654991e-03 +1.372654991e-03 -2.259486273e+02 -2.259486273e+02 +6.0578e-01 -2.2206e-01
962 +4.026555350e-04 +4.026555350e-04 -2.259495973e+02 -2.259495973e+02 +6.4493e-01 -2.5748e-01
1007 +3.483114601e-04 +3.483114601e-04 -2.259496517e+02 -2.259496517e+02 +6.6113e-01 -2.6910e-01
1206 +5.224745169e-05 +5.224745169e-05 -2.259499478e+02 -2.259499478e+02 +6.6151e-01 -2.7087e-01
1208 +2.400859285e-05 +2.400859285e-05 -2.259499760e+02 -2.259499760e+02 +6.4920e-01 -2.6017e-01
1427 +1.589002716e-05 +1.589002716e-05 -2.259499841e+02 -2.259499841e+02 +6.6053e-01 -2.6950e-01
1838 +1.472817027e-05 +1.472817027e-05 -2.259499853e+02 -2.259499853e+02 +6.6173e-01 -2.7062e-01
1864 +4.507983846e-06 +4.507983846e-06 -2.259499955e+02 -2.259499955e+02 +6.5184e-01 -2.6223e-01
2383 +2.446166491e-06 +2.446166491e-06 -2.259499976e+02 -2.259499976e+02 +6.5464e-01 -2.6471e-01
2602 +1.534793370e-06 +1.534793370e-06 -2.259499985e+02 -2.259499985e+02 +6.5725e-01 -2.6682e-01
2625 +2.302489008e-07 +2.302489008e-07 -2.259499998e+02 -2.259499998e+02 +6.5581e-01 -2.6564e-01
3108 +7.164831572e-08 +7.164831572e-08 -2.259499999e+02 -2.259499999e+02 +6.5576e-01 -2.6559e-01
3308 +5.091663979e-09 +5.091663979e-09 -2.259500000e+02 -2.259500000e+02 +6.5555e-01 -2.6540e-01
7342 +0.000000000e+00 +0.000000000e+00 -2.259500000e+02 -2.259500000e+02 +6.5545e-01 -2.6531e-01
% function evaluation | noise-free fitness - Fopt (1.306000000000e+01) | best noise-free fitness - Fopt | measured fitness | best measured fitness | x1 | x2...
1 +6.500000000e+00 +6.500000000e+00 +1.956000000e+01 +1.956000000e+01 +0.0000e+00 +0.0000e+00
19 +2.521190659e+00 +2.521190659e+00 +1.558119066e+01 +1.558119066e+01 -8.4838e-01 +2.0514e+00
27 +5.953652691e-01 +5.953652691e-01 +1.365536527e+01 +1.365536527e+01 -7.6204e-01 +2.0310e+00
166 +3.934822827e-01 +3.934822827e-01 +1.345348228e+01 +1.345348228e+01 +1.1144e-01 +1.1700e-01
311 +7.091991861e-02 +7.091991861e-02 +1.313091992e+01 +1.313091992e+01 -8.5556e-02 +7.3229e-01
426 +3.685203871e-02 +3.685203871e-02 +1.309685204e+01 +1.309685204e+01 +3.3039e-02 +4.5209e-01
630 +2.164116748e-02 +2.164116748e-02 +1.308164117e+01 +1.308164117e+01 +1.5050e-02 +5.0541e-01
817 +1.219145968e-02 +1.219145968e-02 +1.307219146e+01 +1.307219146e+01 -1.5652e-02 +6.0973e-01
851 +8.063907675e-03 +8.063907675e-03 +1.306806391e+01 +1.306806391e+01 -3.2540e-02 +6.4860e-01
888 +7.415690084e-03 +7.415690084e-03 +1.306741569e+01 +1.306741569e+01 -5.9429e-02 +6.9208e-01
970 +7.035104844e-03 +7.035104844e-03 +1.306703510e+01 +1.306703510e+01 -1.3795e-01 +8.7764e-01
1031 +3.319549764e-03 +3.319549764e-03 +1.306331955e+01 +1.306331955e+01 -3.1546e-02 +6.3073e-01
1045 +2.222095980e-03 +2.222095980e-03 +1.306222210e+01 +1.306222210e+01 -2.0386e-02 +6.0971e-01
1078 +6.744769876e-04 +6.744769876e-04 +1.306067448e+01 +1.306067448e+01 -6.0901e-02 +7.0232e-01
1536 +5.515215570e-04 +5.515215570e-04 +1.306055152e+01 +1.306055152e+01 -4.1789e-02 +6.6177e-01
1563 +3.258017526e-04 +3.258017526e-04 +1.306032580e+01 +1.306032580e+01 -4.5828e-02 +6.6943e-01
1684 +1.263621126e-04 +1.263621126e-04 +1.306012636e+01 +1.306012636e+01 -6.1622e-02 +7.0565e-01
1688 +4.583479198e-05 +4.583479198e-05 +1.306004583e+01 +1.306004583e+01 -5.8825e-02 +6.9972e-01
1691 +3.781511997e-05 +3.781511997e-05 +1.306003782e+01 +1.306003782e+01 -5.5140e-02 +6.9192e-01
1976 +1.851179330e-05 +1.851179330e-05 +1.306001851e+01 +1.306001851e+01 -6.1987e-02 +7.0729e-01
1990 +1.589915171e-05 +1.589915171e-05 +1.306001590e+01 +1.306001590e+01 -6.4104e-02 +7.1255e-01
2015 +4.654765084e-06 +4.654765084e-06 +1.306000465e+01 +1.306000465e+01 -6.1261e-02 +7.0630e-01
2027 +3.484551154e-07 +3.484551154e-07 +1.306000035e+01 +1.306000035e+01 -6.0400e-02 +7.0415e-01
2606 +1.457339351e-07 +1.457339351e-07 +1.306000015e+01 +1.306000015e+01 -6.0781e-02 +7.0500e-01
2666 +2.361616502e-08 +2.361616502e-08 +1.306000002e+01 +1.306000002e+01 -6.0710e-02 +7.0480e-01
3064 +5.091406408e-09 +5.091406408e-09 +1.306000001e+01 +1.306000001e+01 -6.0642e-02 +7.0464e-01
7215 +0.000000000e+00 +0.000000000e+00 +1.306000000e+01 +1.306000000e+01 -6.0582e-02 +7.0451e-01
% function evaluation | noise-free fitness - Fopt (-3.270100000000e+02) | best noise-free fitness - Fopt | measured fitness | best measured fitness | x1 | x2...
1 +6.500000000e+00 +6.500000000e+00 -3.205100000e+02 -3.205100000e+02 +0.0000e+00 +0.0000e+00
15 +1.974631283e+00 +1.974631283e+00 -3.250353687e+02 -3.250353687e+02 +3.3984e-02 -5.6746e-01
32 +1.565016863e+00 +1.565016863e+00 -3.254449831e+02 -3.254449831e+02 -2.6900e-01 -1.9497e+00
38 +1.306410463e-01 +1.306410463e-01 -3.268793590e+02 -3.268793590e+02 +7.6145e-02 -6.1534e-01
128 +4.136807071e-02 +4.136807071e-02 -3.269686319e+02 -3.269686319e+02 +9.5244e-03 -9.4179e-01
576 +4.625242422e-03 +4.625242422e-03 -3.270053748e+02 -3.270053748e+02 +3.9177e-02 -8.5178e-01
627 +2.386029565e-03 +2.386029565e-03 -3.270076140e+02 -3.270076140e+02 +9.5576e-02 -6.0077e-01
982 +6.044978445e-04 +6.044978445e-04 -3.270093955e+02 -3.270093955e+02 +6.6271e-02 -7.4347e-01
1301 +2.510244213e-04 +2.510244213e-04 -3.270097490e+02 -3.270097490e+02 +8.1924e-02 -6.7024e-01
1326 +2.172629144e-04 +2.172629144e-04 -3.270097827e+02 -3.270097827e+02 +7.6379e-02 -6.9198e-01
1332 +6.452620522e-05 +6.452620522e-05 -3.270099355e+02 -3.270099355e+02 +7.7536e-02 -6.9078e-01
1519 +8.896124427e-06 +8.896124427e-06 -3.270099911e+02 -3.270099911e+02 +7.3602e-02 -7.0793e-01
1572 +6.850621901e-06 +6.850621901e-06 -3.270099931e+02 -3.270099931e+02 +7.4206e-02 -7.0528e-01
1869 +3.220338044e-06 +3.220338044e-06 -3.270099968e+02 -3.270099968e+02 +7.5374e-02 -6.9937e-01
1977 +2.381179058e-06 +2.381179058e-06 -3.270099976e+02 -3.270099976e+02 +7.4760e-02 -7.0258e-01
2142 +8.605171615e-07 +8.605171615e-07 -3.270099991e+02 -3.270099991e+02 +7.4851e-02 -7.0201e-01
2159 +4.883659130e-07 +4.883659130e-07 -3.270099995e+02 -3.270099995e+02 +7.4284e-02 -7.0433e-01
2348 +2.210180696e-07 +2.210180696e-07 -3.270099998e+02 -3.270099998e+02 +7.4515e-02 -7.0328e-01
2425 +2.187441055e-07 +2.187441055e-07 -3.270099998e+02 -3.270099998e+02 +7.4342e-02 -7.0418e-01
2486 +1.549131525e-07 +1.549131525e-07 -3.270099998e+02 -3.270099998e+02 +7.4393e-02 -7.0388e-01
2526 +2.367528396e-09 +2.367528396e-09 -3.270100000e+02 -3.270100000e+02 +7.4583e-02 -7.0307e-01
4946 +0.000000000e+00 +0.000000000e+00 -3.270100000e+02 -3.270100000e+02 +7.4561e-02 -7.0317e-01
% function evaluation | noise-free fitness - Fopt (2.100000000000e-01) | best noise-free fitness - Fopt | measured fitness | best measured fitness | x1 | x2...
1 +6.500000000e+00 +6.500000000e+00 +6.710000000e+00 +6.710000000e+00 +0.0000e+00 +0.0000e+00
9 +3.863552938e+00 +3.863552938e+00 +4.073552938e+00 +4.073552938e+00 +5.3301e+00 -6.6976e+00
42 +8.976717676e-01 +8.976717676e-01 +1.107671768e+00 +1.107671768e+00 +4.9926e-01 -9.0467e-02
210 +6.939979259e-01 +6.939979259e-01 +9.039979259e-01 +9.039979259e-01 -1.3139e-01 +1.9838e-01
218 +1.358751872e-02 +1.358751872e-02 +2.235875187e-01 +2.235875187e-01 +5.2722e-01 -1.6651e-01
506 +9.738214207e-03 +9.738214207e-03 +2.197382142e-01 +2.197382142e-01 +6.4827e-01 -2.7029e-01
857 +3.510580452e-03 +3.510580452e-03 +2.135105805e-01 +2.135105805e-01 +5.6235e-01 -2.0319e-01
977 +1.760948702e-05 +1.760948702e-05 +2.100176095e-01 +2.100176095e-01 +6.4392e-01 -2.7244e-01
1900 +1.527250590e-05 +1.527250590e-05 +2.100152725e-01 +2.100152725e-01 +6.4722e-01 -2.7546e-01
2705 +1.486598061e-05 +1.486598061e-05 +2.100148660e-01 +2.100148660e-01 +6.5587e-01 -2.8305e-01
2713 +1.129061232e-05 +1.129061232e-05 +2.100112906e-01 +2.100112906e-01 +6.5560e-01 -2.8265e-01
2747 +6.239215856e-06 +6.239215856e-06 +2.100062392e-01 +2.100062392e-01 +6.5233e-01 -2.7967e-01
2756 +2.543030355e-06 +2.543030355e-06 +2.100025430e-01 +2.100025430e-01 +6.5283e-01 -2.8026e-01
2767 +1.074914565e-06 +1.074914565e-06 +2.100010749e-01 +2.100010749e-01 +6.5190e-01 -2.7942e-01
2821 +6.287282125e-07 +6.287282125e-07 +2.100006287e-01 +2.100006287e-01 +6.4986e-01 -2.7764e-01
3143 +3.520997338e-07 +3.520997338e-07 +2.100003521e-01 +2.100003521e-01 +6.4929e-01 -2.7708e-01
3153 +2.961162006e-07 +2.961162006e-07 +2.100002961e-01 +2.100002961e-01 +6.4938e-01 -2.7719e-01
3176 +2.314413141e-07 +2.314413141e-07 +2.100002314e-01 +2.100002314e-01 +6.4955e-01 -2.7731e-01
3205 +6.243288883e-08 +6.243288883e-08 +2.100000624e-01 +2.100000624e-01 +6.4983e-01 -2.7758e-01
3245 +4.893083541e-08 +4.893083541e-08 +2.100000489e-01 +2.100000489e-01 +6.4995e-01 -2.7767e-01
3252 +8.904892129e-09 +8.904892129e-09 +2.100000089e-01 +2.100000089e-01 +6.5006e-01 -2.7777e-01
% function evaluation | noise-free fitness - Fopt (-1.000000000000e+03) | best noise-free fitness - Fopt | measured fitness | best measured fitness | x1 | x2...
1 +6.500000000e+00 +6.500000000e+00 -9.935000000e+02 -9.935000000e+02 +0.0000e+00 +0.0000e+00
30 +1.009779978e+00 +1.009779978e+00 -9.989902200e+02 -9.989902200e+02 -3.5663e-01 -1.7276e+00
45 +4.034102187e-01 +4.034102187e-01 -9.995965898e+02 -9.995965898e+02 +1.4069e-01 +2.1486e-01
89 +3.030489680e-01 +3.030489680e-01 -9.996969510e+02 -9.996969510e+02 -9.3511e-03 -7.8383e-01
90 +3.544497265e-02 +3.544497265e-02 -9.999645550e+02 -9.999645550e+02 -9.7288e-02 -1.1379e+00
164 +3.032258353e-02 +3.032258353e-02 -9.999696774e+02 -9.999696774e+02 -8.1738e-02 -1.0957e+00
195 +1.955976443e-02 +1.955976443e-02 -9.999804402e+02 -9.999804402e+02 -2.0478e-02 -9.1799e-01
381 +1.603085607e-02 +1.603085607e-02 -9.999839691e+02 -9.999839691e+02 +9.8036e-02 -4.7876e-01
392 +1.023394973e-03 +1.023394973e-03 -9.999989766e+02 -9.999989766e+02 +1.8234e-02 -7.7372e-01
472 +1.815779171e-05 +1.815779171e-05 -9.999999818e+02 -9.999999818e+02 +3.8993e-02 -7.0199e-01
1773 +1.254028689e-05 +1.254028689e-05 -9.999999875e+02 -9.999999875e+02 +3.8603e-02 -7.0332e-01
2184 +2.967861860e-06 +2.967861860e-06 -9.999999970e+02 -9.999999970e+02 +3.6777e-02 -7.0950e-01
2229 +1.302993041e-06 +1.302993041e-06 -9.999999987e+02 -9.999999987e+02 +3.7407e-02 -7.0692e-01
2249 +7.629107586e-07 +7.629107586e-07 -9.999999992e+02 -9.999999992e+02 +3.7438e-02 -7.0686e-01
2384 +5.420114348e-07 +5.420114348e-07 -9.999999995e+02 -9.999999995e+02 +3.7807e-02 -7.0554e-01
2403 +3.092308134e-07 +3.092308134e-07 -9.999999997e+02 -9.999999997e+02 +3.7716e-02 -7.0589e-01
2418 +2.499007223e-07 +2.499007223e-07 -9.999999998e+02 -9.999999998e+02 +3.7591e-02 -7.0651e-01
2961 +1.882006018e-07 +1.882006018e-07 -9.999999998e+02 -9.999999998e+02 +3.7887e-02 -7.0533e-01
2962 +4.798118880e-08 +4.798118880e-08 -1.000000000e+03 -1.000000000e+03 +3.7814e-02 -7.0563e-01
3050 +4.547632670e-08 +4.547632670e-08 -1.000000000e+03 -1.000000000e+03 +3.7811e-02 -7.0565e-01
3055 +3.006607585e-08 +3.006607585e-08 -1.000000000e+03 -1.000000000e+03 +3.7781e-02 -7.0576e-01
3126 +9.031282389e-09 +9.031282389e-09 -1.000000000e+03 -1.000000000e+03 +3.7631e-02 -7.0630e-01
5412 +0.000000000e+00 +0.000000000e+00 -1.000000000e+03 -1.000000000e+03 +3.7684e-02 -7.0610e-01
% function evaluation | noise-free fitness - Fopt (-1.076400000000e+02) | best noise-free fitness - Fopt | measured fitness | best measured fitness | x1 | x2...
1 +6.500000000e+00 +6.500000000e+00 -1.011400000e+02 -1.011400000e+02 +0.0000e+00 +0.0000e+00
12 +4.353113334e+00 +4.353113334e+00 -1.032868867e+02 -1.032868867e+02 -2.7926e-01 -1.4566e-01
28 +1.483849866e+00 +1.483849866e+00 -1.061561501e+02 -1.061561501e+02 +1.6082e-01 +7.9443e-01
48 +8.860312632e-01 +8.860312632e-01 -1.067539687e+02 -1.067539687e+02 +1.7940e-02 +6.5758e-01
64 +8.330819627e-01 +8.330819627e-01 -1.068069180e+02 -1.068069180e+02 -1.3094e-02 +6.2754e-01
151 +6.052020535e-01 +6.052020535e-01 -1.070347979e+02 -1.070347979e+02 -5.2987e-02 +5.3000e-01
220 +4.072184016e-01 +4.072184016e-01 -1.072327816e+02 -1.072327816e+02 -1.1053e-01 +3.1081e-01
237 +3.285028234e-01 +3.285028234e-01 -1.073114972e+02 -1.073114972e+02 -1.8467e-01 +1.1927e-01
282 +3.493233162e-02 +3.493233162e-02 -1.076050677e+02 -1.076050677e+02 -1.1588e-01 -6.6922e-01
329 +7.290198950e-03 +7.290198950e-03 -1.076327098e+02 -1.076327098e+02 -6.4519e-02 -8.8550e-01
467 +7.134564864e-03 +7.134564864e-03 -1.076328654e+02 -1.076328654e+02 -6.9035e-02 -8.5930e-01
558 +1.798795609e-03 +1.798795609e-03 -1.076382012e+02 -1.076382012e+02 -1.1422e-01 -6.3759e-01
579 +1.629209313e-03 +1.629209313e-03 -1.076383708e+02 -1.076383708e+02 -1.0358e-01 -6.8051e-01
781 +1.538422685e-03 +1.538422685e-03 -1.076384616e+02 -1.076384616e+02 -8.5508e-02 -7.8733e-01
958 +7.919690884e-04 +7.919690884e-04 -1.076392080e+02 -1.076392080e+02 -1.1236e-01 -6.4289e-01
978 +7.413397415e-04 +7.413397415e-04 -1.076392587e+02 -1.076392587e+02 -1.0528e-01 -6.7464e-01
1066 +5.052534743e-04 +5.052534743e-04 -1.076394947e+02 -1.076394947e+02 -1.0992e-01 -6.5261e-01
1268 +2.012508907e-04 +2.012508907e-04 -1.076397987e+02 -1.076397987e+02 -1.0637e-01 -6.7746e-01
1279 +1.972315439e-04 +1.972315439e-04 -1.076398028e+02 -1.076398028e+02 -1.0401e-01 -6.8508e-01
1290 +1.149674942e-05 +1.149674942e-05 -1.076399885e+02 -1.076399885e+02 -1.0133e-01 -7.0395e-01
1923 +1.023182543e-05 +1.023182543e-05 -1.076399898e+02 -1.076399898e+02 -1.0117e-01 -7.0468e-01
1969 +8.479272324e-06 +8.479272324e-06 -1.076399915e+02 -1.076399915e+02 -1.0087e-01 -7.0598e-01
2116 +5.864593646e-06 +5.864593646e-06 -1.076399941e+02 -1.076399941e+02 -1.0109e-01 -7.0428e-01
2325 +1.547297245e-06 +1.547297245e-06 -1.076399985e+02 -1.076399985e+02 -1.0245e-01 -6.9712e-01
2587 +8.549157542e-07 +8.549157542e-07 -1.076399991e+02 -1.076399991e+02 -1.0233e-01 -6.9775e-01
2626 +7.767284416e-07 +7.767284416e-07 -1.076399992e+02 -1.076399992e+02 -1.0231e-01 -6.9787e-01
2677 +3.566559172e-07 +3.566559172e-07 -1.076399996e+02 -1.076399996e+02 -1.0205e-01 -6.9941e-01
2735 +2.609875907e-07 +2.609875907e-07 -1.076399997e+02 -1.076399997e+02 -1.0177e-01 -7.0076e-01
2861 +6.680842546e-08 +6.680842546e-08 -1.076399999e+02 -1.076399999e+02 -1.0204e-01 -6.9938e-01
2886 +3.024535999e-08 +3.024535999e-08 -1.076400000e+02 -1.076400000e+02 -1.0200e-01 -6.9957e-01
2902 +3.453394015e-09 +3.453394015e-09 -1.076400000e+02 -1.076400000e+02 -1.0199e-01 -6.9959e-01
5074 +0.000000000e+00 +0.000000000e+00 -1.076400000e+02 -1.076400000e+02 -1.0196e-01 -6.9972e-01
% function evaluation | noise-free fitness - Fopt (-4.480000000000e+01) | best noise-free fitness - Fopt | measured fitness | best measured fitness | x1 | x2...
1 +6.500000000e+00 +6.500000000e+00 -3.830000000e+01 -3.830000000e+01 +0.0000e+00 +0.0000e+00
7 +7.746986871e-02 +7.746986871e-02 -4.472253013e+01 -4.472253013e+01 +9.4757e-01 +3.4058e-01
183 +3.742331234e-02 +3.742331234e-02 -4.476257669e+01 -4.476257669e+01 +3.4703e-01 -2.1794e-02
227 +2.188672520e-02 +2.188672520e-02 -4.477811327e+01 -4.477811327e+01 +7.4788e-01 +2.0770e-01
237 +1.365207382e-02 +1.365207382e-02 -4.478634793e+01 -4.478634793e+01 +7.5840e-01 +2.2793e-01
294 +2.203787106e-03 +2.203787106e-03 -4.479779621e+01 -4.479779621e+01 +7.1430e-01 +1.9551e-01
1125 +1.081166346e-04 +1.081166346e-04 -4.479989188e+01 -4.479989188e+01 +6.9523e-01 +1.8033e-01
1184 +8.229250495e-05 +8.229250495e-05 -4.479991771e+01 -4.479991771e+01 +6.8109e-01 +1.7216e-01
1568 +1.867558505e-05 +1.867558505e-05 -4.479998132e+01 -4.479998132e+01 +6.8383e-01 +1.7323e-01
1637 +1.414390860e-05 +1.414390860e-05 -4.479998586e+01 -4.479998586e+01 +6.8955e-01 +1.7698e-01
2024 +6.789812282e-06 +6.789812282e-06 -4.479999321e+01 -4.479999321e+01 +6.8342e-01 +1.7332e-01
2061 +4.412180559e-06 +4.412180559e-06 -4.479999559e+01 -4.479999559e+01 +6.8901e-01 +1.7682e-01
2081 +3.872359237e-06 +3.872359237e-06 -4.479999613e+01 -4.479999613e+01 +6.8721e-01 +1.7572e-01
2095 +3.739048900e-06 +3.739048900e-06 -4.479999626e+01 -4.479999626e+01 +6.8419e-01 +1.7379e-01
2250 +6.800409480e-07 +6.800409480e-07 -4.479999932e+01 -4.479999932e+01 +6.8553e-01 +1.7459e-01
2322 +6.203528926e-07 +6.203528926e-07 -4.479999938e+01 -4.479999938e+01 +6.8642e-01 +1.7509e-01
2433 +1.602244524e-07 +1.602244524e-07 -4.479999984e+01 -4.479999984e+01 +6.8533e-01 +1.7444e-01
2675 +5.026771532e-08 +5.026771532e-08 -4.479999995e+01 -4.479999995e+01 +6.8485e-01 +1.7411e-01
2800 +3.065885323e-08 +3.065885323e-08 -4.479999997e+01 -4.479999997e+01 +6.8500e-01 +1.7420e-01
2902 +1.787356041e-09 +1.787356041e-09 -4.480000000e+01 -4.480000000e+01 +6.8533e-01 +1.7442e-01
6677 +0.000000000e+00 +0.000000000e+00 -4.480000000e+01 -4.480000000e+01 +6.8527e-01 +1.7438e-01
% function evaluation | noise-free fitness - Fopt (-1.245500000000e+02) | best noise-free fitness - Fopt | measured fitness | best measured fitness | x1 | x2...
1 +6.500000000e+00 +6.500000000e+00 -1.180500000e+02 -1.180500000e+02 +0.0000e+00 +0.0000e+00
2 +1.441082485e+00 +1.441082485e+00 -1.231089175e+02 -1.231089175e+02 -7.8427e-01 -1.3861e-01
187 +9.915389850e-01 +9.915389850e-01 -1.235584610e+02 -1.235584610e+02 +2.5940e+00 +2.3670e+00
310 +1.501040242e-01 +1.501040242e-01 -1.243998960e+02 -1.243998960e+02 +9.4232e-01 +4.8529e-01
318 +1.123484863e-01 +1.123484863e-01 -1.244376515e+02 -1.244376515e+02 +6.6103e-01 +2.3741e-01
322 +3.635293694e-02 +3.635293694e-02 -1.245136471e+02 -1.245136471e+02 +7.8528e-01 +3.7266e-01
738 +2.289445220e-02 +2.289445220e-02 -1.245271055e+02 -1.245271055e+02 +4.1374e-01 +6.2529e-02
910 +1.704915491e-02 +1.704915491e-02 -1.245329508e+02 -1.245329508e+02 +4.5626e-01 +9.8682e-02
919 +1.059509919e-02 +1.059509919e-02 -1.245394049e+02 -1.245394049e+02 +5.2086e-01 +1.4084e-01
954 +7.600552684e-03 +7.600552684e-03 -1.245423994e+02 -1.245423994e+02 +5.3850e-01 +1.6127e-01
983 +6.289401454e-03 +6.289401454e-03 -1.245437106e+02 -1.245437106e+02 +5.3238e-01 +1.5195e-01
1007 +2.641005021e-03 +2.641005021e-03 -1.245473590e+02 -1.245473590e+02 +5.9225e-01 +1.9878e-01
1159 +8.611987702e-04 +8.611987702e-04 -1.245491388e+02 -1.245491388e+02 +6.1689e-01 +2.2153e-01
1170 +3.079458245e-04 +3.079458245e-04 -1.245496921e+02 -1.245496921e+02 +6.3210e-01 +2.3344e-01
1205 +1.900233027e-04 +1.900233027e-04 -1.245498100e+02 -1.245498100e+02 +6.4010e-01 +2.4002e-01
1878 +1.829193791e-04 +1.829193791e-04 -1.245498171e+02 -1.245498171e+02 +6.3665e-01 +2.3655e-01
1897 +1.434354536e-04 +1.434354536e-04 -1.245498566e+02 -1.245498566e+02 +6.4104e-01 +2.4064e-01
1902 +1.395884330e-04 +1.395884330e-04 -1.245498604e+02 -1.245498604e+02 +6.4444e-01 +2.4358e-01
1910 +1.302312860e-04 +1.302312860e-04 -1.245498698e+02 -1.245498698e+02 +6.4037e-01 +2.3960e-01
2112 +1.083677193e-04 +1.083677193e-04 -1.245498916e+02 -1.245498916e+02 +6.4152e-01 +2.4076e-01
2113 +1.004810414e-04 +1.004810414e-04 -1.245498995e+02 -1.245498995e+02 +6.4216e-01 +2.4121e-01
2310 +7.357873983e-05 +7.357873983e-05 -1.245499264e+02 -1.245499264e+02 +6.4834e-01 +2.4666e-01
2330 +5.305517558e-05 +5.305517558e-05 -1.245499469e+02 -1.245499469e+02 +6.4746e-01 +2.4547e-01
2331 +4.043251590e-05 +4.043251590e-05 -1.245499596e+02 -1.245499596e+02 +6.4908e-01 +2.4681e-01
2360 +3.505645724e-05 +3.505645724e-05 -1.245499649e+02 -1.245499649e+02 +6.4917e-01 +2.4702e-01
2399 +3.376995436e-05 +3.376995436e-05 -1.245499662e+02 -1.245499662e+02 +6.4949e-01 +2.4722e-01
2410 +2.291612680e-05 +2.291612680e-05 -1.245499771e+02 -1.245499771e+02 +6.5121e-01 +2.4866e-01
2487 +1.736647391e-05 +1.736647391e-05 -1.245499826e+02 -1.245499826e+02 +6.5330e-01 +2.5055e-01
2529 +1.458258309e-05 +1.458258309e-05 -1.245499854e+02 -1.245499854e+02 +6.5279e-01 +2.5001e-01
2532 +1.374926966e-05 +1.374926966e-05 -1.245499863e+02 -1.245499863e+02 +6.5334e-01 +2.5038e-01
2577 +9.249438236e-06 +9.249438236e-06 -1.245499908e+02 -1.245499908e+02 +6.5429e-01 +2.5120e-01
2610 +5.870922351e-06 +5.870922351e-06 -1.245499941e+02 -1.245499941e+02 +6.5658e-01 +2.5302e-01
2613 +4.360124223e-06 +4.360124223e-06 -1.245499956e+02 -1.245499956e+02 +6.5610e-01 +2.5279e-01
3028 +4.098047242e-06 +4.098047242e-06 -1.245499959e+02 -1.245499959e+02 +6.5597e-01 +2.5260e-01
3071 +3.021605380e-06 +3.021605380e-06 -1.245499970e+02 -1.245499970e+02 +6.5666e-01 +2.5324e-01
3133 +1.808014531e-06 +1.808014531e-06 -1.245499982e+02 -1.245499982e+02 +6.5708e-01 +2.5356e-01
3162 +1.668089453e-06 +1.668089453e-06 -1.245499983e+02 -1.245499983e+02 +6.5722e-01 +2.5364e-01
3269 +9.913382542e-07 +9.913382542e-07 -1.245499990e+02 -1.245499990e+02 +6.5788e-01 +2.5424e-01
3300 +3.561291919e-07 +3.561291919e-07 -1.245499996e+02 -1.245499996e+02 +6.5859e-01 +2.5478e-01
3311 +2.595763249e-07 +2.595763249e-07 -1.245499997e+02 -1.245499997e+02 +6.5851e-01 +2.5472e-01
3403 +1.797852747e-07 +1.797852747e-07 -1.245499998e+02 -1.245499998e+02 +6.5883e-01 +2.5501e-01
3448 +1.411193296e-07 +1.411193296e-07 -1.245499999e+02 -1.245499999e+02 +6.5880e-01 +2.5498e-01
3613 +8.530410867e-08 +8.530410867e-08 -1.245499999e+02 -1.245499999e+02 +6.5907e-01 +2.5520e-01
3616 +4.769719908e-08 +4.769719908e-08 -1.245500000e+02 -1.245500000e+02 +6.5913e-01 +2.5525e-01
3727 +3.092361567e-08 +3.092361567e-08 -1.245500000e+02 -1.245500000e+02 +6.5909e-01 +2.5521e-01
3755 +5.418172577e-10 +5.418172577e-10 -1.245500000e+02 -1.245500000e+02 +6.5938e-01 +2.5545e-01
% function evaluation | noise-free fitness - Fopt (-6.322000000000e+01) | best noise-free fitness - Fopt | measured fitness | best measured fitness | x1 | x2...
1 +6.500000000e+00 +6.500000000e+00 -5.672000000e+01 -5.672000000e+01 +0.0000e+00 +0.0000e+00
2 +2.182268829e+00 +2.182268829e+00 -6.103773117e+01 -6.103773117e+01 +8.1315e-01 -2.1058e-01
121 +1.830515460e-01 +1.830515460e-01 -6.303694845e+01 -6.303694845e+01 -5.0853e-01 +4.9127e-02
436 +5.305232284e-02 +5.305232284e-02 -6.316694768e+01 -6.316694768e+01 -3.7017e-01 -1.6045e-02
448 +2.652267173e-02 +2.652267173e-02 -6.319347733e+01 -6.319347733e+01 -4.2743e-01 +2.9480e-02
459 +7.581068809e-03 +7.581068809e-03 -6.321241893e+01 -6.321241893e+01 -5.3999e-01 +8.9609e-02
550 +3.183702675e-03 +3.183702675e-03 -6.321681630e+01 -6.321681630e+01 -7.8699e-01 +2.5404e-01
669 +1.659924769e-03 +1.659924769e-03 -6.321834008e+01 -6.321834008e+01 -6.1224e-01 +1.3626e-01
691 +8.533141766e-04 +8.533141766e-04 -6.321914669e+01 -6.321914669e+01 -6.5626e-01 +1.6682e-01
1271 +1.852477368e-04 +1.852477368e-04 -6.321981475e+01 -6.321981475e+01 -6.9029e-01 +1.8713e-01
1940 +1.614124130e-04 +1.614124130e-04 -6.321983859e+01 -6.321983859e+01 -7.0362e-01 +1.9704e-01
1949 +1.538240454e-04 +1.538240454e-04 -6.321984618e+01 -6.321984618e+01 -7.0473e-01 +1.9721e-01
1989 +1.077636117e-04 +1.077636117e-04 -6.321989224e+01 -6.321989224e+01 -7.0214e-01 +1.9562e-01
2069 +7.411844700e-05 +7.411844700e-05 -6.321992588e+01 -6.321992588e+01 -6.9845e-01 +1.9339e-01
2076 +4.348510849e-05 +4.348510849e-05 -6.321995651e+01 -6.321995651e+01 -6.9429e-01 +1.9034e-01
2143 +3.340932153e-05 +3.340932153e-05 -6.321996659e+01 -6.321996659e+01 -6.9333e-01 +1.8976e-01
2175 +2.312346426e-05 +2.312346426e-05 -6.321997688e+01 -6.321997688e+01 -6.9199e-01 +1.8897e-01
2205 +2.239173391e-05 +2.239173391e-05 -6.321997761e+01 -6.321997761e+01 -6.9181e-01 +1.8887e-01
2209 +1.332543561e-05 +1.332543561e-05 -6.321998667e+01 -6.321998667e+01 -6.8903e-01 +1.8709e-01
2233 +1.114551235e-05 +1.114551235e-05 -6.321998885e+01 -6.321998885e+01 -6.8904e-01 +1.8696e-01
2271 +9.822455524e-06 +9.822455524e-06 -6.321999018e+01 -6.321999018e+01 -6.8793e-01 +1.8636e-01
2272 +8.216248673e-06 +8.216248673e-06 -6.321999178e+01 -6.321999178e+01 -6.8780e-01 +1.8625e-01
2303 +6.898913298e-07 +6.898913298e-07 -6.321999931e+01 -6.321999931e+01 -6.8424e-01 +1.8380e-01
2415 +5.691979084e-07 +5.691979084e-07 -6.321999943e+01 -6.321999943e+01 -6.8308e-01 +1.8310e-01
2679 +3.316063726e-07 +3.316063726e-07 -6.321999967e+01 -6.321999967e+01 -6.8202e-01 +1.8235e-01
2789 +1.981010200e-07 +1.981010200e-07 -6.321999980e+01 -6.321999980e+01 -6.8244e-01 +1.8262e-01
2798 +1.415008128e-07 +1.415008128e-07 -6.321999986e+01 -6.321999986e+01 -6.8233e-01 +1.8256e-01
2817 +1.063670751e-07 +1.063670751e-07 -6.321999989e+01 -6.321999989e+01 -6.8328e-01 +1.8321e-01
2992 +6.110981587e-08 +6.110981587e-08 -6.321999994e+01 -6.321999994e+01 -6.8310e-01 +1.8308e-01
3063 +1.339638089e-08 +1.339638089e-08 -6.321999999e+01 -6.321999999e+01 -6.8299e-01 +1.8301e-01
3166 +8.897458770e-09 +8.897458770e-09 -6.321999999e+01 -6.321999999e+01 -6.8284e-01 +1.8290e-01
6580 +0.000000000e+00 +0.000000000e+00 -6.322000000e+01 -6.322000000e+01 -6.8301e-01 +1.8301e-01
% function evaluation | noise-free fitness - Fopt (-1.045400000000e+02) | best noise-free fitness - Fopt | measured fitness | best measured fitness | x1 | x2...
1 +6.500000000e+00 +6.500000000e+00 -9.804000000e+01 -9.804000000e+01 +0.0000e+00 +0.0000e+00
3 +1.220227166e+00 +1.220227166e+00 -1.033197728e+02 -1.033197728e+02 -2.8767e-01 +5.1404e-01
34 +2.884336564e-01 +2.884336564e-01 -1.042515663e+02 -1.042515663e+02 +2.6238e-01 -9.6798e-02
86 +1.870153528e-03 +1.870153528e-03 -1.045381298e+02 -1.045381298e+02 -3.4644e-01 +6.4717e-01
1419 +9.538666654e-04 +9.538666654e-04 -1.045390461e+02 -1.045390461e+02 -2.7927e-01 +5.7980e-01
1617 +2.066100730e-04 +2.066100730e-04 -1.045397934e+02 -1.045397934e+02 -3.3421e-01 +6.3379e-01
1714 +4.706458633e-05 +4.706458633e-05 -1.045399529e+02 -1.045399529e+02 -3.2738e-01 +6.2594e-01
2249 +3.235271049e-05 +3.235271049e-05 -1.045399676e+02 -1.045399676e+02 -3.3681e-01 +6.3539e-01
2251 +6.886182959e-06 +6.886182959e-06 -1.045399931e+02 -1.045399931e+02 -3.3185e-01 +6.3069e-01
2257 +3.593639690e-06 +3.593639690e-06 -1.045399964e+02 -1.045399964e+02 -3.2786e-01 +6.2695e-01
2363 +1.120294982e-06 +1.120294982e-06 -1.045399989e+02 -1.045399989e+02 -3.2794e-01 +6.2698e-01
2374 +2.465484812e-07 +2.465484812e-07 -1.045399998e+02 -1.045399998e+02 -3.2731e-01 +6.2627e-01
3269 +1.354300707e-07 +1.354300707e-07 -1.045399999e+02 -1.045399999e+02 -3.2817e-01 +6.2714e-01
3370 +9.646626609e-08 +9.646626609e-08 -1.045399999e+02 -1.045399999e+02 -3.2771e-01 +6.2671e-01
3385 +9.271798262e-08 +9.271798262e-08 -1.045399999e+02 -1.045399999e+02 -3.2812e-01 +6.2708e-01
3490 +5.746683485e-08 +5.746683485e-08 -1.045399999e+02 -1.045399999e+02 -3.2799e-01 +6.2696e-01
3551 +5.597125607e-08 +5.597125607e-08 -1.045399999e+02 -1.045399999e+02 -3.2802e-01 +6.2699e-01
3665 +1.066857180e-08 +1.066857180e-08 -1.045400000e+02 -1.045400000e+02 -3.2775e-01 +6.2672e-01
3793 +5.976204420e-09 +5.976204420e-09 -1.045400000e+02 -1.045400000e+02 -3.2752e-01 +6.2650e-01
