% function evaluation | noise-free fitness - Fopt (-5.465000000000e+02) | best noise-free fitness - Fopt | measured fitness | best measured fitness | x1 | x2...
1 +3.449670211e+04 +3.449670211e+04 +3.395020211e+04 +3.395020211e+04
45 +2.810859592e+04 +2.810859592e+04 +2.756209592e+04 +2.756209592e+04
47 +2.305610501e+04 +2.305610501e+04 +2.250960501e+04 +2.250960501e+04
55 +1.657088732e+04 +1.657088732e+04 +1.602438732e+04 +1.602438732e+04
67 +1.192261651e+04 +1.192261651e+04 +1.137611651e+04 +1.137611651e+04
69 +1.149541679e+04 +1.149541679e+04 +1.094891679e+04 +1.094891679e+04
4144 +1.032427174e+04 +1.032427174e+04 +9.777771738e+03 +9.777771738e+03
4164 +8.378387625e+03 +8.378387625e+03 +7.831887625e+03 +7.831887625e+03
4253 +6.386022350e+03 +6.386022350e+03 +5.839522350e+03 +5.839522350e+03
6355 +6.251327307e+03 +6.251327307e+03 +5.704827307e+03 +5.704827307e+03
6369 +5.515417151e+03 +5.515417151e+03 +4.968917151e+03 +4.968917151e+03
6376 +5.357941561e+03 +5.357941561e+03 +4.811441561e+03 +4.811441561e+03
6387 +3.654174307e+03 +3.654174307e+03 +3.107674307e+03 +3.107674307e+03
7084 +3.167371856e+03 +3.167371856e+03 +2.620871856e+03 +2.620871856e+03
7534 +1.781788937e+03 +1.781788937e+03 +1.235288937e+03 +1.235288937e+03
8237 +1.019421814e+03 +1.019421814e+03 +4.729218135e+02 +4.729218135e+02
9320 +8.329880673e+02 +8.329880673e+02 +2.864880673e+02 +2.864880673e+02
9642 +7.314984425e+02 +7.314984425e+02 +1.849984425e+02 +1.849984425e+02
9658 +1.905306020e+02 +1.905306020e+02 -3.559693980e+02 -3.559693980e+02
9696 +1.142819970e+02 +1.142819970e+02 -4.322180030e+02 -4.322180030e+02
10118 +1.058651316e+02 +1.058651316e+02 -4.406348684e+02 -4.406348684e+02
13292 +9.487607514e+01 +9.487607514e+01 -4.516239249e+02 -4.516239249e+02
13338 +4.029815999e+01 +4.029815999e+01 -5.062018400e+02 -5.062018400e+02
13483 +2.671676897e+01 +2.671676897e+01 -5.197832310e+02 -5.197832310e+02
13539 +2.447581497e+01 +2.447581497e+01 -5.220241850e+02 -5.220241850e+02
13983 +1.811384616e+01 +1.811384616e+01 -5.283861538e+02 -5.283861538e+02
15047 +1.605394419e+01 +1.605394419e+01 -5.304460558e+02 -5.304460558e+02
15053 +4.812798183e+00 +4.812798183e+00 -5.416872018e+02 -5.416872018e+02
15056 +4.582306350e+00 +4.582306350e+00 -5.419176936e+02 -5.419176936e+02
18322 +4.174402822e+00 +4.174402822e+00 -5.423255972e+02 -5.423255972e+02
18327 +4.137005803e+00 +4.137005803e+00 -5.423629942e+02 -5.423629942e+02
18332 +3.884352029e+00 +3.884352029e+00 -5.426156480e+02 -5.426156480e+02
19887 +3.734424546e+00 +3.734424546e+00 -5.427655755e+02 -5.427655755e+02
21174 +3.447028717e+00 +3.447028717e+00 -5.430529713e+02 -5.430529713e+02
27464 +2.935814660e+00 +2.935814660e+00 -5.435641853e+02 -5.435641853e+02
38129 +2.749444994e+00 +2.749444994e+00 -5.437505550e+02 -5.437505550e+02
45946 +2.361900753e+00 +2.361900753e+00 -5.441380992e+02 -5.441380992e+02
53867 +2.328136680e+00 +2.328136680e+00 -5.441718633e+02 -5.441718633e+02
55062 +2.185160495e+00 +2.185160495e+00 -5.443148395e+02 -5.443148395e+02
56069 +2.137669934e+00 +2.137669934e+00 -5.443623301e+02 -5.443623301e+02
57212 +2.009110260e+00 +2.009110260e+00 -5.444908897e+02 -5.444908897e+02
58573 +1.955166743e+00 +1.955166743e+00 -5.445448333e+02 -5.445448333e+02
58578 +1.881377884e+00 +1.881377884e+00 -5.446186221e+02 -5.446186221e+02
58875 +1.802578151e+00 +1.802578151e+00 -5.446974218e+02 -5.446974218e+02
58906 +1.747775009e+00 +1.747775009e+00 -5.447522250e+02 -5.447522250e+02
58918 +1.683645303e+00 +1.683645303e+00 -5.448163547e+02 -5.448163547e+02
59968 +1.590264784e+00 +1.590264784e+00 -5.449097352e+02 -5.449097352e+02
62370 +1.560423637e+00 +1.560423637e+00 -5.449395764e+02 -5.449395764e+02
62377 +1.542298387e+00 +1.542298387e+00 -5.449577016e+02 -5.449577016e+02
62398 +1.492719256e+00 +1.492719256e+00 -5.450072807e+02 -5.450072807e+02
64398 +1.443519080e+00 +1.443519080e+00 -5.450564809e+02 -5.450564809e+02
65897 +1.394903683e+00 +1.394903683e+00 -5.451050963e+02 -5.451050963e+02
66063 +1.377471794e+00 +1.377471794e+00 -5.451225282e+02 -5.451225282e+02
67131 +1.331031753e+00 +1.331031753e+00 -5.451689682e+02 -5.451689682e+02
67135 +1.302340109e+00 +1.302340109e+00 -5.451976599e+02 -5.451976599e+02
67554 +1.276380336e+00 +1.276380336e+00 -5.452236197e+02 -5.452236197e+02
67674 +1.258341845e+00 +1.258341845e+00 -5.452416582e+02 -5.452416582e+02
72680 +1.229375952e+00 +1.229375952e+00 -5.452706240e+02 -5.452706240e+02
74621 +1.187253752e+00 +1.187253752e+00 -5.453127462e+02 -5.453127462e+02
75566 +1.170833887e+00 +1.170833887e+00 -5.453291661e+02 -5.453291661e+02
79593 +1.142551231e+00 +1.142551231e+00 -5.453574488e+02 -5.453574488e+02
88318 +1.121880806e+00 +1.121880806e+00 -5.453781192e+02 -5.453781192e+02
195799 +1.096167844e+00 +1.096167844e+00 -5.454038322e+02 -5.454038322e+02
% function evaluation | noise-free fitness - Fopt (1.000000000000e+03) | best noise-free fitness - Fopt | measured fitness | best measured fitness | x1 | x2...
1 +3.449670211e+04 +3.449670211e+04 +3.549670211e+04 +3.549670211e+04
915 +2.416110196e+04 +2.416110196e+04 +2.516110196e+04 +2.516110196e+04
1417 +2.325984767e+04 +2.325984767e+04 +2.425984767e+04 +2.425984767e+04
1441 +2.125436249e+04 +2.125436249e+04 +2.225436249e+04 +2.225436249e+04
1447 +2.064772344e+04 +2.064772344e+04 +2.164772344e+04 +2.164772344e+04
1655 +1.937955003e+04 +1.937955003e+04 +2.037955003e+04 +2.037955003e+04
3423 +1.728455893e+04 +1.728455893e+04 +1.828455893e+04 +1.828455893e+04
4127 +1.440786524e+04 +1.440786524e+04 +1.540786524e+04 +1.540786524e+04
4133 +1.167267459e+04 +1.167267459e+04 +1.267267459e+04 +1.267267459e+04
4978 +1.132459193e+04 +1.132459193e+04 +1.232459193e+04 +1.232459193e+04
4990 +1.118145498e+04 +1.118145498e+04 +1.218145498e+04 +1.218145498e+04
5100 +9.173870677e+03 +9.173870677e+03 +1.017387068e+04 +1.017387068e+04
5689 +8.355873697e+03 +8.355873697e+03 +9.355873697e+03 +9.355873697e+03
5798 +5.916569618e+03 +5.916569618e+03 +6.916569618e+03 +6.916569618e+03
7518 +5.846257613e+03 +5.846257613e+03 +6.846257613e+03 +6.846257613e+03
7524 +4.698801940e+03 +4.698801940e+03 +5.698801940e+03 +5.698801940e+03
7549 +2.654239118e+03 +2.654239118e+03 +3.654239118e+03 +3.654239118e+03
8108 +2.160683767e+03 +2.160683767e+03 +3.160683767e+03 +3.160683767e+03
8149 +2.026329478e+03 +2.026329478e+03 +3.026329478e+03 +3.026329478e+03
9444 +1.176495422e+03 +1.176495422e+03 +2.176495422e+03 +2.176495422e+03
9463 +7.168544082e+02 +7.168544082e+02 +1.716854408e+03 +1.716854408e+03
9484 +4.692768019e+02 +4.692768019e+02 +1.469276802e+03 +1.469276802e+03
9527 +4.620093733e+02 +4.620093733e+02 +1.462009373e+03 +1.462009373e+03
11060 +3.769254369e+02 +3.769254369e+02 +1.376925437e+03 +1.376925437e+03
11065 +3.392095393e+02 +3.392095393e+02 +1.339209539e+03 +1.339209539e+03
11978 +1.128927672e+02 +1.128927672e+02 +1.112892767e+03 +1.112892767e+03
14282 +5.397893172e+01 +5.397893172e+01 +1.053978932e+03 +1.053978932e+03
15171 +4.351256183e+01 +4.351256183e+01 +1.043512562e+03 +1.043512562e+03
16633 +3.465116160e+01 +3.465116160e+01 +1.034651162e+03 +1.034651162e+03
16702 +1.268982660e+01 +1.268982660e+01 +1.012689827e+03 +1.012689827e+03
16782 +7.203984448e+00 +7.203984448e+00 +1.007203984e+03 +1.007203984e+03
17223 +7.036649886e+00 +7.036649886e+00 +1.007036650e+03 +1.007036650e+03
17343 +5.157362676e+00 +5.157362676e+00 +1.005157363e+03 +1.005157363e+03
17351 +3.838408620e+00 +3.838408620e+00 +1.003838409e+03 +1.003838409e+03
17394 +3.684875677e+00 +3.684875677e+00 +1.003684876e+03 +1.003684876e+03
21886 +3.545858731e+00 +3.545858731e+00 +1.003545859e+03 +1.003545859e+03
23759 +3.354115539e+00 +3.354115539e+00 +1.003354116e+03 +1.003354116e+03
26986 +3.270265684e+00 +3.270265684e+00 +1.003270266e+03 +1.003270266e+03
27361 +3.183964648e+00 +3.183964648e+00 +1.003183965e+03 +1.003183965e+03
38864 +3.150553764e+00 +3.150553764e+00 +1.003150554e+03 +1.003150554e+03
40076 +3.016462997e+00 +3.016462997e+00 +1.003016463e+03 +1.003016463e+03
42966 +2.795861147e+00 +2.795861147e+00 +1.002795861e+03 +1.002795861e+03
47346 +2.711300067e+00 +2.711300067e+00 +1.002711300e+03 +1.002711300e+03
47555 +2.651450227e+00 +2.651450227e+00 +1.002651450e+03 +1.002651450e+03
49670 +2.361901038e+00 +2.361901038e+00 +1.002361901e+03 +1.002361901e+03
53432 +2.304702587e+00 +2.304702587e+00 +1.002304703e+03 +1.002304703e+03
53460 +2.284171694e+00 +2.284171694e+00 +1.002284172e+03 +1.002284172e+03
56024 +2.157161260e+00 +2.157161260e+00 +1.002157161e+03 +1.002157161e+03
56355 +2.132251057e+00 +2.132251057e+00 +1.002132251e+03 +1.002132251e+03
57859 +2.075098483e+00 +2.075098483e+00 +1.002075098e+03 +1.002075098e+03
59045 +2.004489893e+00 +2.004489893e+00 +1.002004490e+03 +1.002004490e+03
59355 +1.981150800e+00 +1.981150800e+00 +1.001981151e+03 +1.001981151e+03
59664 +1.921381126e+00 +1.921381126e+00 +1.001921381e+03 +1.001921381e+03
59731 +1.863777443e+00 +1.863777443e+00 +1.001863777e+03 +1.001863777e+03
59734 +1.819162796e+00 +1.819162796e+00 +1.001819163e+03 +1.001819163e+03
60866 +1.761884882e+00 +1.761884882e+00 +1.001761885e+03 +1.001761885e+03
62421 +1.699156803e+00 +1.699156803e+00 +1.001699157e+03 +1.001699157e+03
63195 +1.679075674e+00 +1.679075674e+00 +1.001679076e+03 +1.001679076e+03
63207 +1.643255393e+00 +1.643255393e+00 +1.001643255e+03 +1.001643255e+03
64584 +1.611110177e+00 +1.611110177e+00 +1.001611110e+03 +1.001611110e+03
65021 +1.583939623e+00 +1.583939623e+00 +1.001583940e+03 +1.001583940e+03
65705 +1.535940268e+00 +1.535940268e+00 +1.001535940e+03 +1.001535940e+03
65713 +1.478785003e+00 +1.478785003e+00 +1.001478785e+03 +1.001478785e+03
68916 +1.432375900e+00 +1.432375900e+00 +1.001432376e+03 +1.001432376e+03
68932 +1.410422249e+00 +1.410422249e+00 +1.001410422e+03 +1.001410422e+03
70714 +1.375119900e+00 +1.375119900e+00 +1.001375120e+03 +1.001375120e+03
76459 +1.348644921e+00 +1.348644921e+00 +1.001348645e+03 +1.001348645e+03
78517 +1.317144536e+00 +1.317144536e+00 +1.001317145e+03 +1.001317145e+03
169098 +1.286302836e+00 +1.286302836e+00 +1.001286303e+03 +1.001286303e+03
169151 +1.255517144e+00 +1.255517144e+00 +1.001255517e+03 +1.001255517e+03
171043 +1.218693991e+00 +1.218693991e+00 +1.001218694e+03 +1.001218694e+03
171366 +1.201627773e+00 +1.201627773e+00 +1.001201628e+03 +1.001201628e+03
171801 +1.167336952e+00 +1.167336952e+00 +1.001167337e+03 +1.001167337e+03
173849 +1.137355930e+00 +1.137355930e+00 +1.001137356e+03 +1.001137356e+03
175667 +1.121448821e+00 +1.121448821e+00 +1.001121449e+03 +1.001121449e+03
176658 +1.093057445e+00 +1.093057445e+00 +1.001093057e+03 +1.001093057e+03
180195 +1.070659390e+00 +1.070659390e+00 +1.001070659e+03 +1.001070659e+03
198492 +1.047057081e+00 +1.047057081e+00 +1.001047057e+03 +1.001047057e+03
% function evaluation | noise-free fitness - Fopt (2.083800000000e+02) | best noise-free fitness - Fopt | measured fitness | best measured fitness | x1 | x2...
1 +3.449670211e+04 +3.449670211e+04 +3.470508211e+04 +3.470508211e+04
33 +2.760126512e+04 +2.760126512e+04 +2.780964512e+04 +2.780964512e+04
1631 +2.418659364e+04 +2.418659364e+04 +2.439497364e+04 +2.439497364e+04
2049 +2.199460929e+04 +2.199460929e+04 +2.220298929e+04 +2.220298929e+04
2704 +2.118326722e+04 +2.118326722e+04 +2.139164722e+04 +2.139164722e+04
2719 +2.046158105e+04 +2.046158105e+04 +2.066996105e+04 +2.066996105e+04
2722 +1.797930407e+04 +1.797930407e+04 +1.818768407e+04 +1.818768407e+04
3128 +1.694080533e+04 +1.694080533e+04 +1.714918533e+04 +1.714918533e+04
3614 +1.370537240e+04 +1.370537240e+04 +1.391375240e+04 +1.391375240e+04
4380 +1.313240783e+04 +1.313240783e+04 +1.334078783e+04 +1.334078783e+04
4385 +1.122218703e+04 +1.122218703e+04 +1.143056703e+04 +1.143056703e+04
5219 +6.227553681e+03 +6.227553681e+03 +6.435933681e+03 +6.435933681e+03
6399 +5.556388910e+03 +5.556388910e+03 +5.764768910e+03 +5.764768910e+03
6409 +3.992461473e+03 +3.992461473e+03 +4.200841473e+03 +4.200841473e+03
6431 +3.974433450e+03 +3.974433450e+03 +4.182813450e+03 +4.182813450e+03
6920 +2.015759486e+03 +2.015759486e+03 +2.224139486e+03 +2.224139486e+03
8039 +1.676331842e+03 +1.676331842e+03 +1.884711842e+03 +1.884711842e+03
8164 +1.616017716e+03 +1.616017716e+03 +1.824397716e+03 +1.824397716e+03
9296 +1.426896843e+03 +1.426896843e+03 +1.635276843e+03 +1.635276843e+03
9305 +6.136483918e+02 +6.136483918e+02 +8.220283918e+02 +8.220283918e+02
9315 +4.458327252e+02 +4.458327252e+02 +6.542127252e+02 +6.542127252e+02
10559 +3.903902872e+02 +3.903902872e+02 +5.987702872e+02 +5.987702872e+02
10569 +3.014586663e+02 +3.014586663e+02 +5.098386663e+02 +5.098386663e+02
10633 +2.878988121e+02 +2.878988121e+02 +4.962788121e+02 +4.962788121e+02
10910 +1.605014229e+02 +1.605014229e+02 +3.688814229e+02 +3.688814229e+02
12768 +1.037574945e+02 +1.037574945e+02 +3.121374945e+02 +3.121374945e+02
12818 +5.599568376e+01 +5.599568376e+01 +2.643756838e+02 +2.643756838e+02
13785 +3.505018783e+01 +3.505018783e+01 +2.434301878e+02 +2.434301878e+02
14445 +2.632016867e+01 +2.632016867e+01 +2.347001687e+02 +2.347001687e+02
14512 +1.202963878e+01 +1.202963878e+01 +2.204096388e+02 +2.204096388e+02
14671 +4.276717621e+00 +4.276717621e+00 +2.126567176e+02 +2.126567176e+02
14681 +3.970284275e+00 +3.970284275e+00 +2.123502843e+02 +2.123502843e+02
15328 +3.858951608e+00 +3.858951608e+00 +2.122389516e+02 +2.122389516e+02
15821 +3.523817678e+00 +3.523817678e+00 +2.119038177e+02 +2.119038177e+02
21658 +3.435416362e+00 +3.435416362e+00 +2.118154164e+02 +2.118154164e+02
22207 +3.272122524e+00 +3.272122524e+00 +2.116521225e+02 +2.116521225e+02
24684 +3.231035361e+00 +3.231035361e+00 +2.116110354e+02 +2.116110354e+02
32340 +3.027069168e+00 +3.027069168e+00 +2.114070692e+02 +2.114070692e+02
32345 +2.911560971e+00 +2.911560971e+00 +2.112915610e+02 +2.112915610e+02
35127 +2.847315402e+00 +2.847315402e+00 +2.112273154e+02 +2.112273154e+02
39331 +2.810727397e+00 +2.810727397e+00 +2.111907274e+02 +2.111907274e+02
39374 +2.742773935e+00 +2.742773935e+00 +2.111227739e+02 +2.111227739e+02
42382 +2.676456754e+00 +2.676456754e+00 +2.110564568e+02 +2.110564568e+02
42523 +2.622860154e+00 +2.622860154e+00 +2.110028602e+02 +2.110028602e+02
44387 +2.545339654e+00 +2.545339654e+00 +2.109253397e+02 +2.109253397e+02
44432 +2.283095893e+00 +2.283095893e+00 +2.106630959e+02 +2.106630959e+02
51023 +2.193080487e+00 +2.193080487e+00 +2.105730805e+02 +2.105730805e+02
51830 +2.102554316e+00 +2.102554316e+00 +2.104825543e+02 +2.104825543e+02
53264 +2.080307736e+00 +2.080307736e+00 +2.104603077e+02 +2.104603077e+02
55251 +2.025662741e+00 +2.025662741e+00 +2.104056627e+02 +2.104056627e+02
57142 +1.991985495e+00 +1.991985495e+00 +2.103719855e+02 +2.103719855e+02
57619 +1.930190385e+00 +1.930190385e+00 +2.103101904e+02 +2.103101904e+02
57944 +1.892337240e+00 +1.892337240e+00 +2.102723372e+02 +2.102723372e+02
58466 +1.848551322e+00 +1.848551322e+00 +2.102285513e+02 +2.102285513e+02
58478 +1.801031486e+00 +1.801031486e+00 +2.101810315e+02 +2.101810315e+02
58540 +1.767341899e+00 +1.767341899e+00 +2.101473419e+02 +2.101473419e+02
59008 +1.713536963e+00 +1.713536963e+00 +2.100935370e+02 +2.100935370e+02
59469 +1.663894303e+00 +1.663894303e+00 +2.100438943e+02 +2.100438943e+02
59924 +1.613732285e+00 +1.613732285e+00 +2.099937323e+02 +2.099937323e+02
62450 +1.584286275e+00 +1.584286275e+00 +2.099642863e+02 +2.099642863e+02
64830 +1.545490794e+00 +1.545490794e+00 +2.099254908e+02 +2.099254908e+02
65723 +1.507358634e+00 +1.507358634e+00 +2.098873586e+02 +2.098873586e+02
65986 +1.473925777e+00 +1.473925777e+00 +2.098539258e+02 +2.098539258e+02
69585 +1.443498536e+00 +1.443498536e+00 +2.098234985e+02 +2.098234985e+02
69866 +1.407683670e+00 +1.407683670e+00 +2.097876837e+02 +2.097876837e+02
71036 +1.373450676e+00 +1.373450676e+00 +2.097534507e+02 +2.097534507e+02
74461 +1.341663625e+00 +1.341663625e+00 +2.097216636e+02 +2.097216636e+02
80056 +1.317385246e+00 +1.317385246e+00 +2.096973852e+02 +2.096973852e+02
% function evaluation | noise-free fitness - Fopt (-1.449600000000e+02) | best noise-free fitness - Fopt | measured fitness | best measured fitness | x1 | x2...
1 +3.449670211e+04 +3.449670211e+04 +3.435174211e+04 +3.435174211e+04
58 +2.606493193e+04 +2.606493193e+04 +2.591997193e+04 +2.591997193e+04
2871 +2.421041255e+04 +2.421041255e+04 +2.406545255e+04 +2.406545255e+04
3029 +1.770179517e+04 +1.770179517e+04 +1.755683517e+04 +1.755683517e+04
3437 +1.466505377e+04 +1.466505377e+04 +1.452009377e+04 +1.452009377e+04
3457 +9.623011796e+03 +9.623011796e+03 +9.478051796e+03 +9.478051796e+03
4669 +8.139918512e+03 +8.139918512e+03 +7.994958512e+03 +7.994958512e+03
4699 +5.742940547e+03 +5.742940547e+03 +5.597980547e+03 +5.597980547e+03
4754 +5.281673190e+03 +5.281673190e+03 +5.136713190e+03 +5.136713190e+03
4782 +4.952893631e+03 +4.952893631e+03 +4.807933631e+03 +4.807933631e+03
5058 +3.301357372e+03 +3.301357372e+03 +3.156397372e+03 +3.156397372e+03
7595 +2.807195969e+03 +2.807195969e+03 +2.662235969e+03 +2.662235969e+03
7606 +2.175341229e+03 +2.175341229e+03 +2.030381229e+03 +2.030381229e+03
8050 +2.057388834e+03 +2.057388834e+03 +1.912428834e+03 +1.912428834e+03
8365 +1.361836462e+03 +1.361836462e+03 +1.216876462e+03 +1.216876462e+03
9105 +1.314868386e+03 +1.314868386e+03 +1.169908386e+03 +1.169908386e+03
9225 +1.099547481e+03 +1.099547481e+03 +9.545874813e+02 +9.545874813e+02
9235 +1.062863338e+03 +1.062863338e+03 +9.179033384e+02 +9.179033384e+02
9263 +7.574212763e+02 +7.574212763e+02 +6.124612763e+02 +6.124612763e+02
10875 +5.243411272e+02 +5.243411272e+02 +3.793811272e+02 +3.793811272e+02
11248 +3.100433737e+02 +3.100433737e+02 +1.650833737e+02 +1.650833737e+02
11746 +2.476336427e+02 +2.476336427e+02 +1.026736427e+02 +1.026736427e+02
11943 +2.438080802e+02 +2.438080802e+02 +9.884808023e+01 +9.884808023e+01
12639 +1.061258905e+02 +1.061258905e+02 -3.883410952e+01 -3.883410952e+01
13180 +8.899801491e+01 +8.899801491e+01 -5.596198509e+01 -5.596198509e+01
13186 +1.103015638e+01 +1.103015638e+01 -1.339298436e+02 -1.339298436e+02
14535 +7.321671168e+00 +7.321671168e+00 -1.376383288e+02 -1.376383288e+02
15466 +4.494183066e+00 +4.494183066e+00 -1.404658169e+02 -1.404658169e+02
15472 +4.427578923e+00 +4.427578923e+00 -1.405324211e+02 -1.405324211e+02
15479 +3.929803237e+00 +3.929803237e+00 -1.410301968e+02 -1.410301968e+02
15580 +3.706382147e+00 +3.706382147e+00 -1.412536179e+02 -1.412536179e+02
18623 +3.547679819e+00 +3.547679819e+00 -1.414123202e+02 -1.414123202e+02
18669 +3.428389946e+00 +3.428389946e+00 -1.415316101e+02 -1.415316101e+02
20611 +3.330975618e+00 +3.330975618e+00 -1.416290244e+02 -1.416290244e+02
23673 +3.205633324e+00 +3.205633324e+00 -1.417543667e+02 -1.417543667e+02
23875 +2.918050095e+00 +2.918050095e+00 -1.420419499e+02 -1.420419499e+02
37064 +2.806656582e+00 +2.806656582e+00 -1.421533434e+02 -1.421533434e+02
45935 +2.676987471e+00 +2.676987471e+00 -1.422830125e+02 -1.422830125e+02
46363 +2.573545521e+00 +2.573545521e+00 -1.423864545e+02 -1.423864545e+02
48240 +2.488711700e+00 +2.488711700e+00 -1.424712883e+02 -1.424712883e+02
50083 +2.448656294e+00 +2.448656294e+00 -1.425113437e+02 -1.425113437e+02
53554 +2.365748861e+00 +2.365748861e+00 -1.425942511e+02 -1.425942511e+02
53588 +2.302450634e+00 +2.302450634e+00 -1.426575494e+02 -1.426575494e+02
53608 +2.262697004e+00 +2.262697004e+00 -1.426973030e+02 -1.426973030e+02
53617 +2.153976642e+00 +2.153976642e+00 -1.428060234e+02 -1.428060234e+02
56062 +1.934096015e+00 +1.934096015e+00 -1.430259040e+02 -1.430259040e+02
56484 +1.842952422e+00 +1.842952422e+00 -1.431170476e+02 -1.431170476e+02
56497 +1.807351338e+00 +1.807351338e+00 -1.431526487e+02 -1.431526487e+02
56506 +1.756778169e+00 +1.756778169e+00 -1.432032218e+02 -1.432032218e+02
59252 +1.605461873e+00 +1.605461873e+00 -1.433545381e+02 -1.433545381e+02
60714 +1.530357062e+00 +1.530357062e+00 -1.434296429e+02 -1.434296429e+02
60996 +1.458329256e+00 +1.458329256e+00 -1.435016707e+02 -1.435016707e+02
61865 +1.421895146e+00 +1.421895146e+00 -1.435381049e+02 -1.435381049e+02
62330 +1.412493656e+00 +1.412493656e+00 -1.435475063e+02 -1.435475063e+02
63238 +1.379304828e+00 +1.379304828e+00 -1.435806952e+02 -1.435806952e+02
63312 +1.282865495e+00 +1.282865495e+00 -1.436771345e+02 -1.436771345e+02
64822 +1.241098024e+00 +1.241098024e+00 -1.437189020e+02 -1.437189020e+02
66591 +1.202857525e+00 +1.202857525e+00 -1.437571425e+02 -1.437571425e+02
67756 +1.196602138e+00 +1.196602138e+00 -1.437633979e+02 -1.437633979e+02
68255 +1.169534478e+00 +1.169534478e+00 -1.437904655e+02 -1.437904655e+02
69474 +1.145619346e+00 +1.145619346e+00 -1.438143807e+02 -1.438143807e+02
69488 +1.121275903e+00 +1.121275903e+00 -1.438387241e+02 -1.438387241e+02
71359 +1.094448369e+00 +1.094448369e+00 -1.438655516e+02 -1.438655516e+02
73341 +1.069406243e+00 +1.069406243e+00 -1.438905938e+02 -1.438905938e+02
74370 +1.038576641e+00 +1.038576641e+00 -1.439214234e+02 -1.439214234e+02
78766 +1.022508696e+00 +1.022508696e+00 -1.439374913e+02 -1.439374913e+02
% function evaluation | noise-free fitness - Fopt (-6.300000000000e+00) | best noise-free fitness - Fopt | measured fitness | best measured fitness | x1 | x2...
1 +3.449670211e+04 +3.449670211e+04 +3.449040211e+04 +3.449040211e+04
783 +3.059032190e+04 +3.059032190e+04 +3.058402190e+04 +3.058402190e+04
2896 +2.225378027e+04 +2.225378027e+04 +2.224748027e+04 +2.224748027e+04
2910 +1.225816086e+04 +1.225816086e+04 +1.225186086e+04 +1.225186086e+04
4273 +8.688568988e+03 +8.688568988e+03 +8.682268988e+03 +8.682268988e+03
4570 +6.878650794e+03 +6.878650794e+03 +6.872350794e+03 +6.872350794e+03
5413 +5.057751794e+03 +5.057751794e+03 +5.051451794e+03 +5.051451794e+03
5513 +4.783485532e+03 +4.783485532e+03 +4.777185532e+03 +4.777185532e+03
6403 +4.547103988e+03 +4.547103988e+03 +4.540803988e+03 +4.540803988e+03
6413 +2.375865420e+03 +2.375865420e+03 +2.369565420e+03 +2.369565420e+03
6451 +2.291646675e+03 +2.291646675e+03 +2.285346675e+03 +2.285346675e+03
6452 +2.209312457e+03 +2.209312457e+03 +2.203012457e+03 +2.203012457e+03
6468 +1.756421186e+03 +1.756421186e+03 +1.750121186e+03 +1.750121186e+03
7006 +1.410175331e+03 +1.410175331e+03 +1.403875331e+03 +1.403875331e+03
7853 +7.209849789e+02 +7.209849789e+02 +7.146849789e+02 +7.146849789e+02
10265 +5.124335378e+02 +5.124335378e+02 +5.061335378e+02 +5.061335378e+02
10289 +3.960328184e+02 +3.960328184e+02 +3.897328184e+02 +3.897328184e+02
10293 +2.873745616e+02 +2.873745616e+02 +2.810745616e+02 +2.810745616e+02
11752 +1.002268823e+02 +1.002268823e+02 +9.392688233e+01 +9.392688233e+01
11772 +9.794336769e+01 +9.794336769e+01 +9.164336769e+01 +9.164336769e+01
11777 +2.607238206e+01 +2.607238206e+01 +1.977238206e+01 +1.977238206e+01
14635 +2.012345763e+01 +2.012345763e+01 +1.382345763e+01 +1.382345763e+01
15138 +1.801982164e+01 +1.801982164e+01 +1.171982164e+01 +1.171982164e+01
15148 +7.508718455e+00 +7.508718455e+00 +1.208718455e+00 +1.208718455e+00
15239 +6.067967973e+00 +6.067967973e+00 -2.320320265e-01 -2.320320265e-01
15255 +4.571350157e+00 +4.571350157e+00 -1.728649843e+00 -1.728649843e+00
15787 +4.008698434e+00 +4.008698434e+00 -2.291301566e+00 -2.291301566e+00
15795 +3.756641974e+00 +3.756641974e+00 -2.543358026e+00 -2.543358026e+00
18472 +3.472017847e+00 +3.472017847e+00 -2.827982153e+00 -2.827982153e+00
21483 +3.465962990e+00 +3.465962990e+00 -2.834037010e+00 -2.834037010e+00
22363 +3.329360542e+00 +3.329360542e+00 -2.970639458e+00 -2.970639458e+00
26027 +3.185780320e+00 +3.185780320e+00 -3.114219680e+00 -3.114219680e+00
31202 +3.015921576e+00 +3.015921576e+00 -3.284078424e+00 -3.284078424e+00
38763 +2.930520181e+00 +2.930520181e+00 -3.369479819e+00 -3.369479819e+00
42465 +2.865994814e+00 +2.865994814e+00 -3.434005186e+00 -3.434005186e+00
43518 +2.747079794e+00 +2.747079794e+00 -3.552920206e+00 -3.552920206e+00
43950 +2.626395047e+00 +2.626395047e+00 -3.673604953e+00 -3.673604953e+00
51573 +2.567297126e+00 +2.567297126e+00 -3.732702874e+00 -3.732702874e+00
51781 +2.385984939e+00 +2.385984939e+00 -3.914015061e+00 -3.914015061e+00
51782 +2.302556126e+00 +2.302556126e+00 -3.997443874e+00 -3.997443874e+00
52857 +2.262594283e+00 +2.262594283e+00 -4.037405717e+00 -4.037405717e+00
57059 +2.196584582e+00 +2.196584582e+00 -4.103415418e+00 -4.103415418e+00
57799 +2.149168150e+00 +2.149168150e+00 -4.150831850e+00 -4.150831850e+00
57884 +2.104694048e+00 +2.104694048e+00 -4.195305952e+00 -4.195305952e+00
57904 +1.983254836e+00 +1.983254836e+00 -4.316745164e+00 -4.316745164e+00
60094 +1.935116723e+00 +1.935116723e+00 -4.364883277e+00 -4.364883277e+00
60130 +1.894841366e+00 +1.894841366e+00 -4.405158634e+00 -4.405158634e+00
60223 +1.848137249e+00 +1.848137249e+00 -4.451862751e+00 -4.451862751e+00
61459 +1.811647532e+00 +1.811647532e+00 -4.488352468e+00 -4.488352468e+00
61866 +1.759703354e+00 +1.759703354e+00 -4.540296646e+00 -4.540296646e+00
61898 +1.737577098e+00 +1.737577098e+00 -4.562422902e+00 -4.562422902e+00
63404 +1.690453339e+00 +1.690453339e+00 -4.609546661e+00 -4.609546661e+00
63887 +1.656490437e+00 +1.656490437e+00 -4.643509563e+00 -4.643509563e+00
63912 +1.610017614e+00 +1.610017614e+00 -4.689982386e+00 -4.689982386e+00
64366 +1.581187522e+00 +1.581187522e+00 -4.718812478e+00 -4.718812478e+00
66018 +1.540479554e+00 +1.540479554e+00 -4.759520446e+00 -4.759520446e+00
67938 +1.511807155e+00 +1.511807155e+00 -4.788192845e+00 -4.788192845e+00
70207 +1.478434663e+00 +1.478434663e+00 -4.821565337e+00 -4.821565337e+00
72813 +1.445303158e+00 +1.445303158e+00 -4.854696842e+00 -4.854696842e+00
84178 +1.411670513e+00 +1.411670513e+00 -4.888329487e+00 -4.888329487e+00
% function evaluation | noise-free fitness - Fopt (2.796000000000e+01) | best noise-free fitness - Fopt | measured fitness | best measured fitness | x1 | x2...
1 +3.449670211e+04 +3.449670211e+04 +3.452466211e+04 +3.452466211e+04
89 +2.964121901e+04 +2.964121901e+04 +2.966917901e+04 +2.966917901e+04
1463 +2.568193661e+04 +2.568193661e+04 +2.570989661e+04 +2.570989661e+04
1478 +1.252967452e+04 +1.252967452e+04 +1.255763452e+04 +1.255763452e+04
3980 +1.105224482e+04 +1.105224482e+04 +1.108020482e+04 +1.108020482e+04
4116 +1.036769228e+04 +1.036769228e+04 +1.039565228e+04 +1.039565228e+04
4124 +8.628142534e+03 +8.628142534e+03 +8.656102534e+03 +8.656102534e+03
4146 +6.894811677e+03 +6.894811677e+03 +6.922771677e+03 +6.922771677e+03
5647 +6.660324569e+03 +6.660324569e+03 +6.688284569e+03 +6.688284569e+03
5658 +6.495218339e+03 +6.495218339e+03 +6.523178339e+03 +6.523178339e+03
5664 +5.546146700e+03 +5.546146700e+03 +5.574106700e+03 +5.574106700e+03
5907 +4.269369292e+03 +4.269369292e+03 +4.297329292e+03 +4.297329292e+03
6416 +2.374202520e+03 +2.374202520e+03 +2.402162520e+03 +2.402162520e+03
7237 +1.798671846e+03 +1.798671846e+03 +1.826631846e+03 +1.826631846e+03
7254 +1.639528273e+03 +1.639528273e+03 +1.667488273e+03 +1.667488273e+03
8402 +5.118471046e+02 +5.118471046e+02 +5.398071046e+02 +5.398071046e+02
10103 +4.487985059e+02 +4.487985059e+02 +4.767585059e+02 +4.767585059e+02
10135 +3.592600616e+02 +3.592600616e+02 +3.872200616e+02 +3.872200616e+02
11693 +2.050909319e+02 +2.050909319e+02 +2.330509319e+02 +2.330509319e+02
11977 +1.989441385e+02 +1.989441385e+02 +2.269041385e+02 +2.269041385e+02
12021 +1.782696959e+02 +1.782696959e+02 +2.062296959e+02 +2.062296959e+02
12894 +1.470295757e+02 +1.470295757e+02 +1.749895757e+02 +1.749895757e+02
13574 +3.088855023e+01 +3.088855023e+01 +5.884855023e+01 +5.884855023e+01
13591 +2.674750462e+01 +2.674750462e+01 +5.470750462e+01 +5.470750462e+01
13593 +3.959115595e+00 +3.959115595e+00 +3.191911560e+01 +3.191911560e+01
14432 +3.784277638e+00 +3.784277638e+00 +3.174427764e+01 +3.174427764e+01
18811 +3.712262518e+00 +3.712262518e+00 +3.167226252e+01 +3.167226252e+01
19217 +3.515340999e+00 +3.515340999e+00 +3.147534100e+01 +3.147534100e+01
20078 +3.442034580e+00 +3.442034580e+00 +3.140203458e+01 +3.140203458e+01
23120 +3.025435796e+00 +3.025435796e+00 +3.098543580e+01 +3.098543580e+01
34393 +2.741974284e+00 +2.741974284e+00 +3.070197428e+01 +3.070197428e+01
45840 +2.508037521e+00 +2.508037521e+00 +3.046803752e+01 +3.046803752e+01
51048 +2.428332884e+00 +2.428332884e+00 +3.038833288e+01 +3.038833288e+01
51054 +2.329887107e+00 +2.329887107e+00 +3.028988711e+01 +3.028988711e+01
54763 +2.222688513e+00 +2.222688513e+00 +3.018268851e+01 +3.018268851e+01
54801 +2.178224335e+00 +2.178224335e+00 +3.013822433e+01 +3.013822433e+01
56412 +2.129802872e+00 +2.129802872e+00 +3.008980287e+01 +3.008980287e+01
57938 +2.047230115e+00 +2.047230115e+00 +3.000723011e+01 +3.000723011e+01
58647 +2.025076148e+00 +2.025076148e+00 +2.998507615e+01 +2.998507615e+01
60374 +1.985431122e+00 +1.985431122e+00 +2.994543112e+01 +2.994543112e+01
60456 +1.940527489e+00 +1.940527489e+00 +2.990052749e+01 +2.990052749e+01
60697 +1.901450727e+00 +1.901450727e+00 +2.986145073e+01 +2.986145073e+01
60753 +1.844834509e+00 +1.844834509e+00 +2.980483451e+01 +2.980483451e+01
60992 +1.815873111e+00 +1.815873111e+00 +2.977587311e+01 +2.977587311e+01
62767 +1.744690578e+00 +1.744690578e+00 +2.970469058e+01 +2.970469058e+01
63467 +1.736689608e+00 +1.736689608e+00 +2.969668961e+01 +2.969668961e+01
65919 +1.675979195e+00 +1.675979195e+00 +2.963597920e+01 +2.963597920e+01
65920 +1.621489907e+00 +1.621489907e+00 +2.958148991e+01 +2.958148991e+01
68202 +1.583955934e+00 +1.583955934e+00 +2.954395593e+01 +2.954395593e+01
68739 +1.541267919e+00 +1.541267919e+00 +2.950126792e+01 +2.950126792e+01
69956 +1.498060806e+00 +1.498060806e+00 +2.945806081e+01 +2.945806081e+01
71307 +1.473977506e+00 +1.473977506e+00 +2.943397751e+01 +2.943397751e+01
71727 +1.437428972e+00 +1.437428972e+00 +2.939742897e+01 +2.939742897e+01
72622 +1.409612216e+00 +1.409612216e+00 +2.936961222e+01 +2.936961222e+01
75333 +1.378241634e+00 +1.378241634e+00 +2.933824163e+01 +2.933824163e+01
79203 +1.344545377e+00 +1.344545377e+00 +2.930454538e+01 +2.930454538e+01
89495 +1.317377073e+00 +1.317377073e+00 +2.927737707e+01 +2.927737707e+01
156996 +1.274281707e+00 +1.274281707e+00 +2.923428171e+01 +2.923428171e+01
161051 +1.223765755e+00 +1.223765755e+00 +2.918376576e+01 +2.918376576e+01
161390 +1.197847689e+00 +1.197847689e+00 +2.915784769e+01 +2.915784769e+01
163911 +1.155046316e+00 +1.155046316e+00 +2.911504632e+01 +2.911504632e+01
164580 +1.142243677e+00 +1.142243677e+00 +2.910224368e+01 +2.910224368e+01
165041 +1.122012736e+00 +1.122012736e+00 +2.908201274e+01 +2.908201274e+01
165325 +1.090522148e+00 +1.090522148e+00 +2.905052215e+01 +2.905052215e+01
166632 +1.069916805e+00 +1.069916805e+00 +2.902991680e+01 +2.902991680e+01
168067 +1.040190635e+00 +1.040190635e+00 +2.900019063e+01 +2.900019063e+01
169681 +1.014059702e+00 +1.014059702e+00 +2.897405970e+01 +2.897405970e+01
173859 +9.991264411e-01 +9.991264411e-01 +2.895912644e+01 +2.895912644e+01
180166 +9.768642733e-01 +9.768642733e-01 +2.893686427e+01 +2.893686427e+01
% function evaluation | noise-free fitness - Fopt (-6.338000000000e+01) | best noise-free fitness - Fopt | measured fitness | best measured fitness | x1 | x2...
1 +3.449670211e+04 +3.449670211e+04 +3.443332211e+04 +3.443332211e+04
970 +3.368730050e+04 +3.368730050e+04 +3.362392050e+04 +3.362392050e+04
2252 +2.623551720e+04 +2.623551720e+04 +2.617213720e+04 +2.617213720e+04
3027 +2.549528157e+04 +2.549528157e+04 +2.543190157e+04 +2.543190157e+04
3033 +2.366627710e+04 +2.366627710e+04 +2.360289710e+04 +2.360289710e+04
3090 +2.312788914e+04 +2.312788914e+04 +2.306450914e+04 +2.306450914e+04
3103 +2.274072940e+04 +2.274072940e+04 +2.267734940e+04 +2.267734940e+04
3441 +2.221591913e+04 +2.221591913e+04 +2.215253913e+04 +2.215253913e+04
3442 +1.786235126e+04 +1.786235126e+04 +1.779897126e+04 +1.779897126e+04
3910 +1.460140223e+04 +1.460140223e+04 +1.453802223e+04 +1.453802223e+04
3913 +1.276694813e+04 +1.276694813e+04 +1.270356813e+04 +1.270356813e+04
4184 +1.244493479e+04 +1.244493479e+04 +1.238155479e+04 +1.238155479e+04
4198 +8.789931666e+03 +8.789931666e+03 +8.726551666e+03 +8.726551666e+03
4199 +8.453336736e+03 +8.453336736e+03 +8.389956736e+03 +8.389956736e+03
4486 +7.856687886e+03 +7.856687886e+03 +7.793307886e+03 +7.793307886e+03
4493 +3.184885853e+03 +3.184885853e+03 +3.121505853e+03 +3.121505853e+03
7221 +3.069366823e+03 +3.069366823e+03 +3.005986823e+03 +3.005986823e+03
7428 +2.172419856e+03 +2.172419856e+03 +2.109039856e+03 +2.109039856e+03
7435 +2.029300203e+03 +2.029300203e+03 +1.965920203e+03 +1.965920203e+03
9035 +1.132237494e+03 +1.132237494e+03 +1.068857494e+03 +1.068857494e+03
10163 +1.077928608e+03 +1.077928608e+03 +1.014548608e+03 +1.014548608e+03
10193 +1.058109727e+03 +1.058109727e+03 +9.947297267e+02 +9.947297267e+02
10199 +9.042483298e+02 +9.042483298e+02 +8.408683298e+02 +8.408683298e+02
11651 +7.728084562e+02 +7.728084562e+02 +7.094284562e+02 +7.094284562e+02
11960 +7.243176213e+02 +7.243176213e+02 +6.609376213e+02 +6.609376213e+02
11971 +3.818865290e+02 +3.818865290e+02 +3.185065290e+02 +3.185065290e+02
12032 +2.691799849e+02 +2.691799849e+02 +2.057999849e+02 +2.057999849e+02
12054 +1.045462237e+02 +1.045462237e+02 +4.116622373e+01 +4.116622373e+01
12257 +2.849632103e+01 +2.849632103e+01 -3.488367897e+01 -3.488367897e+01
14542 +2.777788011e+01 +2.777788011e+01 -3.560211989e+01 -3.560211989e+01
14558 +2.650976639e+01 +2.650976639e+01 -3.687023361e+01 -3.687023361e+01
14570 +1.177235377e+01 +1.177235377e+01 -5.160764623e+01 -5.160764623e+01
14792 +3.613930783e+00 +3.613930783e+00 -5.976606922e+01 -5.976606922e+01
20417 +3.505251667e+00 +3.505251667e+00 -5.987474833e+01 -5.987474833e+01
21394 +3.380109539e+00 +3.380109539e+00 -5.999989046e+01 -5.999989046e+01
25367 +3.023048100e+00 +3.023048100e+00 -6.035695190e+01 -6.035695190e+01
25383 +3.010432508e+00 +3.010432508e+00 -6.036956749e+01 -6.036956749e+01
33588 +2.906361300e+00 +2.906361300e+00 -6.047363870e+01 -6.047363870e+01
35400 +2.871873015e+00 +2.871873015e+00 -6.050812699e+01 -6.050812699e+01
41352 +2.594716298e+00 +2.594716298e+00 -6.078528370e+01 -6.078528370e+01
41367 +2.557374240e+00 +2.557374240e+00 -6.082262576e+01 -6.082262576e+01
41377 +2.452921678e+00 +2.452921678e+00 -6.092707832e+01 -6.092707832e+01
41760 +2.383780938e+00 +2.383780938e+00 -6.099621906e+01 -6.099621906e+01
46789 +2.327766369e+00 +2.327766369e+00 -6.105223363e+01 -6.105223363e+01
46999 +2.235970973e+00 +2.235970973e+00 -6.114402903e+01 -6.114402903e+01
50602 +2.180581383e+00 +2.180581383e+00 -6.119941862e+01 -6.119941862e+01
50674 +2.128062971e+00 +2.128062971e+00 -6.125193703e+01 -6.125193703e+01
50691 +2.081596972e+00 +2.081596972e+00 -6.129840303e+01 -6.129840303e+01
52133 +2.021679268e+00 +2.021679268e+00 -6.135832073e+01 -6.135832073e+01
52988 +1.992678927e+00 +1.992678927e+00 -6.138732107e+01 -6.138732107e+01
53067 +1.948640815e+00 +1.948640815e+00 -6.143135919e+01 -6.143135919e+01
53990 +1.882352475e+00 +1.882352475e+00 -6.149764753e+01 -6.149764753e+01
54424 +1.838576221e+00 +1.838576221e+00 -6.154142378e+01 -6.154142378e+01
54575 +1.764331436e+00 +1.764331436e+00 -6.161566856e+01 -6.161566856e+01
55995 +1.727164382e+00 +1.727164382e+00 -6.165283562e+01 -6.165283562e+01
56186 +1.672854263e+00 +1.672854263e+00 -6.170714574e+01 -6.170714574e+01
56188 +1.625233767e+00 +1.625233767e+00 -6.175476623e+01 -6.175476623e+01
56250 +1.619765391e+00 +1.619765391e+00 -6.176023461e+01 -6.176023461e+01
57505 +1.573494851e+00 +1.573494851e+00 -6.180650515e+01 -6.180650515e+01
57523 +1.538025584e+00 +1.538025584e+00 -6.184197442e+01 -6.184197442e+01
59388 +1.500864488e+00 +1.500864488e+00 -6.187913551e+01 -6.187913551e+01
60662 +1.463098130e+00 +1.463098130e+00 -6.191690187e+01 -6.191690187e+01
60701 +1.442356119e+00 +1.442356119e+00 -6.193764388e+01 -6.193764388e+01
60863 +1.406381409e+00 +1.406381409e+00 -6.197361859e+01 -6.197361859e+01
65846 +1.378319476e+00 +1.378319476e+00 -6.200168052e+01 -6.200168052e+01
67349 +1.348019959e+00 +1.348019959e+00 -6.203198004e+01 -6.203198004e+01
69036 +1.308136959e+00 +1.308136959e+00 -6.207186304e+01 -6.207186304e+01
71741 +1.288042609e+00 +1.288042609e+00 -6.209195739e+01 -6.209195739e+01
75733 +1.258851745e+00 +1.258851745e+00 -6.212114825e+01 -6.212114825e+01
272365 +1.229230673e+00 +1.229230673e+00 -6.215076933e+01 -6.215076933e+01
273606 +1.200890171e+00 +1.200890171e+00 -6.217910983e+01 -6.217910983e+01
278464 +1.170731398e+00 +1.170731398e+00 -6.220926860e+01 -6.220926860e+01
% function evaluation | noise-free fitness - Fopt (-1.337200000000e+02) | best noise-free fitness - Fopt | measured fitness | best measured fitness | x1 | x2...
1 +3.449670211e+04 +3.449670211e+04 +3.436298211e+04 +3.436298211e+04
5 +2.411789453e+04 +2.411789453e+04 +2.398417453e+04 +2.398417453e+04
21 +2.288055671e+04 +2.288055671e+04 +2.274683671e+04 +2.274683671e+04
1526 +1.977420534e+04 +1.977420534e+04 +1.964048534e+04 +1.964048534e+04
1551 +1.619817410e+04 +1.619817410e+04 +1.606445410e+04 +1.606445410e+04
1556 +8.831910205e+03 +8.831910205e+03 +8.698190205e+03 +8.698190205e+03
5095 +4.908917072e+03 +4.908917072e+03 +4.775197072e+03 +4.775197072e+03
5928 +3.273425167e+03 +3.273425167e+03 +3.139705167e+03 +3.139705167e+03
5937 +1.324748950e+03 +1.324748950e+03 +1.191028950e+03 +1.191028950e+03
10152 +7.849641394e+02 +7.849641394e+02 +6.512441394e+02 +6.512441394e+02
10224 +5.054980930e+02 +5.054980930e+02 +3.717780930e+02 +3.717780930e+02
10364 +2.641277419e+02 +2.641277419e+02 +1.304077419e+02 +1.304077419e+02
10804 +1.897409281e+02 +1.897409281e+02 +5.602092811e+01 +5.602092811e+01
12190 +1.236522122e+02 +1.236522122e+02 -1.006778781e+01 -1.006778781e+01
12640 +1.151237290e+02 +1.151237290e+02 -1.859627098e+01 -1.859627098e+01
12925 +9.957172185e+01 +9.957172185e+01 -3.414827815e+01 -3.414827815e+01
13136 +9.161659656e+01 +9.161659656e+01 -4.210340344e+01 -4.210340344e+01
13143 +5.236250201e+01 +5.236250201e+01 -8.135749799e+01 -8.135749799e+01
13820 +3.073255908e+01 +3.073255908e+01 -1.029874409e+02 -1.029874409e+02
14137 +1.352950819e+01 +1.352950819e+01 -1.201904918e+02 -1.201904918e+02
14152 +4.235420426e+00 +4.235420426e+00 -1.294845796e+02 -1.294845796e+02
14163 +4.107105830e+00 +4.107105830e+00 -1.296128942e+02 -1.296128942e+02
15055 +4.046850365e+00 +4.046850365e+00 -1.296731496e+02 -1.296731496e+02
16137 +3.804396436e+00 +3.804396436e+00 -1.299156036e+02 -1.299156036e+02
19215 +3.656328534e+00 +3.656328534e+00 -1.300636715e+02 -1.300636715e+02
19580 +3.438270795e+00 +3.438270795e+00 -1.302817292e+02 -1.302817292e+02
22721 +3.329947959e+00 +3.329947959e+00 -1.303900520e+02 -1.303900520e+02
24129 +3.219150907e+00 +3.219150907e+00 -1.305008491e+02 -1.305008491e+02
30756 +3.141573317e+00 +3.141573317e+00 -1.305784267e+02 -1.305784267e+02
35574 +3.043863058e+00 +3.043863058e+00 -1.306761369e+02 -1.306761369e+02
36076 +2.995298287e+00 +2.995298287e+00 -1.307247017e+02 -1.307247017e+02
36092 +2.808442109e+00 +2.808442109e+00 -1.309115579e+02 -1.309115579e+02
39176 +2.678165310e+00 +2.678165310e+00 -1.310418347e+02 -1.310418347e+02
43333 +2.440862584e+00 +2.440862584e+00 -1.312791374e+02 -1.312791374e+02
46379 +2.393426812e+00 +2.393426812e+00 -1.313265732e+02 -1.313265732e+02
47462 +2.341936522e+00 +2.341936522e+00 -1.313780635e+02 -1.313780635e+02
47486 +2.272267677e+00 +2.272267677e+00 -1.314477323e+02 -1.314477323e+02
47578 +2.208703886e+00 +2.208703886e+00 -1.315112961e+02 -1.315112961e+02
48767 +2.186598989e+00 +2.186598989e+00 -1.315334010e+02 -1.315334010e+02
50045 +2.136090318e+00 +2.136090318e+00 -1.315839097e+02 -1.315839097e+02
50687 +2.057113454e+00 +2.057113454e+00 -1.316628865e+02 -1.316628865e+02
52527 +2.035906906e+00 +2.035906906e+00 -1.316840931e+02 -1.316840931e+02
54766 +1.953077178e+00 +1.953077178e+00 -1.317669228e+02 -1.317669228e+02
54780 +1.869315767e+00 +1.869315767e+00 -1.318506842e+02 -1.318506842e+02
54790 +1.809144635e+00 +1.809144635e+00 -1.319108554e+02 -1.319108554e+02
56001 +1.755350071e+00 +1.755350071e+00 -1.319646499e+02 -1.319646499e+02
57798 +1.714224882e+00 +1.714224882e+00 -1.320057751e+02 -1.320057751e+02
57802 +1.661938895e+00 +1.661938895e+00 -1.320580611e+02 -1.320580611e+02
59882 +1.658839739e+00 +1.658839739e+00 -1.320611603e+02 -1.320611603e+02
59899 +1.603095263e+00 +1.603095263e+00 -1.321169047e+02 -1.321169047e+02
61069 +1.556227596e+00 +1.556227596e+00 -1.321637724e+02 -1.321637724e+02
61261 +1.544725460e+00 +1.544725460e+00 -1.321752745e+02 -1.321752745e+02
62016 +1.494348739e+00 +1.494348739e+00 -1.322256513e+02 -1.322256513e+02
63345 +1.463734602e+00 +1.463734602e+00 -1.322562654e+02 -1.322562654e+02
63401 +1.443215796e+00 +1.443215796e+00 -1.322767842e+02 -1.322767842e+02
65167 +1.390113985e+00 +1.390113985e+00 -1.323298860e+02 -1.323298860e+02
65189 +1.370593834e+00 +1.370593834e+00 -1.323494062e+02 -1.323494062e+02
68497 +1.347799930e+00 +1.347799930e+00 -1.323722001e+02 -1.323722001e+02
68769 +1.316046875e+00 +1.316046875e+00 -1.324039531e+02 -1.324039531e+02
70415 +1.285591232e+00 +1.285591232e+00 -1.324344088e+02 -1.324344088e+02
75639 +1.256841291e+00 +1.256841291e+00 -1.324631587e+02 -1.324631587e+02
275873 +1.229466639e+00 +1.229466639e+00 -1.324905334e+02 -1.324905334e+02
279617 +1.199879800e+00 +1.199879800e+00 -1.325201202e+02 -1.325201202e+02
284825 +1.173264367e+00 +1.173264367e+00 -1.325467356e+02 -1.325467356e+02
% function evaluation | noise-free fitness - Fopt (-4.039900000000e+02) | best noise-free fitness - Fopt | measured fitness | best measured fitness | x1 | x2...
1 +3.449670211e+04 +3.449670211e+04 +3.409271211e+04 +3.409271211e+04
1191 +2.769983033e+04 +2.769983033e+04 +2.729584033e+04 +2.729584033e+04
1231 +2.695766220e+04 +2.695766220e+04 +2.655367220e+04 +2.655367220e+04
2832 +2.547863198e+04 +2.547863198e+04 +2.507464198e+04 +2.507464198e+04
3187 +2.459846919e+04 +2.459846919e+04 +2.419447919e+04 +2.419447919e+04
3198 +2.166938748e+04 +2.166938748e+04 +2.126539748e+04 +2.126539748e+04
3902 +2.108788185e+04 +2.108788185e+04 +2.068389185e+04 +2.068389185e+04
3920 +2.064901199e+04 +2.064901199e+04 +2.024502199e+04 +2.024502199e+04
4001 +1.625783923e+04 +1.625783923e+04 +1.585384923e+04 +1.585384923e+04
4294 +1.039176120e+04 +1.039176120e+04 +9.987771197e+03 +9.987771197e+03
4496 +7.565829573e+03 +7.565829573e+03 +7.161839573e+03 +7.161839573e+03
5264 +5.539571985e+03 +5.539571985e+03 +5.135581985e+03 +5.135581985e+03
6030 +4.068622374e+03 +4.068622374e+03 +3.664632374e+03 +3.664632374e+03
7466 +3.911073828e+03 +3.911073828e+03 +3.507083828e+03 +3.507083828e+03
7505 +1.958768867e+03 +1.958768867e+03 +1.554778867e+03 +1.554778867e+03
7543 +1.685834724e+03 +1.685834724e+03 +1.281844724e+03 +1.281844724e+03
8716 +5.424020875e+02 +5.424020875e+02 +1.384120875e+02 +1.384120875e+02
10373 +3.292345191e+02 +3.292345191e+02 -7.475548090e+01 -7.475548090e+01
10804 +3.055988895e+02 +3.055988895e+02 -9.839111046e+01 -9.839111046e+01
10815 +1.561759649e+02 +1.561759649e+02 -2.478140351e+02 -2.478140351e+02
12005 +6.463953268e+01 +6.463953268e+01 -3.393504673e+02 -3.393504673e+02
12596 +5.413001513e+01 +5.413001513e+01 -3.498599849e+02 -3.498599849e+02
13061 +1.069995199e+01 +1.069995199e+01 -3.932900480e+02 -3.932900480e+02
13356 +6.152601157e+00 +6.152601157e+00 -3.978373988e+02 -3.978373988e+02
13717 +4.385240746e+00 +4.385240746e+00 -3.996047593e+02 -3.996047593e+02
15585 +4.226454551e+00 +4.226454551e+00 -3.997635454e+02 -3.997635454e+02
16222 +3.938661132e+00 +3.938661132e+00 -4.000513389e+02 -4.000513389e+02
16912 +3.832455754e+00 +3.832455754e+00 -4.001575442e+02 -4.001575442e+02
16936 +3.716384788e+00 +3.716384788e+00 -4.002736152e+02 -4.002736152e+02
20706 +3.684788218e+00 +3.684788218e+00 -4.003052118e+02 -4.003052118e+02
20911 +3.494358738e+00 +3.494358738e+00 -4.004956413e+02 -4.004956413e+02
21823 +3.408093637e+00 +3.408093637e+00 -4.005819064e+02 -4.005819064e+02
21829 +3.348899168e+00 +3.348899168e+00 -4.006411008e+02 -4.006411008e+02
26930 +3.212778966e+00 +3.212778966e+00 -4.007772210e+02 -4.007772210e+02
30437 +3.142480523e+00 +3.142480523e+00 -4.008475195e+02 -4.008475195e+02
32232 +3.079450881e+00 +3.079450881e+00 -4.009105491e+02 -4.009105491e+02
32732 +2.998084974e+00 +2.998084974e+00 -4.009919150e+02 -4.009919150e+02
37423 +2.784020756e+00 +2.784020756e+00 -4.012059792e+02 -4.012059792e+02
45365 +2.753517300e+00 +2.753517300e+00 -4.012364827e+02 -4.012364827e+02
46156 +2.387219269e+00 +2.387219269e+00 -4.016027807e+02 -4.016027807e+02
49821 +2.263943086e+00 +2.263943086e+00 -4.017260569e+02 -4.017260569e+02
51158 +2.221288513e+00 +2.221288513e+00 -4.017687115e+02 -4.017687115e+02
51814 +2.126911863e+00 +2.126911863e+00 -4.018630881e+02 -4.018630881e+02
53567 +2.059143102e+00 +2.059143102e+00 -4.019308569e+02 -4.019308569e+02
53590 +2.037218718e+00 +2.037218718e+00 -4.019527813e+02 -4.019527813e+02
55422 +1.964528884e+00 +1.964528884e+00 -4.020254711e+02 -4.020254711e+02
55622 +1.917717137e+00 +1.917717137e+00 -4.020722829e+02 -4.020722829e+02
55638 +1.869340301e+00 +1.869340301e+00 -4.021206597e+02 -4.021206597e+02
60146 +1.836105181e+00 +1.836105181e+00 -4.021538948e+02 -4.021538948e+02
60312 +1.805290147e+00 +1.805290147e+00 -4.021847099e+02 -4.021847099e+02
60516 +1.768019200e+00 +1.768019200e+00 -4.022219808e+02 -4.022219808e+02
60997 +1.736243742e+00 +1.736243742e+00 -4.022537563e+02 -4.022537563e+02
61385 +1.692899539e+00 +1.692899539e+00 -4.022971005e+02 -4.022971005e+02
62913 +1.618911037e+00 +1.618911037e+00 -4.023710890e+02 -4.023710890e+02
62937 +1.566281253e+00 +1.566281253e+00 -4.024237187e+02 -4.024237187e+02
65426 +1.537255729e+00 +1.537255729e+00 -4.024527443e+02 -4.024527443e+02
65892 +1.510126799e+00 +1.510126799e+00 -4.024798732e+02 -4.024798732e+02
67904 +1.470383502e+00 +1.470383502e+00 -4.025196165e+02 -4.025196165e+02
70766 +1.443815433e+00 +1.443815433e+00 -4.025461846e+02 -4.025461846e+02
72734 +1.410813598e+00 +1.410813598e+00 -4.025791864e+02 -4.025791864e+02
76086 +1.379432965e+00 +1.379432965e+00 -4.026105670e+02 -4.026105670e+02
87106 +1.348549146e+00 +1.348549146e+00 -4.026414509e+02 -4.026414509e+02
% function evaluation | noise-free fitness - Fopt (1.000000000000e+03) | best noise-free fitness - Fopt | measured fitness | best measured fitness | x1 | x2...
1 +3.449670211e+04 +3.449670211e+04 +3.549670211e+04 +3.549670211e+04
222 +2.885403301e+04 +2.885403301e+04 +2.985403301e+04 +2.985403301e+04
233 +2.327735675e+04 +2.327735675e+04 +2.427735675e+04 +2.427735675e+04
3138 +1.882025622e+04 +1.882025622e+04 +1.982025622e+04 +1.982025622e+04
3213 +1.588652384e+04 +1.588652384e+04 +1.688652384e+04 +1.688652384e+04
3441 +1.466680191e+04 +1.466680191e+04 +1.566680191e+04 +1.566680191e+04
3492 +1.224661051e+04 +1.224661051e+04 +1.324661051e+04 +1.324661051e+04
3508 +7.507220040e+03 +7.507220040e+03 +8.507220040e+03 +8.507220040e+03
3522 +5.609695955e+03 +5.609695955e+03 +6.609695955e+03 +6.609695955e+03
7166 +3.014988908e+03 +3.014988908e+03 +4.014988908e+03 +4.014988908e+03
7406 +2.393250213e+03 +2.393250213e+03 +3.393250213e+03 +3.393250213e+03
8093 +2.011730428e+03 +2.011730428e+03 +3.011730428e+03 +3.011730428e+03
8526 +1.732573446e+03 +1.732573446e+03 +2.732573446e+03 +2.732573446e+03
8746 +1.560942041e+03 +1.560942041e+03 +2.560942041e+03 +2.560942041e+03
9151 +1.353905870e+03 +1.353905870e+03 +2.353905870e+03 +2.353905870e+03
9730 +6.652299224e+02 +6.652299224e+02 +1.665229922e+03 +1.665229922e+03
9747 +5.710657177e+02 +5.710657177e+02 +1.571065718e+03 +1.571065718e+03
10934 +2.641644163e+02 +2.641644163e+02 +1.264164416e+03 +1.264164416e+03
11144 +1.696574852e+02 +1.696574852e+02 +1.169657485e+03 +1.169657485e+03
11224 +9.869446050e+01 +9.869446050e+01 +1.098694461e+03 +1.098694461e+03
11289 +9.318381648e+01 +9.318381648e+01 +1.093183816e+03 +1.093183816e+03
11305 +9.998202666e+00 +9.998202666e+00 +1.009998203e+03 +1.009998203e+03
12183 +5.976964372e+00 +5.976964372e+00 +1.005976964e+03 +1.005976964e+03
15240 +4.207839979e+00 +4.207839979e+00 +1.004207840e+03 +1.004207840e+03
15517 +3.960481228e+00 +3.960481228e+00 +1.003960481e+03 +1.003960481e+03
17392 +3.509832240e+00 +3.509832240e+00 +1.003509832e+03 +1.003509832e+03
21977 +3.365498789e+00 +3.365498789e+00 +1.003365499e+03 +1.003365499e+03
25150 +3.212787550e+00 +3.212787550e+00 +1.003212788e+03 +1.003212788e+03
29886 +3.148250255e+00 +3.148250255e+00 +1.003148250e+03 +1.003148250e+03
30661 +3.045897522e+00 +3.045897522e+00 +1.003045898e+03 +1.003045898e+03
35552 +2.958981590e+00 +2.958981590e+00 +1.002958982e+03 +1.002958982e+03
35577 +2.937250887e+00 +2.937250887e+00 +1.002937251e+03 +1.002937251e+03
42162 +2.868712120e+00 +2.868712120e+00 +1.002868712e+03 +1.002868712e+03
43376 +2.812677316e+00 +2.812677316e+00 +1.002812677e+03 +1.002812677e+03
44368 +2.592283855e+00 +2.592283855e+00 +1.002592284e+03 +1.002592284e+03
48839 +2.566741376e+00 +2.566741376e+00 +1.002566741e+03 +1.002566741e+03
52591 +2.396735066e+00 +2.396735066e+00 +1.002396735e+03 +1.002396735e+03
56320 +2.293839689e+00 +2.293839689e+00 +1.002293840e+03 +1.002293840e+03
57118 +2.274785724e+00 +2.274785724e+00 +1.002274786e+03 +1.002274786e+03
58295 +2.216604240e+00 +2.216604240e+00 +1.002216604e+03 +1.002216604e+03
58305 +2.179659976e+00 +2.179659976e+00 +1.002179660e+03 +1.002179660e+03
58319 +2.081101577e+00 +2.081101577e+00 +1.002081102e+03 +1.002081102e+03
59171 +2.006839867e+00 +2.006839867e+00 +1.002006840e+03 +1.002006840e+03
59395 +1.933849593e+00 +1.933849593e+00 +1.001933850e+03 +1.001933850e+03
61586 +1.886868785e+00 +1.886868785e+00 +1.001886869e+03 +1.001886869e+03
61599 +1.851574222e+00 +1.851574222e+00 +1.001851574e+03 +1.001851574e+03
62060 +1.766861533e+00 +1.766861533e+00 +1.001766862e+03 +1.001766862e+03
64047 +1.737579432e+00 +1.737579432e+00 +1.001737579e+03 +1.001737579e+03
64049 +1.679081927e+00 +1.679081927e+00 +1.001679082e+03 +1.001679082e+03
66538 +1.659140146e+00 +1.659140146e+00 +1.001659140e+03 +1.001659140e+03
66553 +1.607965363e+00 +1.607965363e+00 +1.001607965e+03 +1.001607965e+03
67617 +1.577272296e+00 +1.577272296e+00 +1.001577272e+03 +1.001577272e+03
67642 +1.525918160e+00 +1.525918160e+00 +1.001525918e+03 +1.001525918e+03
68577 +1.511024871e+00 +1.511024871e+00 +1.001511025e+03 +1.001511025e+03
69553 +1.478628012e+00 +1.478628012e+00 +1.001478628e+03 +1.001478628e+03
72246 +1.438061127e+00 +1.438061127e+00 +1.001438061e+03 +1.001438061e+03
72367 +1.410573135e+00 +1.410573135e+00 +1.001410573e+03 +1.001410573e+03
74846 +1.375840491e+00 +1.375840491e+00 +1.001375840e+03 +1.001375840e+03
78589 +1.348191659e+00 +1.348191659e+00 +1.001348192e+03 +1.001348192e+03
87783 +1.317997478e+00 +1.317997478e+00 +1.001317997e+03 +1.001317997e+03
280672 +1.286456886e+00 +1.286456886e+00 +1.001286457e+03 +1.001286457e+03
368361 +1.248137929e+00 +1.248137929e+00 +1.001248138e+03 +1.001248138e+03
370766 +1.229330896e+00 +1.229330896e+00 +1.001229331e+03 +1.001229331e+03
374110 +1.195943395e+00 +1.195943395e+00 +1.001195943e+03 +1.001195943e+03
377122 +1.174540691e+00 +1.174540691e+00 +1.001174541e+03 +1.001174541e+03
% function evaluation | noise-free fitness - Fopt (1.005700000000e+02) | best noise-free fitness - Fopt | measured fitness | best measured fitness | x1 | x2...
1 +3.449670211e+04 +3.449670211e+04 +3.459727211e+04 +3.459727211e+04
31 +3.207499949e+04 +3.207499949e+04 +3.217556949e+04 +3.217556949e+04
2136 +2.321993913e+04 +2.321993913e+04 +2.332050913e+04 +2.332050913e+04
2145 +1.548644047e+04 +1.548644047e+04 +1.558701047e+04 +1.558701047e+04
4502 +1.151002729e+04 +1.151002729e+04 +1.161059729e+04 +1.161059729e+04
4520 +1.086452376e+04 +1.086452376e+04 +1.096509376e+04 +1.096509376e+04
4527 +1.035468621e+04 +1.035468621e+04 +1.045525621e+04 +1.045525621e+04
5231 +9.859987494e+03 +9.859987494e+03 +9.960557494e+03 +9.960557494e+03
5234 +9.325448324e+03 +9.325448324e+03 +9.426018324e+03 +9.426018324e+03
5529 +8.040092324e+03 +8.040092324e+03 +8.140662324e+03 +8.140662324e+03
5535 +6.706777802e+03 +6.706777802e+03 +6.807347802e+03 +6.807347802e+03
6379 +4.775151752e+03 +4.775151752e+03 +4.875721752e+03 +4.875721752e+03
7240 +4.573946030e+03 +4.573946030e+03 +4.674516030e+03 +4.674516030e+03
7250 +4.274825390e+03 +4.274825390e+03 +4.375395390e+03 +4.375395390e+03
7259 +4.210404956e+03 +4.210404956e+03 +4.310974956e+03 +4.310974956e+03
7525 +3.530812506e+03 +3.530812506e+03 +3.631382506e+03 +3.631382506e+03
7671 +3.275813376e+03 +3.275813376e+03 +3.376383376e+03 +3.376383376e+03
8180 +2.415714811e+03 +2.415714811e+03 +2.516284811e+03 +2.516284811e+03
8916 +2.261020143e+03 +2.261020143e+03 +2.361590143e+03 +2.361590143e+03
8926 +1.206353574e+03 +1.206353574e+03 +1.306923574e+03 +1.306923574e+03
8939 +7.659779321e+02 +7.659779321e+02 +8.665479321e+02 +8.665479321e+02
10019 +6.475965200e+02 +6.475965200e+02 +7.481665200e+02 +7.481665200e+02
10335 +5.568628672e+02 +5.568628672e+02 +6.574328672e+02 +6.574328672e+02
10343 +3.154699353e+02 +3.154699353e+02 +4.160399353e+02 +4.160399353e+02
11508 +1.350119219e+02 +1.350119219e+02 +2.355819219e+02 +2.355819219e+02
11702 +7.270321145e+01 +7.270321145e+01 +1.732732115e+02 +1.732732115e+02
11713 +4.561726969e+01 +4.561726969e+01 +1.461872697e+02 +1.461872697e+02
11868 +2.362491691e+01 +2.362491691e+01 +1.241949169e+02 +1.241949169e+02
11879 +1.553373212e+01 +1.553373212e+01 +1.161037321e+02 +1.161037321e+02
14598 +4.220169871e+00 +4.220169871e+00 +1.047901699e+02 +1.047901699e+02
15225 +3.962103813e+00 +3.962103813e+00 +1.045321038e+02 +1.045321038e+02
19063 +3.775224261e+00 +3.775224261e+00 +1.043452243e+02 +1.043452243e+02
19428 +3.709071650e+00 +3.709071650e+00 +1.042790716e+02 +1.042790716e+02
19945 +3.627306464e+00 +3.627306464e+00 +1.041973065e+02 +1.041973065e+02
19999 +3.541776464e+00 +3.541776464e+00 +1.041117765e+02 +1.041117765e+02
20100 +3.365354644e+00 +3.365354644e+00 +1.039353546e+02 +1.039353546e+02
23744 +3.194928729e+00 +3.194928729e+00 +1.037649287e+02 +1.037649287e+02
29879 +3.081220497e+00 +3.081220497e+00 +1.036512205e+02 +1.036512205e+02
31164 +2.884875530e+00 +2.884875530e+00 +1.034548755e+02 +1.034548755e+02
38054 +2.848400041e+00 +2.848400041e+00 +1.034184000e+02 +1.034184000e+02
42560 +2.683722125e+00 +2.683722125e+00 +1.032537221e+02 +1.032537221e+02
42564 +2.617515636e+00 +2.617515636e+00 +1.031875156e+02 +1.031875156e+02
50120 +2.556797778e+00 +2.556797778e+00 +1.031267978e+02 +1.031267978e+02
50127 +2.410666939e+00 +2.410666939e+00 +1.029806669e+02 +1.029806669e+02
50425 +2.167971113e+00 +2.167971113e+00 +1.027379711e+02 +1.027379711e+02
55604 +2.127157088e+00 +2.127157088e+00 +1.026971571e+02 +1.026971571e+02
56938 +2.084070924e+00 +2.084070924e+00 +1.026540709e+02 +1.026540709e+02
57068 +2.012122411e+00 +2.012122411e+00 +1.025821224e+02 +1.025821224e+02
58507 +1.948525613e+00 +1.948525613e+00 +1.025185256e+02 +1.025185256e+02
60275 +1.872622375e+00 +1.872622375e+00 +1.024426224e+02 +1.024426224e+02
60653 +1.853343771e+00 +1.853343771e+00 +1.024233438e+02 +1.024233438e+02
60786 +1.773078938e+00 +1.773078938e+00 +1.023430789e+02 +1.023430789e+02
60999 +1.719246122e+00 +1.719246122e+00 +1.022892461e+02 +1.022892461e+02
61344 +1.664813687e+00 +1.664813687e+00 +1.022348137e+02 +1.022348137e+02
64520 +1.647981397e+00 +1.647981397e+00 +1.022179814e+02 +1.022179814e+02
64683 +1.601177551e+00 +1.601177551e+00 +1.021711776e+02 +1.021711776e+02
64694 +1.575002394e+00 +1.575002394e+00 +1.021450024e+02 +1.021450024e+02
65106 +1.505828749e+00 +1.505828749e+00 +1.020758287e+02 +1.020758287e+02
65365 +1.461573481e+00 +1.461573481e+00 +1.020315735e+02 +1.020315735e+02
68931 +1.415170306e+00 +1.415170306e+00 +1.019851703e+02 +1.019851703e+02
68942 +1.402699384e+00 +1.402699384e+00 +1.019726994e+02 +1.019726994e+02
69085 +1.379614161e+00 +1.379614161e+00 +1.019496142e+02 +1.019496142e+02
69208 +1.338956390e+00 +1.338956390e+00 +1.019089564e+02 +1.019089564e+02
69574 +1.299778299e+00 +1.299778299e+00 +1.018697783e+02 +1.018697783e+02
69603 +1.274019916e+00 +1.274019916e+00 +1.018440199e+02 +1.018440199e+02
73692 +1.254714207e+00 +1.254714207e+00 +1.018247142e+02 +1.018247142e+02
75816 +1.226182777e+00 +1.226182777e+00 +1.017961828e+02 +1.017961828e+02
79413 +1.197645045e+00 +1.197645045e+00 +1.017676450e+02 +1.017676450e+02
284456 +1.174823915e+00 +1.174823915e+00 +1.017448239e+02 +1.017448239e+02
372180 +1.140162130e+00 +1.140162130e+00 +1.017101621e+02 +1.017101621e+02
374433 +1.121895806e+00 +1.121895806e+00 +1.016918958e+02 +1.016918958e+02
378834 +1.095222729e+00 +1.095222729e+00 +1.016652227e+02 +1.016652227e+02
399806 +1.070329406e+00 +1.070329406e+00 +1.016403294e+02 +1.016403294e+02
% function evaluation | noise-free fitness - Fopt (1.149000000000e+01) | best noise-free fitness - Fopt | measured fitness | best measured fitness | x1 | x2...
1 +3.449670211e+04 +3.449670211e+04 +3.450819211e+04 +3.450819211e+04
1761 +2.938157015e+04 +2.938157015e+04 +2.939306015e+04 +2.939306015e+04
1764 +2.213129108e+04 +2.213129108e+04 +2.214278108e+04 +2.214278108e+04
2862 +2.142421769e+04 +2.142421769e+04 +2.143570769e+04 +2.143570769e+04
2893 +1.700269992e+04 +1.700269992e+04 +1.701418992e+04 +1.701418992e+04
3107 +1.397323805e+04 +1.397323805e+04 +1.398472805e+04 +1.398472805e+04
3222 +1.294661445e+04 +1.294661445e+04 +1.295810445e+04 +1.295810445e+04
3251 +9.969915554e+03 +9.969915554e+03 +9.981405554e+03 +9.981405554e+03
5721 +5.625138235e+03 +5.625138235e+03 +5.636628235e+03 +5.636628235e+03
6134 +5.392594492e+03 +5.392594492e+03 +5.404084492e+03 +5.404084492e+03
7033 +5.235631010e+03 +5.235631010e+03 +5.247121010e+03 +5.247121010e+03
7046 +2.881987888e+03 +2.881987888e+03 +2.893477888e+03 +2.893477888e+03
7055 +2.375103675e+03 +2.375103675e+03 +2.386593675e+03 +2.386593675e+03
7065 +1.785691093e+03 +1.785691093e+03 +1.797181093e+03 +1.797181093e+03
7893 +1.472424210e+03 +1.472424210e+03 +1.483914210e+03 +1.483914210e+03
9495 +1.414562124e+03 +1.414562124e+03 +1.426052124e+03 +1.426052124e+03
9562 +1.171244059e+03 +1.171244059e+03 +1.182734059e+03 +1.182734059e+03
9596 +6.967059550e+02 +6.967059550e+02 +7.081959550e+02 +7.081959550e+02
9714 +5.867184952e+02 +5.867184952e+02 +5.982084952e+02 +5.982084952e+02
11366 +4.968620599e+02 +4.968620599e+02 +5.083520599e+02 +5.083520599e+02
11373 +4.042057126e+02 +4.042057126e+02 +4.156957126e+02 +4.156957126e+02
11374 +3.646156132e+02 +3.646156132e+02 +3.761056132e+02 +3.761056132e+02
11376 +3.372417629e+02 +3.372417629e+02 +3.487317629e+02 +3.487317629e+02
12288 +2.356619791e+02 +2.356619791e+02 +2.471519791e+02 +2.471519791e+02
12741 +1.256603220e+02 +1.256603220e+02 +1.371503220e+02 +1.371503220e+02
12765 +9.318155432e+01 +9.318155432e+01 +1.046715543e+02 +1.046715543e+02
12785 +8.331187257e+01 +8.331187257e+01 +9.480187257e+01 +9.480187257e+01
12798 +4.262958613e+01 +4.262958613e+01 +5.411958613e+01 +5.411958613e+01
12810 +9.395541170e+00 +9.395541170e+00 +2.088554117e+01 +2.088554117e+01
15408 +7.487844338e+00 +7.487844338e+00 +1.897784434e+01 +1.897784434e+01
15610 +6.320387346e+00 +6.320387346e+00 +1.781038735e+01 +1.781038735e+01
15620 +3.975587555e+00 +3.975587555e+00 +1.546558755e+01 +1.546558755e+01
15650 +3.111114643e+00 +3.111114643e+00 +1.460111464e+01 +1.460111464e+01
29158 +2.883972322e+00 +2.883972322e+00 +1.437397232e+01 +1.437397232e+01
41556 +2.754486789e+00 +2.754486789e+00 +1.424448679e+01 +1.424448679e+01
42348 +2.741708658e+00 +2.741708658e+00 +1.423170866e+01 +1.423170866e+01
43657 +2.690058588e+00 +2.690058588e+00 +1.418005859e+01 +1.418005859e+01
43755 +2.523814158e+00 +2.523814158e+00 +1.401381416e+01 +1.401381416e+01
45500 +2.455348872e+00 +2.455348872e+00 +1.394534887e+01 +1.394534887e+01
47367 +2.419032138e+00 +2.419032138e+00 +1.390903214e+01 +1.390903214e+01
47394 +2.279595827e+00 +2.279595827e+00 +1.376959583e+01 +1.376959583e+01
48586 +2.210806090e+00 +2.210806090e+00 +1.370080609e+01 +1.370080609e+01
49553 +2.176364260e+00 +2.176364260e+00 +1.366636426e+01 +1.366636426e+01
49872 +2.123515413e+00 +2.123515413e+00 +1.361351541e+01 +1.361351541e+01
52631 +2.071169741e+00 +2.071169741e+00 +1.356116974e+01 +1.356116974e+01
52638 +2.015090795e+00 +2.015090795e+00 +1.350509080e+01 +1.350509080e+01
52658 +1.970329473e+00 +1.970329473e+00 +1.346032947e+01 +1.346032947e+01
53863 +1.911824081e+00 +1.911824081e+00 +1.340182408e+01 +1.340182408e+01
54192 +1.895097026e+00 +1.895097026e+00 +1.338509703e+01 +1.338509703e+01
54502 +1.825626971e+00 +1.825626971e+00 +1.331562697e+01 +1.331562697e+01
54521 +1.815853115e+00 +1.815853115e+00 +1.330585312e+01 +1.330585312e+01
56071 +1.718608451e+00 +1.718608451e+00 +1.320860845e+01 +1.320860845e+01
56074 +1.687154348e+00 +1.687154348e+00 +1.317715435e+01 +1.317715435e+01
56172 +1.656334055e+00 +1.656334055e+00 +1.314633406e+01 +1.314633406e+01
56944 +1.596190507e+00 +1.596190507e+00 +1.308619051e+01 +1.308619051e+01
56990 +1.555302615e+00 +1.555302615e+00 +1.304530261e+01 +1.304530261e+01
58660 +1.519268935e+00 +1.519268935e+00 +1.300926894e+01 +1.300926894e+01
58803 +1.510337494e+00 +1.510337494e+00 +1.300033749e+01 +1.300033749e+01
59779 +1.458682671e+00 +1.458682671e+00 +1.294868267e+01 +1.294868267e+01
59785 +1.411133808e+00 +1.411133808e+00 +1.290113381e+01 +1.290113381e+01
59890 +1.357523949e+00 +1.357523949e+00 +1.284752395e+01 +1.284752395e+01
60563 +1.297055727e+00 +1.297055727e+00 +1.278705573e+01 +1.278705573e+01
62344 +1.271434348e+00 +1.271434348e+00 +1.276143435e+01 +1.276143435e+01
64013 +1.241704248e+00 +1.241704248e+00 +1.273170425e+01 +1.273170425e+01
64172 +1.220142494e+00 +1.220142494e+00 +1.271014249e+01 +1.271014249e+01
64207 +1.201016730e+00 +1.201016730e+00 +1.269101673e+01 +1.269101673e+01
64575 +1.172968675e+00 +1.172968675e+00 +1.266296867e+01 +1.266296867e+01
67992 +1.142637671e+00 +1.142637671e+00 +1.263263767e+01 +1.263263767e+01
68733 +1.113361169e+00 +1.113361169e+00 +1.260336117e+01 +1.260336117e+01
70428 +1.092041710e+00 +1.092041710e+00 +1.258204171e+01 +1.258204171e+01
72906 +1.067052876e+00 +1.067052876e+00 +1.255705288e+01 +1.255705288e+01
82429 +1.046892867e+00 +1.046892867e+00 +1.253689287e+01 +1.253689287e+01
% function evaluation | noise-free fitness - Fopt (7.731000000000e+01) | best noise-free fitness - Fopt | measured fitness | best measured fitness | x1 | x2...
1 +3.449670211e+04 +3.449670211e+04 +3.457401211e+04 +3.457401211e+04
4 +2.660496836e+04 +2.660496836e+04 +2.668227836e+04 +2.668227836e+04
23 +2.487266945e+04 +2.487266945e+04 +2.494997945e+04 +2.494997945e+04
2295 +1.951010205e+04 +1.951010205e+04 +1.958741205e+04 +1.958741205e+04
2299 +1.893034214e+04 +1.893034214e+04 +1.900765214e+04 +1.900765214e+04
2533 +1.715962580e+04 +1.715962580e+04 +1.723693580e+04 +1.723693580e+04
2600 +1.428409507e+04 +1.428409507e+04 +1.436140507e+04 +1.436140507e+04
3458 +1.207730894e+04 +1.207730894e+04 +1.215461894e+04 +1.215461894e+04
4153 +1.185959387e+04 +1.185959387e+04 +1.193690387e+04 +1.193690387e+04
4392 +9.987567091e+03 +9.987567091e+03 +1.006487709e+04 +1.006487709e+04
4966 +7.707954999e+03 +7.707954999e+03 +7.785264999e+03 +7.785264999e+03
6308 +7.435875667e+03 +7.435875667e+03 +7.513185667e+03 +7.513185667e+03
6431 +7.142364965e+03 +7.142364965e+03 +7.219674965e+03 +7.219674965e+03
6507 +6.215913486e+03 +6.215913486e+03 +6.293223486e+03 +6.293223486e+03
6543 +2.755001586e+03 +2.755001586e+03 +2.832311586e+03 +2.832311586e+03
8275 +1.142941778e+03 +1.142941778e+03 +1.220251778e+03 +1.220251778e+03
8296 +1.053638745e+03 +1.053638745e+03 +1.130948745e+03 +1.130948745e+03
8320 +7.244756931e+02 +7.244756931e+02 +8.017856931e+02 +8.017856931e+02
10701 +7.092951615e+02 +7.092951615e+02 +7.866051615e+02 +7.866051615e+02
10710 +5.970029644e+02 +5.970029644e+02 +6.743129644e+02 +6.743129644e+02
10715 +1.167800934e+02 +1.167800934e+02 +1.940900934e+02 +1.940900934e+02
15342 +9.538101321e+01 +9.538101321e+01 +1.726910132e+02 +1.726910132e+02
15945 +7.233133900e+01 +7.233133900e+01 +1.496413390e+02 +1.496413390e+02
16073 +3.426647060e+01 +3.426647060e+01 +1.115764706e+02 +1.115764706e+02
16146 +1.571540562e+01 +1.571540562e+01 +9.302540562e+01 +9.302540562e+01
16203 +9.515136903e+00 +9.515136903e+00 +8.682513690e+01 +8.682513690e+01
17608 +7.115650101e+00 +7.115650101e+00 +8.442565010e+01 +8.442565010e+01
17609 +3.779056546e+00 +3.779056546e+00 +8.108905655e+01 +8.108905655e+01
20965 +3.665718160e+00 +3.665718160e+00 +8.097571816e+01 +8.097571816e+01
20981 +3.563077364e+00 +3.563077364e+00 +8.087307736e+01 +8.087307736e+01
21797 +3.336166030e+00 +3.336166030e+00 +8.064616603e+01 +8.064616603e+01
31133 +3.129480497e+00 +3.129480497e+00 +8.043948050e+01 +8.043948050e+01
31877 +3.014396095e+00 +3.014396095e+00 +8.032439609e+01 +8.032439609e+01
38165 +2.843981012e+00 +2.843981012e+00 +8.015398101e+01 +8.015398101e+01
41335 +2.682615684e+00 +2.682615684e+00 +7.999261568e+01 +7.999261568e+01
44040 +2.529386250e+00 +2.529386250e+00 +7.983938625e+01 +7.983938625e+01
46075 +2.478828047e+00 +2.478828047e+00 +7.978882805e+01 +7.978882805e+01
48464 +2.441994149e+00 +2.441994149e+00 +7.975199415e+01 +7.975199415e+01
48502 +2.384688412e+00 +2.384688412e+00 +7.969468841e+01 +7.969468841e+01
49505 +2.329505821e+00 +2.329505821e+00 +7.963950582e+01 +7.963950582e+01
51671 +2.276596075e+00 +2.276596075e+00 +7.958659607e+01 +7.958659607e+01
51950 +2.184835634e+00 +2.184835634e+00 +7.949483563e+01 +7.949483563e+01
51979 +2.079097929e+00 +2.079097929e+00 +7.938909793e+01 +7.938909793e+01
55848 +2.038054532e+00 +2.038054532e+00 +7.934805453e+01 +7.934805453e+01
55891 +1.901400101e+00 +1.901400101e+00 +7.921140010e+01 +7.921140010e+01
57468 +1.819058206e+00 +1.819058206e+00 +7.912905821e+01 +7.912905821e+01
60321 +1.762319343e+00 +1.762319343e+00 +7.907231934e+01 +7.907231934e+01
60755 +1.722826155e+00 +1.722826155e+00 +7.903282615e+01 +7.903282615e+01
61523 +1.652473593e+00 +1.652473593e+00 +7.896247359e+01 +7.896247359e+01
61540 +1.617295675e+00 +1.617295675e+00 +7.892729568e+01 +7.892729568e+01
63354 +1.572568509e+00 +1.572568509e+00 +7.888256851e+01 +7.888256851e+01
66479 +1.547781191e+00 +1.547781191e+00 +7.885778119e+01 +7.885778119e+01
68434 +1.502174370e+00 +1.502174370e+00 +7.881217437e+01 +7.881217437e+01
68934 +1.477944090e+00 +1.477944090e+00 +7.878794409e+01 +7.878794409e+01
69970 +1.445320005e+00 +1.445320005e+00 +7.875532000e+01 +7.875532000e+01
72209 +1.407519656e+00 +1.407519656e+00 +7.871751966e+01 +7.871751966e+01
75299 +1.378397382e+00 +1.378397382e+00 +7.868839738e+01 +7.868839738e+01
79002 +1.348548885e+00 +1.348548885e+00 +7.865854888e+01 +7.865854888e+01
176021 +1.310771780e+00 +1.310771780e+00 +7.862077178e+01 +7.862077178e+01
180445 +1.288238611e+00 +1.288238611e+00 +7.859823861e+01 +7.859823861e+01
266922 +1.249048657e+00 +1.249048657e+00 +7.855904866e+01 +7.855904866e+01
266925 +1.209622975e+00 +1.209622975e+00 +7.851962298e+01 +7.851962298e+01
270419 +1.195793056e+00 +1.195793056e+00 +7.850579306e+01 +7.850579306e+01
272472 +1.170017953e+00 +1.170017953e+00 +7.848001795e+01 +7.848001795e+01
273933 +1.148090283e+00 +1.148090283e+00 +7.845809028e+01 +7.845809028e+01
278792 +1.121965844e+00 +1.121965844e+00 +7.843196584e+01 +7.843196584e+01
298647 +1.096418211e+00 +1.096418211e+00 +7.840641821e+01 +7.840641821e+01
% function evaluation | noise-free fitness - Fopt (3.207700000000e+02) | best noise-free fitness - Fopt | measured fitness | best measured fitness | x1 | x2...
1 +3.449670211e+04 +3.449670211e+04 +3.481747211e+04 +3.481747211e+04
2318 +2.651109328e+04 +2.651109328e+04 +2.683186328e+04 +2.683186328e+04
2735 +1.988408091e+04 +1.988408091e+04 +2.020485091e+04 +2.020485091e+04
2877 +1.439394367e+04 +1.439394367e+04 +1.471471367e+04 +1.471471367e+04
4455 +1.335678560e+04 +1.335678560e+04 +1.367755560e+04 +1.367755560e+04
4812 +9.623543571e+03 +9.623543571e+03 +9.944313571e+03 +9.944313571e+03
5253 +9.450207762e+03 +9.450207762e+03 +9.770977762e+03 +9.770977762e+03
5730 +8.337889984e+03 +8.337889984e+03 +8.658659984e+03 +8.658659984e+03
6283 +7.257355870e+03 +7.257355870e+03 +7.578125870e+03 +7.578125870e+03
6533 +5.861025066e+03 +5.861025066e+03 +6.181795066e+03 +6.181795066e+03
7646 +4.222136322e+03 +4.222136322e+03 +4.542906322e+03 +4.542906322e+03
7913 +2.287367527e+03 +2.287367527e+03 +2.608137527e+03 +2.608137527e+03
8579 +1.575050878e+03 +1.575050878e+03 +1.895820878e+03 +1.895820878e+03
10056 +1.492284245e+03 +1.492284245e+03 +1.813054245e+03 +1.813054245e+03
10067 +1.463847589e+03 +1.463847589e+03 +1.784617589e+03 +1.784617589e+03
10590 +1.432018481e+03 +1.432018481e+03 +1.752788481e+03 +1.752788481e+03
10721 +1.395998591e+03 +1.395998591e+03 +1.716768591e+03 +1.716768591e+03
10724 +4.166282499e+02 +4.166282499e+02 +7.373982499e+02 +7.373982499e+02
10760 +2.738846472e+02 +2.738846472e+02 +5.946546472e+02 +5.946546472e+02
10871 +1.917393684e+02 +1.917393684e+02 +5.125093684e+02 +5.125093684e+02
13132 +1.344899996e+02 +1.344899996e+02 +4.552599996e+02 +4.552599996e+02
13343 +4.572362917e+00 +4.572362917e+00 +3.253423629e+02 +3.253423629e+02
15058 +4.164737223e+00 +4.164737223e+00 +3.249347372e+02 +3.249347372e+02
15314 +4.036491819e+00 +4.036491819e+00 +3.248064918e+02 +3.248064918e+02
15328 +3.936298297e+00 +3.936298297e+00 +3.247062983e+02 +3.247062983e+02
16008 +3.660306767e+00 +3.660306767e+00 +3.244303068e+02 +3.244303068e+02
16901 +3.489851913e+00 +3.489851913e+00 +3.242598519e+02 +3.242598519e+02
25461 +3.380997389e+00 +3.380997389e+00 +3.241509974e+02 +3.241509974e+02
27116 +2.954903217e+00 +2.954903217e+00 +3.237249032e+02 +3.237249032e+02
41293 +2.938312466e+00 +2.938312466e+00 +3.237083125e+02 +3.237083125e+02
42489 +2.819787256e+00 +2.819787256e+00 +3.235897873e+02 +3.235897873e+02
44411 +2.681937416e+00 +2.681937416e+00 +3.234519374e+02 +3.234519374e+02
47744 +2.463549122e+00 +2.463549122e+00 +3.232335491e+02 +3.232335491e+02
50357 +2.406009887e+00 +2.406009887e+00 +3.231760099e+02 +3.231760099e+02
50447 +2.280746653e+00 +2.280746653e+00 +3.230507467e+02 +3.230507467e+02
51666 +2.230589196e+00 +2.230589196e+00 +3.230005892e+02 +3.230005892e+02
51806 +2.164101214e+00 +2.164101214e+00 +3.229341012e+02 +3.229341012e+02
51854 +2.047819321e+00 +2.047819321e+00 +3.228178193e+02 +3.228178193e+02
51875 +1.947267308e+00 +1.947267308e+00 +3.227172673e+02 +3.227172673e+02
55189 +1.876549962e+00 +1.876549962e+00 +3.226465500e+02 +3.226465500e+02
55235 +1.861879966e+00 +1.861879966e+00 +3.226318800e+02 +3.226318800e+02
55987 +1.801122193e+00 +1.801122193e+00 +3.225711222e+02 +3.225711222e+02
57138 +1.774989981e+00 +1.774989981e+00 +3.225449900e+02 +3.225449900e+02
60763 +1.724979393e+00 +1.724979393e+00 +3.224949794e+02 +3.224949794e+02
60799 +1.689541743e+00 +1.689541743e+00 +3.224595417e+02 +3.224595417e+02
61126 +1.649580256e+00 +1.649580256e+00 +3.224195803e+02 +3.224195803e+02
61303 +1.609659692e+00 +1.609659692e+00 +3.223796597e+02 +3.223796597e+02
62183 +1.577107910e+00 +1.577107910e+00 +3.223471079e+02 +3.223471079e+02
62259 +1.528889048e+00 +1.528889048e+00 +3.222988890e+02 +3.222988890e+02
62281 +1.456922511e+00 +1.456922511e+00 +3.222269225e+02 +3.222269225e+02
62481 +1.444731582e+00 +1.444731582e+00 +3.222147316e+02 +3.222147316e+02
65171 +1.411118157e+00 +1.411118157e+00 +3.221811182e+02 +3.221811182e+02
67341 +1.364085815e+00 +1.364085815e+00 +3.221340858e+02 +3.221340858e+02
68181 +1.345716848e+00 +1.345716848e+00 +3.221157168e+02 +3.221157168e+02
69208 +1.315769918e+00 +1.315769918e+00 +3.220857699e+02 +3.220857699e+02
71020 +1.282105218e+00 +1.282105218e+00 +3.220521052e+02 +3.220521052e+02
72164 +1.253350537e+00 +1.253350537e+00 +3.220233505e+02 +3.220233505e+02
73057 +1.224901536e+00 +1.224901536e+00 +3.219949015e+02 +3.219949015e+02
75288 +1.201630036e+00 +1.201630036e+00 +3.219716300e+02 +3.219716300e+02
77253 +1.173600728e+00 +1.173600728e+00 +3.219436007e+02 +3.219436007e+02
81566 +1.147743030e+00 +1.147743030e+00 +3.219177430e+02 +3.219177430e+02
292238 +1.121983010e+00 +1.121983010e+00 +3.218919830e+02 +3.218919830e+02
% function evaluation | noise-free fitness - Fopt (1.893000000000e+01) | best noise-free fitness - Fopt | measured fitness | best measured fitness | x1 | x2...
1 +3.449670211e+04 +3.449670211e+04 +3.451563211e+04 +3.451563211e+04
1240 +3.209518207e+04 +3.209518207e+04 +3.211411207e+04 +3.211411207e+04
1390 +2.339344935e+04 +2.339344935e+04 +2.341237935e+04 +2.341237935e+04
2279 +2.021958956e+04 +2.021958956e+04 +2.023851956e+04 +2.023851956e+04
2472 +1.472974447e+04 +1.472974447e+04 +1.474867447e+04 +1.474867447e+04
3679 +1.186592762e+04 +1.186592762e+04 +1.188485762e+04 +1.188485762e+04
3778 +1.146311882e+04 +1.146311882e+04 +1.148204882e+04 +1.148204882e+04
3790 +4.945591147e+03 +4.945591147e+03 +4.964521147e+03 +4.964521147e+03
7201 +2.378459127e+03 +2.378459127e+03 +2.397389127e+03 +2.397389127e+03
7427 +1.067721890e+03 +1.067721890e+03 +1.086651890e+03 +1.086651890e+03
8988 +6.324190196e+02 +6.324190196e+02 +6.513490196e+02 +6.513490196e+02
9669 +4.411604600e+02 +4.411604600e+02 +4.600904600e+02 +4.600904600e+02
11461 +2.284850216e+02 +2.284850216e+02 +2.474150216e+02 +2.474150216e+02
11464 +1.967123470e+02 +1.967123470e+02 +2.156423470e+02 +2.156423470e+02
13000 +1.541551366e+02 +1.541551366e+02 +1.730851366e+02 +1.730851366e+02
13139 +1.478288540e+02 +1.478288540e+02 +1.667588540e+02 +1.667588540e+02
13144 +6.236944410e+01 +6.236944410e+01 +8.129944410e+01 +8.129944410e+01
13970 +5.177628621e+01 +5.177628621e+01 +7.070628621e+01 +7.070628621e+01
14521 +4.922992325e+01 +4.922992325e+01 +6.815992325e+01 +6.815992325e+01
14612 +2.999411958e+01 +2.999411958e+01 +4.892411958e+01 +4.892411958e+01
14641 +2.467524286e+01 +2.467524286e+01 +4.360524286e+01 +4.360524286e+01
14680 +4.860389743e+00 +4.860389743e+00 +2.379038974e+01 +2.379038974e+01
14760 +4.237387903e+00 +4.237387903e+00 +2.316738790e+01 +2.316738790e+01
18134 +3.982608483e+00 +3.982608483e+00 +2.291260848e+01 +2.291260848e+01
18198 +3.673323224e+00 +3.673323224e+00 +2.260332322e+01 +2.260332322e+01
20394 +3.610338378e+00 +3.610338378e+00 +2.254033838e+01 +2.254033838e+01
23850 +3.510759043e+00 +3.510759043e+00 +2.244075904e+01 +2.244075904e+01
23980 +3.447195145e+00 +3.447195145e+00 +2.237719514e+01 +2.237719514e+01
24467 +3.386917337e+00 +3.386917337e+00 +2.231691734e+01 +2.231691734e+01
29992 +3.229894335e+00 +3.229894335e+00 +2.215989433e+01 +2.215989433e+01
34832 +3.127583207e+00 +3.127583207e+00 +2.205758321e+01 +2.205758321e+01
34912 +3.085299309e+00 +3.085299309e+00 +2.201529931e+01 +2.201529931e+01
35760 +2.985302929e+00 +2.985302929e+00 +2.191530293e+01 +2.191530293e+01
35817 +2.947441893e+00 +2.947441893e+00 +2.187744189e+01 +2.187744189e+01
38293 +2.730568269e+00 +2.730568269e+00 +2.166056827e+01 +2.166056827e+01
44074 +2.639222185e+00 +2.639222185e+00 +2.156922219e+01 +2.156922219e+01
44469 +2.626174353e+00 +2.626174353e+00 +2.155617435e+01 +2.155617435e+01
44714 +2.570248474e+00 +2.570248474e+00 +2.150024847e+01 +2.150024847e+01
45895 +2.475700912e+00 +2.475700912e+00 +2.140570091e+01 +2.140570091e+01
46653 +2.415847902e+00 +2.415847902e+00 +2.134584790e+01 +2.134584790e+01
49950 +2.390865536e+00 +2.390865536e+00 +2.132086554e+01 +2.132086554e+01
50375 +2.336787536e+00 +2.336787536e+00 +2.126678754e+01 +2.126678754e+01
50382 +2.089999974e+00 +2.089999974e+00 +2.101999997e+01 +2.101999997e+01
50969 +2.066606626e+00 +2.066606626e+00 +2.099660663e+01 +2.099660663e+01
51009 +2.030206010e+00 +2.030206010e+00 +2.096020601e+01 +2.096020601e+01
54245 +1.915500754e+00 +1.915500754e+00 +2.084550075e+01 +2.084550075e+01
54250 +1.837597882e+00 +1.837597882e+00 +2.076759788e+01 +2.076759788e+01
56901 +1.799853148e+00 +1.799853148e+00 +2.072985315e+01 +2.072985315e+01
56952 +1.776193797e+00 +1.776193797e+00 +2.070619380e+01 +2.070619380e+01
57061 +1.667037426e+00 +1.667037426e+00 +2.059703743e+01 +2.059703743e+01
57064 +1.642205128e+00 +1.642205128e+00 +2.057220513e+01 +2.057220513e+01
58667 +1.615280179e+00 +1.615280179e+00 +2.054528018e+01 +2.054528018e+01
59011 +1.546874584e+00 +1.546874584e+00 +2.047687458e+01 +2.047687458e+01
59515 +1.511650309e+00 +1.511650309e+00 +2.044165031e+01 +2.044165031e+01
61268 +1.466628765e+00 +1.466628765e+00 +2.039662877e+01 +2.039662877e+01
61310 +1.430567763e+00 +1.430567763e+00 +2.036056776e+01 +2.036056776e+01
61340 +1.411358218e+00 +1.411358218e+00 +2.034135822e+01 +2.034135822e+01
61971 +1.367385565e+00 +1.367385565e+00 +2.029738557e+01 +2.029738557e+01
63182 +1.344221487e+00 +1.344221487e+00 +2.027422149e+01 +2.027422149e+01
64230 +1.314462594e+00 +1.314462594e+00 +2.024446259e+01 +2.024446259e+01
64298 +1.268854964e+00 +1.268854964e+00 +2.019885496e+01 +2.019885496e+01
64414 +1.256164806e+00 +1.256164806e+00 +2.018616481e+01 +2.018616481e+01
64752 +1.229114799e+00 +1.229114799e+00 +2.015911480e+01 +2.015911480e+01
66127 +1.182155065e+00 +1.182155065e+00 +2.011215507e+01 +2.011215507e+01
66370 +1.174661506e+00 +1.174661506e+00 +2.010466151e+01 +2.010466151e+01
67860 +1.141379846e+00 +1.141379846e+00 +2.007137985e+01 +2.007137985e+01
68145 +1.107771926e+00 +1.107771926e+00 +2.003777193e+01 +2.003777193e+01
69978 +1.089794635e+00 +1.089794635e+00 +2.001979463e+01 +2.001979463e+01
70098 +1.047325762e+00 +1.047325762e+00 +1.997732576e+01 +1.997732576e+01
72168 +1.041482245e+00 +1.041482245e+00 +1.997148225e+01 +1.997148225e+01
72527 +1.020263184e+00 +1.020263184e+00 +1.995026318e+01 +1.995026318e+01
76800 +9.947420907e-01 +9.947420907e-01 +1.992474209e+01 +1.992474209e+01
87672 +9.771648545e-01 +9.771648545e-01 +1.990716485e+01 +1.990716485e+01
