% function evaluation | noise-free fitness - Fopt (-5.465000000000e+02) | best noise-free fitness - Fopt | measured fitness | best measured fitness | x1 | x2...
1 +5.523931782e+03 +5.523931782e+03 +4.977431782e+03 +4.977431782e+03 +0.0000e+00 +0.0000e+00 +0.0000e+00
6 +8.196267201e+02 +8.196267201e+02 +2.731267201e+02 +2.731267201e+02 +8.0198e-01 +1.3911e+00 +3.7578e-01
9 +1.273306405e+01 +1.273306405e+01 -5.337669360e+02 -5.337669360e+02 -2.5720e+00 +3.5235e-01 +1.0457e+00
12 +4.762750661e+00 +4.762750661e+00 -5.417372493e+02 -5.417372493e+02 -1.3338e+00 +3.5490e-01 +1.5423e+00
29 +3.016785425e+00 +3.016785425e+00 -5.434832146e+02 -5.434832146e+02 -2.2164e+00 +2.3658e-01 +1.6838e+00
45 +2.817347798e+00 +2.817347798e+00 -5.436826522e+02 -5.436826522e+02 -1.2473e+00 +1.3395e+00 +2.2666e+00
83 +2.288945400e+00 +2.288945400e+00 -5.442110546e+02 -5.442110546e+02 -1.9027e+00 +1.4055e+00 +2.2449e+00
91 +2.043117050e+00 +2.043117050e+00 -5.444568830e+02 -5.444568830e+02 -1.0231e+00 +4.4551e-01 +1.3666e+00
151 +9.400683541e-01 +9.400683541e-01 -5.455599316e+02 -5.455599316e+02 +1.4759e+00 +3.0187e+00 +1.8193e+00
916 +7.856901077e-01 +7.856901077e-01 -5.457143099e+02 -5.457143099e+02 -2.1396e+00 +1.4580e+00 +2.2635e+00
1045 +4.145595712e-01 +4.145595712e-01 -5.460854404e+02 -5.460854404e+02 -2.0935e+00 +8.5395e-02 +2.6020e+00
1690 +4.061774685e-01 +4.061774685e-01 -5.460938225e+02 -5.460938225e+02 -2.0833e+00 +7.0221e-02 +2.6102e+00
1710 +3.966775900e-01 +3.966775900e-01 -5.461033224e+02 -5.461033224e+02 -2.1082e+00 +7.0362e-02 +2.6166e+00
% function evaluation | noise-free fitness - Fopt (1.000000000000e+03) | best noise-free fitness - Fopt | measured fitness | best measured fitness | x1 | x2...
1 +5.523931782e+03 +5.523931782e+03 +6.523931782e+03 +6.523931782e+03 +0.0000e+00 +0.0000e+00 +0.0000e+00
5 +1.768515774e+02 +1.768515774e+02 +1.176851577e+03 +1.176851577e+03 +1.3315e+00 +3.7447e-03 -2.2754e+00
16 +5.147527584e+01 +5.147527584e+01 +1.051475276e+03 +1.051475276e+03 +2.8514e+00 +1.4337e+00 -1.5935e+00
21 +4.835305702e+00 +4.835305702e+00 +1.004835306e+03 +1.004835306e+03 -2.0700e+00 -2.6854e-01 -1.6958e+00
25 +4.435131340e+00 +4.435131340e+00 +1.004435131e+03 +1.004435131e+03 +1.9860e+00 +1.5605e+00 -1.8725e+00
27 +4.089311519e+00 +4.089311519e+00 +1.004089312e+03 +1.004089312e+03 -8.8410e-01 +8.4639e-01 -2.5463e+00
42 +3.158613757e+00 +3.158613757e+00 +1.003158614e+03 +1.003158614e+03 -2.2904e-01 +5.2968e-01 -2.0799e+00
69 +2.169508842e+00 +2.169508842e+00 +1.002169509e+03 +1.002169509e+03 +2.4557e+00 +1.2577e+00 -2.3748e+00
187 +1.598846718e+00 +1.598846718e+00 +1.001598847e+03 +1.001598847e+03 -2.6951e-01 +2.4974e+00 -2.0351e+00
434 +1.513837614e+00 +1.513837614e+00 +1.001513838e+03 +1.001513838e+03 +1.2726e+00 +2.8691e+00 -1.9148e+00
692 +9.443386692e-01 +9.443386692e-01 +1.000944339e+03 +1.000944339e+03 +1.4709e+00 +3.0450e+00 -7.3465e-01
907 +4.476084178e-01 +4.476084178e-01 +1.000447608e+03 +1.000447608e+03 +1.5595e+00 +3.0335e+00 -1.8661e+00
1550 +4.254938927e-01 +4.254938927e-01 +1.000425494e+03 +1.000425494e+03 +1.4928e+00 +3.0057e+00 -1.8677e+00
% function evaluation | noise-free fitness - Fopt (2.083800000000e+02) | best noise-free fitness - Fopt | measured fitness | best measured fitness | x1 | x2...
1 +5.523931782e+03 +5.523931782e+03 +5.732311782e+03 +5.732311782e+03 +0.0000e+00 +0.0000e+00 +0.0000e+00
2 +5.994390273e+02 +5.994390273e+02 +8.078190273e+02 +8.078190273e+02 +7.5884e-01 +1.8193e+00 +2.6877e+00
15 +3.366573764e+00 +3.366573764e+00 +2.117465738e+02 +2.117465738e+02 +1.1798e-01 +2.0996e+00 +2.1964e+00
40 +3.181326978e+00 +3.181326978e+00 +2.115613270e+02 +2.115613270e+02 +9.0262e-01 +6.8057e-01 +2.4630e+00
45 +2.923854844e+00 +2.923854844e+00 +2.113038548e+02 +2.113038548e+02 -7.0182e-02 +2.6765e+00 +1.1458e+00
73 +2.410942383e+00 +2.410942383e+00 +2.107909424e+02 +2.107909424e+02 +1.4978e+00 +2.7619e+00 +1.9513e+00
99 +1.390166732e+00 +1.390166732e+00 +2.097701667e+02 +2.097701667e+02 -2.5528e-01 +2.5192e+00 +1.9975e+00
152 +5.693789229e-01 +5.693789229e-01 +2.089493789e+02 +2.089493789e+02 -2.0078e+00 +2.1094e+00 +2.1530e+00
972 +4.765972811e-01 +4.765972811e-01 +2.088565973e+02 +2.088565973e+02 -1.9684e+00 +2.1662e+00 +2.1184e+00
1017 +1.687831847e-01 +1.687831847e-01 +2.085487832e+02 +2.085487832e+02 -2.0210e+00 +2.1208e+00 +2.0832e+00
1033 +1.117370912e-02 +1.117370912e-02 +2.083911737e+02 +2.083911737e+02 -2.1291e+00 +2.0963e+00 +2.1093e+00
1521 +6.706036179e-03 +6.706036179e-03 +2.083867060e+02 +2.083867060e+02 -2.0925e+00 +2.1125e+00 +2.0987e+00
1802 +4.841484939e-03 +4.841484939e-03 +2.083848415e+02 +2.083848415e+02 -2.1146e+00 +2.0946e+00 +2.1074e+00
1827 +3.723784736e-03 +3.723784736e-03 +2.083837238e+02 +2.083837238e+02 -2.0968e+00 +2.1123e+00 +2.1005e+00
1935 +2.693606546e-03 +2.693606546e-03 +2.083826936e+02 +2.083826936e+02 -2.1011e+00 +2.1120e+00 +2.1015e+00
1960 +8.367632686e-04 +8.367632686e-04 +2.083808368e+02 +2.083808368e+02 -2.1049e+00 +2.1083e+00 +2.1050e+00
1965 +6.097076931e-04 +6.097076931e-04 +2.083806097e+02 +2.083806097e+02 -2.1052e+00 +2.1019e+00 +2.1046e+00
2096 +1.786364735e-04 +1.786364735e-04 +2.083801786e+02 +2.083801786e+02 -2.1075e+00 +2.1042e+00 +2.1056e+00
2444 +5.189915146e-05 +5.189915146e-05 +2.083800519e+02 +2.083800519e+02 -2.1045e+00 +2.1048e+00 +2.1043e+00
2541 +4.861026113e-05 +4.861026113e-05 +2.083800486e+02 +2.083800486e+02 -2.1050e+00 +2.1049e+00 +2.1043e+00
2580 +3.863873377e-05 +3.863873377e-05 +2.083800386e+02 +2.083800386e+02 -2.1060e+00 +2.1051e+00 +2.1048e+00
2694 +5.406867871e-06 +5.406867871e-06 +2.083800054e+02 +2.083800054e+02 -2.1044e+00 +2.1051e+00 +2.1048e+00
3003 +3.746429343e-06 +3.746429343e-06 +2.083800037e+02 +2.083800037e+02 -2.1047e+00 +2.1049e+00 +2.1047e+00
3118 +1.075715602e-06 +1.075715602e-06 +2.083800011e+02 +2.083800011e+02 -2.1046e+00 +2.1049e+00 +2.1048e+00
3280 +5.782768824e-07 +5.782768824e-07 +2.083800006e+02 +2.083800006e+02 -2.1049e+00 +2.1049e+00 +2.1048e+00
3328 +4.835376046e-07 +4.835376046e-07 +2.083800005e+02 +2.083800005e+02 -2.1048e+00 +2.1048e+00 +2.1049e+00
3341 +3.971145190e-07 +3.971145190e-07 +2.083800004e+02 +2.083800004e+02 -2.1050e+00 +2.1048e+00 +2.1049e+00
3380 +2.457115329e-07 +2.457115329e-07 +2.083800002e+02 +2.083800002e+02 -2.1048e+00 +2.1049e+00 +2.1049e+00
3434 +4.224213512e-08 +4.224213512e-08 +2.083800000e+02 +2.083800000e+02 -2.1048e+00 +2.1048e+00 +2.1048e+00
3628 +4.060711944e-08 +4.060711944e-08 +2.083800000e+02 +2.083800000e+02 -2.1048e+00 +2.1049e+00 +2.1048e+00
3737 +2.495562512e-08 +2.495562512e-08 +2.083800000e+02 +2.083800000e+02 -2.1049e+00 +2.1049e+00 +2.1048e+00
3884 +2.076532724e-08 +2.076532724e-08 +2.083800000e+02 +2.083800000e+02 -2.1049e+00 +2.1048e+00 +2.1049e+00
3936 +1.598809263e-08 +1.598809263e-08 +2.083800000e+02 +2.083800000e+02 -2.1049e+00 +2.1049e+00 +2.1048e+00
3973 +1.085953727e-08 +1.085953727e-08 +2.083800000e+02 +2.083800000e+02 -2.1048e+00 +2.1048e+00 +2.1048e+00
3985 +9.473382079e-09 +9.473382079e-09 +2.083800000e+02 +2.083800000e+02 -2.1048e+00 +2.1049e+00 +2.1048e+00
6404 +0.000000000e+00 +0.000000000e+00 +2.083800000e+02 +2.083800000e+02 -2.1048e+00 +2.1048e+00 +2.1048e+00
% function evaluation | noise-free fitness - Fopt (-1.449600000000e+02) | best noise-free fitness - Fopt | measured fitness | best measured fitness | x1 | x2...
1 +5.523931782e+03 +5.523931782e+03 +5.378971782e+03 +5.378971782e+03 +0.0000e+00 +0.0000e+00 +0.0000e+00
2 +8.570701280e+02 +8.570701280e+02 +7.121101280e+02 +7.121101280e+02 +8.6836e-01 -3.2156e+00 +8.2751e-02
12 +4.216041454e+00 +4.216041454e+00 -1.407439585e+02 -1.407439585e+02 +1.8702e+00 -2.6063e+00 -8.9089e-01
22 +3.843824908e+00 +3.843824908e+00 -1.411161751e+02 -1.411161751e+02 +1.8335e+00 -2.4493e+00 -1.3114e+00
29 +3.326168961e+00 +3.326168961e+00 -1.416338310e+02 -1.416338310e+02 +1.3865e+00 -2.0249e+00 -1.3996e+00
78 +1.188580006e+00 +1.188580006e+00 -1.437714200e+02 -1.437714200e+02 -2.1146e+00 -2.0267e+00 -9.2405e-01
254 +1.022679444e+00 +1.022679444e+00 -1.439373206e+02 -1.439373206e+02 -1.9265e+00 -1.6046e-01 -2.6038e+00
360 +9.508568598e-01 +9.508568598e-01 -1.440091431e+02 -1.440091431e+02 -2.1816e+00 -1.9578e+00 -2.1643e+00
% function evaluation | noise-free fitness - Fopt (-6.300000000000e+00) | best noise-free fitness - Fopt | measured fitness | best measured fitness | x1 | x2...
1 +5.523931782e+03 +5.523931782e+03 +5.517631782e+03 +5.517631782e+03 +0.0000e+00 +0.0000e+00 +0.0000e+00
2 +1.032005443e+03 +1.032005443e+03 +1.025705443e+03 +1.025705443e+03 +4.1654e-01 -8.5522e-02 -6.4660e-01
10 +5.668942101e+01 +5.668942101e+01 +5.038942101e+01 +5.038942101e+01 -2.6032e+00 -4.9207e-01 -1.5458e+00
16 +3.940967296e+00 +3.940967296e+00 -2.359032704e+00 -2.359032704e+00 -2.5608e+00 -2.2208e+00 -6.1495e-01
32 +3.371197407e+00 +3.371197407e+00 -2.928802593e+00 -2.928802593e+00 -6.3673e-01 -2.6479e+00 -1.8621e+00
63 +2.927899450e+00 +2.927899450e+00 -3.372100550e+00 -3.372100550e+00 -1.3748e+00 -8.1012e-01 -1.5488e+00
64 +2.601457108e+00 +2.601457108e+00 -3.698542892e+00 -3.698542892e+00 -5.8225e-01 -2.8479e+00 -1.3266e+00
177 +2.248614344e+00 +2.248614344e+00 -4.051385656e+00 -4.051385656e+00 +1.9401e+00 -1.5990e+00 -1.1447e+00
184 +1.718889440e+00 +1.718889440e+00 -4.581110560e+00 -4.581110560e+00 +1.9294e+00 -2.0023e+00 -2.1713e+00
217 +1.644709554e+00 +1.644709554e+00 -4.655290446e+00 -4.655290446e+00 +2.0823e+00 -2.1339e+00 -1.3314e+00
291 +1.231535819e+00 +1.231535819e+00 -5.068464181e+00 -5.068464181e+00 +2.2090e+00 -2.0408e+00 -2.2012e+00
407 +8.780700638e-01 +8.780700638e-01 -5.421929936e+00 -5.421929936e+00 +2.2383e+00 -1.9935e+00 -2.1738e+00
1427 +8.411626439e-01 +8.411626439e-01 -5.458837356e+00 -5.458837356e+00 +2.1526e+00 -1.4723e-01 -2.5820e+00
1508 +5.135922471e-01 +5.135922471e-01 -5.786407753e+00 -5.786407753e+00 +2.1188e+00 -1.1365e-01 -2.6069e+00
1658 +4.585601872e-01 +4.585601872e-01 -5.841439813e+00 -5.841439813e+00 +2.0551e+00 -6.7781e-02 -2.6218e+00
1680 +4.280019421e-01 +4.280019421e-01 -5.871998058e+00 -5.871998058e+00 +2.0636e+00 -7.3723e-02 -2.6091e+00
1872 +4.031141344e-01 +4.031141344e-01 -5.896885866e+00 -5.896885866e+00 +2.0933e+00 -8.1931e-02 -2.6069e+00
2196 +3.973190982e-01 +3.973190982e-01 -5.902680902e+00 -5.902680902e+00 +2.1129e+00 -6.3679e-02 -2.6142e+00
% function evaluation | noise-free fitness - Fopt (2.796000000000e+01) | best noise-free fitness - Fopt | measured fitness | best measured fitness | x1 | x2...
1 +5.523931782e+03 +5.523931782e+03 +5.551891782e+03 +5.551891782e+03 +0.0000e+00 +0.0000e+00 +0.0000e+00
12 +5.355351059e+00 +5.355351059e+00 +3.331535106e+01 +3.331535106e+01 -6.4218e-01 +7.4562e-01 +1.0206e+00
26 +3.906205104e+00 +3.906205104e+00 +3.186620510e+01 +3.186620510e+01 -4.8263e-01 +1.8024e+00 +1.6023e+00
32 +3.329702011e+00 +3.329702011e+00 +3.128970201e+01 +3.128970201e+01 -1.2053e+00 +1.5800e+00 +1.1286e+00
34 +3.121706666e+00 +3.121706666e+00 +3.108170667e+01 +3.108170667e+01 -2.5089e+00 +8.5441e-02 +2.6195e+00
63 +1.720882287e+00 +1.720882287e+00 +2.968088229e+01 +2.968088229e+01 -2.3168e+00 +2.1301e+00 +9.1124e-01
332 +1.585245438e+00 +1.585245438e+00 +2.954524544e+01 +2.954524544e+01 -2.1632e+00 -7.9826e-02 +2.6915e+00
347 +6.285358830e-01 +6.285358830e-01 +2.858853588e+01 +2.858853588e+01 -2.1983e+00 +1.9931e-02 +2.6431e+00
784 +2.534719137e-01 +2.534719137e-01 +2.821347191e+01 +2.821347191e+01 -2.2058e+00 +2.0403e+00 +2.1167e+00
1043 +1.673520159e-01 +1.673520159e-01 +2.812735202e+01 +2.812735202e+01 -2.1211e+00 +2.1359e+00 +2.1212e+00
1375 +6.219433408e-02 +6.219433408e-02 +2.802219433e+01 +2.802219433e+01 -2.0748e+00 +2.1086e+00 +2.0873e+00
1456 +2.904619126e-02 +2.904619126e-02 +2.798904619e+01 +2.798904619e+01 -2.0767e+00 +2.0975e+00 +2.1013e+00
1868 +2.882349957e-02 +2.882349957e-02 +2.798882350e+01 +2.798882350e+01 -2.0805e+00 +2.0928e+00 +2.1049e+00
1882 +2.720443990e-02 +2.720443990e-02 +2.798720444e+01 +2.798720444e+01 -2.0730e+00 +2.0990e+00 +2.1073e+00
1888 +1.757449602e-02 +1.757449602e-02 +2.797757450e+01 +2.797757450e+01 -2.1205e+00 +2.1001e+00 +2.1149e+00
1932 +1.668769188e-02 +1.668769188e-02 +2.797668769e+01 +2.797668769e+01 -2.0875e+00 +2.1162e+00 +2.1093e+00
1936 +7.909308339e-04 +7.909308339e-04 +2.796079093e+01 +2.796079093e+01 -2.1093e+00 +2.1046e+00 +2.1065e+00
2378 +6.221712244e-04 +6.221712244e-04 +2.796062217e+01 +2.796062217e+01 -2.1001e+00 +2.1082e+00 +2.1041e+00
2408 +6.089944182e-04 +6.089944182e-04 +2.796060899e+01 +2.796060899e+01 -2.0999e+00 +2.1048e+00 +2.1057e+00
2478 +4.255957323e-04 +4.255957323e-04 +2.796042560e+01 +2.796042560e+01 -2.1009e+00 +2.1052e+00 +2.1038e+00
2487 +3.870126416e-04 +3.870126416e-04 +2.796038701e+01 +2.796038701e+01 -2.1023e+00 +2.1040e+00 +2.1060e+00
2579 +3.398758370e-04 +3.398758370e-04 +2.796033988e+01 +2.796033988e+01 -2.1004e+00 +2.1057e+00 +2.1044e+00
2591 +2.394881489e-04 +2.394881489e-04 +2.796023949e+01 +2.796023949e+01 -2.1040e+00 +2.1033e+00 +2.1046e+00
2596 +4.017674190e-06 +4.017674190e-06 +2.796000402e+01 +2.796000402e+01 -2.1051e+00 +2.1050e+00 +2.1048e+00
3119 +1.872836052e-06 +1.872836052e-06 +2.796000187e+01 +2.796000187e+01 -2.1046e+00 +2.1050e+00 +2.1047e+00
3152 +9.761696589e-07 +9.761696589e-07 +2.796000098e+01 +2.796000098e+01 -2.1047e+00 +2.1049e+00 +2.1049e+00
3168 +4.801663067e-08 +4.801663067e-08 +2.796000005e+01 +2.796000005e+01 -2.1049e+00 +2.1048e+00 +2.1049e+00
3572 +3.458083597e-08 +3.458083597e-08 +2.796000003e+01 +2.796000003e+01 -2.1049e+00 +2.1048e+00 +2.1048e+00
3983 +1.483860501e-08 +1.483860501e-08 +2.796000001e+01 +2.796000001e+01 -2.1048e+00 +2.1048e+00 +2.1048e+00
4004 +5.947580206e-09 +5.947580206e-09 +2.796000001e+01 +2.796000001e+01 -2.1048e+00 +2.1048e+00 +2.1048e+00
7236 +0.000000000e+00 +0.000000000e+00 +2.796000000e+01 +2.796000000e+01 -2.1048e+00 +2.1048e+00 +2.1048e+00
% function evaluation | noise-free fitness - Fopt (-6.338000000000e+01) | best noise-free fitness - Fopt | measured fitness | best measured fitness | x1 | x2...
1 +5.523931782e+03 +5.523931782e+03 +5.460551782e+03 +5.460551782e+03 +0.0000e+00 +0.0000e+00 +0.0000e+00
2 +1.308247257e+02 +1.308247257e+02 +6.744472572e+01 +6.744472572e+01 +1.2162e+00 -5.7830e-01 +1.4635e+00
7 +3.170363947e+00 +3.170363947e+00 -6.020963605e+01 -6.020963605e+01 +1.1387e+00 +2.9598e-01 +1.6107e+00
18 +2.170127006e+00 +2.170127006e+00 -6.120987299e+01 -6.120987299e+01 +2.1960e+00 +1.4299e+00 +1.6974e+00
92 +1.817669269e+00 +1.817669269e+00 -6.156233073e+01 -6.156233073e+01 -5.0581e-01 +2.7372e+00 +1.8841e+00
426 +1.758069730e+00 +1.758069730e+00 -6.162193027e+01 -6.162193027e+01 -1.4313e+00 +8.6778e-01 +2.3588e+00
502 +1.710591420e+00 +1.710591420e+00 -6.166940858e+01 -6.166940858e+01 -2.5256e+00 +1.1348e+00 +2.3460e+00
1150 +1.690511670e+00 +1.690511670e+00 -6.168948833e+01 -6.168948833e+01 -5.5208e-01 +6.7057e-01 +2.4707e+00
1313 +1.541333555e+00 +1.541333555e+00 -6.183866644e+01 -6.183866644e+01 +1.0979e+00 +2.2891e+00 +2.0032e+00
1315 +1.042541163e+00 +1.042541163e+00 -6.233745884e+01 -6.233745884e+01 +9.3282e-01 +2.4504e+00 +2.0007e+00
1347 +8.299368757e-01 +8.299368757e-01 -6.255006312e+01 -6.255006312e+01 +9.8765e-01 +2.3659e+00 +2.0188e+00
1609 +7.862988495e-01 +7.862988495e-01 -6.259370115e+01 -6.259370115e+01 +1.0137e+00 +2.3438e+00 +2.0419e+00
1748 +7.647444439e-01 +7.647444439e-01 -6.261525556e+01 -6.261525556e+01 +9.7799e-01 +2.4019e+00 +2.0312e+00
1767 +7.583647987e-01 +7.583647987e-01 -6.262163520e+01 -6.262163520e+01 +1.0056e+00 +2.4008e+00 +2.0377e+00
1870 +7.312087171e-01 +7.312087171e-01 -6.264879128e+01 -6.264879128e+01 +1.0001e+00 +2.3851e+00 +2.0364e+00
2479 +7.244354013e-01 +7.244354013e-01 -6.265556460e+01 -6.265556460e+01 +1.0205e+00 +2.3727e+00 +2.0373e+00
% function evaluation | noise-free fitness - Fopt (-1.337200000000e+02) | best noise-free fitness - Fopt | measured fitness | best measured fitness | x1 | x2...
1 +5.523931782e+03 +5.523931782e+03 +5.390211782e+03 +5.390211782e+03 +0.0000e+00 +0.0000e+00 +0.0000e+00
5 +4.705837022e+00 +4.705837022e+00 -1.290141630e+02 -1.290141630e+02 -4.0186e-02 +1.5750e+00 +8.3109e-01
6 +4.549882991e+00 +4.549882991e+00 -1.291701170e+02 -1.291701170e+02 +1.4631e+00 +1.0616e+00 +2.0031e+00
23 +3.159676369e+00 +3.159676369e+00 -1.305603236e+02 -1.305603236e+02 +2.2131e+00 +4.3847e-01 +1.4708e+00
44 +3.079219185e+00 +3.079219185e+00 -1.306407808e+02 -1.306407808e+02 +1.9335e+00 +1.6492e+00 +1.6835e+00
54 +2.357826281e+00 +2.357826281e+00 -1.313621737e+02 -1.313621737e+02 +2.2953e+00 +6.5543e-01 +2.5049e+00
322 +1.812281607e+00 +1.812281607e+00 -1.319077184e+02 -1.319077184e+02 +2.0509e+00 +1.5361e+00 +1.3918e+00
396 +1.352779682e+00 +1.352779682e+00 -1.323672203e+02 -1.323672203e+02 +1.9212e+00 +2.1524e+00 +2.0176e+00
675 +6.935760404e-01 +6.935760404e-01 -1.330264240e+02 -1.330264240e+02 +2.1296e+00 +8.9546e-03 +2.6010e+00
% function evaluation | noise-free fitness - Fopt (-4.039900000000e+02) | best noise-free fitness - Fopt | measured fitness | best measured fitness | x1 | x2...
1 +5.523931782e+03 +5.523931782e+03 +5.119941782e+03 +5.119941782e+03 +0.0000e+00 +0.0000e+00 +0.0000e+00
3 +4.209747434e+03 +4.209747434e+03 +3.805757434e+03 +3.805757434e+03 -3.5142e-01 -7.9269e-03 +1.4991e-01
4 +3.576791793e+03 +3.576791793e+03 +3.172801793e+03 +3.172801793e+03 -4.9642e-01 +8.2079e-01 +6.1452e-01
8 +1.732622478e+03 +1.732622478e+03 +1.328632478e+03 +1.328632478e+03 +8.6768e-01 +7.4671e-01 +7.8795e-01
10 +1.123264378e+02 +1.123264378e+02 -2.916635622e+02 -2.916635622e+02 +3.0129e+00 -1.3825e+00 +8.0171e-01
17 +4.999220237e+00 +4.999220237e+00 -3.989907798e+02 -3.989907798e+02 +1.5905e+00 -4.0571e-01 +1.3296e+00
46 +2.935379506e+00 +2.935379506e+00 -4.010546205e+02 -4.010546205e+02 +9.6655e-01 -1.0098e+00 +2.4382e+00
47 +2.682264234e+00 +2.682264234e+00 -4.013077358e+02 -4.013077358e+02 +2.0843e+00 -6.4399e-01 +1.8527e+00
60 +2.139587116e+00 +2.139587116e+00 -4.018504129e+02 -4.018504129e+02 +2.2074e+00 -1.1161e+00 +2.4193e+00
98 +5.979680061e-01 +5.979680061e-01 -4.033920320e+02 -4.033920320e+02 +1.9427e+00 -2.1985e+00 +2.0668e+00
% function evaluation | noise-free fitness - Fopt (1.000000000000e+03) | best noise-free fitness - Fopt | measured fitness | best measured fitness | x1 | x2...
1 +5.523931782e+03 +5.523931782e+03 +6.523931782e+03 +6.523931782e+03 +0.0000e+00 +0.0000e+00 +0.0000e+00
9 +1.576405935e+03 +1.576405935e+03 +2.576405935e+03 +2.576405935e+03 -5.2080e-01 -9.4423e-01 -2.7604e+00
12 +1.510330442e+03 +1.510330442e+03 +2.510330442e+03 +2.510330442e+03 -7.4745e-01 -8.6426e-01 -1.6946e+00
16 +8.713537965e+01 +8.713537965e+01 +1.087135380e+03 +1.087135380e+03 -1.1485e+00 +1.7701e-01 -2.8274e+00
34 +5.851515953e+00 +5.851515953e+00 +1.005851516e+03 +1.005851516e+03 -1.8409e+00 +6.8747e-01 -1.7460e+00
35 +4.995615741e+00 +4.995615741e+00 +1.004995616e+03 +1.004995616e+03 -2.3930e+00 +8.1427e-01 -2.0732e+00
50 +4.257236310e+00 +4.257236310e+00 +1.004257236e+03 +1.004257236e+03 -1.2226e+00 +2.0262e+00 -1.3062e+00
52 +3.507262453e+00 +3.507262453e+00 +1.003507262e+03 +1.003507262e+03 -1.4471e+00 +1.1044e+00 -2.1005e+00
69 +3.392888983e+00 +3.392888983e+00 +1.003392889e+03 +1.003392889e+03 -1.3318e+00 +1.5808e+00 -1.9262e+00
82 +2.715315636e+00 +2.715315636e+00 +1.002715316e+03 +1.002715316e+03 +9.8626e-01 +1.1902e+00 -2.2728e+00
127 +2.617490517e+00 +2.617490517e+00 +1.002617491e+03 +1.002617491e+03 +2.4145e-01 +5.5813e-01 -2.1148e+00
179 +2.099969391e+00 +2.099969391e+00 +1.002099969e+03 +1.002099969e+03 -1.5117e+00 +3.9756e-01 -1.3547e+00
338 +1.555249291e+00 +1.555249291e+00 +1.001555249e+03 +1.001555249e+03 +7.2765e-02 +2.6583e+00 -1.9557e+00
1059 +9.839169543e-01 +9.839169543e-01 +1.000983917e+03 +1.000983917e+03 -1.3144e+00 +2.9694e+00 -1.8823e+00
1132 +8.439852772e-01 +8.439852772e-01 +1.000843985e+03 +1.000843985e+03 -1.4183e+00 +2.9804e+00 -1.8425e+00
1188 +4.221678838e-01 +4.221678838e-01 +1.000422168e+03 +1.000422168e+03 -1.5517e+00 +3.0242e+00 -1.8742e+00
1893 +4.119097442e-01 +4.119097442e-01 +1.000411910e+03 +1.000411910e+03 -1.5328e+00 +3.0123e+00 -1.8857e+00
1955 +4.053261303e-01 +4.053261303e-01 +1.000405326e+03 +1.000405326e+03 -1.5095e+00 +2.9948e+00 -1.8805e+00
2127 +3.966027458e-01 +3.966027458e-01 +1.000396603e+03 +1.000396603e+03 -1.5052e+00 +3.0093e+00 -1.8767e+00
% function evaluation | noise-free fitness - Fopt (1.005700000000e+02) | best noise-free fitness - Fopt | measured fitness | best measured fitness | x1 | x2...
1 +5.523931782e+03 +5.523931782e+03 +5.624501782e+03 +5.624501782e+03 +0.0000e+00 +0.0000e+00 +0.0000e+00
3 +2.396694794e+02 +2.396694794e+02 +3.402394794e+02 +3.402394794e+02 +4.8252e-01 -3.1566e+00 +3.3494e-01
22 +2.521460019e+00 +2.521460019e+00 +1.030914600e+02 +1.030914600e+02 +1.1690e+00 -2.3684e+00 +1.3883e+00
96 +1.728879939e+00 +1.728879939e+00 +1.022988799e+02 +1.022988799e+02 -7.7252e-01 -2.9123e+00 +1.8981e+00
182 +1.075692274e+00 +1.075692274e+00 +1.016456923e+02 +1.016456923e+02 +1.0552e+00 -2.2881e+00 +2.0679e+00
963 +7.526546377e-01 +7.526546377e-01 +1.013226546e+02 +1.013226546e+02 -1.6284e+00 -3.0612e+00 +1.8913e+00
1260 +7.342084432e-01 +7.342084432e-01 +1.013042084e+02 +1.013042084e+02 +2.0704e+00 -2.1341e+00 +2.0296e+00
1375 +4.829467856e-01 +4.829467856e-01 +1.010529468e+02 +1.010529468e+02 +2.0563e+00 -2.1900e+00 +2.0516e+00
1393 +3.006490352e-01 +3.006490352e-01 +1.008706490e+02 +1.008706490e+02 +2.0657e+00 -2.0581e+00 +2.1421e+00
1410 +1.848386164e-01 +1.848386164e-01 +1.007548386e+02 +1.007548386e+02 +2.0091e+00 -2.1542e+00 +2.0919e+00
1743 +3.616026981e-02 +3.616026981e-02 +1.006061603e+02 +1.006061603e+02 +2.1275e+00 -2.0814e+00 +2.1187e+00
1823 +3.541053229e-02 +3.541053229e-02 +1.006054105e+02 +1.006054105e+02 +2.1354e+00 -2.0798e+00 +2.1065e+00
1954 +3.192343941e-02 +3.192343941e-02 +1.006019234e+02 +1.006019234e+02 +2.0612e+00 -2.1150e+00 +2.1018e+00
1983 +2.895136940e-02 +2.895136940e-02 +1.005989514e+02 +1.005989514e+02 +2.1129e+00 -2.1210e+00 +2.0930e+00
1989 +1.432211285e-02 +1.432211285e-02 +1.005843221e+02 +1.005843221e+02 +2.1167e+00 -2.0920e+00 +2.1017e+00
2131 +1.206880251e-02 +1.206880251e-02 +1.005820688e+02 +1.005820688e+02 +2.0795e+00 -2.1151e+00 +2.1006e+00
2335 +8.516744361e-03 +8.516744361e-03 +1.005785167e+02 +1.005785167e+02 +2.0948e+00 -2.0967e+00 +2.1090e+00
2336 +1.086725675e-03 +1.086725675e-03 +1.005710867e+02 +1.005710867e+02 +2.1058e+00 -2.1072e+00 +2.1063e+00
2493 +8.576504881e-04 +8.576504881e-04 +1.005708577e+02 +1.005708577e+02 +2.1046e+00 -2.1027e+00 +2.1073e+00
2627 +9.361460492e-05 +9.361460492e-05 +1.005700936e+02 +1.005700936e+02 +2.1054e+00 -2.1048e+00 +2.1056e+00
2996 +6.091729072e-05 +6.091729072e-05 +1.005700609e+02 +1.005700609e+02 +2.1036e+00 -2.1053e+00 +2.1043e+00
3053 +5.050368904e-05 +5.050368904e-05 +1.005700505e+02 +1.005700505e+02 +2.1064e+00 -2.1042e+00 +2.1048e+00
3151 +3.440398987e-05 +3.440398987e-05 +1.005700344e+02 +1.005700344e+02 +2.1056e+00 -2.1052e+00 +2.1045e+00
3198 +2.382714079e-05 +2.382714079e-05 +1.005700238e+02 +1.005700238e+02 +2.1044e+00 -2.1056e+00 +2.1047e+00
3245 +2.144223433e-05 +2.144223433e-05 +1.005700214e+02 +1.005700214e+02 +2.1040e+00 -2.1047e+00 +2.1048e+00
3311 +1.498196229e-05 +1.498196229e-05 +1.005700150e+02 +1.005700150e+02 +2.1042e+00 -2.1047e+00 +2.1048e+00
3368 +9.640414035e-06 +9.640414035e-06 +1.005700096e+02 +1.005700096e+02 +2.1056e+00 -2.1046e+00 +2.1049e+00
3429 +4.288064915e-06 +4.288064915e-06 +1.005700043e+02 +1.005700043e+02 +2.1052e+00 -2.1049e+00 +2.1048e+00
3468 +2.598553593e-06 +2.598553593e-06 +1.005700026e+02 +1.005700026e+02 +2.1047e+00 -2.1047e+00 +2.1048e+00
3558 +6.257278216e-07 +6.257278216e-07 +1.005700006e+02 +1.005700006e+02 +2.1048e+00 -2.1050e+00 +2.1048e+00
3878 +3.307290513e-07 +3.307290513e-07 +1.005700003e+02 +1.005700003e+02 +2.1048e+00 -2.1049e+00 +2.1048e+00
3958 +1.763249173e-07 +1.763249173e-07 +1.005700002e+02 +1.005700002e+02 +2.1048e+00 -2.1049e+00 +2.1049e+00
4083 +9.857978966e-08 +9.857978966e-08 +1.005700001e+02 +1.005700001e+02 +2.1049e+00 -2.1049e+00 +2.1049e+00
4160 +5.330342390e-08 +5.330342390e-08 +1.005700001e+02 +1.005700001e+02 +2.1049e+00 -2.1048e+00 +2.1049e+00
4246 +4.521001529e-08 +4.521001529e-08 +1.005700000e+02 +1.005700000e+02 +2.1049e+00 -2.1049e+00 +2.1049e+00
4399 +3.326604769e-08 +3.326604769e-08 +1.005700000e+02 +1.005700000e+02 +2.1048e+00 -2.1048e+00 +2.1049e+00
4438 +2.209965544e-08 +2.209965544e-08 +1.005700000e+02 +1.005700000e+02 +2.1049e+00 -2.1048e+00 +2.1049e+00
4476 +5.494840138e-09 +5.494840138e-09 +1.005700000e+02 +1.005700000e+02 +2.1049e+00 -2.1048e+00 +2.1048e+00
6843 +0.000000000e+00 +0.000000000e+00 +1.005700000e+02 +1.005700000e+02 +2.1048e+00 -2.1048e+00 +2.1048e+00
% function evaluation | noise-free fitness - Fopt (1.149000000000e+01) | best noise-free fitness - Fopt | measured fitness | best measured fitness | x1 | x2...
1 +5.523931782e+03 +5.523931782e+03 +5.535421782e+03 +5.535421782e+03 +0.0000e+00 +0.0000e+00 +0.0000e+00
2 +1.809484994e+03 +1.809484994e+03 +1.820974994e+03 +1.820974994e+03 +1.0918e-01 -3.6830e-01 -6.2999e-01
9 +1.814700117e+02 +1.814700117e+02 +1.929600117e+02 +1.929600117e+02 +8.0336e-01 +3.0260e+00 -1.7185e+00
13 +4.168022715e+00 +4.168022715e+00 +1.565802271e+01 +1.565802271e+01 +2.3515e+00 +7.3799e-01 -1.9745e+00
18 +3.095409439e+00 +3.095409439e+00 +1.458540944e+01 +1.458540944e+01 +1.1696e+00 +1.8589e+00 -1.0501e+00
79 +2.124389659e+00 +2.124389659e+00 +1.361438966e+01 +1.361438966e+01 +1.9962e+00 +6.3933e-01 -2.1559e+00
95 +1.575134096e+00 +1.575134096e+00 +1.306513410e+01 +1.306513410e+01 +1.9470e+00 +1.5680e+00 -1.0970e+00
828 +1.363274092e+00 +1.363274092e+00 +1.285327409e+01 +1.285327409e+01 -1.4356e+00 +9.7727e-01 -1.2245e+00
934 +1.137338708e+00 +1.137338708e+00 +1.262733871e+01 +1.262733871e+01 +2.2685e+00 +2.0009e+00 -1.0122e+00
1631 +8.234100501e-01 +8.234100501e-01 +1.231341005e+01 +1.231341005e+01 +2.1982e+00 +1.9648e+00 -2.1526e+00
1643 +7.462704328e-01 +7.462704328e-01 +1.223627043e+01 +1.223627043e+01 +2.1940e+00 +1.9940e+00 -2.1692e+00
1647 +5.541515709e-01 +5.541515709e-01 +1.204415157e+01 +1.204415157e+01 +2.0268e+00 +2.0520e+00 -2.0842e+00
1738 +2.844789147e-01 +2.844789147e-01 +1.177447891e+01 +1.177447891e+01 +2.0567e+00 +2.1786e+00 -2.1030e+00
1756 +9.647946589e-02 +9.647946589e-02 +1.158647947e+01 +1.158647947e+01 +2.0492e+00 +2.1476e+00 -2.0964e+00
1933 +6.069951476e-02 +6.069951476e-02 +1.155069951e+01 +1.155069951e+01 +2.1423e+00 +2.0758e+00 -2.1021e+00
2025 +4.604989527e-02 +4.604989527e-02 +1.153604990e+01 +1.153604990e+01 +2.0591e+00 +2.1196e+00 -2.0932e+00
2106 +2.058221771e-02 +2.058221771e-02 +1.151058222e+01 +1.151058222e+01 +2.0907e+00 +2.1032e+00 -2.0955e+00
2137 +1.476355108e-02 +1.476355108e-02 +1.150476355e+01 +1.150476355e+01 +2.1197e+00 +2.0874e+00 -2.1067e+00
2183 +1.131155663e-02 +1.131155663e-02 +1.150131156e+01 +1.150131156e+01 +2.1233e+00 +2.0937e+00 -2.1032e+00
2207 +5.736898917e-03 +5.736898917e-03 +1.149573690e+01 +1.149573690e+01 +2.0951e+00 +2.1005e+00 -2.1091e+00
2427 +2.759365537e-03 +2.759365537e-03 +1.149275937e+01 +1.149275937e+01 +2.0926e+00 +2.1089e+00 -2.1028e+00
2438 +3.608348845e-04 +3.608348845e-04 +1.149036083e+01 +1.149036083e+01 +2.1074e+00 +2.1021e+00 -2.1057e+00
2821 +1.287678234e-04 +1.287678234e-04 +1.149012877e+01 +1.149012877e+01 +2.1033e+00 +2.1063e+00 -2.1041e+00
3004 +5.225018759e-05 +5.225018759e-05 +1.149005225e+01 +1.149005225e+01 +2.1048e+00 +2.1058e+00 -2.1048e+00
3052 +1.333237081e-05 +1.333237081e-05 +1.149001333e+01 +1.149001333e+01 +2.1055e+00 +2.1050e+00 -2.1048e+00
3103 +5.554903435e-06 +5.554903435e-06 +1.149000555e+01 +1.149000555e+01 +2.1048e+00 +2.1048e+00 -2.1050e+00
3435 +4.950294223e-06 +4.950294223e-06 +1.149000495e+01 +1.149000495e+01 +2.1044e+00 +2.1050e+00 -2.1049e+00
3484 +1.561321923e-06 +1.561321923e-06 +1.149000156e+01 +1.149000156e+01 +2.1050e+00 +2.1049e+00 -2.1049e+00
3533 +8.892556274e-07 +8.892556274e-07 +1.149000089e+01 +1.149000089e+01 +2.1047e+00 +2.1048e+00 -2.1049e+00
3615 +7.365502039e-07 +7.365502039e-07 +1.149000074e+01 +1.149000074e+01 +2.1048e+00 +2.1049e+00 -2.1048e+00
3892 +5.680908046e-07 +5.680908046e-07 +1.149000057e+01 +1.149000057e+01 +2.1050e+00 +2.1048e+00 -2.1048e+00
3947 +2.431607182e-07 +2.431607182e-07 +1.149000024e+01 +1.149000024e+01 +2.1048e+00 +2.1048e+00 -2.1049e+00
3951 +6.618587456e-08 +6.618587456e-08 +1.149000007e+01 +1.149000007e+01 +2.1049e+00 +2.1048e+00 -2.1049e+00
4106 +6.266181352e-08 +6.266181352e-08 +1.149000006e+01 +1.149000006e+01 +2.1049e+00 +2.1048e+00 -2.1049e+00
4203 +4.484010496e-08 +4.484010496e-08 +1.149000004e+01 +1.149000004e+01 +2.1048e+00 +2.1049e+00 -2.1048e+00
4348 +2.142680344e-08 +2.142680344e-08 +1.149000002e+01 +1.149000002e+01 +2.1048e+00 +2.1049e+00 -2.1048e+00
4353 +2.064929205e-08 +2.064929205e-08 +1.149000002e+01 +1.149000002e+01 +2.1049e+00 +2.1048e+00 -2.1048e+00
4408 +1.006198858e-08 +1.006198858e-08 +1.149000001e+01 +1.149000001e+01 +2.1048e+00 +2.1049e+00 -2.1048e+00
4502 +1.253980031e-09 +1.253980031e-09 +1.149000000e+01 +1.149000000e+01 +2.1048e+00 +2.1048e+00 -2.1048e+00
7593 +0.000000000e+00 +0.000000000e+00 +1.149000000e+01 +1.149000000e+01 +2.1048e+00 +2.1048e+00 -2.1048e+00
% function evaluation | noise-free fitness - Fopt (7.731000000000e+01) | best noise-free fitness - Fopt | measured fitness | best measured fitness | x1 | x2...
1 +5.523931782e+03 +5.523931782e+03 +5.601241782e+03 +5.601241782e+03 +0.0000e+00 +0.0000e+00 +0.0000e+00
6 +3.233602535e+03 +3.233602535e+03 +3.310912535e+03 +3.310912535e+03 -8.0261e-01 +1.7269e+00 -3.3581e+00
7 +2.035770968e+03 +2.035770968e+03 +2.113080968e+03 +2.113080968e+03 -2.0412e+00 +1.5842e+00 -1.2319e+00
12 +8.537679166e+02 +8.537679166e+02 +9.310779166e+02 +9.310779166e+02 -8.8627e-01 +3.9073e-01 -8.2681e-01
24 +6.650294003e+02 +6.650294003e+02 +7.423394003e+02 +7.423394003e+02 -1.1517e+00 +9.6798e-01 -1.6049e+00
32 +4.574425116e+01 +4.574425116e+01 +1.230542512e+02 +1.230542512e+02 -1.2854e+00 +4.6737e-01 -2.7495e+00
40 +4.868186385e+00 +4.868186385e+00 +8.217818639e+01 +8.217818639e+01 -1.5785e+00 -1.0468e+00 -2.2784e+00
42 +2.208117740e+00 +2.208117740e+00 +7.951811774e+01 +7.951811774e+01 -2.2450e+00 -1.5214e+00 -1.8682e+00
55 +2.150122997e+00 +2.150122997e+00 +7.946012300e+01 +7.946012300e+01 -2.1956e+00 -9.1233e-01 -1.2973e+00
216 +2.136989116e+00 +2.136989116e+00 +7.944698912e+01 +7.944698912e+01 +1.6321e+00 -1.7680e+00 -2.2218e+00
335 +2.056761601e+00 +2.056761601e+00 +7.936676160e+01 +7.936676160e+01 -2.0237e+00 -9.9542e-01 -1.2143e+00
656 +1.502182119e+00 +1.502182119e+00 +7.881218212e+01 +7.881218212e+01 +1.6758e+00 -2.9541e+00 -1.8550e+00
1000 +1.257521910e+00 +1.257521910e+00 +7.856752191e+01 +7.856752191e+01 +1.5485e+00 -3.1043e+00 -7.3076e-01
1022 +1.016440272e+00 +1.016440272e+00 +7.832644027e+01 +7.832644027e+01 +1.4556e+00 -2.9516e+00 -7.2810e-01
1219 +8.522659943e-01 +8.522659943e-01 +7.816226599e+01 +7.816226599e+01 +1.5585e+00 -3.0422e+00 -7.3044e-01
1379 +8.152029082e-01 +8.152029082e-01 +7.812520291e+01 +7.812520291e+01 +1.4892e+00 -3.0115e+00 -7.4300e-01
1443 +8.026370687e-01 +8.026370687e-01 +7.811263707e+01 +7.811263707e+01 +1.5365e+00 -3.0186e+00 -7.3655e-01
1692 +7.936221898e-01 +7.936221898e-01 +7.810362219e+01 +7.810362219e+01 +1.5124e+00 -3.0011e+00 -7.3498e-01
% function evaluation | noise-free fitness - Fopt (3.207700000000e+02) | best noise-free fitness - Fopt | measured fitness | best measured fitness | x1 | x2...
1 +5.523931782e+03 +5.523931782e+03 +5.844701782e+03 +5.844701782e+03 +0.0000e+00 +0.0000e+00 +0.0000e+00
3 +5.252904804e+03 +5.252904804e+03 +5.573674804e+03 +5.573674804e+03 +2.4946e+00 +1.3723e+00 +2.1690e+00
6 +5.095951507e+03 +5.095951507e+03 +5.416721507e+03 +5.416721507e+03 -3.4245e+00 -1.1837e+00 -2.1103e-01
7 +4.323502235e+03 +4.323502235e+03 +4.644272235e+03 +4.644272235e+03 +7.7684e-01 +6.8944e-01 +4.4799e-01
13 +2.793885287e+03 +2.793885287e+03 +3.114655287e+03 +3.114655287e+03 +3.9858e+00 +1.9028e-01 +1.4257e+00
18 +1.515371557e+03 +1.515371557e+03 +1.836141557e+03 +1.836141557e+03 +1.2202e+00 +7.4789e-01 +2.7853e+00
19 +4.318079988e+00 +4.318079988e+00 +3.250880800e+02 +3.250880800e+02 +1.8260e+00 -5.2767e-01 +1.7667e+00
30 +2.759908006e+00 +2.759908006e+00 +3.235299080e+02 +3.235299080e+02 +8.9508e-01 -2.6216e-01 +2.5340e+00
118 +2.238202646e+00 +2.238202646e+00 +3.230082026e+02 +3.230082026e+02 -1.1848e+00 -2.2653e+00 +1.7476e+00
136 +1.484357586e+00 +1.484357586e+00 +3.222543576e+02 +3.222543576e+02 -2.3588e-01 -2.5600e+00 +1.9591e+00
846 +4.848334091e-01 +4.848334091e-01 +3.212548334e+02 +3.212548334e+02 +1.5141e+00 -2.9880e+00 +1.9038e+00
% function evaluation | noise-free fitness - Fopt (1.893000000000e+01) | best noise-free fitness - Fopt | measured fitness | best measured fitness | x1 | x2...
1 +5.523931782e+03 +5.523931782e+03 +5.542861782e+03 +5.542861782e+03 +0.0000e+00 +0.0000e+00 +0.0000e+00
2 +4.971775602e+00 +4.971775602e+00 +2.390177560e+01 +2.390177560e+01 -1.0861e+00 -1.2270e+00 -1.9212e+00
12 +3.788098927e+00 +3.788098927e+00 +2.271809893e+01 +2.271809893e+01 -7.6202e-01 -3.0388e+00 -1.9311e+00
32 +3.589195862e+00 +3.589195862e+00 +2.251919586e+01 +2.251919586e+01 +1.9795e+00 -1.5005e+00 -8.8868e-01
42 +2.801561145e+00 +2.801561145e+00 +2.173156114e+01 +2.173156114e+01 +1.9295e+00 -5.0410e-01 -2.1826e+00
81 +2.484398324e+00 +2.484398324e+00 +2.141439832e+01 +2.141439832e+01 -5.9687e-01 -7.1166e-01 -2.1532e+00
83 +2.350772944e+00 +2.350772944e+00 +2.128077294e+01 +2.128077294e+01 +1.0602e+00 -1.6869e+00 -1.1048e+00
183 +2.042364976e+00 +2.042364976e+00 +2.097236498e+01 +2.097236498e+01 -1.3500e+00 -2.9368e+00 -1.3396e+00
360 +1.651076113e+00 +1.651076113e+00 +2.058107611e+01 +2.058107611e+01 -1.2947e+00 -2.8886e+00 -1.9555e+00
402 +1.471823002e+00 +1.471823002e+00 +2.040182300e+01 +2.040182300e+01 -1.3808e+00 -2.3293e+00 -2.0412e+00
687 +1.356688138e+00 +1.356688138e+00 +2.028668814e+01 +2.028668814e+01 +1.1797e+00 -2.3579e+00 -2.0766e+00
778 +9.402556229e-01 +9.402556229e-01 +1.987025562e+01 +1.987025562e+01 +1.9886e+00 -2.0568e+00 -2.1678e+00
783 +8.320824300e-01 +8.320824300e-01 +1.976208243e+01 +1.976208243e+01 +1.9228e+00 -2.1500e+00 -2.1377e+00
855 +1.773193745e-01 +1.773193745e-01 +1.910731937e+01 +1.910731937e+01 +2.2071e+00 -2.0861e+00 -2.1120e+00
1031 +1.588084854e-01 +1.588084854e-01 +1.908880849e+01 +1.908880849e+01 +2.1578e+00 -2.0618e+00 -2.0958e+00
1209 +1.072208854e-01 +1.072208854e-01 +1.903722089e+01 +1.903722089e+01 +2.0268e+00 -2.1172e+00 -2.1065e+00
1230 +6.364869680e-02 +6.364869680e-02 +1.899364870e+01 +1.899364870e+01 +2.1644e+00 -2.0957e+00 -2.1034e+00
1305 +3.887521946e-02 +3.887521946e-02 +1.896887522e+01 +1.896887522e+01 +2.0614e+00 -2.1084e+00 -2.1091e+00
1451 +3.775007044e-02 +3.775007044e-02 +1.896775007e+01 +1.896775007e+01 +2.1121e+00 -2.0785e+00 -2.1060e+00
1553 +2.624843160e-02 +2.624843160e-02 +1.895624843e+01 +1.895624843e+01 +2.1441e+00 -2.0939e+00 -2.1063e+00
1618 +9.032425837e-03 +9.032425837e-03 +1.893903243e+01 +1.893903243e+01 +2.0931e+00 -2.1028e+00 -2.1110e+00
1647 +4.689848906e-03 +4.689848906e-03 +1.893468985e+01 +1.893468985e+01 +2.1146e+00 -2.1083e+00 -2.1012e+00
1792 +3.619664064e-03 +3.619664064e-03 +1.893361966e+01 +1.893361966e+01 +2.0907e+00 -2.1089e+00 -2.1026e+00
1903 +2.298456254e-03 +2.298456254e-03 +1.893229846e+01 +1.893229846e+01 +2.1154e+00 -2.0995e+00 -2.1067e+00
1956 +3.123441657e-04 +3.123441657e-04 +1.893031234e+01 +1.893031234e+01 +2.1074e+00 -2.1061e+00 -2.1043e+00
2436 +1.989650471e-04 +1.989650471e-04 +1.893019897e+01 +1.893019897e+01 +2.1033e+00 -2.1036e+00 -2.1049e+00
2539 +1.664185919e-04 +1.664185919e-04 +1.893016642e+01 +1.893016642e+01 +2.1074e+00 -2.1049e+00 -2.1052e+00
2612 +6.816246841e-05 +6.816246841e-05 +1.893006816e+01 +1.893006816e+01 +2.1040e+00 -2.1053e+00 -2.1042e+00
2761 +6.574689628e-05 +6.574689628e-05 +1.893006575e+01 +1.893006575e+01 +2.1047e+00 -2.1050e+00 -2.1054e+00
2769 +3.081238252e-05 +3.081238252e-05 +1.893003081e+01 +1.893003081e+01 +2.1052e+00 -2.1055e+00 -2.1048e+00
2806 +1.230447927e-05 +1.230447927e-05 +1.893001230e+01 +1.893001230e+01 +2.1050e+00 -2.1046e+00 -2.1051e+00
2842 +1.059095336e-05 +1.059095336e-05 +1.893001059e+01 +1.893001059e+01 +2.1041e+00 -2.1048e+00 -2.1048e+00
2876 +9.889943154e-06 +9.889943154e-06 +1.893000989e+01 +1.893000989e+01 +2.1048e+00 -2.1049e+00 -2.1046e+00
2916 +9.751047529e-06 +9.751047529e-06 +1.893000975e+01 +1.893000975e+01 +2.1048e+00 -2.1046e+00 -2.1051e+00
2957 +6.323728496e-06 +6.323728496e-06 +1.893000632e+01 +1.893000632e+01 +2.1054e+00 -2.1048e+00 -2.1048e+00
3030 +3.458193962e-06 +3.458193962e-06 +1.893000346e+01 +1.893000346e+01 +2.1051e+00 -2.1046e+00 -2.1049e+00
3166 +9.528052765e-07 +9.528052765e-07 +1.893000095e+01 +1.893000095e+01 +2.1048e+00 -2.1048e+00 -2.1048e+00
3335 +8.431597216e-07 +8.431597216e-07 +1.893000084e+01 +1.893000084e+01 +2.1049e+00 -2.1050e+00 -2.1048e+00
3398 +6.908260524e-07 +6.908260524e-07 +1.893000069e+01 +1.893000069e+01 +2.1047e+00 -2.1049e+00 -2.1048e+00
3448 +3.358104692e-07 +3.358104692e-07 +1.893000034e+01 +1.893000034e+01 +2.1048e+00 -2.1049e+00 -2.1048e+00
3450 +2.002711312e-07 +2.002711312e-07 +1.893000020e+01 +1.893000020e+01 +2.1049e+00 -2.1048e+00 -2.1048e+00
3489 +1.318987017e-07 +1.318987017e-07 +1.893000013e+01 +1.893000013e+01 +2.1049e+00 -2.1048e+00 -2.1049e+00
3500 +9.009652757e-08 +9.009652757e-08 +1.893000009e+01 +1.893000009e+01 +2.1049e+00 -2.1049e+00 -2.1049e+00
3802 +7.842599814e-08 +7.842599814e-08 +1.893000008e+01 +1.893000008e+01 +2.1048e+00 -2.1048e+00 -2.1049e+00
3880 +3.578614383e-08 +3.578614383e-08 +1.893000004e+01 +1.893000004e+01 +2.1048e+00 -2.1049e+00 -2.1048e+00
3928 +3.178504571e-08 +3.178504571e-08 +1.893000003e+01 +1.893000003e+01 +2.1048e+00 -2.1049e+00 -2.1048e+00
3938 +1.345294010e-08 +1.345294010e-08 +1.893000001e+01 +1.893000001e+01 +2.1048e+00 -2.1048e+00 -2.1048e+00
4098 +7.056382145e-09 +7.056382145e-09 +1.893000001e+01 +1.893000001e+01 +2.1049e+00 -2.1048e+00 -2.1048e+00
7032 +0.000000000e+00 +0.000000000e+00 +1.893000000e+01 +1.893000000e+01 +2.1048e+00 -2.1048e+00 -2.1048e+00
