% function evaluation | noise-free fitness - Fopt (4.078000000000e+01) | best noise-free fitness - Fopt | measured fitness | best measured fitness | x1 | x2...
1 +3.454477296e+01 +3.454477296e+01 +7.532477296e+01 +7.532477296e+01 +0.0000e+00 +0.0000e+00 +0.0000e+00 +0.0000e+00 +0.0000e+00
4 +2.858539449e+01 +2.858539449e+01 +6.936539449e+01 +6.936539449e+01 -1.0501e+00 +1.1453e+00 -1.2604e+00 +4.5712e-02 -2.6100e-01
6 +2.802348990e+01 +2.802348990e+01 +6.880348990e+01 +6.880348990e+01 +4.8710e-01 -1.0225e+00 +1.6222e+00 -1.3304e+00 -4.7060e-01
9 +2.161858409e+01 +2.161858409e+01 +6.239858409e+01 +6.239858409e+01 -4.5825e-01 +6.6078e-01 +1.3253e+00 +2.4202e-02 +2.4578e-01
11 +1.592498750e+01 +1.592498750e+01 +5.670498750e+01 +5.670498750e+01 -7.7183e-01 +3.3000e+00 +1.6250e+00 -8.0575e-02 +1.2745e+00
18 +1.333174856e+01 +1.333174856e+01 +5.411174856e+01 +5.411174856e+01 -1.3587e-01 +3.6284e+00 +1.8072e+00 +1.9001e-01 +6.3459e-01
31 +7.046941662e+00 +7.046941662e+00 +4.782694166e+01 +4.782694166e+01 -6.5310e-01 +7.1336e-01 +9.2354e-01 -2.0065e+00 +4.9929e-01
34 +5.712673242e+00 +5.712673242e+00 +4.649267324e+01 +4.649267324e+01 -2.4987e+00 +1.9945e+00 +3.3008e-01 -1.6087e+00 +1.3798e-01
39 +4.615011550e+00 +4.615011550e+00 +4.539501155e+01 +4.539501155e+01 -8.2291e-01 +7.3480e-01 +3.4126e-01 -1.3594e+00 +7.1267e-01
50 +1.858152483e+00 +1.858152483e+00 +4.263815248e+01 +4.263815248e+01 -1.6521e+00 +9.5762e-01 +5.7736e-01 -1.6097e+00 +8.6739e-01
142 +1.403405021e+00 +1.403405021e+00 +4.218340502e+01 +4.218340502e+01 -1.6029e+00 +1.1823e+00 +4.0055e-01 -1.5498e+00 +5.8922e-01
194 +1.354731970e+00 +1.354731970e+00 +4.213473197e+01 +4.213473197e+01 -1.6524e+00 +1.2548e+00 +5.9497e-01 -1.5376e+00 +6.9411e-01
197 +1.335534432e+00 +1.335534432e+00 +4.211553443e+01 +4.211553443e+01 -1.6224e+00 +1.1654e+00 +5.3741e-01 -1.4444e+00 +5.4430e-01
202 +1.317591906e+00 +1.317591906e+00 +4.209759191e+01 +4.209759191e+01 -1.7295e+00 +1.1317e+00 +5.4259e-01 -1.4812e+00 +5.8237e-01
213 +1.276487309e+00 +1.276487309e+00 +4.205648731e+01 +4.205648731e+01 -1.6961e+00 +1.1873e+00 +4.9625e-01 -1.5349e+00 +5.2547e-01
283 +1.258329830e+00 +1.258329830e+00 +4.203832983e+01 +4.203832983e+01 -1.7199e+00 +1.2081e+00 +5.4964e-01 -1.5038e+00 +5.2051e-01
% function evaluation | noise-free fitness - Fopt (-1.600000000000e+00) | best noise-free fitness - Fopt | measured fitness | best measured fitness | x1 | x2...
1 +4.431357451e+01 +4.431357451e+01 +4.271357451e+01 +4.271357451e+01 +0.0000e+00 +0.0000e+00 +0.0000e+00 +0.0000e+00 +0.0000e+00
2 +1.924429483e+01 +1.924429483e+01 +1.764429483e+01 +1.764429483e+01 +1.8995e+00 -9.2615e-01 +1.0067e+00 +2.7853e+00 -4.4109e-01
14 +1.153987743e+01 +1.153987743e+01 +9.939877434e+00 +9.939877434e+00 +2.6913e+00 -1.5259e+00 +7.9423e-01 +4.0973e+00 -1.3033e+00
16 +1.107466786e+01 +1.107466786e+01 +9.474667863e+00 +9.474667863e+00 +2.6358e+00 -6.6580e-01 +2.8082e+00 +2.8820e+00 -1.4029e+00
33 +5.913007970e+00 +5.913007970e+00 +4.313007970e+00 +4.313007970e+00 +1.7370e+00 -1.7396e+00 +2.3042e+00 +2.5419e+00 -1.2536e+00
39 +2.406332766e+00 +2.406332766e+00 +8.063327664e-01 +8.063327664e-01 +1.4373e+00 -2.6320e+00 +6.7900e-01 +2.7441e+00 -1.4373e+00
48 +1.352387603e+00 +1.352387603e+00 -2.476123967e-01 -2.476123967e-01 +2.1798e+00 -2.0981e+00 +2.5256e-01 +3.3561e+00 -3.1208e+00
106 +3.854175091e-01 +3.854175091e-01 -1.214582491e+00 -1.214582491e+00 +7.7879e-01 -2.1596e+00 +3.0589e-02 +2.6949e+00 -2.4237e+00
124 +1.133524153e-01 +1.133524153e-01 -1.486647585e+00 -1.486647585e+00 +1.0596e+00 -1.8630e+00 +1.0419e+00 +2.7329e+00 -1.5641e+00
195 +7.485330346e-02 +7.485330346e-02 -1.525146697e+00 -1.525146697e+00 +8.5709e-01 -1.9398e+00 +1.0271e+00 +2.7171e+00 -1.5536e+00
231 +3.492932931e-02 +3.492932931e-02 -1.565070671e+00 -1.565070671e+00 +1.1400e+00 -1.9443e+00 +1.1318e+00 +2.8332e+00 -1.8649e+00
259 +8.189891255e-03 +8.189891255e-03 -1.591810109e+00 -1.591810109e+00 +1.0236e+00 -1.7811e+00 +9.3724e-01 +3.0035e+00 -1.9376e+00
270 +3.300322770e-03 +3.300322770e-03 -1.596699677e+00 -1.596699677e+00 +1.1004e+00 -1.9006e+00 +8.4996e-01 +2.9016e+00 -1.9665e+00
276 +2.907451811e-03 +2.907451811e-03 -1.597092548e+00 -1.597092548e+00 +1.0915e+00 -1.8531e+00 +8.5487e-01 +2.9422e+00 -2.0447e+00
284 +8.776018912e-04 +8.776018912e-04 -1.599122398e+00 -1.599122398e+00 +1.0775e+00 -1.8534e+00 +7.5273e-01 +3.0239e+00 -1.9614e+00
295 +2.797320366e-04 +2.797320366e-04 -1.599720268e+00 -1.599720268e+00 +1.1066e+00 -1.8862e+00 +7.2740e-01 +2.9940e+00 -1.9856e+00
309 +6.228261624e-05 +6.228261624e-05 -1.599937717e+00 -1.599937717e+00 +1.1213e+00 -2.0006e+00 +6.7988e-01 +2.9924e+00 -2.0062e+00
349 +5.930808971e-05 +5.930808971e-05 -1.599940692e+00 -1.599940692e+00 +1.1346e+00 -1.9233e+00 +6.9563e-01 +3.0073e+00 -2.0765e+00
352 +7.887776970e-06 +7.887776970e-06 -1.599992112e+00 -1.599992112e+00 +1.1529e+00 -1.9578e+00 +6.1760e-01 +3.0306e+00 -2.1328e+00
376 +6.928596443e-06 +6.928596443e-06 -1.599993071e+00 -1.599993071e+00 +1.1221e+00 -1.9685e+00 +6.5732e-01 +3.0146e+00 -2.0569e+00
394 +6.541070712e-06 +6.541070712e-06 -1.599993459e+00 -1.599993459e+00 +1.1165e+00 -1.9734e+00 +6.4095e-01 +2.9997e+00 -2.0482e+00
410 +1.804633767e-06 +1.804633767e-06 -1.599998195e+00 -1.599998195e+00 +1.1173e+00 -1.9891e+00 +5.9909e-01 +3.0190e+00 -2.0561e+00
413 +1.625400465e-06 +1.625400465e-06 -1.599998375e+00 -1.599998375e+00 +1.1135e+00 -1.9987e+00 +5.7437e-01 +3.0241e+00 -2.0812e+00
422 +1.525762092e-07 +1.525762092e-07 -1.599999847e+00 -1.599999847e+00 +1.1282e+00 -2.0095e+00 +5.6086e-01 +3.0228e+00 -2.1114e+00
440 +4.389816377e-08 +4.389816377e-08 -1.599999956e+00 -1.599999956e+00 +1.1343e+00 -2.0015e+00 +5.7793e-01 +3.0204e+00 -2.1081e+00
478 +1.161634944e-08 +1.161634944e-08 -1.599999988e+00 -1.599999988e+00 +1.1346e+00 -2.0062e+00 +5.8351e-01 +3.0127e+00 -2.1081e+00
534 +9.779312915e-10 +9.779312915e-10 -1.599999999e+00 -1.599999999e+00 +1.1333e+00 -2.0084e+00 +5.7368e-01 +3.0149e+00 -2.1159e+00
885 +0.000000000e+00 +0.000000000e+00 -1.600000000e+00 -1.600000000e+00 +1.1285e+00 -2.0125e+00 +5.7107e-01 +3.0118e+00 -2.1185e+00
% function evaluation | noise-free fitness - Fopt (-3.708400000000e+02) | best noise-free fitness - Fopt | measured fitness | best measured fitness | x1 | x2...
1 +6.618478373e+01 +6.618478373e+01 -3.046552163e+02 -3.046552163e+02 +0.0000e+00 +0.0000e+00 +0.0000e+00 +0.0000e+00 +0.0000e+00
13 +6.483315975e+01 +6.483315975e+01 -3.060068402e+02 -3.060068402e+02 +4.1636e-01 -2.9081e+00 -1.2436e+00 -4.7930e-01 -8.1868e-01
14 +6.181385186e+01 +6.181385186e+01 -3.090261481e+02 -3.090261481e+02 +7.7874e-01 -1.6312e+00 -1.9514e+00 -2.0669e+00 -5.2814e-02
15 +5.236135793e+01 +5.236135793e+01 -3.184786421e+02 -3.184786421e+02 +4.4582e-01 -3.4374e+00 -7.9580e-01 -7.3438e-01 -1.1990e+00
17 +3.391381786e+01 +3.391381786e+01 -3.369261821e+02 -3.369261821e+02 +2.0482e+00 +9.7942e-01 -4.9255e+00 +3.5765e-02 +2.0516e+00
21 +9.624288175e+00 +9.624288175e+00 -3.612157118e+02 -3.612157118e+02 +9.9557e-01 -1.8875e+00 -3.6792e+00 -1.9960e+00 +3.2900e+00
182 +4.999166598e+00 +4.999166598e+00 -3.658408334e+02 -3.658408334e+02 -2.0962e+00 -2.5564e+00 +4.9464e-01 -4.1402e+00 -6.1451e-01
197 +3.027692843e+00 +3.027692843e+00 -3.678123072e+02 -3.678123072e+02 -2.5724e+00 -2.2317e+00 +3.6377e-01 -4.0343e+00 -3.4851e-01
227 +2.978054562e+00 +2.978054562e+00 -3.678619454e+02 -3.678619454e+02 -2.3014e+00 -1.9564e+00 +1.4338e-01 -4.0069e+00 -2.3368e-01
269 +2.731512472e+00 +2.731512472e+00 -3.681084875e+02 -3.681084875e+02 -2.0907e+00 -1.9690e+00 -1.0025e-01 -4.0311e+00 +1.9544e-01
282 +2.537741328e+00 +2.537741328e+00 -3.683022587e+02 -3.683022587e+02 -2.0533e+00 -2.0562e+00 -4.2573e-02 -4.1195e+00 +2.2532e-01
306 +2.506212433e+00 +2.506212433e+00 -3.683337876e+02 -3.683337876e+02 -1.8000e+00 -2.0175e+00 +1.6198e-01 -4.1921e+00 -7.0760e-02
313 +2.392564552e+00 +2.392564552e+00 -3.684474354e+02 -3.684474354e+02 -1.8552e+00 -2.0281e+00 +4.2592e-02 -4.2234e+00 +3.5909e-02
344 +2.337112045e+00 +2.337112045e+00 -3.685028880e+02 -3.685028880e+02 -1.9286e+00 -2.1090e+00 +2.4475e-01 -4.1653e+00 +1.0409e-01
347 +2.284528587e+00 +2.284528587e+00 -3.685554714e+02 -3.685554714e+02 -2.1543e+00 -2.1187e+00 +2.4103e-01 -4.2854e+00 -4.6119e-02
250241 +2.134662211e+00 +2.134662211e+00 -3.687053378e+02 -3.687053378e+02 +3.3991e+00 -2.3395e+00 -1.2528e+00 +1.3293e+00 +5.9997e-01
250250 +1.728461392e+00 +1.728461392e+00 -3.691115386e+02 -3.691115386e+02 +3.3108e+00 -2.1190e+00 -1.2305e+00 +1.3710e+00 +7.7444e-01
250253 +8.931275459e-01 +8.931275459e-01 -3.699468725e+02 -3.699468725e+02 +3.2465e+00 -2.1166e+00 -1.2090e+00 +1.6732e+00 +5.3849e-01
250281 +5.213940553e-01 +5.213940553e-01 -3.703186059e+02 -3.703186059e+02 +3.3969e+00 -2.1867e+00 -1.1573e+00 +1.9048e+00 +7.7211e-01
250284 +5.060330184e-01 +5.060330184e-01 -3.703339670e+02 -3.703339670e+02 +3.5810e+00 -1.9998e+00 -1.0682e+00 +1.7742e+00 +6.5657e-01
250288 +4.665199029e-01 +4.665199029e-01 -3.703734801e+02 -3.703734801e+02 +3.4106e+00 -2.0342e+00 -1.1491e+00 +2.1289e+00 +7.6426e-01
250289 +3.342506610e-01 +3.342506610e-01 -3.705057493e+02 -3.705057493e+02 +3.2368e+00 -1.9508e+00 -1.3763e+00 +1.8575e+00 +5.5983e-01
250293 +3.229132530e-01 +3.229132530e-01 -3.705170867e+02 -3.705170867e+02 +2.9650e+00 -1.6626e+00 -1.4631e+00 +2.3146e+00 +6.7255e-01
250299 +2.935893124e-01 +2.935893124e-01 -3.705464107e+02 -3.705464107e+02 +3.0811e+00 -1.8767e+00 -1.4042e+00 +2.1158e+00 +7.5072e-01
250300 +1.987604723e-01 +1.987604723e-01 -3.706412395e+02 -3.706412395e+02 +3.1810e+00 -1.9126e+00 -1.3862e+00 +2.1367e+00 +5.1474e-01
250312 +1.823144837e-01 +1.823144837e-01 -3.706576855e+02 -3.706576855e+02 +2.9877e+00 -1.6120e+00 -1.5279e+00 +2.3388e+00 +5.5992e-01
250314 +1.739215785e-01 +1.739215785e-01 -3.706660784e+02 -3.706660784e+02 +3.2365e+00 -1.7330e+00 -1.5499e+00 +2.3124e+00 +6.1653e-01
250321 +1.026097318e-01 +1.026097318e-01 -3.707373903e+02 -3.707373903e+02 +3.3468e+00 -1.7327e+00 -1.2435e+00 +2.0926e+00 +6.2732e-01
250330 +5.684082852e-02 +5.684082852e-02 -3.707831592e+02 -3.707831592e+02 +3.1553e+00 -1.5129e+00 -1.4084e+00 +1.9118e+00 +7.5069e-01
250339 +2.660379956e-02 +2.660379956e-02 -3.708133962e+02 -3.708133962e+02 +3.2500e+00 -1.4469e+00 -1.4077e+00 +1.9404e+00 +6.6816e-01
250348 +1.880438508e-02 +1.880438508e-02 -3.708211956e+02 -3.708211956e+02 +3.1777e+00 -1.3390e+00 -1.4694e+00 +2.1346e+00 +6.6765e-01
250351 +1.478086789e-02 +1.478086789e-02 -3.708252191e+02 -3.708252191e+02 +3.2358e+00 -1.3804e+00 -1.4582e+00 +1.9627e+00 +5.8247e-01
250360 +3.245164371e-03 +3.245164371e-03 -3.708367548e+02 -3.708367548e+02 +3.1684e+00 -1.1142e+00 -1.5181e+00 +2.0650e+00 +6.3575e-01
250411 +2.780121206e-03 +2.780121206e-03 -3.708372199e+02 -3.708372199e+02 +3.2382e+00 -1.1068e+00 -1.4195e+00 +1.9242e+00 +6.4215e-01
250412 +1.301250581e-03 +1.301250581e-03 -3.708386987e+02 -3.708386987e+02 +3.2428e+00 -1.0670e+00 -1.3412e+00 +2.0507e+00 +5.1509e-01
250424 +9.953985776e-04 +9.953985776e-04 -3.708390046e+02 -3.708390046e+02 +3.2447e+00 -9.6469e-01 -1.3236e+00 +1.9453e+00 +5.5094e-01
250441 +8.807707734e-04 +8.807707734e-04 -3.708391192e+02 -3.708391192e+02 +3.2582e+00 -9.7678e-01 -1.3230e+00 +1.9577e+00 +5.8557e-01
250444 +6.581775330e-04 +6.581775330e-04 -3.708393418e+02 -3.708393418e+02 +3.1964e+00 -9.8788e-01 -1.3851e+00 +1.9913e+00 +5.6824e-01
250454 +5.266225121e-04 +5.266225121e-04 -3.708394734e+02 -3.708394734e+02 +3.1653e+00 -9.8048e-01 -1.4281e+00 +1.9704e+00 +5.8173e-01
250468 +3.234182004e-04 +3.234182004e-04 -3.708396766e+02 -3.708396766e+02 +3.2094e+00 -8.6522e-01 -1.4331e+00 +2.0209e+00 +6.2126e-01
250469 +1.026176108e-04 +1.026176108e-04 -3.708398974e+02 -3.708398974e+02 +3.1588e+00 -8.8433e-01 -1.4736e+00 +2.0124e+00 +6.0795e-01
250482 +3.904722604e-05 +3.904722604e-05 -3.708399610e+02 -3.708399610e+02 +3.1975e+00 -8.5856e-01 -1.5039e+00 +1.9541e+00 +5.7008e-01
250507 +3.837223932e-05 +3.837223932e-05 -3.708399616e+02 -3.708399616e+02 +3.2005e+00 -8.3136e-01 -1.4847e+00 +1.9665e+00 +5.5616e-01
250514 +2.426793043e-05 +2.426793043e-05 -3.708399757e+02 -3.708399757e+02 +3.1647e+00 -8.2355e-01 -1.4829e+00 +1.9550e+00 +5.7390e-01
250523 +1.151349682e-05 +1.151349682e-05 -3.708399885e+02 -3.708399885e+02 +3.1436e+00 -8.0556e-01 -1.5324e+00 +1.9283e+00 +5.7404e-01
250530 +1.056622659e-05 +1.056622659e-05 -3.708399894e+02 -3.708399894e+02 +3.1662e+00 -8.5398e-01 -1.4884e+00 +1.9560e+00 +5.8728e-01
250545 +6.404887984e-06 +6.404887984e-06 -3.708399936e+02 -3.708399936e+02 +3.1580e+00 -8.3948e-01 -1.5277e+00 +1.9234e+00 +5.9702e-01
250559 +1.830667316e-06 +1.830667316e-06 -3.708399982e+02 -3.708399982e+02 +3.1550e+00 -8.3448e-01 -1.5406e+00 +1.9426e+00 +5.9930e-01
250572 +1.695641004e-06 +1.695641004e-06 -3.708399983e+02 -3.708399983e+02 +3.1515e+00 -8.5078e-01 -1.5339e+00 +1.9534e+00 +5.8691e-01
250583 +9.794533753e-07 +9.794533753e-07 -3.708399990e+02 -3.708399990e+02 +3.1372e+00 -8.2773e-01 -1.5519e+00 +1.9612e+00 +6.0217e-01
250613 +4.530780870e-07 +4.530780870e-07 -3.708399995e+02 -3.708399995e+02 +3.1266e+00 -8.1475e-01 -1.5670e+00 +1.9541e+00 +6.0789e-01
250614 +2.510626018e-07 +2.510626018e-07 -3.708399997e+02 -3.708399997e+02 +3.1267e+00 -8.0693e-01 -1.5781e+00 +1.9538e+00 +5.9099e-01
250617 +1.551902074e-07 +1.551902074e-07 -3.708399998e+02 -3.708399998e+02 +3.1253e+00 -8.1440e-01 -1.5680e+00 +1.9453e+00 +6.0860e-01
250641 +1.106649279e-07 +1.106649279e-07 -3.708399999e+02 -3.708399999e+02 +3.1216e+00 -7.9052e-01 -1.5845e+00 +1.9427e+00 +5.9789e-01
250648 +1.443635256e-08 +1.443635256e-08 -3.708400000e+02 -3.708400000e+02 +3.1165e+00 -8.1224e-01 -1.5868e+00 +1.9455e+00 +6.0067e-01
250666 +6.462983038e-09 +6.462983038e-09 -3.708400000e+02 -3.708400000e+02 +3.1230e+00 -8.0659e-01 -1.5803e+00 +1.9328e+00 +6.0213e-01
251099 +0.000000000e+00 +0.000000000e+00 -3.708400000e+02 -3.708400000e+02 +3.1150e+00 -8.0871e-01 -1.5900e+00 +1.9334e+00 +6.0511e-01
% function evaluation | noise-free fitness - Fopt (-3.256000000000e+01) | best noise-free fitness - Fopt | measured fitness | best measured fitness | x1 | x2...
1 +5.577473827e+01 +5.577473827e+01 +2.321473827e+01 +2.321473827e+01 +0.0000e+00 +0.0000e+00 +0.0000e+00 +0.0000e+00 +0.0000e+00
2 +5.404696235e+01 +5.404696235e+01 +2.148696235e+01 +2.148696235e+01 -1.2846e+00 +8.5255e-01 +6.2098e-02 +1.0055e+00 +2.2886e+00
8 +5.272205174e+01 +5.272205174e+01 +2.016205174e+01 +2.016205174e+01 +8.6817e-01 -4.8291e-01 +2.3125e+00 +8.3097e-01 -2.7871e+00
9 +5.234592677e+01 +5.234592677e+01 +1.978592677e+01 +1.978592677e+01 +2.1277e+00 +3.0981e+00 +2.1022e-02 -8.4162e-01 -2.8495e+00
12 +1.451600787e+01 +1.451600787e+01 -1.804399213e+01 -1.804399213e+01 +2.1361e+00 +3.8175e+00 +7.5169e-02 -1.0552e-01 -3.9081e+00
70 +7.301469013e+00 +7.301469013e+00 -2.525853099e+01 -2.525853099e+01 +5.1529e+00 +4.1446e-01 +6.0929e-01 +2.2525e+00 -1.4236e+00
76 +2.333660571e+00 +2.333660571e+00 -3.022633943e+01 -3.022633943e+01 +3.7440e+00 +8.0744e-01 -3.1325e-01 +1.6411e+00 -2.2839e+00
142 +2.209348885e+00 +2.209348885e+00 -3.035065112e+01 -3.035065112e+01 +3.8283e+00 +7.9374e-01 -1.1119e-01 +2.2259e+00 -1.8913e+00
150 +1.873619184e+00 +1.873619184e+00 -3.068638082e+01 -3.068638082e+01 +4.8713e+00 +1.1191e+00 -3.5659e-01 +2.0322e+00 -2.3039e+00
151 +1.859196038e+00 +1.859196038e+00 -3.070080396e+01 -3.070080396e+01 +4.3559e+00 +8.2073e-01 -3.3527e-01 +2.1312e+00 -1.9213e+00
156 +1.630561999e+00 +1.630561999e+00 -3.092943800e+01 -3.092943800e+01 +4.4452e+00 +8.9714e-01 -8.6172e-02 +2.1416e+00 -2.1102e+00
172 +1.492343126e+00 +1.492343126e+00 -3.106765687e+01 -3.106765687e+01 +4.9709e+00 +6.5339e-01 -2.6266e-01 +2.2475e+00 -2.1119e+00
179 +1.448057461e+00 +1.448057461e+00 -3.111194254e+01 -3.111194254e+01 +4.5335e+00 +8.8646e-01 -1.3472e-01 +1.9257e+00 -2.0825e+00
201 +1.243615511e+00 +1.243615511e+00 -3.131638449e+01 -3.131638449e+01 +4.4785e+00 +1.0187e+00 -1.6751e-01 +1.9519e+00 -2.1025e+00
213 +1.164842597e+00 +1.164842597e+00 -3.139515740e+01 -3.139515740e+01 +4.5744e+00 +8.4120e-01 -2.5613e-01 +2.0271e+00 -2.1659e+00
287 +1.143869081e+00 +1.143869081e+00 -3.141613092e+01 -3.141613092e+01 +4.5768e+00 +6.1317e-01 -4.0272e-01 +2.1114e+00 -2.1561e+00
298 +1.086775754e+00 +1.086775754e+00 -3.147322425e+01 -3.147322425e+01 +4.5464e+00 +6.1455e-01 -4.4238e-01 +2.1176e+00 -2.1058e+00
299 +1.038819543e+00 +1.038819543e+00 -3.152118046e+01 -3.152118046e+01 +4.5555e+00 +7.0159e-01 -3.2227e-01 +2.1007e+00 -2.0686e+00
405 +1.011568671e+00 +1.011568671e+00 -3.154843133e+01 -3.154843133e+01 +4.6664e+00 +7.9184e-01 -3.6452e-01 +2.0148e+00 -2.0770e+00
433 +9.925512494e-01 +9.925512494e-01 -3.156744875e+01 -3.156744875e+01 +4.7763e+00 +8.0303e-01 -3.3532e-01 +2.0274e+00 -2.0541e+00
459 +9.695221143e-01 +9.695221143e-01 -3.159047789e+01 -3.159047789e+01 +4.8457e+00 +7.7205e-01 -3.2544e-01 +2.0528e+00 -1.9797e+00
480 +9.549673316e-01 +9.549673316e-01 -3.160503267e+01 -3.160503267e+01 +4.9045e+00 +7.1946e-01 -3.2516e-01 +2.0753e+00 -1.9518e+00
538 +9.325575613e-01 +9.325575613e-01 -3.162744244e+01 -3.162744244e+01 +4.9169e+00 +6.3792e-01 -3.0139e-01 +2.1465e+00 -1.8918e+00
% function evaluation | noise-free fitness - Fopt (5.154000000000e+02) | best noise-free fitness - Fopt | measured fitness | best measured fitness | x1 | x2...
1 +2.019037433e+01 +2.019037433e+01 +5.355903743e+02 +5.355903743e+02 +0.0000e+00 +0.0000e+00 +0.0000e+00 +0.0000e+00 +0.0000e+00
8 +7.890496391e+00 +7.890496391e+00 +5.232904964e+02 +5.232904964e+02 +1.3727e+00 -5.3354e-01 -1.6618e+00 -1.8112e+00 -2.8001e-01
26 +3.362808081e+00 +3.362808081e+00 +5.187628081e+02 +5.187628081e+02 +3.6305e+00 -2.8540e+00 -1.0190e+00 -1.1759e+00 +6.2194e-01
49 +1.985958487e+00 +1.985958487e+00 +5.173859585e+02 +5.173859585e+02 +3.6906e+00 -3.4065e+00 -9.2352e-01 -1.4765e+00 +3.7258e-01
138 +1.918320670e+00 +1.918320670e+00 +5.173183207e+02 +5.173183207e+02 +3.6735e+00 -3.6046e+00 -7.3436e-01 -1.6768e+00 +4.6244e-02
283 +1.901792566e+00 +1.901792566e+00 +5.173017926e+02 +5.173017926e+02 +3.6684e+00 -3.2399e+00 -7.7879e-01 -1.3444e+00 +3.4771e-01
295 +1.853777726e+00 +1.853777726e+00 +5.172537777e+02 +5.172537777e+02 +3.6095e+00 -3.3297e+00 -7.9413e-01 -1.2772e+00 +2.7114e-01
414 +1.815977582e+00 +1.815977582e+00 +5.172159776e+02 +5.172159776e+02 +3.4786e+00 -3.3614e+00 -8.3562e-01 -1.2003e+00 +3.0936e-01
64054 +1.451629023e+00 +1.451629023e+00 +5.168516290e+02 +5.168516290e+02 +3.7780e+00 +1.9527e+00 +9.5792e-03 -2.6289e+00 -4.4746e+00
64056 +1.276073891e+00 +1.276073891e+00 +5.166760739e+02 +5.166760739e+02 +3.6929e+00 +1.9981e+00 -1.3516e-01 -2.4209e+00 -4.4514e+00
64067 +9.980438413e-01 +9.980438413e-01 +5.163980438e+02 +5.163980438e+02 +3.8085e+00 +2.1265e+00 -3.2741e-01 -2.4038e+00 -4.5808e+00
64077 +9.103575018e-01 +9.103575018e-01 +5.163103575e+02 +5.163103575e+02 +3.6406e+00 +2.4312e+00 -2.7753e-01 -2.6840e+00 -4.5619e+00
64106 +8.697358086e-01 +8.697358086e-01 +5.162697358e+02 +5.162697358e+02 +3.6462e+00 +2.2183e+00 -4.0408e-01 -2.8084e+00 -4.7550e+00
64166 +7.949753744e-01 +7.949753744e-01 +5.161949754e+02 +5.161949754e+02 +3.7038e+00 +2.0680e+00 -1.7081e-01 -2.6751e+00 -4.6893e+00
64173 +7.776105709e-01 +7.776105709e-01 +5.161776106e+02 +5.161776106e+02 +3.6475e+00 +2.1889e+00 -2.1657e-01 -2.7942e+00 -4.6806e+00
64177 +7.701500524e-01 +7.701500524e-01 +5.161701501e+02 +5.161701501e+02 +3.7248e+00 +2.1424e+00 -1.7457e-01 -2.6551e+00 -4.5459e+00
64188 +7.258031214e-01 +7.258031214e-01 +5.161258031e+02 +5.161258031e+02 +3.6655e+00 +2.0965e+00 -2.1779e-01 -2.6751e+00 -4.6080e+00
64200 +7.191829820e-01 +7.191829820e-01 +5.161191830e+02 +5.161191830e+02 +3.6703e+00 +2.2233e+00 -2.3145e-01 -2.6459e+00 -4.5831e+00
64206 +7.055187931e-01 +7.055187931e-01 +5.161055188e+02 +5.161055188e+02 +3.6341e+00 +2.1771e+00 -2.5113e-01 -2.6239e+00 -4.5911e+00
% function evaluation | noise-free fitness - Fopt (-1.000000000000e+03) | best noise-free fitness - Fopt | measured fitness | best measured fitness | x1 | x2...
1 +6.307126318e+01 +6.307126318e+01 -9.369287368e+02 -9.369287368e+02 +0.0000e+00 +0.0000e+00 +0.0000e+00 +0.0000e+00 +0.0000e+00
2 +5.867133670e+01 +5.867133670e+01 -9.413286633e+02 -9.413286633e+02 -5.3960e-01 +1.0450e+00 +6.8531e-02 -2.3946e+00 +9.2077e-01
4 +5.082697928e+01 +5.082697928e+01 -9.491730207e+02 -9.491730207e+02 -2.9344e-01 -1.0427e-01 -1.8850e+00 -2.0984e+00 +8.8311e-01
8 +3.508313229e+01 +3.508313229e+01 -9.649168677e+02 -9.649168677e+02 -1.7705e+00 +1.9292e+00 +6.1340e-01 +1.1701e+00 +1.5845e+00
10 +2.622543963e+01 +2.622543963e+01 -9.737745604e+02 -9.737745604e+02 -1.8042e+00 -1.1840e+00 +8.7306e-01 +1.9952e-01 -2.8949e-01
25 +1.482437724e+01 +1.482437724e+01 -9.851756228e+02 -9.851756228e+02 -1.1521e+00 -3.0650e-01 -4.8645e-01 +2.0337e+00 -8.0966e-01
52 +1.149287773e+01 +1.149287773e+01 -9.885071223e+02 -9.885071223e+02 -2.6948e+00 -2.6654e-01 +7.7985e-01 -1.6404e+00 -1.4080e+00
62 +1.679386423e+00 +1.679386423e+00 -9.983206136e+02 -9.983206136e+02 -3.0295e+00 -1.0778e+00 +1.9749e+00 -5.3405e-01 -1.7166e+00
68 +1.566203325e+00 +1.566203325e+00 -9.984337967e+02 -9.984337967e+02 -2.6964e+00 -7.5727e-01 +1.5983e+00 -7.5592e-01 -1.9646e+00
92 +1.063882346e+00 +1.063882346e+00 -9.989361177e+02 -9.989361177e+02 -2.9299e+00 -1.0257e+00 +1.9880e+00 -6.9974e-01 -2.1113e+00
199 +1.020661979e+00 +1.020661979e+00 -9.989793380e+02 -9.989793380e+02 -2.8615e+00 -1.0764e+00 +1.7467e+00 -7.1852e-01 -2.1126e+00
229 +9.893609377e-01 +9.893609377e-01 -9.990106391e+02 -9.990106391e+02 -2.8136e+00 -1.1161e+00 +1.8524e+00 -8.0057e-01 -2.0519e+00
246 +9.640140024e-01 +9.640140024e-01 -9.990359860e+02 -9.990359860e+02 -2.7676e+00 -1.0186e+00 +1.7882e+00 -7.4904e-01 -2.1066e+00
254 +9.494752598e-01 +9.494752598e-01 -9.990505247e+02 -9.990505247e+02 -2.8193e+00 -1.0116e+00 +1.8542e+00 -6.7209e-01 -2.0309e+00
419 +9.317559204e-01 +9.317559204e-01 -9.990682441e+02 -9.990682441e+02 -2.7887e+00 -1.0125e+00 +1.8804e+00 -7.5847e-01 -2.0569e+00
161599 +4.509917118e-01 +4.509917118e-01 -9.995490083e+02 -9.995490083e+02 -1.0919e+00 -4.3493e+00 -1.5847e+00 -2.1525e+00 -4.2693e+00
161605 +2.837401334e-01 +2.837401334e-01 -9.997162599e+02 -9.997162599e+02 -1.2742e+00 -4.4527e+00 -1.2076e+00 -1.9117e+00 -4.1820e+00
161607 +1.588424100e-01 +1.588424100e-01 -9.998411576e+02 -9.998411576e+02 -1.5789e+00 -4.3252e+00 -1.8631e+00 -2.2583e+00 -4.0436e+00
161647 +1.415967974e-01 +1.415967974e-01 -9.998584032e+02 -9.998584032e+02 -1.7933e+00 -4.2572e+00 -1.6376e+00 -2.1040e+00 -4.2676e+00
161653 +1.257895591e-01 +1.257895591e-01 -9.998742104e+02 -9.998742104e+02 -1.3036e+00 -4.1700e+00 -1.7853e+00 -2.0145e+00 -3.9349e+00
161668 +1.168410899e-01 +1.168410899e-01 -9.998831589e+02 -9.998831589e+02 -1.3001e+00 -4.3287e+00 -1.7516e+00 -2.1873e+00 -3.8567e+00
161682 +9.692640998e-02 +9.692640998e-02 -9.999030736e+02 -9.999030736e+02 -1.1775e+00 -4.3199e+00 -1.5841e+00 -2.1799e+00 -3.8493e+00
161687 +8.144695077e-02 +8.144695077e-02 -9.999185530e+02 -9.999185530e+02 -1.3074e+00 -4.1446e+00 -1.5508e+00 -2.1877e+00 -4.0144e+00
161695 +6.430690906e-02 +6.430690906e-02 -9.999356931e+02 -9.999356931e+02 -1.1782e+00 -4.2117e+00 -1.5182e+00 -2.1588e+00 -3.9267e+00
161706 +4.712188009e-02 +4.712188009e-02 -9.999528781e+02 -9.999528781e+02 -1.2562e+00 -4.2532e+00 -1.4894e+00 -2.1449e+00 -3.8706e+00
161711 +3.546629559e-02 +3.546629559e-02 -9.999645337e+02 -9.999645337e+02 -1.2947e+00 -4.1706e+00 -1.5199e+00 -2.0894e+00 -3.9049e+00
161730 +3.006003447e-02 +3.006003447e-02 -9.999699400e+02 -9.999699400e+02 -1.2813e+00 -4.1641e+00 -1.4816e+00 -1.9765e+00 -4.1044e+00
161736 +2.827794859e-02 +2.827794859e-02 -9.999717221e+02 -9.999717221e+02 -1.2256e+00 -4.1403e+00 -1.4624e+00 -2.0365e+00 -4.0962e+00
161737 +2.741766278e-02 +2.741766278e-02 -9.999725823e+02 -9.999725823e+02 -1.2902e+00 -4.1867e+00 -1.4586e+00 -2.0607e+00 -4.0486e+00
161743 +2.552559381e-02 +2.552559381e-02 -9.999744744e+02 -9.999744744e+02 -1.2618e+00 -4.1486e+00 -1.4519e+00 -2.0249e+00 -4.1147e+00
161751 +1.512128005e-02 +1.512128005e-02 -9.999848787e+02 -9.999848787e+02 -1.1868e+00 -4.0717e+00 -1.3521e+00 -1.9785e+00 -4.1386e+00
161758 +1.288186388e-02 +1.288186388e-02 -9.999871181e+02 -9.999871181e+02 -1.2900e+00 -3.9697e+00 -1.2475e+00 -1.9442e+00 -4.1688e+00
161769 +9.690364193e-03 +9.690364193e-03 -9.999903096e+02 -9.999903096e+02 -1.3031e+00 -3.9458e+00 -1.0883e+00 -1.8967e+00 -4.1838e+00
161786 +9.297027008e-03 +9.297027008e-03 -9.999907030e+02 -9.999907030e+02 -1.2623e+00 -3.8664e+00 -8.8384e-01 -1.9259e+00 -4.0945e+00
161805 +8.969692157e-03 +8.969692157e-03 -9.999910303e+02 -9.999910303e+02 -1.1656e+00 -3.9820e+00 -1.2712e+00 -1.9722e+00 -4.0665e+00
161809 +4.340868776e-03 +4.340868776e-03 -9.999956591e+02 -9.999956591e+02 -1.2480e+00 -3.9178e+00 -9.7481e-01 -1.9038e+00 -4.1211e+00
161818 +3.872753042e-03 +3.872753042e-03 -9.999961272e+02 -9.999961272e+02 -1.2224e+00 -3.9089e+00 -1.0444e+00 -1.9418e+00 -4.1167e+00
161830 +3.736342852e-03 +3.736342852e-03 -9.999962637e+02 -9.999962637e+02 -1.1812e+00 -3.8519e+00 -9.7441e-01 -1.9159e+00 -4.1206e+00
161837 +3.690512814e-03 +3.690512814e-03 -9.999963095e+02 -9.999963095e+02 -1.1421e+00 -3.8090e+00 -8.3319e-01 -1.8693e+00 -4.1216e+00
161854 +3.082695333e-03 +3.082695333e-03 -9.999969173e+02 -9.999969173e+02 -1.1413e+00 -3.9007e+00 -8.9023e-01 -1.8661e+00 -4.0747e+00
161865 +1.439452956e-03 +1.439452956e-03 -9.999985605e+02 -9.999985605e+02 -1.0964e+00 -3.8445e+00 -8.7417e-01 -1.8567e+00 -4.0605e+00
161879 +1.277621942e-03 +1.277621942e-03 -9.999987224e+02 -9.999987224e+02 -1.0807e+00 -3.8276e+00 -8.6312e-01 -1.8460e+00 -4.0747e+00
161882 +1.129005174e-03 +1.129005174e-03 -9.999988710e+02 -9.999988710e+02 -1.0046e+00 -3.8071e+00 -7.5432e-01 -1.8036e+00 -4.0414e+00
161883 +1.090064441e-03 +1.090064441e-03 -9.999989099e+02 -9.999989099e+02 -1.0566e+00 -3.8170e+00 -8.5452e-01 -1.8271e+00 -4.0457e+00
161887 +8.642439233e-04 +8.642439233e-04 -9.999991358e+02 -9.999991358e+02 -1.0402e+00 -3.8340e+00 -9.3664e-01 -1.8429e+00 -4.0430e+00
161902 +7.962569441e-04 +7.962569441e-04 -9.999992037e+02 -9.999992037e+02 -9.5760e-01 -3.8528e+00 -9.0706e-01 -1.8717e+00 -4.0382e+00
161907 +6.766462718e-04 +6.766462718e-04 -9.999993234e+02 -9.999993234e+02 -9.4362e-01 -3.8532e+00 -9.3120e-01 -1.8623e+00 -4.0438e+00
161918 +2.468298851e-04 +2.468298851e-04 -9.999997532e+02 -9.999997532e+02 -9.5517e-01 -3.8553e+00 -8.8547e-01 -1.8546e+00 -4.0071e+00
161922 +1.809958387e-04 +1.809958387e-04 -9.999998190e+02 -9.999998190e+02 -9.3104e-01 -3.8561e+00 -9.5703e-01 -1.8350e+00 -4.0138e+00
161924 +5.148218656e-05 +5.148218656e-05 -9.999999485e+02 -9.999999485e+02 -8.7723e-01 -3.8626e+00 -9.5461e-01 -1.8082e+00 -3.9890e+00
161936 +4.434801997e-05 +4.434801997e-05 -9.999999557e+02 -9.999999557e+02 -8.1663e-01 -3.8414e+00 -9.2299e-01 -1.8042e+00 -3.9581e+00
161937 +2.939415856e-05 +2.939415856e-05 -9.999999706e+02 -9.999999706e+02 -8.7700e-01 -3.8718e+00 -9.5211e-01 -1.8064e+00 -3.9771e+00
161940 +2.508052148e-05 +2.508052148e-05 -9.999999749e+02 -9.999999749e+02 -8.6633e-01 -3.8828e+00 -9.4883e-01 -1.7988e+00 -3.9653e+00
161947 +2.092033890e-05 +2.092033890e-05 -9.999999791e+02 -9.999999791e+02 -8.4804e-01 -3.8751e+00 -9.2276e-01 -1.7823e+00 -3.9500e+00
161960 +1.186411987e-05 +1.186411987e-05 -9.999999881e+02 -9.999999881e+02 -8.7259e-01 -3.8840e+00 -8.9748e-01 -1.7960e+00 -3.9757e+00
161984 +6.791026408e-06 +6.791026408e-06 -9.999999932e+02 -9.999999932e+02 -8.6346e-01 -3.8788e+00 -8.9081e-01 -1.7949e+00 -3.9836e+00
162005 +6.309363243e-06 +6.309363243e-06 -9.999999937e+02 -9.999999937e+02 -8.5829e-01 -3.8717e+00 -8.7912e-01 -1.7974e+00 -3.9713e+00
162013 +4.142583521e-06 +4.142583521e-06 -9.999999959e+02 -9.999999959e+02 -8.5158e-01 -3.8651e+00 -8.7994e-01 -1.7969e+00 -3.9737e+00
162014 +8.755109775e-07 +8.755109775e-07 -9.999999991e+02 -9.999999991e+02 -8.2705e-01 -3.8622e+00 -8.6985e-01 -1.7851e+00 -3.9569e+00
162028 +1.359720727e-07 +1.359720727e-07 -9.999999999e+02 -9.999999999e+02 -8.0342e-01 -3.8597e+00 -8.6785e-01 -1.7787e+00 -3.9495e+00
162035 +7.270818969e-08 +7.270818969e-08 -9.999999999e+02 -9.999999999e+02 -7.9371e-01 -3.8558e+00 -8.6065e-01 -1.7739e+00 -3.9408e+00
162042 +3.784964520e-08 +3.784964520e-08 -1.000000000e+03 -1.000000000e+03 -7.5990e-01 -3.8476e+00 -8.4857e-01 -1.7638e+00 -3.9340e+00
162046 +3.487036793e-08 +3.487036793e-08 -1.000000000e+03 -1.000000000e+03 -7.6835e-01 -3.8478e+00 -8.5177e-01 -1.7693e+00 -3.9347e+00
162048 +3.134869075e-08 +3.134869075e-08 -1.000000000e+03 -1.000000000e+03 -7.6081e-01 -3.8437e+00 -8.4258e-01 -1.7623e+00 -3.9323e+00
162059 +3.173113328e-09 +3.173113328e-09 -1.000000000e+03 -1.000000000e+03 -7.7993e-01 -3.8439e+00 -8.5264e-01 -1.7684e+00 -3.9447e+00
162587 +0.000000000e+00 +0.000000000e+00 -1.000000000e+03 -1.000000000e+03 -7.7624e-01 -3.8444e+00 -8.4708e-01 -1.7640e+00 -3.9491e+00
% function evaluation | noise-free fitness - Fopt (9.190000000000e+01) | best noise-free fitness - Fopt | measured fitness | best measured fitness | x1 | x2...
1 +4.082584245e+01 +4.082584245e+01 +1.327258424e+02 +1.327258424e+02 +0.0000e+00 +0.0000e+00 +0.0000e+00 +0.0000e+00 +0.0000e+00
4 +3.154391023e+01 +3.154391023e+01 +1.234439102e+02 +1.234439102e+02 +1.6255e+00 -1.3029e+00 +8.8752e-01 +2.4492e-01 +6.3011e-01
15 +2.503091231e+01 +2.503091231e+01 +1.169309123e+02 +1.169309123e+02 +3.7502e+00 -9.6864e-01 +1.3128e+00 +2.2874e+00 +1.5751e+00
31 +2.262646751e+01 +2.262646751e+01 +1.145264675e+02 +1.145264675e+02 +1.7020e+00 -1.3143e+00 +4.7673e-01 +6.9192e-01 +2.4864e+00
35 +1.751281160e+01 +1.751281160e+01 +1.094128116e+02 +1.094128116e+02 +2.3800e+00 -1.9276e+00 +1.2359e+00 +2.2893e+00 +3.0010e+00
44 +1.612639111e+01 +1.612639111e+01 +1.080263911e+02 +1.080263911e+02 +2.0836e+00 -1.7201e+00 +4.5708e-01 +3.2040e+00 +1.9790e+00
54 +1.117899546e+01 +1.117899546e+01 +1.030789955e+02 +1.030789955e+02 +2.4145e+00 -1.8607e+00 +7.4008e-01 +4.5543e+00 +2.7194e+00
84 +8.487714030e+00 +8.487714030e+00 +1.003877140e+02 +1.003877140e+02 +7.9454e-01 -2.4406e+00 +5.5336e-01 +3.4090e+00 +3.0474e+00
143 +5.678066386e+00 +5.678066386e+00 +9.757806639e+01 +9.757806639e+01 +1.6653e+00 -2.4317e+00 +9.1561e-01 +3.8099e+00 +3.0722e+00
173 +5.586145723e+00 +5.586145723e+00 +9.748614572e+01 +9.748614572e+01 +1.1411e+00 -2.8984e+00 +1.2386e+00 +3.8982e+00 +3.3127e+00
222 +5.483058239e+00 +5.483058239e+00 +9.738305824e+01 +9.738305824e+01 +1.2745e+00 -2.5495e+00 +1.1276e+00 +3.5985e+00 +3.2252e+00
325 +5.304057625e+00 +5.304057625e+00 +9.720405762e+01 +9.720405762e+01 +1.3151e+00 -2.6512e+00 +1.1709e+00 +3.7870e+00 +3.2237e+00
87844 +5.056020177e+00 +5.056020177e+00 +9.695602018e+01 +9.695602018e+01 +4.1148e+00 -8.6408e-01 +3.1348e+00 +2.6906e+00 -1.1486e+00
87850 +4.050013254e+00 +4.050013254e+00 +9.595001325e+01 +9.595001325e+01 +4.3150e+00 -9.2112e-01 +3.6918e+00 +3.3756e+00 -8.6770e-01
87887 +3.336328041e+00 +3.336328041e+00 +9.523632804e+01 +9.523632804e+01 +3.9098e+00 -8.1994e-01 +3.6511e+00 +3.2116e+00 -1.0252e+00
87899 +3.195230994e+00 +3.195230994e+00 +9.509523099e+01 +9.509523099e+01 +4.0964e+00 -7.6486e-01 +3.5714e+00 +3.2597e+00 -1.0834e+00
175530 +1.839416858e+00 +1.839416858e+00 +9.373941686e+01 +9.373941686e+01 -4.4056e+00 -1.5544e+00 +1.7222e+00 -2.2931e+00 +2.6237e+00
175574 +1.523719716e+00 +1.523719716e+00 +9.342371972e+01 +9.342371972e+01 -4.1722e+00 -1.6800e+00 +1.6036e+00 -2.5871e+00 +2.9296e+00
175611 +1.505702947e+00 +1.505702947e+00 +9.340570295e+01 +9.340570295e+01 -4.4540e+00 -1.6218e+00 +1.3716e+00 -2.4493e+00 +2.8876e+00
175616 +1.381468040e+00 +1.381468040e+00 +9.328146804e+01 +9.328146804e+01 -4.3523e+00 -1.5837e+00 +1.5395e+00 -2.4690e+00 +3.1180e+00
175641 +1.346837962e+00 +1.346837962e+00 +9.324683796e+01 +9.324683796e+01 -4.3414e+00 -1.8176e+00 +1.4302e+00 -2.4265e+00 +3.0550e+00
175650 +1.297408860e+00 +1.297408860e+00 +9.319740886e+01 +9.319740886e+01 -4.2786e+00 -1.7009e+00 +1.4405e+00 -2.3573e+00 +3.1092e+00
175675 +1.270866638e+00 +1.270866638e+00 +9.317086664e+01 +9.317086664e+01 -4.3186e+00 -1.7236e+00 +1.4897e+00 -2.3324e+00 +3.0601e+00
175757 +1.250170912e+00 +1.250170912e+00 +9.315017091e+01 +9.315017091e+01 -4.3305e+00 -1.7196e+00 +1.5268e+00 -2.4064e+00 +3.0550e+00
482973 +9.956146262e-01 +9.956146262e-01 +9.289561463e+01 +9.289561463e+01 -2.7308e+00 -2.3422e+00 -5.4355e-01 +2.9806e+00 -3.0518e+00
482985 +4.992847642e-01 +4.992847642e-01 +9.239928476e+01 +9.239928476e+01 -2.4724e+00 -2.6581e+00 -1.0384e+00 +3.3454e+00 -2.7446e+00
483017 +4.764434129e-01 +4.764434129e-01 +9.237644341e+01 +9.237644341e+01 -2.5198e+00 -2.8839e+00 -1.2733e+00 +3.3400e+00 -2.5441e+00
483019 +1.224069498e-01 +1.224069498e-01 +9.202240695e+01 +9.202240695e+01 -2.7023e+00 -3.1243e+00 -1.1211e+00 +3.3660e+00 -2.4375e+00
483075 +1.148527650e-01 +1.148527650e-01 +9.201485277e+01 +9.201485277e+01 -2.6111e+00 -2.6407e+00 -1.0961e+00 +2.6088e+00 -2.6616e+00
483076 +6.789366774e-02 +6.789366774e-02 +9.196789367e+01 +9.196789367e+01 -2.6240e+00 -2.7034e+00 -1.2241e+00 +2.6158e+00 -2.9133e+00
483081 +4.063528307e-02 +4.063528307e-02 +9.194063528e+01 +9.194063528e+01 -2.5073e+00 -2.7864e+00 -1.1936e+00 +2.6159e+00 -2.8177e+00
483089 +3.382255012e-02 +3.382255012e-02 +9.193382255e+01 +9.193382255e+01 -2.5428e+00 -2.8373e+00 -1.3116e+00 +2.7399e+00 -2.7975e+00
483096 +2.278157090e-02 +2.278157090e-02 +9.192278157e+01 +9.192278157e+01 -2.7045e+00 -3.1431e+00 -1.1857e+00 +2.8350e+00 -2.5492e+00
483100 +1.552889693e-02 +1.552889693e-02 +9.191552890e+01 +9.191552890e+01 -2.6566e+00 -3.1057e+00 -1.2222e+00 +2.8075e+00 -2.6286e+00
483109 +1.332539870e-02 +1.332539870e-02 +9.191332540e+01 +9.191332540e+01 -2.6086e+00 -3.0657e+00 -1.1878e+00 +2.7934e+00 -2.6465e+00
483122 +1.142939109e-02 +1.142939109e-02 +9.191142939e+01 +9.191142939e+01 -2.6064e+00 -3.1106e+00 -1.1798e+00 +2.7971e+00 -2.5861e+00
483131 +1.001536387e-02 +1.001536387e-02 +9.191001536e+01 +9.191001536e+01 -2.5668e+00 -3.1541e+00 -1.1763e+00 +2.7534e+00 -2.5667e+00
483138 +4.774983158e-03 +4.774983158e-03 +9.190477498e+01 +9.190477498e+01 -2.5381e+00 -3.1518e+00 -1.1674e+00 +2.7837e+00 -2.4383e+00
483147 +3.541894508e-03 +3.541894508e-03 +9.190354189e+01 +9.190354189e+01 -2.5085e+00 -3.2682e+00 -1.1495e+00 +2.8209e+00 -2.3649e+00
483163 +2.743872299e-03 +2.743872299e-03 +9.190274387e+01 +9.190274387e+01 -2.4546e+00 -3.3670e+00 -1.1385e+00 +2.8270e+00 -2.3160e+00
483167 +9.123957041e-04 +9.123957041e-04 +9.190091240e+01 +9.190091240e+01 -2.3820e+00 -3.4207e+00 -1.1523e+00 +2.8366e+00 -2.2193e+00
483180 +7.212628932e-04 +7.212628932e-04 +9.190072126e+01 +9.190072126e+01 -2.3952e+00 -3.3013e+00 -1.1727e+00 +2.8054e+00 -2.3063e+00
483197 +5.231250826e-04 +5.231250826e-04 +9.190052313e+01 +9.190052313e+01 -2.3368e+00 -3.3358e+00 -1.1580e+00 +2.8112e+00 -2.2714e+00
483217 +3.076439498e-04 +3.076439498e-04 +9.190030764e+01 +9.190030764e+01 -2.2713e+00 -3.4088e+00 -1.1717e+00 +2.7706e+00 -2.1654e+00
483248 +2.631329640e-04 +2.631329640e-04 +9.190026313e+01 +9.190026313e+01 -2.2650e+00 -3.4517e+00 -1.1846e+00 +2.7520e+00 -2.1988e+00
483265 +1.755403921e-04 +1.755403921e-04 +9.190017554e+01 +9.190017554e+01 -2.2477e+00 -3.3400e+00 -1.1985e+00 +2.6963e+00 -2.2394e+00
483272 +1.311746288e-04 +1.311746288e-04 +9.190013117e+01 +9.190013117e+01 -2.2377e+00 -3.3142e+00 -1.2536e+00 +2.6812e+00 -2.2579e+00
483280 +1.087287023e-04 +1.087287023e-04 +9.190010873e+01 +9.190010873e+01 -2.2900e+00 -3.3841e+00 -1.2552e+00 +2.7466e+00 -2.2222e+00
483285 +6.742109197e-05 +6.742109197e-05 +9.190006742e+01 +9.190006742e+01 -2.2751e+00 -3.4467e+00 -1.2593e+00 +2.6931e+00 -2.2568e+00
483287 +3.702733626e-05 +3.702733626e-05 +9.190003703e+01 +9.190003703e+01 -2.2815e+00 -3.3851e+00 -1.2236e+00 +2.7299e+00 -2.2521e+00
483351 +1.258901568e-05 +1.258901568e-05 +9.190001259e+01 +9.190001259e+01 -2.2590e+00 -3.4361e+00 -1.2492e+00 +2.7266e+00 -2.2044e+00
483358 +6.597244948e-06 +6.597244948e-06 +9.190000660e+01 +9.190000660e+01 -2.2337e+00 -3.4107e+00 -1.2591e+00 +2.7112e+00 -2.2145e+00
483372 +1.958876013e-06 +1.958876013e-06 +9.190000196e+01 +9.190000196e+01 -2.2478e+00 -3.4329e+00 -1.2817e+00 +2.7150e+00 -2.2231e+00
483392 +5.457572598e-07 +5.457572598e-07 +9.190000055e+01 +9.190000055e+01 -2.2310e+00 -3.4529e+00 -1.2784e+00 +2.6955e+00 -2.2098e+00
483405 +4.478482651e-07 +4.478482651e-07 +9.190000045e+01 +9.190000045e+01 -2.2207e+00 -3.4294e+00 -1.2823e+00 +2.6833e+00 -2.2135e+00
483410 +2.220630222e-07 +2.220630222e-07 +9.190000022e+01 +9.190000022e+01 -2.2115e+00 -3.4508e+00 -1.2934e+00 +2.6891e+00 -2.2227e+00
483463 +2.104223995e-07 +2.104223995e-07 +9.190000021e+01 +9.190000021e+01 -2.2205e+00 -3.4378e+00 -1.2855e+00 +2.6929e+00 -2.2260e+00
483470 +3.519924974e-08 +3.519924974e-08 +9.190000004e+01 +9.190000004e+01 -2.2208e+00 -3.4435e+00 -1.3027e+00 +2.6802e+00 -2.2280e+00
483538 +1.911415382e-08 +1.911415382e-08 +9.190000002e+01 +9.190000002e+01 -2.2115e+00 -3.4371e+00 -1.2976e+00 +2.6743e+00 -2.2267e+00
483547 +1.180615072e-08 +1.180615072e-08 +9.190000001e+01 +9.190000001e+01 -2.2142e+00 -3.4409e+00 -1.3007e+00 +2.6776e+00 -2.2218e+00
483553 +1.022551999e-08 +1.022551999e-08 +9.190000001e+01 +9.190000001e+01 -2.2148e+00 -3.4439e+00 -1.3009e+00 +2.6708e+00 -2.2236e+00
483565 +7.084238973e-09 +7.084238973e-09 +9.190000001e+01 +9.190000001e+01 -2.2137e+00 -3.4476e+00 -1.3047e+00 +2.6732e+00 -2.2227e+00
483899 +0.000000000e+00 +0.000000000e+00 +9.190000000e+01 +9.190000000e+01 -2.2062e+00 -3.4542e+00 -1.3013e+00 +2.6730e+00 -2.2120e+00
% function evaluation | noise-free fitness - Fopt (-7.597000000000e+01) | best noise-free fitness - Fopt | measured fitness | best measured fitness | x1 | x2...
1 +6.713218106e+01 +6.713218106e+01 -8.837818940e+00 -8.837818940e+00 +0.0000e+00 +0.0000e+00 +0.0000e+00 +0.0000e+00 +0.0000e+00
4 +4.901615795e+01 +4.901615795e+01 -2.695384205e+01 -2.695384205e+01 +7.8109e-01 -6.6297e-01 -5.3662e-01 -6.8154e-02 +1.6847e-01
6 +4.218727060e+01 +4.218727060e+01 -3.378272940e+01 -3.378272940e+01 +3.7884e+00 -2.1490e+00 -1.5533e+00 -2.2560e-01 +3.0677e+00
7 +1.170194800e+01 +1.170194800e+01 -6.426805200e+01 -6.426805200e+01 +3.3842e+00 -2.3572e+00 -1.1063e+00 -8.0121e-01 +2.7693e+00
18 +2.779426828e+00 +2.779426828e+00 -7.319057317e+01 -7.319057317e+01 +2.3471e+00 -1.5188e+00 -6.5565e-01 -1.5210e-01 +1.4626e+00
26 +5.880713295e-01 +5.880713295e-01 -7.538192867e+01 -7.538192867e+01 +3.2363e+00 -3.3544e+00 -9.2248e-02 -1.2176e+00 +1.9138e+00
39 +4.950643184e-01 +4.950643184e-01 -7.547493568e+01 -7.547493568e+01 +3.2963e+00 -3.6412e+00 +4.0751e-02 -5.1454e-01 +1.8630e+00
134 +4.866115777e-01 +4.866115777e-01 -7.548338842e+01 -7.548338842e+01 +2.7737e+00 -1.8750e+00 -1.1109e+00 -1.1770e+00 +1.6647e+00
144 +2.471631741e-01 +2.471631741e-01 -7.572283683e+01 -7.572283683e+01 +2.7409e+00 -1.9719e+00 -1.1300e+00 -1.4284e+00 +1.5706e+00
170 +1.619500798e-01 +1.619500798e-01 -7.580804992e+01 -7.580804992e+01 +2.7072e+00 -2.2172e+00 -1.1644e+00 -1.4786e+00 +1.7853e+00
178 +1.171936212e-01 +1.171936212e-01 -7.585280638e+01 -7.585280638e+01 +2.8502e+00 -2.3495e+00 -1.0611e+00 -1.5253e+00 +1.6419e+00
189 +6.989178750e-02 +6.989178750e-02 -7.590010821e+01 -7.590010821e+01 +2.8530e+00 -2.5162e+00 -9.6166e-01 -1.7261e+00 +1.6281e+00
206 +5.660010990e-02 +5.660010990e-02 -7.591339989e+01 -7.591339989e+01 +2.8586e+00 -3.0262e+00 -8.7238e-01 -1.4568e+00 +1.8508e+00
213 +1.476949200e-03 +1.476949200e-03 -7.596852305e+01 -7.596852305e+01 +2.8124e+00 -2.9688e+00 -6.7059e-01 -1.5036e+00 +1.8737e+00
256 +1.273184841e-03 +1.273184841e-03 -7.596872682e+01 -7.596872682e+01 +2.7455e+00 -3.1770e+00 -4.5312e-01 -1.2980e+00 +1.9030e+00
263 +9.223748230e-04 +9.223748230e-04 -7.596907763e+01 -7.596907763e+01 +2.8450e+00 -3.1185e+00 -4.7817e-01 -1.2915e+00 +1.8176e+00
266 +4.459803281e-04 +4.459803281e-04 -7.596955402e+01 -7.596955402e+01 +2.8992e+00 -3.2619e+00 -4.3504e-01 -1.3949e+00 +1.8923e+00
273 +2.301891696e-04 +2.301891696e-04 -7.596976981e+01 -7.596976981e+01 +2.9069e+00 -3.5303e+00 -3.2773e-01 -1.4329e+00 +1.9619e+00
279 +1.769600772e-04 +1.769600772e-04 -7.596982304e+01 -7.596982304e+01 +2.9077e+00 -3.4466e+00 -3.9734e-01 -1.3262e+00 +1.9491e+00
304 +8.138399339e-05 +8.138399339e-05 -7.596991862e+01 -7.596991862e+01 +2.8381e+00 -3.3780e+00 -4.6714e-01 -1.4912e+00 +1.8844e+00
312 +2.834610167e-05 +2.834610167e-05 -7.596997165e+01 -7.596997165e+01 +2.8492e+00 -3.2903e+00 -5.2973e-01 -1.5429e+00 +1.9177e+00
358 +2.550536335e-05 +2.550536335e-05 -7.596997449e+01 -7.596997449e+01 +2.8454e+00 -3.2561e+00 -5.2510e-01 -1.4446e+00 +1.9134e+00
373 +1.692399231e-05 +1.692399231e-05 -7.596998308e+01 -7.596998308e+01 +2.8651e+00 -3.2582e+00 -4.9477e-01 -1.4089e+00 +1.8991e+00
376 +6.011813724e-06 +6.011813724e-06 -7.596999399e+01 -7.596999399e+01 +2.8764e+00 -3.3191e+00 -4.7416e-01 -1.4441e+00 +1.8793e+00
378 +2.349119015e-06 +2.349119015e-06 -7.596999765e+01 -7.596999765e+01 +2.8796e+00 -3.3399e+00 -4.7177e-01 -1.4644e+00 +1.9135e+00
385 +6.842268903e-07 +6.842268903e-07 -7.596999932e+01 -7.596999932e+01 +2.8682e+00 -3.3470e+00 -4.5806e-01 -1.4746e+00 +1.9275e+00
387 +3.168217688e-08 +3.168217688e-08 -7.596999997e+01 -7.596999997e+01 +2.8567e+00 -3.3180e+00 -4.7130e-01 -1.4538e+00 +1.9116e+00
452 +1.178720765e-08 +1.178720765e-08 -7.596999999e+01 -7.596999999e+01 +2.8520e+00 -3.3221e+00 -4.7035e-01 -1.4549e+00 +1.9197e+00
485 +7.055263040e-10 +7.055263040e-10 -7.597000000e+01 -7.597000000e+01 +2.8535e+00 -3.3250e+00 -4.6723e-01 -1.4623e+00 +1.9178e+00
777 +0.000000000e+00 +0.000000000e+00 -7.597000000e+01 -7.597000000e+01 +2.8524e+00 -3.3304e+00 -4.6269e-01 -1.4591e+00 +1.9203e+00
% function evaluation | noise-free fitness - Fopt (-1.699000000000e+01) | best noise-free fitness - Fopt | measured fitness | best measured fitness | x1 | x2...
1 +5.292290980e+01 +5.292290980e+01 +3.593290980e+01 +3.593290980e+01 +0.0000e+00 +0.0000e+00 +0.0000e+00 +0.0000e+00 +0.0000e+00
3 +3.721774585e+01 +3.721774585e+01 +2.022774585e+01 +2.022774585e+01 -2.6908e+00 +2.0576e-01 +3.2724e+00 -3.2316e+00 -1.1245e+00
8 +2.070179807e+01 +2.070179807e+01 +3.711798066e+00 +3.711798066e+00 -2.3108e+00 -7.0835e-01 +9.6163e-01 -1.3600e+00 +2.2708e+00
35 +1.612410191e+01 +1.612410191e+01 -8.658980861e-01 -8.658980861e-01 -2.1601e+00 -3.1862e+00 +1.0025e+00 -2.3696e+00 +2.8787e+00
49 +1.478647133e+01 +1.478647133e+01 -2.203528667e+00 -2.203528667e+00 -7.1531e-01 -3.1517e+00 +2.6574e+00 -2.4770e+00 +2.3416e+00
61 +1.355363927e+01 +1.355363927e+01 -3.436360734e+00 -3.436360734e+00 -6.9269e-01 -3.5947e+00 +2.0502e+00 -2.9413e+00 +2.5852e+00
77 +9.629234365e+00 +9.629234365e+00 -7.360765635e+00 -7.360765635e+00 -4.9413e-01 -2.4275e+00 +2.2278e+00 -1.4857e+00 +2.6700e+00
110 +7.965898393e+00 +7.965898393e+00 -9.024101607e+00 -9.024101607e+00 +1.8803e-01 -2.3412e+00 +3.7654e+00 -3.8958e-01 +2.7225e+00
113 +7.304408484e+00 +7.304408484e+00 -9.685591516e+00 -9.685591516e+00 +7.1903e-01 -2.7861e+00 +3.6962e+00 -8.6530e-01 +3.0150e+00
147 +6.985524239e+00 +6.985524239e+00 -1.000447576e+01 -1.000447576e+01 +8.8093e-01 -2.1305e+00 +4.1834e+00 -2.4758e+00 +2.2522e+00
158 +6.198921132e+00 +6.198921132e+00 -1.079107887e+01 -1.079107887e+01 +7.9951e-01 -1.9639e+00 +5.2349e+00 -1.9521e+00 +2.1557e+00
170 +2.802633447e+00 +2.802633447e+00 -1.418736655e+01 -1.418736655e+01 +8.8219e-01 -2.0448e+00 +4.8275e+00 -2.0211e+00 +2.5231e+00
194 +2.457968058e+00 +2.457968058e+00 -1.453203194e+01 -1.453203194e+01 +2.4993e-01 -1.7494e+00 +4.5834e+00 -1.9786e+00 +2.7234e+00
202 +2.417357434e+00 +2.417357434e+00 -1.457264257e+01 -1.457264257e+01 +6.0683e-02 -1.6870e+00 +4.2006e+00 -1.9617e+00 +2.4681e+00
203 +2.096554608e+00 +2.096554608e+00 -1.489344539e+01 -1.489344539e+01 +4.3789e-01 -1.6474e+00 +4.2511e+00 -2.1492e+00 +2.6625e+00
204 +2.004646035e+00 +2.004646035e+00 -1.498535397e+01 -1.498535397e+01 +6.1632e-01 -1.8486e+00 +4.3402e+00 -1.9164e+00 +2.9838e+00
232 +1.978109523e+00 +1.978109523e+00 -1.501189048e+01 -1.501189048e+01 +3.4261e-01 -2.0931e+00 +4.1712e+00 -1.6058e+00 +2.8247e+00
252 +1.941353840e+00 +1.941353840e+00 -1.504864616e+01 -1.504864616e+01 +4.8940e-01 -1.9802e+00 +4.1348e+00 -1.8321e+00 +2.8742e+00
62838 +1.699585606e+00 +1.699585606e+00 -1.529041439e+01 -1.529041439e+01 +5.2668e+00 -3.1503e-01 -3.9806e+00 +2.5368e+00 +1.1789e-01
62843 +1.450016244e+00 +1.450016244e+00 -1.553998376e+01 -1.553998376e+01 +5.2230e+00 +3.8316e-03 -3.9044e+00 +2.5246e+00 +4.9955e-02
62857 +1.287908110e+00 +1.287908110e+00 -1.570209189e+01 -1.570209189e+01 +5.1711e+00 +1.0076e-01 -3.9696e+00 +2.6321e+00 -2.5054e-02
62880 +1.245050793e+00 +1.245050793e+00 -1.574494921e+01 -1.574494921e+01 +5.1315e+00 +5.3821e-03 -3.9144e+00 +2.6073e+00 -2.4224e-01
62884 +1.176641656e+00 +1.176641656e+00 -1.581335834e+01 -1.581335834e+01 +5.0739e+00 -6.8229e-02 -3.8625e+00 +2.4692e+00 -2.6657e-01
62908 +1.143080067e+00 +1.143080067e+00 -1.584691993e+01 -1.584691993e+01 +4.9958e+00 -2.9532e-03 -3.8919e+00 +2.4459e+00 -3.0211e-01
62964 +1.118555355e+00 +1.118555355e+00 -1.587144465e+01 -1.587144465e+01 +5.0322e+00 +1.7693e-01 -3.8221e+00 +2.5999e+00 -2.1392e-01
62973 +1.045999725e+00 +1.045999725e+00 -1.594400028e+01 -1.594400028e+01 +5.0253e+00 +1.7603e-01 -3.8360e+00 +2.5471e+00 -2.3458e-01
63010 +1.004292375e+00 +1.004292375e+00 -1.598570763e+01 -1.598570763e+01 +5.0000e+00 +2.1677e-01 -3.8235e+00 +2.5218e+00 -2.9597e-01
63022 +9.935473420e-01 +9.935473420e-01 -1.599645266e+01 -1.599645266e+01 +4.9871e+00 +2.3253e-01 -3.8487e+00 +2.4776e+00 -3.0317e-01
63083 +9.770617314e-01 +9.770617314e-01 -1.601293827e+01 -1.601293827e+01 +4.9228e+00 +2.5315e-01 -3.8683e+00 +2.5043e+00 -3.2645e-01
63142 +9.549278276e-01 +9.549278276e-01 -1.603507217e+01 -1.603507217e+01 +4.8952e+00 +3.3779e-01 -3.8339e+00 +2.4592e+00 -3.4789e-01
63324 +9.327055431e-01 +9.327055431e-01 -1.605729446e+01 -1.605729446e+01 +4.8072e+00 +3.9411e-01 -3.8073e+00 +2.4360e+00 -4.4403e-01
% function evaluation | noise-free fitness - Fopt (2.740000000000e+00) | best noise-free fitness - Fopt | measured fitness | best measured fitness | x1 | x2...
1 +6.291308264e+01 +6.291308264e+01 +6.565308264e+01 +6.565308264e+01 +0.0000e+00 +0.0000e+00 +0.0000e+00 +0.0000e+00 +0.0000e+00
4 +5.580533315e+01 +5.580533315e+01 +5.854533315e+01 +5.854533315e+01 +8.9929e-01 -6.4990e-01 +2.0477e+00 -9.4691e-02 +3.8476e-01
6 +1.645378720e+01 +1.645378720e+01 +1.919378720e+01 +1.919378720e+01 -9.7228e-01 +1.1498e-01 -1.6243e-01 -7.8051e-01 -1.6088e+00
21 +1.588795482e+01 +1.588795482e+01 +1.862795482e+01 +1.862795482e+01 -1.4652e+00 +5.0109e-01 -1.1188e+00 -7.0046e-01 -1.7334e+00
26 +1.010008264e+01 +1.010008264e+01 +1.284008264e+01 +1.284008264e+01 -9.6125e-01 +1.3447e+00 -5.9786e-01 -1.0323e+00 -2.2439e+00
28 +9.141573903e+00 +9.141573903e+00 +1.188157390e+01 +1.188157390e+01 -1.0462e+00 +1.0114e+00 -3.8690e-01 -1.2286e+00 -1.6374e+00
39 +7.669941656e+00 +7.669941656e+00 +1.040994166e+01 +1.040994166e+01 -1.6561e+00 +8.2125e-01 -6.7254e-01 -1.5829e+00 -1.5727e+00
44 +6.977136421e+00 +6.977136421e+00 +9.717136421e+00 +9.717136421e+00 -8.7985e-01 +6.1102e-01 -6.3420e-01 -2.0976e+00 -1.0641e+00
87 +5.630881378e+00 +5.630881378e+00 +8.370881378e+00 +8.370881378e+00 -6.1515e-01 +2.0022e-02 -7.8275e-01 -1.0554e+00 -1.2536e+00
93 +5.153497604e+00 +5.153497604e+00 +7.893497604e+00 +7.893497604e+00 -7.3593e-01 +7.6156e-01 -7.4406e-01 -1.7506e+00 -1.6896e+00
94 +4.926719748e+00 +4.926719748e+00 +7.666719748e+00 +7.666719748e+00 -6.5858e-01 -1.3400e-01 -6.9117e-01 -1.3494e+00 -8.3888e-01
97 +2.436323625e+00 +2.436323625e+00 +5.176323625e+00 +5.176323625e+00 -1.1072e+00 +3.6705e-01 -7.2247e-01 -1.4404e+00 -1.6907e+00
131 +2.231816733e+00 +2.231816733e+00 +4.971816733e+00 +4.971816733e+00 -1.1466e+00 +4.7446e-01 -2.9284e-01 -1.6887e+00 -1.9139e+00
138 +2.050654670e+00 +2.050654670e+00 +4.790654670e+00 +4.790654670e+00 -1.2929e+00 +2.5843e-01 -2.2354e-01 -1.5197e+00 -2.3331e+00
144 +2.038938287e+00 +2.038938287e+00 +4.778938287e+00 +4.778938287e+00 -1.3511e+00 +1.2361e-01 -4.7921e-01 -1.4209e+00 -2.0301e+00
184 +1.990160758e+00 +1.990160758e+00 +4.730160758e+00 +4.730160758e+00 -1.2881e+00 -3.3450e-03 -3.0470e-01 -1.3231e+00 -2.3886e+00
231 +1.898180299e+00 +1.898180299e+00 +4.638180299e+00 +4.638180299e+00 -1.6074e+00 -4.4300e-01 -5.7284e-02 -1.3630e+00 -2.5581e+00
290 +1.849130914e+00 +1.849130914e+00 +4.589130914e+00 +4.589130914e+00 -1.6115e+00 -6.3181e-01 -2.0393e-01 -1.2567e+00 -2.3941e+00
396 +1.817927005e+00 +1.817927005e+00 +4.557927005e+00 +4.557927005e+00 -1.6506e+00 -6.3405e-01 -1.6800e-01 -1.2171e+00 -2.6476e+00
134402 +1.673383687e+00 +1.673383687e+00 +4.413383687e+00 +4.413383687e+00 +4.1073e-01 -1.4330e+00 -4.1816e+00 -1.6693e+00 -4.0907e+00
134436 +1.650420872e+00 +1.650420872e+00 +4.390420872e+00 +4.390420872e+00 +3.5253e-01 -1.3193e+00 -4.1223e+00 -1.6271e+00 -4.2819e+00
134471 +1.607197357e+00 +1.607197357e+00 +4.347197357e+00 +4.347197357e+00 +3.2158e-01 -1.3110e+00 -4.1122e+00 -1.7224e+00 -4.1081e+00
134513 +1.580429592e+00 +1.580429592e+00 +4.320429592e+00 +4.320429592e+00 +2.9954e-01 -1.3176e+00 -4.0365e+00 -1.7209e+00 -4.1533e+00
342342 +1.500359706e+00 +1.500359706e+00 +4.240359706e+00 +4.240359706e+00 +1.0523e+00 -2.6287e+00 +3.4908e+00 -2.5396e+00 +1.3102e-01
342346 +5.470212485e-01 +5.470212485e-01 +3.287021248e+00 +3.287021248e+00 +2.2113e+00 -2.0682e+00 +2.9049e+00 -2.0654e+00 +4.1289e-01
342352 +4.932570244e-01 +4.932570244e-01 +3.233257024e+00 +3.233257024e+00 +8.5369e-01 -2.1527e+00 +3.8479e+00 -2.7838e+00 +2.2367e-02
342373 +8.896553539e-02 +8.896553539e-02 +2.828965535e+00 +2.828965535e+00 +1.5402e+00 -1.9634e+00 +3.5108e+00 -2.5303e+00 +2.6312e-01
342378 +8.318011165e-02 +8.318011165e-02 +2.823180112e+00 +2.823180112e+00 +1.5059e+00 -1.8258e+00 +3.4547e+00 -2.3338e+00 -6.7785e-05
342387 +5.557609614e-02 +5.557609614e-02 +2.795576096e+00 +2.795576096e+00 +1.4791e+00 -1.9677e+00 +3.4268e+00 -2.4431e+00 +1.9292e-01
342402 +4.909757383e-02 +4.909757383e-02 +2.789097574e+00 +2.789097574e+00 +1.8129e+00 -1.8249e+00 +3.0771e+00 -2.2975e+00 +4.7892e-02
342404 +2.960015253e-02 +2.960015253e-02 +2.769600153e+00 +2.769600153e+00 +1.6842e+00 -1.9410e+00 +3.3803e+00 -2.3783e+00 +1.2760e-01
342407 +1.462078996e-02 +1.462078996e-02 +2.754620790e+00 +2.754620790e+00 +2.0476e+00 -1.9496e+00 +3.1615e+00 -2.2033e+00 -4.2829e-02
342408 +1.061434959e-03 +1.061434959e-03 +2.741061435e+00 +2.741061435e+00 +1.8930e+00 -2.1112e+00 +3.3970e+00 -2.4039e+00 -1.1364e-01
342481 +7.991957904e-04 +7.991957904e-04 +2.740799196e+00 +2.740799196e+00 +1.8053e+00 -2.0225e+00 +3.2392e+00 -2.3364e+00 -1.0533e-01
342498 +4.018065821e-04 +4.018065821e-04 +2.740401807e+00 +2.740401807e+00 +1.7644e+00 -2.0020e+00 +3.2504e+00 -2.3494e+00 -1.1636e-01
342515 +3.269177930e-04 +3.269177930e-04 +2.740326918e+00 +2.740326918e+00 +1.8677e+00 -2.0384e+00 +3.2213e+00 -2.2417e+00 -1.5458e-01
342524 +3.162181779e-04 +3.162181779e-04 +2.740316218e+00 +2.740316218e+00 +1.7313e+00 -2.0067e+00 +3.2367e+00 -2.2965e+00 -1.2918e-01
342561 +2.614833155e-04 +2.614833155e-04 +2.740261483e+00 +2.740261483e+00 +1.8017e+00 -2.0013e+00 +3.2321e+00 -2.3043e+00 -1.4165e-01
342568 +1.866954785e-04 +1.866954785e-04 +2.740186695e+00 +2.740186695e+00 +1.8551e+00 -1.9769e+00 +3.2495e+00 -2.2890e+00 -1.6786e-01
342588 +1.235198716e-04 +1.235198716e-04 +2.740123520e+00 +2.740123520e+00 +1.8582e+00 -1.9862e+00 +3.2963e+00 -2.2749e+00 -1.8348e-01
342598 +7.633098774e-05 +7.633098774e-05 +2.740076331e+00 +2.740076331e+00 +1.8408e+00 -1.9900e+00 +3.2844e+00 -2.3129e+00 -1.7823e-01
342612 +4.940802061e-05 +4.940802061e-05 +2.740049408e+00 +2.740049408e+00 +1.7931e+00 -1.9828e+00 +3.2926e+00 -2.3180e+00 -1.7304e-01
342618 +4.179711545e-05 +4.179711545e-05 +2.740041797e+00 +2.740041797e+00 +1.8372e+00 -1.9729e+00 +3.3202e+00 -2.3237e+00 -1.5314e-01
342647 +2.803981666e-05 +2.803981666e-05 +2.740028040e+00 +2.740028040e+00 +1.8176e+00 -1.9881e+00 +3.3192e+00 -2.3203e+00 -1.6648e-01
342659 +2.394123214e-05 +2.394123214e-05 +2.740023941e+00 +2.740023941e+00 +1.8232e+00 -1.9796e+00 +3.3298e+00 -2.3298e+00 -1.6782e-01
342675 +1.904152231e-05 +1.904152231e-05 +2.740019042e+00 +2.740019042e+00 +1.8206e+00 -1.9831e+00 +3.3459e+00 -2.3351e+00 -1.7451e-01
342676 +1.599020191e-05 +1.599020191e-05 +2.740015990e+00 +2.740015990e+00 +1.8223e+00 -1.9875e+00 +3.3436e+00 -2.3380e+00 -1.8112e-01
342681 +1.276376648e-05 +1.276376648e-05 +2.740012764e+00 +2.740012764e+00 +1.8194e+00 -1.9846e+00 +3.3592e+00 -2.3437e+00 -1.8160e-01
342684 +7.469470115e-06 +7.469470115e-06 +2.740007469e+00 +2.740007469e+00 +1.8378e+00 -1.9737e+00 +3.3638e+00 -2.3516e+00 -1.8192e-01
342690 +6.992129695e-06 +6.992129695e-06 +2.740006992e+00 +2.740006992e+00 +1.8425e+00 -1.9822e+00 +3.3648e+00 -2.3528e+00 -1.7849e-01
342693 +6.449068581e-06 +6.449068581e-06 +2.740006449e+00 +2.740006449e+00 +1.8241e+00 -1.9697e+00 +3.3751e+00 -2.3611e+00 -1.7832e-01
342697 +5.388470411e-06 +5.388470411e-06 +2.740005388e+00 +2.740005388e+00 +1.8152e+00 -1.9780e+00 +3.3647e+00 -2.3604e+00 -1.7458e-01
342700 +3.959524590e-06 +3.959524590e-06 +2.740003960e+00 +2.740003960e+00 +1.8199e+00 -1.9611e+00 +3.3876e+00 -2.3754e+00 -1.8429e-01
342709 +3.634932809e-06 +3.634932809e-06 +2.740003635e+00 +2.740003635e+00 +1.8270e+00 -1.9607e+00 +3.3930e+00 -2.3880e+00 -1.9215e-01
342711 +3.591591396e-06 +3.591591396e-06 +2.740003592e+00 +2.740003592e+00 +1.8244e+00 -1.9648e+00 +3.3749e+00 -2.3724e+00 -1.7889e-01
342719 +2.036634234e-06 +2.036634234e-06 +2.740002037e+00 +2.740002037e+00 +1.8163e+00 -1.9627e+00 +3.3745e+00 -2.3797e+00 -1.7340e-01
342727 +1.664038954e-06 +1.664038954e-06 +2.740001664e+00 +2.740001664e+00 +1.8044e+00 -1.9476e+00 +3.3911e+00 -2.3961e+00 -1.7410e-01
342732 +8.169703842e-07 +8.169703842e-07 +2.740000817e+00 +2.740000817e+00 +1.8059e+00 -1.9534e+00 +3.4000e+00 -2.4075e+00 -1.7111e-01
342754 +5.532021672e-07 +5.532021672e-07 +2.740000553e+00 +2.740000553e+00 +1.7934e+00 -1.9507e+00 +3.4261e+00 -2.4334e+00 -1.8204e-01
342757 +1.490275299e-07 +1.490275299e-07 +2.740000149e+00 +2.740000149e+00 +1.7832e+00 -1.9481e+00 +3.4261e+00 -2.4315e+00 -1.7928e-01
342775 +9.772370069e-08 +9.772370069e-08 +2.740000098e+00 +2.740000098e+00 +1.7721e+00 -1.9494e+00 +3.4407e+00 -2.4375e+00 -1.7532e-01
342785 +6.296580946e-08 +6.296580946e-08 +2.740000063e+00 +2.740000063e+00 +1.7889e+00 -1.9542e+00 +3.4250e+00 -2.4286e+00 -1.7564e-01
342789 +5.052597540e-08 +5.052597540e-08 +2.740000051e+00 +2.740000051e+00 +1.7699e+00 -1.9523e+00 +3.4447e+00 -2.4505e+00 -1.6547e-01
342806 +2.489630146e-08 +2.489630146e-08 +2.740000025e+00 +2.740000025e+00 +1.7816e+00 -1.9628e+00 +3.4103e+00 -2.4158e+00 -1.7195e-01
342812 +4.531965914e-09 +4.531965914e-09 +2.740000005e+00 +2.740000005e+00 +1.7699e+00 -1.9559e+00 +3.4342e+00 -2.4370e+00 -1.6982e-01
343267 +0.000000000e+00 +0.000000000e+00 +2.740000000e+00 +2.740000000e+00 +1.7705e+00 -1.9569e+00 +3.4240e+00 -2.4307e+00 -1.6566e-01
% function evaluation | noise-free fitness - Fopt (-3.564000000000e+01) | best noise-free fitness - Fopt | measured fitness | best measured fitness | x1 | x2...
1 +6.419139959e+01 +6.419139959e+01 +2.855139959e+01 +2.855139959e+01 +0.0000e+00 +0.0000e+00 +0.0000e+00 +0.0000e+00 +0.0000e+00
2 +5.720074941e+01 +5.720074941e+01 +2.156074941e+01 +2.156074941e+01 +1.1220e+00 +7.0205e-01 -1.2471e+00 +3.6619e-01 -1.8973e+00
4 +4.999986401e+01 +4.999986401e+01 +1.435986401e+01 +1.435986401e+01 +2.1707e+00 +5.5612e-01 +5.2211e-01 -1.5763e-01 -2.6049e+00
14 +4.406545236e+01 +4.406545236e+01 +8.425452365e+00 +8.425452365e+00 +2.9004e+00 -5.0251e-01 -1.2420e-01 +7.8439e-01 -2.9837e+00
16 +3.009729904e+01 +3.009729904e+01 -5.542700965e+00 -5.542700965e+00 +2.7297e+00 -1.1793e+00 +4.5266e-01 -5.9124e-01 -4.4987e+00
26 +2.606166108e+01 +2.606166108e+01 -9.578338922e+00 -9.578338922e+00 +1.7806e+00 +2.8489e-01 +1.2840e-01 -1.5173e+00 -2.1151e+00
29 +1.845637501e+01 +1.845637501e+01 -1.718362499e+01 -1.718362499e+01 +2.2031e+00 -1.7172e+00 +7.4413e-01 -5.2940e-01 -5.0216e+00
31 +1.619825987e+01 +1.619825987e+01 -1.944174013e+01 -1.944174013e+01 +2.8469e+00 -1.9375e+00 +3.4248e-01 -7.8498e-02 -5.1553e+00
37 +1.443342568e+01 +1.443342568e+01 -2.120657432e+01 -2.120657432e+01 +2.1333e+00 -1.8367e+00 +1.5704e-01 +7.3938e-01 -5.5299e+00
60 +9.933900873e+00 +9.933900873e+00 -2.570609913e+01 -2.570609913e+01 +2.3997e+00 -1.0785e+00 +5.3498e-01 -4.9616e-01 -3.2738e+00
106 +9.356438142e+00 +9.356438142e+00 -2.628356186e+01 -2.628356186e+01 +2.7944e+00 -1.2708e+00 +3.1393e-01 -6.3295e-01 -3.8850e+00
112 +8.305913107e+00 +8.305913107e+00 -2.733408689e+01 -2.733408689e+01 +2.8171e+00 -1.5397e+00 +2.0253e-01 -2.5159e-01 -3.9806e+00
208 +8.124313795e+00 +8.124313795e+00 -2.751568620e+01 -2.751568620e+01 +2.5403e+00 -1.1273e+00 +5.3180e-01 -9.1784e-01 -3.3099e+00
213 +7.815928848e+00 +7.815928848e+00 -2.782407115e+01 -2.782407115e+01 +2.5621e+00 -1.2649e+00 +7.8059e-01 -7.0781e-01 -3.4356e+00
225 +7.645235040e+00 +7.645235040e+00 -2.799476496e+01 -2.799476496e+01 +2.7163e+00 -1.2893e+00 +5.7959e-01 -7.2385e-01 -3.4728e+00
232 +7.571166177e+00 +7.571166177e+00 -2.806883382e+01 -2.806883382e+01 +2.7192e+00 -1.1823e+00 +4.3189e-01 -7.4001e-01 -3.3849e+00
345 +7.307712342e+00 +7.307712342e+00 -2.833228766e+01 -2.833228766e+01 +2.8449e+00 -1.0501e+00 +4.0819e-01 -9.9230e-01 -3.0134e+00
380 +7.206599604e+00 +7.206599604e+00 -2.843340040e+01 -2.843340040e+01 +2.6880e+00 -9.6161e-01 +7.2321e-01 -1.1294e+00 -2.7081e+00
396 +6.999812442e+00 +6.999812442e+00 -2.864018756e+01 -2.864018756e+01 +2.9776e+00 -8.7966e-01 +2.5208e-01 -1.2181e+00 -2.4908e+00
408 +6.828757766e+00 +6.828757766e+00 -2.881124223e+01 -2.881124223e+01 +2.9413e+00 -7.8956e-01 +3.4213e-01 -1.1276e+00 -2.3810e+00
456 +6.687439348e+00 +6.687439348e+00 -2.895256065e+01 -2.895256065e+01 +3.1609e+00 -9.8931e-01 +4.4883e-01 -1.1083e+00 -2.3889e+00
466 +6.582971223e+00 +6.582971223e+00 -2.905702878e+01 -2.905702878e+01 +3.0704e+00 -9.6122e-01 +4.2977e-01 -1.1389e+00 -2.4558e+00
538 +6.450296835e+00 +6.450296835e+00 -2.918970317e+01 -2.918970317e+01 +3.1354e+00 -9.6819e-01 +4.9454e-01 -1.3139e+00 -2.3096e+00
614 +6.281106419e+00 +6.281106419e+00 -2.935889358e+01 -2.935889358e+01 +3.1808e+00 -8.9142e-01 +4.4234e-01 -1.3896e+00 -2.1312e+00
672 +6.159003079e+00 +6.159003079e+00 -2.948099692e+01 -2.948099692e+01 +3.2166e+00 -8.3820e-01 +4.4755e-01 -1.4578e+00 -1.9324e+00
847 +6.023372530e+00 +6.023372530e+00 -2.961662747e+01 -2.961662747e+01 +3.2489e+00 -7.3607e-01 +4.6689e-01 -1.5638e+00 -1.7314e+00
999 +5.887817217e+00 +5.887817217e+00 -2.975218278e+01 -2.975218278e+01 +3.3663e+00 -7.1572e-01 +5.4992e-01 -1.7782e+00 -1.4212e+00
73905 +2.033629307e+00 +2.033629307e+00 -3.360637069e+01 -3.360637069e+01 +3.9444e+00 -1.9762e+00 -1.1963e+00 -3.5811e+00 -3.2241e+00
73924 +1.975753758e+00 +1.975753758e+00 -3.366424624e+01 -3.366424624e+01 +3.8370e+00 -1.4925e+00 -1.0539e+00 -3.7486e+00 -3.6587e+00
73960 +1.875607638e+00 +1.875607638e+00 -3.376439236e+01 -3.376439236e+01 +4.1959e+00 -1.8919e+00 -1.1293e+00 -3.9601e+00 -3.2943e+00
73969 +1.779692838e+00 +1.779692838e+00 -3.386030716e+01 -3.386030716e+01 +4.0467e+00 -1.7484e+00 -9.2451e-01 -4.0055e+00 -3.1278e+00
73975 +1.725832403e+00 +1.725832403e+00 -3.391416760e+01 -3.391416760e+01 +4.0241e+00 -1.8891e+00 -6.5568e-01 -4.1058e+00 -3.2216e+00
73977 +1.683475394e+00 +1.683475394e+00 -3.395652461e+01 -3.395652461e+01 +3.8235e+00 -1.9588e+00 -7.3963e-01 -3.8797e+00 -3.2643e+00
73998 +1.548433294e+00 +1.548433294e+00 -3.409156671e+01 -3.409156671e+01 +4.0899e+00 -1.8366e+00 -7.6483e-01 -4.0390e+00 -3.3577e+00
74002 +1.422266869e+00 +1.422266869e+00 -3.421773313e+01 -3.421773313e+01 +3.8107e+00 -1.7328e+00 -8.6708e-01 -3.9964e+00 -3.3553e+00
74035 +1.388999991e+00 +1.388999991e+00 -3.425100001e+01 -3.425100001e+01 +3.8801e+00 -2.0167e+00 -8.4807e-01 -4.0394e+00 -3.3928e+00
74051 +1.365847585e+00 +1.365847585e+00 -3.427415242e+01 -3.427415242e+01 +3.9340e+00 -1.8818e+00 -9.5987e-01 -4.1777e+00 -3.3373e+00
74064 +1.325147190e+00 +1.325147190e+00 -3.431485281e+01 -3.431485281e+01 +3.8693e+00 -1.7624e+00 -9.0063e-01 -4.0209e+00 -3.4075e+00
74068 +1.278187446e+00 +1.278187446e+00 -3.436181255e+01 -3.436181255e+01 +3.8450e+00 -1.9092e+00 -8.4527e-01 -4.1326e+00 -3.4390e+00
74076 +1.253731772e+00 +1.253731772e+00 -3.438626823e+01 -3.438626823e+01 +3.8542e+00 -1.8824e+00 -8.6851e-01 -4.1165e+00 -3.4665e+00
% function evaluation | noise-free fitness - Fopt (-4.590900000000e+02) | best noise-free fitness - Fopt | measured fitness | best measured fitness | x1 | x2...
1 +5.870251641e+01 +5.870251641e+01 -4.003874836e+02 -4.003874836e+02 +0.0000e+00 +0.0000e+00 +0.0000e+00 +0.0000e+00 +0.0000e+00
2 +2.401345554e+01 +2.401345554e+01 -4.350765445e+02 -4.350765445e+02 -3.3722e-01 +2.9517e+00 +6.3346e-01 -6.6574e-01 -9.5969e-01
9 +1.689793287e+01 +1.689793287e+01 -4.421920671e+02 -4.421920671e+02 -4.6165e-01 -2.5759e+00 -1.7262e+00 -1.3294e+00 -1.5199e+00
17 +9.059130056e+00 +9.059130056e+00 -4.500308699e+02 -4.500308699e+02 -1.1794e+00 -5.7165e-01 +9.5741e-01 -2.9797e+00 -1.0219e+00
110 +8.787047784e+00 +8.787047784e+00 -4.503029522e+02 -4.503029522e+02 -4.1960e+00 -3.2178e+00 -2.2141e+00 -3.6495e+00 +3.8612e+00
117 +6.553976461e+00 +6.553976461e+00 -4.525360235e+02 -4.525360235e+02 -3.5944e+00 -3.7923e+00 -2.7329e+00 -3.9161e+00 +4.2445e+00
144 +6.361263494e+00 +6.361263494e+00 -4.527287365e+02 -4.527287365e+02 -3.3870e+00 -3.7554e+00 -2.6223e+00 -3.1551e+00 +3.6973e+00
165 +4.689503827e+00 +4.689503827e+00 -4.544004962e+02 -4.544004962e+02 -3.2575e+00 -3.2696e+00 -2.3321e+00 -3.7597e+00 +3.8411e+00
175 +2.098968253e+00 +2.098968253e+00 -4.569910317e+02 -4.569910317e+02 -3.7597e+00 -3.0347e+00 -2.2450e+00 -4.7317e+00 +4.0366e+00
308 +2.081220240e+00 +2.081220240e+00 -4.570087798e+02 -4.570087798e+02 -3.8178e+00 -2.9819e+00 -2.5309e+00 -4.9742e+00 +4.4512e+00
313 +2.028745930e+00 +2.028745930e+00 -4.570612541e+02 -4.570612541e+02 -3.8743e+00 -3.1066e+00 -2.8590e+00 -4.6826e+00 +4.7284e+00
296279 +1.813040924e+00 +1.813040924e+00 -4.572769591e+02 -4.572769591e+02 +3.8882e+00 -3.5342e+00 -2.9736e-01 -6.0914e-02 -2.9244e+00
296326 +1.616115593e+00 +1.616115593e+00 -4.574738844e+02 -4.574738844e+02 +3.8722e+00 -3.0513e+00 -5.4148e-01 -3.0660e-01 -3.0942e+00
296327 +1.491517332e+00 +1.491517332e+00 -4.575984827e+02 -4.575984827e+02 +3.9541e+00 -3.5170e+00 -4.6662e-01 -4.2380e-01 -2.7414e+00
296347 +1.460999177e+00 +1.460999177e+00 -4.576290008e+02 -4.576290008e+02 +3.9251e+00 -3.5268e+00 -4.3226e-01 -3.2797e-01 -2.7469e+00
296374 +1.420115064e+00 +1.420115064e+00 -4.576698849e+02 -4.576698849e+02 +3.8013e+00 -3.2611e+00 -3.5909e-01 -3.9912e-01 -2.9563e+00
296384 +1.381210082e+00 +1.381210082e+00 -4.577087899e+02 -4.577087899e+02 +3.7589e+00 -3.4570e+00 -5.4071e-01 -3.5391e-01 -2.8703e+00
296395 +1.371905649e+00 +1.371905649e+00 -4.577180944e+02 -4.577180944e+02 +3.8006e+00 -3.3840e+00 -6.0721e-01 -2.3377e-01 -2.8246e+00
296408 +1.268571338e+00 +1.268571338e+00 -4.578214287e+02 -4.578214287e+02 +3.8670e+00 -3.3572e+00 -5.3846e-01 -3.4683e-01 -2.7805e+00
296456 +1.258726752e+00 +1.258726752e+00 -4.578312732e+02 -4.578312732e+02 +3.8479e+00 -3.3108e+00 -5.1440e-01 -3.8642e-01 -2.8567e+00
405134 +1.087803246e+00 +1.087803246e+00 -4.580021968e+02 -4.580021968e+02 -3.1127e+00 -3.9761e+00 -2.0545e+00 +4.8716e+00 +2.4977e+00
405141 +9.706300163e-01 +9.706300163e-01 -4.581193700e+02 -4.581193700e+02 -3.2474e+00 -4.0603e+00 -2.0006e+00 +4.6887e+00 +2.4272e+00
405146 +8.367691071e-01 +8.367691071e-01 -4.582532309e+02 -4.582532309e+02 -3.4320e+00 -3.9670e+00 -2.0242e+00 +5.0020e+00 +2.4286e+00
405198 +8.159035208e-01 +8.159035208e-01 -4.582740965e+02 -4.582740965e+02 -3.4195e+00 -4.1759e+00 -1.9615e+00 +4.9478e+00 +2.3772e+00
405200 +7.904118612e-01 +7.904118612e-01 -4.582995881e+02 -4.582995881e+02 -3.4337e+00 -4.1282e+00 -2.1134e+00 +5.0770e+00 +2.4328e+00
405237 +7.334461890e-01 +7.334461890e-01 -4.583565538e+02 -4.583565538e+02 -3.4265e+00 -4.0826e+00 -2.0267e+00 +5.0057e+00 +2.4390e+00
405284 +7.099947861e-01 +7.099947861e-01 -4.583800052e+02 -4.583800052e+02 -3.4358e+00 -4.1271e+00 -1.9535e+00 +4.9557e+00 +2.5561e+00
405320 +7.024653577e-01 +7.024653577e-01 -4.583875346e+02 -4.583875346e+02 -3.4186e+00 -4.1157e+00 -1.8908e+00 +4.8202e+00 +2.5084e+00
% function evaluation | noise-free fitness - Fopt (6.085000000000e+01) | best noise-free fitness - Fopt | measured fitness | best measured fitness | x1 | x2...
1 +6.278523772e+01 +6.278523772e+01 +1.236352377e+02 +1.236352377e+02 +0.0000e+00 +0.0000e+00 +0.0000e+00 +0.0000e+00 +0.0000e+00
3 +5.249300253e+01 +5.249300253e+01 +1.133430025e+02 +1.133430025e+02 -8.4509e-01 +2.3600e-01 +1.4056e+00 -1.5499e+00 -4.5040e-01
14 +1.747584270e+01 +1.747584270e+01 +7.832584270e+01 +7.832584270e+01 -4.6926e-01 -1.8141e-01 +1.2460e+00 +1.3561e+00 +2.1075e-02
27 +1.697935145e+01 +1.697935145e+01 +7.782935145e+01 +7.782935145e+01 +9.6162e-02 +2.7381e-01 +2.2377e+00 +6.7284e-01 +1.4001e+00
33 +1.622400469e+01 +1.622400469e+01 +7.707400469e+01 +7.707400469e+01 +1.2537e-01 +1.3864e+00 +1.8360e+00 +2.7237e+00 +1.7064e+00
39 +1.524415060e+01 +1.524415060e+01 +7.609415060e+01 +7.609415060e+01 +1.8035e+00 -6.6015e-01 +2.7481e+00 +1.4084e+00 +2.5074e+00
68 +1.220028462e+01 +1.220028462e+01 +7.305028462e+01 +7.305028462e+01 -2.7688e-01 +6.9846e-01 +1.2646e+00 +2.1333e+00 +1.2192e+00
77 +1.199870904e+01 +1.199870904e+01 +7.284870904e+01 +7.284870904e+01 -1.9645e+00 +8.2569e-01 +2.2106e+00 +1.8000e+00 +3.5638e-01
79 +2.227837541e+00 +2.227837541e+00 +6.307783754e+01 +6.307783754e+01 +6.8582e-01 +3.2482e+00 +2.6802e-01 +2.5504e+00 +1.1305e+00
91 +6.099267988e-01 +6.099267988e-01 +6.145992680e+01 +6.145992680e+01 +9.3891e-01 +3.3097e+00 +6.1617e-01 +1.9915e+00 +1.2893e+00
97 +4.743263036e-01 +4.743263036e-01 +6.132432630e+01 +6.132432630e+01 +6.9776e-01 +3.2070e+00 +5.0389e-01 +1.8219e+00 +1.7501e+00
145 +4.247022458e-01 +4.247022458e-01 +6.127470225e+01 +6.127470225e+01 +9.8054e-01 +3.0040e+00 +1.0874e-01 +1.7083e+00 +1.6540e+00
148 +4.073114890e-01 +4.073114890e-01 +6.125731149e+01 +6.125731149e+01 +9.2732e-01 +3.3322e+00 +6.5566e-01 +1.7595e+00 +1.7029e+00
161 +3.254041018e-01 +3.254041018e-01 +6.117540410e+01 +6.117540410e+01 +8.0372e-01 +2.9498e+00 +4.1068e-01 +2.2134e+00 +1.9343e+00
179 +1.614304104e-01 +1.614304104e-01 +6.101143041e+01 +6.101143041e+01 +8.9417e-01 +2.9557e+00 -1.0500e-01 +1.7689e+00 +2.1672e+00
194 +1.565025543e-01 +1.565025543e-01 +6.100650255e+01 +6.100650255e+01 +7.6004e-01 +3.1271e+00 -2.9939e-02 +1.8581e+00 +1.8872e+00
202 +1.113595883e-01 +1.113595883e-01 +6.096135959e+01 +6.096135959e+01 +9.0781e-01 +3.1428e+00 -2.0474e-02 +1.7702e+00 +1.9996e+00
215 +8.383617459e-02 +8.383617459e-02 +6.093383617e+01 +6.093383617e+01 +9.5155e-01 +3.0247e+00 -3.6183e-01 +1.7818e+00 +2.1367e+00
219 +6.326876068e-02 +6.326876068e-02 +6.091326876e+01 +6.091326876e+01 +1.0346e+00 +3.0763e+00 -8.8098e-02 +1.6637e+00 +2.0193e+00
225 +1.617802183e-02 +1.617802183e-02 +6.086617802e+01 +6.086617802e+01 +1.1797e+00 +3.0471e+00 -2.4130e-01 +1.6787e+00 +2.0114e+00
242 +7.209614999e-03 +7.209614999e-03 +6.085720961e+01 +6.085720961e+01 +1.2180e+00 +3.0443e+00 -3.4450e-01 +1.7515e+00 +2.0010e+00
259 +6.128129809e-03 +6.128129809e-03 +6.085612813e+01 +6.085612813e+01 +1.3282e+00 +3.2510e+00 -5.9250e-01 +1.7125e+00 +1.9433e+00
263 +8.616437260e-04 +8.616437260e-04 +6.085086164e+01 +6.085086164e+01 +1.2425e+00 +3.1900e+00 -6.0701e-01 +1.6994e+00 +1.9275e+00
334 +7.926739831e-04 +7.926739831e-04 +6.085079267e+01 +6.085079267e+01 +1.2859e+00 +3.0719e+00 -7.6795e-01 +1.6766e+00 +1.9702e+00
346 +5.227436014e-04 +5.227436014e-04 +6.085052274e+01 +6.085052274e+01 +1.3322e+00 +3.0996e+00 -8.4272e-01 +1.6644e+00 +2.0125e+00
347 +3.608931022e-04 +3.608931022e-04 +6.085036089e+01 +6.085036089e+01 +1.2425e+00 +3.1260e+00 -8.0190e-01 +1.7077e+00 +1.9307e+00
354 +1.852678266e-04 +1.852678266e-04 +6.085018527e+01 +6.085018527e+01 +1.2839e+00 +3.1809e+00 -6.6400e-01 +1.7313e+00 +1.9102e+00
409 +1.245478584e-04 +1.245478584e-04 +6.085012455e+01 +6.085012455e+01 +1.2990e+00 +3.1466e+00 -7.6061e-01 +1.7088e+00 +1.9532e+00
418 +1.206942756e-04 +1.206942756e-04 +6.085012069e+01 +6.085012069e+01 +1.2713e+00 +3.1295e+00 -8.1952e-01 +1.7325e+00 +1.9352e+00
425 +8.854210628e-05 +8.854210628e-05 +6.085008854e+01 +6.085008854e+01 +1.2657e+00 +3.1349e+00 -7.9815e-01 +1.7303e+00 +1.9421e+00
428 +7.410491972e-05 +7.410491972e-05 +6.085007410e+01 +6.085007410e+01 +1.2559e+00 +3.1459e+00 -7.4846e-01 +1.7613e+00 +1.9133e+00
431 +3.625856885e-05 +3.625856885e-05 +6.085003626e+01 +6.085003626e+01 +1.2961e+00 +3.1542e+00 -8.3261e-01 +1.7781e+00 +1.9610e+00
432 +2.907353085e-05 +2.907353085e-05 +6.085002907e+01 +6.085002907e+01 +1.2813e+00 +3.1471e+00 -8.1080e-01 +1.7487e+00 +1.9406e+00
434 +2.463057719e-05 +2.463057719e-05 +6.085002463e+01 +6.085002463e+01 +1.2679e+00 +3.1595e+00 -8.6014e-01 +1.8148e+00 +1.9517e+00
448 +2.106136229e-05 +2.106136229e-05 +6.085002106e+01 +6.085002106e+01 +1.2618e+00 +3.1909e+00 -9.0101e-01 +1.7987e+00 +1.9288e+00
452 +7.868378468e-06 +7.868378468e-06 +6.085000787e+01 +6.085000787e+01 +1.2715e+00 +3.1836e+00 -8.0485e-01 +1.7614e+00 +1.9233e+00
503 +4.333213042e-06 +4.333213042e-06 +6.085000433e+01 +6.085000433e+01 +1.2628e+00 +3.2222e+00 -8.5355e-01 +1.8283e+00 +1.8999e+00
531 +2.104755076e-06 +2.104755076e-06 +6.085000210e+01 +6.085000210e+01 +1.2659e+00 +3.2000e+00 -8.4854e-01 +1.8075e+00 +1.9077e+00
538 +2.034021072e-06 +2.034021072e-06 +6.085000203e+01 +6.085000203e+01 +1.2480e+00 +3.1869e+00 -8.2612e-01 +1.8104e+00 +1.9262e+00
539 +1.822877017e-06 +1.822877017e-06 +6.085000182e+01 +6.085000182e+01 +1.2597e+00 +3.1927e+00 -8.0773e-01 +1.8043e+00 +1.8986e+00
546 +1.014455904e-06 +1.014455904e-06 +6.085000101e+01 +6.085000101e+01 +1.2641e+00 +3.2022e+00 -8.2677e-01 +1.8212e+00 +1.9112e+00
574 +9.088565349e-07 +9.088565349e-07 +6.085000091e+01 +6.085000091e+01 +1.2515e+00 +3.2059e+00 -8.3525e-01 +1.8236e+00 +1.9057e+00
575 +7.871523877e-07 +7.871523877e-07 +6.085000079e+01 +6.085000079e+01 +1.2610e+00 +3.2081e+00 -8.2503e-01 +1.8302e+00 +1.9066e+00
587 +4.088433627e-07 +4.088433627e-07 +6.085000041e+01 +6.085000041e+01 +1.2580e+00 +3.2126e+00 -8.0127e-01 +1.8243e+00 +1.9031e+00
600 +3.644641353e-07 +3.644641353e-07 +6.085000036e+01 +6.085000036e+01 +1.2485e+00 +3.2216e+00 -8.0059e-01 +1.8351e+00 +1.8984e+00
602 +6.956616971e-08 +6.956616971e-08 +6.085000007e+01 +6.085000007e+01 +1.2518e+00 +3.2124e+00 -7.9881e-01 +1.8339e+00 +1.8980e+00
617 +4.370519235e-08 +4.370519235e-08 +6.085000004e+01 +6.085000004e+01 +1.2382e+00 +3.2231e+00 -7.7734e-01 +1.8519e+00 +1.8899e+00
740 +1.181084031e-08 +1.181084031e-08 +6.085000001e+01 +6.085000001e+01 +1.2402e+00 +3.2023e+00 -7.7097e-01 +1.8397e+00 +1.8997e+00
754 +1.113838266e-08 +1.113838266e-08 +6.085000001e+01 +6.085000001e+01 +1.2351e+00 +3.2091e+00 -7.6805e-01 +1.8396e+00 +1.8931e+00
765 +2.402593680e-09 +2.402593680e-09 +6.085000000e+01 +6.085000000e+01 +1.2374e+00 +3.2098e+00 -7.6129e-01 +1.8396e+00 +1.8943e+00
1074 +0.000000000e+00 +0.000000000e+00 +6.085000000e+01 +6.085000000e+01 +1.2382e+00 +3.2116e+00 -7.7188e-01 +1.8435e+00 +1.8952e+00
% function evaluation | noise-free fitness - Fopt (-1.435000000000e+02) | best noise-free fitness - Fopt | measured fitness | best measured fitness | x1 | x2...
1 +6.636973448e+01 +6.636973448e+01 -7.713026552e+01 -7.713026552e+01 +0.0000e+00 +0.0000e+00 +0.0000e+00 +0.0000e+00 +0.0000e+00
2 +6.068624630e+01 +6.068624630e+01 -8.281375370e+01 -8.281375370e+01 +8.3329e-03 -1.3553e-01 -6.8663e-01 +3.0003e-01 -3.8861e-01
4 +2.651173406e+01 +2.651173406e+01 -1.169882659e+02 -1.169882659e+02 -2.7592e+00 -2.0605e+00 -2.4712e+00 +2.0235e+00 -3.1949e+00
19 +1.791748664e+01 +1.791748664e+01 -1.255825134e+02 -1.255825134e+02 -3.1103e+00 -3.6052e+00 -2.2721e+00 +1.0645e+00 -3.5434e+00
126 +1.644810364e+01 +1.644810364e+01 -1.270518964e+02 -1.270518964e+02 -5.3359e+00 -2.8593e+00 -3.2522e+00 +3.2702e+00 -2.0944e+00
132 +1.531623742e+01 +1.531623742e+01 -1.281837626e+02 -1.281837626e+02 -5.2188e+00 -3.3664e+00 -3.3201e+00 +3.4092e+00 -2.4831e+00
145 +1.512459493e+01 +1.512459493e+01 -1.283754051e+02 -1.283754051e+02 -5.3691e+00 -3.2058e+00 -3.3348e+00 +3.4498e+00 -2.3854e+00
147 +1.345397604e+01 +1.345397604e+01 -1.300460240e+02 -1.300460240e+02 -4.7146e+00 -3.1428e+00 -2.8622e+00 +3.3344e+00 -2.5296e+00
165 +1.294037723e+01 +1.294037723e+01 -1.305596228e+02 -1.305596228e+02 -4.9212e+00 -2.9684e+00 -2.9260e+00 +3.4381e+00 -2.4405e+00
178 +1.271497465e+01 +1.271497465e+01 -1.307850253e+02 -1.307850253e+02 -4.5203e+00 -2.7640e+00 -2.7253e+00 +3.2337e+00 -2.5403e+00
188 +1.250121334e+01 +1.250121334e+01 -1.309987867e+02 -1.309987867e+02 -4.6144e+00 -2.6142e+00 -2.7983e+00 +3.3810e+00 -2.5312e+00
229 +1.222739779e+01 +1.222739779e+01 -1.312726022e+02 -1.312726022e+02 -4.5077e+00 -2.6606e+00 -2.6862e+00 +3.5027e+00 -2.5027e+00
56564 +4.835336745e+00 +4.835336745e+00 -1.386646633e+02 -1.386646633e+02 -1.4907e+00 +1.6688e+00 -3.0250e+00 -1.9304e+00 -1.9085e+00
56579 +2.028244482e+00 +2.028244482e+00 -1.414717555e+02 -1.414717555e+02 -9.5599e-01 +2.0440e+00 -3.4666e+00 -2.2841e+00 -1.0220e+00
56777 +1.865597500e+00 +1.865597500e+00 -1.416344025e+02 -1.416344025e+02 +8.0513e-01 +8.9287e-01 -4.7649e+00 +7.1108e-01 +2.0654e-01
56787 +1.829544901e+00 +1.829544901e+00 -1.416704551e+02 -1.416704551e+02 +9.8469e-01 +9.9182e-01 -4.8334e+00 +3.9591e-01 +6.5477e-02
56796 +1.650574245e+00 +1.650574245e+00 -1.418494258e+02 -1.418494258e+02 +1.2531e+00 +1.1487e+00 -4.7725e+00 +6.7165e-01 +2.4650e-02
56802 +1.386894846e+00 +1.386894846e+00 -1.421131052e+02 -1.421131052e+02 +1.2397e+00 +9.7642e-01 -4.7268e+00 +7.8751e-01 -1.0144e-01
56883 +1.370908355e+00 +1.370908355e+00 -1.421290916e+02 -1.421290916e+02 +1.2745e+00 +9.4253e-01 -4.8857e+00 +7.1446e-01 +4.7487e-03
56895 +1.340459345e+00 +1.340459345e+00 -1.421595407e+02 -1.421595407e+02 +1.2492e+00 +9.2339e-01 -4.9339e+00 +6.6764e-01 -4.5688e-02
56946 +1.277183988e+00 +1.277183988e+00 -1.422228160e+02 -1.422228160e+02 +1.3528e+00 +9.1551e-01 -4.9621e+00 +7.2232e-01 -9.0583e-02
57068 +1.254995363e+00 +1.254995363e+00 -1.422450046e+02 -1.422450046e+02 +1.3929e+00 +9.0681e-01 -4.8779e+00 +6.9643e-01 -1.3921e-01
361111 +1.175324793e+00 +1.175324793e+00 -1.423246752e+02 -1.423246752e+02 -7.6644e-01 -3.9361e+00 -1.8049e+00 +5.1703e+00 +2.3223e+00
361117 +1.155417340e+00 +1.155417340e+00 -1.423445827e+02 -1.423445827e+02 -7.4082e-01 -3.9187e+00 -1.7529e+00 +5.1705e+00 +2.3063e+00
361151 +1.138122312e+00 +1.138122312e+00 -1.423618777e+02 -1.423618777e+02 -7.9295e-01 -3.9214e+00 -1.5011e+00 +5.2039e+00 +2.2321e+00
361152 +1.067943028e+00 +1.067943028e+00 -1.424320570e+02 -1.424320570e+02 -6.9835e-01 -3.9566e+00 -1.6890e+00 +5.1835e+00 +2.2454e+00
361158 +1.045500470e+00 +1.045500470e+00 -1.424544995e+02 -1.424544995e+02 -8.1988e-01 -3.9529e+00 -1.6159e+00 +5.1868e+00 +2.2714e+00
361162 +9.874697752e-01 +9.874697752e-01 -1.425125302e+02 -1.425125302e+02 -8.0783e-01 -3.9187e+00 -1.5410e+00 +5.1501e+00 +2.2589e+00
361172 +9.234966319e-01 +9.234966319e-01 -1.425765034e+02 -1.425765034e+02 -1.0012e+00 -3.8660e+00 -1.2912e+00 +5.0919e+00 +2.3122e+00
361184 +9.008028340e-01 +9.008028340e-01 -1.425991972e+02 -1.425991972e+02 -1.1477e+00 -3.8788e+00 -1.0830e+00 +5.0372e+00 +2.3558e+00
361187 +8.827086114e-01 +8.827086114e-01 -1.426172914e+02 -1.426172914e+02 -1.6372e+00 -3.8047e+00 -5.7262e-01 +4.9063e+00 +2.4461e+00
361202 +8.471453577e-01 +8.471453577e-01 -1.426528546e+02 -1.426528546e+02 -1.4013e+00 -3.8717e+00 -1.0061e+00 +4.9217e+00 +2.4344e+00
361239 +7.870900660e-01 +7.870900660e-01 -1.427129099e+02 -1.427129099e+02 -1.6853e+00 -3.7889e+00 -6.0027e-01 +4.7784e+00 +2.4719e+00
361329 +7.662053831e-01 +7.662053831e-01 -1.427337946e+02 -1.427337946e+02 -1.1870e+00 -3.8208e+00 -1.0515e+00 +4.9074e+00 +2.3605e+00
361331 +7.456093308e-01 +7.456093308e-01 -1.427543907e+02 -1.427543907e+02 -1.3852e+00 -3.7638e+00 -9.7018e-01 +4.7834e+00 +2.4228e+00
361390 +7.359123270e-01 +7.359123270e-01 -1.427640877e+02 -1.427640877e+02 -1.3123e+00 -3.7741e+00 -1.0185e+00 +4.8058e+00 +2.3866e+00
361432 +7.169798187e-01 +7.169798187e-01 -1.427830202e+02 -1.427830202e+02 -1.3808e+00 -3.7455e+00 -7.6096e-01 +4.7894e+00 +2.3838e+00
361458 +7.054552472e-01 +7.054552472e-01 -1.427945448e+02 -1.427945448e+02 -1.3505e+00 -3.7204e+00 -7.2978e-01 +4.7467e+00 +2.3715e+00
% function evaluation | noise-free fitness - Fopt (9.465100000000e+02) | best noise-free fitness - Fopt | measured fitness | best measured fitness | x1 | x2...
1 +3.926232692e+01 +3.926232692e+01 +9.857723269e+02 +9.857723269e+02 +0.0000e+00 +0.0000e+00 +0.0000e+00 +0.0000e+00 +0.0000e+00
6 +2.918388066e+01 +2.918388066e+01 +9.756938807e+02 +9.756938807e+02 -2.8828e+00 -9.7750e-01 +1.7882e+00 +1.3054e+00 -1.5367e+00
9 +2.463620263e+01 +2.463620263e+01 +9.711462026e+02 +9.711462026e+02 -2.9450e+00 +2.2541e+00 +4.7023e+00 +2.8674e+00 -2.3727e+00
20 +9.554497432e+00 +9.554497432e+00 +9.560644974e+02 +9.560644974e+02 -3.2277e+00 +1.7083e+00 +4.0208e+00 +2.3030e+00 -2.1952e+00
43 +9.156538348e+00 +9.156538348e+00 +9.556665383e+02 +9.556665383e+02 -3.5512e+00 +1.9623e+00 +4.2660e+00 +2.4294e+00 -2.0732e+00
124 +9.097741695e+00 +9.097741695e+00 +9.556077417e+02 +9.556077417e+02 -3.0823e+00 +1.6070e+00 +3.9306e+00 +1.8166e+00 -1.1007e+00
161 +8.717913156e+00 +8.717913156e+00 +9.552279132e+02 +9.552279132e+02 -3.0775e+00 +1.8752e+00 +4.6581e+00 +1.8146e+00 -8.6574e-01
169 +8.485954087e+00 +8.485954087e+00 +9.549959541e+02 +9.549959541e+02 -3.1572e+00 +1.8262e+00 +4.9018e+00 +1.7550e+00 -9.1724e-01
177 +8.201570009e+00 +8.201570009e+00 +9.547115700e+02 +9.547115700e+02 -3.3261e+00 +1.8206e+00 +4.6857e+00 +1.8306e+00 -9.6110e-01
383 +8.127299150e+00 +8.127299150e+00 +9.546372992e+02 +9.546372992e+02 -3.4998e+00 +1.9342e+00 +4.8189e+00 +1.8104e+00 -9.7426e-01
66607 +7.467945295e+00 +7.467945295e+00 +9.539779453e+02 +9.539779453e+02 +2.8290e+00 +4.6698e+00 +1.4609e+00 +2.8330e+00 -3.7970e+00
66633 +5.643598567e+00 +5.643598567e+00 +9.521535986e+02 +9.521535986e+02 +3.7237e+00 +4.1992e+00 +1.8879e+00 +2.6642e+00 -4.2640e+00
66673 +5.154312113e+00 +5.154312113e+00 +9.516643121e+02 +9.516643121e+02 +3.5739e+00 +4.2278e+00 +2.0574e+00 +2.7172e+00 -4.0814e+00
66676 +4.547901777e+00 +4.547901777e+00 +9.510579018e+02 +9.510579018e+02 +3.5817e+00 +4.0567e+00 +1.7074e+00 +2.2769e+00 -4.0213e+00
66704 +4.451050447e+00 +4.451050447e+00 +9.509610504e+02 +9.509610504e+02 +3.9776e+00 +3.9265e+00 +1.8076e+00 +2.5742e+00 -3.7840e+00
66760 +4.351901601e+00 +4.351901601e+00 +9.508619016e+02 +9.508619016e+02 +3.6889e+00 +3.9278e+00 +1.8219e+00 +2.3720e+00 -3.9398e+00
66763 +4.102700429e+00 +4.102700429e+00 +9.506127004e+02 +9.506127004e+02 +3.8097e+00 +3.9498e+00 +1.6152e+00 +2.4407e+00 -3.8351e+00
66773 +4.010663396e+00 +4.010663396e+00 +9.505206634e+02 +9.505206634e+02 +3.7681e+00 +3.9900e+00 +1.6780e+00 +2.4308e+00 -3.8401e+00
66776 +3.786300989e+00 +3.786300989e+00 +9.502963010e+02 +9.502963010e+02 +3.9788e+00 +3.9971e+00 +1.5916e+00 +2.4327e+00 -3.7925e+00
66833 +3.684133070e+00 +3.684133070e+00 +9.501941331e+02 +9.501941331e+02 +3.9676e+00 +3.9566e+00 +1.5904e+00 +2.3430e+00 -3.6810e+00
143190 +3.516144262e+00 +3.516144262e+00 +9.500261443e+02 +9.500261443e+02 -3.2710e+00 +3.3435e+00 +7.3373e-01 +4.3516e+00 -4.0283e+00
143300 +3.007686797e+00 +3.007686797e+00 +9.495176868e+02 +9.495176868e+02 -3.3214e+00 +3.4022e+00 +5.3466e-01 +4.1736e+00 -4.3244e+00
143354 +2.940919215e+00 +2.940919215e+00 +9.494509192e+02 +9.494509192e+02 -3.2767e+00 +3.3265e+00 +7.0950e-01 +3.9868e+00 -3.7417e+00
143374 +2.710181793e+00 +2.710181793e+00 +9.492201818e+02 +9.492201818e+02 -3.1261e+00 +3.5363e+00 +1.0173e+00 +3.9103e+00 -3.7417e+00
143427 +2.608536305e+00 +2.608536305e+00 +9.491185363e+02 +9.491185363e+02 -3.3206e+00 +3.4568e+00 +7.9536e-01 +4.1202e+00 -3.8561e+00
143443 +2.567831815e+00 +2.567831815e+00 +9.490778318e+02 +9.490778318e+02 -3.3586e+00 +3.5430e+00 +8.7095e-01 +4.1152e+00 -3.8702e+00
143454 +2.500952316e+00 +2.500952316e+00 +9.490109523e+02 +9.490109523e+02 -3.3609e+00 +3.5908e+00 +7.5725e-01 +4.0008e+00 -3.8397e+00
243482 +2.333616959e+00 +2.333616959e+00 +9.488436170e+02 +9.488436170e+02 +3.0940e+00 +4.0943e-01 -1.0844e+00 -2.9242e+00 -2.6520e+00
243493 +2.124934909e+00 +2.124934909e+00 +9.486349349e+02 +9.486349349e+02 +2.9253e+00 +4.4537e-01 -1.2298e+00 -2.7653e+00 -2.5799e+00
243505 +1.617027130e+00 +1.617027130e+00 +9.481270271e+02 +9.481270271e+02 +2.4630e+00 +2.2673e-02 -1.8413e+00 -2.5871e+00 -3.3377e+00
243526 +1.169866786e+00 +1.169866786e+00 +9.476798668e+02 +9.476798668e+02 +2.6199e+00 -2.0126e-01 -1.7304e+00 -2.6033e+00 -3.2895e+00
243591 +1.099789250e+00 +1.099789250e+00 +9.476097893e+02 +9.476097893e+02 +2.6037e+00 +6.8276e-02 -1.5763e+00 -2.8029e+00 -3.1465e+00
243600 +9.862107068e-01 +9.862107068e-01 +9.474962107e+02 +9.474962107e+02 +2.6210e+00 -8.2765e-02 -1.4920e+00 -2.8596e+00 -3.1423e+00
243670 +9.757704788e-01 +9.757704788e-01 +9.474857705e+02 +9.474857705e+02 +2.6310e+00 -7.9996e-02 -1.4731e+00 -2.8144e+00 -3.0257e+00
243705 +9.543523649e-01 +9.543523649e-01 +9.474643524e+02 +9.474643524e+02 +2.5503e+00 -5.7761e-02 -1.5135e+00 -2.7011e+00 -3.1575e+00
243847 +9.325954477e-01 +9.325954477e-01 +9.474425954e+02 +9.474425954e+02 +2.5987e+00 -8.6355e-02 -1.4927e+00 -2.7348e+00 -3.1246e+00
409170 +4.816012111e-01 +4.816012111e-01 +9.469916012e+02 +9.469916012e+02 +2.1811e+00 -9.3825e-01 -2.1256e+00 -3.8157e+00 -2.3715e+00
409182 +9.825087171e-02 +9.825087171e-02 +9.466082509e+02 +9.466082509e+02 +1.2655e+00 -8.2016e-01 -1.5136e+00 -4.0440e+00 -2.5173e+00
409287 +1.006432937e-02 +1.006432937e-02 +9.465200643e+02 +9.465200643e+02 +1.5879e+00 -5.3659e-01 -1.6438e+00 -3.3808e+00 -2.2590e+00
409314 +7.431764399e-03 +7.431764399e-03 +9.465174318e+02 +9.465174318e+02 +1.5357e+00 -4.7263e-01 -1.4312e+00 -3.3768e+00 -2.5850e+00
409319 +3.846711163e-03 +3.846711163e-03 +9.465138467e+02 +9.465138467e+02 +1.3471e+00 -4.6323e-01 -1.3968e+00 -3.3306e+00 -2.3665e+00
409321 +1.989434790e-03 +1.989434790e-03 +9.465119894e+02 +9.465119894e+02 +1.4134e+00 -5.7434e-01 -1.3331e+00 -3.2796e+00 -2.5992e+00
409388 +1.128367711e-03 +1.128367711e-03 +9.465111284e+02 +9.465111284e+02 +1.6042e+00 -5.6327e-01 -1.4712e+00 -3.3216e+00 -2.4642e+00
409399 +1.065029995e-03 +1.065029995e-03 +9.465110650e+02 +9.465110650e+02 +1.5845e+00 -5.3601e-01 -1.5004e+00 -3.3129e+00 -2.4488e+00
409404 +9.586992654e-04 +9.586992654e-04 +9.465109587e+02 +9.465109587e+02 +1.5824e+00 -5.8348e-01 -1.4937e+00 -3.3811e+00 -2.4837e+00
409406 +9.173993864e-04 +9.173993864e-04 +9.465109174e+02 +9.465109174e+02 +1.5484e+00 -5.4997e-01 -1.4625e+00 -3.2967e+00 -2.4877e+00
409409 +5.754278876e-04 +5.754278876e-04 +9.465105754e+02 +9.465105754e+02 +1.5344e+00 -5.6730e-01 -1.4744e+00 -3.3744e+00 -2.4827e+00
409419 +5.539004931e-04 +5.539004931e-04 +9.465105539e+02 +9.465105539e+02 +1.5010e+00 -5.9118e-01 -1.4469e+00 -3.3890e+00 -2.4632e+00
409422 +4.535959505e-04 +4.535959505e-04 +9.465104536e+02 +9.465104536e+02 +1.5089e+00 -5.6005e-01 -1.4815e+00 -3.4012e+00 -2.4493e+00
409424 +2.503682385e-04 +2.503682385e-04 +9.465102504e+02 +9.465102504e+02 +1.4335e+00 -5.9576e-01 -1.4833e+00 -3.4565e+00 -2.4933e+00
409440 +1.260130863e-04 +1.260130863e-04 +9.465101260e+02 +9.465101260e+02 +1.4091e+00 -5.7556e-01 -1.4546e+00 -3.4345e+00 -2.5093e+00
409447 +8.494307519e-05 +8.494307519e-05 +9.465100849e+02 +9.465100849e+02 +1.3878e+00 -5.4072e-01 -1.4389e+00 -3.4311e+00 -2.5117e+00
409465 +3.307842383e-05 +3.307842383e-05 +9.465100331e+02 +9.465100331e+02 +1.3289e+00 -5.2519e-01 -1.4267e+00 -3.4244e+00 -2.5254e+00
409487 +1.349590866e-05 +1.349590866e-05 +9.465100135e+02 +9.465100135e+02 +1.3386e+00 -4.8759e-01 -1.4077e+00 -3.3667e+00 -2.5257e+00
409497 +7.190179417e-06 +7.190179417e-06 +9.465100072e+02 +9.465100072e+02 +1.2982e+00 -4.9202e-01 -1.3810e+00 -3.3839e+00 -2.5388e+00
409503 +2.001516805e-06 +2.001516805e-06 +9.465100020e+02 +9.465100020e+02 +1.2278e+00 -4.2178e-01 -1.3401e+00 -3.3223e+00 -2.5901e+00
409508 +1.558716235e-06 +1.558716235e-06 +9.465100016e+02 +9.465100016e+02 +1.2812e+00 -4.5150e-01 -1.3345e+00 -3.3087e+00 -2.5832e+00
409538 +1.397434289e-06 +1.397434289e-06 +9.465100014e+02 +9.465100014e+02 +1.2480e+00 -4.3199e-01 -1.3487e+00 -3.3285e+00 -2.5807e+00
409562 +8.004064966e-07 +8.004064966e-07 +9.465100008e+02 +9.465100008e+02 +1.2917e+00 -4.7081e-01 -1.3742e+00 -3.3632e+00 -2.5662e+00
409597 +6.388677321e-07 +6.388677321e-07 +9.465100006e+02 +9.465100006e+02 +1.3058e+00 -4.9343e-01 -1.3592e+00 -3.3673e+00 -2.5758e+00
409600 +3.208665476e-07 +3.208665476e-07 +9.465100003e+02 +9.465100003e+02 +1.2940e+00 -4.8058e-01 -1.3547e+00 -3.3534e+00 -2.5906e+00
409612 +1.447923523e-07 +1.447923523e-07 +9.465100001e+02 +9.465100001e+02 +1.2889e+00 -4.7745e-01 -1.3466e+00 -3.3486e+00 -2.5894e+00
409636 +6.622610726e-08 +6.622610726e-08 +9.465100001e+02 +9.465100001e+02 +1.2678e+00 -4.7173e-01 -1.3339e+00 -3.3479e+00 -2.5975e+00
409638 +5.537935976e-08 +5.537935976e-08 +9.465100001e+02 +9.465100001e+02 +1.2619e+00 -4.7519e-01 -1.3479e+00 -3.3537e+00 -2.5915e+00
409667 +3.517561709e-08 +3.517561709e-08 +9.465100000e+02 +9.465100000e+02 +1.2831e+00 -4.6762e-01 -1.3481e+00 -3.3490e+00 -2.5862e+00
409688 +1.123851234e-08 +1.123851234e-08 +9.465100000e+02 +9.465100000e+02 +1.2641e+00 -4.5305e-01 -1.3405e+00 -3.3355e+00 -2.5920e+00
409692 +1.051500931e-08 +1.051500931e-08 +9.465100000e+02 +9.465100000e+02 +1.2722e+00 -4.6932e-01 -1.3430e+00 -3.3515e+00 -2.5852e+00
409702 +1.669945959e-09 +1.669945959e-09 +9.465100000e+02 +9.465100000e+02 +1.2676e+00 -4.6580e-01 -1.3454e+00 -3.3520e+00 -2.5861e+00
409938 +0.000000000e+00 +0.000000000e+00 +9.465100000e+02 +9.465100000e+02 +1.2640e+00 -4.6259e-01 -1.3440e+00 -3.3466e+00 -2.5901e+00
