% function evaluation | noise-free fitness - Fopt (4.078000000000e+01) | best noise-free fitness - Fopt | measured fitness | best measured fitness | x1 | x2...
1 +2.342962888e+01 +2.342962888e+01 +6.420962888e+01 +6.420962888e+01 +0.0000e+00 +0.0000e+00 +0.0000e+00
4 +1.867414705e+01 +1.867414705e+01 +5.945414705e+01 +5.945414705e+01 +8.0852e-01 -4.8288e-01 +1.3489e+00
6 +7.545895510e+00 +7.545895510e+00 +4.832589551e+01 +4.832589551e+01 +2.7674e+00 -1.8535e+00 -4.5419e-01
9 +5.020743060e+00 +5.020743060e+00 +4.580074306e+01 +4.580074306e+01 -6.2091e-01 +2.7618e+00 +1.7477e+00
10 +2.575734734e+00 +2.575734734e+00 +4.335573473e+01 +4.335573473e+01 -2.3922e+00 +1.7474e+00 +9.2325e-01
16 +1.970031538e+00 +1.970031538e+00 +4.275003154e+01 +4.275003154e+01 -1.9855e+00 +1.6646e+00 +8.2968e-01
28 +1.873000358e+00 +1.873000358e+00 +4.265300036e+01 +4.265300036e+01 -1.4888e+00 +2.2928e+00 +9.5580e-01
43 +1.671063843e+00 +1.671063843e+00 +4.245106384e+01 +4.245106384e+01 -2.0390e+00 +1.8414e+00 +7.5283e-01
62 +1.609835139e+00 +1.609835139e+00 +4.238983514e+01 +4.238983514e+01 -1.9020e+00 +2.4076e+00 +7.4286e-01
74 +1.418606434e+00 +1.418606434e+00 +4.219860643e+01 +4.219860643e+01 -1.7635e+00 +2.6358e+00 +1.0748e+00
91 +1.078650961e+00 +1.078650961e+00 +4.185865096e+01 +4.185865096e+01 -1.8484e+00 +2.1760e+00 +9.2469e-01
96 +1.070247156e+00 +1.070247156e+00 +4.185024716e+01 +4.185024716e+01 -1.8975e+00 +2.2983e+00 +8.3929e-01
98 +9.526922600e-01 +9.526922600e-01 +4.173269226e+01 +4.173269226e+01 -1.7860e+00 +2.1981e+00 +8.5592e-01
220 +9.323785220e-01 +9.323785220e-01 +4.171237852e+01 +4.171237852e+01 -1.7747e+00 +2.2400e+00 +8.1557e-01
224467 +8.274522768e-01 +8.274522768e-01 +4.160745228e+01 +4.160745228e+01 +2.3084e+00 -8.2336e-01 +1.3678e+00
224478 +7.933733696e-01 +7.933733696e-01 +4.157337337e+01 +4.157337337e+01 +2.3251e+00 -7.6960e-01 +1.3431e+00
224483 +7.101532791e-01 +7.101532791e-01 +4.149015328e+01 +4.149015328e+01 +2.2441e+00 -7.6062e-01 +1.1360e+00
224499 +6.946437213e-01 +6.946437213e-01 +4.147464372e+01 +4.147464372e+01 +2.1615e+00 -6.9131e-01 +1.0101e+00
% function evaluation | noise-free fitness - Fopt (-1.600000000000e+00) | best noise-free fitness - Fopt | measured fitness | best measured fitness | x1 | x2...
1 +1.240367020e+01 +1.240367020e+01 +1.080367020e+01 +1.080367020e+01 +0.0000e+00 +0.0000e+00 +0.0000e+00
17 +9.015308975e+00 +9.015308975e+00 +7.415308975e+00 +7.415308975e+00 +7.2405e-01 +7.6529e-01 +1.5307e+00
19 +7.491886834e+00 +7.491886834e+00 +5.891886834e+00 +5.891886834e+00 +4.4577e+00 +2.8661e+00 +3.0766e+00
22 +6.274992282e+00 +6.274992282e+00 +4.674992282e+00 +4.674992282e+00 +5.1567e+00 +3.1355e+00 +3.4972e+00
33 +1.999239809e+00 +1.999239809e+00 +3.992398094e-01 +3.992398094e-01 +4.1464e+00 +3.2960e+00 +4.1452e+00
100 +1.878535884e+00 +1.878535884e+00 +2.785358837e-01 +2.785358837e-01 +1.7567e+00 +1.0795e+00 +2.1912e+00
141 +1.737863883e+00 +1.737863883e+00 +1.378638828e-01 +1.378638828e-01 +2.0841e+00 +1.2017e+00 +2.6051e+00
156 +1.696283680e+00 +1.696283680e+00 +9.628367985e-02 +9.628367985e-02 +2.0594e+00 +1.1946e+00 +2.6166e+00
162 +1.650026105e+00 +1.650026105e+00 +5.002610529e-02 +5.002610529e-02 +1.8435e+00 +1.0364e+00 +2.5159e+00
224 +1.607312337e+00 +1.607312337e+00 +7.312336593e-03 +7.312336593e-03 +1.9990e+00 +1.0878e+00 +2.5674e+00
244 +1.573111878e+00 +1.573111878e+00 -2.688812246e-02 -2.688812246e-02 +1.9371e+00 +1.0756e+00 +2.6008e+00
87331 +1.202566017e+00 +1.202566017e+00 -3.974339833e-01 -3.974339833e-01 +1.0876e+00 -1.6569e+00 -3.4040e-01
194167 +1.230282420e-01 +1.230282420e-01 -1.476971758e+00 -1.476971758e+00 +7.4505e-01 -2.3366e+00 +8.1742e-01
194175 +1.281687946e-02 +1.281687946e-02 -1.587183121e+00 -1.587183121e+00 +9.2885e-01 -2.3197e+00 +4.9931e-01
242868 +7.529531759e-03 +7.529531759e-03 -1.592470468e+00 -1.592470468e+00 +1.0400e+00 -2.2310e+00 +5.0490e-01
242869 +3.706750332e-03 +3.706750332e-03 -1.596293250e+00 -1.596293250e+00 +9.2676e-01 -2.3593e+00 +6.3949e-01
242905 +1.218196677e-03 +1.218196677e-03 -1.598781803e+00 -1.598781803e+00 +1.0173e+00 -2.2696e+00 +7.0077e-01
242918 +1.040538681e-03 +1.040538681e-03 -1.598959461e+00 -1.598959461e+00 +9.9175e-01 -2.1222e+00 +5.6215e-01
242928 +9.607742293e-04 +9.607742293e-04 -1.599039226e+00 -1.599039226e+00 +1.0303e+00 -2.0669e+00 +4.9014e-01
242931 +7.594347019e-04 +7.594347019e-04 -1.599240565e+00 -1.599240565e+00 +1.0388e+00 -2.1634e+00 +7.2158e-01
242940 +1.058414909e-04 +1.058414909e-04 -1.599894159e+00 -1.599894159e+00 +1.0484e+00 -2.1611e+00 +6.3924e-01
242974 +5.913318834e-05 +5.913318834e-05 -1.599940867e+00 -1.599940867e+00 +1.0735e+00 -2.1119e+00 +5.7154e-01
242989 +2.550879307e-05 +2.550879307e-05 -1.599974491e+00 -1.599974491e+00 +1.0831e+00 -2.0861e+00 +6.3477e-01
242995 +1.235055346e-05 +1.235055346e-05 -1.599987649e+00 -1.599987649e+00 +1.0754e+00 -2.0998e+00 +6.1102e-01
243007 +1.040344383e-05 +1.040344383e-05 -1.599989597e+00 -1.599989597e+00 +1.0756e+00 -2.0983e+00 +6.0423e-01
243016 +8.658885700e-06 +8.658885700e-06 -1.599991341e+00 -1.599991341e+00 +1.0917e+00 -2.0909e+00 +6.0727e-01
243050 +4.858884935e-06 +4.858884935e-06 -1.599995141e+00 -1.599995141e+00 +1.0915e+00 -2.0790e+00 +6.0037e-01
243057 +3.019440873e-06 +3.019440873e-06 -1.599996981e+00 -1.599996981e+00 +1.0885e+00 -2.0662e+00 +5.9048e-01
243059 +1.940361917e-06 +1.940361917e-06 -1.599998060e+00 -1.599998060e+00 +1.1019e+00 -2.0655e+00 +5.8584e-01
243066 +1.582707819e-06 +1.582707819e-06 -1.599998417e+00 -1.599998417e+00 +1.0982e+00 -2.0579e+00 +5.7628e-01
243075 +1.183975527e-06 +1.183975527e-06 -1.599998816e+00 -1.599998816e+00 +1.0993e+00 -2.0468e+00 +5.8256e-01
243086 +6.524978002e-07 +6.524978002e-07 -1.599999348e+00 -1.599999348e+00 +1.1041e+00 -2.0535e+00 +5.9302e-01
243096 +5.352823951e-07 +5.352823951e-07 -1.599999465e+00 -1.599999465e+00 +1.1223e+00 -2.0380e+00 +5.9124e-01
243108 +2.076486252e-07 +2.076486252e-07 -1.599999792e+00 -1.599999792e+00 +1.1172e+00 -2.0322e+00 +5.6673e-01
243122 +1.819388284e-08 +1.819388284e-08 -1.599999982e+00 -1.599999982e+00 +1.1269e+00 -2.0218e+00 +5.8049e-01
243253 +1.722814758e-08 +1.722814758e-08 -1.599999983e+00 -1.599999983e+00 +1.1195e+00 -2.0210e+00 +5.7509e-01
243257 +9.537476364e-09 +9.537476364e-09 -1.599999990e+00 -1.599999990e+00 +1.1208e+00 -2.0211e+00 +5.7583e-01
243587 +0.000000000e+00 +0.000000000e+00 -1.600000000e+00 -1.600000000e+00 +1.1284e+00 -2.0125e+00 +5.7109e-01
% function evaluation | noise-free fitness - Fopt (-3.708400000000e+02) | best noise-free fitness - Fopt | measured fitness | best measured fitness | x1 | x2...
1 +3.578233172e+01 +3.578233172e+01 -3.350576683e+02 -3.350576683e+02 +0.0000e+00 +0.0000e+00 +0.0000e+00
2 +2.080849846e+01 +2.080849846e+01 -3.500315015e+02 -3.500315015e+02 +1.7732e-01 -2.0144e+00 +1.5178e+00
4 +1.736926861e+01 +1.736926861e+01 -3.534707314e+02 -3.534707314e+02 -1.1791e+00 -1.3662e-01 -1.9738e+00
5 +1.596679500e+01 +1.596679500e+01 -3.548732050e+02 -3.548732050e+02 +1.3667e+00 -4.6854e-01 +2.7104e+00
7 +1.184808802e+01 +1.184808802e+01 -3.589919120e+02 -3.589919120e+02 -1.4137e-01 +2.3648e-02 +2.6109e+00
9 +1.151835081e+01 +1.151835081e+01 -3.593216492e+02 -3.593216492e+02 +8.9176e-01 -9.1713e-01 -1.8950e+00
16 +5.216361588e+00 +5.216361588e+00 -3.656236384e+02 -3.656236384e+02 +1.6788e+00 -1.0001e+00 -2.9535e+00
27 +3.123681314e+00 +3.123681314e+00 -3.677163187e+02 -3.677163187e+02 +1.6072e+00 -5.4656e-01 -1.8634e+00
39 +2.110485498e+00 +2.110485498e+00 -3.687295145e+02 -3.687295145e+02 +1.9944e+00 -2.9731e-01 -2.3223e+00
46 +1.023926283e+00 +1.023926283e+00 -3.698160737e+02 -3.698160737e+02 +2.3420e+00 -9.3596e-01 -1.8968e+00
57 +9.396900014e-01 +9.396900014e-01 -3.699003100e+02 -3.699003100e+02 +2.2030e+00 -7.7433e-01 -1.6988e+00
60 +5.502878573e-02 +5.502878573e-02 -3.707849712e+02 -3.707849712e+02 +2.4647e+00 -7.0229e-01 -2.0579e+00
69 +3.989899006e-04 +3.989899006e-04 -3.708396010e+02 -3.708396010e+02 +3.1207e+00 -8.1501e-01 -1.7295e+00
137 +1.293519994e-04 +1.293519994e-04 -3.708398706e+02 -3.708398706e+02 +3.0627e+00 -8.1172e-01 -1.5474e+00
144 +2.627167379e-05 +2.627167379e-05 -3.708399737e+02 -3.708399737e+02 +3.1370e+00 -8.2230e-01 -1.5206e+00
148 +6.491634565e-06 +6.491634565e-06 -3.708399935e+02 -3.708399935e+02 +3.0832e+00 -8.1947e-01 -1.6338e+00
261 +6.397964853e-06 +6.397964853e-06 -3.708399936e+02 -3.708399936e+02 +3.0644e+00 -7.9667e-01 -1.6535e+00
275 +5.769954157e-06 +5.769954157e-06 -3.708399942e+02 -3.708399942e+02 +3.0647e+00 -7.9230e-01 -1.6101e+00
279 +2.661934730e-06 +2.661934730e-06 -3.708399973e+02 -3.708399973e+02 +3.0826e+00 -8.0897e-01 -1.6497e+00
282 +2.368981200e-06 +2.368981200e-06 -3.708399976e+02 -3.708399976e+02 +3.1488e+00 -8.2480e-01 -1.5677e+00
296 +3.835907592e-08 +3.835907592e-08 -3.708400000e+02 -3.708400000e+02 +3.1324e+00 -8.1082e-01 -1.5757e+00
354 +2.082475703e-08 +2.082475703e-08 -3.708400000e+02 -3.708400000e+02 +3.1215e+00 -8.1228e-01 -1.5958e+00
364 +3.507352631e-09 +3.507352631e-09 -3.708400000e+02 -3.708400000e+02 +3.1086e+00 -8.1017e-01 -1.5981e+00
625 +0.000000000e+00 +0.000000000e+00 -3.708400000e+02 -3.708400000e+02 +3.1145e+00 -8.0874e-01 -1.5908e+00
% function evaluation | noise-free fitness - Fopt (-3.256000000000e+01) | best noise-free fitness - Fopt | measured fitness | best measured fitness | x1 | x2...
1 +5.303999905e+01 +5.303999905e+01 +2.047999905e+01 +2.047999905e+01 +0.0000e+00 +0.0000e+00 +0.0000e+00
2 +1.273168231e+01 +1.273168231e+01 -1.982831769e+01 -1.982831769e+01 -1.7523e-01 -1.2501e+00 -5.0143e-01
16 +9.300709952e+00 +9.300709952e+00 -2.325929005e+01 -2.325929005e+01 +5.8884e-01 -2.6846e+00 -3.6250e+00
27 +5.730218521e+00 +5.730218521e+00 -2.682978148e+01 -2.682978148e+01 +1.7313e+00 -3.2998e+00 -2.3375e+00
33 +2.237071800e+00 +2.237071800e+00 -3.032292820e+01 -3.032292820e+01 +1.4241e-01 -2.5436e+00 -1.6511e+00
55 +5.994021562e-01 +5.994021562e-01 -3.196059784e+01 -3.196059784e+01 +6.5499e-01 -2.2701e+00 -2.1392e+00
67 +3.258362452e-01 +3.258362452e-01 -3.223416375e+01 -3.223416375e+01 +6.4726e-01 -2.3545e+00 -1.9650e+00
69 +1.024885663e-01 +1.024885663e-01 -3.245751143e+01 -3.245751143e+01 +6.6661e-01 -2.6700e+00 -1.2955e+00
104 +3.027432330e-02 +3.027432330e-02 -3.252972568e+01 -3.252972568e+01 +8.8577e-01 -2.8590e+00 -1.4418e+00
112 +1.715764569e-02 +1.715764569e-02 -3.254284235e+01 -3.254284235e+01 +7.1386e-01 -2.7041e+00 -1.5180e+00
142 +1.627941455e-02 +1.627941455e-02 -3.254372059e+01 -3.254372059e+01 +7.4905e-01 -2.8100e+00 -1.7204e+00
166 +3.695998017e-03 +3.695998017e-03 -3.255630400e+01 -3.255630400e+01 +8.3573e-01 -2.8680e+00 -1.5837e+00
175 +2.556774829e-03 +2.556774829e-03 -3.255744323e+01 -3.255744323e+01 +8.7645e-01 -3.0210e+00 -1.6536e+00
176 +9.131472514e-04 +9.131472514e-04 -3.255908685e+01 -3.255908685e+01 +8.8780e-01 -3.0463e+00 -1.6075e+00
268 +8.925728990e-04 +8.925728990e-04 -3.255910743e+01 -3.255910743e+01 +9.1256e-01 -3.0589e+00 -1.6421e+00
276 +8.298649554e-04 +8.298649554e-04 -3.255917014e+01 -3.255917014e+01 +9.1204e-01 -3.1087e+00 -1.5876e+00
280 +1.761353805e-04 +1.761353805e-04 -3.255982386e+01 -3.255982386e+01 +9.6732e-01 -3.0981e+00 -1.6197e+00
324 +1.120333589e-04 +1.120333589e-04 -3.255988797e+01 -3.255988797e+01 +9.6793e-01 -3.1345e+00 -1.6128e+00
344 +2.005998230e-05 +2.005998230e-05 -3.255997994e+01 -3.255997994e+01 +1.0078e+00 -3.1897e+00 -1.6031e+00
353 +8.714864080e-06 +8.714864080e-06 -3.255999129e+01 -3.255999129e+01 +1.0068e+00 -3.1769e+00 -1.5932e+00
372 +6.587185048e-06 +6.587185048e-06 -3.255999341e+01 -3.255999341e+01 +1.0391e+00 -3.2497e+00 -1.5952e+00
385 +4.332082682e-06 +4.332082682e-06 -3.255999567e+01 -3.255999567e+01 +1.0188e+00 -3.2292e+00 -1.5470e+00
386 +8.943698191e-07 +8.943698191e-07 -3.255999911e+01 -3.255999911e+01 +1.0378e+00 -3.2557e+00 -1.5609e+00
388 +5.220798585e-07 +5.220798585e-07 -3.255999948e+01 -3.255999948e+01 +1.0488e+00 -3.2376e+00 -1.5845e+00
401 +1.535509568e-07 +1.535509568e-07 -3.255999985e+01 -3.255999985e+01 +1.0358e+00 -3.2268e+00 -1.5669e+00
421 +1.687583051e-08 +1.687583051e-08 -3.255999998e+01 -3.255999998e+01 +1.0398e+00 -3.2372e+00 -1.5658e+00
445 +2.038319735e-09 +2.038319735e-09 -3.256000000e+01 -3.256000000e+01 +1.0502e+00 -3.2504e+00 -1.5695e+00
697 +0.000000000e+00 +0.000000000e+00 -3.256000000e+01 -3.256000000e+01 +1.0502e+00 -3.2546e+00 -1.5675e+00
% function evaluation | noise-free fitness - Fopt (5.154000000000e+02) | best noise-free fitness - Fopt | measured fitness | best measured fitness | x1 | x2...
1 +2.054857278e+01 +2.054857278e+01 +5.359485728e+02 +5.359485728e+02 +0.0000e+00 +0.0000e+00 +0.0000e+00
3 +1.958341206e+01 +1.958341206e+01 +5.349834121e+02 +5.349834121e+02 -1.2209e+00 -1.3977e+00 +7.8587e-01
6 +1.004510107e+01 +1.004510107e+01 +5.254451011e+02 +5.254451011e+02 -3.3324e+00 +1.1660e+00 +1.2493e+00
13 +9.118080894e+00 +9.118080894e+00 +5.245180809e+02 +5.245180809e+02 -3.7105e+00 +7.6897e-01 +1.3760e+00
23 +8.099848489e+00 +8.099848489e+00 +5.234998485e+02 +5.234998485e+02 -1.0431e+00 -9.0440e-01 +7.6832e-01
34 +6.606003779e+00 +6.606003779e+00 +5.220060038e+02 +5.220060038e+02 -5.1538e-01 -7.4783e-01 +1.6830e+00
35 +5.312340447e+00 +5.312340447e+00 +5.207123404e+02 +5.207123404e+02 -2.0217e+00 -9.7254e-02 +1.5704e+00
36 +2.026930355e+00 +2.026930355e+00 +5.174269304e+02 +5.174269304e+02 -1.0912e+00 -3.0021e-01 +7.7052e-01
38 +1.741859218e+00 +1.741859218e+00 +5.171418592e+02 +5.171418592e+02 -1.1400e+00 -3.4608e-01 +1.1311e+00
45 +1.424325185e+00 +1.424325185e+00 +5.168243252e+02 +5.168243252e+02 -1.1590e+00 -2.3363e-01 +1.2134e+00
101 +1.270848877e+00 +1.270848877e+00 +5.166708489e+02 +5.166708489e+02 -1.4608e+00 -1.6657e-01 +1.0204e+00
107 +8.403287657e-01 +8.403287657e-01 +5.162403288e+02 +5.162403288e+02 -1.4911e+00 +1.6415e-01 +8.2293e-01
108 +7.807509305e-01 +7.807509305e-01 +5.161807509e+02 +5.161807509e+02 -1.2877e+00 -1.7571e-02 +9.7325e-01
167 +7.387342711e-01 +7.387342711e-01 +5.161387343e+02 +5.161387343e+02 -1.4131e+00 +2.4019e-01 +9.5717e-01
182 +7.079331217e-01 +7.079331217e-01 +5.161079331e+02 +5.161079331e+02 -1.3274e+00 +1.6966e-01 +9.8639e-01
180534 +2.103112675e-02 +2.103112675e-02 +5.154210311e+02 +5.154210311e+02 -3.0232e+00 -3.6054e-01 -2.9580e+00
180567 +3.982782905e-03 +3.982782905e-03 +5.154039828e+02 +5.154039828e+02 -3.1605e+00 -4.8503e-01 -2.7587e+00
180659 +7.386159430e-04 +7.386159430e-04 +5.154007386e+02 +5.154007386e+02 -3.5262e+00 -6.3131e-01 -2.6612e+00
180675 +2.487676086e-04 +2.487676086e-04 +5.154002488e+02 +5.154002488e+02 -3.3540e+00 -6.2073e-01 -2.7117e+00
180691 +1.186958229e-05 +1.186958229e-05 +5.154000119e+02 +5.154000119e+02 -3.4619e+00 -7.5211e-01 -2.5611e+00
180746 +1.091554475e-05 +1.091554475e-05 +5.154000109e+02 +5.154000109e+02 -3.4766e+00 -7.6893e-01 -2.5525e+00
180767 +5.221897936e-07 +5.221897936e-07 +5.154000005e+02 +5.154000005e+02 -3.4797e+00 -7.1722e-01 -2.5921e+00
180779 +3.375021151e-07 +3.375021151e-07 +5.154000003e+02 +5.154000003e+02 -3.4806e+00 -7.2088e-01 -2.5900e+00
180791 +1.823790399e-07 +1.823790399e-07 +5.154000002e+02 +5.154000002e+02 -3.4720e+00 -7.3086e-01 -2.6004e+00
180807 +1.183366294e-09 +1.183366294e-09 +5.154000000e+02 +5.154000000e+02 -3.4763e+00 -7.3431e-01 -2.5883e+00
181044 +0.000000000e+00 +0.000000000e+00 +5.154000000e+02 +5.154000000e+02 -3.4723e+00 -7.2831e-01 -2.5938e+00
% function evaluation | noise-free fitness - Fopt (-1.000000000000e+03) | best noise-free fitness - Fopt | measured fitness | best measured fitness | x1 | x2...
1 +2.932008469e+01 +2.932008469e+01 -9.706799153e+02 -9.706799153e+02 +0.0000e+00 +0.0000e+00 +0.0000e+00
2 +1.765734085e+01 +1.765734085e+01 -9.823426591e+02 -9.823426591e+02 -4.2611e-01 +2.6041e+00 -1.5002e+00
3 +1.590022626e+01 +1.590022626e+01 -9.840997737e+02 -9.840997737e+02 -1.3780e+00 +3.8600e+00 -2.3418e+00
5 +1.182890376e+01 +1.182890376e+01 -9.881710962e+02 -9.881710962e+02 +1.9888e+00 -3.9467e+00 +2.7893e+00
9 +7.795375148e+00 +7.795375148e+00 -9.922046249e+02 -9.922046249e+02 -3.4033e+00 +4.6937e+00 -2.8408e+00
37 +7.539181039e+00 +7.539181039e+00 -9.924608190e+02 -9.924608190e+02 -1.3586e+00 +3.6381e+00 +1.8085e+00
51 +6.021806805e+00 +6.021806805e+00 -9.939781932e+02 -9.939781932e+02 -2.5992e+00 +2.6197e+00 +3.3570e+00
93 +5.639441523e+00 +5.639441523e+00 -9.943605585e+02 -9.943605585e+02 -6.5376e-01 +1.7446e+00 +2.9447e+00
100 +3.045978551e+00 +3.045978551e+00 -9.969540214e+02 -9.969540214e+02 -1.3198e+00 +6.8773e-01 +2.0130e+00
122 +2.961612225e+00 +2.961612225e+00 -9.970383878e+02 -9.970383878e+02 -2.0601e+00 +8.3386e-01 +2.4286e+00
132 +1.898416665e+00 +1.898416665e+00 -9.981015833e+02 -9.981015833e+02 -2.3036e+00 +1.5786e+00 +2.9256e+00
141 +1.815527337e+00 +1.815527337e+00 -9.981844727e+02 -9.981844727e+02 -1.8706e+00 +1.1094e+00 +2.6007e+00
158 +1.762365231e+00 +1.762365231e+00 -9.982376348e+02 -9.982376348e+02 -1.9659e+00 +1.2896e+00 +2.8103e+00
168 +1.680786142e+00 +1.680786142e+00 -9.983192139e+02 -9.983192139e+02 -1.8794e+00 +1.4332e+00 +2.9195e+00
181 +1.604675708e+00 +1.604675708e+00 -9.983953243e+02 -9.983953243e+02 -1.9564e+00 +1.4821e+00 +2.8344e+00
218 +1.570044288e+00 +1.570044288e+00 -9.984299557e+02 -9.984299557e+02 -2.0250e+00 +1.4649e+00 +2.8445e+00
98087 +1.524387830e+00 +1.524387830e+00 -9.984756122e+02 -9.984756122e+02 -2.7814e+00 -1.8464e+00 -3.0253e+00
98094 +1.432992093e+00 +1.432992093e+00 -9.985670079e+02 -9.985670079e+02 -2.9047e+00 -2.0117e+00 -2.7806e+00
98111 +1.370120275e+00 +1.370120275e+00 -9.986298797e+02 -9.986298797e+02 -2.8885e+00 -1.9931e+00 -2.8210e+00
98112 +1.302392103e+00 +1.302392103e+00 -9.986976079e+02 -9.986976079e+02 -3.0514e+00 -2.1044e+00 -2.6924e+00
98114 +1.265837280e+00 +1.265837280e+00 -9.987341627e+02 -9.987341627e+02 -3.0309e+00 -2.1290e+00 -2.6697e+00
98462 +1.258893505e+00 +1.258893505e+00 -9.987411065e+02 -9.987411065e+02 -2.9453e+00 -1.9054e+00 -2.7928e+00
272396 +5.228080260e-01 +5.228080260e-01 -9.994771920e+02 -9.994771920e+02 -1.4072e+00 -3.3701e+00 -4.9271e-01
272397 +1.353759625e-01 +1.353759625e-01 -9.998646240e+02 -9.998646240e+02 -1.2162e+00 -3.0490e+00 -2.4468e-01
272435 +1.279827335e-02 +1.279827335e-02 -9.999872017e+02 -9.999872017e+02 -8.6641e-01 -3.5053e+00 -6.3534e-01
272449 +1.127359007e-02 +1.127359007e-02 -9.999887264e+02 -9.999887264e+02 -7.8389e-01 -3.7658e+00 -9.7659e-01
272456 +2.624314915e-03 +2.624314915e-03 -9.999973757e+02 -9.999973757e+02 -9.4564e-01 -3.5754e+00 -6.9702e-01
272487 +1.474074736e-05 +1.474074736e-05 -9.999999853e+02 -9.999999853e+02 -8.2615e-01 -3.8020e+00 -8.0926e-01
272529 +3.864887390e-06 +3.864887390e-06 -9.999999961e+02 -9.999999961e+02 -7.7648e-01 -3.8243e+00 -8.2487e-01
272544 +1.430716907e-06 +1.430716907e-06 -9.999999986e+02 -9.999999986e+02 -7.7159e-01 -3.8819e+00 -8.5324e-01
272625 +1.253943537e-06 +1.253943537e-06 -9.999999987e+02 -9.999999987e+02 -8.0238e-01 -3.8336e+00 -8.1765e-01
272632 +3.767213457e-07 +3.767213457e-07 -9.999999996e+02 -9.999999996e+02 -7.9411e-01 -3.8115e+00 -8.2853e-01
272656 +2.943449999e-07 +2.943449999e-07 -9.999999997e+02 -9.999999997e+02 -7.9216e-01 -3.8432e+00 -8.2900e-01
272715 +1.164526111e-07 +1.164526111e-07 -9.999999999e+02 -9.999999999e+02 -7.7660e-01 -3.8285e+00 -8.3854e-01
272722 +3.944137461e-08 +3.944137461e-08 -1.000000000e+03 -1.000000000e+03 -7.7560e-01 -3.8314e+00 -8.4266e-01
272727 +2.811930244e-09 +2.811930244e-09 -1.000000000e+03 -1.000000000e+03 -7.7656e-01 -3.8424e+00 -8.4867e-01
272854 +0.000000000e+00 +0.000000000e+00 -1.000000000e+03 -1.000000000e+03 -7.7534e-01 -3.8440e+00 -8.4660e-01
% function evaluation | noise-free fitness - Fopt (9.190000000000e+01) | best noise-free fitness - Fopt | measured fitness | best measured fitness | x1 | x2...
1 +9.343703334e+00 +9.343703334e+00 +1.012437033e+02 +1.012437033e+02 +0.0000e+00 +0.0000e+00 +0.0000e+00
8 +7.784306351e+00 +7.784306351e+00 +9.968430635e+01 +9.968430635e+01 -3.0284e+00 -8.9101e-01 +1.8577e+00
12 +6.042833387e+00 +6.042833387e+00 +9.794283339e+01 +9.794283339e+01 -2.7486e+00 +3.2891e+00 +1.9902e+00
26 +5.483052230e+00 +5.483052230e+00 +9.738305223e+01 +9.738305223e+01 -2.7442e+00 +2.5969e+00 +1.5445e+00
30 +4.818843828e+00 +4.818843828e+00 +9.671884383e+01 +9.671884383e+01 +8.9718e-01 +1.8737e+00 -1.0449e+00
134 +4.225985662e+00 +4.225985662e+00 +9.612598566e+01 +9.612598566e+01 +7.0848e-01 -2.9980e+00 -1.7133e+00
158 +3.242362287e+00 +3.242362287e+00 +9.514236229e+01 +9.514236229e+01 +9.1027e-01 -2.9068e+00 -1.3619e+00
191 +3.031364218e+00 +3.031364218e+00 +9.493136422e+01 +9.493136422e+01 +2.2976e-01 -3.6157e+00 -5.9241e-01
195 +2.784758523e+00 +2.784758523e+00 +9.468475852e+01 +9.468475852e+01 +4.0846e-01 -3.4134e+00 -6.7820e-01
40663 +2.676762035e+00 +2.676762035e+00 +9.457676204e+01 +9.457676204e+01 -4.6611e+00 +4.9777e+00 -1.3961e+00
40675 +2.551703011e+00 +2.551703011e+00 +9.445170301e+01 +9.445170301e+01 -4.9731e+00 +4.5594e+00 -5.2555e-01
40712 +2.307282637e+00 +2.307282637e+00 +9.420728264e+01 +9.420728264e+01 -4.6184e+00 +4.9387e+00 -1.0530e+00
40722 +2.220891512e+00 +2.220891512e+00 +9.412089151e+01 +9.412089151e+01 -4.6586e+00 +4.8784e+00 -1.0099e+00
40734 +2.131840401e+00 +2.131840401e+00 +9.403184040e+01 +9.403184040e+01 -4.7613e+00 +4.7278e+00 -9.1951e-01
78730 +1.209805558e+00 +1.209805558e+00 +9.310980556e+01 +9.310980556e+01 -1.4040e+00 +3.3085e+00 -1.1839e+00
78805 +1.140640376e+00 +1.140640376e+00 +9.304064038e+01 +9.304064038e+01 -1.5655e+00 +3.4639e+00 -1.2963e+00
78811 +1.099738736e+00 +1.099738736e+00 +9.299973874e+01 +9.299973874e+01 -1.3679e+00 +3.6912e+00 -1.2597e+00
78843 +1.013205660e+00 +1.013205660e+00 +9.291320566e+01 +9.291320566e+01 -1.7962e+00 +3.5233e+00 -8.8666e-01
78849 +7.948930424e-01 +7.948930424e-01 +9.269489304e+01 +9.269489304e+01 -1.5111e+00 +3.4099e+00 -9.1073e-01
78850 +7.500263922e-01 +7.500263922e-01 +9.265002639e+01 +9.265002639e+01 -1.6595e+00 +3.5582e+00 -1.0509e+00
78884 +7.370221039e-01 +7.370221039e-01 +9.263702210e+01 +9.263702210e+01 -1.5910e+00 +3.5462e+00 -9.1523e-01
78889 +7.182205618e-01 +7.182205618e-01 +9.261822056e+01 +9.261822056e+01 -1.5997e+00 +3.5324e+00 -1.0794e+00
78892 +6.932456316e-01 +6.932456316e-01 +9.259324563e+01 +9.259324563e+01 -1.5438e+00 +3.5334e+00 -1.0057e+00
120598 +4.349178353e-01 +4.349178353e-01 +9.233491784e+01 +9.233491784e+01 -3.0535e+00 -2.7399e+00 -1.4765e+00
120633 +9.962650937e-02 +9.962650937e-02 +9.199962651e+01 +9.199962651e+01 -2.7225e+00 -2.6717e+00 -1.1525e+00
120653 +6.435916417e-02 +6.435916417e-02 +9.196435916e+01 +9.196435916e+01 -2.5734e+00 -2.7713e+00 -1.1021e+00
120657 +4.437016534e-02 +4.437016534e-02 +9.194437017e+01 +9.194437017e+01 -2.3126e+00 -2.9680e+00 -1.0972e+00
120661 +4.085324366e-02 +4.085324366e-02 +9.194085324e+01 +9.194085324e+01 -2.3341e+00 -2.9621e+00 -1.1194e+00
120678 +1.657583268e-02 +1.657583268e-02 +9.191657583e+01 +9.191657583e+01 -2.1661e+00 -3.2144e+00 -1.0900e+00
120685 +1.457650156e-02 +1.457650156e-02 +9.191457650e+01 +9.191457650e+01 -2.1475e+00 -3.2363e+00 -1.1067e+00
120689 +1.082797746e-02 +1.082797746e-02 +9.191082798e+01 +9.191082798e+01 -2.2638e+00 -3.2176e+00 -1.1163e+00
120691 +5.951996083e-03 +5.951996083e-03 +9.190595200e+01 +9.190595200e+01 -2.2337e+00 -3.1884e+00 -1.1566e+00
120696 +5.364530300e-05 +5.364530300e-05 +9.190005365e+01 +9.190005365e+01 -2.1417e+00 -3.5033e+00 -1.2712e+00
120768 +3.104493628e-05 +3.104493628e-05 +9.190003104e+01 +9.190003104e+01 -2.2493e+00 -3.3687e+00 -1.2936e+00
120771 +2.859804529e-05 +2.859804529e-05 +9.190002860e+01 +9.190002860e+01 -2.2331e+00 -3.4662e+00 -1.2942e+00
120806 +1.653537723e-06 +1.653537723e-06 +9.190000165e+01 +9.190000165e+01 -2.2514e+00 -3.4205e+00 -1.3067e+00
120814 +1.488024282e-08 +1.488024282e-08 +9.190000001e+01 +9.190000001e+01 -2.2128e+00 -3.4468e+00 -1.3047e+00
120877 +6.999272273e-09 +6.999272273e-09 +9.190000001e+01 +9.190000001e+01 -2.2168e+00 -3.4446e+00 -1.3025e+00
121089 +0.000000000e+00 +0.000000000e+00 +9.190000000e+01 +9.190000000e+01 -2.2060e+00 -3.4544e+00 -1.3015e+00
% function evaluation | noise-free fitness - Fopt (-7.597000000000e+01) | best noise-free fitness - Fopt | measured fitness | best measured fitness | x1 | x2...
1 +1.601181186e+01 +1.601181186e+01 -5.995818814e+01 -5.995818814e+01 +0.0000e+00 +0.0000e+00 +0.0000e+00
2 +9.946422426e+00 +9.946422426e+00 -6.602357757e+01 -6.602357757e+01 +9.2393e-01 -8.9753e-01 +2.0360e-01
5 +5.386401340e+00 +5.386401340e+00 -7.058359866e+01 -7.058359866e+01 +2.2785e+00 +4.8684e-02 +1.1610e-01
6 +4.456652886e+00 +4.456652886e+00 -7.151334711e+01 -7.151334711e+01 +2.3869e+00 -4.5934e-02 -8.7376e-01
20 +3.098517982e+00 +3.098517982e+00 -7.287148202e+01 -7.287148202e+01 +1.2225e+00 -1.8421e-01 +1.8626e-01
24 +2.069196654e+00 +2.069196654e+00 -7.390080335e+01 -7.390080335e+01 +1.2855e+00 +1.3341e-01 -2.3439e-01
64 +1.928324996e+00 +1.928324996e+00 -7.404167500e+01 -7.404167500e+01 +1.6977e+00 -1.3452e-02 -1.3810e-01
137 +1.834279073e+00 +1.834279073e+00 -7.413572093e+01 -7.413572093e+01 +1.7755e+00 -2.1711e-01 -2.2268e-01
194 +1.810846017e+00 +1.810846017e+00 -7.415915398e+01 -7.415915398e+01 +1.8625e+00 -1.3242e-01 -2.9535e-01
86875 +5.505873651e-01 +5.505873651e-01 -7.541941263e+01 -7.541941263e+01 +2.7174e+00 -3.9281e+00 -4.8976e-01
86892 +5.059864091e-01 +5.059864091e-01 -7.546401359e+01 -7.546401359e+01 +2.2052e+00 -3.7979e+00 -1.7130e+00
86911 +2.442883372e-01 +2.442883372e-01 -7.572571166e+01 -7.572571166e+01 +3.4351e+00 -2.7580e+00 +1.9029e-01
86926 +1.270951101e-01 +1.270951101e-01 -7.584290489e+01 -7.584290489e+01 +3.2573e+00 -3.1169e+00 +3.0742e-01
86941 +1.127440609e-01 +1.127440609e-01 -7.585725594e+01 -7.585725594e+01 +3.0120e+00 -3.4408e+00 +2.9281e-02
86945 +5.418423707e-02 +5.418423707e-02 -7.591581576e+01 -7.591581576e+01 +3.2116e+00 -2.9877e+00 +2.7660e-01
86946 +3.556394129e-02 +3.556394129e-02 -7.593443606e+01 -7.593443606e+01 +3.1245e+00 -2.9519e+00 +7.4237e-02
86947 +3.369276095e-03 +3.369276095e-03 -7.596663072e+01 -7.596663072e+01 +2.7594e+00 -3.5130e+00 -4.8406e-01
86972 +1.686963926e-03 +1.686963926e-03 -7.596831304e+01 -7.596831304e+01 +2.9390e+00 -3.2542e+00 -5.2947e-01
87048 +1.277311933e-03 +1.277311933e-03 -7.596872269e+01 -7.596872269e+01 +2.7120e+00 -3.4331e+00 -7.5135e-01
87056 +9.090441766e-04 +9.090441766e-04 -7.596909096e+01 -7.596909096e+01 +2.9165e+00 -3.2326e+00 -5.3021e-01
87058 +2.410174819e-04 +2.410174819e-04 -7.596975898e+01 -7.596975898e+01 +2.7834e+00 -3.3461e+00 -5.7457e-01
87086 +1.472868890e-04 +1.472868890e-04 -7.596985271e+01 -7.596985271e+01 +2.7679e+00 -3.4144e+00 -6.2407e-01
87106 +5.421847524e-05 +5.421847524e-05 -7.596994578e+01 -7.596994578e+01 +2.7928e+00 -3.4104e+00 -5.5598e-01
87117 +5.289545133e-05 +5.289545133e-05 -7.596994710e+01 -7.596994710e+01 +2.8024e+00 -3.3915e+00 -5.8820e-01
87129 +2.888065283e-05 +2.888065283e-05 -7.596997112e+01 -7.596997112e+01 +2.8072e+00 -3.3792e+00 -5.7822e-01
87141 +2.862812744e-05 +2.862812744e-05 -7.596997137e+01 -7.596997137e+01 +2.8260e+00 -3.3355e+00 -5.6195e-01
87149 +2.634326916e-05 +2.634326916e-05 -7.596997366e+01 -7.596997366e+01 +2.8071e+00 -3.3542e+00 -5.5903e-01
87157 +2.155644464e-05 +2.155644464e-05 -7.596997844e+01 -7.596997844e+01 +2.8153e+00 -3.3484e+00 -5.5422e-01
87161 +2.034260250e-05 +2.034260250e-05 -7.596997966e+01 -7.596997966e+01 +2.8236e+00 -3.3322e+00 -5.3276e-01
87166 +2.272303874e-06 +2.272303874e-06 -7.596999773e+01 -7.596999773e+01 +2.8391e+00 -3.3367e+00 -5.1929e-01
87184 +5.292393155e-07 +5.292393155e-07 -7.596999947e+01 -7.596999947e+01 +2.8569e+00 -3.3176e+00 -4.8032e-01
87198 +4.838526166e-07 +4.838526166e-07 -7.596999952e+01 -7.596999952e+01 +2.8430e+00 -3.3269e+00 -4.8312e-01
87202 +5.341526332e-08 +5.341526332e-08 -7.596999995e+01 -7.596999995e+01 +2.8589e+00 -3.3239e+00 -4.6814e-01
87204 +1.236030300e-08 +1.236030300e-08 -7.596999999e+01 -7.596999999e+01 +2.8482e+00 -3.3392e+00 -4.6989e-01
87233 +3.962512096e-09 +3.962512096e-09 -7.597000000e+01 -7.597000000e+01 +2.8487e+00 -3.3302e+00 -4.6714e-01
87481 +0.000000000e+00 +0.000000000e+00 -7.597000000e+01 -7.597000000e+01 +2.8523e+00 -3.3304e+00 -4.6286e-01
% function evaluation | noise-free fitness - Fopt (-1.699000000000e+01) | best noise-free fitness - Fopt | measured fitness | best measured fitness | x1 | x2...
1 +3.863615797e+01 +3.863615797e+01 +2.164615797e+01 +2.164615797e+01 +0.0000e+00 +0.0000e+00 +0.0000e+00
2 +1.424382673e+01 +1.424382673e+01 -2.746173273e+00 -2.746173273e+00 +1.7697e+00 -3.3972e-02 -7.9901e-01
9 +6.168958218e+00 +6.168958218e+00 -1.082104178e+01 -1.082104178e+01 +3.4604e+00 -3.6494e-01 -1.9770e+00
15 +2.941344988e+00 +2.941344988e+00 -1.404865501e+01 -1.404865501e+01 +1.4395e+00 +1.4200e-01 -1.5013e+00
29 +2.419280648e+00 +2.419280648e+00 -1.457071935e+01 -1.457071935e+01 +1.2538e+00 -1.5058e-01 -1.7574e+00
62 +2.199853215e+00 +2.199853215e+00 -1.479014679e+01 -1.479014679e+01 +2.2522e+00 -2.1235e+00 -3.6064e+00
77 +2.176022238e+00 +2.176022238e+00 -1.481397776e+01 -1.481397776e+01 +2.2551e+00 -1.4064e+00 -3.1643e+00
114 +5.539591799e-01 +5.539591799e-01 -1.643604082e+01 -1.643604082e+01 +2.4778e+00 -1.2528e+00 -3.8588e+00
120 +7.187808771e-02 +7.187808771e-02 -1.691812191e+01 -1.691812191e+01 +2.0759e+00 -1.5577e+00 -3.5342e+00
126 +6.667481548e-04 +6.667481548e-04 -1.698933325e+01 -1.698933325e+01 +2.1545e+00 -2.2203e+00 -2.8779e+00
200 +1.907738291e-05 +1.907738291e-05 -1.698998092e+01 -1.698998092e+01 +2.0881e+00 -2.2064e+00 -2.9378e+00
234 +6.540669297e-06 +6.540669297e-06 -1.698999346e+01 -1.698999346e+01 +2.0252e+00 -2.1227e+00 -3.0354e+00
316 +4.171339505e-07 +4.171339505e-07 -1.698999958e+01 -1.698999958e+01 +2.0580e+00 -2.1575e+00 -2.9967e+00
328 +1.032444779e-07 +1.032444779e-07 -1.698999990e+01 -1.698999990e+01 +2.0477e+00 -2.1638e+00 -2.9938e+00
377 +5.837236472e-08 +5.837236472e-08 -1.698999994e+01 -1.698999994e+01 +2.0391e+00 -2.1581e+00 -2.9944e+00
420 +2.301839430e-08 +2.301839430e-08 -1.698999998e+01 -1.698999998e+01 +2.0373e+00 -2.1690e+00 -2.9858e+00
429 +6.774889982e-09 +6.774889982e-09 -1.698999999e+01 -1.698999999e+01 +2.0406e+00 -2.1704e+00 -2.9840e+00
743 +0.000000000e+00 +0.000000000e+00 -1.699000000e+01 -1.699000000e+01 +2.0452e+00 -2.1752e+00 -2.9752e+00
% function evaluation | noise-free fitness - Fopt (2.740000000000e+00) | best noise-free fitness - Fopt | measured fitness | best measured fitness | x1 | x2...
1 +1.695646853e+01 +1.695646853e+01 +1.969646853e+01 +1.969646853e+01 +0.0000e+00 +0.0000e+00 +0.0000e+00
3 +1.644606760e+01 +1.644606760e+01 +1.918606760e+01 +1.918606760e+01 -1.8446e+00 -4.8397e-01 -6.7606e-01
4 +6.981538924e+00 +6.981538924e+00 +9.721538924e+00 +9.721538924e+00 -8.0300e-01 -1.1673e+00 -1.0960e-01
19 +5.630467847e+00 +5.630467847e+00 +8.370467847e+00 +8.370467847e+00 -2.3163e+00 -1.5363e+00 +2.5030e+00
25 +5.563108583e+00 +5.563108583e+00 +8.303108583e+00 +8.303108583e+00 -1.7505e+00 -3.2174e+00 +3.0337e+00
30 +4.000204936e+00 +4.000204936e+00 +6.740204936e+00 +6.740204936e+00 -2.9963e+00 -2.8973e+00 +1.2890e+00
40 +3.336585589e+00 +3.336585589e+00 +6.076585589e+00 +6.076585589e+00 -2.9943e+00 -3.8015e+00 +1.1839e+00
51 +2.901491564e+00 +2.901491564e+00 +5.641491564e+00 +5.641491564e+00 -2.8405e+00 -3.5638e+00 +1.8145e+00
55 +2.469427604e+00 +2.469427604e+00 +5.209427604e+00 +5.209427604e+00 -2.0244e+00 -3.6137e+00 +1.4807e+00
60 +2.147464245e+00 +2.147464245e+00 +4.887464245e+00 +4.887464245e+00 -2.1283e+00 -3.3324e+00 +1.1330e+00
68 +2.016830638e+00 +2.016830638e+00 +4.756830638e+00 +4.756830638e+00 -2.3328e+00 -3.4340e+00 +1.5740e+00
120 +1.953285015e+00 +1.953285015e+00 +4.693285015e+00 +4.693285015e+00 -2.4513e+00 -3.3705e+00 +1.4401e+00
130 +1.948079723e+00 +1.948079723e+00 +4.688079723e+00 +4.688079723e+00 -2.4954e+00 -3.4690e+00 +1.3988e+00
39085 +1.881464396e+00 +1.881464396e+00 +4.621464396e+00 +4.621464396e+00 +3.7100e+00 +3.7920e+00 +4.0708e+00
39089 +1.775187905e+00 +1.775187905e+00 +4.515187905e+00 +4.515187905e+00 +3.6741e+00 +3.8337e+00 +4.5792e+00
39108 +1.703927531e+00 +1.703927531e+00 +4.443927531e+00 +4.443927531e+00 +3.2593e+00 +4.0653e+00 +3.8406e+00
39127 +1.474842539e+00 +1.474842539e+00 +4.214842539e+00 +4.214842539e+00 +3.6822e+00 +3.9044e+00 +4.3931e+00
39135 +1.393470238e+00 +1.393470238e+00 +4.133470238e+00 +4.133470238e+00 +3.6617e+00 +3.8973e+00 +4.5586e+00
39136 +1.300343057e+00 +1.300343057e+00 +4.040343057e+00 +4.040343057e+00 +3.5760e+00 +3.9254e+00 +4.4761e+00
39162 +1.274470341e+00 +1.274470341e+00 +4.014470341e+00 +4.014470341e+00 +3.5818e+00 +3.9376e+00 +4.5402e+00
39171 +1.249248668e+00 +1.249248668e+00 +3.989248668e+00 +3.989248668e+00 +3.5403e+00 +3.9591e+00 +4.5299e+00
% function evaluation | noise-free fitness - Fopt (-3.564000000000e+01) | best noise-free fitness - Fopt | measured fitness | best measured fitness | x1 | x2...
1 +5.323604944e+01 +5.323604944e+01 +1.759604944e+01 +1.759604944e+01 +0.0000e+00 +0.0000e+00 +0.0000e+00
3 +4.520238604e+01 +4.520238604e+01 +9.562386042e+00 +9.562386042e+00 -1.4251e+00 -2.9933e-01 +8.3980e-01
6 +3.087463167e+00 +3.087463167e+00 -3.255253683e+01 -3.255253683e+01 +3.4717e-02 +1.5120e+00 -8.2800e-01
13 +2.377699776e+00 +2.377699776e+00 -3.326230022e+01 -3.326230022e+01 +2.3546e-01 +1.7258e+00 -1.6094e+00
93 +1.097623390e+00 +1.097623390e+00 -3.454237661e+01 -3.454237661e+01 -1.0224e+00 +1.4249e+00 -1.5952e+00
243 +1.089721253e+00 +1.089721253e+00 -3.455027875e+01 -3.455027875e+01 -8.3240e-01 +1.4160e+00 -1.6848e+00
251 +9.647236862e-01 +9.647236862e-01 -3.467527631e+01 -3.467527631e+01 -9.8451e-01 +1.3970e+00 -1.7813e+00
269 +8.748966096e-01 +8.748966096e-01 -3.476510339e+01 -3.476510339e+01 -1.1904e+00 +1.3672e+00 -1.7058e+00
294 +8.026689181e-01 +8.026689181e-01 -3.483733108e+01 -3.483733108e+01 -1.3093e+00 +1.3104e+00 -1.8278e+00
308 +7.794973561e-01 +7.794973561e-01 -3.486050264e+01 -3.486050264e+01 -1.3978e+00 +1.2914e+00 -1.8425e+00
338 +7.723304015e-01 +7.723304015e-01 -3.486766960e+01 -3.486766960e+01 -1.3545e+00 +1.3071e+00 -1.8834e+00
361 +7.320621725e-01 +7.320621725e-01 -3.490793783e+01 -3.490793783e+01 -1.5128e+00 +1.2799e+00 -1.9813e+00
383 +7.044519036e-01 +7.044519036e-01 -3.493554810e+01 -3.493554810e+01 -1.6894e+00 +1.2484e+00 -1.9942e+00
42253 +5.010109702e-01 +5.010109702e-01 -3.513898903e+01 -3.513898903e+01 -7.3073e-01 -1.2988e+00 -1.1545e+00
42286 +4.727489503e-01 +4.727489503e-01 -3.516725105e+01 -3.516725105e+01 -1.7546e-01 -2.0869e+00 -1.4477e+00
42288 +2.981869883e-01 +2.981869883e-01 -3.534181301e+01 -3.534181301e+01 -5.5451e-01 -2.6394e+00 -9.7517e-01
42311 +1.229171141e-01 +1.229171141e-01 -3.551708289e+01 -3.551708289e+01 -8.4017e-02 -2.9561e+00 -1.8805e+00
42320 +6.389423671e-02 +6.389423671e-02 -3.557610576e+01 -3.557610576e+01 -2.0313e-01 -2.2915e+00 -1.8191e+00
42330 +5.771569296e-02 +5.771569296e-02 -3.558228431e+01 -3.558228431e+01 -2.7278e-01 -3.1306e+00 -1.6346e+00
42333 +2.843075761e-02 +2.843075761e-02 -3.561156924e+01 -3.561156924e+01 -1.1856e-01 -2.9404e+00 -1.5206e+00
42348 +1.040071707e-03 +1.040071707e-03 -3.563895993e+01 -3.563895993e+01 -2.6256e-01 -2.8780e+00 -1.5224e+00
42353 +9.823313269e-04 +9.823313269e-04 -3.563901767e+01 -3.563901767e+01 -3.8291e-01 -2.6925e+00 -1.4172e+00
42357 +2.450553873e-04 +2.450553873e-04 -3.563975494e+01 -3.563975494e+01 -3.3870e-01 -2.6138e+00 -1.5482e+00
42366 +7.514035626e-05 +7.514035626e-05 -3.563992486e+01 -3.563992486e+01 -3.8494e-01 -2.4040e+00 -1.4867e+00
42376 +2.993898810e-05 +2.993898810e-05 -3.563997006e+01 -3.563997006e+01 -3.3033e-01 -2.4988e+00 -1.5466e+00
42402 +1.678280888e-06 +1.678280888e-06 -3.563999832e+01 -3.563999832e+01 -3.4391e-01 -2.5285e+00 -1.5134e+00
42415 +4.383435197e-07 +4.383435197e-07 -3.563999956e+01 -3.563999956e+01 -3.3275e-01 -2.5685e+00 -1.5097e+00
42444 +2.853823986e-07 +2.853823986e-07 -3.563999971e+01 -3.563999971e+01 -3.2798e-01 -2.5902e+00 -1.4901e+00
42450 +1.784835177e-07 +1.784835177e-07 -3.563999982e+01 -3.563999982e+01 -3.4819e-01 -2.5362e+00 -1.4903e+00
42454 +5.017147942e-08 +5.017147942e-08 -3.563999995e+01 -3.563999995e+01 -3.3988e-01 -2.5321e+00 -1.4911e+00
42502 +1.081678391e-08 +1.081678391e-08 -3.563999999e+01 -3.563999999e+01 -3.3635e-01 -2.5426e+00 -1.4945e+00
42531 +6.187583779e-09 +6.187583779e-09 -3.563999999e+01 -3.563999999e+01 -3.3592e-01 -2.5422e+00 -1.4982e+00
42763 +0.000000000e+00 +0.000000000e+00 -3.564000000e+01 -3.564000000e+01 -3.3682e-01 -2.5522e+00 -1.4954e+00
% function evaluation | noise-free fitness - Fopt (-4.590900000000e+02) | best noise-free fitness - Fopt | measured fitness | best measured fitness | x1 | x2...
1 +4.725826888e+01 +4.725826888e+01 -4.118317311e+02 -4.118317311e+02 +0.0000e+00 +0.0000e+00 +0.0000e+00
2 +4.882350137e+00 +4.882350137e+00 -4.542076499e+02 -4.542076499e+02 -1.1499e+00 +6.8853e-02 -3.4502e-02
3 +3.959921283e+00 +3.959921283e+00 -4.551300787e+02 -4.551300787e+02 -1.2329e+00 +4.9152e-03 -4.5054e-01
13 +2.038159469e+00 +2.038159469e+00 -4.570518405e+02 -4.570518405e+02 -3.2804e+00 -2.1682e-01 +3.4285e-01
38 +1.294196374e+00 +1.294196374e+00 -4.577958036e+02 -4.577958036e+02 -2.0599e+00 -5.7396e-01 -2.4158e-01
78 +7.311626799e-01 +7.311626799e-01 -4.583588373e+02 -4.583588373e+02 -2.2566e+00 -8.7765e-01 +9.9163e-02
83 +5.130052226e-01 +5.130052226e-01 -4.585769948e+02 -4.585769948e+02 -2.3369e+00 -9.0143e-01 -1.0160e-01
92 +2.151587820e-01 +2.151587820e-01 -4.588748412e+02 -4.588748412e+02 -2.3540e+00 -6.5524e-01 -3.7560e-02
103 +1.345804615e-01 +1.345804615e-01 -4.589554195e+02 -4.589554195e+02 -2.3804e+00 -6.4671e-01 +1.6147e-02
116 +1.314013298e-01 +1.314013298e-01 -4.589585987e+02 -4.589585987e+02 -2.2353e+00 -4.5293e-01 +8.8403e-02
118 +5.516780306e-02 +5.516780306e-02 -4.590348322e+02 -4.590348322e+02 -2.4733e+00 -6.0389e-01 +8.3333e-02
119 +1.980975566e-02 +1.980975566e-02 -4.590701902e+02 -4.590701902e+02 -2.5786e+00 -6.2998e-01 +1.3366e-01
122 +1.865804346e-02 +1.865804346e-02 -4.590713420e+02 -4.590713420e+02 -2.6505e+00 -6.6846e-01 +3.1668e-01
125 +9.448798804e-04 +9.448798804e-04 -4.590890551e+02 -4.590890551e+02 -2.7944e+00 -6.3766e-01 +3.4355e-01
161 +8.849089892e-04 +8.849089892e-04 -4.590891151e+02 -4.590891151e+02 -2.7581e+00 -5.7962e-01 +3.1774e-01
191 +8.008996161e-04 +8.008996161e-04 -4.590891991e+02 -4.590891991e+02 -2.8763e+00 -5.8132e-01 +3.5986e-01
194 +5.416214215e-04 +5.416214215e-04 -4.590894584e+02 -4.590894584e+02 -2.8414e+00 -6.3770e-01 +3.5665e-01
202 +2.005641166e-04 +2.005641166e-04 -4.590897994e+02 -4.590897994e+02 -2.9267e+00 -6.5172e-01 +3.3828e-01
207 +1.107067181e-04 +1.107067181e-04 -4.590898893e+02 -4.590898893e+02 -2.9625e+00 -6.9698e-01 +3.7065e-01
214 +6.523681651e-05 +6.523681651e-05 -4.590899348e+02 -4.590899348e+02 -2.8864e+00 -6.7978e-01 +3.3953e-01
215 +2.568013105e-05 +2.568013105e-05 -4.590899743e+02 -4.590899743e+02 -2.8982e+00 -6.9009e-01 +3.2086e-01
216 +8.339383498e-06 +8.339383498e-06 -4.590899917e+02 -4.590899917e+02 -2.9776e+00 -7.5090e-01 +3.5410e-01
233 +7.771732214e-06 +7.771732214e-06 -4.590899922e+02 -4.590899922e+02 -2.9300e+00 -7.6707e-01 +3.2604e-01
259 +6.615650250e-07 +6.615650250e-07 -4.590899993e+02 -4.590899993e+02 -2.9882e+00 -8.0136e-01 +3.3603e-01
333 +1.921748094e-07 +1.921748094e-07 -4.590899998e+02 -4.590899998e+02 -2.9514e+00 -7.6114e-01 +3.2040e-01
357 +1.176499609e-08 +1.176499609e-08 -4.590900000e+02 -4.590900000e+02 -2.9638e+00 -7.7494e-01 +3.2307e-01
395 +7.289941095e-09 +7.289941095e-09 -4.590900000e+02 -4.590900000e+02 -2.9792e+00 -7.8194e-01 +3.2573e-01
552 +0.000000000e+00 +0.000000000e+00 -4.590900000e+02 -4.590900000e+02 -2.9773e+00 -7.8544e-01 +3.2644e-01
% function evaluation | noise-free fitness - Fopt (6.085000000000e+01) | best noise-free fitness - Fopt | measured fitness | best measured fitness | x1 | x2...
1 +1.470620621e+01 +1.470620621e+01 +7.555620621e+01 +7.555620621e+01 +0.0000e+00 +0.0000e+00 +0.0000e+00
2 +1.209813531e+01 +1.209813531e+01 +7.294813531e+01 +7.294813531e+01 +4.1925e-01 -5.0353e-01 -3.6195e+00
8 +8.033397756e+00 +8.033397756e+00 +6.888339776e+01 +6.888339776e+01 -1.6524e+00 +1.4460e+00 +3.8686e-01
23 +7.068402526e+00 +7.068402526e+00 +6.791840253e+01 +6.791840253e+01 -4.2731e+00 +4.5663e+00 -2.4469e+00
57 +6.876371187e+00 +6.876371187e+00 +6.772637119e+01 +6.772637119e+01 -2.4161e+00 +3.5185e+00 -5.8043e-02
66 +3.121995957e+00 +3.121995957e+00 +6.397199596e+01 +6.397199596e+01 -2.9065e+00 +3.9154e+00 +5.6175e-01
82 +2.139463113e+00 +2.139463113e+00 +6.298946311e+01 +6.298946311e+01 -2.8119e+00 +3.2289e+00 +8.8131e-01
94 +1.974917156e+00 +1.974917156e+00 +6.282491716e+01 +6.282491716e+01 -2.3217e+00 +3.5094e+00 +1.2261e+00
96 +1.050656070e+00 +1.050656070e+00 +6.190065607e+01 +6.190065607e+01 -3.4596e+00 +3.4834e+00 +1.0595e+00
123 +7.844660723e-01 +7.844660723e-01 +6.163446607e+01 +6.163446607e+01 -2.9590e+00 +3.3623e+00 +1.3926e+00
202 +7.451343916e-01 +7.451343916e-01 +6.159513439e+01 +6.159513439e+01 -3.0958e+00 +3.4047e+00 +1.1039e+00
213 +7.319702975e-01 +7.319702975e-01 +6.158197030e+01 +6.158197030e+01 -3.0398e+00 +3.4008e+00 +1.1357e+00
283 +7.076632752e-01 +7.076632752e-01 +6.155766328e+01 +6.155766328e+01 -3.0099e+00 +3.3355e+00 +1.3237e+00
40782 +5.158399458e-01 +5.158399458e-01 +6.136583995e+01 +6.136583995e+01 +1.7450e+00 +2.7387e+00 -5.8461e-01
40798 +4.909314706e-01 +4.909314706e-01 +6.134093147e+01 +6.134093147e+01 +1.4401e+00 +3.9534e+00 -7.4569e-01
40803 +1.746009878e-01 +1.746009878e-01 +6.102460099e+01 +6.102460099e+01 +1.4887e+00 +4.0790e+00 -2.5800e-01
40812 +1.291939960e-01 +1.291939960e-01 +6.097919400e+01 +6.097919400e+01 +1.0834e+00 +3.9278e+00 -5.6072e-01
40825 +2.568042730e-03 +2.568042730e-03 +6.085256804e+01 +6.085256804e+01 +1.2714e+00 +3.5734e+00 -6.8893e-01
40849 +9.433890088e-04 +9.433890088e-04 +6.085094339e+01 +6.085094339e+01 +1.3380e+00 +3.4098e+00 -6.4873e-01
40884 +1.572775713e-04 +1.572775713e-04 +6.085015728e+01 +6.085015728e+01 +1.2361e+00 +3.3292e+00 -7.0763e-01
40895 +1.361638329e-04 +1.361638329e-04 +6.085013616e+01 +6.085013616e+01 +1.2691e+00 +3.3900e+00 -7.0141e-01
40902 +9.066061850e-05 +9.066061850e-05 +6.085009066e+01 +6.085009066e+01 +1.2291e+00 +3.3317e+00 -7.7530e-01
40915 +6.944067682e-05 +6.944067682e-05 +6.085006944e+01 +6.085006944e+01 +1.2599e+00 +3.1783e+00 -7.9894e-01
40925 +2.134933618e-05 +2.134933618e-05 +6.085002135e+01 +6.085002135e+01 +1.1990e+00 +3.1624e+00 -8.1446e-01
40933 +1.207187282e-06 +1.207187282e-06 +6.085000121e+01 +6.085000121e+01 +1.2456e+00 +3.1758e+00 -7.8392e-01
40944 +1.130621357e-07 +1.130621357e-07 +6.085000011e+01 +6.085000011e+01 +1.2305e+00 +3.2010e+00 -7.7403e-01
40953 +4.580454060e-08 +4.580454060e-08 +6.085000005e+01 +6.085000005e+01 +1.2449e+00 +3.2144e+00 -7.6250e-01
40995 +1.339541456e-08 +1.339541456e-08 +6.085000001e+01 +6.085000001e+01 +1.2339e+00 +3.2023e+00 -7.7345e-01
40999 +4.594227221e-09 +4.594227221e-09 +6.085000000e+01 +6.085000000e+01 +1.2335e+00 +3.2111e+00 -7.7344e-01
41095 +0.000000000e+00 +0.000000000e+00 +6.085000000e+01 +6.085000000e+01 +1.2382e+00 +3.2114e+00 -7.7169e-01
% function evaluation | noise-free fitness - Fopt (-1.435000000000e+02) | best noise-free fitness - Fopt | measured fitness | best measured fitness | x1 | x2...
1 +3.054000602e+01 +3.054000602e+01 -1.129599940e+02 -1.129599940e+02 +0.0000e+00 +0.0000e+00 +0.0000e+00
2 +2.367314635e+00 +2.367314635e+00 -1.411326854e+02 -1.411326854e+02 -2.1271e+00 +1.6270e+00 -1.8402e+00
9 +6.329091790e-02 +6.329091790e-02 -1.434367091e+02 -1.434367091e+02 -2.5907e+00 +2.3675e+00 -2.4600e+00
26 +3.501272622e-02 +3.501272622e-02 -1.434649873e+02 -1.434649873e+02 -2.1334e+00 +2.1779e+00 -1.7881e+00
39 +2.003711715e-02 +2.003711715e-02 -1.434799629e+02 -1.434799629e+02 -1.6752e+00 +1.9292e+00 -1.6800e+00
58 +6.652320064e-03 +6.652320064e-03 -1.434933477e+02 -1.434933477e+02 -1.7949e+00 +2.1653e+00 -2.0271e+00
77 +1.109114453e-03 +1.109114453e-03 -1.434988909e+02 -1.434988909e+02 -1.8527e+00 +2.1141e+00 -2.0110e+00
95 +9.874706035e-04 +9.874706035e-04 -1.434990125e+02 -1.434990125e+02 -1.9398e+00 +2.0750e+00 -1.9742e+00
111 +4.956128220e-05 +4.956128220e-05 -1.434999504e+02 -1.434999504e+02 -2.0452e+00 +2.1527e+00 -2.0267e+00
119 +1.679807752e-06 +1.679807752e-06 -1.434999983e+02 -1.434999983e+02 -2.1071e+00 +2.2234e+00 -2.1199e+00
231 +1.084900674e-06 +1.084900674e-06 -1.434999989e+02 -1.434999989e+02 -2.0871e+00 +2.2087e+00 -2.0969e+00
242 +2.426546075e-07 +2.426546075e-07 -1.434999998e+02 -1.434999998e+02 -2.1032e+00 +2.2199e+00 -2.1055e+00
244 +3.818144023e-09 +3.818144023e-09 -1.435000000e+02 -1.435000000e+02 -2.1188e+00 +2.2241e+00 -2.1038e+00
508 +0.000000000e+00 +0.000000000e+00 -1.435000000e+02 -1.435000000e+02 -2.1210e+00 +2.2224e+00 -2.0979e+00
% function evaluation | noise-free fitness - Fopt (9.465100000000e+02) | best noise-free fitness - Fopt | measured fitness | best measured fitness | x1 | x2...
1 +3.694690528e+01 +3.694690528e+01 +9.834569053e+02 +9.834569053e+02 +0.0000e+00 +0.0000e+00 +0.0000e+00
4 +2.207967075e+01 +2.207967075e+01 +9.685896708e+02 +9.685896708e+02 +1.8625e+00 -1.7081e+00 +2.0720e-01
7 +9.105740863e+00 +9.105740863e+00 +9.556157409e+02 +9.556157409e+02 +1.8281e+00 -3.6456e+00 +2.2848e-01
17 +2.429105482e+00 +2.429105482e+00 +9.489391055e+02 +9.489391055e+02 +1.1228e+00 -2.8453e+00 +9.1424e-01
34 +2.289691379e+00 +2.289691379e+00 +9.487996914e+02 +9.487996914e+02 +1.8661e+00 -3.2602e+00 +1.0727e+00
47 +2.098037157e+00 +2.098037157e+00 +9.486080372e+02 +9.486080372e+02 +1.5849e+00 -3.7845e+00 +6.1343e-01
58 +1.757230648e+00 +1.757230648e+00 +9.482672306e+02 +9.482672306e+02 +1.0604e+00 -3.3457e+00 +5.9296e-01
76 +1.677855354e+00 +1.677855354e+00 +9.481878554e+02 +9.481878554e+02 +1.4600e+00 -3.4803e+00 +7.8136e-01
79 +6.497405555e-01 +6.497405555e-01 +9.471597406e+02 +9.471597406e+02 +4.2219e-01 -1.0572e+00 -1.3551e-01
98 +3.308299546e-01 +3.308299546e-01 +9.468408300e+02 +9.468408300e+02 +4.9164e-01 -8.9739e-01 -3.4621e-01
102 +2.128411084e-01 +2.128411084e-01 +9.467228411e+02 +9.467228411e+02 +5.4635e-01 -8.0980e-01 -4.2847e-01
144 +2.005631240e-01 +2.005631240e-01 +9.467105631e+02 +9.467105631e+02 +9.1005e-01 -6.2557e-01 -4.7642e-01
154 +6.184719334e-02 +6.184719334e-02 +9.465718472e+02 +9.465718472e+02 +8.9891e-01 -6.9891e-01 -6.8180e-01
177 +1.491633410e-02 +1.491633410e-02 +9.465249163e+02 +9.465249163e+02 +8.3529e-01 -7.1634e-01 -1.1028e+00
185 +1.476201737e-02 +1.476201737e-02 +9.465247620e+02 +9.465247620e+02 +8.3066e-01 -6.7445e-01 -9.5829e-01
199 +1.048916159e-02 +1.048916159e-02 +9.465204892e+02 +9.465204892e+02 +1.1098e+00 -6.1248e-01 -1.0040e+00
233 +9.939802842e-03 +9.939802842e-03 +9.465199398e+02 +9.465199398e+02 +1.1122e+00 -6.4072e-01 -1.3242e+00
235 +3.901072148e-03 +3.901072148e-03 +9.465139011e+02 +9.465139011e+02 +1.0048e+00 -6.6180e-01 -1.1388e+00
243 +3.712759991e-03 +3.712759991e-03 +9.465137128e+02 +9.465137128e+02 +9.9247e-01 -5.5813e-01 -1.1084e+00
244 +3.452401977e-03 +3.452401977e-03 +9.465134524e+02 +9.465134524e+02 +1.0082e+00 -5.8064e-01 -1.2661e+00
254 +1.473950742e-03 +1.473950742e-03 +9.465114740e+02 +9.465114740e+02 +1.0099e+00 -6.0431e-01 -1.1306e+00
276 +7.281585433e-04 +7.281585433e-04 +9.465107282e+02 +9.465107282e+02 +1.0708e+00 -5.5817e-01 -1.1583e+00
285 +1.499937317e-04 +1.499937317e-04 +9.465101500e+02 +9.465101500e+02 +1.1258e+00 -5.4036e-01 -1.2615e+00
306 +8.412315378e-05 +8.412315378e-05 +9.465100841e+02 +9.465100841e+02 +1.1861e+00 -5.3020e-01 -1.2645e+00
322 +6.696134392e-06 +6.696134392e-06 +9.465100067e+02 +9.465100067e+02 +1.2109e+00 -4.8032e-01 -1.3225e+00
330 +1.573074542e-07 +1.573074542e-07 +9.465100002e+02 +9.465100002e+02 +1.2661e+00 -4.6791e-01 -1.3373e+00
358 +5.721187790e-08 +5.721187790e-08 +9.465100001e+02 +9.465100001e+02 +1.2769e+00 -4.5101e-01 -1.3571e+00
392 +1.293756213e-10 +1.293756213e-10 +9.465100000e+02 +9.465100000e+02 +1.2652e+00 -4.6260e-01 -1.3465e+00
621 +0.000000000e+00 +0.000000000e+00 +9.465100000e+02 +9.465100000e+02 +1.2641e+00 -4.6226e-01 -1.3439e+00
