% function evaluation | noise-free fitness - Fopt (-2.098800000000e+02) | best noise-free fitness - Fopt | measured fitness | best measured fitness | x1 | x2...
1 +2.076966042e+05 +2.076966042e+05 +2.074867242e+05 +2.074867242e+05 +0.0000e+00 +0.0000e+00
5 +3.596019106e+04 +3.596019106e+04 +3.575031106e+04 +3.575031106e+04 +2.1129e+00 +2.6545e-01
18 +3.189384396e+02 +3.189384396e+02 +1.090584396e+02 +1.090584396e+02 +1.5500e+00 +4.6665e-01
126 +6.019813530e+01 +6.019813530e+01 -1.496818647e+02 -1.496818647e+02 +3.9554e+00 +4.4016e-01
141 +3.708260156e+01 +3.708260156e+01 -1.727973984e+02 -1.727973984e+02 +3.8563e+00 +4.5372e-01
145 +1.982640339e+01 +1.982640339e+01 -1.900535966e+02 -1.900535966e+02 +2.7994e+00 +4.5196e-01
194 +5.901897164e+00 +5.901897164e+00 -2.039781028e+02 -2.039781028e+02 +3.4490e+00 +4.4748e-01
241 +5.537860269e+00 +5.537860269e+00 -2.043421397e+02 -2.043421397e+02 +3.3723e+00 +4.4869e-01
245 +5.021672445e+00 +5.021672445e+00 -2.048583276e+02 -2.048583276e+02 +3.3577e+00 +4.4777e-01
262 +4.532150073e+00 +4.532150073e+00 -2.053478499e+02 -2.053478499e+02 +3.1817e+00 +4.4709e-01
285 +4.366445112e+00 +4.366445112e+00 -2.055135549e+02 -2.055135549e+02 +3.2684e+00 +4.4796e-01
302 +4.309109993e+00 +4.309109993e+00 -2.055708900e+02 -2.055708900e+02 +3.2589e+00 +4.4790e-01
388 +3.917731899e+00 +3.917731899e+00 -2.059622681e+02 -2.059622681e+02 +3.1998e+00 +4.4812e-01
395 +3.640907460e+00 +3.640907460e+00 -2.062390925e+02 -2.062390925e+02 +3.1549e+00 +4.4786e-01
407 +3.295247793e+00 +3.295247793e+00 -2.065847522e+02 -2.065847522e+02 +3.0996e+00 +4.4796e-01
413 +3.173634277e+00 +3.173634277e+00 -2.067063657e+02 -2.067063657e+02 +3.0051e+00 +4.4744e-01
419 +2.943928638e+00 +2.943928638e+00 -2.069360714e+02 -2.069360714e+02 +3.0324e+00 +4.4798e-01
423 +2.735167647e+00 +2.735167647e+00 -2.071448324e+02 -2.071448324e+02 +2.9849e+00 +4.4807e-01
432 +2.646542162e+00 +2.646542162e+00 -2.072334578e+02 -2.072334578e+02 +2.8914e+00 +4.4755e-01
433 +2.530990399e+00 +2.530990399e+00 -2.073490096e+02 -2.073490096e+02 +2.9113e+00 +4.4828e-01
444 +2.319422622e+00 +2.319422622e+00 -2.075605774e+02 -2.075605774e+02 +2.8324e+00 +4.4772e-01
457 +2.186174104e+00 +2.186174104e+00 -2.076938259e+02 -2.076938259e+02 +2.7609e+00 +4.4826e-01
469 +2.049732905e+00 +2.049732905e+00 -2.078302671e+02 -2.078302671e+02 +2.6570e+00 +4.4788e-01
474 +2.029610800e+00 +2.029610800e+00 -2.078503892e+02 -2.078503892e+02 +2.5617e+00 +4.4822e-01
499 +1.965478404e+00 +1.965478404e+00 -2.079145216e+02 -2.079145216e+02 +2.5020e+00 +4.4779e-01
507 +1.944407427e+00 +1.944407427e+00 -2.079355926e+02 -2.079355926e+02 +2.4900e+00 +4.4781e-01
512 +1.890491869e+00 +1.890491869e+00 -2.079895081e+02 -2.079895081e+02 +2.4721e+00 +4.4792e-01
529 +1.856010606e+00 +1.856010606e+00 -2.080239894e+02 -2.080239894e+02 +2.4332e+00 +4.4777e-01
542 +1.789226733e+00 +1.789226733e+00 -2.080907733e+02 -2.080907733e+02 +2.4198e+00 +4.4789e-01
548 +1.745696043e+00 +1.745696043e+00 -2.081343040e+02 -2.081343040e+02 +2.3867e+00 +4.4774e-01
549 +1.706120144e+00 +1.706120144e+00 -2.081738799e+02 -2.081738799e+02 +2.3880e+00 +4.4787e-01
553 +1.665934941e+00 +1.665934941e+00 -2.082140651e+02 -2.082140651e+02 +2.3712e+00 +4.4783e-01
558 +1.593218520e+00 +1.593218520e+00 -2.082867815e+02 -2.082867815e+02 +2.3546e+00 +4.4789e-01
562 +1.529541955e+00 +1.529541955e+00 -2.083504580e+02 -2.083504580e+02 +2.3283e+00 +4.4777e-01
568 +1.493453137e+00 +1.493453137e+00 -2.083865469e+02 -2.083865469e+02 +2.3266e+00 +4.4788e-01
575 +1.301547178e+00 +1.301547178e+00 -2.085784528e+02 -2.085784528e+02 +2.2795e+00 +4.4789e-01
584 +1.048237659e+00 +1.048237659e+00 -2.088317623e+02 -2.088317623e+02 +2.2153e+00 +4.4787e-01
585 +1.034603386e+00 +1.034603386e+00 -2.088453966e+02 -2.088453966e+02 +2.2121e+00 +4.4788e-01
587 +9.491002427e-01 +9.491002427e-01 -2.089308998e+02 -2.089308998e+02 +2.1891e+00 +4.4788e-01
593 +8.423024584e-01 +8.423024584e-01 -2.090376975e+02 -2.090376975e+02 +2.1571e+00 +4.4788e-01
594 +5.829921278e-01 +5.829921278e-01 -2.092970079e+02 -2.092970079e+02 +2.0385e+00 +4.4789e-01
602 +4.970461430e-01 +4.970461430e-01 -2.093829539e+02 -2.093829539e+02 +1.8850e+00 +4.4790e-01
612 +3.334928795e-01 +3.334928795e-01 -2.095465071e+02 -2.095465071e+02 +1.7464e+00 +4.4790e-01
614 +1.753446151e-01 +1.753446151e-01 -2.097046554e+02 -2.097046554e+02 +1.6252e+00 +4.4786e-01
624 +7.749659232e-02 +7.749659232e-02 -2.098025034e+02 -2.098025034e+02 +1.4384e+00 +4.4784e-01
628 +2.247606316e-02 +2.247606316e-02 -2.098575239e+02 -2.098575239e+02 +1.2129e+00 +4.4785e-01
637 +1.589526057e-02 +1.589526057e-02 -2.098641047e+02 -2.098641047e+02 +1.2432e+00 +4.4788e-01
648 +1.324531304e-02 +1.324531304e-02 -2.098667547e+02 -2.098667547e+02 +1.2226e+00 +4.4789e-01
651 +1.138174552e-02 +1.138174552e-02 -2.098686183e+02 -2.098686183e+02 +1.1425e+00 +4.4791e-01
677 +5.156920498e-03 +5.156920498e-03 -2.098748431e+02 -2.098748431e+02 +1.1981e+00 +4.4793e-01
685 +4.810497988e-03 +4.810497988e-03 -2.098751895e+02 -2.098751895e+02 +1.1480e+00 +4.4796e-01
698 +3.018280024e-03 +3.018280024e-03 -2.098769817e+02 -2.098769817e+02 +1.1776e+00 +4.4796e-01
719 +1.134534020e-03 +1.134534020e-03 -2.098788655e+02 -2.098788655e+02 +1.1867e+00 +4.4803e-01
722 +5.695018270e-04 +5.695018270e-04 -2.098794305e+02 -2.098794305e+02 +1.2233e+00 +4.4802e-01
770 +2.464955962e-04 +2.464955962e-04 -2.098797535e+02 -2.098797535e+02 +1.2219e+00 +4.4799e-01
780 +1.311144610e-04 +1.311144610e-04 -2.098798689e+02 -2.098798689e+02 +1.2186e+00 +4.4800e-01
797 +6.928244667e-05 +6.928244667e-05 -2.098799307e+02 -2.098799307e+02 +1.2118e+00 +4.4799e-01
815 +1.904793490e-05 +1.904793490e-05 -2.098799810e+02 -2.098799810e+02 +1.2065e+00 +4.4800e-01
905 +1.811206701e-05 +1.811206701e-05 -2.098799819e+02 -2.098799819e+02 +1.2033e+00 +4.4800e-01
919 +1.318607630e-05 +1.318607630e-05 -2.098799868e+02 -2.098799868e+02 +1.2055e+00 +4.4800e-01
922 +4.952130752e-06 +4.952130752e-06 -2.098799950e+02 -2.098799950e+02 +1.2064e+00 +4.4800e-01
923 +4.430507175e-06 +4.430507175e-06 -2.098799956e+02 -2.098799956e+02 +1.2057e+00 +4.4800e-01
926 +3.790343953e-06 +3.790343953e-06 -2.098799962e+02 -2.098799962e+02 +1.2060e+00 +4.4800e-01
945 +4.218777008e-07 +4.218777008e-07 -2.098799996e+02 -2.098799996e+02 +1.2078e+00 +4.4800e-01
954 +1.988114775e-07 +1.988114775e-07 -2.098799998e+02 -2.098799998e+02 +1.2076e+00 +4.4800e-01
977 +1.616273266e-07 +1.616273266e-07 -2.098799998e+02 -2.098799998e+02 +1.2071e+00 +4.4800e-01
982 +5.083674637e-08 +5.083674637e-08 -2.098799999e+02 -2.098799999e+02 +1.2070e+00 +4.4800e-01
1034 +1.268406891e-08 +1.268406891e-08 -2.098800000e+02 -2.098800000e+02 +1.2072e+00 +4.4800e-01
1083 +6.285432619e-09 +6.285432619e-09 -2.098800000e+02 -2.098800000e+02 +1.2072e+00 +4.4800e-01
1427 +0.000000000e+00 +0.000000000e+00 -2.098800000e+02 -2.098800000e+02 +1.2072e+00 +4.4800e-01
% function evaluation | noise-free fitness - Fopt (-9.209000000000e+01) | best noise-free fitness - Fopt | measured fitness | best measured fitness | x1 | x2...
1 +6.430618442e+06 +6.430618442e+06 +6.430526352e+06 +6.430526352e+06 +0.0000e+00 +0.0000e+00
3 +3.301994451e+06 +3.301994451e+06 +3.301902361e+06 +3.301902361e+06 +3.4018e+00 +9.0522e-01
4 +2.167976419e+06 +2.167976419e+06 +2.167884329e+06 +2.167884329e+06 +1.9611e+00 +1.2733e+00
6 +2.702075956e+05 +2.702075956e+05 +2.701155056e+05 +2.701155056e+05 +9.1630e-01 +2.0846e+00
14 +2.613502588e+05 +2.613502588e+05 +2.612581688e+05 +2.612581688e+05 +4.8910e-01 +2.0975e+00
21 +2.426562610e+02 +2.426562610e+02 +1.505662610e+02 +1.505662610e+02 +1.1200e+00 +2.6064e+00
78 +8.752632078e+01 +8.752632078e+01 -4.563679221e+00 -4.563679221e+00 +2.4412e+00 +2.6306e+00
121 +1.648210241e+01 +1.648210241e+01 -7.560789759e+01 -7.560789759e+01 +2.4563e+00 +2.6181e+00
223 +1.123628538e+01 +1.123628538e+01 -8.085371462e+01 -8.085371462e+01 +2.4018e+00 +2.6248e+00
225 +1.074372505e+01 +1.074372505e+01 -8.134627495e+01 -8.134627495e+01 +2.4332e+00 +2.6248e+00
247 +4.650890554e+00 +4.650890554e+00 -8.743910945e+01 -8.743910945e+01 +2.4434e+00 +2.6232e+00
251 +2.562802428e+00 +2.562802428e+00 -8.952719757e+01 -8.952719757e+01 +2.4577e+00 +2.6217e+00
322 +2.486769406e+00 +2.486769406e+00 -8.960323059e+01 -8.960323059e+01 +2.4342e+00 +2.6217e+00
700 +2.454232709e+00 +2.454232709e+00 -8.963576729e+01 -8.963576729e+01 +2.4274e+00 +2.6216e+00
743 +2.331501238e+00 +2.331501238e+00 -8.975849876e+01 -8.975849876e+01 +2.3829e+00 +2.6215e+00
768 +2.260302652e+00 +2.260302652e+00 -8.982969735e+01 -8.982969735e+01 +2.3543e+00 +2.6216e+00
769 +2.226712363e+00 +2.226712363e+00 -8.986328764e+01 -8.986328764e+01 +2.3322e+00 +2.6217e+00
795 +2.184942882e+00 +2.184942882e+00 -8.990505712e+01 -8.990505712e+01 +2.3155e+00 +2.6216e+00
817 +2.103520047e+00 +2.103520047e+00 -8.998647995e+01 -8.998647995e+01 +2.2475e+00 +2.6217e+00
821 +2.062389332e+00 +2.062389332e+00 -9.002761067e+01 -9.002761067e+01 +2.1982e+00 +2.6217e+00
826 +1.990910217e+00 +1.990910217e+00 -9.009908978e+01 -9.009908978e+01 +2.0892e+00 +2.6215e+00
836 +9.227180064e-01 +9.227180064e-01 -9.116728199e+01 -9.116728199e+01 +1.6163e+00 +2.6211e+00
848 +6.717089405e-01 +6.717089405e-01 -9.141829106e+01 -9.141829106e+01 +6.6669e-01 +2.6207e+00
853 +1.148949901e-01 +1.148949901e-01 -9.197510501e+01 -9.197510501e+01 +1.0131e+00 +2.6218e+00
884 +9.607776412e-02 +9.607776412e-02 -9.199392224e+01 -9.199392224e+01 +5.1226e-01 +2.6218e+00
904 +5.693198607e-02 +5.693198607e-02 -9.203306801e+01 -9.203306801e+01 +4.8821e-01 +2.6216e+00
910 +2.100373332e-03 +2.100373332e-03 -9.208789963e+01 -9.208789963e+01 +7.6524e-01 +2.6216e+00
952 +1.197595048e-03 +1.197595048e-03 -9.208880240e+01 -9.208880240e+01 +6.9666e-01 +2.6216e+00
962 +3.837280727e-05 +3.837280727e-05 -9.208996163e+01 -9.208996163e+01 +7.2686e-01 +2.6216e+00
992 +1.714151372e-05 +1.714151372e-05 -9.208998286e+01 -9.208998286e+01 +7.2184e-01 +2.6216e+00
1006 +1.453622953e-05 +1.453622953e-05 -9.208998546e+01 -9.208998546e+01 +7.2240e-01 +2.6216e+00
1017 +1.851342546e-07 +1.851342546e-07 -9.208999981e+01 -9.208999981e+01 +7.2576e-01 +2.6216e+00
1083 +1.805246086e-07 +1.805246086e-07 -9.208999982e+01 -9.208999982e+01 +7.2576e-01 +2.6216e+00
1091 +8.252101225e-08 +8.252101225e-08 -9.208999992e+01 -9.208999992e+01 +7.2573e-01 +2.6216e+00
1125 +2.159673329e-08 +2.159673329e-08 -9.208999998e+01 -9.208999998e+01 +7.2575e-01 +2.6216e+00
1132 +4.951360211e-09 +4.951360211e-09 -9.209000000e+01 -9.209000000e+01 +7.2567e-01 +2.6216e+00
1379 +0.000000000e+00 +0.000000000e+00 -9.209000000e+01 -9.209000000e+01 +7.2560e-01 +2.6216e+00
% function evaluation | noise-free fitness - Fopt (-8.789000000000e+01) | best noise-free fitness - Fopt | measured fitness | best measured fitness | x1 | x2...
1 +1.325850294e+07 +1.325850294e+07 +1.325841505e+07 +1.325841505e+07 +0.0000e+00 +0.0000e+00
3 +7.458692511e+06 +7.458692511e+06 +7.458604621e+06 +7.458604621e+06 +3.4565e-02 +8.2982e-01
6 +1.338726428e+05 +1.338726428e+05 +1.337847528e+05 +1.337847528e+05 -1.5009e+00 +3.2907e+00
7 +5.361959105e+04 +5.361959105e+04 +5.353170105e+04 +5.353170105e+04 -1.8089e+00 +3.4141e+00
17 +4.870446178e+04 +4.870446178e+04 +4.861657178e+04 +4.861657178e+04 -1.9623e-01 +3.4262e+00
24 +1.405028295e+04 +1.405028295e+04 +1.396239295e+04 +1.396239295e+04 -1.2580e+00 +3.7605e+00
44 +7.775902285e+01 +7.775902285e+01 -1.013097715e+01 -1.013097715e+01 +3.1893e-01 +3.6542e+00
102 +1.272590677e+00 +1.272590677e+00 -8.661740932e+01 -8.661740932e+01 -5.3308e-01 +3.6447e+00
287 +5.977135359e-01 +5.977135359e-01 -8.729228646e+01 -8.729228646e+01 +6.9223e-01 +3.6450e+00
312 +2.171503131e-01 +2.171503131e-01 -8.767284969e+01 -8.767284969e+01 +6.5675e-01 +3.6459e+00
346 +1.745144404e-01 +1.745144404e-01 -8.771548556e+01 -8.771548556e+01 +6.7675e-01 +3.6455e+00
410 +1.682689724e-01 +1.682689724e-01 -8.772173103e+01 -8.772173103e+01 +6.7366e-01 +3.6456e+00
415 +1.587077669e-01 +1.587077669e-01 -8.773129223e+01 -8.773129223e+01 +6.6164e-01 +3.6456e+00
426 +1.512997022e-01 +1.512997022e-01 -8.773870030e+01 -8.773870030e+01 +6.3090e-01 +3.6457e+00
431 +1.459238881e-01 +1.459238881e-01 -8.774407611e+01 -8.774407611e+01 +6.4061e-01 +3.6456e+00
437 +1.443295401e-01 +1.443295401e-01 -8.774567046e+01 -8.774567046e+01 +6.3970e-01 +3.6456e+00
444 +1.303658922e-01 +1.303658922e-01 -8.775963411e+01 -8.775963411e+01 +6.0157e-01 +3.6457e+00
453 +1.231144094e-01 +1.231144094e-01 -8.776688559e+01 -8.776688559e+01 +5.8882e-01 +3.6456e+00
473 +1.215599742e-01 +1.215599742e-01 -8.776844003e+01 -8.776844003e+01 +5.8072e-01 +3.6457e+00
475 +1.155535356e-01 +1.155535356e-01 -8.777444646e+01 -8.777444646e+01 +5.5147e-01 +3.6457e+00
479 +1.094449405e-01 +1.094449405e-01 -8.778055506e+01 -8.778055506e+01 +5.5378e-01 +3.6455e+00
481 +1.015157464e-01 +1.015157464e-01 -8.778848425e+01 -8.778848425e+01 +5.4879e-01 +3.6456e+00
482 +8.333505031e-02 +8.333505031e-02 -8.780666495e+01 -8.780666495e+01 +5.1952e-01 +3.6456e+00
491 +7.558573784e-02 +7.558573784e-02 -8.781441426e+01 -8.781441426e+01 +5.0948e-01 +3.6456e+00
492 +4.390474799e-02 +4.390474799e-02 -8.784609525e+01 -8.784609525e+01 +4.4266e-01 +3.6456e+00
495 +4.286762846e-02 +4.286762846e-02 -8.784713237e+01 -8.784713237e+01 +4.2954e-01 +3.6455e+00
503 +3.719205776e-02 +3.719205776e-02 -8.785280794e+01 -8.785280794e+01 +4.1465e-01 +3.6455e+00
506 +3.161173192e-02 +3.161173192e-02 -8.785838827e+01 -8.785838827e+01 +3.7827e-01 +3.6455e+00
514 +2.869499164e-02 +2.869499164e-02 -8.786130501e+01 -8.786130501e+01 +2.9072e-01 +3.6454e+00
515 +2.810195233e-02 +2.810195233e-02 -8.786189805e+01 -8.786189805e+01 +3.4064e-01 +3.6455e+00
516 +2.734559859e-02 +2.734559859e-02 -8.786265440e+01 -8.786265440e+01 +3.2144e-01 +3.6455e+00
522 +2.643778988e-02 +2.643778988e-02 -8.786356221e+01 -8.786356221e+01 +3.5856e-01 +3.6455e+00
536 +1.276065722e-02 +1.276065722e-02 -8.787723934e+01 -8.787723934e+01 +2.5321e-01 +3.6455e+00
543 +1.199843220e-02 +1.199843220e-02 -8.787800157e+01 -8.787800157e+01 +2.1743e-01 +3.6455e+00
544 +9.228859205e-03 +9.228859205e-03 -8.788077114e+01 -8.788077114e+01 +2.5789e-01 +3.6455e+00
549 +7.336570276e-03 +7.336570276e-03 -8.788266343e+01 -8.788266343e+01 +2.6715e-01 +3.6455e+00
552 +2.319635127e-04 +2.319635127e-04 -8.788976804e+01 -8.788976804e+01 +2.2632e-01 +3.6456e+00
566 +5.414366551e-05 +5.414366551e-05 -8.788994586e+01 -8.788994586e+01 +2.3369e-01 +3.6456e+00
685 +1.895321206e-05 +1.895321206e-05 -8.788998105e+01 -8.788998105e+01 +2.3618e-01 +3.6456e+00
701 +1.728862050e-05 +1.728862050e-05 -8.788998271e+01 -8.788998271e+01 +2.3613e-01 +3.6456e+00
714 +1.619681120e-05 +1.619681120e-05 -8.788998380e+01 -8.788998380e+01 +2.3582e-01 +3.6456e+00
742 +8.642294787e-06 +8.642294787e-06 -8.788999136e+01 -8.788999136e+01 +2.3849e-01 +3.6456e+00
749 +5.866532575e-06 +5.866532575e-06 -8.788999413e+01 -8.788999413e+01 +2.3983e-01 +3.6456e+00
750 +5.217914051e-06 +5.217914051e-06 -8.788999478e+01 -8.788999478e+01 +2.3862e-01 +3.6456e+00
753 +6.931015264e-07 +6.931015264e-07 -8.788999931e+01 -8.788999931e+01 +2.3853e-01 +3.6456e+00
774 +6.203670324e-07 +6.203670324e-07 -8.788999938e+01 -8.788999938e+01 +2.3924e-01 +3.6456e+00
869 +3.702901239e-07 +3.702901239e-07 -8.788999963e+01 -8.788999963e+01 +2.3866e-01 +3.6456e+00
1001 +3.131995072e-07 +3.131995072e-07 -8.788999969e+01 -8.788999969e+01 +2.3869e-01 +3.6456e+00
1020 +3.020873294e-07 +3.020873294e-07 -8.788999970e+01 -8.788999970e+01 +2.3870e-01 +3.6456e+00
1064 +2.737615432e-07 +2.737615432e-07 -8.788999973e+01 -8.788999973e+01 +2.3873e-01 +3.6456e+00
1085 +2.572341060e-07 +2.572341060e-07 -8.788999974e+01 -8.788999974e+01 +2.3874e-01 +3.6456e+00
1109 +2.508786707e-07 +2.508786707e-07 -8.788999975e+01 -8.788999975e+01 +2.3874e-01 +3.6456e+00
1165 +2.378263417e-07 +2.378263417e-07 -8.788999976e+01 -8.788999976e+01 +2.3876e-01 +3.6456e+00
1214 +2.340505745e-07 +2.340505745e-07 -8.788999977e+01 -8.788999977e+01 +2.3876e-01 +3.6456e+00
1233 +2.289979193e-07 +2.289979193e-07 -8.788999977e+01 -8.788999977e+01 +2.3876e-01 +3.6456e+00
1242 +2.207032281e-07 +2.207032281e-07 -8.788999978e+01 -8.788999978e+01 +2.3877e-01 +3.6456e+00
1259 +2.167535484e-07 +2.167535484e-07 -8.788999978e+01 -8.788999978e+01 +2.3877e-01 +3.6456e+00
1267 +2.079492987e-07 +2.079492987e-07 -8.788999979e+01 -8.788999979e+01 +2.3878e-01 +3.6456e+00
1282 +1.864886769e-07 +1.864886769e-07 -8.788999981e+01 -8.788999981e+01 +2.3880e-01 +3.6456e+00
1287 +1.852354501e-07 +1.852354501e-07 -8.788999981e+01 -8.788999981e+01 +2.3880e-01 +3.6456e+00
1297 +1.669095298e-07 +1.669095298e-07 -8.788999983e+01 -8.788999983e+01 +2.3882e-01 +3.6456e+00
1302 +1.561756022e-07 +1.561756022e-07 -8.788999984e+01 -8.788999984e+01 +2.3883e-01 +3.6456e+00
1304 +1.403675896e-07 +1.403675896e-07 -8.788999986e+01 -8.788999986e+01 +2.3885e-01 +3.6456e+00
1312 +1.173065840e-07 +1.173065840e-07 -8.788999988e+01 -8.788999988e+01 +2.3886e-01 +3.6456e+00
1313 +7.653730449e-08 +7.653730449e-08 -8.788999992e+01 -8.788999992e+01 +2.3891e-01 +3.6456e+00
1325 +2.496150842e-08 +2.496150842e-08 -8.788999998e+01 -8.788999998e+01 +2.3904e-01 +3.6456e+00
1349 +8.386422223e-09 +8.386422223e-09 -8.788999999e+01 -8.788999999e+01 +2.3918e-01 +3.6456e+00
1607 +0.000000000e+00 +0.000000000e+00 -8.789000000e+01 -8.789000000e+01 +2.3920e-01 +3.6456e+00
% function evaluation | noise-free fitness - Fopt (3.201900000000e+02) | best noise-free fitness - Fopt | measured fitness | best measured fitness | x1 | x2...
1 +6.283126796e+06 +6.283126796e+06 +6.283446986e+06 +6.283446986e+06 +0.0000e+00 +0.0000e+00
2 +2.325023985e+06 +2.325023985e+06 +2.325344175e+06 +2.325344175e+06 +3.0764e+00 -3.7552e+00
3 +5.236106711e+05 +5.236106711e+05 +5.239308611e+05 +5.239308611e+05 +1.3184e+00 -1.5805e+00
5 +4.793767135e+05 +4.793767135e+05 +4.796969035e+05 +4.796969035e+05 +2.0439e+00 -1.7019e+00
6 +3.954816974e+05 +3.954816974e+05 +3.958018874e+05 +3.958018874e+05 +3.1222e+00 -3.0476e+00
13 +2.157041681e+04 +2.157041681e+04 +2.189060681e+04 +2.189060681e+04 +1.6991e+00 -2.4996e+00
44 +2.778880792e+02 +2.778880792e+02 +5.980780792e+02 +5.980780792e+02 +1.9317e+00 -2.3769e+00
121 +1.735526558e+02 +1.735526558e+02 +4.937426558e+02 +4.937426558e+02 +2.1548e+00 -2.3481e+00
123 +1.898436247e+01 +1.898436247e+01 +3.391743625e+02 +3.391743625e+02 +2.6312e+00 -2.3639e+00
124 +6.613887694e+00 +6.613887694e+00 +3.268038877e+02 +3.268038877e+02 +1.8506e+00 -2.3617e+00
331 +5.442170248e+00 +5.442170248e+00 +3.256321702e+02 +3.256321702e+02 +1.7861e+00 -2.3609e+00
427 +5.254837844e+00 +5.254837844e+00 +3.254448378e+02 +3.254448378e+02 +1.7585e+00 -2.3607e+00
448 +5.243288070e+00 +5.243288070e+00 +3.254332881e+02 +3.254332881e+02 +1.7553e+00 -2.3607e+00
467 +5.013797397e+00 +5.013797397e+00 +3.252037974e+02 +3.252037974e+02 +1.7228e+00 -2.3608e+00
476 +5.002495479e+00 +5.002495479e+00 +3.251924955e+02 +3.251924955e+02 +1.7203e+00 -2.3607e+00
496 +4.880952931e+00 +4.880952931e+00 +3.250709529e+02 +3.250709529e+02 +1.6980e+00 -2.3610e+00
513 +4.730969087e+00 +4.730969087e+00 +3.249209691e+02 +3.249209691e+02 +1.6761e+00 -2.3610e+00
522 +4.640642101e+00 +4.640642101e+00 +3.248306421e+02 +3.248306421e+02 +1.6507e+00 -2.3611e+00
525 +4.553479832e+00 +4.553479832e+00 +3.247434798e+02 +3.247434798e+02 +1.6551e+00 -2.3609e+00
542 +4.347211693e+00 +4.347211693e+00 +3.245372117e+02 +3.245372117e+02 +1.6123e+00 -2.3611e+00
552 +4.101722755e+00 +4.101722755e+00 +3.242917228e+02 +3.242917228e+02 +1.5877e+00 -2.3607e+00
562 +4.019627231e+00 +4.019627231e+00 +3.242096272e+02 +3.242096272e+02 +1.5754e+00 -2.3607e+00
577 +3.810957357e+00 +3.810957357e+00 +3.240009574e+02 +3.240009574e+02 +1.5171e+00 -2.3604e+00
582 +3.651429978e+00 +3.651429978e+00 +3.238414300e+02 +3.238414300e+02 +1.5194e+00 -2.3607e+00
593 +3.374634602e+00 +3.374634602e+00 +3.235646346e+02 +3.235646346e+02 +1.4710e+00 -2.3609e+00
594 +3.303060508e+00 +3.303060508e+00 +3.234930605e+02 +3.234930605e+02 +1.4493e+00 -2.3605e+00
600 +3.182896619e+00 +3.182896619e+00 +3.233728966e+02 +3.233728966e+02 +1.4390e+00 -2.3608e+00
602 +3.108221195e+00 +3.108221195e+00 +3.232982212e+02 +3.232982212e+02 +1.3007e+00 -2.3616e+00
603 +2.956332691e+00 +2.956332691e+00 +3.231463327e+02 +3.231463327e+02 +1.3921e+00 -2.3607e+00
604 +2.789141989e+00 +2.789141989e+00 +3.229791420e+02 +3.229791420e+02 +1.3579e+00 -2.3607e+00
614 +2.653882016e+00 +2.653882016e+00 +3.228438820e+02 +3.228438820e+02 +1.3193e+00 -2.3610e+00
617 +2.442043847e+00 +2.442043847e+00 +3.226320438e+02 +3.226320438e+02 +1.2487e+00 -2.3606e+00
622 +2.135994004e+00 +2.135994004e+00 +3.223259940e+02 +3.223259940e+02 +1.0865e+00 -2.3606e+00
632 +2.071486662e+00 +2.071486662e+00 +3.222614867e+02 +3.222614867e+02 +1.0138e+00 -2.3606e+00
638 +2.003734220e+00 +2.003734220e+00 +3.221937342e+02 +3.221937342e+02 +9.5340e-01 -2.3609e+00
641 +1.973499123e+00 +1.973499123e+00 +3.221634991e+02 +3.221634991e+02 +8.5949e-01 -2.3606e+00
642 +1.665608457e+00 +1.665608457e+00 +3.218556085e+02 +3.218556085e+02 +7.2756e-01 -2.3606e+00
649 +8.851903363e-01 +8.851903363e-01 +3.210751903e+02 +3.210751903e+02 +5.3162e-01 -2.3607e+00
652 +6.002966618e-01 +6.002966618e-01 +3.207902967e+02 +3.207902967e+02 +2.0275e-01 -2.3604e+00
653 +5.383986772e-01 +5.383986772e-01 +3.207283987e+02 +3.207283987e+02 +3.6762e-01 -2.3608e+00
654 +5.231166972e-01 +5.231166972e-01 +3.207131167e+02 +3.207131167e+02 +3.3739e-01 -2.3609e+00
664 +2.874412848e-01 +2.874412848e-01 +3.204774413e+02 +3.204774413e+02 +5.9230e-02 -2.3610e+00
668 +2.084787869e-01 +2.084787869e-01 +3.203984788e+02 +3.203984788e+02 -1.5595e-01 -2.3611e+00
672 +8.834429344e-02 +8.834429344e-02 +3.202783443e+02 +3.202783443e+02 -2.8237e-01 -2.3611e+00
691 +7.950730504e-02 +7.950730504e-02 +3.202695073e+02 +3.202695073e+02 -3.0036e-01 -2.3611e+00
693 +6.534713884e-02 +6.534713884e-02 +3.202553471e+02 +3.202553471e+02 -4.1397e-01 -2.3611e+00
699 +5.787176600e-02 +5.787176600e-02 +3.202478718e+02 +3.202478718e+02 -4.4075e-01 -2.3611e+00
708 +3.989249532e-02 +3.989249532e-02 +3.202298925e+02 +3.202298925e+02 -4.2416e-01 -2.3610e+00
713 +3.537944899e-02 +3.537944899e-02 +3.202253794e+02 +3.202253794e+02 -4.1402e-01 -2.3610e+00
728 +2.595761338e-02 +2.595761338e-02 +3.202159576e+02 +3.202159576e+02 -2.9958e-01 -2.3609e+00
730 +3.620592139e-03 +3.620592139e-03 +3.201936206e+02 +3.201936206e+02 -4.9143e-01 -2.3608e+00
744 +3.083156442e-03 +3.083156442e-03 +3.201930832e+02 +3.201930832e+02 -4.7851e-01 -2.3608e+00
747 +4.096378299e-04 +4.096378299e-04 +3.201904096e+02 +3.201904096e+02 -4.3407e-01 -2.3608e+00
777 +3.918397810e-04 +3.918397810e-04 +3.201903918e+02 +3.201903918e+02 -4.3292e-01 -2.3608e+00
790 +1.446273380e-04 +1.446273380e-04 +3.201901446e+02 +3.201901446e+02 -4.2710e-01 -2.3608e+00
1262 +1.081468806e-04 +1.081468806e-04 +3.201901081e+02 +3.201901081e+02 -4.2419e-01 -2.3608e+00
1274 +8.408230076e-05 +8.408230076e-05 +3.201900841e+02 +3.201900841e+02 -4.2595e-01 -2.3608e+00
1284 +8.279357286e-05 +8.279357286e-05 +3.201900828e+02 +3.201900828e+02 -4.2697e-01 -2.3608e+00
1286 +7.911800174e-05 +7.911800174e-05 +3.201900791e+02 +3.201900791e+02 -4.2663e-01 -2.3608e+00
1290 +7.613331150e-05 +7.613331150e-05 +3.201900761e+02 +3.201900761e+02 -4.3014e-01 -2.3608e+00
1291 +6.971681756e-05 +6.971681756e-05 +3.201900697e+02 +3.201900697e+02 -4.2682e-01 -2.3608e+00
1292 +6.811451300e-05 +6.811451300e-05 +3.201900681e+02 +3.201900681e+02 -4.2606e-01 -2.3608e+00
1296 +5.412594788e-05 +5.412594788e-05 +3.201900541e+02 +3.201900541e+02 -4.3080e-01 -2.3608e+00
1303 +5.275091581e-05 +5.275091581e-05 +3.201900528e+02 +3.201900528e+02 -4.3281e-01 -2.3608e+00
1305 +4.779942805e-05 +4.779942805e-05 +3.201900478e+02 +3.201900478e+02 -4.3044e-01 -2.3608e+00
1314 +4.162980525e-05 +4.162980525e-05 +3.201900416e+02 +3.201900416e+02 -4.2995e-01 -2.3608e+00
1316 +3.519419664e-05 +3.519419664e-05 +3.201900352e+02 +3.201900352e+02 -4.3235e-01 -2.3608e+00
1325 +2.741899635e-05 +2.741899635e-05 +3.201900274e+02 +3.201900274e+02 -4.3291e-01 -2.3608e+00
1326 +2.406943634e-05 +2.406943634e-05 +3.201900241e+02 +3.201900241e+02 -4.3338e-01 -2.3608e+00
1332 +8.439816213e-06 +8.439816213e-06 +3.201900084e+02 +3.201900084e+02 -4.3493e-01 -2.3608e+00
1338 +3.494844862e-06 +3.494844862e-06 +3.201900035e+02 +3.201900035e+02 -4.3294e-01 -2.3608e+00
1344 +1.511687628e-06 +1.511687628e-06 +3.201900015e+02 +3.201900015e+02 -4.3221e-01 -2.3608e+00
1365 +4.808612175e-08 +4.808612175e-08 +3.201900000e+02 +3.201900000e+02 -4.3270e-01 -2.3608e+00
1605 +3.264557336e-08 +3.264557336e-08 +3.201900000e+02 +3.201900000e+02 -4.3263e-01 -2.3608e+00
1613 +2.174095926e-08 +2.174095926e-08 +3.201900000e+02 +3.201900000e+02 -4.3267e-01 -2.3608e+00
1618 +1.793154070e-08 +1.793154070e-08 +3.201900000e+02 +3.201900000e+02 -4.3266e-01 -2.3608e+00
1644 +1.193922117e-08 +1.193922117e-08 +3.201900000e+02 +3.201900000e+02 -4.3269e-01 -2.3608e+00
1660 +1.094764457e-08 +1.094764457e-08 +3.201900000e+02 +3.201900000e+02 -4.3271e-01 -2.3608e+00
1700 +6.895731985e-09 +6.895731985e-09 +3.201900000e+02 +3.201900000e+02 -4.3272e-01 -2.3608e+00
2014 +0.000000000e+00 +0.000000000e+00 +3.201900000e+02 +3.201900000e+02 -4.3280e-01 -2.3608e+00
% function evaluation | noise-free fitness - Fopt (-1.042400000000e+02) | best noise-free fitness - Fopt | measured fitness | best measured fitness | x1 | x2...
1 +1.523048660e+07 +1.523048660e+07 +1.523038236e+07 +1.523038236e+07 +0.0000e+00 +0.0000e+00
6 +1.043156692e+07 +1.043156692e+07 +1.043146268e+07 +1.043146268e+07 -1.2280e+00 -5.9531e-01
8 +7.589321281e+06 +7.589321281e+06 +7.589217041e+06 +7.589217041e+06 -7.2454e-01 -1.2435e+00
9 +6.657485992e+06 +6.657485992e+06 +6.657381752e+06 +6.657381752e+06 +1.0097e+00 -1.4849e+00
10 +3.045737181e+06 +3.045737181e+06 +3.045632941e+06 +3.045632941e+06 +5.5817e-01 -2.0741e+00
13 +2.309386953e+06 +2.309386953e+06 +2.309282713e+06 +2.309282713e+06 +2.3393e+00 -5.3098e+00
17 +1.987998473e+06 +1.987998473e+06 +1.987894233e+06 +1.987894233e+06 +6.0170e-01 -2.5550e+00
21 +2.120371010e+04 +2.120371010e+04 +2.109947010e+04 +2.109947010e+04 +1.7418e+00 -3.7689e+00
27 +2.366591925e+02 +2.366591925e+02 +1.324191925e+02 +1.324191925e+02 +2.0440e+00 -3.9350e+00
39 +8.773303725e+00 +8.773303725e+00 -9.546669627e+01 -9.546669627e+01 +2.4605e+00 -3.9222e+00
66 +5.610728546e+00 +5.610728546e+00 -9.862927145e+01 -9.862927145e+01 +1.3619e+00 -3.9223e+00
117 +1.565655811e+00 +1.565655811e+00 -1.026743442e+02 -1.026743442e+02 +1.2871e+00 -3.9210e+00
179 +8.146305372e-01 +8.146305372e-01 -1.034253695e+02 -1.034253695e+02 +1.2863e+00 -3.9204e+00
185 +6.780161519e-01 +6.780161519e-01 -1.035619838e+02 -1.035619838e+02 +1.2553e+00 -3.9203e+00
672 +5.060076023e-01 +5.060076023e-01 -1.037339924e+02 -1.037339924e+02 +1.1318e+00 -3.9200e+00
707 +3.869696854e-01 +3.869696854e-01 -1.038530303e+02 -1.038530303e+02 +9.6753e-01 -3.9200e+00
723 +1.382441691e-01 +1.382441691e-01 -1.041017558e+02 -1.041017558e+02 +7.6297e-01 -3.9199e+00
732 +1.340471000e-01 +1.340471000e-01 -1.041059529e+02 -1.041059529e+02 +7.5623e-01 -3.9201e+00
737 +1.051682431e-01 +1.051682431e-01 -1.041348318e+02 -1.041348318e+02 +6.5330e-01 -3.9202e+00
742 +7.296589733e-02 +7.296589733e-02 -1.041670341e+02 -1.041670341e+02 +6.5521e-01 -3.9201e+00
743 +6.675097120e-02 +6.675097120e-02 -1.041732490e+02 -1.041732490e+02 +6.5107e-01 -3.9200e+00
762 +5.135456020e-02 +5.135456020e-02 -1.041886454e+02 -1.041886454e+02 +5.6527e-01 -3.9201e+00
770 +3.144274145e-02 +3.144274145e-02 -1.042085573e+02 -1.042085573e+02 +3.6023e-01 -3.9198e+00
793 +2.134547640e-02 +2.134547640e-02 -1.042186545e+02 -1.042186545e+02 +4.3148e-01 -3.9201e+00
795 +2.017492950e-03 +2.017492950e-03 -1.042379825e+02 -1.042379825e+02 +4.2874e-01 -3.9200e+00
841 +1.446655617e-04 +1.446655617e-04 -1.042398553e+02 -1.042398553e+02 +3.8803e-01 -3.9200e+00
855 +1.143041422e-04 +1.143041422e-04 -1.042398857e+02 -1.042398857e+02 +4.0311e-01 -3.9200e+00
882 +2.436981333e-05 +2.436981333e-05 -1.042399756e+02 -1.042399756e+02 +3.9881e-01 -3.9200e+00
887 +1.446685026e-05 +1.446685026e-05 -1.042399855e+02 -1.042399855e+02 +3.9799e-01 -3.9200e+00
892 +1.789664111e-06 +1.789664111e-06 -1.042399982e+02 -1.042399982e+02 +3.9546e-01 -3.9200e+00
946 +1.615236897e-06 +1.615236897e-06 -1.042399984e+02 -1.042399984e+02 +3.9514e-01 -3.9200e+00
952 +1.199149764e-06 +1.199149764e-06 -1.042399988e+02 -1.042399988e+02 +3.9418e-01 -3.9200e+00
954 +7.765770107e-07 +7.765770107e-07 -1.042399992e+02 -1.042399992e+02 +3.9475e-01 -3.9200e+00
956 +5.771340739e-07 +5.771340739e-07 -1.042399994e+02 -1.042399994e+02 +3.9377e-01 -3.9200e+00
958 +1.139434431e-07 +1.139434431e-07 -1.042399999e+02 -1.042399999e+02 +3.9432e-01 -3.9200e+00
979 +3.647826929e-09 +3.647826929e-09 -1.042400000e+02 -1.042400000e+02 +3.9434e-01 -3.9200e+00
1274 +0.000000000e+00 +0.000000000e+00 -1.042400000e+02 -1.042400000e+02 +3.9440e-01 -3.9200e+00
% function evaluation | noise-free fitness - Fopt (-1.843100000000e+02) | best noise-free fitness - Fopt | measured fitness | best measured fitness | x1 | x2...
1 +5.083025585e+04 +5.083025585e+04 +5.064594585e+04 +5.064594585e+04 +0.0000e+00 +0.0000e+00
5 +4.672501484e+04 +4.672501484e+04 +4.654070484e+04 +4.654070484e+04 -2.3604e+00 +1.0630e-02
36 +1.336873234e+04 +1.336873234e+04 +1.318442234e+04 +1.318442234e+04 -5.9593e+00 +3.3394e-01
39 +3.527478151e+03 +3.527478151e+03 +3.343168151e+03 +3.343168151e+03 -7.9597e-01 +2.8043e-01
74 +2.624444757e+02 +2.624444757e+02 +7.813447569e+01 +7.813447569e+01 -1.8801e+00 +2.0938e-01
88 +1.026974218e+02 +1.026974218e+02 -8.161257818e+01 -8.161257818e+01 -2.0036e+00 +2.3400e-01
109 +2.415737890e+01 +2.415737890e+01 -1.601526211e+02 -1.601526211e+02 -1.3979e+00 +2.2849e-01
118 +1.517809695e+01 +1.517809695e+01 -1.691319030e+02 -1.691319030e+02 -1.2853e+00 +2.2231e-01
139 +1.047130959e+01 +1.047130959e+01 -1.738386904e+02 -1.738386904e+02 -1.0089e+00 +2.2310e-01
152 +8.888988425e+00 +8.888988425e+00 -1.754210116e+02 -1.754210116e+02 -1.2021e+00 +2.2463e-01
358 +7.378700662e+00 +7.378700662e+00 -1.769312993e+02 -1.769312993e+02 -6.3532e-01 +2.2607e-01
476 +6.004873143e+00 +6.004873143e+00 -1.783051269e+02 -1.783051269e+02 -6.8684e-01 +2.2472e-01
484 +4.739985761e+00 +4.739985761e+00 -1.795700142e+02 -1.795700142e+02 -2.5891e-01 +2.2425e-01
492 +3.489752509e+00 +3.489752509e+00 -1.808202475e+02 -1.808202475e+02 +5.8345e-02 +2.2481e-01
508 +2.086992374e+00 +2.086992374e+00 -1.822230076e+02 -1.822230076e+02 +5.6938e-01 +2.2441e-01
527 +2.012264125e+00 +2.012264125e+00 -1.822977359e+02 -1.822977359e+02 +6.6172e-01 +2.2415e-01
535 +1.557972778e+00 +1.557972778e+00 -1.827520272e+02 -1.827520272e+02 +7.8460e-01 +2.2542e-01
539 +1.345762556e+00 +1.345762556e+00 -1.829642374e+02 -1.829642374e+02 +7.4730e-01 +2.2455e-01
541 +1.020240306e+00 +1.020240306e+00 -1.832897597e+02 -1.832897597e+02 +8.6233e-01 +2.2452e-01
543 +8.290644963e-01 +8.290644963e-01 -1.834809355e+02 -1.834809355e+02 +9.8404e-01 +2.2521e-01
548 +3.565471440e-01 +3.565471440e-01 -1.839534529e+02 -1.839534529e+02 +1.2928e+00 +2.2451e-01
557 +1.792962921e-01 +1.792962921e-01 -1.841307037e+02 -1.841307037e+02 +1.7039e+00 +2.2518e-01
571 +6.916468122e-02 +6.916468122e-02 -1.842408353e+02 -1.842408353e+02 +2.0644e+00 +2.2466e-01
593 +5.729964329e-02 +5.729964329e-02 -1.842527004e+02 -1.842527004e+02 +2.0107e+00 +2.2496e-01
607 +6.012195679e-03 +6.012195679e-03 -1.843039878e+02 -1.843039878e+02 +1.8232e+00 +2.2473e-01
642 +8.918906739e-04 +8.918906739e-04 -1.843091081e+02 -1.843091081e+02 +1.8177e+00 +2.2479e-01
664 +5.566616092e-04 +5.566616092e-04 -1.843094433e+02 -1.843094433e+02 +1.8558e+00 +2.2478e-01
678 +2.524864163e-04 +2.524864163e-04 -1.843097475e+02 -1.843097475e+02 +1.8596e+00 +2.2480e-01
681 +9.402954112e-05 +9.402954112e-05 -1.843099060e+02 -1.843099060e+02 +1.8453e+00 +2.2481e-01
703 +5.068758955e-05 +5.068758955e-05 -1.843099493e+02 -1.843099493e+02 +1.8380e+00 +2.2480e-01
720 +4.631171623e-05 +4.631171623e-05 -1.843099537e+02 -1.843099537e+02 +1.8397e+00 +2.2481e-01
723 +2.221302179e-05 +2.221302179e-05 -1.843099778e+02 -1.843099778e+02 +1.8409e+00 +2.2480e-01
742 +5.726148629e-06 +5.726148629e-06 -1.843099943e+02 -1.843099943e+02 +1.8415e+00 +2.2480e-01
751 +2.488706770e-06 +2.488706770e-06 -1.843099975e+02 -1.843099975e+02 +1.8422e+00 +2.2480e-01
768 +9.666870255e-07 +9.666870255e-07 -1.843099990e+02 -1.843099990e+02 +1.8440e+00 +2.2480e-01
817 +7.305532392e-07 +7.305532392e-07 -1.843099993e+02 -1.843099993e+02 +1.8424e+00 +2.2480e-01
826 +9.592091033e-08 +9.592091033e-08 -1.843099999e+02 -1.843099999e+02 +1.8430e+00 +2.2480e-01
839 +4.416835964e-08 +4.416835964e-08 -1.843100000e+02 -1.843100000e+02 +1.8433e+00 +2.2480e-01
847 +6.757545634e-10 +6.757545634e-10 -1.843100000e+02 -1.843100000e+02 +1.8432e+00 +2.2480e-01
1276 +0.000000000e+00 +0.000000000e+00 -1.843100000e+02 -1.843100000e+02 +1.8432e+00 +2.2480e-01
% function evaluation | noise-free fitness - Fopt (5.684000000000e+01) | best noise-free fitness - Fopt | measured fitness | best measured fitness | x1 | x2...
1 +7.061712558e+06 +7.061712558e+06 +7.061769398e+06 +7.061769398e+06 +0.0000e+00 +0.0000e+00
5 +1.463070144e+06 +1.463070144e+06 +1.463126984e+06 +1.463126984e+06 +3.8960e+00 -3.6752e+00
8 +7.232522452e+05 +7.232522452e+05 +7.233090852e+05 +7.233090852e+05 -1.2827e-01 -1.6158e+00
15 +5.169242028e+04 +5.169242028e+04 +5.174926028e+04 +5.174926028e+04 +6.7660e-01 -2.3012e+00
16 +1.336328728e+04 +1.336328728e+04 +1.342012728e+04 +1.342012728e+04 +7.4038e-01 -2.4193e+00
64 +9.365506669e+03 +9.365506669e+03 +9.422346669e+03 +9.422346669e+03 -1.1649e+00 -2.4366e+00
74 +5.257439687e+03 +5.257439687e+03 +5.314279687e+03 +5.314279687e+03 -1.1076e+00 -2.4512e+00
79 +5.386637683e+01 +5.386637683e+01 +1.107063768e+02 +1.107063768e+02 -7.4085e-01 -2.5216e+00
108 +8.631989462e-01 +8.631989462e-01 +5.770319895e+01 +5.770319895e+01 -4.1617e-01 -2.5288e+00
1085 +6.803244044e-01 +6.803244044e-01 +5.752032440e+01 +5.752032440e+01 -2.8667e-01 -2.5285e+00
1091 +6.564891500e-01 +6.564891500e-01 +5.749648915e+01 +5.749648915e+01 -3.0324e-01 -2.5286e+00
1095 +6.095786026e-01 +6.095786026e-01 +5.744957860e+01 +5.744957860e+01 -7.7749e-02 -2.5293e+00
1099 +5.500571484e-01 +5.500571484e-01 +5.739005715e+01 +5.739005715e+01 -1.8762e-01 -2.5285e+00
1103 +4.346543886e-01 +4.346543886e-01 +5.727465439e+01 +5.727465439e+01 -3.0573e-02 -2.5284e+00
1117 +3.858168472e-01 +3.858168472e-01 +5.722581685e+01 +5.722581685e+01 -6.6727e-02 -2.5285e+00
1121 +3.498464574e-01 +3.498464574e-01 +5.718984646e+01 +5.718984646e+01 -9.6367e-02 -2.5289e+00
1123 +3.164306445e-01 +3.164306445e-01 +5.715643064e+01 +5.715643064e+01 -6.3839e-02 -2.5287e+00
1124 +2.199269787e-01 +2.199269787e-01 +5.705992698e+01 +5.705992698e+01 +1.0589e-01 -2.5290e+00
1132 +1.591001406e-01 +1.591001406e-01 +5.699910014e+01 +5.699910014e+01 +2.6607e-01 -2.5291e+00
1139 +4.120720473e-02 +4.120720473e-02 +5.688120720e+01 +5.688120720e+01 +4.2962e-01 -2.5286e+00
1153 +3.962176614e-03 +3.962176614e-03 +5.684396218e+01 +5.684396218e+01 +5.2015e-01 -2.5287e+00
1163 +1.313852781e-03 +1.313852781e-03 +5.684131385e+01 +5.684131385e+01 +5.6001e-01 -2.5288e+00
1192 +7.736960467e-04 +7.736960467e-04 +5.684077370e+01 +5.684077370e+01 +5.5557e-01 -2.5288e+00
1197 +3.262638728e-04 +3.262638728e-04 +5.684032626e+01 +5.684032626e+01 +5.4453e-01 -2.5288e+00
1212 +1.556733116e-04 +1.556733116e-04 +5.684015567e+01 +5.684015567e+01 +5.2775e-01 -2.5288e+00
1234 +3.173341650e-05 +3.173341650e-05 +5.684003173e+01 +5.684003173e+01 +5.3032e-01 -2.5288e+00
1239 +1.717494059e-05 +1.717494059e-05 +5.684001717e+01 +5.684001717e+01 +5.2954e-01 -2.5288e+00
1286 +6.519189050e-06 +6.519189050e-06 +5.684000652e+01 +5.684000652e+01 +5.3465e-01 -2.5288e+00
1301 +3.385418530e-06 +3.385418530e-06 +5.684000339e+01 +5.684000339e+01 +5.3110e-01 -2.5288e+00
1309 +1.123283482e-06 +1.123283482e-06 +5.684000112e+01 +5.684000112e+01 +5.3183e-01 -2.5288e+00
1310 +3.375739581e-07 +3.375739581e-07 +5.684000034e+01 +5.684000034e+01 +5.3333e-01 -2.5288e+00
1325 +2.703697461e-07 +2.703697461e-07 +5.684000027e+01 +5.684000027e+01 +5.3289e-01 -2.5288e+00
1335 +1.212920466e-07 +1.212920466e-07 +5.684000012e+01 +5.684000012e+01 +5.3250e-01 -2.5288e+00
1348 +1.593207344e-08 +1.593207344e-08 +5.684000002e+01 +5.684000002e+01 +5.3288e-01 -2.5288e+00
1358 +3.898406931e-09 +3.898406931e-09 +5.684000000e+01 +5.684000000e+01 +5.3274e-01 -2.5288e+00
1844 +0.000000000e+00 +0.000000000e+00 +5.684000000e+01 +5.684000000e+01 +5.3280e-01 -2.5288e+00
% function evaluation | noise-free fitness - Fopt (-1.897300000000e+02) | best noise-free fitness - Fopt | measured fitness | best measured fitness | x1 | x2...
1 +5.293160004e+05 +5.293160004e+05 +5.291262704e+05 +5.291262704e+05 +0.0000e+00 +0.0000e+00
4 +1.290126098e+05 +1.290126098e+05 +1.288228798e+05 +1.288228798e+05 -3.6392e+00 -4.2202e-01
6 +1.755812303e+03 +1.755812303e+03 +1.566082303e+03 +1.566082303e+03 -1.1496e+00 -8.2781e-01
15 +6.826889736e+02 +6.826889736e+02 +4.929589736e+02 +4.929589736e+02 -1.3245e+00 -8.1482e-01
80 +3.070349024e+02 +3.070349024e+02 +1.173049024e+02 +1.173049024e+02 -2.5951e+00 -7.7082e-01
101 +1.415939510e+01 +1.415939510e+01 -1.755706049e+02 -1.755706049e+02 -1.8253e+00 -7.8585e-01
135 +5.967597315e+00 +5.967597315e+00 -1.837624027e+02 -1.837624027e+02 -1.5072e+00 -7.8805e-01
624 +5.875524329e+00 +5.875524329e+00 -1.838544757e+02 -1.838544757e+02 -1.6084e+00 -7.8871e-01
645 +5.747098497e+00 +5.747098497e+00 -1.839829015e+02 -1.839829015e+02 -1.5812e+00 -7.8881e-01
656 +5.511593160e+00 +5.511593160e+00 -1.842184068e+02 -1.842184068e+02 -1.5238e+00 -7.8888e-01
663 +5.244140436e+00 +5.244140436e+00 -1.844858596e+02 -1.844858596e+02 -1.4507e+00 -7.8897e-01
675 +4.942128154e+00 +4.942128154e+00 -1.847878718e+02 -1.847878718e+02 -1.3365e+00 -7.8844e-01
686 +4.896501648e+00 +4.896501648e+00 -1.848334984e+02 -1.848334984e+02 -1.3131e+00 -7.8839e-01
688 +4.762882770e+00 +4.762882770e+00 -1.849671172e+02 -1.849671172e+02 -1.3140e+00 -7.8901e-01
693 +4.304955344e+00 +4.304955344e+00 -1.854250447e+02 -1.854250447e+02 -1.1449e+00 -7.8913e-01
703 +3.849550569e+00 +3.849550569e+00 -1.858804494e+02 -1.858804494e+02 -9.7016e-01 -7.8843e-01
706 +3.760227801e+00 +3.760227801e+00 -1.859697722e+02 -1.859697722e+02 -9.6874e-01 -7.8853e-01
710 +3.638549684e+00 +3.638549684e+00 -1.860914503e+02 -1.860914503e+02 -9.3377e-01 -7.8862e-01
716 +2.420991769e+00 +2.420991769e+00 -1.873090082e+02 -1.873090082e+02 -4.1780e-01 -7.8940e-01
736 +5.559139873e-01 +5.559139873e-01 -1.891740860e+02 -1.891740860e+02 +7.2036e-01 -7.8955e-01
744 +4.766648802e-01 +4.766648802e-01 -1.892533351e+02 -1.892533351e+02 +8.3578e-01 -7.8950e-01
747 +3.402539452e-01 +3.402539452e-01 -1.893897461e+02 -1.893897461e+02 +8.4757e-01 -7.8934e-01
765 +5.045574941e-02 +5.045574941e-02 -1.896795443e+02 -1.896795443e+02 +6.6827e-01 -7.8881e-01
781 +4.833806211e-02 +4.833806211e-02 -1.896816619e+02 -1.896816619e+02 +9.8038e-01 -7.8902e-01
782 +4.340595391e-02 +4.340595391e-02 -1.896865940e+02 -1.896865940e+02 +1.0931e+00 -7.8876e-01
793 +4.085740163e-02 +4.085740163e-02 -1.896891426e+02 -1.896891426e+02 +1.0176e+00 -7.8896e-01
794 +1.072788877e-02 +1.072788877e-02 -1.897192721e+02 -1.897192721e+02 +9.0780e-01 -7.8871e-01
832 +5.195689690e-03 +5.195689690e-03 -1.897248043e+02 -1.897248043e+02 +9.3512e-01 -7.8885e-01
835 +3.729250685e-03 +3.729250685e-03 -1.897262707e+02 -1.897262707e+02 +9.4994e-01 -7.8881e-01
842 +3.532395184e-04 +3.532395184e-04 -1.897296468e+02 -1.897296468e+02 +9.0923e-01 -7.8879e-01
866 +2.749723853e-05 +2.749723853e-05 -1.897299725e+02 -1.897299725e+02 +8.8744e-01 -7.8880e-01
895 +9.563967353e-06 +9.563967353e-06 -1.897299904e+02 -1.897299904e+02 +8.8902e-01 -7.8880e-01
978 +3.935688596e-06 +3.935688596e-06 -1.897299961e+02 -1.897299961e+02 +8.9333e-01 -7.8880e-01
1002 +7.059560119e-07 +7.059560119e-07 -1.897299993e+02 -1.897299993e+02 +8.9280e-01 -7.8880e-01
1009 +4.367948350e-07 +4.367948350e-07 -1.897299996e+02 -1.897299996e+02 +8.9266e-01 -7.8880e-01
1047 +4.224233976e-07 +4.224233976e-07 -1.897299996e+02 -1.897299996e+02 +8.9243e-01 -7.8880e-01
1049 +2.594469208e-07 +2.594469208e-07 -1.897299997e+02 -1.897299997e+02 +8.9237e-01 -7.8880e-01
1052 +1.196971766e-08 +1.196971766e-08 -1.897300000e+02 -1.897300000e+02 +8.9190e-01 -7.8880e-01
1053 +1.155243012e-08 +1.155243012e-08 -1.897300000e+02 -1.897300000e+02 +8.9206e-01 -7.8880e-01
1089 +2.122249043e-10 +2.122249043e-10 -1.897300000e+02 -1.897300000e+02 +8.9201e-01 -7.8880e-01
1255 +0.000000000e+00 +0.000000000e+00 -1.897300000e+02 -1.897300000e+02 +8.9200e-01 -7.8880e-01
% function evaluation | noise-free fitness - Fopt (4.659700000000e+02) | best noise-free fitness - Fopt | measured fitness | best measured fitness | x1 | x2...
1 +7.741862449e+04 +7.741862449e+04 +7.788459449e+04 +7.788459449e+04 +0.0000e+00 +0.0000e+00
7 +5.996903417e+04 +5.996903417e+04 +6.043500417e+04 +6.043500417e+04 +1.2940e+00 -2.8679e-02
11 +4.051636190e+04 +4.051636190e+04 +4.098233190e+04 +4.098233190e+04 -1.5318e+00 -4.7014e-01
15 +9.221640239e+03 +9.221640239e+03 +9.687610239e+03 +9.687610239e+03 -1.4489e+00 -1.8184e-01
25 +4.534399334e+03 +4.534399334e+03 +5.000369334e+03 +5.000369334e+03 -1.9609e+00 -3.4774e-01
34 +2.905974831e+02 +2.905974831e+02 +7.565674831e+02 +7.565674831e+02 -1.2770e+00 -2.5578e-01
57 +8.534405776e+01 +8.534405776e+01 +5.513140578e+02 +5.513140578e+02 -1.3178e+00 -2.6458e-01
123 +6.425516584e+00 +6.425516584e+00 +4.723955166e+02 +4.723955166e+02 -6.3484e-01 -2.7582e-01
132 +2.855456643e+00 +2.855456643e+00 +4.688254566e+02 +4.688254566e+02 -8.6411e-01 -2.7226e-01
185 +1.922657280e+00 +1.922657280e+00 +4.678926573e+02 +4.678926573e+02 -7.9086e-01 -2.7426e-01
189 +1.742785070e+00 +1.742785070e+00 +4.677127851e+02 +4.677127851e+02 -8.0692e-01 -2.7413e-01
274 +1.694307005e+00 +1.694307005e+00 +4.676643070e+02 +4.676643070e+02 -8.1618e-01 -2.7411e-01
295 +1.588456190e+00 +1.588456190e+00 +4.675584562e+02 +4.675584562e+02 -8.1767e-01 -2.7313e-01
299 +1.374608682e+00 +1.374608682e+00 +4.673446087e+02 +4.673446087e+02 -8.1860e-01 -2.7365e-01
627 +1.347587453e+00 +1.347587453e+00 +4.673175875e+02 +4.673175875e+02 -8.2458e-01 -2.7360e-01
676 +1.306291360e+00 +1.306291360e+00 +4.672762914e+02 +4.672762914e+02 -8.3853e-01 -2.7372e-01
682 +1.282677895e+00 +1.282677895e+00 +4.672526779e+02 +4.672526779e+02 -8.4731e-01 -2.7377e-01
700 +1.233816459e+00 +1.233816459e+00 +4.672038165e+02 +4.672038165e+02 -8.5437e-01 -2.7369e-01
702 +1.224040296e+00 +1.224040296e+00 +4.671940403e+02 +4.671940403e+02 -8.6445e-01 -2.7381e-01
705 +1.163916858e+00 +1.163916858e+00 +4.671339169e+02 +4.671339169e+02 -8.7068e-01 -2.7367e-01
712 +1.086334918e+00 +1.086334918e+00 +4.670563349e+02 +4.670563349e+02 -8.8890e-01 -2.7362e-01
727 +9.910188505e-01 +9.910188505e-01 +4.669610189e+02 +4.669610189e+02 -9.2362e-01 -2.7380e-01
731 +9.737289080e-01 +9.737289080e-01 +4.669437289e+02 +4.669437289e+02 -9.2088e-01 -2.7370e-01
736 +7.943859888e-01 +7.943859888e-01 +4.667643860e+02 +4.667643860e+02 -9.7324e-01 -2.7354e-01
772 +7.609868906e-01 +7.609868906e-01 +4.667309869e+02 +4.667309869e+02 -9.8398e-01 -2.7361e-01
776 +7.229814243e-01 +7.229814243e-01 +4.666929814e+02 +4.666929814e+02 -9.9960e-01 -2.7365e-01
779 +7.008001294e-01 +7.008001294e-01 +4.666708001e+02 +4.666708001e+02 -1.0127e+00 -2.7371e-01
782 +5.966727474e-01 +5.966727474e-01 +4.665666727e+02 +4.665666727e+02 -1.0612e+00 -2.7362e-01
792 +5.840975600e-01 +5.840975600e-01 +4.665540976e+02 +4.665540976e+02 -1.0787e+00 -2.7349e-01
795 +5.262484290e-01 +5.262484290e-01 +4.664962484e+02 +4.664962484e+02 -1.1272e+00 -2.7361e-01
813 +5.119808301e-01 +5.119808301e-01 +4.664819808e+02 +4.664819808e+02 -1.2079e+00 -2.7346e-01
819 +4.944653298e-01 +4.944653298e-01 +4.664644653e+02 +4.664644653e+02 -1.2187e+00 -2.7356e-01
825 +4.652128826e-01 +4.652128826e-01 +4.664352129e+02 +4.664352129e+02 -1.2821e+00 -2.7369e-01
829 +4.454743121e-01 +4.454743121e-01 +4.664154743e+02 +4.664154743e+02 -1.2948e+00 -2.7359e-01
832 +2.767133044e-01 +2.767133044e-01 +4.662467133e+02 +4.662467133e+02 -1.3977e+00 -2.7358e-01
835 +2.076941728e-01 +2.076941728e-01 +4.661776942e+02 +4.661776942e+02 -1.4687e+00 -2.7379e-01
842 +9.732465239e-02 +9.732465239e-02 +4.660673247e+02 +4.660673247e+02 -1.7198e+00 -2.7334e-01
853 +5.087548795e-02 +5.087548795e-02 +4.660208755e+02 +4.660208755e+02 -1.6869e+00 -2.7363e-01
876 +1.921476926e-02 +1.921476926e-02 +4.659892148e+02 +4.659892148e+02 -1.7799e+00 -2.7354e-01
890 +6.016591991e-03 +6.016591991e-03 +4.659760166e+02 +4.659760166e+02 -1.9686e+00 -2.7365e-01
928 +2.933065569e-03 +2.933065569e-03 +4.659729331e+02 +4.659729331e+02 -1.8648e+00 -2.7358e-01
933 +2.039790728e-03 +2.039790728e-03 +4.659720398e+02 +4.659720398e+02 -1.8804e+00 -2.7357e-01
936 +1.140961038e-03 +1.140961038e-03 +4.659711410e+02 +4.659711410e+02 -1.8839e+00 -2.7358e-01
937 +9.125651021e-04 +9.125651021e-04 +4.659709126e+02 +4.659709126e+02 -1.8885e+00 -2.7362e-01
950 +1.927707052e-04 +1.927707052e-04 +4.659701928e+02 +4.659701928e+02 -1.9060e+00 -2.7359e-01
968 +3.280887711e-05 +3.280887711e-05 +4.659700328e+02 +4.659700328e+02 -1.9160e+00 -2.7360e-01
982 +2.280075364e-06 +2.280075364e-06 +4.659700023e+02 +4.659700023e+02 -1.9125e+00 -2.7360e-01
1044 +1.001697683e-06 +1.001697683e-06 +4.659700010e+02 +4.659700010e+02 -1.9113e+00 -2.7360e-01
1053 +8.389274626e-07 +8.389274626e-07 +4.659700008e+02 +4.659700008e+02 -1.9114e+00 -2.7360e-01
1069 +8.196215049e-07 +8.196215049e-07 +4.659700008e+02 +4.659700008e+02 -1.9109e+00 -2.7360e-01
1074 +4.791968991e-07 +4.791968991e-07 +4.659700005e+02 +4.659700005e+02 -1.9118e+00 -2.7360e-01
1078 +2.860210202e-07 +2.860210202e-07 +4.659700003e+02 +4.659700003e+02 -1.9107e+00 -2.7360e-01
1084 +2.285302685e-07 +2.285302685e-07 +4.659700002e+02 +4.659700002e+02 -1.9113e+00 -2.7360e-01
1097 +3.954966132e-08 +3.954966132e-08 +4.659700000e+02 +4.659700000e+02 -1.9112e+00 -2.7360e-01
1121 +1.815755013e-08 +1.815755013e-08 +4.659700000e+02 +4.659700000e+02 -1.9112e+00 -2.7360e-01
1131 +1.022152674e-08 +1.022152674e-08 +4.659700000e+02 +4.659700000e+02 -1.9111e+00 -2.7360e-01
1136 +2.412377853e-09 +2.412377853e-09 +4.659700000e+02 +4.659700000e+02 -1.9112e+00 -2.7360e-01
1315 +0.000000000e+00 +0.000000000e+00 +4.659700000e+02 +4.659700000e+02 -1.9112e+00 -2.7360e-01
% function evaluation | noise-free fitness - Fopt (2.574000000000e+01) | best noise-free fitness - Fopt | measured fitness | best measured fitness | x1 | x2...
1 +3.795358786e+06 +3.795358786e+06 +3.795384526e+06 +3.795384526e+06 +0.0000e+00 +0.0000e+00
5 +1.425453100e+06 +1.425453100e+06 +1.425478840e+06 +1.425478840e+06 +5.4429e-01 +7.6144e-01
8 +3.550147873e+04 +3.550147873e+04 +3.552721873e+04 +3.552721873e+04 +4.1694e+00 +2.0830e+00
14 +1.041153486e+01 +1.041153486e+01 +3.615153486e+01 +3.615153486e+01 +2.3658e+00 +1.8971e+00
176 +7.343538317e+00 +7.343538317e+00 +3.308353832e+01 +3.308353832e+01 +1.6586e+00 +1.8968e+00
272 +7.152118677e+00 +7.152118677e+00 +3.289211868e+01 +3.289211868e+01 +1.6013e+00 +1.8967e+00
385 +7.049393317e+00 +7.049393317e+00 +3.278939332e+01 +3.278939332e+01 +1.5762e+00 +1.8967e+00
425 +6.914416575e+00 +6.914416575e+00 +3.265441658e+01 +3.265441658e+01 +1.5460e+00 +1.8967e+00
442 +6.667077436e+00 +6.667077436e+00 +3.240707744e+01 +3.240707744e+01 +1.4705e+00 +1.8965e+00
453 +6.232793888e+00 +6.232793888e+00 +3.197279389e+01 +3.197279389e+01 +1.4039e+00 +1.8967e+00
468 +5.839931851e+00 +5.839931851e+00 +3.157993185e+01 +3.157993185e+01 +1.3253e+00 +1.8971e+00
476 +5.394488331e+00 +5.394488331e+00 +3.113448833e+01 +3.113448833e+01 +1.2417e+00 +1.8964e+00
478 +5.369641305e+00 +5.369641305e+00 +3.110964130e+01 +3.110964130e+01 +1.2635e+00 +1.8968e+00
482 +4.592175499e+00 +4.592175499e+00 +3.033217550e+01 +3.033217550e+01 +1.1420e+00 +1.8970e+00
493 +4.040435436e+00 +4.040435436e+00 +2.978043544e+01 +2.978043544e+01 +1.0551e+00 +1.8965e+00
498 +2.768701688e+00 +2.768701688e+00 +2.850870169e+01 +2.850870169e+01 +8.3952e-01 +1.8969e+00
503 +2.587585041e+00 +2.587585041e+00 +2.832758504e+01 +2.832758504e+01 +4.8470e-01 +1.8960e+00
505 +2.451987003e+00 +2.451987003e+00 +2.819198700e+01 +2.819198700e+01 +6.8012e-01 +1.8972e+00
511 +1.892019894e+00 +1.892019894e+00 +2.763201989e+01 +2.763201989e+01 +3.0831e-01 +1.8966e+00
514 +1.284244832e+00 +1.284244832e+00 +2.702424483e+01 +2.702424483e+01 +1.2277e-01 +1.8967e+00
517 +6.779432265e-01 +6.779432265e-01 +2.641794323e+01 +2.641794323e+01 -3.0178e-01 +1.8964e+00
520 +6.451759654e-01 +6.451759654e-01 +2.638517597e+01 +2.638517597e+01 -7.3117e-02 +1.8969e+00
525 +5.866706041e-04 +5.866706041e-04 +2.574058667e+01 +2.574058667e+01 -9.4346e-01 +1.8968e+00
581 +2.843526971e-04 +2.843526971e-04 +2.574028435e+01 +2.574028435e+01 -9.6117e-01 +1.8968e+00
632 +4.580549419e-05 +4.580549419e-05 +2.574004581e+01 +2.574004581e+01 -9.4102e-01 +1.8968e+00
972 +3.789828453e-05 +3.789828453e-05 +2.574003790e+01 +2.574003790e+01 -9.5085e-01 +1.8968e+00
984 +3.641067434e-05 +3.641067434e-05 +2.574003641e+01 +2.574003641e+01 -9.5061e-01 +1.8968e+00
985 +2.628960107e-05 +2.628960107e-05 +2.574002629e+01 +2.574002629e+01 -9.4857e-01 +1.8968e+00
992 +2.283539706e-05 +2.283539706e-05 +2.574002284e+01 +2.574002284e+01 -9.4930e-01 +1.8968e+00
993 +1.196148995e-05 +1.196148995e-05 +2.574001196e+01 +2.574001196e+01 -9.4812e-01 +1.8968e+00
1001 +8.567413470e-06 +8.567413470e-06 +2.574000857e+01 +2.574000857e+01 -9.4667e-01 +1.8968e+00
1003 +8.770607067e-07 +8.770607067e-07 +2.574000088e+01 +2.574000088e+01 -9.4647e-01 +1.8968e+00
1037 +1.611458345e-08 +1.611458345e-08 +2.574000002e+01 +2.574000002e+01 -9.4546e-01 +1.8968e+00
1205 +6.403745090e-09 +6.403745090e-09 +2.574000001e+01 +2.574000001e+01 -9.4561e-01 +1.8968e+00
1693 +0.000000000e+00 +0.000000000e+00 +2.574000000e+01 +2.574000000e+01 -9.4560e-01 +1.8968e+00
% function evaluation | noise-free fitness - Fopt (4.167000000000e+01) | best noise-free fitness - Fopt | measured fitness | best measured fitness | x1 | x2...
1 +1.168434427e+07 +1.168434427e+07 +1.168438594e+07 +1.168438594e+07 +0.0000e+00 +0.0000e+00
2 +1.169652317e+06 +1.169652317e+06 +1.169693987e+06 +1.169693987e+06 -1.2182e+00 +2.3855e+00
4 +1.046257686e+06 +1.046257686e+06 +1.046299356e+06 +1.046299356e+06 -2.0303e+00 +2.4264e+00
19 +2.337319518e+05 +2.337319518e+05 +2.337736218e+05 +2.337736218e+05 -3.3053e+00 +2.9583e+00
20 +2.209595060e+05 +2.209595060e+05 +2.210011760e+05 +2.210011760e+05 -3.4202e+00 +2.9763e+00
63 +1.684956462e+04 +1.684956462e+04 +1.689123462e+04 +1.689123462e+04 +7.7137e-01 +3.5775e+00
79 +1.659319796e+04 +1.659319796e+04 +1.663486796e+04 +1.663486796e+04 +1.5003e+00 +3.3180e+00
80 +1.107519575e+04 +1.107519575e+04 +1.111686575e+04 +1.111686575e+04 -4.2350e-01 +3.3355e+00
87 +9.543596215e+03 +9.543596215e+03 +9.585266215e+03 +9.585266215e+03 +2.9752e-01 +3.3411e+00
101 +1.187783281e+03 +1.187783281e+03 +1.229453281e+03 +1.229453281e+03 -2.1936e-01 +3.4797e+00
110 +2.574690967e+01 +2.574690967e+01 +6.741690967e+01 +6.741690967e+01 -1.9923e-02 +3.4389e+00
214 +8.720429156e+00 +8.720429156e+00 +5.039042916e+01 +5.039042916e+01 +1.1152e+00 +3.4443e+00
329 +2.288860617e+00 +2.288860617e+00 +4.395886062e+01 +4.395886062e+01 +2.0884e+00 +3.4420e+00
700 +2.221441278e+00 +2.221441278e+00 +4.389144128e+01 +4.389144128e+01 +2.0647e+00 +3.4422e+00
702 +2.187166302e+00 +2.187166302e+00 +4.385716630e+01 +4.385716630e+01 +2.0664e+00 +3.4422e+00
714 +2.062206268e+00 +2.062206268e+00 +4.373220627e+01 +4.373220627e+01 +2.1046e+00 +3.4422e+00
723 +1.952680668e+00 +1.952680668e+00 +4.362268067e+01 +4.362268067e+01 +2.1323e+00 +3.4423e+00
727 +1.888649978e+00 +1.888649978e+00 +4.355864998e+01 +4.355864998e+01 +2.1987e+00 +3.4420e+00
737 +1.799049181e+00 +1.799049181e+00 +4.346904918e+01 +4.346904918e+01 +2.2536e+00 +3.4419e+00
739 +1.547256373e+00 +1.547256373e+00 +4.321725637e+01 +4.321725637e+01 +2.3916e+00 +3.4417e+00
744 +1.416487715e+00 +1.416487715e+00 +4.308648772e+01 +4.308648772e+01 +2.3347e+00 +3.4420e+00
745 +1.304698656e+00 +1.304698656e+00 +4.297469866e+01 +4.297469866e+01 +2.4617e+00 +3.4417e+00
752 +7.319720058e-01 +7.319720058e-01 +4.240197201e+01 +4.240197201e+01 +2.5834e+00 +3.4420e+00
765 +5.284054533e-01 +5.284054533e-01 +4.219840545e+01 +4.219840545e+01 +2.6458e+00 +3.4422e+00
766 +1.507730296e-01 +1.507730296e-01 +4.182077303e+01 +4.182077303e+01 +3.0717e+00 +3.4422e+00
773 +5.795202169e-02 +5.795202169e-02 +4.172795202e+01 +4.172795202e+01 +3.1845e+00 +3.4423e+00
775 +5.745243702e-02 +5.745243702e-02 +4.172745244e+01 +4.172745244e+01 +3.2099e+00 +3.4423e+00
802 +1.345078087e-02 +1.345078087e-02 +4.168345078e+01 +4.168345078e+01 +3.5200e+00 +3.4424e+00
818 +6.825643344e-03 +6.825643344e-03 +4.167682564e+01 +4.167682564e+01 +3.4426e+00 +3.4423e+00
842 +3.751958580e-03 +3.751958580e-03 +4.167375196e+01 +4.167375196e+01 +3.4766e+00 +3.4424e+00
850 +5.025586667e-04 +5.025586667e-04 +4.167050256e+01 +4.167050256e+01 +3.4013e+00 +3.4424e+00
852 +2.144751592e-04 +2.144751592e-04 +4.167021448e+01 +4.167021448e+01 +3.3999e+00 +3.4424e+00
875 +1.240217930e-04 +1.240217930e-04 +4.167012402e+01 +4.167012402e+01 +3.4245e+00 +3.4424e+00
905 +8.211092898e-05 +8.211092898e-05 +4.167008211e+01 +4.167008211e+01 +3.4111e+00 +3.4424e+00
980 +5.825595088e-05 +5.825595088e-05 +4.167005826e+01 +4.167005826e+01 +3.4123e+00 +3.4424e+00
987 +3.477647294e-05 +3.477647294e-05 +4.167003478e+01 +4.167003478e+01 +3.4167e+00 +3.4424e+00
1015 +9.106708603e-06 +9.106708603e-06 +4.167000911e+01 +4.167000911e+01 +3.4107e+00 +3.4424e+00
1446 +8.547913815e-06 +8.547913815e-06 +4.167000855e+01 +4.167000855e+01 +3.4107e+00 +3.4424e+00
1452 +7.212527777e-06 +7.212527777e-06 +4.167000721e+01 +4.167000721e+01 +3.4110e+00 +3.4424e+00
1455 +4.944134261e-06 +4.944134261e-06 +4.167000494e+01 +4.167000494e+01 +3.4113e+00 +3.4424e+00
1462 +3.597762557e-06 +3.597762557e-06 +4.167000360e+01 +4.167000360e+01 +3.4116e+00 +3.4424e+00
1472 +3.388302709e-06 +3.388302709e-06 +4.167000339e+01 +4.167000339e+01 +3.4121e+00 +3.4424e+00
1473 +1.036611529e-06 +1.036611529e-06 +4.167000104e+01 +4.167000104e+01 +3.4129e+00 +3.4424e+00
1496 +7.687946848e-07 +7.687946848e-07 +4.167000077e+01 +4.167000077e+01 +3.4135e+00 +3.4424e+00
1504 +6.981752918e-07 +6.981752918e-07 +4.167000070e+01 +4.167000070e+01 +3.4130e+00 +3.4424e+00
1506 +6.088128544e-07 +6.088128544e-07 +4.167000061e+01 +4.167000061e+01 +3.4129e+00 +3.4424e+00
1508 +3.817794791e-07 +3.817794791e-07 +4.167000038e+01 +4.167000038e+01 +3.4139e+00 +3.4424e+00
1516 +1.102571687e-07 +1.102571687e-07 +4.167000011e+01 +4.167000011e+01 +3.4134e+00 +3.4424e+00
1549 +6.023284271e-08 +6.023284271e-08 +4.167000006e+01 +4.167000006e+01 +3.4135e+00 +3.4424e+00
1556 +1.360982793e-08 +1.360982793e-08 +4.167000001e+01 +4.167000001e+01 +3.4135e+00 +3.4424e+00
1571 +1.267428473e-08 +1.267428473e-08 +4.167000001e+01 +4.167000001e+01 +3.4136e+00 +3.4424e+00
1577 +5.448669071e-09 +5.448669071e-09 +4.167000001e+01 +4.167000001e+01 +3.4137e+00 +3.4424e+00
1963 +0.000000000e+00 +0.000000000e+00 +4.167000000e+01 +4.167000000e+01 +3.4136e+00 +3.4424e+00
% function evaluation | noise-free fitness - Fopt (-1.909500000000e+02) | best noise-free fitness - Fopt | measured fitness | best measured fitness | x1 | x2...
1 +8.090424180e+06 +8.090424180e+06 +8.090233230e+06 +8.090233230e+06 +0.0000e+00 +0.0000e+00
3 +2.984692854e+05 +2.984692854e+05 +2.982783354e+05 +2.982783354e+05 -7.2290e-01 -2.3039e+00
4 +9.412176484e+04 +9.412176484e+04 +9.393081484e+04 +9.393081484e+04 +2.8052e-01 -2.5315e+00
10 +3.735031848e+04 +3.735031848e+04 +3.715936848e+04 +3.715936848e+04 +7.7146e-01 -3.0164e+00
37 +7.486919256e+03 +7.486919256e+03 +7.295969256e+03 +7.295969256e+03 -2.0748e+00 -2.9222e+00
65 +3.758506503e+03 +3.758506503e+03 +3.567556503e+03 +3.567556503e+03 -2.0670e+00 -2.8957e+00
75 +2.962138638e+03 +2.962138638e+03 +2.771188638e+03 +2.771188638e+03 -1.8665e+00 -2.8844e+00
94 +6.839300674e+02 +6.839300674e+02 +4.929800674e+02 +4.929800674e+02 -2.2134e+00 -2.8052e+00
127 +1.995159385e+02 +1.995159385e+02 +8.565938496e+00 +8.565938496e+00 -2.3855e+00 -2.8156e+00
130 +1.456539034e+02 +1.456539034e+02 -4.529609659e+01 -4.529609659e+01 -2.6401e+00 -2.8417e+00
176 +5.631919647e+01 +5.631919647e+01 -1.346308035e+02 -1.346308035e+02 -2.9334e+00 -2.8221e+00
187 +3.037486645e+01 +3.037486645e+01 -1.605751336e+02 -1.605751336e+02 -2.7943e+00 -2.8238e+00
204 +2.419251549e+01 +2.419251549e+01 -1.667574845e+02 -1.667574845e+02 -2.5988e+00 -2.8250e+00
205 +1.678009284e+00 +1.678009284e+00 -1.892719907e+02 -1.892719907e+02 -2.5430e+00 -2.8283e+00
236 +3.202096918e-02 +3.202096918e-02 -1.909179790e+02 -1.909179790e+02 -2.5613e+00 -2.8298e+00
314 +1.813126423e-02 +1.813126423e-02 -1.909318687e+02 -1.909318687e+02 -2.5577e+00 -2.8297e+00
334 +1.214735556e-02 +1.214735556e-02 -1.909378526e+02 -1.909378526e+02 -2.5548e+00 -2.8297e+00
348 +1.166293592e-02 +1.166293592e-02 -1.909383371e+02 -1.909383371e+02 -2.5513e+00 -2.8296e+00
355 +9.076064948e-03 +9.076064948e-03 -1.909409239e+02 -1.909409239e+02 -2.5520e+00 -2.8296e+00
387 +8.227106200e-03 +8.227106200e-03 -1.909417729e+02 -1.909417729e+02 -2.5635e+00 -2.8296e+00
389 +7.844910826e-03 +7.844910826e-03 -1.909421551e+02 -1.909421551e+02 -2.5585e+00 -2.8296e+00
427 +7.168816841e-03 +7.168816841e-03 -1.909428312e+02 -1.909428312e+02 -2.5589e+00 -2.8296e+00
435 +6.868809630e-03 +6.868809630e-03 -1.909431312e+02 -1.909431312e+02 -2.5600e+00 -2.8296e+00
441 +6.743691200e-03 +6.743691200e-03 -1.909432563e+02 -1.909432563e+02 -2.5596e+00 -2.8296e+00
486 +6.573030251e-03 +6.573030251e-03 -1.909434270e+02 -1.909434270e+02 -2.5602e+00 -2.8296e+00
494 +6.414261930e-03 +6.414261930e-03 -1.909435857e+02 -1.909435857e+02 -2.5608e+00 -2.8296e+00
505 +6.218306047e-03 +6.218306047e-03 -1.909437817e+02 -1.909437817e+02 -2.5616e+00 -2.8296e+00
516 +6.078720349e-03 +6.078720349e-03 -1.909439213e+02 -1.909439213e+02 -2.5634e+00 -2.8296e+00
518 +6.004843610e-03 +6.004843610e-03 -1.909439952e+02 -1.909439952e+02 -2.5627e+00 -2.8296e+00
530 +5.873746623e-03 +5.873746623e-03 -1.909441263e+02 -1.909441263e+02 -2.5632e+00 -2.8296e+00
536 +5.727563166e-03 +5.727563166e-03 -1.909442724e+02 -1.909442724e+02 -2.5636e+00 -2.8296e+00
542 +5.276084412e-03 +5.276084412e-03 -1.909447239e+02 -1.909447239e+02 -2.5659e+00 -2.8296e+00
552 +5.016456826e-03 +5.016456826e-03 -1.909449835e+02 -1.909449835e+02 -2.5670e+00 -2.8296e+00
558 +4.785021892e-03 +4.785021892e-03 -1.909452150e+02 -1.909452150e+02 -2.5682e+00 -2.8296e+00
563 +4.459415184e-03 +4.459415184e-03 -1.909455406e+02 -1.909455406e+02 -2.5702e+00 -2.8296e+00
570 +4.164546706e-03 +4.164546706e-03 -1.909458355e+02 -1.909458355e+02 -2.5730e+00 -2.8296e+00
577 +3.987138313e-03 +3.987138313e-03 -1.909460129e+02 -1.909460129e+02 -2.5750e+00 -2.8296e+00
578 +3.976608427e-03 +3.976608427e-03 -1.909460234e+02 -1.909460234e+02 -2.5770e+00 -2.8296e+00
603 +3.669851194e-03 +3.669851194e-03 -1.909463301e+02 -1.909463301e+02 -2.5831e+00 -2.8296e+00
604 +3.629456292e-03 +3.629456292e-03 -1.909463705e+02 -1.909463705e+02 -2.5848e+00 -2.8296e+00
612 +3.033708026e-03 +3.033708026e-03 -1.909469663e+02 -1.909469663e+02 -2.5932e+00 -2.8296e+00
613 +2.879858927e-03 +2.879858927e-03 -1.909471201e+02 -1.909471201e+02 -2.5943e+00 -2.8296e+00
614 +2.686607874e-03 +2.686607874e-03 -1.909473134e+02 -1.909473134e+02 -2.5956e+00 -2.8296e+00
617 +2.589227392e-03 +2.589227392e-03 -1.909474108e+02 -1.909474108e+02 -2.5962e+00 -2.8296e+00
622 +2.496068828e-03 +2.496068828e-03 -1.909475039e+02 -1.909475039e+02 -2.5968e+00 -2.8296e+00
624 +2.020573323e-03 +2.020573323e-03 -1.909479794e+02 -1.909479794e+02 -2.5998e+00 -2.8296e+00
625 +1.298276560e-03 +1.298276560e-03 -1.909487017e+02 -1.909487017e+02 -2.6060e+00 -2.8296e+00
633 +1.239821652e-03 +1.239821652e-03 -1.909487602e+02 -1.909487602e+02 -2.6144e+00 -2.8296e+00
636 +1.229349677e-03 +1.229349677e-03 -1.909487707e+02 -1.909487707e+02 -2.6122e+00 -2.8296e+00
642 +1.090143411e-03 +1.090143411e-03 -1.909489099e+02 -1.909489099e+02 -2.6222e+00 -2.8296e+00
686 +1.069231485e-03 +1.069231485e-03 -1.909489308e+02 -1.909489308e+02 -2.6235e+00 -2.8296e+00
712 +1.046004234e-03 +1.046004234e-03 -1.909489540e+02 -1.909489540e+02 -2.6241e+00 -2.8296e+00
730 +1.023063216e-03 +1.023063216e-03 -1.909489769e+02 -1.909489769e+02 -2.6241e+00 -2.8296e+00
733 +9.796168385e-04 +9.796168385e-04 -1.909490204e+02 -1.909490204e+02 -2.6252e+00 -2.8296e+00
744 +9.226228247e-04 +9.226228247e-04 -1.909490774e+02 -1.909490774e+02 -2.6261e+00 -2.8296e+00
747 +9.025795985e-04 +9.025795985e-04 -1.909490974e+02 -1.909490974e+02 -2.6263e+00 -2.8296e+00
752 +8.094912893e-04 +8.094912893e-04 -1.909491905e+02 -1.909491905e+02 -2.6264e+00 -2.8296e+00
754 +7.866014706e-04 +7.866014706e-04 -1.909492134e+02 -1.909492134e+02 -2.6263e+00 -2.8296e+00
762 +7.454503793e-04 +7.454503793e-04 -1.909492545e+02 -1.909492545e+02 -2.6243e+00 -2.8296e+00
763 +6.242215233e-04 +6.242215233e-04 -1.909493758e+02 -1.909493758e+02 -2.6267e+00 -2.8296e+00
768 +5.887901719e-04 +5.887901719e-04 -1.909494112e+02 -1.909494112e+02 -2.6287e+00 -2.8296e+00
774 +4.667552881e-04 +4.667552881e-04 -1.909495332e+02 -1.909495332e+02 -2.6295e+00 -2.8296e+00
782 +3.329500869e-04 +3.329500869e-04 -1.909496670e+02 -1.909496670e+02 -2.6312e+00 -2.8296e+00
788 +2.835113733e-04 +2.835113733e-04 -1.909497165e+02 -1.909497165e+02 -2.6324e+00 -2.8296e+00
790 +1.945336548e-04 +1.945336548e-04 -1.909498055e+02 -1.909498055e+02 -2.6325e+00 -2.8296e+00
792 +9.008075185e-05 +9.008075185e-05 -1.909499099e+02 -1.909499099e+02 -2.6341e+00 -2.8296e+00
795 +5.357858143e-05 +5.357858143e-05 -1.909499464e+02 -1.909499464e+02 -2.6371e+00 -2.8296e+00
798 +3.994377619e-05 +3.994377619e-05 -1.909499601e+02 -1.909499601e+02 -2.6366e+00 -2.8296e+00
832 +3.522239501e-05 +3.522239501e-05 -1.909499648e+02 -1.909499648e+02 -2.6409e+00 -2.8296e+00
834 +2.830679014e-05 +2.830679014e-05 -1.909499717e+02 -1.909499717e+02 -2.6377e+00 -2.8296e+00
840 +2.641909157e-05 +2.641909157e-05 -1.909499736e+02 -1.909499736e+02 -2.6387e+00 -2.8296e+00
842 +2.394564765e-05 +2.394564765e-05 -1.909499761e+02 -1.909499761e+02 -2.6417e+00 -2.8296e+00
846 +1.737187256e-05 +1.737187256e-05 -1.909499826e+02 -1.909499826e+02 -2.6407e+00 -2.8296e+00
856 +1.094342446e-05 +1.094342446e-05 -1.909499891e+02 -1.909499891e+02 -2.6405e+00 -2.8296e+00
862 +5.909089737e-06 +5.909089737e-06 -1.909499941e+02 -1.909499941e+02 -2.6421e+00 -2.8296e+00
872 +4.756070410e-06 +4.756070410e-06 -1.909499952e+02 -1.909499952e+02 -2.6425e+00 -2.8296e+00
877 +3.642366181e-06 +3.642366181e-06 -1.909499964e+02 -1.909499964e+02 -2.6434e+00 -2.8296e+00
881 +1.245961641e-06 +1.245961641e-06 -1.909499988e+02 -1.909499988e+02 -2.6428e+00 -2.8296e+00
895 +1.927553512e-07 +1.927553512e-07 -1.909499998e+02 -1.909499998e+02 -2.6430e+00 -2.8296e+00
930 +8.314884781e-08 +8.314884781e-08 -1.909499999e+02 -1.909499999e+02 -2.6434e+00 -2.8296e+00
975 +4.183419833e-08 +4.183419833e-08 -1.909500000e+02 -1.909500000e+02 -2.6433e+00 -2.8296e+00
976 +4.000588660e-08 +4.000588660e-08 -1.909500000e+02 -1.909500000e+02 -2.6434e+00 -2.8296e+00
992 +2.969781576e-08 +2.969781576e-08 -1.909500000e+02 -1.909500000e+02 -2.6433e+00 -2.8296e+00
998 +1.835550734e-08 +1.835550734e-08 -1.909500000e+02 -1.909500000e+02 -2.6431e+00 -2.8296e+00
1006 +1.164031005e-08 +1.164031005e-08 -1.909500000e+02 -1.909500000e+02 -2.6431e+00 -2.8296e+00
1027 +1.064159960e-08 +1.064159960e-08 -1.909500000e+02 -1.909500000e+02 -2.6433e+00 -2.8296e+00
1053 +1.632884050e-09 +1.632884050e-09 -1.909500000e+02 -1.909500000e+02 -2.6432e+00 -2.8296e+00
1543 +0.000000000e+00 +0.000000000e+00 -1.909500000e+02 -1.909500000e+02 -2.6432e+00 -2.8296e+00
% function evaluation | noise-free fitness - Fopt (1.370000000000e+00) | best noise-free fitness - Fopt | measured fitness | best measured fitness | x1 | x2...
1 +4.062581704e+06 +4.062581704e+06 +4.062583074e+06 +4.062583074e+06 +0.0000e+00 +0.0000e+00
2 +1.973256366e+06 +1.973256366e+06 +1.973257736e+06 +1.973257736e+06 -5.9565e+00 +3.3349e+00
3 +7.611753701e+05 +7.611753701e+05 +7.611767401e+05 +7.611767401e+05 -1.5908e+00 +1.0845e+00
10 +1.346667182e+05 +1.346667182e+05 +1.346680882e+05 +1.346680882e+05 -3.8727e-01 +2.3725e+00
14 +1.180542854e+05 +1.180542854e+05 +1.180556554e+05 +1.180556554e+05 -2.3240e+00 +2.3324e+00
16 +5.104658241e+03 +5.104658241e+03 +5.106028241e+03 +5.106028241e+03 -4.7705e-01 +1.9134e+00
43 +9.641651477e+02 +9.641651477e+02 +9.655351477e+02 +9.655351477e+02 -2.7850e-01 +1.9620e+00
64 +1.087941827e+02 +1.087941827e+02 +1.101641827e+02 +1.101641827e+02 +2.0485e-01 +2.0017e+00
163 +1.600132017e+01 +1.600132017e+01 +1.737132017e+01 +1.737132017e+01 +5.8657e-01 +1.9945e+00
189 +1.113189632e+01 +1.113189632e+01 +1.250189632e+01 +1.250189632e+01 +4.2233e-01 +1.9913e+00
234 +1.067307245e+01 +1.067307245e+01 +1.204307245e+01 +1.204307245e+01 +4.1951e-01 +1.9918e+00
384 +1.043642693e+01 +1.043642693e+01 +1.180642693e+01 +1.180642693e+01 +4.5035e-01 +1.9919e+00
460 +1.019920378e+01 +1.019920378e+01 +1.156920378e+01 +1.156920378e+01 +4.8127e-01 +1.9921e+00
477 +9.902727234e+00 +9.902727234e+00 +1.127272723e+01 +1.127272723e+01 +5.2930e-01 +1.9918e+00
486 +9.673558879e+00 +9.673558879e+00 +1.104355888e+01 +1.104355888e+01 +5.6494e-01 +1.9923e+00
494 +9.513509698e+00 +9.513509698e+00 +1.088350970e+01 +1.088350970e+01 +5.8236e-01 +1.9918e+00
506 +9.294413944e+00 +9.294413944e+00 +1.066441394e+01 +1.066441394e+01 +6.4185e-01 +1.9925e+00
507 +8.994414967e+00 +8.994414967e+00 +1.036441497e+01 +1.036441497e+01 +6.7007e-01 +1.9923e+00
523 +8.838678768e+00 +8.838678768e+00 +1.020867877e+01 +1.020867877e+01 +6.8111e-01 +1.9921e+00
536 +8.694160828e+00 +8.694160828e+00 +1.006416083e+01 +1.006416083e+01 +7.1032e-01 +1.9918e+00
537 +8.177293342e+00 +8.177293342e+00 +9.547293342e+00 +9.547293342e+00 +7.9321e-01 +1.9917e+00
543 +7.649235187e+00 +7.649235187e+00 +9.019235187e+00 +9.019235187e+00 +9.0707e-01 +1.9916e+00
552 +6.838332795e+00 +6.838332795e+00 +8.208332795e+00 +8.208332795e+00 +1.0245e+00 +1.9918e+00
583 +6.597233445e+00 +6.597233445e+00 +7.967233445e+00 +7.967233445e+00 +1.0732e+00 +1.9918e+00
594 +5.441705809e+00 +5.441705809e+00 +6.811705809e+00 +6.811705809e+00 +1.3217e+00 +1.9920e+00
602 +4.968983925e+00 +4.968983925e+00 +6.338983925e+00 +6.338983925e+00 +1.4583e+00 +1.9922e+00
608 +4.617137858e+00 +4.617137858e+00 +5.987137858e+00 +5.987137858e+00 +1.5918e+00 +1.9924e+00
616 +3.733081452e+00 +3.733081452e+00 +5.103081452e+00 +5.103081452e+00 +1.9173e+00 +1.9916e+00
624 +2.489176561e+00 +2.489176561e+00 +3.859176561e+00 +3.859176561e+00 +2.3258e+00 +1.9924e+00
632 +1.865569869e+00 +1.865569869e+00 +3.235569869e+00 +3.235569869e+00 +2.6815e+00 +1.9911e+00
634 +6.938111199e-01 +6.938111199e-01 +2.063811120e+00 +2.063811120e+00 +3.2152e+00 +1.9913e+00
642 +2.852950678e-01 +2.852950678e-01 +1.655295068e+00 +1.655295068e+00 +3.6469e+00 +1.9925e+00
665 +1.891345334e-01 +1.891345334e-01 +1.559134533e+00 +1.559134533e+00 +3.8476e+00 +1.9916e+00
672 +1.008854578e-01 +1.008854578e-01 +1.470885458e+00 +1.470885458e+00 +3.7710e+00 +1.9923e+00
683 +5.766776670e-03 +5.766776670e-03 +1.375766777e+00 +1.375766777e+00 +3.6704e+00 +1.9919e+00
717 +4.406661989e-04 +4.406661989e-04 +1.370440666e+00 +1.370440666e+00 +3.7024e+00 +1.9920e+00
760 +4.221634332e-04 +4.221634332e-04 +1.370422163e+00 +1.370422163e+00 +3.7018e+00 +1.9920e+00
770 +2.879729748e-04 +2.879729748e-04 +1.370287973e+00 +1.370287973e+00 +3.7076e+00 +1.9920e+00
771 +1.956133618e-04 +1.956133618e-04 +1.370195613e+00 +1.370195613e+00 +3.7089e+00 +1.9920e+00
775 +4.615311353e-05 +4.615311353e-05 +1.370046153e+00 +1.370046153e+00 +3.7277e+00 +1.9920e+00
794 +3.757410785e-05 +3.757410785e-05 +1.370037574e+00 +1.370037574e+00 +3.7280e+00 +1.9920e+00
812 +1.179951090e-05 +1.179951090e-05 +1.370011800e+00 +1.370011800e+00 +3.7229e+00 +1.9920e+00
840 +7.950155325e-07 +7.950155325e-07 +1.370000795e+00 +1.370000795e+00 +3.7219e+00 +1.9920e+00
856 +1.378894370e-07 +1.378894370e-07 +1.370000138e+00 +1.370000138e+00 +3.7217e+00 +1.9920e+00
887 +1.185418510e-07 +1.185418510e-07 +1.370000119e+00 +1.370000119e+00 +3.7213e+00 +1.9920e+00
892 +9.428746162e-08 +9.428746162e-08 +1.370000094e+00 +1.370000094e+00 +3.7213e+00 +1.9920e+00
894 +3.905854906e-08 +3.905854906e-08 +1.370000039e+00 +1.370000039e+00 +3.7215e+00 +1.9920e+00
900 +3.948340987e-09 +3.948340987e-09 +1.370000004e+00 +1.370000004e+00 +3.7216e+00 +1.9920e+00
1235 +0.000000000e+00 +0.000000000e+00 +1.370000000e+00 +1.370000000e+00 +3.7216e+00 +1.9920e+00
% function evaluation | noise-free fitness - Fopt (-1.645800000000e+02) | best noise-free fitness - Fopt | measured fitness | best measured fitness | x1 | x2...
1 +1.079402142e+03 +1.079402142e+03 +9.148221419e+02 +9.148221419e+02 +0.0000e+00 +0.0000e+00
27 +1.169716474e+02 +1.169716474e+02 -4.760835257e+01 -4.760835257e+01 -3.6380e-01 -2.5180e-02
123 +5.662027534e+01 +5.662027534e+01 -1.079597247e+02 -1.079597247e+02 +6.4123e-01 -4.4016e-02
155 +2.255099780e+00 +2.255099780e+00 -1.623249002e+02 -1.623249002e+02 +4.8787e-01 -3.5442e-02
235 +2.222385666e+00 +2.222385666e+00 -1.623576143e+02 -1.623576143e+02 +6.2263e-01 -3.5564e-02
253 +2.049666864e+00 +2.049666864e+00 -1.625303331e+02 -1.625303331e+02 +6.4968e-01 -3.5960e-02
890 +2.040116358e+00 +2.040116358e+00 -1.625398836e+02 -1.625398836e+02 +6.3448e-01 -3.5957e-02
932 +1.961357308e+00 +1.961357308e+00 -1.626186427e+02 -1.626186427e+02 +5.0440e-01 -3.6035e-02
943 +1.919092787e+00 +1.919092787e+00 -1.626609072e+02 -1.626609072e+02 +4.6294e-01 -3.6062e-02
945 +1.655688779e+00 +1.655688779e+00 -1.629243112e+02 -1.629243112e+02 +3.4360e-01 -3.6109e-02
952 +9.807705078e-01 +9.807705078e-01 -1.635992295e+02 -1.635992295e+02 +1.6363e-01 -3.6188e-02
953 +8.651049001e-01 +8.651049001e-01 -1.637148951e+02 -1.637148951e+02 +1.2798e-01 -3.6203e-02
954 +6.914405234e-01 +6.914405234e-01 -1.638885595e+02 -1.638885595e+02 +5.8316e-02 -3.6219e-02
964 +6.459725046e-01 +6.459725046e-01 -1.639340275e+02 -1.639340275e+02 +3.0727e-02 -3.6229e-02
968 +5.553574694e-01 +5.553574694e-01 -1.640246425e+02 -1.640246425e+02 -1.4600e-01 -3.6276e-02
970 +3.592677348e-01 +3.592677348e-01 -1.642207323e+02 -1.642207323e+02 -3.4339e-01 -3.6358e-02
974 +3.281469070e-01 +3.281469070e-01 -1.642518531e+02 -1.642518531e+02 -8.0882e-01 -3.6530e-02
982 +3.037770818e-01 +3.037770818e-01 -1.642762229e+02 -1.642762229e+02 -5.9192e-01 -3.6455e-02
991 +2.970790978e-01 +2.970790978e-01 -1.642829209e+02 -1.642829209e+02 -5.5955e-01 -3.6434e-02
1028 +2.946205424e-01 +2.946205424e-01 -1.642853795e+02 -1.642853795e+02 -4.1108e-01 -3.6362e-02
1044 +2.875663984e-01 +2.875663984e-01 -1.642924336e+02 -1.642924336e+02 -5.1947e-01 -3.6403e-02
1054 +2.596135950e-01 +2.596135950e-01 -1.643203864e+02 -1.643203864e+02 -6.5664e-01 -3.6439e-02
1062 +1.990742316e-01 +1.990742316e-01 -1.643809258e+02 -1.643809258e+02 -7.4482e-01 -3.6406e-02
1072 +1.845166777e-01 +1.845166777e-01 -1.643954833e+02 -1.643954833e+02 -9.2797e-01 -3.6389e-02
1073 +1.708528156e-01 +1.708528156e-01 -1.644091472e+02 -1.644091472e+02 -1.0012e+00 -3.6355e-02
1074 +1.672567515e-01 +1.672567515e-01 -1.644127432e+02 -1.644127432e+02 -6.6807e-01 -3.6363e-02
1075 +1.507993965e-01 +1.507993965e-01 -1.644292006e+02 -1.644292006e+02 -6.6873e-01 -3.6348e-02
1078 +1.433955784e-01 +1.433955784e-01 -1.644366044e+02 -1.644366044e+02 -6.5811e-01 -3.6337e-02
1084 +1.389987604e-01 +1.389987604e-01 -1.644410012e+02 -1.644410012e+02 -6.6294e-01 -3.6334e-02
1085 +7.635277165e-02 +7.635277165e-02 -1.645036472e+02 -1.645036472e+02 -7.0527e-01 -3.5733e-02
1087 +2.571638608e-02 +2.571638608e-02 -1.645542836e+02 -1.645542836e+02 -7.0557e-01 -3.5899e-02
1099 +2.483931297e-02 +2.483931297e-02 -1.645551607e+02 -1.645551607e+02 -7.2135e-01 -3.5875e-02
1101 +1.719178779e-02 +1.719178779e-02 -1.645628082e+02 -1.645628082e+02 -7.0971e-01 -3.5937e-02
1114 +1.183447029e-02 +1.183447029e-02 -1.645681655e+02 -1.645681655e+02 -7.2250e-01 -3.5983e-02
1128 +1.132339192e-02 +1.132339192e-02 -1.645686766e+02 -1.645686766e+02 -7.3518e-01 -3.6056e-02
1132 +1.868680904e-03 +1.868680904e-03 -1.645781313e+02 -1.645781313e+02 -7.8286e-01 -3.6024e-02
1136 +7.102784314e-04 +7.102784314e-04 -1.645792897e+02 -1.645792897e+02 -8.2097e-01 -3.6029e-02
1157 +4.223164335e-04 +4.223164335e-04 -1.645795777e+02 -1.645795777e+02 -8.2818e-01 -3.6021e-02
1174 +8.167214588e-05 +8.167214588e-05 -1.645799183e+02 -1.645799183e+02 -8.2246e-01 -3.5992e-02
1267 +2.613885061e-05 +2.613885061e-05 -1.645799739e+02 -1.645799739e+02 -8.1751e-01 -3.6001e-02
1309 +4.690536144e-06 +4.690536144e-06 -1.645799953e+02 -1.645799953e+02 -8.2141e-01 -3.5998e-02
1944 +4.051529686e-06 +4.051529686e-06 -1.645799959e+02 -1.645799959e+02 -8.2084e-01 -3.5999e-02
1952 +2.563384385e-07 +2.563384385e-07 -1.645799997e+02 -1.645799997e+02 -8.2209e-01 -3.6000e-02
1971 +6.150361287e-08 +6.150361287e-08 -1.645799999e+02 -1.645799999e+02 -8.2266e-01 -3.6000e-02
2028 +5.281216886e-08 +5.281216886e-08 -1.645799999e+02 -1.645799999e+02 -8.2233e-01 -3.6000e-02
2042 +2.478529382e-08 +2.478529382e-08 -1.645800000e+02 -1.645800000e+02 -8.2229e-01 -3.6000e-02
2045 +1.965119623e-08 +1.965119623e-08 -1.645800000e+02 -1.645800000e+02 -8.2253e-01 -3.6000e-02
2049 +7.441741445e-09 +7.441741445e-09 -1.645800000e+02 -1.645800000e+02 -8.2240e-01 -3.6000e-02
2213 +0.000000000e+00 +0.000000000e+00 -1.645800000e+02 -1.645800000e+02 -8.2240e-01 -3.6000e-02
% function evaluation | noise-free fitness - Fopt (-1.803800000000e+02) | best noise-free fitness - Fopt | measured fitness | best measured fitness | x1 | x2...
1 +1.185471483e+07 +1.185471483e+07 +1.185453445e+07 +1.185453445e+07 +0.0000e+00 +0.0000e+00
2 +1.156358389e+07 +1.156358389e+07 +1.156340351e+07 +1.156340351e+07 -1.8186e+00 +3.8352e-02
3 +9.403269362e+06 +9.403269362e+06 +9.403088982e+06 +9.403088982e+06 -2.1750e+00 +3.3827e-01
5 +3.145733606e+06 +3.145733606e+06 +3.145553226e+06 +3.145553226e+06 -3.1783e+00 +1.8043e+00
12 +2.354156178e+06 +2.354156178e+06 +2.353975798e+06 +2.353975798e+06 -2.8192e+00 +2.0617e+00
14 +6.242705882e+05 +6.242705882e+05 +6.240902082e+05 +6.240902082e+05 -2.6400e+00 +2.6221e+00
15 +5.031367895e+05 +5.031367895e+05 +5.029564095e+05 +5.029564095e+05 -6.8229e+00 +2.6935e+00
20 +1.400236031e+05 +1.400236031e+05 +1.398432231e+05 +1.398432231e+05 -4.7582e+00 +3.1023e+00
23 +2.926085513e+03 +2.926085513e+03 +2.745705513e+03 +2.745705513e+03 -6.3727e+00 +3.5140e+00
30 +7.391366338e+02 +7.391366338e+02 +5.587566338e+02 +5.587566338e+02 -5.9717e+00 +3.4379e+00
42 +4.980352812e+02 +4.980352812e+02 +3.176552812e+02 +3.176552812e+02 -6.1453e+00 +3.4866e+00
96 +1.896361770e+01 +1.896361770e+01 -1.614163823e+02 -1.614163823e+02 -5.3431e+00 +3.4611e+00
148 +1.801087602e+00 +1.801087602e+00 -1.785789124e+02 -1.785789124e+02 -4.3774e+00 +3.4635e+00
299 +3.154706213e-01 +3.154706213e-01 -1.800645294e+02 -1.800645294e+02 -4.4915e+00 +3.4648e+00
494 +3.068162509e-01 +3.068162509e-01 -1.800731837e+02 -1.800731837e+02 -4.4797e+00 +3.4648e+00
502 +2.986541541e-01 +2.986541541e-01 -1.800813458e+02 -1.800813458e+02 -4.4623e+00 +3.4647e+00
513 +2.948930134e-01 +2.948930134e-01 -1.800851070e+02 -1.800851070e+02 -4.4547e+00 +3.4647e+00
527 +2.869913970e-01 +2.869913970e-01 -1.800930086e+02 -1.800930086e+02 -4.4361e+00 +3.4647e+00
532 +2.800614926e-01 +2.800614926e-01 -1.800999385e+02 -1.800999385e+02 -4.4015e+00 +3.4646e+00
540 +2.749411850e-01 +2.749411850e-01 -1.801050588e+02 -1.801050588e+02 -4.4110e+00 +3.4647e+00
543 +2.668999374e-01 +2.668999374e-01 -1.801131001e+02 -1.801131001e+02 -4.3938e+00 +3.4647e+00
544 +2.510076966e-01 +2.510076966e-01 -1.801289923e+02 -1.801289923e+02 -4.3569e+00 +3.4646e+00
552 +2.342331759e-01 +2.342331759e-01 -1.801457668e+02 -1.801457668e+02 -4.3365e+00 +3.4646e+00
553 +2.186828554e-01 +2.186828554e-01 -1.801613171e+02 -1.801613171e+02 -4.3090e+00 +3.4646e+00
563 +1.819622261e-01 +1.819622261e-01 -1.801980378e+02 -1.801980378e+02 -4.2422e+00 +3.4646e+00
567 +1.605431856e-01 +1.605431856e-01 -1.802194568e+02 -1.802194568e+02 -4.1667e+00 +3.4645e+00
572 +1.452011536e-01 +1.452011536e-01 -1.802347988e+02 -1.802347988e+02 -4.0423e+00 +3.4645e+00
585 +1.134059185e-01 +1.134059185e-01 -1.802665941e+02 -1.802665941e+02 -4.0576e+00 +3.4645e+00
591 +9.225079469e-02 +9.225079469e-02 -1.802877492e+02 -1.802877492e+02 -4.1291e+00 +3.4646e+00
593 +3.878410379e-02 +3.878410379e-02 -1.803412159e+02 -1.803412159e+02 -4.0432e+00 +3.4649e+00
609 +2.830450668e-02 +2.830450668e-02 -1.803516955e+02 -1.803516955e+02 -4.0513e+00 +3.4648e+00
612 +1.750955783e-02 +1.750955783e-02 -1.803624904e+02 -1.803624904e+02 -4.0192e+00 +3.4648e+00
618 +8.400186750e-03 +8.400186750e-03 -1.803715998e+02 -1.803715998e+02 -3.9895e+00 +3.4648e+00
622 +4.136553258e-04 +4.136553258e-04 -1.803795863e+02 -1.803795863e+02 -3.9022e+00 +3.4648e+00
744 +1.719543356e-04 +1.719543356e-04 -1.803798280e+02 -1.803798280e+02 -3.9024e+00 +3.4648e+00
775 +6.754687621e-05 +6.754687621e-05 -1.803799325e+02 -1.803799325e+02 -3.9014e+00 +3.4648e+00
794 +4.270437481e-05 +4.270437481e-05 -1.803799573e+02 -1.803799573e+02 -3.8974e+00 +3.4648e+00
811 +3.833074632e-05 +3.833074632e-05 -1.803799617e+02 -1.803799617e+02 -3.8989e+00 +3.4648e+00
816 +5.599330734e-06 +5.599330734e-06 -1.803799944e+02 -1.803799944e+02 -3.8952e+00 +3.4648e+00
906 +5.032690581e-06 +5.032690581e-06 -1.803799950e+02 -1.803799950e+02 -3.8948e+00 +3.4648e+00
909 +2.512316286e-06 +2.512316286e-06 -1.803799975e+02 -1.803799975e+02 -3.8944e+00 +3.4648e+00
913 +1.607541549e-07 +1.607541549e-07 -1.803799998e+02 -1.803799998e+02 -3.8927e+00 +3.4648e+00
921 +4.896463679e-08 +4.896463679e-08 -1.803800000e+02 -1.803800000e+02 -3.8930e+00 +3.4648e+00
998 +4.427417366e-08 +4.427417366e-08 -1.803800000e+02 -1.803800000e+02 -3.8930e+00 +3.4648e+00
1004 +7.011010439e-09 +7.011010439e-09 -1.803800000e+02 -1.803800000e+02 -3.8929e+00 +3.4648e+00
1671 +0.000000000e+00 +0.000000000e+00 -1.803800000e+02 -1.803800000e+02 -3.8928e+00 +3.4648e+00
