% function evaluation | noise-free fitness - Fopt (7.948000000000e+01) | best noise-free fitness - Fopt | measured fitness | best measured fitness | x1 | x2...
1 +1.402094080e+00 +1.402094080e+00 +8.088209408e+01 +8.088209408e+01 +0.0000e+00 +0.0000e+00
13 +7.219455337e-01 +7.219455337e-01 +8.020194553e+01 +8.020194553e+01 -5.4227e-01 -1.4565e+00
26 +1.412414884e-01 +1.412414884e-01 +7.962124149e+01 +7.962124149e+01 -7.8767e-02 -1.3337e+00
42 +7.515368346e-02 +7.515368346e-02 +7.955515368e+01 +7.955515368e+01 +4.6291e-01 -9.8071e-01
57 +6.206623659e-02 +6.206623659e-02 +7.954206624e+01 +7.954206624e+01 +9.8627e-02 -9.6110e-01
86 +1.053765147e-02 +1.053765147e-02 +7.949053765e+01 +7.949053765e+01 +2.6223e-01 -1.2590e+00
104 +6.791521583e-03 +6.791521583e-03 +7.948679152e+01 +7.948679152e+01 +1.7073e-01 -1.1493e+00
123 +9.928999472e-04 +9.928999472e-04 +7.948099290e+01 +7.948099290e+01 +2.2199e-01 -1.1634e+00
187 +2.829558771e-04 +2.829558771e-04 +7.948028296e+01 +7.948028296e+01 +2.6690e-01 -1.1660e+00
195 +6.447831991e-05 +6.447831991e-05 +7.948006448e+01 +7.948006448e+01 +2.5288e-01 -1.1648e+00
229 +9.807635735e-06 +9.807635735e-06 +7.948000981e+01 +7.948000981e+01 +2.5084e-01 -1.1544e+00
257 +5.332765056e-06 +5.332765056e-06 +7.948000533e+01 +7.948000533e+01 +2.5208e-01 -1.1546e+00
292 +4.852020311e-06 +4.852020311e-06 +7.948000485e+01 +7.948000485e+01 +2.5370e-01 -1.1588e+00
298 +2.107247838e-06 +2.107247838e-06 +7.948000211e+01 +7.948000211e+01 +2.5294e-01 -1.1582e+00
311 +1.985761074e-06 +1.985761074e-06 +7.948000199e+01 +7.948000199e+01 +2.5260e-01 -1.1554e+00
314 +1.688183190e-06 +1.688183190e-06 +7.948000169e+01 +7.948000169e+01 +2.5409e-01 -1.1566e+00
324 +7.717283665e-07 +7.717283665e-07 +7.948000077e+01 +7.948000077e+01 +2.5359e-01 -1.1564e+00
332 +1.472369888e-07 +1.472369888e-07 +7.948000015e+01 +7.948000015e+01 +2.5306e-01 -1.1571e+00
372 +5.074682008e-08 +5.074682008e-08 +7.948000005e+01 +7.948000005e+01 +2.5298e-01 -1.1567e+00
459 +2.355956497e-08 +2.355956497e-08 +7.948000002e+01 +7.948000002e+01 +2.5278e-01 -1.1566e+00
472 +6.119662999e-09 +6.119662999e-09 +7.948000001e+01 +7.948000001e+01 +2.5285e-01 -1.1569e+00
741 +0.000000000e+00 +0.000000000e+00 +7.948000000e+01 +7.948000000e+01 +2.5280e-01 -1.1568e+00
% function evaluation | noise-free fitness - Fopt (3.944800000000e+02) | best noise-free fitness - Fopt | measured fitness | best measured fitness | x1 | x2...
1 +2.355193472e+01 +2.355193472e+01 +4.180319347e+02 +4.180319347e+02 +0.0000e+00 +0.0000e+00
22 +1.912314815e+01 +1.912314815e+01 +4.136031482e+02 +4.136031482e+02 -3.5647e+00 +1.4699e+00
23 +1.735203797e+01 +1.735203797e+01 +4.118320380e+02 +4.118320380e+02 -1.3843e+00 +4.3092e-01
29 +1.485630222e+01 +1.485630222e+01 +4.093363022e+02 +4.093363022e+02 -2.1908e+00 +5.6510e-01
32 +7.254797139e+00 +7.254797139e+00 +4.017347971e+02 +4.017347971e+02 -2.1415e+00 -8.4882e-01
42 +7.076189661e+00 +7.076189661e+00 +4.015561897e+02 +4.015561897e+02 -1.9361e+00 -1.0944e+00
43 +2.603988701e+00 +2.603988701e+00 +3.970839887e+02 +3.970839887e+02 -2.5470e+00 -2.0086e+00
44 +8.075787888e-01 +8.075787888e-01 +3.952875788e+02 +3.952875788e+02 -3.0137e+00 -3.0480e+00
85 +1.006069105e-01 +1.006069105e-01 +3.945806069e+02 +3.945806069e+02 -4.0764e+00 -3.1530e+00
95 +2.828046739e-02 +2.828046739e-02 +3.945082805e+02 +3.945082805e+02 -3.9727e+00 -3.0413e+00
106 +5.956969438e-03 +5.956969438e-03 +3.944859570e+02 +3.944859570e+02 -3.9523e+00 -2.8351e+00
149 +8.533743457e-04 +8.533743457e-04 +3.944808534e+02 +3.944808534e+02 -3.9021e+00 -2.9194e+00
159 +5.079872097e-04 +5.079872097e-04 +3.944805080e+02 +3.944805080e+02 -3.8823e+00 -2.8746e+00
222 +3.889750745e-04 +3.889750745e-04 +3.944803890e+02 +3.944803890e+02 -3.8805e+00 -2.8988e+00
241 +5.964119464e-05 +5.964119464e-05 +3.944800596e+02 +3.944800596e+02 -3.8936e+00 -2.8964e+00
317 +5.288455270e-05 +5.288455270e-05 +3.944800529e+02 +3.944800529e+02 -3.9050e+00 -2.8874e+00
331 +4.501340584e-05 +4.501340584e-05 +3.944800450e+02 +3.944800450e+02 -3.8933e+00 -2.8860e+00
332 +4.009699506e-05 +4.009699506e-05 +3.944800401e+02 +3.944800401e+02 -3.9047e+00 -2.8911e+00
344 +2.783273925e-05 +2.783273925e-05 +3.944800278e+02 +3.944800278e+02 -3.8946e+00 -2.8867e+00
360 +1.409545058e-05 +1.409545058e-05 +3.944800141e+02 +3.944800141e+02 -3.8961e+00 -2.8875e+00
363 +1.042137620e-05 +1.042137620e-05 +3.944800104e+02 +3.944800104e+02 -3.8965e+00 -2.8878e+00
367 +6.308528157e-06 +6.308528157e-06 +3.944800063e+02 +3.944800063e+02 -3.8962e+00 -2.8891e+00
372 +3.129185529e-06 +3.129185529e-06 +3.944800031e+02 +3.944800031e+02 -3.8967e+00 -2.8901e+00
380 +2.518987571e-06 +2.518987571e-06 +3.944800025e+02 +3.944800025e+02 -3.8990e+00 -2.8919e+00
393 +3.312072181e-07 +3.312072181e-07 +3.944800003e+02 +3.944800003e+02 -3.8989e+00 -2.8902e+00
411 +1.761850967e-07 +1.761850967e-07 +3.944800002e+02 +3.944800002e+02 -3.8980e+00 -2.8905e+00
416 +1.338893298e-07 +1.338893298e-07 +3.944800001e+02 +3.944800001e+02 -3.8981e+00 -2.8906e+00
423 +1.395153504e-08 +1.395153504e-08 +3.944800000e+02 +3.944800000e+02 -3.8984e+00 -2.8903e+00
460 +2.710237368e-09 +2.710237368e-09 +3.944800000e+02 +3.944800000e+02 -3.8984e+00 -2.8903e+00
678 +0.000000000e+00 +0.000000000e+00 +3.944800000e+02 +3.944800000e+02 -3.8984e+00 -2.8904e+00
% function evaluation | noise-free fitness - Fopt (-2.471100000000e+02) | best noise-free fitness - Fopt | measured fitness | best measured fitness | x1 | x2...
1 +1.446913280e+01 +1.446913280e+01 -2.326408672e+02 -2.326408672e+02 +0.0000e+00 +0.0000e+00
2 +1.364287586e+01 +1.364287586e+01 -2.334671241e+02 -2.334671241e+02 -3.5160e-01 -1.1244e+00
3 +1.222065428e+00 +1.222065428e+00 -2.458879346e+02 -2.458879346e+02 -3.9385e+00 -8.9336e-01
23 +4.500701148e-01 +4.500701148e-01 -2.466599299e+02 -2.466599299e+02 -3.1462e+00 +4.5847e-02
33 +3.129897590e-01 +3.129897590e-01 -2.467970102e+02 -2.467970102e+02 -3.2495e+00 +3.1117e-01
37 +2.103589962e-01 +2.103589962e-01 -2.468996410e+02 -2.468996410e+02 -3.5883e+00 +6.1090e-01
43 +4.701166392e-02 +4.701166392e-02 -2.470629883e+02 -2.470629883e+02 -4.0118e+00 +1.6470e-01
67 +2.594024198e-02 +2.594024198e-02 -2.470840598e+02 -2.470840598e+02 -3.9469e+00 +1.4077e-01
130 +2.600553879e-05 +2.600553879e-05 -2.471099740e+02 -2.471099740e+02 -3.7935e+00 +2.0167e-01
302 +2.429390167e-05 +2.429390167e-05 -2.471099757e+02 -2.471099757e+02 -3.7998e+00 +1.9849e-01
315 +9.893248574e-06 +9.893248574e-06 -2.471099901e+02 -2.471099901e+02 -3.7970e+00 +2.0038e-01
330 +2.508717330e-06 +2.508717330e-06 -2.471099975e+02 -2.471099975e+02 -3.7968e+00 +2.0328e-01
379 +1.250021995e-06 +1.250021995e-06 -2.471099987e+02 -2.471099987e+02 -3.7977e+00 +2.0410e-01
380 +9.566078916e-07 +9.566078916e-07 -2.471099990e+02 -2.471099990e+02 -3.7976e+00 +2.0372e-01
385 +3.397501587e-07 +3.397501587e-07 -2.471099997e+02 -2.471099997e+02 -3.7979e+00 +2.0349e-01
391 +2.383780782e-07 +2.383780782e-07 -2.471099998e+02 -2.471099998e+02 -3.7980e+00 +2.0348e-01
397 +1.080190088e-07 +1.080190088e-07 -2.471099999e+02 -2.471099999e+02 -3.7987e+00 +2.0304e-01
446 +4.967054679e-08 +4.967054679e-08 -2.471100000e+02 -2.471100000e+02 -3.7983e+00 +2.0340e-01
455 +1.929697646e-08 +1.929697646e-08 -2.471100000e+02 -2.471100000e+02 -3.7983e+00 +2.0327e-01
461 +1.688354700e-08 +1.688354700e-08 -2.471100000e+02 -2.471100000e+02 -3.7983e+00 +2.0323e-01
472 +1.270981898e-08 +1.270981898e-08 -2.471100000e+02 -2.471100000e+02 -3.7983e+00 +2.0327e-01
501 +5.286551641e-09 +5.286551641e-09 -2.471100000e+02 -2.471100000e+02 -3.7984e+00 +2.0314e-01
787 +0.000000000e+00 +0.000000000e+00 -2.471100000e+02 -2.471100000e+02 -3.7984e+00 +2.0320e-01
% function evaluation | noise-free fitness - Fopt (-1.520400000000e+02) | best noise-free fitness - Fopt | measured fitness | best measured fitness | x1 | x2...
1 +2.099171840e+00 +2.099171840e+00 -1.499408282e+02 -1.499408282e+02 +0.0000e+00 +0.0000e+00
9 +9.966643608e-01 +9.966643608e-01 -1.510433356e+02 -1.510433356e+02 -3.4172e-01 +4.2845e-01
12 +4.804977648e-01 +4.804977648e-01 -1.515595022e+02 -1.515595022e+02 -6.1435e-01 +2.0240e+00
15 +7.414477988e-03 +7.414477988e-03 -1.520325855e+02 -1.520325855e+02 -3.5330e-01 +1.4249e+00
130 +5.901276694e-03 +5.901276694e-03 -1.520340987e+02 -1.520340987e+02 -2.2336e-01 +1.4871e+00
135 +4.143451384e-04 +4.143451384e-04 -1.520395857e+02 -1.520395857e+02 -2.8427e-01 +1.4351e+00
209 +2.985161575e-04 +2.985161575e-04 -1.520397015e+02 -1.520397015e+02 -2.6736e-01 +1.4067e+00
231 +1.297054477e-04 +1.297054477e-04 -1.520398703e+02 -1.520398703e+02 -2.6410e-01 +1.4130e+00
240 +1.025516465e-04 +1.025516465e-04 -1.520398974e+02 -1.520398974e+02 -2.5980e-01 +1.4171e+00
242 +7.911881690e-05 +7.911881690e-05 -1.520399209e+02 -1.520399209e+02 -2.6271e-01 +1.4163e+00
250 +6.639359231e-05 +6.639359231e-05 -1.520399336e+02 -1.520399336e+02 -2.6458e-01 +1.4163e+00
253 +6.396370281e-06 +6.396370281e-06 -1.520399936e+02 -1.520399936e+02 -2.6971e-01 +1.4237e+00
271 +3.632814298e-07 +3.632814298e-07 -1.520399996e+02 -1.520399996e+02 -2.6745e-01 +1.4235e+00
313 +1.427272309e-07 +1.427272309e-07 -1.520399999e+02 -1.520399999e+02 -2.6689e-01 +1.4238e+00
347 +1.751485001e-08 +1.751485001e-08 -1.520400000e+02 -1.520400000e+02 -2.6733e-01 +1.4240e+00
460 +5.798284519e-09 +5.798284519e-09 -1.520400000e+02 -1.520400000e+02 -2.6716e-01 +1.4239e+00
802 +0.000000000e+00 +0.000000000e+00 -1.520400000e+02 -1.520400000e+02 -2.6720e-01 +1.4240e+00
% function evaluation | noise-free fitness - Fopt (-2.525000000000e+01) | best noise-free fitness - Fopt | measured fitness | best measured fitness | x1 | x2...
1 +1.346736640e+01 +1.346736640e+01 -1.178263360e+01 -1.178263360e+01 +0.0000e+00 +0.0000e+00
2 +9.602304339e+00 +9.602304339e+00 -1.564769566e+01 -1.564769566e+01 +7.0993e-01 -4.4477e-01
3 +2.102488315e+00 +2.102488315e+00 -2.314751169e+01 -2.314751169e+01 +2.3695e+00 -1.0832e-01
13 +1.815161671e+00 +1.815161671e+00 -2.343483833e+01 -2.343483833e+01 +2.4745e+00 +1.3534e+00
17 +8.067676888e-01 +8.067676888e-01 -2.444323231e+01 -2.444323231e+01 +4.2915e+00 +4.5022e-02
21 +5.215247404e-01 +5.215247404e-01 -2.472847526e+01 -2.472847526e+01 +4.1664e+00 +1.6959e-01
31 +2.039978423e-01 +2.039978423e-01 -2.504600216e+01 -2.504600216e+01 +3.3424e+00 +9.9579e-01
67 +5.827743983e-03 +5.827743983e-03 -2.524417226e+01 -2.524417226e+01 +3.6875e+00 +6.5721e-01
154 +5.147661824e-03 +5.147661824e-03 -2.524485234e+01 -2.524485234e+01 +3.5451e+00 +6.5391e-01
175 +1.403388036e-03 +1.403388036e-03 -2.524859661e+01 -2.524859661e+01 +3.6498e+00 +6.2291e-01
200 +1.237806584e-03 +1.237806584e-03 -2.524876219e+01 -2.524876219e+01 +3.6443e+00 +6.5377e-01
217 +6.789270118e-04 +6.789270118e-04 -2.524932107e+01 -2.524932107e+01 +3.6130e+00 +6.0918e-01
222 +2.868673654e-04 +2.868673654e-04 -2.524971313e+01 -2.524971313e+01 +3.6138e+00 +6.1827e-01
232 +6.062157436e-05 +6.062157436e-05 -2.524993938e+01 -2.524993938e+01 +3.6168e+00 +6.2779e-01
269 +2.059933810e-05 +2.059933810e-05 -2.524997940e+01 -2.524997940e+01 +3.6174e+00 +6.3183e-01
303 +6.443175266e-06 +6.443175266e-06 -2.524999356e+01 -2.524999356e+01 +3.6143e+00 +6.3266e-01
315 +5.870984278e-06 +5.870984278e-06 -2.524999413e+01 -2.524999413e+01 +3.6158e+00 +6.3319e-01
323 +5.150792752e-07 +5.150792752e-07 -2.524999948e+01 -2.524999948e+01 +3.6138e+00 +6.3557e-01
337 +3.744271488e-07 +3.744271488e-07 -2.524999963e+01 -2.524999963e+01 +3.6149e+00 +6.3493e-01
372 +3.114668417e-07 +3.114668417e-07 -2.524999969e+01 -2.524999969e+01 +3.6139e+00 +6.3502e-01
389 +1.727037642e-07 +1.727037642e-07 -2.524999983e+01 -2.524999983e+01 +3.6146e+00 +6.3558e-01
395 +4.540332554e-09 +4.540332554e-09 -2.525000000e+01 -2.525000000e+01 +3.6144e+00 +6.3527e-01
896 +0.000000000e+00 +0.000000000e+00 -2.525000000e+01 -2.525000000e+01 +3.6144e+00 +6.3520e-01
% function evaluation | noise-free fitness - Fopt (8.790000000000e+01) | best noise-free fitness - Fopt | measured fitness | best measured fitness | x1 | x2...
1 +1.253007872e+01 +1.253007872e+01 +1.004300787e+02 +1.004300787e+02 +0.0000e+00 +0.0000e+00
2 +8.298814830e+00 +8.298814830e+00 +9.619881483e+01 +9.619881483e+01 -8.9853e-01 +1.9399e-01
3 +3.767506900e+00 +3.767506900e+00 +9.166750690e+01 +9.166750690e+01 -1.5133e+00 -5.6514e-01
16 +5.373472374e-02 +5.373472374e-02 +8.795373472e+01 +8.795373472e+01 -2.9363e+00 -1.6102e+00
91 +4.391477045e-02 +4.391477045e-02 +8.794391477e+01 +8.794391477e+01 -2.9626e+00 -1.5336e+00
96 +1.216054118e-02 +1.216054118e-02 +8.791216054e+01 +8.791216054e+01 -3.1085e+00 -1.4885e+00
128 +4.328128557e-03 +4.328128557e-03 +8.790432813e+01 +8.790432813e+01 -3.1982e+00 -1.6400e+00
143 +3.362361839e-03 +3.362361839e-03 +8.790336236e+01 +8.790336236e+01 -3.2154e+00 -1.5514e+00
147 +2.975744759e-03 +2.975744759e-03 +8.790297574e+01 +8.790297574e+01 -3.1405e+00 -1.6304e+00
150 +1.784652025e-03 +1.784652025e-03 +8.790178465e+01 +8.790178465e+01 -3.1810e+00 -1.5428e+00
157 +1.154566993e-03 +1.154566993e-03 +8.790115457e+01 +8.790115457e+01 -3.1430e+00 -1.6070e+00
183 +9.978188688e-04 +9.978188688e-04 +8.790099782e+01 +8.790099782e+01 -3.1386e+00 -1.5975e+00
193 +3.392137802e-04 +3.392137802e-04 +8.790033921e+01 +8.790033921e+01 -3.1718e+00 -1.5648e+00
210 +3.259899675e-04 +3.259899675e-04 +8.790032599e+01 +8.790032599e+01 -3.1650e+00 -1.6004e+00
212 +1.461913344e-04 +1.461913344e-04 +8.790014619e+01 +8.790014619e+01 -3.1769e+00 -1.5884e+00
215 +9.839146846e-05 +9.839146846e-05 +8.790009839e+01 +8.790009839e+01 -3.1577e+00 -1.5776e+00
221 +8.180395668e-07 +8.180395668e-07 +8.790000082e+01 +8.790000082e+01 -3.1655e+00 -1.5827e+00
273 +3.182791914e-07 +3.182791914e-07 +8.790000032e+01 +8.790000032e+01 -3.1668e+00 -1.5820e+00
316 +1.366150570e-08 +1.366150570e-08 +8.790000001e+01 +8.790000001e+01 -3.1664e+00 -1.5825e+00
376 +3.273157745e-09 +3.273157745e-09 +8.790000000e+01 +8.790000000e+01 -3.1664e+00 -1.5823e+00
671 +0.000000000e+00 +0.000000000e+00 +8.790000000e+01 +8.790000000e+01 -3.1664e+00 -1.5824e+00
% function evaluation | noise-free fitness - Fopt (2.199800000000e+02) | best noise-free fitness - Fopt | measured fitness | best measured fitness | x1 | x2...
1 +1.518788672e+01 +1.518788672e+01 +2.351678867e+02 +2.351678867e+02 +0.0000e+00 +0.0000e+00
2 +4.134443821e+00 +4.134443821e+00 +2.241144438e+02 +2.241144438e+02 +2.1607e+00 -2.0653e+00
22 +1.437685655e+00 +1.437685655e+00 +2.214176857e+02 +2.214176857e+02 +2.2306e+00 -3.6882e+00
34 +4.466282622e-01 +4.466282622e-01 +2.204266283e+02 +2.204266283e+02 +6.2458e-01 -4.2861e+00
62 +1.739034670e-01 +1.739034670e-01 +2.201539035e+02 +2.201539035e+02 +1.4476e+00 -3.7077e+00
64 +7.893160900e-03 +7.893160900e-03 +2.199878932e+02 +2.199878932e+02 +9.6922e-01 -3.8188e+00
134 +3.027773187e-03 +3.027773187e-03 +2.199830278e+02 +2.199830278e+02 +1.0880e+00 -3.7659e+00
139 +1.327843464e-03 +1.327843464e-03 +2.199813278e+02 +2.199813278e+02 +1.0496e+00 -3.7903e+00
161 +7.819103919e-04 +7.819103919e-04 +2.199807819e+02 +2.199807819e+02 +1.0521e+00 -3.7366e+00
190 +4.695756087e-04 +4.695756087e-04 +2.199804696e+02 +2.199804696e+02 +1.0316e+00 -3.7360e+00
221 +1.000476413e-04 +1.000476413e-04 +2.199801000e+02 +2.199801000e+02 +1.0283e+00 -3.7491e+00
238 +3.644907889e-05 +3.644907889e-05 +2.199800364e+02 +2.199800364e+02 +1.0276e+00 -3.7575e+00
254 +1.541217367e-05 +1.541217367e-05 +2.199800154e+02 +2.199800154e+02 +1.0329e+00 -3.7615e+00
265 +1.378974457e-05 +1.378974457e-05 +2.199800138e+02 +2.199800138e+02 +1.0371e+00 -3.7564e+00
281 +4.162401467e-06 +4.162401467e-06 +2.199800042e+02 +2.199800042e+02 +1.0321e+00 -3.7562e+00
350 +2.451597851e-06 +2.451597851e-06 +2.199800025e+02 +2.199800025e+02 +1.0337e+00 -3.7560e+00
351 +1.428513769e-06 +1.428513769e-06 +2.199800014e+02 +2.199800014e+02 +1.0346e+00 -3.7569e+00
356 +5.291336151e-07 +5.291336151e-07 +2.199800005e+02 +2.199800005e+02 +1.0331e+00 -3.7571e+00
377 +1.078970229e-07 +1.078970229e-07 +2.199800001e+02 +2.199800001e+02 +1.0337e+00 -3.7579e+00
384 +5.568128358e-08 +5.568128358e-08 +2.199800001e+02 +2.199800001e+02 +1.0337e+00 -3.7578e+00
416 +3.687077310e-08 +3.687077310e-08 +2.199800000e+02 +2.199800000e+02 +1.0334e+00 -3.7575e+00
426 +8.900769899e-09 +8.900769899e-09 +2.199800000e+02 +2.199800000e+02 +1.0336e+00 -3.7575e+00
760 +0.000000000e+00 +0.000000000e+00 +2.199800000e+02 +2.199800000e+02 +1.0336e+00 -3.7576e+00
% function evaluation | noise-free fitness - Fopt (-2.784000000000e+01) | best noise-free fitness - Fopt | measured fitness | best measured fitness | x1 | x2...
1 +5.062935040e+00 +5.062935040e+00 -2.277706496e+01 -2.277706496e+01 +0.0000e+00 +0.0000e+00
7 +3.928763921e+00 +3.928763921e+00 -2.391123608e+01 -2.391123608e+01 -9.8886e-01 +3.7915e-01
11 +2.496569957e+00 +2.496569957e+00 -2.534343004e+01 -2.534343004e+01 -6.4060e-01 +6.9253e-01
14 +5.472961881e-01 +5.472961881e-01 -2.729270381e+01 -2.729270381e+01 +2.1679e-01 +1.6882e+00
23 +1.150053024e-01 +1.150053024e-01 -2.772499470e+01 -2.772499470e+01 -8.4801e-03 +2.4286e+00
45 +2.422953939e-02 +2.422953939e-02 -2.781577046e+01 -2.781577046e+01 -1.6248e-01 +2.1357e+00
78 +5.738326488e-03 +5.738326488e-03 -2.783426167e+01 -2.783426167e+01 -3.5817e-01 +2.2508e+00
99 +1.675046827e-03 +1.675046827e-03 -2.783832495e+01 -2.783832495e+01 -2.4845e-01 +2.2508e+00
181 +2.437334098e-04 +2.437334098e-04 -2.783975627e+01 -2.783975627e+01 -2.7260e-01 +2.2417e+00
211 +1.121976955e-04 +1.121976955e-04 -2.783988780e+01 -2.783988780e+01 -2.8608e-01 +2.2215e+00
229 +9.835115468e-05 +9.835115468e-05 -2.783990165e+01 -2.783990165e+01 -2.8146e-01 +2.2227e+00
238 +1.079230655e-05 +1.079230655e-05 -2.783998921e+01 -2.783998921e+01 -2.8180e-01 +2.2307e+00
242 +3.834009181e-06 +3.834009181e-06 -2.783999617e+01 -2.783999617e+01 -2.8413e-01 +2.2302e+00
293 +1.352322919e-06 +1.352322919e-06 -2.783999865e+01 -2.783999865e+01 -2.8596e-01 +2.2319e+00
363 +7.418418058e-07 +7.418418058e-07 -2.783999926e+01 -2.783999926e+01 -2.8566e-01 +2.2319e+00
391 +5.958997136e-07 +5.958997136e-07 -2.783999940e+01 -2.783999940e+01 -2.8498e-01 +2.2328e+00
394 +8.994295086e-09 +8.994295086e-09 -2.783999999e+01 -2.783999999e+01 -2.8478e-01 +2.2319e+00
863 +0.000000000e+00 +0.000000000e+00 -2.784000000e+01 -2.784000000e+01 -2.8480e-01 +2.2320e+00
% function evaluation | noise-free fitness - Fopt (2.027000000000e+01) | best noise-free fitness - Fopt | measured fitness | best measured fitness | x1 | x2...
1 +1.044205376e+01 +1.044205376e+01 +3.071205376e+01 +3.071205376e+01 +0.0000e+00 +0.0000e+00
2 +9.400950737e+00 +9.400950737e+00 +2.967095074e+01 +2.967095074e+01 +1.2055e-03 -1.5815e+00
8 +5.202529621e+00 +5.202529621e+00 +2.547252962e+01 +2.547252962e+01 +1.7236e+00 -2.9859e+00
18 +1.367851814e+00 +1.367851814e+00 +2.163785181e+01 +2.163785181e+01 +2.8307e+00 -2.2697e+00
22 +1.004255917e+00 +1.004255917e+00 +2.127425592e+01 +2.127425592e+01 +2.0560e+00 -1.3451e+00
23 +3.013175565e-01 +3.013175565e-01 +2.057131756e+01 +2.057131756e+01 +2.5223e+00 -9.1382e-01
42 +1.961013826e-01 +1.961013826e-01 +2.046610138e+01 +2.046610138e+01 +2.7005e+00 -1.4112e+00
45 +1.624637175e-01 +1.624637175e-01 +2.043246372e+01 +2.043246372e+01 +3.2253e+00 -1.4713e+00
57 +1.215702944e-01 +1.215702944e-01 +2.039157029e+01 +2.039157029e+01 +3.3589e+00 -9.9641e-01
71 +1.293114885e-02 +1.293114885e-02 +2.028293115e+01 +2.028293115e+01 +3.1457e+00 -1.1152e+00
90 +9.221698753e-03 +9.221698753e-03 +2.027922170e+01 +2.027922170e+01 +3.1216e+00 -1.1521e+00
103 +1.331264237e-03 +1.331264237e-03 +2.027133126e+01 +2.027133126e+01 +3.0508e+00 -1.0863e+00
128 +1.177647073e-03 +1.177647073e-03 +2.027117765e+01 +2.027117765e+01 +3.0117e+00 -1.0900e+00
155 +5.570295598e-04 +5.570295598e-04 +2.027055703e+01 +2.027055703e+01 +3.0128e+00 -1.1313e+00
156 +2.885893663e-04 +2.885893663e-04 +2.027028859e+01 +2.027028859e+01 +3.0214e+00 -1.1309e+00
163 +3.055291864e-05 +3.055291864e-05 +2.027003055e+01 +2.027003055e+01 +3.0359e+00 -1.1215e+00
168 +3.162592087e-06 +3.162592087e-06 +2.027000316e+01 +2.027000316e+01 +3.0304e+00 -1.1169e+00
246 +3.017262419e-06 +3.017262419e-06 +2.027000302e+01 +2.027000302e+01 +3.0318e+00 -1.1193e+00
248 +2.817077760e-06 +2.817077760e-06 +2.027000282e+01 +2.027000282e+01 +3.0316e+00 -1.1160e+00
261 +1.557004552e-06 +1.557004552e-06 +2.027000156e+01 +2.027000156e+01 +3.0329e+00 -1.1184e+00
271 +9.256878286e-07 +9.256878286e-07 +2.027000093e+01 +2.027000093e+01 +3.0313e+00 -1.1169e+00
278 +5.190811088e-07 +5.190811088e-07 +2.027000052e+01 +2.027000052e+01 +3.0325e+00 -1.1171e+00
291 +6.776290107e-08 +6.776290107e-08 +2.027000007e+01 +2.027000007e+01 +3.0322e+00 -1.1175e+00
353 +2.009689126e-08 +2.009689126e-08 +2.027000002e+01 +2.027000002e+01 +3.0319e+00 -1.1175e+00
359 +7.667050994e-09 +7.667050994e-09 +2.027000001e+01 +2.027000001e+01 +3.0319e+00 -1.1176e+00
817 +0.000000000e+00 +0.000000000e+00 +2.027000000e+01 +2.027000000e+01 +3.0320e+00 -1.1176e+00
% function evaluation | noise-free fitness - Fopt (9.302900000000e+02) | best noise-free fitness - Fopt | measured fitness | best measured fitness | x1 | x2...
1 +3.759088640e+00 +3.759088640e+00 +9.340490886e+02 +9.340490886e+02 +0.0000e+00 +0.0000e+00
4 +1.557372593e+00 +1.557372593e+00 +9.318473726e+02 +9.318473726e+02 -3.7416e-01 -1.0069e+00
16 +6.530957876e-01 +6.530957876e-01 +9.309430958e+02 +9.309430958e+02 -1.0915e+00 -1.6747e+00
23 +4.776094986e-01 +4.776094986e-01 +9.307676095e+02 +9.307676095e+02 -1.3579e+00 -1.7031e+00
24 +2.417494655e-01 +2.417494655e-01 +9.305317495e+02 +9.305317495e+02 -1.2315e+00 -1.3643e+00
42 +5.972946971e-02 +5.972946971e-02 +9.303497295e+02 +9.303497295e+02 -1.5610e+00 -8.2703e-01
57 +3.018971543e-02 +3.018971543e-02 +9.303201897e+02 +9.303201897e+02 -1.6625e+00 -8.9532e-01
62 +5.089954861e-03 +5.089954861e-03 +9.302950900e+02 +9.302950900e+02 -1.6879e+00 -1.0397e+00
73 +1.119566962e-04 +1.119566962e-04 +9.302901120e+02 +9.302901120e+02 -1.6287e+00 -1.0570e+00
175 +7.315324297e-06 +7.315324297e-06 +9.302900073e+02 +9.302900073e+02 -1.6206e+00 -1.0613e+00
194 +6.080277785e-06 +6.080277785e-06 +9.302900061e+02 +9.302900061e+02 -1.6224e+00 -1.0621e+00
251 +2.910460580e-06 +2.910460580e-06 +9.302900029e+02 +9.302900029e+02 -1.6225e+00 -1.0637e+00
257 +1.473370958e-06 +1.473370958e-06 +9.302900015e+02 +9.302900015e+02 -1.6205e+00 -1.0628e+00
280 +6.398647656e-08 +6.398647656e-08 +9.302900001e+02 +9.302900001e+02 -1.6208e+00 -1.0637e+00
311 +4.681191967e-08 +4.681191967e-08 +9.302900000e+02 +9.302900000e+02 -1.6206e+00 -1.0641e+00
313 +1.554167284e-08 +1.554167284e-08 +9.302900000e+02 +9.302900000e+02 -1.6207e+00 -1.0640e+00
402 +6.298250810e-09 +6.298250810e-09 +9.302900000e+02 +9.302900000e+02 -1.6209e+00 -1.0640e+00
805 +0.000000000e+00 +0.000000000e+00 +9.302900000e+02 +9.302900000e+02 -1.6208e+00 -1.0640e+00
% function evaluation | noise-free fitness - Fopt (7.786100000000e+02) | best noise-free fitness - Fopt | measured fitness | best measured fitness | x1 | x2...
1 +2.925831808e+01 +2.925831808e+01 +8.078683181e+02 +8.078683181e+02 +0.0000e+00 +0.0000e+00
22 +2.665306956e+01 +2.665306956e+01 +8.052630696e+02 +8.052630696e+02 +1.1798e+00 -2.5809e+00
24 +2.534525221e+01 +2.534525221e+01 +8.039552522e+02 +8.039552522e+02 +1.1981e+00 -3.6289e+00
27 +1.734460234e+01 +1.734460234e+01 +7.959546023e+02 +7.959546023e+02 +3.2020e-01 -3.5050e+00
35 +1.113961653e+01 +1.113961653e+01 +7.897496165e+02 +7.897496165e+02 -8.9757e-01 -5.4055e+00
39 +7.150163564e+00 +7.150163564e+00 +7.857601636e+02 +7.857601636e+02 -1.7637e+00 -5.5106e+00
44 +2.783121074e+00 +2.783121074e+00 +7.813931211e+02 +7.813931211e+02 -2.3907e+00 -4.6555e+00
59 +2.567944981e+00 +2.567944981e+00 +7.811779450e+02 +7.811779450e+02 -2.2566e+00 -3.5277e+00
64 +1.762259936e+00 +1.762259936e+00 +7.803722599e+02 +7.803722599e+02 -2.5640e+00 -3.4263e+00
67 +4.476468031e-01 +4.476468031e-01 +7.790576468e+02 +7.790576468e+02 -3.3638e+00 -3.3396e+00
79 +1.328285504e-01 +1.328285504e-01 +7.787428286e+02 +7.787428286e+02 -4.0183e+00 -3.5031e+00
84 +1.862906899e-02 +1.862906899e-02 +7.786286291e+02 +7.786286291e+02 -3.9274e+00 -3.9152e+00
182 +1.392364762e-02 +1.392364762e-02 +7.786239236e+02 +7.786239236e+02 -3.8948e+00 -3.9172e+00
200 +4.349479297e-03 +4.349479297e-03 +7.786143495e+02 +7.786143495e+02 -3.7682e+00 -3.8035e+00
202 +3.431040503e-03 +3.431040503e-03 +7.786134310e+02 +7.786134310e+02 -3.8914e+00 -3.8158e+00
210 +9.194456652e-06 +9.194456652e-06 +7.786100092e+02 +7.786100092e+02 -3.8357e+00 -3.8158e+00
311 +8.185611023e-06 +8.185611023e-06 +7.786100082e+02 +7.786100082e+02 -3.8303e+00 -3.8153e+00
326 +4.376136644e-06 +4.376136644e-06 +7.786100044e+02 +7.786100044e+02 -3.8309e+00 -3.8159e+00
392 +1.081216965e-06 +1.081216965e-06 +7.786100011e+02 +7.786100011e+02 -3.8337e+00 -3.8173e+00
420 +1.014329541e-06 +1.014329541e-06 +7.786100010e+02 +7.786100010e+02 -3.8324e+00 -3.8177e+00
452 +2.358249276e-07 +2.358249276e-07 +7.786100002e+02 +7.786100002e+02 -3.8331e+00 -3.8164e+00
473 +9.392340417e-08 +9.392340417e-08 +7.786100001e+02 +7.786100001e+02 -3.8330e+00 -3.8171e+00
489 +1.892192358e-08 +1.892192358e-08 +7.786100000e+02 +7.786100000e+02 -3.8327e+00 -3.8169e+00
509 +1.456498921e-08 +1.456498921e-08 +7.786100000e+02 +7.786100000e+02 -3.8329e+00 -3.8169e+00
564 +1.405612693e-08 +1.405612693e-08 +7.786100000e+02 +7.786100000e+02 -3.8327e+00 -3.8168e+00
568 +4.136268217e-09 +4.136268217e-09 +7.786100000e+02 +7.786100000e+02 -3.8328e+00 -3.8168e+00
803 +0.000000000e+00 +0.000000000e+00 +7.786100000e+02 +7.786100000e+02 -3.8328e+00 -3.8168e+00
% function evaluation | noise-free fitness - Fopt (-2.051000000000e+01) | best noise-free fitness - Fopt | measured fitness | best measured fitness | x1 | x2...
1 +1.479755008e+01 +1.479755008e+01 -5.712449920e+00 -5.712449920e+00 +0.0000e+00 +0.0000e+00
6 +6.275486580e+00 +6.275486580e+00 -1.423451342e+01 -1.423451342e+01 -5.7439e+00 +1.0876e+00
9 +2.762985463e+00 +2.762985463e+00 -1.774701454e+01 -1.774701454e+01 -1.7546e+00 +1.4485e+00
13 +1.238776044e+00 +1.238776044e+00 -1.927122396e+01 -1.927122396e+01 -4.4670e+00 +2.0103e+00
15 +8.806911376e-01 +8.806911376e-01 -1.962930886e+01 -1.962930886e+01 -3.9018e+00 +2.6357e+00
41 +4.931027775e-01 +4.931027775e-01 -2.001689722e+01 -2.001689722e+01 -2.8935e+00 +1.3452e+00
43 +2.624431822e-01 +2.624431822e-01 -2.024755682e+01 -2.024755682e+01 -3.8418e+00 +2.0500e+00
48 +7.715262456e-02 +7.715262456e-02 -2.043284738e+01 -2.043284738e+01 -3.5946e+00 +2.0209e+00
68 +2.981907598e-02 +2.981907598e-02 -2.048018092e+01 -2.048018092e+01 -3.3990e+00 +1.6983e+00
78 +6.334374143e-03 +6.334374143e-03 -2.050366563e+01 -2.050366563e+01 -3.4284e+00 +1.9129e+00
80 +5.259039823e-03 +5.259039823e-03 -2.050474096e+01 -2.050474096e+01 -3.3309e+00 +1.9321e+00
124 +3.999413823e-03 +3.999413823e-03 -2.050600059e+01 -2.050600059e+01 -3.4158e+00 +1.8320e+00
160 +2.789370234e-03 +2.789370234e-03 -2.050721063e+01 -2.050721063e+01 -3.3967e+00 +1.8264e+00
168 +1.100210426e-03 +1.100210426e-03 -2.050889979e+01 -2.050889979e+01 -3.3896e+00 +1.8471e+00
173 +5.132650052e-04 +5.132650052e-04 -2.050948673e+01 -2.050948673e+01 -3.3543e+00 +1.8464e+00
182 +3.848845830e-04 +3.848845830e-04 -2.050961512e+01 -2.050961512e+01 -3.3478e+00 +1.8551e+00
190 +1.282303293e-04 +1.282303293e-04 -2.050987177e+01 -2.050987177e+01 -3.3690e+00 +1.8575e+00
213 +9.982596301e-05 +9.982596301e-05 -2.050990017e+01 -2.050990017e+01 -3.3713e+00 +1.8614e+00
242 +9.675535867e-05 +9.675535867e-05 -2.050990324e+01 -2.050990324e+01 -3.3534e+00 +1.8662e+00
244 +3.733288574e-05 +3.733288574e-05 -2.050996267e+01 -2.050996267e+01 -3.3661e+00 +1.8618e+00
252 +2.107065317e-05 +2.107065317e-05 -2.050997893e+01 -2.050997893e+01 -3.3586e+00 +1.8677e+00
253 +3.487407639e-06 +3.487407639e-06 -2.050999651e+01 -2.050999651e+01 -3.3617e+00 +1.8683e+00
322 +1.579243740e-06 +1.579243740e-06 -2.050999842e+01 -2.050999842e+01 -3.3631e+00 +1.8659e+00
358 +6.784947679e-07 +6.784947679e-07 -2.050999932e+01 -2.050999932e+01 -3.3631e+00 +1.8680e+00
366 +3.886908075e-07 +3.886908075e-07 -2.050999961e+01 -2.050999961e+01 -3.3632e+00 +1.8666e+00
383 +2.206744405e-07 +2.206744405e-07 -2.050999978e+01 -2.050999978e+01 -3.3630e+00 +1.8676e+00
384 +1.885730860e-07 +1.885730860e-07 -2.050999981e+01 -2.050999981e+01 -3.3636e+00 +1.8673e+00
385 +1.046649452e-07 +1.046649452e-07 -2.050999990e+01 -2.050999990e+01 -3.3632e+00 +1.8669e+00
408 +2.929564147e-08 +2.929564147e-08 -2.050999997e+01 -2.050999997e+01 -3.3632e+00 +1.8670e+00
455 +1.151010665e-08 +1.151010665e-08 -2.050999999e+01 -2.050999999e+01 -3.3631e+00 +1.8671e+00
458 +1.013997775e-09 +1.013997775e-09 -2.051000000e+01 -2.051000000e+01 -3.3632e+00 +1.8672e+00
841 +0.000000000e+00 +0.000000000e+00 -2.051000000e+01 -2.051000000e+01 -3.3632e+00 +1.8672e+00
% function evaluation | noise-free fitness - Fopt (-1.000000000000e+03) | best noise-free fitness - Fopt | measured fitness | best measured fitness | x1 | x2...
1 +1.160852800e+01 +1.160852800e+01 -9.883914720e+02 -9.883914720e+02 +0.0000e+00 +0.0000e+00
2 +8.417538246e+00 +8.417538246e+00 -9.915824618e+02 -9.915824618e+02 +3.2022e-01 +3.9600e-01
4 +2.663117213e+00 +2.663117213e+00 -9.973368828e+02 -9.973368828e+02 +1.4726e+00 +1.0715e+00
15 +2.408361191e+00 +2.408361191e+00 -9.975916388e+02 -9.975916388e+02 +9.1152e-01 +2.7948e+00
16 +1.365692045e+00 +1.365692045e+00 -9.986343080e+02 -9.986343080e+02 +3.0086e+00 +1.3990e+00
20 +9.908993271e-01 +9.908993271e-01 -9.990091007e+02 -9.990091007e+02 +1.8545e+00 +1.5812e+00
23 +5.048770935e-01 +5.048770935e-01 -9.994951229e+02 -9.994951229e+02 +1.7031e+00 +2.4011e+00
32 +3.179688715e-01 +3.179688715e-01 -9.996820311e+02 -9.996820311e+02 +2.4406e+00 +2.9680e+00
47 +3.147902889e-01 +3.147902889e-01 -9.996852097e+02 -9.996852097e+02 +2.8592e+00 +2.0639e+00
67 +3.730224388e-02 +3.730224388e-02 -9.999626978e+02 -9.999626978e+02 +2.4362e+00 +2.2130e+00
122 +5.784855748e-03 +5.784855748e-03 -9.999942151e+02 -9.999942151e+02 +2.4846e+00 +2.4321e+00
152 +4.030246804e-03 +4.030246804e-03 -9.999959698e+02 -9.999959698e+02 +2.3511e+00 +2.4161e+00
159 +1.817408751e-03 +1.817408751e-03 -9.999981826e+02 -9.999981826e+02 +2.3925e+00 +2.4419e+00
214 +1.226701700e-04 +1.226701700e-04 -9.999998773e+02 -9.999998773e+02 +2.4034e+00 +2.4006e+00
222 +1.088096600e-04 +1.088096600e-04 -9.999998912e+02 -9.999998912e+02 +2.4220e+00 +2.4110e+00
235 +1.017050042e-04 +1.017050042e-04 -9.999998983e+02 -9.999998983e+02 +2.4162e+00 +2.3950e+00
264 +4.768012116e-05 +4.768012116e-05 -9.999999523e+02 -9.999999523e+02 +2.4189e+00 +2.4093e+00
267 +1.436502430e-05 +1.436502430e-05 -9.999999856e+02 -9.999999856e+02 +2.4160e+00 +2.4019e+00
291 +4.453954830e-06 +4.453954830e-06 -9.999999955e+02 -9.999999955e+02 +2.4123e+00 +2.4032e+00
341 +9.816045576e-07 +9.816045576e-07 -9.999999990e+02 -9.999999990e+02 +2.4126e+00 +2.4051e+00
356 +5.125228881e-07 +5.125228881e-07 -9.999999995e+02 -9.999999995e+02 +2.4139e+00 +2.4041e+00
407 +2.491018449e-07 +2.491018449e-07 -9.999999998e+02 -9.999999998e+02 +2.4139e+00 +2.4052e+00
408 +1.232763225e-08 +1.232763225e-08 -1.000000000e+03 -1.000000000e+03 +2.4136e+00 +2.4049e+00
469 +6.071786629e-09 +6.071786629e-09 -1.000000000e+03 -1.000000000e+03 +2.4136e+00 +2.4049e+00
749 +0.000000000e+00 +0.000000000e+00 -1.000000000e+03 -1.000000000e+03 +2.4136e+00 +2.4048e+00
% function evaluation | noise-free fitness - Fopt (-1.730800000000e+02) | best noise-free fitness - Fopt | measured fitness | best measured fitness | x1 | x2...
1 +2.612778624e+01 +2.612778624e+01 -1.469522138e+02 -1.469522138e+02 +0.0000e+00 +0.0000e+00
2 +1.877701159e+01 +1.877701159e+01 -1.543029884e+02 -1.543029884e+02 -9.1491e-01 -2.2426e-01
3 +1.816036691e+01 +1.816036691e+01 -1.549196331e+02 -1.549196331e+02 -7.4867e-01 -4.6014e-01
5 +1.618225665e+01 +1.618225665e+01 -1.568977434e+02 -1.568977434e+02 -1.4114e+00 -2.4768e-01
12 +1.321987619e+01 +1.321987619e+01 -1.598601238e+02 -1.598601238e+02 -1.0658e+00 -1.0212e+00
14 +6.139295989e+00 +6.139295989e+00 -1.669407040e+02 -1.669407040e+02 -1.2339e+00 -2.9330e+00
22 +5.517974888e+00 +5.517974888e+00 -1.675620251e+02 -1.675620251e+02 -1.9135e+00 -1.9943e+00
30 +4.315066086e+00 +4.315066086e+00 -1.687649339e+02 -1.687649339e+02 -1.5846e+00 -3.1817e+00
36 +1.149295771e+00 +1.149295771e+00 -1.719307042e+02 -1.719307042e+02 -2.7155e+00 -4.1925e+00
47 +7.378170482e-01 +7.378170482e-01 -1.723421830e+02 -1.723421830e+02 -3.3167e+00 -2.8072e+00
49 +5.486428683e-01 +5.486428683e-01 -1.725313571e+02 -1.725313571e+02 -3.6640e+00 -2.8728e+00
62 +1.640630135e-01 +1.640630135e-01 -1.729159370e+02 -1.729159370e+02 -3.2864e+00 -3.8464e+00
82 +1.121043621e-01 +1.121043621e-01 -1.729678956e+02 -1.729678956e+02 -3.3572e+00 -3.4006e+00
84 +8.285871959e-02 +8.285871959e-02 -1.729971413e+02 -1.729971413e+02 -3.8040e+00 -3.8307e+00
110 +6.396824704e-02 +6.396824704e-02 -1.730160318e+02 -1.730160318e+02 -3.8644e+00 -3.5605e+00
157 +4.040457065e-02 +4.040457065e-02 -1.730395954e+02 -1.730395954e+02 -3.4426e+00 -3.5117e+00
172 +3.716302159e-02 +3.716302159e-02 -1.730428370e+02 -1.730428370e+02 -3.4247e+00 -3.6283e+00
179 +4.285814774e-03 +4.285814774e-03 -1.730757142e+02 -1.730757142e+02 -3.5513e+00 -3.6109e+00
190 +3.002404798e-03 +3.002404798e-03 -1.730769976e+02 -1.730769976e+02 -3.6634e+00 -3.6408e+00
230 +2.288808992e-03 +2.288808992e-03 -1.730777112e+02 -1.730777112e+02 -3.6081e+00 -3.6590e+00
236 +1.859498217e-04 +1.859498217e-04 -1.730798141e+02 -1.730798141e+02 -3.6083e+00 -3.6013e+00
267 +6.748691445e-05 +6.748691445e-05 -1.730799325e+02 -1.730799325e+02 -3.6193e+00 -3.6042e+00
288 +6.063679706e-06 +6.063679706e-06 -1.730799939e+02 -1.730799939e+02 -3.6152e+00 -3.6101e+00
315 +4.028288117e-06 +4.028288117e-06 -1.730799960e+02 -1.730799960e+02 -3.6176e+00 -3.6139e+00
332 +3.010078842e-06 +3.010078842e-06 -1.730799970e+02 -1.730799970e+02 -3.6154e+00 -3.6130e+00
335 +4.157630826e-07 +4.157630826e-07 -1.730799996e+02 -1.730799996e+02 -3.6163e+00 -3.6116e+00
402 +1.021974185e-07 +1.021974185e-07 -1.730799999e+02 -1.730799999e+02 -3.6170e+00 -3.6118e+00
408 +5.605357956e-08 +5.605357956e-08 -1.730799999e+02 -1.730799999e+02 -3.6168e+00 -3.6118e+00
412 +1.318957743e-08 +1.318957743e-08 -1.730800000e+02 -1.730800000e+02 -3.6168e+00 -3.6119e+00
459 +1.096307756e-08 +1.096307756e-08 -1.730800000e+02 -1.730800000e+02 -3.6169e+00 -3.6120e+00
463 +8.858336287e-09 +8.858336287e-09 -1.730800000e+02 -1.730800000e+02 -3.6167e+00 -3.6121e+00
832 +0.000000000e+00 +0.000000000e+00 -1.730800000e+02 -1.730800000e+02 -3.6168e+00 -3.6120e+00
% function evaluation | noise-free fitness - Fopt (5.309000000000e+01) | best noise-free fitness - Fopt | measured fitness | best measured fitness | x1 | x2...
1 +1.472637760e+01 +1.472637760e+01 +6.781637760e+01 +6.781637760e+01 +0.0000e+00 +0.0000e+00
2 +6.383653768e+00 +6.383653768e+00 +5.947365377e+01 +5.947365377e+01 -1.2705e+00 -1.0203e+00
13 +5.375523742e+00 +5.375523742e+00 +5.846552374e+01 +5.846552374e+01 +5.9987e-01 -2.5278e+00
15 +4.229587720e+00 +4.229587720e+00 +5.731958772e+01 +5.731958772e+01 -1.4675e+00 -1.4811e+00
20 +1.081898250e-01 +1.081898250e-01 +5.319818982e+01 +5.319818982e+01 -1.7384e+00 -3.3253e+00
54 +9.986667170e-02 +9.986667170e-02 +5.318986667e+01 +5.318986667e+01 -1.4479e+00 -3.8512e+00
70 +3.619774633e-02 +3.619774633e-02 +5.312619775e+01 +5.312619775e+01 -1.6478e+00 -3.6396e+00
94 +1.593590208e-02 +1.593590208e-02 +5.310593590e+01 +5.310593590e+01 -1.4159e+00 -3.6418e+00
110 +1.022373686e-02 +1.022373686e-02 +5.310022374e+01 +5.310022374e+01 -1.4964e+00 -3.4369e+00
127 +6.034748932e-03 +6.034748932e-03 +5.309603475e+01 +5.309603475e+01 -1.4730e+00 -3.4612e+00
180 +4.925177704e-03 +4.925177704e-03 +5.309492518e+01 +5.309492518e+01 -1.5164e+00 -3.6014e+00
189 +3.434120193e-03 +3.434120193e-03 +5.309343412e+01 +5.309343412e+01 -1.5312e+00 -3.4989e+00
197 +2.021065943e-03 +2.021065943e-03 +5.309202107e+01 +5.309202107e+01 -1.5251e+00 -3.5134e+00
204 +1.836217978e-03 +1.836217978e-03 +5.309183622e+01 +5.309183622e+01 -1.4586e+00 -3.5695e+00
221 +6.473699354e-04 +6.473699354e-04 +5.309064737e+01 +5.309064737e+01 -1.4654e+00 -3.5507e+00
227 +2.337443429e-04 +2.337443429e-04 +5.309023374e+01 +5.309023374e+01 -1.4719e+00 -3.5387e+00
240 +1.898515242e-04 +1.898515242e-04 +5.309018985e+01 +5.309018985e+01 -1.4788e+00 -3.5267e+00
243 +1.184926940e-04 +1.184926940e-04 +5.309011849e+01 +5.309011849e+01 -1.4794e+00 -3.5452e+00
281 +1.121811936e-04 +1.121811936e-04 +5.309011218e+01 +5.309011218e+01 -1.4896e+00 -3.5479e+00
282 +4.336526226e-05 +4.336526226e-05 +5.309004337e+01 +5.309004337e+01 -1.4887e+00 -3.5440e+00
291 +2.549953953e-05 +2.549953953e-05 +5.309002550e+01 +5.309002550e+01 -1.4822e+00 -3.5367e+00
319 +1.016396582e-05 +1.016396582e-05 +5.309001016e+01 +5.309001016e+01 -1.4902e+00 -3.5386e+00
331 +8.627449169e-06 +8.627449169e-06 +5.309000863e+01 +5.309000863e+01 -1.4851e+00 -3.5396e+00
347 +5.838174403e-06 +5.838174403e-06 +5.309000584e+01 +5.309000584e+01 -1.4848e+00 -3.5379e+00
358 +2.827237530e-06 +2.827237530e-06 +5.309000283e+01 +5.309000283e+01 -1.4868e+00 -3.5360e+00
374 +9.395850995e-07 +9.395850995e-07 +5.309000094e+01 +5.309000094e+01 -1.4877e+00 -3.5368e+00
386 +4.209361180e-07 +4.209361180e-07 +5.309000042e+01 +5.309000042e+01 -1.4872e+00 -3.5370e+00
402 +2.043782388e-08 +2.043782388e-08 +5.309000002e+01 +5.309000002e+01 -1.4873e+00 -3.5375e+00
457 +2.001812049e-09 +2.001812049e-09 +5.309000000e+01 +5.309000000e+01 -1.4872e+00 -3.5376e+00
937 +0.000000000e+00 +0.000000000e+00 +5.309000000e+01 +5.309000000e+01 -1.4872e+00 -3.5376e+00
