% function evaluation | noise-free fitness - Fopt (-4.620900000000e+02) | best noise-free fitness - Fopt | measured fitness | best measured fitness | x1 | x2...
1 +1.270868857e+02 +1.270868857e+02 -3.350031143e+02 -3.350031143e+02 +0.0000e+00 +0.0000e+00 +0.0000e+00 +0.0000e+00 +0.0000e+00
2 +1.040315116e+02 +1.040315116e+02 -3.580584884e+02 -3.580584884e+02 -1.0291e+00 +7.6166e-01 -1.4022e-01 +1.6399e+00 +4.9496e-02
9 +9.672300017e+01 +9.672300017e+01 -3.653669998e+02 -3.653669998e+02 +1.2326e+00 -7.5791e-01 +6.5231e-01 +1.0772e+00 +8.1262e-01
16 +5.572723232e+01 +5.572723232e+01 -4.063627677e+02 -4.063627677e+02 -3.9470e-01 +1.5874e-01 +6.4505e-01 +2.1751e-01 +2.1481e+00
32 +3.870139531e+01 +3.870139531e+01 -4.233886047e+02 -4.233886047e+02 -1.0518e+00 +8.4955e-01 +6.3050e-01 +2.9229e-01 +1.9832e+00
138 +2.536443596e+01 +2.536443596e+01 -4.367255640e+02 -4.367255640e+02 -1.4861e+00 +1.4045e+00 +1.1253e+00 +6.7025e-01 +1.6043e+00
169 +2.423064419e+01 +2.423064419e+01 -4.378593558e+02 -4.378593558e+02 -2.1894e+00 +1.3181e+00 +1.0987e+00 +7.2571e-01 +2.3117e+00
174 +2.067450113e+01 +2.067450113e+01 -4.414154989e+02 -4.414154989e+02 -2.5462e+00 +9.2726e-01 +1.1600e+00 +7.2215e-01 +2.9310e+00
403 +1.365003964e+01 +1.365003964e+01 -4.484399604e+02 -4.484399604e+02 -4.2933e+00 +2.4215e+00 +2.7714e+00 +7.7872e-01 +2.6848e+00
420 +1.080568876e+01 +1.080568876e+01 -4.512843112e+02 -4.512843112e+02 -4.2328e+00 +2.3038e+00 +2.7214e+00 +6.9072e-01 +2.6638e+00
465 +8.946985350e+00 +8.946985350e+00 -4.531430146e+02 -4.531430146e+02 -4.3291e+00 +2.3229e+00 +2.7761e+00 +6.9758e-01 +2.7044e+00
468 +8.566922738e+00 +8.566922738e+00 -4.535230773e+02 -4.535230773e+02 -4.3293e+00 +2.3274e+00 +2.7334e+00 +7.1140e-01 +2.6907e+00
490 +7.915790508e+00 +7.915790508e+00 -4.541742095e+02 -4.541742095e+02 -4.3080e+00 +2.3275e+00 +2.7308e+00 +7.2598e-01 +2.6688e+00
493 +7.290300006e+00 +7.290300006e+00 -4.547997000e+02 -4.547997000e+02 -4.3099e+00 +2.3428e+00 +2.7713e+00 +7.0719e-01 +2.6721e+00
497 +7.219213516e+00 +7.219213516e+00 -4.548707865e+02 -4.548707865e+02 -4.3392e+00 +2.3365e+00 +2.7467e+00 +7.1667e-01 +2.6789e+00
498 +6.676968014e+00 +6.676968014e+00 -4.554130320e+02 -4.554130320e+02 -4.2708e+00 +2.3021e+00 +2.7552e+00 +7.0925e-01 +2.6781e+00
506 +6.352272526e+00 +6.352272526e+00 -4.557377275e+02 -4.557377275e+02 -4.2699e+00 +2.3044e+00 +2.7493e+00 +7.2105e-01 +2.6591e+00
533 +6.139147284e+00 +6.139147284e+00 -4.559508527e+02 -4.559508527e+02 -4.2651e+00 +2.2947e+00 +2.7631e+00 +7.2068e-01 +2.6573e+00
598 +6.019758458e+00 +6.019758458e+00 -4.560702415e+02 -4.560702415e+02 -4.2962e+00 +2.2897e+00 +2.7597e+00 +7.2866e-01 +2.6644e+00
65344 +5.631609929e+00 +5.631609929e+00 -4.564583901e+02 -4.564583901e+02 -3.3433e+00 +1.5205e+00 +1.6291e+00 +1.2088e+00 +1.9890e+00
65370 +5.574526858e+00 +5.574526858e+00 -4.565154731e+02 -4.565154731e+02 -3.3235e+00 +1.4915e+00 +1.6487e+00 +1.1867e+00 +1.9876e+00
65371 +5.201020940e+00 +5.201020940e+00 -4.568889791e+02 -4.568889791e+02 -3.3286e+00 +1.4869e+00 +1.6366e+00 +1.1950e+00 +1.9850e+00
65419 +4.996274288e+00 +4.996274288e+00 -4.570937257e+02 -4.570937257e+02 -3.3348e+00 +1.4992e+00 +1.6165e+00 +1.1952e+00 +1.9888e+00
% function evaluation | noise-free fitness - Fopt (7.766000000000e+01) | best noise-free fitness - Fopt | measured fitness | best measured fitness | x1 | x2...
1 +2.502431191e+02 +2.502431191e+02 +3.279031191e+02 +3.279031191e+02 +0.0000e+00 +0.0000e+00 +0.0000e+00 +0.0000e+00 +0.0000e+00
2 +2.255936541e+02 +2.255936541e+02 +3.032536541e+02 +3.032536541e+02 -1.5490e+00 -6.9402e-01 +2.4840e-01 -2.2879e+00 -1.6946e+00
4 +1.200760130e+02 +1.200760130e+02 +1.977360130e+02 +1.977360130e+02 +2.2918e-01 -6.2579e-01 +4.4368e-02 +1.8353e-04 -2.3989e+00
14 +6.068586505e+01 +6.068586505e+01 +1.383458650e+02 +1.383458650e+02 -1.7137e+00 +1.1388e+00 -1.9069e+00 +1.8571e+00 -2.0770e+00
80 +5.918839870e+01 +5.918839870e+01 +1.368483987e+02 +1.368483987e+02 -5.7781e-01 +1.9321e+00 -6.6273e-01 +2.8747e+00 -1.6018e+00
85 +5.804709829e+01 +5.804709829e+01 +1.357070983e+02 +1.357070983e+02 -3.5189e-03 +1.7915e+00 +4.8307e-01 +4.2702e+00 -1.8527e+00
94 +5.543520404e+01 +5.543520404e+01 +1.330952040e+02 +1.330952040e+02 +4.3037e-01 +1.2396e+00 -2.2948e-01 +4.5800e+00 -2.0236e+00
116 +4.844410345e+01 +4.844410345e+01 +1.261041035e+02 +1.261041035e+02 -1.3076e+00 +8.0832e-01 -2.7745e+00 +2.8454e+00 -2.7793e+00
121 +3.725766888e+01 +3.725766888e+01 +1.149176689e+02 +1.149176689e+02 -6.6766e-01 +1.2762e+00 -1.3798e+00 +3.6920e+00 -2.1086e+00
214 +2.790408893e+01 +2.790408893e+01 +1.055640889e+02 +1.055640889e+02 -6.4944e-01 +6.0076e-01 -1.4948e-01 +3.3085e+00 -2.7620e+00
350 +2.376433380e+01 +2.376433380e+01 +1.014243338e+02 +1.014243338e+02 -5.1051e-01 +6.4718e-01 -7.5267e-01 +3.7644e+00 -2.7582e+00
467 +1.972917279e+01 +1.972917279e+01 +9.738917279e+01 +9.738917279e+01 -6.5699e-01 +7.7968e-01 -7.0036e-01 +3.7687e+00 -2.7929e+00
483 +1.929176769e+01 +1.929176769e+01 +9.695176769e+01 +9.695176769e+01 -7.0777e-01 +7.3351e-01 -6.9424e-01 +3.7797e+00 -2.7539e+00
502 +1.877722329e+01 +1.877722329e+01 +9.643722329e+01 +9.643722329e+01 -7.0467e-01 +7.3417e-01 -7.1950e-01 +3.7718e+00 -2.7516e+00
509 +1.825164010e+01 +1.825164010e+01 +9.591164010e+01 +9.591164010e+01 -6.5194e-01 +7.1208e-01 -7.1341e-01 +3.7644e+00 -2.7568e+00
516 +1.722307537e+01 +1.722307537e+01 +9.488307537e+01 +9.488307537e+01 -6.4882e-01 +7.0606e-01 -7.2626e-01 +3.7741e+00 -2.7583e+00
525 +1.691561894e+01 +1.691561894e+01 +9.457561894e+01 +9.457561894e+01 -6.3386e-01 +7.5489e-01 -7.3597e-01 +3.8008e+00 -2.7785e+00
557 +1.602140029e+01 +1.602140029e+01 +9.368140029e+01 +9.368140029e+01 -6.6763e-01 +7.0966e-01 -7.2472e-01 +3.7917e+00 -2.7699e+00
61735 +1.342260308e+01 +1.342260308e+01 +9.108260308e+01 +9.108260308e+01 +2.6076e+00 -5.7532e-02 -7.5719e-01 +2.9233e+00 -2.4834e+00
61775 +1.303834230e+01 +1.303834230e+01 +9.069834230e+01 +9.069834230e+01 +2.6092e+00 -1.0823e-02 -6.8420e-01 +2.9282e+00 -2.4530e+00
61777 +1.232596621e+01 +1.232596621e+01 +8.998596621e+01 +8.998596621e+01 +2.4435e+00 -1.9956e-02 -6.1408e-01 +2.9391e+00 -2.4328e+00
61782 +9.581890430e+00 +9.581890430e+00 +8.724189043e+01 +8.724189043e+01 +2.5359e+00 +4.8241e-02 -7.0503e-01 +2.9253e+00 -2.4510e+00
61802 +8.042659329e+00 +8.042659329e+00 +8.570265933e+01 +8.570265933e+01 +2.5237e+00 -5.9895e-02 -7.4047e-01 +2.8942e+00 -2.4395e+00
61805 +7.921447177e+00 +7.921447177e+00 +8.558144718e+01 +8.558144718e+01 +2.4266e+00 -1.2346e-01 -6.9809e-01 +2.8959e+00 -2.4994e+00
61808 +4.114014814e+00 +4.114014814e+00 +8.177401481e+01 +8.177401481e+01 +2.4585e+00 -3.8769e-02 -7.1493e-01 +2.9006e+00 -2.4666e+00
61814 +3.958303683e+00 +3.958303683e+00 +8.161830368e+01 +8.161830368e+01 +2.4027e+00 -5.4320e-02 -7.3611e-01 +2.8974e+00 -2.4522e+00
61896 +3.709479128e+00 +3.709479128e+00 +8.136947913e+01 +8.136947913e+01 +2.4279e+00 +3.4361e-03 -7.1278e-01 +2.9194e+00 -2.4568e+00
61904 +3.384799097e+00 +3.384799097e+00 +8.104479910e+01 +8.104479910e+01 +2.4266e+00 -2.2459e-03 -7.2739e-01 +2.9180e+00 -2.4585e+00
61923 +3.139564453e+00 +3.139564453e+00 +8.079956445e+01 +8.079956445e+01 +2.3829e+00 -1.6139e-02 -7.1785e-01 +2.9114e+00 -2.4648e+00
61963 +3.084610080e+00 +3.084610080e+00 +8.074461008e+01 +8.074461008e+01 +2.4179e+00 -1.6583e-02 -7.2484e-01 +2.9191e+00 -2.4650e+00
61976 +3.019822203e+00 +3.019822203e+00 +8.067982220e+01 +8.067982220e+01 +2.3982e+00 -1.9127e-02 -7.2074e-01 +2.9192e+00 -2.4632e+00
% function evaluation | noise-free fitness - Fopt (1.156800000000e+02) | best noise-free fitness - Fopt | measured fitness | best measured fitness | x1 | x2...
1 +4.301878994e+02 +4.301878994e+02 +5.458678994e+02 +5.458678994e+02 +0.0000e+00 +0.0000e+00 +0.0000e+00 +0.0000e+00 +0.0000e+00
3 +1.941023847e+02 +1.941023847e+02 +3.097823847e+02 +3.097823847e+02 +1.6150e+00 -4.4916e-01 +7.7094e-01 -9.2704e-01 -1.8731e+00
18 +7.618737631e+01 +7.618737631e+01 +1.918673763e+02 +1.918673763e+02 +4.9030e-01 -1.0040e+00 -2.7574e-01 +1.2653e-02 -3.9032e+00
22 +7.210188395e+01 +7.210188395e+01 +1.877818840e+02 +1.877818840e+02 +1.8330e+00 -5.1058e-01 -8.5438e-01 +1.4018e+00 -4.3139e+00
56 +4.819153814e+01 +4.819153814e+01 +1.638715381e+02 +1.638715381e+02 +4.6784e-01 -1.6234e+00 +9.0045e-02 +2.6230e+00 -3.8714e+00
141 +4.422624802e+01 +4.422624802e+01 +1.599062480e+02 +1.599062480e+02 +2.7932e+00 -1.0846e+00 -3.5599e-01 +2.1926e+00 -3.1503e+00
239 +4.213090451e+01 +4.213090451e+01 +1.578109045e+02 +1.578109045e+02 +2.6914e+00 -9.7118e-01 +8.5538e-01 +2.7373e+00 -4.3012e+00
283 +3.518712389e+01 +3.518712389e+01 +1.508671239e+02 +1.508671239e+02 +2.7872e+00 -9.9806e-01 +8.2025e-01 +2.6563e+00 -3.8676e+00
313 +3.362441310e+01 +3.362441310e+01 +1.493044131e+02 +1.493044131e+02 +2.7116e+00 -9.4480e-01 +7.8839e-01 +2.6611e+00 -3.9421e+00
373 +2.964558398e+01 +2.964558398e+01 +1.453255840e+02 +1.453255840e+02 +2.9422e+00 -9.7306e-01 +7.9299e-01 +2.6894e+00 -3.9029e+00
402 +2.865232794e+01 +2.865232794e+01 +1.443323279e+02 +1.443323279e+02 +2.8330e+00 -1.0066e+00 +7.8670e-01 +2.6920e+00 -3.9264e+00
550 +2.808793731e+01 +2.808793731e+01 +1.437679373e+02 +1.437679373e+02 +2.8348e+00 -9.8740e-01 +7.8500e-01 +2.6800e+00 -3.9102e+00
57413 +2.503200620e+01 +2.503200620e+01 +1.407120062e+02 +1.407120062e+02 -1.1870e+00 -1.6433e+00 +1.4047e-01 +3.0307e+00 -4.2339e+00
57460 +2.030953106e+01 +2.030953106e+01 +1.359895311e+02 +1.359895311e+02 -2.1237e+00 -1.6568e+00 +3.4646e-01 +2.5830e+00 -3.5909e+00
57526 +1.751766234e+01 +1.751766234e+01 +1.331976623e+02 +1.331976623e+02 -2.3431e+00 -9.1941e-01 -8.9961e-01 +3.0622e+00 -3.9297e+00
57828 +1.626969757e+01 +1.626969757e+01 +1.319496976e+02 +1.319496976e+02 -2.2550e+00 -1.7631e+00 +1.9567e+00 +2.6868e+00 -4.2857e+00
57841 +1.607828286e+01 +1.607828286e+01 +1.317582829e+02 +1.317582829e+02 -2.2308e+00 -1.8083e+00 +1.9546e+00 +2.6992e+00 -4.2892e+00
57855 +1.582965357e+01 +1.582965357e+01 +1.315096536e+02 +1.315096536e+02 -2.1897e+00 -1.8096e+00 +1.9876e+00 +2.6805e+00 -4.2884e+00
57865 +1.524293585e+01 +1.524293585e+01 +1.309229359e+02 +1.309229359e+02 -2.1832e+00 -1.8115e+00 +1.9648e+00 +2.6817e+00 -4.2855e+00
57870 +1.506730774e+01 +1.506730774e+01 +1.307473077e+02 +1.307473077e+02 -2.1629e+00 -1.7917e+00 +1.9708e+00 +2.6832e+00 -4.2869e+00
146586 +1.474913735e+01 +1.474913735e+01 +1.304291374e+02 +1.304291374e+02 +7.2638e-01 -9.5512e-01 -3.5610e-01 +2.6514e+00 -3.2422e+00
146589 +1.430276995e+01 +1.430276995e+01 +1.299827700e+02 +1.299827700e+02 +7.4423e-01 -1.0036e+00 -3.4070e-01 +2.6837e+00 -3.2066e+00
146591 +1.390749131e+01 +1.390749131e+01 +1.295874913e+02 +1.295874913e+02 +7.5486e-01 -9.9405e-01 -3.5124e-01 +2.7078e+00 -3.2558e+00
146631 +1.323980922e+01 +1.323980922e+01 +1.289198092e+02 +1.289198092e+02 +7.8651e-01 -9.8102e-01 -3.7317e-01 +2.6968e+00 -3.2661e+00
146637 +1.302350010e+01 +1.302350010e+01 +1.287035001e+02 +1.287035001e+02 +7.7802e-01 -9.8911e-01 -3.3784e-01 +2.6922e+00 -3.2257e+00
146654 +1.288034744e+01 +1.288034744e+01 +1.285603474e+02 +1.285603474e+02 +8.1312e-01 -9.4580e-01 -3.6030e-01 +2.6949e+00 -3.2552e+00
146672 +1.256353087e+01 +1.256353087e+01 +1.282435309e+02 +1.282435309e+02 +8.0100e-01 -9.7045e-01 -3.5119e-01 +2.6708e+00 -3.2355e+00
146702 +1.229370828e+01 +1.229370828e+01 +1.279737083e+02 +1.279737083e+02 +8.2806e-01 -9.8475e-01 -3.6163e-01 +2.6687e+00 -3.2477e+00
146777 +1.195417131e+01 +1.195417131e+01 +1.276341713e+02 +1.276341713e+02 +8.6347e-01 -9.7900e-01 -3.5347e-01 +2.6843e+00 -3.2438e+00
% function evaluation | noise-free fitness - Fopt (-3.710000000000e+00) | best noise-free fitness - Fopt | measured fitness | best measured fitness | x1 | x2...
1 +2.700190966e+02 +2.700190966e+02 +2.663090966e+02 +2.663090966e+02 +0.0000e+00 +0.0000e+00 +0.0000e+00 +0.0000e+00 +0.0000e+00
2 +2.218008326e+02 +2.218008326e+02 +2.180908326e+02 +2.180908326e+02 -2.2829e+00 -8.8009e-01 -7.9130e-01 +2.2666e+00 -3.3960e-01
5 +1.865962529e+02 +1.865962529e+02 +1.828862529e+02 +1.828862529e+02 -7.0766e-01 -1.3729e+00 +6.0373e-01 +2.8179e+00 -2.6436e-01
17 +1.809397737e+02 +1.809397737e+02 +1.772297737e+02 +1.772297737e+02 +7.3737e-02 -6.6430e-01 -8.0250e-01 +1.4456e+00 +2.3341e-01
18 +1.503620710e+02 +1.503620710e+02 +1.466520710e+02 +1.466520710e+02 +1.7516e+00 -1.1244e+00 -8.4880e-01 +1.7146e+00 +1.4461e+00
20 +8.894394769e+01 +8.894394769e+01 +8.523394769e+01 +8.523394769e+01 +8.4547e-01 -9.6000e-01 -3.4078e-01 +3.4018e+00 +1.2867e+00
24 +7.310092508e+01 +7.310092508e+01 +6.939092508e+01 +6.939092508e+01 +1.5209e+00 -2.1947e+00 +8.5323e-03 +3.6247e+00 +2.3768e+00
30 +5.932311728e+01 +5.932311728e+01 +5.561311728e+01 +5.561311728e+01 +1.0119e+00 -1.5941e+00 +5.8103e-01 +4.5446e+00 +2.7715e+00
42 +5.606484551e+01 +5.606484551e+01 +5.235484551e+01 +5.235484551e+01 +1.0060e+00 -1.4279e+00 +1.7870e+00 +3.7145e+00 +4.7283e+00
61 +4.292259679e+01 +4.292259679e+01 +3.921259679e+01 +3.921259679e+01 +2.1300e+00 -9.0604e-01 +2.4469e+00 +4.4231e+00 +4.0160e+00
77 +3.285506226e+01 +3.285506226e+01 +2.914506226e+01 +2.914506226e+01 +1.9504e+00 -1.4573e+00 +1.0921e+00 +4.7490e+00 +2.8726e+00
145 +2.596377223e+01 +2.596377223e+01 +2.225377223e+01 +2.225377223e+01 +1.3474e-01 -2.4281e+00 +1.1129e+00 +4.3405e+00 +3.1121e+00
228 +2.135739675e+01 +2.135739675e+01 +1.764739675e+01 +1.764739675e+01 -2.9785e-02 -2.1575e+00 +1.2099e+00 +3.5184e+00 +3.4690e+00
244 +1.692737333e+01 +1.692737333e+01 +1.321737333e+01 +1.321737333e+01 -4.8194e-02 -2.3477e+00 +1.1630e+00 +3.5134e+00 +3.4843e+00
258 +1.443258809e+01 +1.443258809e+01 +1.072258809e+01 +1.072258809e+01 +1.2106e-02 -2.2453e+00 +1.1946e+00 +3.4756e+00 +3.5242e+00
289 +1.305263135e+01 +1.305263135e+01 +9.342631354e+00 +9.342631354e+00 +9.8532e-02 -2.2947e+00 +1.2101e+00 +3.4925e+00 +3.5459e+00
300 +1.281280800e+01 +1.281280800e+01 +9.102808004e+00 +9.102808004e+00 +1.0576e-01 -2.2873e+00 +1.2011e+00 +3.5191e+00 +3.5326e+00
313 +1.215948610e+01 +1.215948610e+01 +8.449486101e+00 +8.449486101e+00 +8.9139e-02 -2.2983e+00 +1.1960e+00 +3.4943e+00 +3.5121e+00
412 +1.199776231e+01 +1.199776231e+01 +8.287762306e+00 +8.287762306e+00 +7.4637e-02 -2.2902e+00 +1.1787e+00 +3.5014e+00 +3.5183e+00
58025 +1.171676924e+01 +1.171676924e+01 +8.006769236e+00 +8.006769236e+00 +2.1184e+00 -8.8780e-01 +2.8405e+00 +3.4973e+00 +2.8471e+00
58062 +1.147015976e+01 +1.147015976e+01 +7.760159759e+00 +7.760159759e+00 +2.1138e+00 -8.4407e-01 +2.8417e+00 +3.5003e+00 +2.8467e+00
58078 +1.121782084e+01 +1.121782084e+01 +7.507820842e+00 +7.507820842e+00 +2.1101e+00 -7.9100e-01 +2.8403e+00 +3.5044e+00 +2.8474e+00
58175 +1.095724553e+01 +1.095724553e+01 +7.247245535e+00 +7.247245535e+00 +2.1229e+00 -7.5220e-01 +2.8412e+00 +3.5036e+00 +2.8430e+00
151969 +8.223547790e+00 +8.223547790e+00 +4.513547790e+00 +4.513547790e+00 +3.2673e+00 -1.4236e+00 +2.3320e+00 +3.4862e+00 +3.1348e+00
152014 +5.331327438e+00 +5.331327438e+00 +1.621327438e+00 +1.621327438e+00 +3.1870e+00 -1.4914e+00 +2.3302e+00 +3.4626e+00 +3.1493e+00
152016 +4.344489927e+00 +4.344489927e+00 +6.344899274e-01 +6.344899274e-01 +3.1720e+00 -1.4607e+00 +2.3490e+00 +3.4999e+00 +3.1416e+00
152022 +3.972972856e+00 +3.972972856e+00 +2.629728561e-01 +2.629728561e-01 +3.1742e+00 -1.4932e+00 +2.3325e+00 +3.4925e+00 +3.1490e+00
152028 +3.813240155e+00 +3.813240155e+00 +1.032401550e-01 +1.032401550e-01 +3.1007e+00 -1.4651e+00 +2.3390e+00 +3.5280e+00 +3.1559e+00
152070 +3.414330685e+00 +3.414330685e+00 -2.956693151e-01 -2.956693151e-01 +3.1404e+00 -1.4922e+00 +2.3275e+00 +3.4898e+00 +3.1537e+00
152077 +3.122666685e+00 +3.122666685e+00 -5.873333151e-01 -5.873333151e-01 +3.1198e+00 -1.4880e+00 +2.3342e+00 +3.5006e+00 +3.1541e+00
152115 +3.077208395e+00 +3.077208395e+00 -6.327916054e-01 -6.327916054e-01 +3.1315e+00 -1.4762e+00 +2.3272e+00 +3.5057e+00 +3.1538e+00
152198 +3.017183895e+00 +3.017183895e+00 -6.928161052e-01 -6.928161052e-01 +3.1208e+00 -1.4680e+00 +2.3346e+00 +3.5010e+00 +3.1514e+00
% function evaluation | noise-free fitness - Fopt (1.321800000000e+02) | best noise-free fitness - Fopt | measured fitness | best measured fitness | x1 | x2...
1 +2.589751285e+02 +2.589751285e+02 +3.911551285e+02 +3.911551285e+02 +0.0000e+00 +0.0000e+00 +0.0000e+00 +0.0000e+00 +0.0000e+00
13 +1.289057356e+02 +1.289057356e+02 +2.610857356e+02 +2.610857356e+02 +1.4189e+00 +1.6824e+00 +1.7681e-01 -8.3791e-01 -1.2417e+00
24 +1.161795360e+02 +1.161795360e+02 +2.483595360e+02 +2.483595360e+02 +1.9660e+00 +3.3162e+00 +5.8183e-01 -2.7249e-01 -1.7573e+00
33 +1.015635841e+02 +1.015635841e+02 +2.337435841e+02 +2.337435841e+02 +1.1131e+00 +3.1966e+00 +9.6811e-01 -9.2100e-02 -2.4863e+00
40 +9.904862228e+01 +9.904862228e+01 +2.312286223e+02 +2.312286223e+02 +1.3177e+00 +3.1456e+00 +1.5359e+00 -9.7764e-01 -1.6627e+00
43 +7.587970729e+01 +7.587970729e+01 +2.080597073e+02 +2.080597073e+02 +5.0895e-01 +2.2890e+00 +1.1678e+00 -1.2912e+00 -1.7512e+00
55 +6.935769930e+01 +6.935769930e+01 +2.015376993e+02 +2.015376993e+02 -5.2253e-01 +3.0292e+00 +5.7017e-01 -2.1597e+00 -3.1356e+00
67 +5.219087557e+01 +5.219087557e+01 +1.843708756e+02 +1.843708756e+02 +2.5237e-01 +2.2789e+00 +1.9248e+00 -1.3518e+00 -2.1853e+00
87 +4.138493238e+01 +4.138493238e+01 +1.735649324e+02 +1.735649324e+02 -3.9928e-01 +4.0622e+00 +3.4767e+00 -1.9548e+00 -2.5227e+00
212 +3.859480765e+01 +3.859480765e+01 +1.707748077e+02 +1.707748077e+02 -6.3208e-01 +2.0911e+00 +3.0254e+00 -1.5611e+00 -1.9256e+00
213 +2.050455434e+01 +2.050455434e+01 +1.526845543e+02 +1.526845543e+02 -8.8706e-01 +2.3121e+00 +2.8267e+00 -1.9348e+00 -1.8018e+00
276 +1.738811704e+01 +1.738811704e+01 +1.495681170e+02 +1.495681170e+02 -7.3557e-01 +1.4292e+00 +3.4342e+00 -1.9353e+00 -1.7941e+00
290 +1.609649852e+01 +1.609649852e+01 +1.482764985e+02 +1.482764985e+02 -7.2975e-01 +1.5456e+00 +3.5210e+00 -1.9690e+00 -1.8653e+00
353 +1.573651628e+01 +1.573651628e+01 +1.479165163e+02 +1.479165163e+02 -7.5741e-01 +1.4696e+00 +3.4251e+00 -1.9621e+00 -1.8119e+00
357 +1.494080819e+01 +1.494080819e+01 +1.471208082e+02 +1.471208082e+02 -7.4416e-01 +1.4586e+00 +3.4882e+00 -1.9844e+00 -1.8344e+00
365 +1.379182094e+01 +1.379182094e+01 +1.459718209e+02 +1.459718209e+02 -7.3877e-01 +1.4810e+00 +3.4359e+00 -1.9523e+00 -1.8825e+00
421 +1.331608537e+01 +1.331608537e+01 +1.454960854e+02 +1.454960854e+02 -7.4196e-01 +1.4759e+00 +3.4426e+00 -1.9726e+00 -1.8755e+00
443 +1.301071009e+01 +1.301071009e+01 +1.451907101e+02 +1.451907101e+02 -7.3006e-01 +1.4746e+00 +3.4654e+00 -1.9704e+00 -1.8726e+00
58026 +1.138380770e+01 +1.138380770e+01 +1.435638077e+02 +1.435638077e+02 -3.7141e+00 +2.3953e+00 +2.8839e+00 -1.5115e+00 -3.1848e+00
58193 +1.106688129e+01 +1.106688129e+01 +1.432468813e+02 +1.432468813e+02 -3.8473e+00 +2.3681e+00 +2.8569e+00 -1.5225e+00 -3.1599e+00
58200 +1.057539422e+01 +1.057539422e+01 +1.427553942e+02 +1.427553942e+02 -3.8501e+00 +2.2800e+00 +2.9289e+00 -1.5206e+00 -3.1819e+00
58211 +8.780378045e+00 +8.780378045e+00 +1.409603780e+02 +1.409603780e+02 -3.8437e+00 +2.2951e+00 +2.8825e+00 -1.5074e+00 -3.1625e+00
58214 +8.573686590e+00 +8.573686590e+00 +1.407536866e+02 +1.407536866e+02 -3.8196e+00 +2.2719e+00 +2.8941e+00 -1.5122e+00 -3.1804e+00
58235 +8.324053833e+00 +8.324053833e+00 +1.405040538e+02 +1.405040538e+02 -3.7891e+00 +2.2564e+00 +2.8833e+00 -1.4936e+00 -3.1564e+00
58245 +7.870727476e+00 +7.870727476e+00 +1.400507275e+02 +1.400507275e+02 -3.7710e+00 +2.2742e+00 +2.8976e+00 -1.5085e+00 -3.1846e+00
58276 +7.577674107e+00 +7.577674107e+00 +1.397576741e+02 +1.397576741e+02 -3.7720e+00 +2.2685e+00 +2.8688e+00 -1.5022e+00 -3.1913e+00
58310 +7.310466527e+00 +7.310466527e+00 +1.394904665e+02 +1.394904665e+02 -3.7642e+00 +2.2719e+00 +2.8732e+00 -1.5009e+00 -3.1814e+00
58322 +7.207545472e+00 +7.207545472e+00 +1.393875455e+02 +1.393875455e+02 -3.7625e+00 +2.2801e+00 +2.8703e+00 -1.5000e+00 -3.1767e+00
58403 +7.067855766e+00 +7.067855766e+00 +1.392478558e+02 +1.392478558e+02 -3.7626e+00 +2.2983e+00 +2.8723e+00 -1.5003e+00 -3.1778e+00
120343 +6.482100355e+00 +6.482100355e+00 +1.386621004e+02 +1.386621004e+02 -4.7661e+00 +6.7187e-01 +4.0236e+00 -2.4245e+00 -2.4935e+00
120344 +6.446652452e+00 +6.446652452e+00 +1.386266525e+02 +1.386266525e+02 -4.7872e+00 +6.6147e-01 +4.0209e+00 -2.4139e+00 -2.4752e+00
120347 +5.169281932e+00 +5.169281932e+00 +1.373492819e+02 +1.373492819e+02 -4.7439e+00 +6.6451e-01 +4.0201e+00 -2.4024e+00 -2.4873e+00
120355 +4.974173232e+00 +4.974173232e+00 +1.371541732e+02 +1.371541732e+02 -4.7779e+00 +6.6064e-01 +4.0110e+00 -2.3908e+00 -2.4750e+00
120381 +4.192793091e+00 +4.192793091e+00 +1.363727931e+02 +1.363727931e+02 -4.7650e+00 +6.6383e-01 +4.0112e+00 -2.3819e+00 -2.4957e+00
120404 +4.044996972e+00 +4.044996972e+00 +1.362249970e+02 +1.362249970e+02 -4.7589e+00 +6.8708e-01 +4.0075e+00 -2.3717e+00 -2.4888e+00
120587 +3.980771154e+00 +3.980771154e+00 +1.361607712e+02 +1.361607712e+02 -4.7606e+00 +6.7754e-01 +4.0103e+00 -2.3728e+00 -2.4921e+00
% function evaluation | noise-free fitness - Fopt (6.438000000000e+01) | best noise-free fitness - Fopt | measured fitness | best measured fitness | x1 | x2...
1 +5.843451833e+02 +5.843451833e+02 +6.487251833e+02 +6.487251833e+02 +0.0000e+00 +0.0000e+00 +0.0000e+00 +0.0000e+00 +0.0000e+00
5 +5.673755026e+02 +5.673755026e+02 +6.317555026e+02 +6.317555026e+02 +8.8789e-01 +8.3932e-01 +5.2606e-01 -6.4740e-02 -1.7274e-02
7 +4.327935691e+02 +4.327935691e+02 +4.971735691e+02 +4.971735691e+02 -1.4604e+00 -2.1587e+00 +9.6659e-01 -1.1206e+00 -5.0207e-01
11 +3.729743514e+02 +3.729743514e+02 +4.373543514e+02 +4.373543514e+02 +3.0617e-01 -1.4269e+00 +1.5230e-01 -6.8080e-01 -8.0819e-01
16 +2.276314652e+02 +2.276314652e+02 +2.920114652e+02 +2.920114652e+02 +6.3470e-02 -2.3195e+00 +1.0527e+00 -1.1588e+00 -2.0587e+00
23 +1.422993445e+02 +1.422993445e+02 +2.066793445e+02 +2.066793445e+02 +1.1688e+00 -1.2345e+00 -3.4582e-01 -3.4748e+00 -1.6439e+00
38 +1.061598079e+02 +1.061598079e+02 +1.705398079e+02 +1.705398079e+02 +7.2989e-01 -5.4473e-01 -9.2060e-01 -3.2969e+00 -2.3350e+00
43 +9.658497315e+01 +9.658497315e+01 +1.609649731e+02 +1.609649731e+02 +2.8861e+00 +2.2738e+00 -4.5056e+00 -5.4955e+00 -2.5618e+00
45 +7.289175239e+01 +7.289175239e+01 +1.372717524e+02 +1.372717524e+02 +1.8869e+00 +7.8333e-01 -3.5119e+00 -5.7759e+00 -3.6300e+00
47 +5.269477600e+01 +5.269477600e+01 +1.170747760e+02 +1.170747760e+02 +2.9150e+00 +8.1270e-01 -1.2682e+00 -3.6686e+00 -2.3465e+00
95 +5.126754646e+01 +5.126754646e+01 +1.156475465e+02 +1.156475465e+02 +2.9926e+00 +9.6912e-02 -1.8307e+00 -3.4599e+00 -4.3435e+00
112 +3.594301492e+01 +3.594301492e+01 +1.003230149e+02 +1.003230149e+02 +3.3112e+00 +1.5065e-01 -2.2635e+00 -3.6739e+00 -4.3697e+00
267 +3.508342289e+01 +3.508342289e+01 +9.946342289e+01 +9.946342289e+01 +2.2734e+00 +2.8462e-01 -1.8037e+00 -3.1705e+00 -3.6840e+00
269 +3.373064586e+01 +3.373064586e+01 +9.811064586e+01 +9.811064586e+01 +2.0847e+00 +2.8033e-01 -1.7179e+00 -3.2405e+00 -3.7287e+00
282 +3.229564736e+01 +3.229564736e+01 +9.667564736e+01 +9.667564736e+01 +1.9653e+00 +1.0044e+00 -1.8671e+00 -3.2006e+00 -4.0366e+00
336 +2.899741171e+01 +2.899741171e+01 +9.337741171e+01 +9.337741171e+01 +1.8887e+00 +2.4835e+00 -2.9387e+00 -3.6868e+00 -4.6837e+00
410 +2.433166363e+01 +2.433166363e+01 +8.871166363e+01 +8.871166363e+01 +2.0457e+00 +4.6949e+00 -1.3453e+00 -4.0619e+00 -3.3295e+00
446 +1.632022880e+01 +1.632022880e+01 +8.070022880e+01 +8.070022880e+01 +3.2165e+00 +4.1531e+00 -2.3891e+00 -3.6572e+00 -2.9982e+00
519 +8.677522074e+00 +8.677522074e+00 +7.305752207e+01 +7.305752207e+01 +3.0588e+00 +2.5651e+00 -2.2928e+00 -4.0946e+00 -3.7046e+00
600 +6.092578108e+00 +6.092578108e+00 +7.047257811e+01 +7.047257811e+01 +3.0431e+00 +1.8508e+00 -2.3071e+00 -4.0474e+00 -3.6843e+00
623 +5.671502912e+00 +5.671502912e+00 +7.005150291e+01 +7.005150291e+01 +3.0312e+00 +1.9050e+00 -2.3092e+00 -4.0512e+00 -3.6996e+00
638 +5.597230505e+00 +5.597230505e+00 +6.997723050e+01 +6.997723050e+01 +3.0078e+00 +1.9156e+00 -2.2987e+00 -4.0547e+00 -3.6829e+00
669 +5.465363738e+00 +5.465363738e+00 +6.984536374e+01 +6.984536374e+01 +3.0046e+00 +1.9067e+00 -2.3133e+00 -4.0494e+00 -3.6917e+00
707 +5.362750952e+00 +5.362750952e+00 +6.974275095e+01 +6.974275095e+01 +3.0144e+00 +1.9080e+00 -2.3377e+00 -4.0496e+00 -3.6804e+00
731 +5.151849192e+00 +5.151849192e+00 +6.953184919e+01 +6.953184919e+01 +3.0291e+00 +1.8976e+00 -2.3311e+00 -4.0511e+00 -3.6889e+00
740 +5.097634354e+00 +5.097634354e+00 +6.947763435e+01 +6.947763435e+01 +3.0272e+00 +1.8919e+00 -2.3304e+00 -4.0554e+00 -3.6824e+00
786 +4.992388378e+00 +4.992388378e+00 +6.937238838e+01 +6.937238838e+01 +3.0349e+00 +1.8963e+00 -2.3207e+00 -4.0551e+00 -3.6814e+00
% function evaluation | noise-free fitness - Fopt (2.824800000000e+02) | best noise-free fitness - Fopt | measured fitness | best measured fitness | x1 | x2...
1 +3.110681503e+02 +3.110681503e+02 +5.935481503e+02 +5.935481503e+02 +0.0000e+00 +0.0000e+00 +0.0000e+00 +0.0000e+00 +0.0000e+00
3 +2.813340641e+02 +2.813340641e+02 +5.638140641e+02 +5.638140641e+02 +1.4211e+00 +1.9752e+00 -1.3476e+00 +1.4463e-01 -1.0228e+00
6 +9.600453757e+01 +9.600453757e+01 +3.784845376e+02 +3.784845376e+02 +1.3419e+00 -2.2031e-03 -1.5982e+00 +1.4121e+00 -3.9846e+00
40 +6.901399881e+01 +6.901399881e+01 +3.514939988e+02 +3.514939988e+02 +1.3576e+00 +5.0191e-01 -4.1104e-01 +1.1791e+00 -3.1860e+00
81 +6.716450849e+01 +6.716450849e+01 +3.496445085e+02 +3.496445085e+02 -2.1472e-01 -1.7532e+00 +1.6399e+00 +3.6629e+00 -3.2614e+00
84 +5.903007991e+01 +5.903007991e+01 +3.415100799e+02 +3.415100799e+02 +6.8627e-03 -1.3260e+00 +2.8832e+00 +3.2544e+00 -2.8929e+00
89 +4.536860595e+01 +4.536860595e+01 +3.278486059e+02 +3.278486059e+02 +1.5330e+00 -2.3971e+00 +1.3058e+00 +6.0115e-01 -3.7720e+00
90 +4.253836941e+01 +4.253836941e+01 +3.250183694e+02 +3.250183694e+02 +2.4375e-01 -1.8096e+00 +7.5288e-01 +1.6536e+00 -3.1972e+00
124 +2.201485030e+01 +2.201485030e+01 +3.044948503e+02 +3.044948503e+02 -5.2599e-01 -1.6810e+00 +1.3208e+00 +2.0012e+00 -3.2628e+00
236 +1.885114771e+01 +1.885114771e+01 +3.013311477e+02 +3.013311477e+02 -3.6545e-01 -1.7423e+00 +1.8453e+00 +2.4398e+00 -2.9086e+00
293 +1.610302630e+01 +1.610302630e+01 +2.985830263e+02 +2.985830263e+02 -3.9290e-01 -1.7523e+00 +1.8157e+00 +2.4802e+00 -2.8988e+00
315 +1.575245032e+01 +1.575245032e+01 +2.982324503e+02 +2.982324503e+02 -4.1040e-01 -1.8095e+00 +1.7954e+00 +2.4311e+00 -2.8557e+00
325 +1.498718947e+01 +1.498718947e+01 +2.974671895e+02 +2.974671895e+02 -4.5376e-01 -1.7027e+00 +1.7727e+00 +2.4649e+00 -2.8535e+00
344 +1.391699335e+01 +1.391699335e+01 +2.963969933e+02 +2.963969933e+02 -5.0239e-01 -1.8376e+00 +1.7863e+00 +2.4734e+00 -2.8777e+00
357 +1.355947169e+01 +1.355947169e+01 +2.960394717e+02 +2.960394717e+02 -4.5630e-01 -1.8611e+00 +1.7712e+00 +2.4556e+00 -2.8890e+00
413 +1.347422035e+01 +1.347422035e+01 +2.959542204e+02 +2.959542204e+02 -4.7540e-01 -1.8559e+00 +1.7674e+00 +2.4593e+00 -2.8863e+00
494 +1.316694720e+01 +1.316694720e+01 +2.956469472e+02 +2.956469472e+02 -4.7974e-01 -1.8284e+00 +1.7725e+00 +2.4646e+00 -2.8739e+00
198606 +5.965744351e+00 +5.965744351e+00 +2.884457444e+02 +2.884457444e+02 +1.5101e+00 -4.1879e+00 +1.2365e+00 +1.4966e+00 -3.2382e+00
% function evaluation | noise-free fitness - Fopt (4.826100000000e+02) | best noise-free fitness - Fopt | measured fitness | best measured fitness | x1 | x2...
1 +2.003869618e+02 +2.003869618e+02 +6.829969618e+02 +6.829969618e+02 +0.0000e+00 +0.0000e+00 +0.0000e+00 +0.0000e+00 +0.0000e+00
5 +9.406245156e+01 +9.406245156e+01 +5.766724516e+02 +5.766724516e+02 -6.1252e-01 +1.0914e+00 -4.1615e+00 -3.5344e+00 +2.2406e-01
16 +7.329755368e+01 +7.329755368e+01 +5.559075537e+02 +5.559075537e+02 -3.9437e-01 +2.7368e+00 -3.8883e+00 -3.7443e+00 -9.5980e-01
21 +6.299804024e+01 +6.299804024e+01 +5.456080402e+02 +5.456080402e+02 +8.3778e-01 +3.3868e+00 -1.5693e-02 -2.8774e+00 -1.7266e+00
30 +4.615919685e+01 +4.615919685e+01 +5.287691969e+02 +5.287691969e+02 -1.7405e-01 +1.8110e+00 -1.5240e+00 -3.6694e+00 -1.8345e+00
56 +4.533800925e+01 +4.533800925e+01 +5.279480093e+02 +5.279480093e+02 -9.6882e-02 +3.3725e+00 -2.0594e+00 -3.3074e+00 -1.1314e+00
65 +3.736374899e+01 +3.736374899e+01 +5.199737490e+02 +5.199737490e+02 +6.7828e-01 +2.5087e+00 -2.4205e+00 -3.7122e+00 -1.2538e+00
66 +3.154298835e+01 +3.154298835e+01 +5.141529883e+02 +5.141529883e+02 -2.5846e-01 +2.3746e+00 -3.0085e+00 -3.4402e+00 -7.1574e-01
135 +3.032251007e+01 +3.032251007e+01 +5.129325101e+02 +5.129325101e+02 -1.0311e-01 +2.4874e+00 -1.5811e+00 -4.2161e+00 -9.0689e-01
153 +2.913551104e+01 +2.913551104e+01 +5.117455110e+02 +5.117455110e+02 -2.3818e-01 +2.0072e+00 -1.4605e+00 -4.1934e+00 -9.0907e-01
232 +2.292878627e+01 +2.292878627e+01 +5.055387863e+02 +5.055387863e+02 +5.5030e-01 +2.6085e+00 -1.4186e+00 -3.8889e+00 -6.0612e-01
234 +1.702415936e+01 +1.702415936e+01 +4.996341594e+02 +4.996341594e+02 +7.7068e-01 +2.5294e+00 -1.3288e+00 -3.9732e+00 -6.2824e-01
285 +1.505909194e+01 +1.505909194e+01 +4.976690919e+02 +4.976690919e+02 +7.1816e-01 +2.5839e+00 -1.4711e+00 -3.8956e+00 -5.8892e-01
341 +1.254378764e+01 +1.254378764e+01 +4.951537876e+02 +4.951537876e+02 +7.6566e-01 +2.4425e+00 -1.4244e+00 -3.9483e+00 -6.5082e-01
349 +1.227082489e+01 +1.227082489e+01 +4.948808249e+02 +4.948808249e+02 +7.4521e-01 +2.4708e+00 -1.3875e+00 -3.9025e+00 -6.6288e-01
357 +1.086354058e+01 +1.086354058e+01 +4.934735406e+02 +4.934735406e+02 +7.6589e-01 +2.5242e+00 -1.4511e+00 -3.8982e+00 -6.6298e-01
368 +9.173844920e+00 +9.173844920e+00 +4.917838449e+02 +4.917838449e+02 +7.4579e-01 +2.5591e+00 -1.4059e+00 -3.9323e+00 -6.3661e-01
372 +8.984766998e+00 +8.984766998e+00 +4.915947670e+02 +4.915947670e+02 +7.9849e-01 +2.5432e+00 -1.4257e+00 -3.9357e+00 -6.9094e-01
402 +8.562772555e+00 +8.562772555e+00 +4.911727726e+02 +4.911727726e+02 +7.8802e-01 +2.5626e+00 -1.4489e+00 -3.9385e+00 -6.6049e-01
412 +8.220641962e+00 +8.220641962e+00 +4.908306420e+02 +4.908306420e+02 +7.6582e-01 +2.5634e+00 -1.4258e+00 -3.9402e+00 -6.6075e-01
454 +8.120639617e+00 +8.120639617e+00 +4.907306396e+02 +4.907306396e+02 +7.8826e-01 +2.5617e+00 -1.4119e+00 -3.9302e+00 -6.6196e-01
203081 +7.347083568e+00 +7.347083568e+00 +4.899570836e+02 +4.899570836e+02 +8.4131e-01 +2.5241e+00 -1.9306e+00 -2.6188e+00 -1.2970e+00
203119 +5.511008411e+00 +5.511008411e+00 +4.881210084e+02 +4.881210084e+02 +8.2792e-01 +2.5441e+00 -1.9318e+00 -2.5641e+00 -1.3003e+00
203123 +4.439470106e+00 +4.439470106e+00 +4.870494701e+02 +4.870494701e+02 +8.1188e-01 +2.5746e+00 -2.0079e+00 -2.6125e+00 -1.2728e+00
203137 +2.922049689e+00 +2.922049689e+00 +4.855320497e+02 +4.855320497e+02 +7.7847e-01 +2.5366e+00 -2.0583e+00 -2.5753e+00 -1.2776e+00
203180 +2.733692816e+00 +2.733692816e+00 +4.853436928e+02 +4.853436928e+02 +8.0148e-01 +2.5725e+00 -2.0344e+00 -2.5783e+00 -1.2729e+00
203182 +2.606943900e+00 +2.606943900e+00 +4.852169439e+02 +4.852169439e+02 +8.0277e-01 +2.5799e+00 -2.0452e+00 -2.5852e+00 -1.2893e+00
203207 +2.523533107e+00 +2.523533107e+00 +4.851335331e+02 +4.851335331e+02 +7.8764e-01 +2.5463e+00 -2.0298e+00 -2.5973e+00 -1.2910e+00
203221 +2.440458979e+00 +2.440458979e+00 +4.850504590e+02 +4.850504590e+02 +7.8685e-01 +2.5555e+00 -2.0434e+00 -2.5900e+00 -1.2818e+00
203229 +2.043283912e+00 +2.043283912e+00 +4.846532839e+02 +4.846532839e+02 +7.7961e-01 +2.5555e+00 -2.0253e+00 -2.5791e+00 -1.2921e+00
203233 +2.035215884e+00 +2.035215884e+00 +4.846452159e+02 +4.846452159e+02 +7.8848e-01 +2.5537e+00 -2.0287e+00 -2.5831e+00 -1.2905e+00
203318 +1.994555046e+00 +1.994555046e+00 +4.846045550e+02 +4.846045550e+02 +7.8055e-01 +2.5521e+00 -2.0179e+00 -2.5812e+00 -1.2885e+00
% function evaluation | noise-free fitness - Fopt (7.177000000000e+01) | best noise-free fitness - Fopt | measured fitness | best measured fitness | x1 | x2...
1 +8.941325881e+01 +8.941325881e+01 +1.611832588e+02 +1.611832588e+02 +0.0000e+00 +0.0000e+00 +0.0000e+00 +0.0000e+00 +0.0000e+00
17 +6.501117720e+01 +6.501117720e+01 +1.367811772e+02 +1.367811772e+02 -5.4437e-01 -1.3610e+00 -7.6721e-01 -1.8210e-02 +1.1328e+00
42 +6.443795650e+01 +6.443795650e+01 +1.362079565e+02 +1.362079565e+02 +9.2117e-02 -1.7889e-01 -1.5809e-01 +1.1425e+00 +1.1062e+00
55 +5.720526805e+01 +5.720526805e+01 +1.289752680e+02 +1.289752680e+02 -4.2262e-01 +4.6538e-01 +1.1002e+00 +1.0992e+00 +1.4903e+00
64 +4.616251814e+01 +4.616251814e+01 +1.179325181e+02 +1.179325181e+02 -2.4858e+00 -4.2493e-01 +1.3705e+00 +1.9016e+00 +1.1738e+00
65 +4.469362662e+01 +4.469362662e+01 +1.164636266e+02 +1.164636266e+02 -2.1899e+00 -6.8873e-01 +3.2678e-01 +1.1961e+00 +4.4258e-01
98 +4.336786673e+01 +4.336786673e+01 +1.151378667e+02 +1.151378667e+02 -1.2201e+00 +4.7962e-01 +6.9115e-01 +7.5268e-01 +9.0919e-01
125 +4.054370579e+01 +4.054370579e+01 +1.123137058e+02 +1.123137058e+02 -1.2591e+00 +1.0657e+00 +3.4543e-01 +3.2167e-01 +4.0304e-01
138 +3.577227851e+01 +3.577227851e+01 +1.075422785e+02 +1.075422785e+02 -1.5954e+00 +1.0409e+00 +8.5328e-01 +7.7825e-01 +4.7432e-01
144 +3.358878683e+01 +3.358878683e+01 +1.053587868e+02 +1.053587868e+02 -1.3702e+00 +4.7475e-01 +8.5507e-01 +3.1713e-01 +6.8667e-01
151 +2.565762840e+01 +2.565762840e+01 +9.742762840e+01 +9.742762840e+01 -1.2517e+00 +5.1421e-01 +9.9007e-01 +3.9703e-01 +7.0061e-01
169 +2.463899981e+01 +2.463899981e+01 +9.640899981e+01 +9.640899981e+01 -1.2102e+00 +3.5259e-01 +8.2409e-01 +3.8131e-01 +6.7252e-01
303 +2.139330367e+01 +2.139330367e+01 +9.316330367e+01 +9.316330367e+01 -1.2058e+00 +4.2117e-01 +8.9124e-01 +3.8536e-01 +4.8857e-01
314 +2.137631166e+01 +2.137631166e+01 +9.314631166e+01 +9.314631166e+01 -1.2323e+00 +4.2163e-01 +8.9996e-01 +4.3968e-01 +4.5785e-01
346 +1.967289599e+01 +1.967289599e+01 +9.144289599e+01 +9.144289599e+01 -1.2396e+00 +4.5451e-01 +8.1907e-01 +4.0851e-01 +4.6566e-01
399 +1.940555515e+01 +1.940555515e+01 +9.117555515e+01 +9.117555515e+01 -1.2062e+00 +4.1258e-01 +8.3647e-01 +4.1402e-01 +4.6429e-01
504 +1.904604606e+01 +1.904604606e+01 +9.081604606e+01 +9.081604606e+01 -1.2234e+00 +4.2306e-01 +8.3235e-01 +4.0866e-01 +4.7010e-01
57090 +1.426506346e+01 +1.426506346e+01 +8.603506346e+01 +8.603506346e+01 -2.2389e+00 +8.8994e-01 +2.0207e+00 +4.1946e-01 +2.0541e+00
173054 +1.172808122e+01 +1.172808122e+01 +8.349808122e+01 +8.349808122e+01 -5.1219e+00 +2.4911e+00 +8.7016e-01 +7.9613e-01 +2.0488e+00
173288 +1.131452034e+01 +1.131452034e+01 +8.308452034e+01 +8.308452034e+01 -5.1650e+00 +2.5865e+00 +8.5772e-01 +1.2790e+00 +2.0449e+00
173305 +1.106921513e+01 +1.106921513e+01 +8.283921513e+01 +8.283921513e+01 -5.1467e+00 +2.6295e+00 +8.5417e-01 +1.2842e+00 +2.0513e+00
173405 +1.096436068e+01 +1.096436068e+01 +8.273436068e+01 +8.273436068e+01 -5.1673e+00 +2.6280e+00 +8.5258e-01 +1.2815e+00 +2.0518e+00
483492 +9.570645576e+00 +9.570645576e+00 +8.134064558e+01 +8.134064558e+01 -1.2259e+00 +9.6519e-01 +8.7118e-01 +3.7075e-01 +1.1130e+00
483544 +9.529758178e+00 +9.529758178e+00 +8.129975818e+01 +8.129975818e+01 -1.2157e+00 +1.0092e+00 +8.2981e-01 +3.6878e-01 +1.1135e+00
483547 +9.246706994e+00 +9.246706994e+00 +8.101670699e+01 +8.101670699e+01 -1.2304e+00 +1.0275e+00 +8.9175e-01 +3.9477e-01 +1.1127e+00
483550 +9.102040046e+00 +9.102040046e+00 +8.087204005e+01 +8.087204005e+01 -1.2243e+00 +1.0052e+00 +8.6073e-01 +4.3186e-01 +1.1296e+00
483555 +8.668708723e+00 +8.668708723e+00 +8.043870872e+01 +8.043870872e+01 -1.2319e+00 +9.7755e-01 +8.8157e-01 +4.0109e-01 +1.1294e+00
483563 +8.393175667e+00 +8.393175667e+00 +8.016317567e+01 +8.016317567e+01 -1.2302e+00 +9.6435e-01 +8.4838e-01 +4.0931e-01 +1.1237e+00
483575 +8.295078958e+00 +8.295078958e+00 +8.006507896e+01 +8.006507896e+01 -1.2076e+00 +1.0108e+00 +8.3954e-01 +4.0658e-01 +1.1186e+00
483589 +8.104346168e+00 +8.104346168e+00 +7.987434617e+01 +7.987434617e+01 -1.2235e+00 +1.0006e+00 +8.5107e-01 +3.9864e-01 +1.1234e+00
% function evaluation | noise-free fitness - Fopt (8.448800000000e+02) | best noise-free fitness - Fopt | measured fitness | best measured fitness | x1 | x2...
1 +2.374921797e+02 +2.374921797e+02 +1.082372180e+03 +1.082372180e+03 +0.0000e+00 +0.0000e+00 +0.0000e+00 +0.0000e+00 +0.0000e+00
3 +2.288324237e+02 +2.288324237e+02 +1.073712424e+03 +1.073712424e+03 +2.1538e-02 +2.0270e+00 +6.3467e-01 -4.8160e-01 +5.9377e-01
10 +2.139810487e+02 +2.139810487e+02 +1.058861049e+03 +1.058861049e+03 -1.7647e+00 +9.7462e-01 -3.8541e+00 -1.5536e-01 -3.7518e-01
13 +1.627238574e+02 +1.627238574e+02 +1.007603857e+03 +1.007603857e+03 -9.6702e-03 +3.6303e+00 -2.0049e+00 -5.2930e-01 +4.7593e-01
17 +1.534481032e+02 +1.534481032e+02 +9.983281032e+02 +9.983281032e+02 +9.2014e-01 +4.2071e+00 -4.8126e+00 +1.1966e-01 +1.1741e+00
21 +1.385128730e+02 +1.385128730e+02 +9.833928730e+02 +9.833928730e+02 -2.4889e+00 +1.3822e+00 -4.5727e+00 +9.0676e-01 +1.0562e+00
23 +1.321677948e+02 +1.321677948e+02 +9.770477948e+02 +9.770477948e+02 -3.2151e+00 +1.3068e-01 -3.7083e+00 +4.9926e-02 +1.6810e+00
25 +1.134759847e+02 +1.134759847e+02 +9.583559847e+02 +9.583559847e+02 -4.0392e+00 -6.8204e-02 -3.6852e+00 -6.8934e-01 +1.9015e+00
36 +1.120937530e+02 +1.120937530e+02 +9.569737530e+02 +9.569737530e+02 -1.9638e+00 -2.0480e+00 -6.2742e+00 -3.8171e-01 +2.6704e+00
41 +9.785435098e+01 +9.785435098e+01 +9.427343510e+02 +9.427343510e+02 -2.9609e+00 +2.6919e+00 -2.4791e+00 +1.1864e+00 +2.5562e+00
43 +6.672136068e+01 +6.672136068e+01 +9.116013607e+02 +9.116013607e+02 -2.0154e+00 +1.8984e+00 -2.9021e+00 +6.0189e-01 +2.3644e+00
125 +6.203073899e+01 +6.203073899e+01 +9.069107390e+02 +9.069107390e+02 -1.9860e+00 +2.6270e+00 -3.0315e+00 -1.5787e-01 +2.3378e+00
129 +5.855880679e+01 +5.855880679e+01 +9.034388068e+02 +9.034388068e+02 -2.0818e+00 +4.9032e-01 -6.4241e+00 -6.0390e-01 +3.7535e+00
152 +5.562820572e+01 +5.562820572e+01 +9.005082057e+02 +9.005082057e+02 -1.0060e+00 -8.7102e-03 -4.6326e+00 +4.0423e-01 +3.0366e+00
172 +4.247117188e+01 +4.247117188e+01 +8.873511719e+02 +8.873511719e+02 +4.2624e-01 -1.2638e-01 -4.1494e+00 +6.6022e-01 +3.7167e+00
178 +4.158038132e+01 +4.158038132e+01 +8.864603813e+02 +8.864603813e+02 -4.8421e-01 +6.0834e-01 -4.2135e+00 +3.3560e-01 +3.7815e+00
179 +3.134492886e+01 +3.134492886e+01 +8.762249289e+02 +8.762249289e+02 +3.5006e-01 -3.9377e-01 -3.6210e+00 +7.7235e-01 +3.6708e+00
270 +2.934198724e+01 +2.934198724e+01 +8.742219872e+02 +8.742219872e+02 +1.8682e-01 -8.6144e-01 -4.2878e+00 +6.5442e-01 +3.3891e+00
284 +2.236914250e+01 +2.236914250e+01 +8.672491425e+02 +8.672491425e+02 +1.5042e-01 -8.2879e-01 -4.0745e+00 +3.1642e-01 +3.4098e+00
516 +2.027407849e+01 +2.027407849e+01 +8.651540785e+02 +8.651540785e+02 +1.7728e-01 -8.3509e-01 -4.6550e+00 +2.5978e-01 +3.7337e+00
522 +1.837258301e+01 +1.837258301e+01 +8.632525830e+02 +8.632525830e+02 +8.8589e-02 -8.6340e-01 -4.6657e+00 +2.9718e-01 +3.7433e+00
601 +1.809970451e+01 +1.809970451e+01 +8.629797045e+02 +8.629797045e+02 +1.0465e-01 -8.5087e-01 -4.6751e+00 +2.7750e-01 +3.7247e+00
144168 +1.735779185e+01 +1.735779185e+01 +8.622377919e+02 +8.622377919e+02 +2.1276e+00 -8.1385e-01 -3.5744e+00 -1.5489e-01 +2.3978e+00
144201 +1.543109229e+01 +1.543109229e+01 +8.603110923e+02 +8.603110923e+02 +2.1341e+00 -8.7846e-01 -3.5853e+00 -1.2579e-01 +2.4108e+00
144261 +1.504600361e+01 +1.504600361e+01 +8.599260036e+02 +8.599260036e+02 +2.1609e+00 -8.5790e-01 -3.5796e+00 -1.1694e-01 +2.4023e+00
206594 +1.136146846e+01 +1.136146846e+01 +8.562414685e+02 +8.562414685e+02 +1.2759e+00 -1.9205e-01 -4.1641e+00 +2.7913e-01 +3.3856e+00
206660 +8.875597848e+00 +8.875597848e+00 +8.537555978e+02 +8.537555978e+02 +1.1984e+00 -3.1558e-01 -4.2320e+00 +3.2488e-01 +3.3579e+00
206694 +7.256811672e+00 +7.256811672e+00 +8.521368117e+02 +8.521368117e+02 +1.2533e+00 -2.7048e-01 -4.1523e+00 +2.8318e-01 +3.3510e+00
206712 +6.720061189e+00 +6.720061189e+00 +8.516000612e+02 +8.516000612e+02 +1.1393e+00 -3.0696e-01 -4.1934e+00 +2.6689e-01 +3.3557e+00
206743 +6.497953246e+00 +6.497953246e+00 +8.513779532e+02 +8.513779532e+02 +1.2241e+00 -3.1215e-01 -4.1660e+00 +2.6974e-01 +3.3760e+00
206753 +6.083935536e+00 +6.083935536e+00 +8.509639355e+02 +8.509639355e+02 +1.1856e+00 -3.0107e-01 -4.1671e+00 +2.7941e-01 +3.3699e+00
206793 +6.002312860e+00 +6.002312860e+00 +8.508823129e+02 +8.508823129e+02 +1.1878e+00 -3.0785e-01 -4.1742e+00 +2.7955e-01 +3.3632e+00
266862 +5.515483275e+00 +5.515483275e+00 +8.503954833e+02 +8.503954833e+02 +4.1640e+00 +1.2894e+00 -4.1667e+00 -1.2183e-01 +3.0588e+00
266869 +5.299559134e+00 +5.299559134e+00 +8.501795591e+02 +8.501795591e+02 +4.1492e+00 +1.3260e+00 -4.1903e+00 -1.3695e-01 +3.0619e+00
266942 +5.234712187e+00 +5.234712187e+00 +8.501147122e+02 +8.501147122e+02 +4.1486e+00 +1.3384e+00 -4.2004e+00 -1.1642e-01 +3.0518e+00
266958 +5.121813517e+00 +5.121813517e+00 +8.500018135e+02 +8.500018135e+02 +4.1524e+00 +1.3191e+00 -4.1966e+00 -1.2483e-01 +3.0555e+00
266999 +4.998223194e+00 +4.998223194e+00 +8.498782232e+02 +8.498782232e+02 +4.1540e+00 +1.3413e+00 -4.1789e+00 -1.2628e-01 +3.0546e+00
397265 +4.578738133e+00 +4.578738133e+00 +8.494587381e+02 +8.494587381e+02 +3.1369e+00 -3.0702e-01 -4.1773e+00 -1.1759e-01 +3.0409e+00
397304 +4.256318449e+00 +4.256318449e+00 +8.491363184e+02 +8.491363184e+02 +3.1739e+00 -3.1133e-01 -4.1957e+00 -1.1749e-01 +3.0529e+00
397386 +4.131222922e+00 +4.131222922e+00 +8.490112229e+02 +8.490112229e+02 +3.1589e+00 -2.8994e-01 -4.1906e+00 -1.3053e-01 +3.0516e+00
397443 +4.022032458e+00 +4.022032458e+00 +8.489020325e+02 +8.489020325e+02 +3.1606e+00 -3.0674e-01 -4.1733e+00 -1.2352e-01 +3.0559e+00
397554 +3.980817381e+00 +3.980817381e+00 +8.488608174e+02 +8.488608174e+02 +3.1547e+00 -3.0207e-01 -4.1785e+00 -1.2596e-01 +3.0545e+00
% function evaluation | noise-free fitness - Fopt (-4.222000000000e+01) | best noise-free fitness - Fopt | measured fitness | best measured fitness | x1 | x2...
1 +1.867570553e+02 +1.867570553e+02 +1.445370553e+02 +1.445370553e+02 +0.0000e+00 +0.0000e+00 +0.0000e+00 +0.0000e+00 +0.0000e+00
8 +1.676462175e+02 +1.676462175e+02 +1.254262175e+02 +1.254262175e+02 +1.0736e-01 -2.1103e+00 -6.3681e-02 -2.0769e+00 -1.4681e-01
12 +1.185819726e+02 +1.185819726e+02 +7.636197256e+01 +7.636197256e+01 -1.7309e+00 -1.4300e+00 -4.9014e-01 -9.8501e-01 -8.0708e-01
13 +1.163989543e+02 +1.163989543e+02 +7.417895431e+01 +7.417895431e+01 -1.1009e+00 -2.2144e+00 +6.2016e-01 -1.7856e+00 -1.0266e+00
14 +9.575380736e+01 +9.575380736e+01 +5.353380736e+01 +5.353380736e+01 -9.8309e-01 -3.2079e+00 +9.0633e-01 -2.4263e+00 -7.3501e-01
31 +5.973214000e+01 +5.973214000e+01 +1.751214000e+01 +1.751214000e+01 -7.5687e-01 -2.4723e+00 +2.2856e+00 -1.6375e-01 -1.4761e+00
32 +3.977237255e+01 +3.977237255e+01 -2.447627454e+00 -2.447627454e+00 -1.3423e+00 -2.5654e+00 +2.7206e+00 -1.8434e-01 -2.2161e+00
42 +3.114319037e+01 +3.114319037e+01 -1.107680963e+01 -1.107680963e+01 -3.3592e-01 -1.8909e+00 +2.0569e+00 -6.7618e-01 -1.8774e+00
104 +2.669879395e+01 +2.669879395e+01 -1.552120605e+01 -1.552120605e+01 -4.8530e-01 -3.8186e+00 +2.2156e+00 +1.4804e-01 -2.2008e+00
113 +1.105171201e+01 +1.105171201e+01 -3.116828799e+01 -3.116828799e+01 -3.1426e-01 -4.7337e+00 +2.0328e+00 +1.9409e-01 -2.1327e+00
302 +8.150986448e+00 +8.150986448e+00 -3.406901355e+01 -3.406901355e+01 -2.9167e-01 -3.9558e+00 +1.9500e+00 +1.3294e-01 -2.1467e+00
307 +6.218855681e+00 +6.218855681e+00 -3.600114432e+01 -3.600114432e+01 -3.5005e-01 -3.8715e+00 +2.0404e+00 +1.3032e-01 -2.1592e+00
309 +4.715177783e+00 +4.715177783e+00 -3.750482222e+01 -3.750482222e+01 -3.4197e-01 -3.9648e+00 +2.0354e+00 +1.4583e-01 -2.1769e+00
355 +4.631884220e+00 +4.631884220e+00 -3.758811578e+01 -3.758811578e+01 -3.5387e-01 -3.9786e+00 +2.0081e+00 +1.4110e-01 -2.1757e+00
371 +4.128884374e+00 +4.128884374e+00 -3.809111563e+01 -3.809111563e+01 -3.4933e-01 -3.9547e+00 +2.0126e+00 +1.3856e-01 -2.1725e+00
504 +4.065241854e+00 +4.065241854e+00 -3.815475815e+01 -3.815475815e+01 -3.5404e-01 -3.9371e+00 +2.0152e+00 +1.3354e-01 -2.1706e+00
758 +3.980495657e+00 +3.980495657e+00 -3.823950434e+01 -3.823950434e+01 -3.7655e-01 -3.9415e+00 +2.0133e+00 +1.3579e-01 -2.1731e+00
384081 +3.830662724e+00 +3.830662724e+00 -3.838933728e+01 -3.838933728e+01 +1.6455e+00 -3.1777e+00 +2.5445e+00 +1.4406e-01 -2.1687e+00
384088 +3.243448355e+00 +3.243448355e+00 -3.897655164e+01 -3.897655164e+01 +1.6129e+00 -3.1449e+00 +2.5600e+00 +1.6523e-01 -2.1777e+00
384090 +3.166307147e+00 +3.166307147e+00 -3.905369285e+01 -3.905369285e+01 +1.6190e+00 -3.1515e+00 +2.5493e+00 +1.5437e-01 -2.1809e+00
384123 +2.934907381e+00 +2.934907381e+00 -3.928509262e+01 -3.928509262e+01 +1.6227e+00 -3.1355e+00 +2.5696e+00 +1.2615e-01 -2.1839e+00
384128 +2.770743112e+00 +2.770743112e+00 -3.944925689e+01 -3.944925689e+01 +1.6160e+00 -3.1371e+00 +2.5599e+00 +1.2964e-01 -2.1870e+00
384159 +2.711203711e+00 +2.711203711e+00 -3.950879629e+01 -3.950879629e+01 +1.6265e+00 -3.1212e+00 +2.5538e+00 +1.2807e-01 -2.1762e+00
384171 +2.676591612e+00 +2.676591612e+00 -3.954340839e+01 -3.954340839e+01 +1.6269e+00 -3.0969e+00 +2.5621e+00 +1.4423e-01 -2.1718e+00
384177 +2.279620796e+00 +2.279620796e+00 -3.994037920e+01 -3.994037920e+01 +1.5985e+00 -3.0979e+00 +2.5634e+00 +1.2608e-01 -2.1789e+00
384178 +2.199294659e+00 +2.199294659e+00 -4.002070534e+01 -4.002070534e+01 +1.5937e+00 -3.1192e+00 +2.5699e+00 +1.3225e-01 -2.1728e+00
384189 +2.134127734e+00 +2.134127734e+00 -4.008587227e+01 -4.008587227e+01 +1.5985e+00 -3.1073e+00 +2.5599e+00 +1.2790e-01 -2.1744e+00
384235 +2.086150611e+00 +2.086150611e+00 -4.013384939e+01 -4.013384939e+01 +1.5814e+00 -3.1027e+00 +2.5570e+00 +1.3794e-01 -2.1678e+00
384236 +2.021949401e+00 +2.021949401e+00 -4.019805060e+01 -4.019805060e+01 +1.5826e+00 -3.1032e+00 +2.5635e+00 +1.3687e-01 -2.1746e+00
384309 +1.994986608e+00 +1.994986608e+00 -4.022501339e+01 -4.022501339e+01 +1.5791e+00 -3.1100e+00 +2.5622e+00 +1.3475e-01 -2.1735e+00
% function evaluation | noise-free fitness - Fopt (-9.179000000000e+01) | best noise-free fitness - Fopt | measured fitness | best measured fitness | x1 | x2...
1 +3.037149441e+02 +3.037149441e+02 +2.119249441e+02 +2.119249441e+02 +0.0000e+00 +0.0000e+00 +0.0000e+00 +0.0000e+00 +0.0000e+00
2 +2.096608268e+02 +2.096608268e+02 +1.178708268e+02 +1.178708268e+02 +1.2961e+00 +3.5057e-01 +8.5496e-02 -8.4062e-01 +1.2419e+00
14 +1.631755938e+02 +1.631755938e+02 +7.138559380e+01 +7.138559380e+01 -2.2542e-01 +1.4904e+00 -1.8516e+00 -7.6128e-01 +9.3316e-01
22 +5.456612960e+01 +5.456612960e+01 -3.722387040e+01 -3.722387040e+01 +8.3217e-01 +2.2889e+00 -2.8761e+00 -1.4512e+00 +2.9464e+00
32 +3.715041641e+01 +3.715041641e+01 -5.463958359e+01 -5.463958359e+01 -1.0888e+00 +9.5212e-01 -2.3588e+00 -1.6275e+00 +4.0028e+00
59 +3.283634988e+01 +3.283634988e+01 -5.895365012e+01 -5.895365012e+01 -1.8961e+00 +1.5083e+00 -2.3673e+00 -2.6067e+00 +3.9549e+00
110 +2.116899880e+01 +2.116899880e+01 -7.062100120e+01 -7.062100120e+01 -1.1236e+00 +2.6701e+00 -2.8888e+00 -2.5699e+00 +4.3034e+00
275 +1.813796735e+01 +1.813796735e+01 -7.365203265e+01 -7.365203265e+01 -1.7364e+00 +2.9305e+00 -2.8619e+00 -2.0177e+00 +3.6534e+00
286 +1.762706408e+01 +1.762706408e+01 -7.416293592e+01 -7.416293592e+01 -1.7628e+00 +2.9197e+00 -2.8589e+00 -2.0069e+00 +3.6240e+00
287 +1.700557815e+01 +1.700557815e+01 -7.478442185e+01 -7.478442185e+01 -1.8065e+00 +2.9320e+00 -2.8715e+00 -1.9884e+00 +3.6617e+00
297 +1.469769129e+01 +1.469769129e+01 -7.709230871e+01 -7.709230871e+01 -1.7941e+00 +2.9110e+00 -2.8937e+00 -2.0135e+00 +3.6395e+00
326 +1.346501021e+01 +1.346501021e+01 -7.832498979e+01 -7.832498979e+01 -1.8548e+00 +2.8901e+00 -2.8729e+00 -1.9973e+00 +3.6497e+00
334 +1.304432864e+01 +1.304432864e+01 -7.874567136e+01 -7.874567136e+01 -1.8890e+00 +2.9015e+00 -2.8979e+00 -2.0025e+00 +3.6544e+00
354 +1.084180207e+01 +1.084180207e+01 -8.094819793e+01 -8.094819793e+01 -1.9379e+00 +2.8797e+00 -2.8844e+00 -2.0112e+00 +3.6338e+00
364 +1.022444125e+01 +1.022444125e+01 -8.156555875e+01 -8.156555875e+01 -2.0187e+00 +2.8599e+00 -2.8725e+00 -2.0248e+00 +3.6428e+00
546 +9.967152839e+00 +9.967152839e+00 -8.182284716e+01 -8.182284716e+01 -2.0122e+00 +2.8828e+00 -2.8840e+00 -2.0310e+00 +3.6374e+00
224621 +9.673738318e+00 +9.673738318e+00 -8.211626168e+01 -8.211626168e+01 -5.8534e-02 +2.1148e+00 -3.5303e+00 -2.0409e+00 +4.2605e+00
224623 +7.954904029e+00 +7.954904029e+00 -8.383509597e+01 -8.383509597e+01 -7.2746e-02 +2.1517e+00 -3.4752e+00 -2.0280e+00 +4.0193e+00
224627 +6.123088934e+00 +6.123088934e+00 -8.566691107e+01 -8.566691107e+01 -9.1581e-02 +2.2348e+00 -3.4352e+00 -2.0715e+00 +3.9507e+00
224699 +3.215786402e+00 +3.215786402e+00 -8.857421360e+01 -8.857421360e+01 -8.6147e-02 +2.1571e+00 -3.4443e+00 -2.0690e+00 +3.9509e+00
224712 +2.127248374e+00 +2.127248374e+00 -8.966275163e+01 -8.966275163e+01 -4.7387e-02 +2.1275e+00 -3.4085e+00 -2.0531e+00 +3.9431e+00
224724 +1.859725014e+00 +1.859725014e+00 -8.993027499e+01 -8.993027499e+01 -5.5518e-02 +2.1446e+00 -3.4038e+00 -2.0190e+00 +3.9386e+00
224788 +1.499306670e+00 +1.499306670e+00 -9.029069333e+01 -9.029069333e+01 -5.8017e-02 +2.1355e+00 -3.4505e+00 -2.0201e+00 +3.9553e+00
224802 +1.265305401e+00 +1.265305401e+00 -9.052469460e+01 -9.052469460e+01 -6.4006e-02 +2.1699e+00 -3.4256e+00 -2.0373e+00 +3.9588e+00
224837 +1.159992486e+00 +1.159992486e+00 -9.063000751e+01 -9.063000751e+01 -5.6163e-02 +2.1572e+00 -3.4370e+00 -2.0191e+00 +3.9468e+00
224864 +1.123835342e+00 +1.123835342e+00 -9.066616466e+01 -9.066616466e+01 -4.4252e-02 +2.1484e+00 -3.4285e+00 -2.0211e+00 +3.9495e+00
224876 +1.089103812e+00 +1.089103812e+00 -9.070089619e+01 -9.070089619e+01 -4.7819e-02 +2.1566e+00 -3.4319e+00 -2.0219e+00 +3.9526e+00
224884 +1.021483110e+00 +1.021483110e+00 -9.076851689e+01 -9.076851689e+01 -4.6062e-02 +2.1515e+00 -3.4326e+00 -2.0289e+00 +3.9510e+00
224991 +9.973001114e-01 +9.973001114e-01 -9.079269989e+01 -9.079269989e+01 -5.2340e-02 +2.1569e+00 -3.4306e+00 -2.0309e+00 +3.9501e+00
% function evaluation | noise-free fitness - Fopt (-1.277000000000e+01) | best noise-free fitness - Fopt | measured fitness | best measured fitness | x1 | x2...
1 +1.375962187e+02 +1.375962187e+02 +1.248262187e+02 +1.248262187e+02 +0.0000e+00 +0.0000e+00 +0.0000e+00 +0.0000e+00 +0.0000e+00
3 +1.171744614e+02 +1.171744614e+02 +1.044044614e+02 +1.044044614e+02 +2.8314e-01 -5.6698e-01 -4.5387e-01 -1.5156e+00 -3.3300e-01
12 +8.056798734e+01 +8.056798734e+01 +6.779798734e+01 +6.779798734e+01 +1.7583e+00 -3.6305e-01 -3.2113e-01 -9.4715e-01 -2.0101e+00
15 +6.385704666e+01 +6.385704666e+01 +5.108704666e+01 +5.108704666e+01 +5.1946e-01 -6.0167e-01 -5.0245e-01 -1.3730e+00 -1.3690e+00
59 +5.164246968e+01 +5.164246968e+01 +3.887246968e+01 +3.887246968e+01 -1.0874e-01 +5.0634e-02 -1.6629e+00 -9.6976e-01 -1.7336e+00
90 +4.517816620e+01 +4.517816620e+01 +3.240816620e+01 +3.240816620e+01 -3.7780e-01 +2.3323e+00 -1.6622e+00 -4.7098e-01 -1.3290e+00
185 +3.846337771e+01 +3.846337771e+01 +2.569337771e+01 +2.569337771e+01 -1.5705e+00 +2.3418e+00 -2.6837e+00 -2.4327e-01 -1.9916e+00
191 +3.387019139e+01 +3.387019139e+01 +2.110019139e+01 +2.110019139e+01 -1.3308e+00 +2.1973e+00 -2.7117e+00 -1.7955e-01 -1.2589e+00
247 +3.184930116e+01 +3.184930116e+01 +1.907930116e+01 +1.907930116e+01 -1.5524e+00 +2.2394e+00 -2.7322e+00 -2.2959e-01 -1.2692e+00
266 +3.029135164e+01 +3.029135164e+01 +1.752135164e+01 +1.752135164e+01 -1.4129e+00 +2.3026e+00 -2.7691e+00 -1.8258e-01 -1.2802e+00
307 +2.938709033e+01 +2.938709033e+01 +1.661709033e+01 +1.661709033e+01 -1.4584e+00 +2.2943e+00 -2.7739e+00 -2.3914e-01 -1.2756e+00
57268 +2.763545771e+01 +2.763545771e+01 +1.486545771e+01 +1.486545771e+01 +2.8744e+00 +2.2115e+00 -2.6181e+00 -2.2266e-01 -1.6985e+00
57286 +2.233137814e+01 +2.233137814e+01 +9.561378143e+00 +9.561378143e+00 +2.6237e+00 +3.5493e+00 -1.6783e+00 +6.2196e-01 -1.9178e+00
57517 +2.065947110e+01 +2.065947110e+01 +7.889471105e+00 +7.889471105e+00 +1.7670e+00 +3.0822e+00 -2.1979e+00 +1.0489e+00 -1.2567e+00
57523 +1.990125517e+01 +1.990125517e+01 +7.131255172e+00 +7.131255172e+00 +1.6249e+00 +3.1015e+00 -2.2707e+00 +1.1239e+00 -1.2704e+00
57544 +1.675336143e+01 +1.675336143e+01 +3.983361427e+00 +3.983361427e+00 +1.8595e+00 +3.0187e+00 -2.2277e+00 +1.1031e+00 -1.2674e+00
57592 +1.645934602e+01 +1.645934602e+01 +3.689346024e+00 +3.689346024e+00 +1.7990e+00 +3.0983e+00 -2.2057e+00 +1.0986e+00 -1.3225e+00
57605 +1.578225208e+01 +1.578225208e+01 +3.012252077e+00 +3.012252077e+00 +1.7947e+00 +3.0944e+00 -2.1725e+00 +1.0958e+00 -1.3193e+00
57617 +1.520638149e+01 +1.520638149e+01 +2.436381492e+00 +2.436381492e+00 +1.7305e+00 +3.1219e+00 -2.1811e+00 +1.0936e+00 -1.2958e+00
57625 +1.441783977e+01 +1.441783977e+01 +1.647839771e+00 +1.647839771e+00 +1.6802e+00 +3.1085e+00 -2.1661e+00 +1.1133e+00 -1.2815e+00
57640 +1.411501242e+01 +1.411501242e+01 +1.345012416e+00 +1.345012416e+00 +1.7197e+00 +3.1065e+00 -2.1782e+00 +1.1058e+00 -1.2682e+00
57668 +1.350488872e+01 +1.350488872e+01 +7.348887237e-01 +7.348887237e-01 +1.7282e+00 +3.0724e+00 -2.1603e+00 +1.1028e+00 -1.2855e+00
57690 +1.345162340e+01 +1.345162340e+01 +6.816234020e-01 +6.816234020e-01 +1.7017e+00 +3.0558e+00 -2.1778e+00 +1.1160e+00 -1.2688e+00
57702 +1.312809089e+01 +1.312809089e+01 +3.580908868e-01 +3.580908868e-01 +1.7090e+00 +3.0488e+00 -2.1811e+00 +1.1056e+00 -1.2667e+00
209183 +1.231993679e+01 +1.231993679e+01 -4.500632071e-01 -4.500632071e-01 +1.8268e+00 +2.2170e+00 -2.1879e+00 -6.8460e-01 -1.3003e+00
209186 +1.160314158e+01 +1.160314158e+01 -1.166858423e+00 -1.166858423e+00 +1.8292e+00 +2.2999e+00 -2.1868e+00 -7.0057e-01 -1.2649e+00
209243 +1.124254270e+01 +1.124254270e+01 -1.527457295e+00 -1.527457295e+00 +1.7643e+00 +2.2840e+00 -2.1846e+00 -6.8650e-01 -1.3158e+00
209250 +1.063171757e+01 +1.063171757e+01 -2.138282425e+00 -2.138282425e+00 +1.7715e+00 +2.2677e+00 -2.1758e+00 -6.9116e-01 -1.2947e+00
209262 +1.037261310e+01 +1.037261310e+01 -2.397386896e+00 -2.397386896e+00 +1.7073e+00 +2.2851e+00 -2.1669e+00 -7.0354e-01 -1.2934e+00
209272 +1.015706826e+01 +1.015706826e+01 -2.612931741e+00 -2.612931741e+00 +1.6854e+00 +2.3015e+00 -2.1717e+00 -6.9194e-01 -1.2952e+00
209339 +9.974916759e+00 +9.974916759e+00 -2.795083241e+00 -2.795083241e+00 +1.7228e+00 +2.2970e+00 -2.1779e+00 -6.9176e-01 -1.2820e+00
381654 +8.780217092e+00 +8.780217092e+00 -3.989782908e+00 -3.989782908e+00 +1.7630e+00 +1.4801e+00 -2.7787e+00 -1.7153e-01 -1.6487e+00
381660 +8.238738490e+00 +8.238738490e+00 -4.531261510e+00 -4.531261510e+00 +1.7729e+00 +1.4754e+00 -2.7645e+00 -2.0490e-01 -1.6061e+00
381672 +6.968092799e+00 +6.968092799e+00 -5.801907201e+00 -5.801907201e+00 +1.7770e+00 +1.4437e+00 -2.7802e+00 -2.0114e-01 -1.6448e+00
381699 +6.797176057e+00 +6.797176057e+00 -5.972823943e+00 -5.972823943e+00 +1.7957e+00 +1.4548e+00 -2.7749e+00 -2.2253e-01 -1.6402e+00
381718 +6.685677310e+00 +6.685677310e+00 -6.084322690e+00 -6.084322690e+00 +1.7824e+00 +1.4463e+00 -2.7811e+00 -2.1614e-01 -1.6417e+00
381732 +6.428927041e+00 +6.428927041e+00 -6.341072959e+00 -6.341072959e+00 +1.7672e+00 +1.4558e+00 -2.7802e+00 -2.2484e-01 -1.6393e+00
381753 +6.298755528e+00 +6.298755528e+00 -6.471244472e+00 -6.471244472e+00 +1.7243e+00 +1.4700e+00 -2.7556e+00 -2.0865e-01 -1.6502e+00
381767 +6.067825599e+00 +6.067825599e+00 -6.702174401e+00 -6.702174401e+00 +1.7100e+00 +1.4767e+00 -2.7672e+00 -2.1987e-01 -1.6476e+00
381838 +6.008202928e+00 +6.008202928e+00 -6.761797072e+00 -6.761797072e+00 +1.7238e+00 +1.4728e+00 -2.7825e+00 -2.1855e-01 -1.6427e+00
% function evaluation | noise-free fitness - Fopt (-1.000000000000e+03) | best noise-free fitness - Fopt | measured fitness | best measured fitness | x1 | x2...
1 +1.141418558e+02 +1.141418558e+02 -8.858581442e+02 -8.858581442e+02 +0.0000e+00 +0.0000e+00 +0.0000e+00 +0.0000e+00 +0.0000e+00
2 +8.034741969e+01 +8.034741969e+01 -9.196525803e+02 -9.196525803e+02 -1.3565e+00 +5.9782e-01 -1.8291e+00 -4.2595e-01 -4.2327e-01
9 +7.445534215e+01 +7.445534215e+01 -9.255446578e+02 -9.255446578e+02 +2.1231e+00 -1.8698e+00 -9.8558e-01 +1.4722e+00 -1.6626e+00
22 +7.216497213e+01 +7.216497213e+01 -9.278350279e+02 -9.278350279e+02 +2.1458e+00 -2.0889e+00 -2.1156e+00 +1.4716e+00 -1.9702e+00
23 +5.034475101e+01 +5.034475101e+01 -9.496552490e+02 -9.496552490e+02 +2.1098e+00 -2.7252e+00 -1.4305e+00 +6.7288e-01 -2.6012e+00
68 +4.809966813e+01 +4.809966813e+01 -9.519003319e+02 -9.519003319e+02 +2.2298e+00 -4.2992e+00 -3.0934e+00 +2.6749e-01 -6.0622e-01
87 +4.323810848e+01 +4.323810848e+01 -9.567618915e+02 -9.567618915e+02 +1.0367e+00 -2.6645e+00 -2.6960e+00 -6.7781e-01 -1.2622e+00
96 +4.083935164e+01 +4.083935164e+01 -9.591606484e+02 -9.591606484e+02 +2.1086e+00 -3.3735e+00 -2.5145e+00 -6.3517e-01 -7.9051e-01
101 +1.408207466e+01 +1.408207466e+01 -9.859179253e+02 -9.859179253e+02 +9.4194e-01 -2.8262e+00 -3.2084e+00 -2.3120e-01 -2.0757e+00
61785 +1.323981643e+01 +1.323981643e+01 -9.867601836e+02 -9.867601836e+02 -1.9861e+00 -2.8710e+00 -2.5600e+00 +5.5188e-01 -1.6909e+00
61794 +1.142819665e+01 +1.142819665e+01 -9.885718034e+02 -9.885718034e+02 -2.0886e+00 -2.9094e+00 -2.6028e+00 +6.1616e-01 -1.7298e+00
61803 +9.570802256e+00 +9.570802256e+00 -9.904291977e+02 -9.904291977e+02 -1.9648e+00 -2.9104e+00 -2.6013e+00 +6.1170e-01 -1.7508e+00
61804 +5.699149488e+00 +5.699149488e+00 -9.943008505e+02 -9.943008505e+02 -2.0646e+00 -2.8312e+00 -2.5679e+00 +6.3384e-01 -1.7246e+00
61817 +4.892092922e+00 +4.892092922e+00 -9.951079071e+02 -9.951079071e+02 -1.9945e+00 -2.7468e+00 -2.5895e+00 +6.2440e-01 -1.7392e+00
61826 +4.490612464e+00 +4.490612464e+00 -9.955093875e+02 -9.955093875e+02 -1.9968e+00 -2.8039e+00 -2.5384e+00 +6.2047e-01 -1.7091e+00
61835 +4.292348692e+00 +4.292348692e+00 -9.957076513e+02 -9.957076513e+02 -1.9412e+00 -2.7919e+00 -2.5798e+00 +6.1593e-01 -1.7289e+00
61837 +3.762110989e+00 +3.762110989e+00 -9.962378890e+02 -9.962378890e+02 -1.9739e+00 -2.8077e+00 -2.5451e+00 +6.2757e-01 -1.7164e+00
61852 +3.698351154e+00 +3.698351154e+00 -9.963016488e+02 -9.963016488e+02 -1.9970e+00 -2.8399e+00 -2.5623e+00 +6.3060e-01 -1.7202e+00
61865 +3.508759010e+00 +3.508759010e+00 -9.964912410e+02 -9.964912410e+02 -1.9980e+00 -2.8278e+00 -2.5578e+00 +6.3659e-01 -1.7223e+00
61873 +3.221188079e+00 +3.221188079e+00 -9.967788119e+02 -9.967788119e+02 -1.9933e+00 -2.8106e+00 -2.5689e+00 +6.3818e-01 -1.7283e+00
61885 +3.106662289e+00 +3.106662289e+00 -9.968933377e+02 -9.968933377e+02 -1.9987e+00 -2.8095e+00 -2.5660e+00 +6.2950e-01 -1.7239e+00
61916 +3.082131824e+00 +3.082131824e+00 -9.969178682e+02 -9.969178682e+02 -1.9838e+00 -2.8023e+00 -2.5651e+00 +6.2636e-01 -1.7262e+00
62007 +3.011112125e+00 +3.011112125e+00 -9.969888879e+02 -9.969888879e+02 -1.9892e+00 -2.8064e+00 -2.5716e+00 +6.3174e-01 -1.7269e+00
% function evaluation | noise-free fitness - Fopt (-1.000000000000e+03) | best noise-free fitness - Fopt | measured fitness | best measured fitness | x1 | x2...
1 +1.215938098e+02 +1.215938098e+02 -8.784061902e+02 -8.784061902e+02 +0.0000e+00 +0.0000e+00 +0.0000e+00 +0.0000e+00 +0.0000e+00
4 +9.212971423e+01 +9.212971423e+01 -9.078702858e+02 -9.078702858e+02 +1.1820e+00 -8.5696e-01 -2.4377e-02 +7.7494e-01 -1.5055e+00
24 +6.060401218e+01 +6.060401218e+01 -9.393959878e+02 -9.393959878e+02 -7.3195e-02 -7.3743e-01 +2.1245e+00 +1.2891e+00 -3.6046e-01
57 +5.844651142e+01 +5.844651142e+01 -9.415534886e+02 -9.415534886e+02 -4.6379e-01 +1.5569e+00 +5.7426e-01 +2.9201e+00 -4.7961e-01
61 +4.270825369e+01 +4.270825369e+01 -9.572917463e+02 -9.572917463e+02 -5.6367e-02 -1.3487e+00 +1.4464e+00 +3.3904e+00 -5.2641e-01
62 +4.151011635e+01 +4.151011635e+01 -9.584898836e+02 -9.584898836e+02 -2.1645e-01 -8.2085e-01 +1.2856e+00 +3.4075e+00 -5.2454e-01
74 +2.382429507e+01 +2.382429507e+01 -9.761757049e+02 -9.761757049e+02 -1.1221e+00 -7.6976e-01 +1.4914e+00 +4.3999e+00 -1.0587e+00
253 +1.803190887e+01 +1.803190887e+01 -9.819680911e+02 -9.819680911e+02 -1.1140e+00 -1.5614e+00 +9.3727e-01 +3.9204e+00 -7.8766e-01
283 +1.700408744e+01 +1.700408744e+01 -9.829959126e+02 -9.829959126e+02 -1.1128e+00 -1.5114e+00 +9.4208e-01 +3.9433e+00 -8.1654e-01
319 +1.425285520e+01 +1.425285520e+01 -9.857471448e+02 -9.857471448e+02 -1.2045e+00 -1.5743e+00 +9.3391e-01 +3.9289e+00 -8.1530e-01
326 +1.392646077e+01 +1.392646077e+01 -9.860735392e+02 -9.860735392e+02 -1.1551e+00 -1.5494e+00 +9.3616e-01 +3.9315e+00 -8.2629e-01
343 +1.296742670e+01 +1.296742670e+01 -9.870325733e+02 -9.870325733e+02 -1.1762e+00 -1.5635e+00 +9.1569e-01 +3.9448e+00 -8.1140e-01
364 +1.262216496e+01 +1.262216496e+01 -9.873778350e+02 -9.873778350e+02 -1.1784e+00 -1.5838e+00 +8.8908e-01 +3.9477e+00 -8.1155e-01
377 +1.228752598e+01 +1.228752598e+01 -9.877124740e+02 -9.877124740e+02 -1.1757e+00 -1.5964e+00 +9.0366e-01 +3.9559e+00 -8.1974e-01
495 +1.202033908e+01 +1.202033908e+01 -9.879796609e+02 -9.879796609e+02 -1.1639e+00 -1.6175e+00 +9.1536e-01 +3.9490e+00 -8.2011e-01
70279 +9.830588939e+00 +9.830588939e+00 -9.901694111e+02 -9.901694111e+02 -1.9084e-01 +6.8109e-01 +8.2060e-01 +3.4596e+00 -4.9169e-01
70321 +7.643547104e+00 +7.643547104e+00 -9.923564529e+02 -9.923564529e+02 -1.5433e-01 +6.7945e-01 +8.6960e-01 +3.4826e+00 -5.0181e-01
70330 +7.489219808e+00 +7.489219808e+00 -9.925107802e+02 -9.925107802e+02 -1.3686e-01 +6.9097e-01 +8.6253e-01 +3.4733e+00 -4.8323e-01
70342 +7.310477202e+00 +7.310477202e+00 -9.926895228e+02 -9.926895228e+02 -1.4291e-01 +6.8118e-01 +8.6753e-01 +3.4561e+00 -4.6232e-01
70369 +6.359404461e+00 +6.359404461e+00 -9.936405955e+02 -9.936405955e+02 -1.5642e-01 +6.8618e-01 +9.0708e-01 +3.4889e+00 -4.4720e-01
70375 +6.048954296e+00 +6.048954296e+00 -9.939510457e+02 -9.939510457e+02 -1.6306e-01 +6.8044e-01 +9.0709e-01 +3.4752e+00 -4.6729e-01
70472 +5.999268219e+00 +5.999268219e+00 -9.940007318e+02 -9.940007318e+02 -1.7212e-01 +6.7132e-01 +9.0561e-01 +3.4799e+00 -4.6413e-01
