% function evaluation | noise-free fitness - Fopt (-4.620900000000e+02) | best noise-free fitness - Fopt | measured fitness | best measured fitness | x1 | x2...
1 +9.180962943e+01 +9.180962943e+01 -3.702803706e+02 -3.702803706e+02 +0.0000e+00 +0.0000e+00 +0.0000e+00
4 +3.261626759e+01 +3.261626759e+01 -4.294737324e+02 -4.294737324e+02 +1.0273e+00 +2.4505e+00 +1.9030e+00
39 +2.433933414e+01 +2.433933414e+01 -4.377506659e+02 -4.377506659e+02 +9.2044e-01 +2.2035e+00 +2.8579e+00
55 +2.142795419e+01 +2.142795419e+01 -4.406620458e+02 -4.406620458e+02 -2.5808e+00 +2.4436e+00 +2.5219e+00
64 +1.971396416e+01 +1.971396416e+01 -4.423760358e+02 -4.423760358e+02 -4.6310e+00 +2.3666e+00 +2.1747e+00
72 +1.516446660e+01 +1.516446660e+01 -4.469255334e+02 -4.469255334e+02 -2.4920e+00 +1.6750e+00 +3.1827e+00
93 +9.831756680e+00 +9.831756680e+00 -4.522582433e+02 -4.522582433e+02 -3.3277e+00 +2.9672e+00 +2.2318e+00
176 +7.863825252e+00 +7.863825252e+00 -4.542261747e+02 -4.542261747e+02 -3.3979e+00 +2.3691e+00 +2.1745e+00
227 +1.832249987e+00 +1.832249987e+00 -4.602577500e+02 -4.602577500e+02 -2.2673e+00 +2.3419e+00 +2.2169e+00
280 +3.536400935e-01 +3.536400935e-01 -4.617363599e+02 -4.617363599e+02 -2.3233e+00 +2.2787e+00 +2.2106e+00
304 +1.760823426e-01 +1.760823426e-01 -4.619139177e+02 -4.619139177e+02 -2.3352e+00 +2.2839e+00 +2.2142e+00
334 +5.460838964e-02 +5.460838964e-02 -4.620353916e+02 -4.620353916e+02 -2.3544e+00 +2.2972e+00 +2.2164e+00
361 +4.283491564e-02 +4.283491564e-02 -4.620471651e+02 -4.620471651e+02 -2.3409e+00 +2.3083e+00 +2.2143e+00
364 +1.986778802e-02 +1.986778802e-02 -4.620701322e+02 -4.620701322e+02 -2.3347e+00 +2.3044e+00 +2.2137e+00
380 +1.938488723e-02 +1.938488723e-02 -4.620706151e+02 -4.620706151e+02 -2.3472e+00 +2.2983e+00 +2.2113e+00
397 +9.099198704e-03 +9.099198704e-03 -4.620809008e+02 -4.620809008e+02 -2.3445e+00 +2.3034e+00 +2.2139e+00
403 +5.092812040e-03 +5.092812040e-03 -4.620849072e+02 -4.620849072e+02 -2.3378e+00 +2.3020e+00 +2.2130e+00
418 +2.322754470e-03 +2.322754470e-03 -4.620876772e+02 -4.620876772e+02 -2.3385e+00 +2.3004e+00 +2.2143e+00
435 +2.266777554e-04 +2.266777554e-04 -4.620897733e+02 -4.620897733e+02 -2.3415e+00 +2.2996e+00 +2.2137e+00
468 +1.070910948e-04 +1.070910948e-04 -4.620898929e+02 -4.620898929e+02 -2.3402e+00 +2.3003e+00 +2.2136e+00
490 +3.528409366e-05 +3.528409366e-05 -4.620899647e+02 -4.620899647e+02 -2.3411e+00 +2.3000e+00 +2.2135e+00
534 +3.219867546e-05 +3.219867546e-05 -4.620899678e+02 -4.620899678e+02 -2.3410e+00 +2.3002e+00 +2.2137e+00
538 +2.646624313e-05 +2.646624313e-05 -4.620899735e+02 -4.620899735e+02 -2.3410e+00 +2.3001e+00 +2.2135e+00
542 +1.582809665e-05 +1.582809665e-05 -4.620899842e+02 -4.620899842e+02 -2.3410e+00 +2.3000e+00 +2.2137e+00
554 +6.787662983e-06 +6.787662983e-06 -4.620899932e+02 -4.620899932e+02 -2.3407e+00 +2.2999e+00 +2.2136e+00
618 +2.417981307e-06 +2.417981307e-06 -4.620899976e+02 -4.620899976e+02 -2.3408e+00 +2.2999e+00 +2.2136e+00
646 +1.696421236e-06 +1.696421236e-06 -4.620899983e+02 -4.620899983e+02 -2.3408e+00 +2.3000e+00 +2.2136e+00
648 +7.067297929e-07 +7.067297929e-07 -4.620899993e+02 -4.620899993e+02 -2.3408e+00 +2.3000e+00 +2.2136e+00
673 +3.967700195e-07 +3.967700195e-07 -4.620899996e+02 -4.620899996e+02 -2.3408e+00 +2.3000e+00 +2.2136e+00
681 +1.797129130e-07 +1.797129130e-07 -4.620899998e+02 -4.620899998e+02 -2.3408e+00 +2.3000e+00 +2.2136e+00
702 +6.326951052e-08 +6.326951052e-08 -4.620899999e+02 -4.620899999e+02 -2.3408e+00 +2.3000e+00 +2.2136e+00
710 +5.284380222e-08 +5.284380222e-08 -4.620899999e+02 -4.620899999e+02 -2.3408e+00 +2.3000e+00 +2.2136e+00
731 +5.166253914e-08 +5.166253914e-08 -4.620899999e+02 -4.620899999e+02 -2.3408e+00 +2.3000e+00 +2.2136e+00
807 +1.441725317e-08 +1.441725317e-08 -4.620900000e+02 -4.620900000e+02 -2.3408e+00 +2.3000e+00 +2.2136e+00
819 +1.276748662e-08 +1.276748662e-08 -4.620900000e+02 -4.620900000e+02 -2.3408e+00 +2.3000e+00 +2.2136e+00
824 +5.404842796e-09 +5.404842796e-09 -4.620900000e+02 -4.620900000e+02 -2.3408e+00 +2.3000e+00 +2.2136e+00
1192 +0.000000000e+00 +0.000000000e+00 -4.620900000e+02 -4.620900000e+02 -2.3408e+00 +2.3000e+00 +2.2136e+00
% function evaluation | noise-free fitness - Fopt (7.766000000000e+01) | best noise-free fitness - Fopt | measured fitness | best measured fitness | x1 | x2...
1 +7.373269304e+01 +7.373269304e+01 +1.513926930e+02 +1.513926930e+02 +0.0000e+00 +0.0000e+00 +0.0000e+00
2 +4.129684801e+01 +4.129684801e+01 +1.189568480e+02 +1.189568480e+02 -5.3564e-01 -5.4615e-01 -2.9195e-01
4 +2.081744724e+01 +2.081744724e+01 +9.847744724e+01 +9.847744724e+01 +1.4720e+00 +7.4380e-01 -1.2381e+00
108 +1.591780392e+01 +1.591780392e+01 +9.357780392e+01 +9.357780392e+01 +2.1262e-01 -1.9111e+00 -9.4393e-01
109 +1.299638028e+01 +1.299638028e+01 +9.065638028e+01 +9.065638028e+01 -5.6668e-01 -1.5151e+00 -1.2711e+00
166 +1.072742977e+01 +1.072742977e+01 +8.838742977e+01 +8.838742977e+01 +1.4230e+00 -1.3278e+00 -1.9758e+00
187 +5.772517253e+00 +5.772517253e+00 +8.343251725e+01 +8.343251725e+01 +4.1296e-01 -9.0801e-01 -1.2690e+00
330 +4.772200939e+00 +4.772200939e+00 +8.243220094e+01 +8.243220094e+01 +2.3331e+00 -9.2802e-01 -1.2993e+00
382 +4.100079624e+00 +4.100079624e+00 +8.176007962e+01 +8.176007962e+01 +2.3658e+00 -9.3044e-01 -1.5892e+00
383 +3.282388770e+00 +3.282388770e+00 +8.094238877e+01 +8.094238877e+01 +2.4212e+00 -9.1170e-01 -1.5933e+00
400 +2.727347862e+00 +2.727347862e+00 +8.038734786e+01 +8.038734786e+01 +2.4632e+00 -8.1349e-01 -1.5794e+00
416 +1.787439601e+00 +1.787439601e+00 +7.944743960e+01 +7.944743960e+01 +2.3579e+00 -8.7876e-01 -1.5881e+00
420 +1.196635063e+00 +1.196635063e+00 +7.885663506e+01 +7.885663506e+01 +2.3934e+00 -8.6994e-01 -1.5767e+00
452 +1.059027244e+00 +1.059027244e+00 +7.871902724e+01 +7.871902724e+01 +2.3812e+00 -8.5384e-01 -1.5818e+00
474 +1.037943070e+00 +1.037943070e+00 +7.869794307e+01 +7.869794307e+01 +2.4027e+00 -8.6098e-01 -1.5791e+00
483 +1.018114103e+00 +1.018114103e+00 +7.867811410e+01 +7.867811410e+01 +2.3966e+00 -8.5859e-01 -1.5845e+00
526 +9.963930026e-01 +9.963930026e-01 +7.865639300e+01 +7.865639300e+01 +2.4009e+00 -8.5584e-01 -1.5817e+00
% function evaluation | noise-free fitness - Fopt (1.156800000000e+02) | best noise-free fitness - Fopt | measured fitness | best measured fitness | x1 | x2...
1 +4.079349721e+01 +4.079349721e+01 +1.564734972e+02 +1.564734972e+02 +0.0000e+00 +0.0000e+00 +0.0000e+00
3 +4.063649673e+01 +4.063649673e+01 +1.563164967e+02 +1.563164967e+02 -1.0036e+00 -6.7420e-01 +6.8144e-01
14 +3.634448797e+01 +3.634448797e+01 +1.520244880e+02 +1.520244880e+02 -1.2322e+00 +6.4259e-01 +1.1775e+00
16 +1.651114877e+01 +1.651114877e+01 +1.321911488e+02 +1.321911488e+02 +1.0292e+00 -4.7483e-01 +2.6367e-01
49 +1.518053764e+01 +1.518053764e+01 +1.308605376e+02 +1.308605376e+02 -1.0981e+00 -2.9778e-01 +2.2373e-01
94 +7.705944033e+00 +7.705944033e+00 +1.233859440e+02 +1.233859440e+02 -2.2726e+00 -1.5264e+00 +8.8882e-01
117 +1.348109254e+00 +1.348109254e+00 +1.170281093e+02 +1.170281093e+02 -2.1862e+00 -1.0061e+00 -6.7872e-02
284488 +1.316931892e+00 +1.316931892e+00 +1.169969319e+02 +1.169969319e+02 -2.1929e+00 -9.6226e-01 +5.9799e-01
284509 +1.149691940e+00 +1.149691940e+00 +1.168296919e+02 +1.168296919e+02 -2.2010e+00 -9.8772e-01 +6.1439e-01
284518 +1.130734772e+00 +1.130734772e+00 +1.168107348e+02 +1.168107348e+02 -2.2034e+00 -9.8133e-01 +6.0134e-01
284522 +1.047600914e+00 +1.047600914e+00 +1.167276009e+02 +1.167276009e+02 -2.1873e+00 -9.8891e-01 +6.1148e-01
284524 +1.041435467e+00 +1.041435467e+00 +1.167214355e+02 +1.167214355e+02 -2.1897e+00 -9.8471e-01 +5.9970e-01
284559 +1.013459548e+00 +1.013459548e+00 +1.166934595e+02 +1.166934595e+02 -2.1808e+00 -9.8809e-01 +6.0584e-01
284652 +9.985927111e-01 +9.985927111e-01 +1.166785927e+02 +1.166785927e+02 -2.1789e+00 -9.8511e-01 +6.0740e-01
% function evaluation | noise-free fitness - Fopt (-3.710000000000e+00) | best noise-free fitness - Fopt | measured fitness | best measured fitness | x1 | x2...
1 +7.156572542e+01 +7.156572542e+01 +6.785572542e+01 +6.785572542e+01 +0.0000e+00 +0.0000e+00 +0.0000e+00
10 +4.093921536e+01 +4.093921536e+01 +3.722921536e+01 +3.722921536e+01 +2.3613e+00 -4.9657e-01 +1.1751e+00
25 +6.103570661e+00 +6.103570661e+00 +2.393570661e+00 +2.393570661e+00 +2.0814e+00 -2.3719e+00 +1.4593e+00
199 +4.477248862e+00 +4.477248862e+00 +7.672488623e-01 +7.672488623e-01 +3.0894e+00 -2.2465e+00 +1.4470e+00
202 +3.970850739e+00 +3.970850739e+00 +2.608507391e-01 +2.608507391e-01 +3.0695e+00 -2.3607e+00 +1.4823e+00
237 +3.127142199e+00 +3.127142199e+00 -5.828578009e-01 -5.828578009e-01 +3.1023e+00 -2.3299e+00 +1.4955e+00
262 +2.419023967e+00 +2.419023967e+00 -1.290976033e+00 -1.290976033e+00 +3.1897e+00 -2.2586e+00 +1.4757e+00
284 +1.791875054e+00 +1.791875054e+00 -1.918124946e+00 -1.918124946e+00 +3.1832e+00 -2.2847e+00 +1.4752e+00
303 +1.202496118e+00 +1.202496118e+00 -2.507503882e+00 -2.507503882e+00 +3.1551e+00 -2.2970e+00 +1.4724e+00
326 +1.185501103e+00 +1.185501103e+00 -2.524498897e+00 -2.524498897e+00 +3.1498e+00 -2.2984e+00 +1.4717e+00
342 +1.066821904e+00 +1.066821904e+00 -2.643178096e+00 -2.643178096e+00 +3.1024e+00 -2.2950e+00 +1.4715e+00
387 +1.026467524e+00 +1.026467524e+00 -2.683532476e+00 -2.683532476e+00 +3.1257e+00 -2.2886e+00 +1.4743e+00
428 +1.022798993e+00 +1.022798993e+00 -2.687201007e+00 -2.687201007e+00 +3.1260e+00 -2.3002e+00 +1.4721e+00
445 +9.975973942e-01 +9.975973942e-01 -2.712402606e+00 -2.712402606e+00 +3.1175e+00 -2.2936e+00 +1.4731e+00
% function evaluation | noise-free fitness - Fopt (1.321800000000e+02) | best noise-free fitness - Fopt | measured fitness | best measured fitness | x1 | x2...
1 +1.579813147e+02 +1.579813147e+02 +2.901613147e+02 +2.901613147e+02 +0.0000e+00 +0.0000e+00 +0.0000e+00
3 +1.073320222e+02 +1.073320222e+02 +2.395120222e+02 +2.395120222e+02 -3.4219e+00 -2.8561e+00 +2.2474e+00
12 +9.898989954e+01 +9.898989954e+01 +2.311698995e+02 +2.311698995e+02 -2.4786e+00 -2.7894e+00 +3.4192e+00
13 +7.941341829e+01 +7.941341829e+01 +2.115934183e+02 +2.115934183e+02 -4.5285e+00 -2.5630e+00 +2.7370e+00
16 +4.171368563e+01 +4.171368563e+01 +1.738936856e+02 +1.738936856e+02 -4.8159e+00 -1.0825e+00 +3.4343e+00
29 +4.022968172e+01 +4.022968172e+01 +1.724096817e+02 +1.724096817e+02 -7.6526e+00 -6.6637e-01 +3.8338e+00
61 +3.670694471e+01 +3.670694471e+01 +1.688869447e+02 +1.688869447e+02 -5.3526e+00 -1.0275e-01 +3.0776e+00
74 +2.438147558e+01 +2.438147558e+01 +1.565614756e+02 +1.565614756e+02 -3.8837e+00 +2.5497e+00 +4.4002e+00
79 +1.764385453e+01 +1.764385453e+01 +1.498238545e+02 +1.498238545e+02 -1.7351e+00 +2.1657e+00 +4.1052e+00
175 +1.465348657e+01 +1.465348657e+01 +1.468334866e+02 +1.468334866e+02 -2.7477e+00 +9.9742e-01 +4.4398e+00
237 +1.355890327e+01 +1.355890327e+01 +1.457389033e+02 +1.457389033e+02 -1.7317e+00 +1.4132e+00 +4.1795e+00
292 +9.378375811e+00 +9.378375811e+00 +1.415583758e+02 +1.415583758e+02 -4.7955e+00 +8.6892e-01 +3.7481e+00
307 +9.180532721e+00 +9.180532721e+00 +1.413605327e+02 +1.413605327e+02 -4.8536e+00 +1.0026e+00 +3.4718e+00
310 +5.448336485e+00 +5.448336485e+00 +1.376283365e+02 +1.376283365e+02 -4.7300e+00 +1.4267e+00 +3.4288e+00
42357 +5.058743771e+00 +5.058743771e+00 +1.372387438e+02 +1.372387438e+02 -3.6875e+00 +1.4902e+00 +4.0907e+00
42455 +4.819803764e+00 +4.819803764e+00 +1.369998038e+02 +1.369998038e+02 -3.6708e+00 +1.5433e+00 +3.1556e+00
42470 +3.054425088e+00 +3.054425088e+00 +1.352344251e+02 +1.352344251e+02 -3.8423e+00 +1.5441e+00 +3.4703e+00
42559 +6.371895572e-01 +6.371895572e-01 +1.328171896e+02 +1.328171896e+02 -3.8159e+00 +1.4842e+00 +3.4544e+00
42578 +4.553997778e-01 +4.553997778e-01 +1.326353998e+02 +1.326353998e+02 -3.7596e+00 +1.5091e+00 +3.4608e+00
42624 +4.365217412e-01 +4.365217412e-01 +1.326165217e+02 +1.326165217e+02 -3.7212e+00 +1.4920e+00 +3.4649e+00
42633 +2.738676089e-01 +2.738676089e-01 +1.324538676e+02 +1.324538676e+02 -3.7296e+00 +1.4865e+00 +3.4561e+00
42645 +2.508269832e-01 +2.508269832e-01 +1.324308270e+02 +1.324308270e+02 -3.7308e+00 +1.4770e+00 +3.4663e+00
42656 +2.414046943e-01 +2.414046943e-01 +1.324214047e+02 +1.324214047e+02 -3.7299e+00 +1.4731e+00 +3.4621e+00
42662 +1.992907805e-01 +1.992907805e-01 +1.323792908e+02 +1.323792908e+02 -3.7354e+00 +1.4890e+00 +3.4632e+00
42667 +1.454644394e-01 +1.454644394e-01 +1.323254644e+02 +1.323254644e+02 -3.7398e+00 +1.4868e+00 +3.4615e+00
42674 +9.966017349e-02 +9.966017349e-02 +1.322796602e+02 +1.322796602e+02 -3.7435e+00 +1.4870e+00 +3.4602e+00
42686 +8.010079778e-02 +8.010079778e-02 +1.322601008e+02 +1.322601008e+02 -3.7446e+00 +1.4859e+00 +3.4630e+00
42689 +7.506412121e-02 +7.506412121e-02 +1.322550641e+02 +1.322550641e+02 -3.7473e+00 +1.4825e+00 +3.4653e+00
42693 +2.524382545e-02 +2.524382545e-02 +1.322052438e+02 +1.322052438e+02 -3.7531e+00 +1.4837e+00 +3.4623e+00
42721 +1.428034033e-02 +1.428034033e-02 +1.321942803e+02 +1.321942803e+02 -3.7557e+00 +1.4822e+00 +3.4617e+00
42724 +1.294727683e-02 +1.294727683e-02 +1.321929473e+02 +1.321929473e+02 -3.7573e+00 +1.4840e+00 +3.4631e+00
42727 +9.112472026e-03 +9.112472026e-03 +1.321891125e+02 +1.321891125e+02 -3.7573e+00 +1.4833e+00 +3.4620e+00
42749 +7.357408911e-04 +7.357408911e-04 +1.321807357e+02 +1.321807357e+02 -3.7644e+00 +1.4820e+00 +3.4622e+00
42788 +2.716266387e-04 +2.716266387e-04 +1.321802716e+02 +1.321802716e+02 -3.7636e+00 +1.4826e+00 +3.4613e+00
42816 +8.261813085e-05 +8.261813085e-05 +1.321800826e+02 +1.321800826e+02 -3.7640e+00 +1.4822e+00 +3.4618e+00
42822 +6.322891517e-05 +6.322891517e-05 +1.321800632e+02 +1.321800632e+02 -3.7644e+00 +1.4823e+00 +3.4615e+00
42844 +2.238730542e-05 +2.238730542e-05 +1.321800224e+02 +1.321800224e+02 -3.7642e+00 +1.4824e+00 +3.4615e+00
42864 +1.196833369e-05 +1.196833369e-05 +1.321800120e+02 +1.321800120e+02 -3.7642e+00 +1.4823e+00 +3.4616e+00
42865 +6.505967093e-06 +6.505967093e-06 +1.321800065e+02 +1.321800065e+02 -3.7641e+00 +1.4823e+00 +3.4616e+00
42877 +2.740583994e-06 +2.740583994e-06 +1.321800027e+02 +1.321800027e+02 -3.7640e+00 +1.4824e+00 +3.4616e+00
42880 +2.589176546e-06 +2.589176546e-06 +1.321800026e+02 +1.321800026e+02 -3.7640e+00 +1.4824e+00 +3.4616e+00
42949 +2.514824388e-06 +2.514824388e-06 +1.321800025e+02 +1.321800025e+02 -3.7639e+00 +1.4824e+00 +3.4616e+00
42975 +2.234712952e-06 +2.234712952e-06 +1.321800022e+02 +1.321800022e+02 -3.7639e+00 +1.4824e+00 +3.4616e+00
42985 +8.063039729e-07 +8.063039729e-07 +1.321800008e+02 +1.321800008e+02 -3.7640e+00 +1.4824e+00 +3.4616e+00
42990 +7.728144737e-07 +7.728144737e-07 +1.321800008e+02 +1.321800008e+02 -3.7640e+00 +1.4824e+00 +3.4616e+00
42994 +6.853581738e-07 +6.853581738e-07 +1.321800007e+02 +1.321800007e+02 -3.7640e+00 +1.4824e+00 +3.4616e+00
42998 +5.817673525e-07 +5.817673525e-07 +1.321800006e+02 +1.321800006e+02 -3.7640e+00 +1.4824e+00 +3.4616e+00
43006 +4.436649306e-07 +4.436649306e-07 +1.321800004e+02 +1.321800004e+02 -3.7640e+00 +1.4824e+00 +3.4616e+00
43031 +3.207009627e-07 +3.207009627e-07 +1.321800003e+02 +1.321800003e+02 -3.7640e+00 +1.4824e+00 +3.4616e+00
43032 +2.315554468e-07 +2.315554468e-07 +1.321800002e+02 +1.321800002e+02 -3.7640e+00 +1.4824e+00 +3.4616e+00
43044 +1.575381248e-07 +1.575381248e-07 +1.321800002e+02 +1.321800002e+02 -3.7640e+00 +1.4824e+00 +3.4616e+00
43047 +1.456263874e-07 +1.456263874e-07 +1.321800001e+02 +1.321800001e+02 -3.7640e+00 +1.4824e+00 +3.4616e+00
43064 +8.243495131e-08 +8.243495131e-08 +1.321800001e+02 +1.321800001e+02 -3.7640e+00 +1.4824e+00 +3.4616e+00
43072 +7.173591143e-08 +7.173591143e-08 +1.321800001e+02 +1.321800001e+02 -3.7640e+00 +1.4824e+00 +3.4616e+00
43116 +3.950927407e-08 +3.950927407e-08 +1.321800000e+02 +1.321800000e+02 -3.7640e+00 +1.4824e+00 +3.4616e+00
43122 +3.831053164e-08 +3.831053164e-08 +1.321800000e+02 +1.321800000e+02 -3.7640e+00 +1.4824e+00 +3.4616e+00
43127 +2.915163577e-08 +2.915163577e-08 +1.321800000e+02 +1.321800000e+02 -3.7640e+00 +1.4824e+00 +3.4616e+00
43136 +9.788493571e-09 +9.788493571e-09 +1.321800000e+02 +1.321800000e+02 -3.7640e+00 +1.4824e+00 +3.4616e+00
43497 +0.000000000e+00 +0.000000000e+00 +1.321800000e+02 +1.321800000e+02 -3.7640e+00 +1.4824e+00 +3.4616e+00
% function evaluation | noise-free fitness - Fopt (6.438000000000e+01) | best noise-free fitness - Fopt | measured fitness | best measured fitness | x1 | x2...
1 +1.743174677e+02 +1.743174677e+02 +2.386974677e+02 +2.386974677e+02 +0.0000e+00 +0.0000e+00 +0.0000e+00
3 +8.351443249e+01 +8.351443249e+01 +1.478944325e+02 +1.478944325e+02 +1.5668e+00 +3.2917e-01 -5.4422e-01
15 +8.247041094e+01 +8.247041094e+01 +1.468504109e+02 +1.468504109e+02 +5.7512e-01 -7.2818e-02 -1.8200e+00
20 +5.234097580e+01 +5.234097580e+01 +1.167209758e+02 +1.167209758e+02 +1.4438e-02 +9.4467e-01 -1.1642e+00
22 +3.134701965e+01 +3.134701965e+01 +9.572701965e+01 +9.572701965e+01 -2.2802e-02 +8.6293e-01 -1.9513e+00
28 +1.786270955e+01 +1.786270955e+01 +8.224270955e+01 +8.224270955e+01 +1.1092e+00 +1.6871e+00 -1.8939e+00
35 +1.565908286e+01 +1.565908286e+01 +8.003908286e+01 +8.003908286e+01 +1.1369e+00 +2.5550e+00 -2.6748e+00
66 +1.415385315e+01 +1.415385315e+01 +7.853385315e+01 +7.853385315e+01 +1.9902e+00 +1.7238e+00 -2.3575e+00
89 +1.410899869e+01 +1.410899869e+01 +7.848899869e+01 +7.848899869e+01 +1.9809e+00 +2.7133e+00 -2.4058e+00
181 +6.111201812e+00 +6.111201812e+00 +7.049120181e+01 +7.049120181e+01 +1.0432e+00 +2.6253e+00 -2.3044e+00
137782 +5.686310453e+00 +5.686310453e+00 +7.006631045e+01 +7.006631045e+01 +3.0269e+00 +4.3093e+00 -1.9353e+00
137824 +4.573066457e+00 +4.573066457e+00 +6.895306646e+01 +6.895306646e+01 +3.1348e+00 +3.2300e+00 -1.9932e+00
138012 +3.951010310e+00 +3.951010310e+00 +6.833101031e+01 +6.833101031e+01 +2.0419e+00 +3.2496e+00 -2.2767e+00
138057 +2.128039153e+00 +2.128039153e+00 +6.650803915e+01 +6.650803915e+01 +2.0836e+00 +3.2419e+00 -2.3086e+00
138104 +1.657849499e+00 +1.657849499e+00 +6.603784950e+01 +6.603784950e+01 +2.0549e+00 +3.2357e+00 -2.3276e+00
138107 +1.261888601e+00 +1.261888601e+00 +6.564188860e+01 +6.564188860e+01 +2.0635e+00 +3.2516e+00 -2.3227e+00
138147 +1.032242077e+00 +1.032242077e+00 +6.541224208e+01 +6.541224208e+01 +2.0426e+00 +3.2684e+00 -2.3163e+00
138220 +1.021673341e+00 +1.021673341e+00 +6.540167334e+01 +6.540167334e+01 +2.0514e+00 +3.2621e+00 -2.3199e+00
138331 +9.969997794e-01 +9.969997794e-01 +6.537699978e+01 +6.537699978e+01 +2.0443e+00 +3.2651e+00 -2.3207e+00
% function evaluation | noise-free fitness - Fopt (2.824800000000e+02) | best noise-free fitness - Fopt | measured fitness | best measured fitness | x1 | x2...
1 +1.141195429e+02 +1.141195429e+02 +3.965995429e+02 +3.965995429e+02 +0.0000e+00 +0.0000e+00 +0.0000e+00
3 +5.216795046e+01 +5.216795046e+01 +3.346479505e+02 +3.346479505e+02 -1.0296e-01 -1.5411e+00 +5.7359e-01
14 +3.529386251e+01 +3.529386251e+01 +3.177738625e+02 +3.177738625e+02 +3.6703e-01 -2.4726e+00 +2.4417e+00
17 +3.296513373e+01 +3.296513373e+01 +3.154451337e+02 +3.154451337e+02 +2.5268e-01 -3.4914e+00 +1.5054e+00
22 +2.342446697e+01 +2.342446697e+01 +3.059044670e+02 +3.059044670e+02 -2.3567e-01 -2.8030e+00 +8.5650e-01
23 +1.690134513e+01 +1.690134513e+01 +2.993813451e+02 +2.993813451e+02 +5.2122e-01 -2.9306e+00 +1.4559e+00
43 +1.001619630e+01 +1.001619630e+01 +2.924961963e+02 +2.924961963e+02 +1.5630e+00 -3.4628e+00 +2.4012e+00
49 +8.606214428e+00 +8.606214428e+00 +2.910862144e+02 +2.910862144e+02 +1.7188e+00 -3.3501e+00 +1.8030e+00
123 +6.697744628e+00 +6.697744628e+00 +2.891777446e+02 +2.891777446e+02 +2.5021e+00 -3.9469e+00 +1.7270e+00
295 +6.393048407e+00 +6.393048407e+00 +2.888730484e+02 +2.888730484e+02 +3.5086e+00 -2.8219e+00 +2.1573e+00
311 +6.163625570e+00 +6.163625570e+00 +2.886436256e+02 +2.886436256e+02 +3.5071e+00 -2.8216e+00 +2.1313e+00
412 +6.011470296e+00 +6.011470296e+00 +2.884914703e+02 +2.884914703e+02 +3.5182e+00 -2.8150e+00 +2.1285e+00
40730 +5.142929655e+00 +5.142929655e+00 +2.876229297e+02 +2.876229297e+02 +1.4507e+00 -3.3622e+00 +2.4192e+00
40758 +4.334395260e+00 +4.334395260e+00 +2.868143953e+02 +2.868143953e+02 +1.4766e+00 -3.3630e+00 +2.3968e+00
40798 +4.225327643e+00 +4.225327643e+00 +2.867053276e+02 +2.867053276e+02 +1.4876e+00 -3.3516e+00 +2.4022e+00
40833 +4.060362896e+00 +4.060362896e+00 +2.865403629e+02 +2.865403629e+02 +1.5176e+00 -3.3700e+00 +2.3921e+00
40987 +3.980490726e+00 +3.980490726e+00 +2.864604907e+02 +2.864604907e+02 +1.5168e+00 -3.3617e+00 +2.3967e+00
83631 +2.498413519e+00 +2.498413519e+00 +2.849784135e+02 +2.849784135e+02 +5.3110e-01 -2.8223e+00 +1.7888e+00
83675 +2.366702076e+00 +2.366702076e+00 +2.848467021e+02 +2.848467021e+02 +5.0573e-01 -2.8244e+00 +1.7821e+00
83681 +2.114834665e+00 +2.114834665e+00 +2.845948347e+02 +2.845948347e+02 +5.3595e-01 -2.8127e+00 +1.7722e+00
83719 +2.027048358e+00 +2.027048358e+00 +2.845070484e+02 +2.845070484e+02 +5.2351e-01 -2.8143e+00 +1.7790e+00
83825 +1.992850059e+00 +1.992850059e+00 +2.844728501e+02 +2.844728501e+02 +5.2108e-01 -2.8131e+00 +1.7762e+00
273860 +1.254629975e+00 +1.254629975e+00 +2.837346300e+02 +2.837346300e+02 +5.2888e-01 -3.3797e+00 +1.7756e+00
% function evaluation | noise-free fitness - Fopt (4.826100000000e+02) | best noise-free fitness - Fopt | measured fitness | best measured fitness | x1 | x2...
1 +7.566467951e+01 +7.566467951e+01 +5.582746795e+02 +5.582746795e+02 +0.0000e+00 +0.0000e+00 +0.0000e+00
6 +3.086584579e+01 +3.086584579e+01 +5.134758458e+02 +5.134758458e+02 -4.7304e-01 +1.4867e+00 -2.0470e+00
14 +8.960098001e+00 +8.960098001e+00 +4.915700980e+02 +4.915700980e+02 +5.9250e-01 +1.9861e+00 -1.0618e+00
111 +3.193732221e+00 +3.193732221e+00 +4.858037322e+02 +4.858037322e+02 +8.6579e-01 +2.5483e+00 -1.0235e+00
169 +8.115472592e-01 +8.115472592e-01 +4.834215473e+02 +4.834215473e+02 +7.8586e-01 +2.5270e+00 -1.4049e+00
% function evaluation | noise-free fitness - Fopt (7.177000000000e+01) | best noise-free fitness - Fopt | measured fitness | best measured fitness | x1 | x2...
1 +6.439834124e+01 +6.439834124e+01 +1.361683412e+02 +1.361683412e+02 +0.0000e+00 +0.0000e+00 +0.0000e+00
2 +5.068549561e+01 +5.068549561e+01 +1.224554956e+02 +1.224554956e+02 +2.0100e+00 +1.4302e+00 +1.1034e+00
8 +4.588090048e+01 +4.588090048e+01 +1.176509005e+02 +1.176509005e+02 -6.6794e-01 -3.4437e-01 +1.8414e+00
17 +2.008248427e+01 +2.008248427e+01 +9.185248427e+01 +9.185248427e+01 -1.4763e-01 +7.5650e-01 +1.7450e+00
21 +1.778632095e+01 +1.778632095e+01 +8.955632095e+01 +8.955632095e+01 -2.4529e+00 +7.0423e-01 +1.1256e+00
83 +1.502777947e+01 +1.502777947e+01 +8.679777947e+01 +8.679777947e+01 -4.3886e+00 +1.8210e+00 +2.0617e+00
85 +1.473913610e+01 +1.473913610e+01 +8.650913610e+01 +8.650913610e+01 -3.2078e+00 +1.6341e+00 +1.8281e+00
86 +1.435372529e+01 +1.435372529e+01 +8.612372529e+01 +8.612372529e+01 -2.1517e+00 +1.7114e+00 +1.5203e+00
208 +1.041168058e+01 +1.041168058e+01 +8.218168058e+01 +8.218168058e+01 -3.0639e+00 +6.7395e-01 +1.4492e+00
269 +8.486962644e+00 +8.486962644e+00 +8.025696264e+01 +8.025696264e+01 -3.1783e+00 +1.1426e+00 +7.9875e-01
282 +4.190236334e+00 +4.190236334e+00 +7.596023633e+01 +7.596023633e+01 -3.3311e+00 +1.1851e+00 +1.1379e+00
309 +3.621287294e+00 +3.621287294e+00 +7.539128729e+01 +7.539128729e+01 -3.1488e+00 +1.2030e+00 +1.1530e+00
365 +2.556491846e+00 +2.556491846e+00 +7.432649185e+01 +7.432649185e+01 -3.2225e+00 +1.1665e+00 +1.1455e+00
395 +2.137904496e+00 +2.137904496e+00 +7.390790450e+01 +7.390790450e+01 -3.2445e+00 +1.1942e+00 +1.1411e+00
422 +1.998582957e+00 +1.998582957e+00 +7.376858296e+01 +7.376858296e+01 -3.2208e+00 +1.1974e+00 +1.1351e+00
434 +1.992064082e+00 +1.992064082e+00 +7.376206408e+01 +7.376206408e+01 -3.2242e+00 +1.1982e+00 +1.1372e+00
81664 +1.473083830e+00 +1.473083830e+00 +7.324308383e+01 +7.324308383e+01 -3.1773e+00 +1.8198e+00 +1.4288e+00
81691 +5.892105916e-01 +5.892105916e-01 +7.235921059e+01 +7.235921059e+01 -3.1935e+00 +1.7979e+00 +1.4629e+00
81705 +4.388387639e-01 +4.388387639e-01 +7.220883876e+01 +7.220883876e+01 -3.1884e+00 +1.8014e+00 +1.4578e+00
81727 +2.225607102e-01 +2.225607102e-01 +7.199256071e+01 +7.199256071e+01 -3.2091e+00 +1.8031e+00 +1.4558e+00
81730 +1.290512473e-01 +1.290512473e-01 +7.189905125e+01 +7.189905125e+01 -3.2095e+00 +1.7984e+00 +1.4396e+00
81758 +8.446700874e-02 +8.446700874e-02 +7.185446701e+01 +7.185446701e+01 -3.2051e+00 +1.8021e+00 +1.4468e+00
81765 +7.319873576e-02 +7.319873576e-02 +7.184319874e+01 +7.184319874e+01 -3.2052e+00 +1.7958e+00 +1.4485e+00
81785 +7.192040857e-02 +7.192040857e-02 +7.184192041e+01 +7.184192041e+01 -3.2060e+00 +1.7999e+00 +1.4479e+00
81792 +4.175001535e-02 +4.175001535e-02 +7.181175002e+01 +7.181175002e+01 -3.2096e+00 +1.7958e+00 +1.4465e+00
81803 +2.893628425e-02 +2.893628425e-02 +7.179893628e+01 +7.179893628e+01 -3.2134e+00 +1.7930e+00 +1.4457e+00
81806 +1.245935003e-02 +1.245935003e-02 +7.178245935e+01 +7.178245935e+01 -3.2176e+00 +1.7986e+00 +1.4473e+00
81816 +9.576153026e-03 +9.576153026e-03 +7.177957615e+01 +7.177957615e+01 -3.2251e+00 +1.7925e+00 +1.4457e+00
81821 +7.342782389e-03 +7.342782389e-03 +7.177734278e+01 +7.177734278e+01 -3.2220e+00 +1.7930e+00 +1.4470e+00
81826 +3.282784759e-03 +3.282784759e-03 +7.177328278e+01 +7.177328278e+01 -3.2248e+00 +1.7960e+00 +1.4451e+00
81827 +3.155710245e-03 +3.155710245e-03 +7.177315571e+01 +7.177315571e+01 -3.2213e+00 +1.7943e+00 +1.4465e+00
81864 +2.522297631e-03 +2.522297631e-03 +7.177252230e+01 +7.177252230e+01 -3.2234e+00 +1.7946e+00 +1.4456e+00
81871 +1.773085354e-03 +1.773085354e-03 +7.177177309e+01 +7.177177309e+01 -3.2220e+00 +1.7956e+00 +1.4470e+00
81873 +2.652690891e-04 +2.652690891e-04 +7.177026527e+01 +7.177026527e+01 -3.2235e+00 +1.7964e+00 +1.4461e+00
81918 +7.262299428e-05 +7.262299428e-05 +7.177007262e+01 +7.177007262e+01 -3.2240e+00 +1.7963e+00 +1.4465e+00
81929 +6.563662623e-05 +6.563662623e-05 +7.177006564e+01 +7.177006564e+01 -3.2234e+00 +1.7959e+00 +1.4464e+00
81990 +6.268852782e-05 +6.268852782e-05 +7.177006269e+01 +7.177006269e+01 -3.2237e+00 +1.7962e+00 +1.4465e+00
81995 +5.056065392e-05 +5.056065392e-05 +7.177005056e+01 +7.177005056e+01 -3.2236e+00 +1.7960e+00 +1.4463e+00
81999 +3.068133370e-05 +3.068133370e-05 +7.177003068e+01 +7.177003068e+01 -3.2240e+00 +1.7962e+00 +1.4464e+00
82013 +2.731261648e-05 +2.731261648e-05 +7.177002731e+01 +7.177002731e+01 -3.2238e+00 +1.7961e+00 +1.4465e+00
82017 +1.811810796e-05 +1.811810796e-05 +7.177001812e+01 +7.177001812e+01 -3.2237e+00 +1.7960e+00 +1.4464e+00
82033 +1.286662220e-05 +1.286662220e-05 +7.177001287e+01 +7.177001287e+01 -3.2237e+00 +1.7960e+00 +1.4464e+00
82045 +8.964770629e-06 +8.964770629e-06 +7.177000896e+01 +7.177000896e+01 -3.2238e+00 +1.7959e+00 +1.4464e+00
82050 +5.716772833e-06 +5.716772833e-06 +7.177000572e+01 +7.177000572e+01 -3.2240e+00 +1.7961e+00 +1.4464e+00
82078 +3.530609334e-06 +3.530609334e-06 +7.177000353e+01 +7.177000353e+01 -3.2240e+00 +1.7960e+00 +1.4464e+00
82080 +3.237610400e-06 +3.237610400e-06 +7.177000324e+01 +7.177000324e+01 -3.2240e+00 +1.7960e+00 +1.4464e+00
82084 +2.549032104e-06 +2.549032104e-06 +7.177000255e+01 +7.177000255e+01 -3.2240e+00 +1.7960e+00 +1.4464e+00
82089 +2.162056163e-06 +2.162056163e-06 +7.177000216e+01 +7.177000216e+01 -3.2241e+00 +1.7960e+00 +1.4464e+00
82090 +1.523123558e-06 +1.523123558e-06 +7.177000152e+01 +7.177000152e+01 -3.2240e+00 +1.7960e+00 +1.4464e+00
82099 +5.779558307e-07 +5.779558307e-07 +7.177000058e+01 +7.177000058e+01 -3.2240e+00 +1.7960e+00 +1.4464e+00
82112 +3.795967984e-07 +3.795967984e-07 +7.177000038e+01 +7.177000038e+01 -3.2240e+00 +1.7960e+00 +1.4464e+00
82122 +5.752319510e-08 +5.752319510e-08 +7.177000006e+01 +7.177000006e+01 -3.2240e+00 +1.7960e+00 +1.4464e+00
82144 +4.827339239e-08 +4.827339239e-08 +7.177000005e+01 +7.177000005e+01 -3.2240e+00 +1.7960e+00 +1.4464e+00
82178 +7.769287436e-09 +7.769287436e-09 +7.177000001e+01 +7.177000001e+01 -3.2240e+00 +1.7960e+00 +1.4464e+00
82628 +0.000000000e+00 +0.000000000e+00 +7.177000000e+01 +7.177000000e+01 -3.2240e+00 +1.7960e+00 +1.4464e+00
% function evaluation | noise-free fitness - Fopt (8.448800000000e+02) | best noise-free fitness - Fopt | measured fitness | best measured fitness | x1 | x2...
1 +3.391376365e+02 +3.391376365e+02 +1.184017637e+03 +1.184017637e+03 +0.0000e+00 +0.0000e+00 +0.0000e+00
3 +2.483243808e+02 +2.483243808e+02 +1.093204381e+03 +1.093204381e+03 -1.1733e+00 -1.0294e+00 -4.6717e-01
4 +7.485832045e+01 +7.485832045e+01 +9.197383205e+02 +9.197383205e+02 +1.0576e-01 +1.9348e+00 -1.9352e+00
13 +4.342501687e+01 +4.342501687e+01 +8.883050169e+02 +8.883050169e+02 +4.9906e-03 +2.1384e+00 -3.0446e+00
39 +3.377341051e+01 +3.377341051e+01 +8.786534105e+02 +8.786534105e+02 +2.3971e-01 +2.1685e+00 -3.3103e+00
48 +3.264331190e+01 +3.264331190e+01 +8.775233119e+02 +8.775233119e+02 +1.0857e+00 +1.8218e+00 -3.8718e+00
49 +1.539959819e+01 +1.539959819e+01 +8.602795982e+02 +8.602795982e+02 +4.0202e-02 +1.0379e+00 -3.5329e+00
99 +1.497555558e+01 +1.497555558e+01 +8.598555556e+02 +8.598555556e+02 +2.2257e-01 +1.0220e+00 -3.5987e+00
123 +1.368527307e+01 +1.368527307e+01 +8.585652731e+02 +8.585652731e+02 +6.6331e-02 +1.0791e+00 -3.5423e+00
154 +1.048358757e+01 +1.048358757e+01 +8.553635876e+02 +8.553635876e+02 +1.3954e-01 +1.0481e+00 -3.5933e+00
223 +1.014657138e+01 +1.014657138e+01 +8.550265714e+02 +8.550265714e+02 +8.9973e-02 +1.0609e+00 -3.5832e+00
296 +9.982243174e+00 +9.982243174e+00 +8.548622432e+02 +8.548622432e+02 +9.7335e-02 +1.0547e+00 -3.5828e+00
50969 +7.243717572e+00 +7.243717572e+00 +8.521237176e+02 +8.521237176e+02 +3.2032e+00 +1.5384e+00 -3.8787e+00
51128 +7.042700659e+00 +7.042700659e+00 +8.519227007e+02 +8.519227007e+02 +1.2743e+00 +5.4774e-01 -3.2005e+00
51136 +5.800125165e+00 +5.800125165e+00 +8.506801252e+02 +8.506801252e+02 +1.2475e+00 +5.0606e-01 -3.2514e+00
51149 +5.721854428e+00 +5.721854428e+00 +8.506018544e+02 +8.506018544e+02 +1.2767e+00 +5.1836e-01 -3.2201e+00
51157 +5.461948214e+00 +5.461948214e+00 +8.503419482e+02 +8.503419482e+02 +1.1984e+00 +4.9773e-01 -3.2490e+00
51179 +5.178006707e+00 +5.178006707e+00 +8.500580067e+02 +8.500580067e+02 +1.1717e+00 +5.1601e-01 -3.2151e+00
51200 +4.999189849e+00 +4.999189849e+00 +8.498791898e+02 +8.498791898e+02 +1.1964e+00 +5.0866e-01 -3.2249e+00
248972 +3.680714538e+00 +3.680714538e+00 +8.485607145e+02 +8.485607145e+02 +2.0998e+00 -7.5096e-02 -3.5952e+00
249056 +3.589996665e+00 +3.589996665e+00 +8.484699967e+02 +8.484699967e+02 +2.1709e+00 -5.6489e-02 -3.2063e+00
249127 +3.356740145e+00 +3.356740145e+00 +8.482367401e+02 +8.482367401e+02 +2.1840e+00 -8.1984e-02 -3.2315e+00
249130 +3.241621914e+00 +3.241621914e+00 +8.481216219e+02 +8.481216219e+02 +2.1549e+00 -1.2102e-01 -3.2164e+00
249166 +3.121851921e+00 +3.121851921e+00 +8.480018519e+02 +8.480018519e+02 +2.1448e+00 -7.7747e-02 -3.2203e+00
249167 +3.035031894e+00 +3.035031894e+00 +8.479150319e+02 +8.479150319e+02 +2.1604e+00 -9.5353e-02 -3.2131e+00
249214 +3.012585150e+00 +3.012585150e+00 +8.478925852e+02 +8.478925852e+02 +2.1508e+00 -8.7539e-02 -3.2211e+00
% function evaluation | noise-free fitness - Fopt (-4.222000000000e+01) | best noise-free fitness - Fopt | measured fitness | best measured fitness | x1 | x2...
1 +1.641186499e+02 +1.641186499e+02 +1.218986499e+02 +1.218986499e+02 +0.0000e+00 +0.0000e+00 +0.0000e+00
5 +1.088525919e+02 +1.088525919e+02 +6.663259190e+01 +6.663259190e+01 +1.7526e+00 -1.0882e-01 +1.2271e+00
24 +7.530340353e+01 +7.530340353e+01 +3.308340353e+01 +3.308340353e+01 -1.3011e+00 -1.1315e+00 +7.8035e-01
25 +6.250753689e+01 +6.250753689e+01 +2.028753689e+01 +2.028753689e+01 -3.8402e-01 -2.0465e+00 +1.1705e+00
36 +3.463960654e+01 +3.463960654e+01 -7.580393456e+00 -7.580393456e+00 +3.0753e-01 -3.2593e+00 +1.2834e+00
41 +3.085812824e+01 +3.085812824e+01 -1.136187176e+01 -1.136187176e+01 +1.6862e+00 -4.7022e+00 +1.8197e+00
44 +9.967250203e+00 +9.967250203e+00 -3.225274980e+01 -3.225274980e+01 +1.7918e+00 -4.5385e+00 +2.3581e+00
101 +1.464243159e+00 +1.464243159e+00 -4.075575684e+01 -4.075575684e+01 +6.0389e-01 -3.9512e+00 +2.0246e+00
84793 +1.393721520e+00 +1.393721520e+00 -4.082627848e+01 -4.082627848e+01 +1.6168e+00 -4.5593e+00 +2.0121e+00
84831 +1.232416734e+00 +1.232416734e+00 -4.098758327e+01 -4.098758327e+01 +1.5899e+00 -4.5608e+00 +2.0176e+00
84844 +1.204768382e+00 +1.204768382e+00 -4.101523162e+01 -4.101523162e+01 +1.5749e+00 -4.5633e+00 +2.0125e+00
84866 +1.106595003e+00 +1.106595003e+00 -4.111340500e+01 -4.111340500e+01 +1.5966e+00 -4.5356e+00 +2.0186e+00
84868 +1.005887636e+00 +1.005887636e+00 -4.121411236e+01 -4.121411236e+01 +1.5849e+00 -4.5405e+00 +2.0123e+00
84946 +9.966151741e-01 +9.966151741e-01 -4.122338483e+01 -4.122338483e+01 +1.5795e+00 -4.5356e+00 +2.0126e+00
% function evaluation | noise-free fitness - Fopt (-9.179000000000e+01) | best noise-free fitness - Fopt | measured fitness | best measured fitness | x1 | x2...
1 +3.144740870e+02 +3.144740870e+02 +2.226840870e+02 +2.226840870e+02 +0.0000e+00 +0.0000e+00 +0.0000e+00
2 +2.950773107e+02 +2.950773107e+02 +2.032873107e+02 +2.032873107e+02 +2.1904e+00 +3.5366e-01 -8.1396e-02
4 +2.481921881e+02 +2.481921881e+02 +1.564021881e+02 +1.564021881e+02 -4.6870e-01 +7.1041e-02 -3.1833e-01
8 +1.583734873e+02 +1.583734873e+02 +6.658348728e+01 +6.658348728e+01 -9.4182e-01 +6.9794e-01 -8.8724e-01
12 +1.265432243e+02 +1.265432243e+02 +3.475322435e+01 +3.475322435e+01 -5.6749e-01 +9.7578e-01 -1.3137e+00
15 +6.933702796e+01 +6.933702796e+01 -2.245297204e+01 -2.245297204e+01 -5.8564e-01 +4.1695e-01 -2.0454e+00
21 +3.901827760e+01 +3.901827760e+01 -5.277172240e+01 -5.277172240e+01 -2.0012e+00 -1.7992e-01 -1.8966e+00
56 +3.437088976e+01 +3.437088976e+01 -5.741911024e+01 -5.741911024e+01 -3.1162e+00 -3.0509e-01 -2.4351e+00
68 +3.081495212e+01 +3.081495212e+01 -6.097504788e+01 -6.097504788e+01 -3.2287e+00 +3.0406e-01 -2.6449e+00
95 +2.928817155e+01 +2.928817155e+01 -6.250182845e+01 -6.250182845e+01 -9.0167e-03 -7.7775e-01 -3.7068e+00
129 +1.729767844e+01 +1.729767844e+01 -7.449232156e+01 -7.449232156e+01 -1.2041e+00 +1.4355e+00 -3.0989e+00
160 +1.419673217e+01 +1.419673217e+01 -7.759326783e+01 -7.759326783e+01 -3.3195e-01 +7.3969e-01 -3.0519e+00
184 +1.407919020e+01 +1.407919020e+01 -7.771080980e+01 -7.771080980e+01 -6.8711e-02 +1.4770e+00 -2.7760e+00
200 +6.844160797e+00 +6.844160797e+00 -8.494583920e+01 -8.494583920e+01 -1.9056e-01 +1.3505e+00 -3.0223e+00
228 +5.591405626e+00 +5.591405626e+00 -8.619859437e+01 -8.619859437e+01 -1.8205e-01 +1.3491e+00 -3.0325e+00
255 +3.090601337e+00 +3.090601337e+00 -8.869939866e+01 -8.869939866e+01 -6.7747e-02 +1.2880e+00 -3.1057e+00
263 +2.711268571e+00 +2.711268571e+00 -8.907873143e+01 -8.907873143e+01 -5.8435e-02 +1.3056e+00 -3.0245e+00
284 +2.103622251e+00 +2.103622251e+00 -8.968637775e+01 -8.968637775e+01 -1.0167e-01 +1.3074e+00 -3.0931e+00
289 +1.200212826e+00 +1.200212826e+00 -9.058978717e+01 -9.058978717e+01 -5.8621e-02 +1.3471e+00 -3.0664e+00
318 +1.038903044e+00 +1.038903044e+00 -9.075109696e+01 -9.075109696e+01 -3.9211e-02 +1.3242e+00 -3.0706e+00
341 +1.020674059e+00 +1.020674059e+00 -9.076932594e+01 -9.076932594e+01 -4.5614e-02 +1.3242e+00 -3.0665e+00
433 +9.969782804e-01 +9.969782804e-01 -9.079302172e+01 -9.079302172e+01 -5.1644e-02 +1.3284e+00 -3.0684e+00
% function evaluation | noise-free fitness - Fopt (-1.277000000000e+01) | best noise-free fitness - Fopt | measured fitness | best measured fitness | x1 | x2...
1 +1.333350336e+02 +1.333350336e+02 +1.205650336e+02 +1.205650336e+02 +0.0000e+00 +0.0000e+00 +0.0000e+00
3 +5.662624962e+01 +5.662624962e+01 +4.385624962e+01 +4.385624962e+01 +3.4321e-01 +1.3517e+00 -6.2894e-01
5 +5.511249130e+01 +5.511249130e+01 +4.234249130e+01 +4.234249130e+01 +1.4957e+00 +3.6256e+00 -2.5371e+00
8 +4.855262332e+01 +4.855262332e+01 +3.578262332e+01 +3.578262332e+01 +7.0030e-01 +2.5923e+00 -6.6407e-01
9 +3.035163682e+01 +3.035163682e+01 +1.758163682e+01 +1.758163682e+01 +4.9319e-01 +1.3035e+00 -1.5441e+00
13 +2.503431381e+01 +2.503431381e+01 +1.226431381e+01 +1.226431381e+01 +1.8427e+00 +1.9647e+00 -3.1758e+00
22 +1.767248722e+01 +1.767248722e+01 +4.902487224e+00 +4.902487224e+00 +2.0092e+00 +1.5237e+00 -1.5600e+00
62 +1.187257027e+01 +1.187257027e+01 -8.974297337e-01 -8.974297337e-01 +2.8043e+00 +1.4950e+00 -2.1263e+00
91 +1.100441747e+01 +1.100441747e+01 -1.765582531e+00 -1.765582531e+00 +1.4932e+00 +9.0897e-01 -2.4922e+00
113 +9.127952297e+00 +9.127952297e+00 -3.642047703e+00 -3.642047703e+00 +1.7508e+00 +9.7580e-01 -2.4970e+00
229 +8.991909010e+00 +8.991909010e+00 -3.778090990e+00 -3.778090990e+00 +1.7054e+00 +8.7334e-01 -2.8714e+00
41075 +8.790827690e+00 +8.790827690e+00 -3.979172310e+00 -3.979172310e+00 +3.5786e+00 +9.5805e-01 -1.7521e+00
41076 +6.076551116e+00 +6.076551116e+00 -6.693448884e+00 -6.693448884e+00 +3.7905e+00 +8.2313e-01 -1.7924e+00
41093 +5.415618004e+00 +5.415618004e+00 -7.354381996e+00 -7.354381996e+00 +3.7003e+00 +4.0003e-01 -1.8136e+00
41158 +5.256917381e+00 +5.256917381e+00 -7.513082619e+00 -7.513082619e+00 +3.6599e+00 +3.7322e-01 -1.8268e+00
41172 +5.064679357e+00 +5.064679357e+00 -7.705320643e+00 -7.705320643e+00 +3.6474e+00 +3.8403e-01 -1.8232e+00
41239 +5.011690246e+00 +5.011690246e+00 -7.758309754e+00 -7.758309754e+00 +3.6750e+00 +3.8330e-01 -1.8210e+00
120191 +3.025579297e+00 +3.025579297e+00 -9.744420703e+00 -9.744420703e+00 +3.5869e+00 +8.6194e-01 -1.8176e+00
120307 +1.854331148e+00 +1.854331148e+00 -1.091566885e+01 -1.091566885e+01 +3.6875e+00 +2.0382e+00 -2.1885e+00
120315 +1.513565780e+00 +1.513565780e+00 -1.125643422e+01 -1.125643422e+01 +3.6876e+00 +2.0067e+00 -2.1676e+00
120338 +1.399435275e+00 +1.399435275e+00 -1.137056472e+01 -1.137056472e+01 +3.6655e+00 +2.0298e+00 -2.1688e+00
120357 +1.068724639e+00 +1.068724639e+00 -1.170127536e+01 -1.170127536e+01 +3.6824e+00 +2.0164e+00 -2.1823e+00
120413 +1.042203535e+00 +1.042203535e+00 -1.172779647e+01 -1.172779647e+01 +3.6593e+00 +2.0184e+00 -2.1748e+00
120418 +1.019878078e+00 +1.019878078e+00 -1.175012192e+01 -1.175012192e+01 +3.6721e+00 +2.0147e+00 -2.1806e+00
120486 +9.967298939e-01 +9.967298939e-01 -1.177327011e+01 -1.177327011e+01 +3.6676e+00 +2.0177e+00 -2.1798e+00
% function evaluation | noise-free fitness - Fopt (-1.000000000000e+03) | best noise-free fitness - Fopt | measured fitness | best measured fitness | x1 | x2...
1 +1.841706729e+02 +1.841706729e+02 -8.158293271e+02 -8.158293271e+02 +0.0000e+00 +0.0000e+00 +0.0000e+00
3 +1.493058835e+02 +1.493058835e+02 -8.506941165e+02 -8.506941165e+02 -3.1981e+00 -1.7966e+00 -1.2288e-01
5 +9.969851646e+01 +9.969851646e+01 -9.003014835e+02 -9.003014835e+02 -1.3180e-01 +4.2955e-01 -7.7065e-01
7 +7.176455946e+01 +7.176455946e+01 -9.282354405e+02 -9.282354405e+02 +3.8056e-01 -1.5534e+00 -1.0504e+00
11 +6.522376167e+01 +6.522376167e+01 -9.347762383e+02 -9.347762383e+02 -3.0723e-02 +4.3229e-01 -1.6216e+00
15 +6.081077538e+01 +6.081077538e+01 -9.391892246e+02 -9.391892246e+02 -2.3375e+00 -1.0958e+00 -1.2409e+00
19 +4.391733124e+01 +4.391733124e+01 -9.560826688e+02 -9.560826688e+02 -2.2605e+00 -7.9110e-01 -2.0004e+00
58 +3.915290206e+01 +3.915290206e+01 -9.608470979e+02 -9.608470979e+02 -4.7406e+00 -2.1232e+00 -3.2167e+00
66 +3.464653420e+01 +3.464653420e+01 -9.653534658e+02 -9.653534658e+02 -3.9809e+00 -1.4592e+00 -2.5721e+00
69 +3.064691497e+01 +3.064691497e+01 -9.693530850e+02 -9.693530850e+02 -5.0356e+00 -1.8139e+00 -2.5707e+00
83 +2.282275621e+01 +2.282275621e+01 -9.771772438e+02 -9.771772438e+02 -3.9400e+00 -1.6934e+00 -2.2244e+00
96 +1.637974294e+01 +1.637974294e+01 -9.836202571e+02 -9.836202571e+02 -3.0706e+00 -2.1691e+00 -1.9406e+00
135 +1.006698251e+01 +1.006698251e+01 -9.899330175e+02 -9.899330175e+02 -3.0477e+00 -2.7327e+00 -2.1633e+00
168 +9.140623125e+00 +9.140623125e+00 -9.908593769e+02 -9.908593769e+02 -2.8617e+00 -3.2885e+00 -2.5672e+00
210 +7.420406901e+00 +7.420406901e+00 -9.925795931e+02 -9.925795931e+02 -2.8593e+00 -3.4396e+00 -2.6002e+00
247 +6.917561415e+00 +6.917561415e+00 -9.930824386e+02 -9.930824386e+02 -2.9410e+00 -3.3204e+00 -2.5859e+00
253 +5.897263121e+00 +5.897263121e+00 -9.941027369e+02 -9.941027369e+02 -2.9465e+00 -3.3474e+00 -2.5659e+00
260 +5.233756312e+00 +5.233756312e+00 -9.947662437e+02 -9.947662437e+02 -2.9297e+00 -3.3724e+00 -2.5726e+00
342 +5.106231650e+00 +5.106231650e+00 -9.948937684e+02 -9.948937684e+02 -2.9616e+00 -3.3932e+00 -2.5826e+00
351 +5.001450441e+00 +5.001450441e+00 -9.949985496e+02 -9.949985496e+02 -2.9406e+00 -3.3996e+00 -2.5785e+00
42181 +2.154084636e+00 +2.154084636e+00 -9.978459154e+02 -9.978459154e+02 -9.1498e-01 -2.8200e+00 -2.8893e+00
42305 +1.559233646e+00 +1.559233646e+00 -9.984407664e+02 -9.984407664e+02 -1.9882e+00 -2.8180e+00 -2.5580e+00
42330 +1.119060715e+00 +1.119060715e+00 -9.988809393e+02 -9.988809393e+02 -1.9809e+00 -2.8145e+00 -2.5697e+00
42350 +1.003663770e+00 +1.003663770e+00 -9.989963362e+02 -9.989963362e+02 -1.9896e+00 -2.8042e+00 -2.5769e+00
42498 +9.981343655e-01 +9.981343655e-01 -9.990018656e+02 -9.990018656e+02 -1.9847e+00 -2.8029e+00 -2.5756e+00
% function evaluation | noise-free fitness - Fopt (-1.000000000000e+03) | best noise-free fitness - Fopt | measured fitness | best measured fitness | x1 | x2...
1 +5.012215930e+01 +5.012215930e+01 -9.498778407e+02 -9.498778407e+02 +0.0000e+00 +0.0000e+00 +0.0000e+00
11 +4.290792140e+01 +4.290792140e+01 -9.570920786e+02 -9.570920786e+02 -3.2543e+00 +1.5681e+00 +3.0344e-01
20 +3.042228273e+01 +3.042228273e+01 -9.695777173e+02 -9.695777173e+02 -3.9856e+00 +3.8982e-01 +2.1456e+00
21 +2.176551793e+01 +2.176551793e+01 -9.782344821e+02 -9.782344821e+02 -2.1501e+00 +2.2293e-01 +2.0550e+00
42 +2.074900409e+01 +2.074900409e+01 -9.792509959e+02 -9.792509959e+02 -1.8901e+00 +1.1843e+00 +8.5473e-01
66 +1.972548434e+01 +1.972548434e+01 -9.802745157e+02 -9.802745157e+02 -3.0227e+00 +5.8675e-01 +5.5153e-01
96 +6.540970258e+00 +6.540970258e+00 -9.934590297e+02 -9.934590297e+02 -2.1094e+00 +1.1718e+00 +1.8324e+00
100 +5.124366895e+00 +5.124366895e+00 -9.948756331e+02 -9.948756331e+02 -2.2793e+00 +6.2125e-01 +1.2009e+00
43546 +4.675845716e+00 +4.675845716e+00 -9.953241543e+02 -9.953241543e+02 -2.1436e+00 +6.0584e-02 +1.9204e+00
43554 +3.750929182e+00 +3.750929182e+00 -9.962490708e+02 -9.962490708e+02 -2.2472e+00 +5.0280e-02 +1.8336e+00
43575 +2.943452651e+00 +2.943452651e+00 -9.970565473e+02 -9.970565473e+02 -2.1429e+00 +6.3284e-02 +1.8988e+00
43595 +2.784812578e+00 +2.784812578e+00 -9.972151874e+02 -9.972151874e+02 -2.2159e+00 +8.3318e-02 +1.8835e+00
43599 +2.475355014e+00 +2.475355014e+00 -9.975246450e+02 -9.975246450e+02 -2.1753e+00 +5.1716e-02 +1.8393e+00
43606 +2.119141889e+00 +2.119141889e+00 -9.978808581e+02 -9.978808581e+02 -2.1670e+00 +5.1710e-02 +1.8609e+00
43615 +2.049512222e+00 +2.049512222e+00 -9.979504878e+02 -9.979504878e+02 -2.1639e+00 +6.0720e-02 +1.8567e+00
43620 +2.019708467e+00 +2.019708467e+00 -9.979802915e+02 -9.979802915e+02 -2.1666e+00 +8.2006e-02 +1.8626e+00
43678 +1.993994492e+00 +1.993994492e+00 -9.980060055e+02 -9.980060055e+02 -2.1656e+00 +6.8732e-02 +1.8614e+00
