% function evaluation | noise-free fitness - Fopt (3.590000000000e+01) | best noise-free fitness - Fopt | measured fitness | best measured fitness | x1 | x2...
1 +2.283102266e+05 +2.283102266e+05 +2.283461266e+05 +2.283461266e+05 +0.0000e+00 +0.0000e+00
3 +1.163451797e+05 +1.163451797e+05 +1.163810797e+05 +1.163810797e+05 +1.0532e+00 -9.8854e-02
4 +1.499925555e+04 +1.499925555e+04 +1.503515555e+04 +1.503515555e+04 +2.0234e+00 +1.3519e+00
13 +6.303676853e+00 +6.303676853e+00 +4.220367685e+01 +4.220367685e+01 +3.6197e+00 +1.3288e+00
50 +5.041583698e+00 +5.041583698e+00 +4.094158370e+01 +4.094158370e+01 +3.7129e+00 -1.1040e+00
68 +4.298494085e+00 +4.298494085e+00 +4.019849409e+01 +4.019849409e+01 +3.7710e+00 -5.8168e-01
92 +3.566427515e+00 +3.566427515e+00 +3.946642751e+01 +3.946642751e+01 +3.5014e+00 +9.6111e-01
93 +2.559569291e+00 +2.559569291e+00 +3.845956929e+01 +3.845956929e+01 +3.5287e+00 +1.0171e-01
99 +2.157919993e+00 +2.157919993e+00 +3.805791999e+01 +3.805791999e+01 +3.3568e+00 -2.3341e-01
113 +2.110896951e+00 +2.110896951e+00 +3.801089695e+01 +3.801089695e+01 +3.3891e+00 -1.5365e-01
128 +1.212302580e+00 +1.212302580e+00 +3.711230258e+01 +3.711230258e+01 +3.2397e+00 +6.5849e-01
137 +5.105226225e-01 +5.105226225e-01 +3.641052262e+01 +3.641052262e+01 +2.9810e+00 +1.2083e+00
153 +4.036846596e-01 +4.036846596e-01 +3.630368466e+01 +3.630368466e+01 +3.0457e+00 +8.5140e-01
163 +1.788065076e-01 +1.788065076e-01 +3.607880651e+01 +3.607880651e+01 +2.9548e+00 +8.9322e-01
186 +1.243569811e-01 +1.243569811e-01 +3.602435698e+01 +3.602435698e+01 +2.9166e+00 +8.9649e-01
198 +8.186969557e-02 +8.186969557e-02 +3.598186970e+01 +3.598186970e+01 +2.8952e+00 +9.8031e-01
221 +4.197518502e-02 +4.197518502e-02 +3.594197519e+01 +3.594197519e+01 +2.8543e+00 +9.7955e-01
225 +4.090375533e-02 +4.090375533e-02 +3.594090376e+01 +3.594090376e+01 +2.8545e+00 +1.0049e+00
271 +7.232813421e-03 +7.232813421e-03 +3.590723281e+01 +3.590723281e+01 +2.8050e+00 +1.0561e+00
296 +1.593383958e-03 +1.593383958e-03 +3.590159338e+01 +3.590159338e+01 +2.7942e+00 +1.0954e+00
362 +3.315003142e-04 +3.315003142e-04 +3.590033150e+01 +3.590033150e+01 +2.7869e+00 +1.1054e+00
406 +2.690933646e-04 +2.690933646e-04 +3.590026909e+01 +3.590026909e+01 +2.7860e+00 +1.1057e+00
407 +3.933497853e-05 +3.933497853e-05 +3.590003933e+01 +3.590003933e+01 +2.7828e+00 +1.1137e+00
570 +3.261541425e-05 +3.261541425e-05 +3.590003262e+01 +3.590003262e+01 +2.7830e+00 +1.1107e+00
573 +2.817782872e-05 +2.817782872e-05 +3.590002818e+01 +3.590002818e+01 +2.7827e+00 +1.1111e+00
592 +1.173377372e-05 +1.173377372e-05 +3.590001173e+01 +3.590001173e+01 +2.7824e+00 +1.1125e+00
597 +8.389761497e-06 +8.389761497e-06 +3.590000839e+01 +3.590000839e+01 +2.7822e+00 +1.1134e+00
603 +3.191831766e-06 +3.191831766e-06 +3.590000319e+01 +3.590000319e+01 +2.7819e+00 +1.1134e+00
637 +2.805568684e-07 +2.805568684e-07 +3.590000028e+01 +3.590000028e+01 +2.7817e+00 +1.1136e+00
695 +1.899671531e-07 +1.899671531e-07 +3.590000019e+01 +3.590000019e+01 +2.7817e+00 +1.1135e+00
719 +1.846291511e-07 +1.846291511e-07 +3.590000018e+01 +3.590000018e+01 +2.7817e+00 +1.1135e+00
743 +7.180786099e-08 +7.180786099e-08 +3.590000007e+01 +3.590000007e+01 +2.7816e+00 +1.1136e+00
763 +1.872700039e-08 +1.872700039e-08 +3.590000002e+01 +3.590000002e+01 +2.7816e+00 +1.1136e+00
785 +9.577476590e-09 +9.577476590e-09 +3.590000001e+01 +3.590000001e+01 +2.7816e+00 +1.1136e+00
1255 +0.000000000e+00 +0.000000000e+00 +3.590000000e+01 +3.590000000e+01 +2.7816e+00 +1.1136e+00
% function evaluation | noise-free fitness - Fopt (3.137000000000e+01) | best noise-free fitness - Fopt | measured fitness | best measured fitness | x1 | x2...
1 +1.213706503e+04 +1.213706503e+04 +1.216843503e+04 +1.216843503e+04 +0.0000e+00 +0.0000e+00
4 +2.187866714e+02 +2.187866714e+02 +2.501566714e+02 +2.501566714e+02 +4.1384e-01 +1.4534e+00
14 +2.358273818e+01 +2.358273818e+01 +5.495273818e+01 +5.495273818e+01 +1.6102e+00 +1.3850e+00
42 +7.296959556e+00 +7.296959556e+00 +3.866695956e+01 +3.866695956e+01 +2.1934e-01 +4.1245e+00
61 +6.421513479e+00 +6.421513479e+00 +3.779151348e+01 +3.779151348e+01 -9.8271e-02 +4.3535e+00
63 +2.786403401e+00 +2.786403401e+00 +3.415640340e+01 +3.415640340e+01 -1.4096e-01 +3.4618e+00
120 +1.865015271e+00 +1.865015271e+00 +3.323501527e+01 +3.323501527e+01 -2.4094e-01 +3.2242e+00
133 +1.570867305e+00 +1.570867305e+00 +3.294086730e+01 +3.294086730e+01 +2.7295e-02 +2.5859e+00
135 +1.341328737e+00 +1.341328737e+00 +3.271132874e+01 +3.271132874e+01 -7.2741e-02 +2.6534e+00
144 +1.196462498e+00 +1.196462498e+00 +3.256646250e+01 +3.256646250e+01 -5.8174e-02 +2.5233e+00
147 +7.184791029e-01 +7.184791029e-01 +3.208847910e+01 +3.208847910e+01 -1.3127e-02 +1.8867e+00
164 +1.102123385e-01 +1.102123385e-01 +3.148021234e+01 +3.148021234e+01 -2.8196e-01 +2.1843e+00
215 +3.971336991e-02 +3.971336991e-02 +3.140971337e+01 +3.140971337e+01 -2.2460e-01 +1.9268e+00
229 +2.252512840e-02 +2.252512840e-02 +3.139252513e+01 +3.139252513e+01 -2.4272e-01 +1.9522e+00
233 +1.556676397e-02 +1.556676397e-02 +3.138556676e+01 +3.138556676e+01 -2.4784e-01 +1.9401e+00
242 +8.930223679e-03 +8.930223679e-03 +3.137893022e+01 +3.137893022e+01 -2.6777e-01 +1.9630e+00
267 +8.836566214e-03 +8.836566214e-03 +3.137883657e+01 +3.137883657e+01 -2.7480e-01 +1.9684e+00
271 +5.879486163e-04 +5.879486163e-04 +3.137058795e+01 +3.137058795e+01 -2.7124e-01 +1.9119e+00
294 +4.033159209e-04 +4.033159209e-04 +3.137040332e+01 +3.137040332e+01 -2.6804e-01 +1.8977e+00
345 +1.987243051e-04 +1.987243051e-04 +3.137019872e+01 +3.137019872e+01 -2.7157e-01 +1.9048e+00
374 +1.551366768e-04 +1.551366768e-04 +3.137015514e+01 +3.137015514e+01 -2.7120e-01 +1.9034e+00
383 +9.818668879e-05 +9.818668879e-05 +3.137009819e+01 +3.137009819e+01 -2.7208e-01 +1.9026e+00
393 +1.541746989e-05 +1.541746989e-05 +3.137001542e+01 +3.137001542e+01 -2.7177e-01 +1.8967e+00
411 +7.130821022e-06 +7.130821022e-06 +3.137000713e+01 +3.137000713e+01 -2.7194e-01 +1.8980e+00
416 +5.808403156e-06 +5.808403156e-06 +3.137000581e+01 +3.137000581e+01 -2.7185e-01 +1.8978e+00
422 +9.959701437e-07 +9.959701437e-07 +3.137000100e+01 +3.137000100e+01 -2.7197e-01 +1.8972e+00
453 +4.724530385e-07 +4.724530385e-07 +3.137000047e+01 +3.137000047e+01 -2.7193e-01 +1.8970e+00
513 +1.103709799e-07 +1.103709799e-07 +3.137000011e+01 +3.137000011e+01 -2.7197e-01 +1.8969e+00
532 +1.029644459e-07 +1.029644459e-07 +3.137000010e+01 +3.137000010e+01 -2.7200e-01 +1.8969e+00
543 +7.602346130e-08 +7.602346130e-08 +3.137000008e+01 +3.137000008e+01 -2.7198e-01 +1.8969e+00
552 +7.202807595e-08 +7.202807595e-08 +3.137000007e+01 +3.137000007e+01 -2.7199e-01 +1.8969e+00
554 +5.882067811e-08 +5.882067811e-08 +3.137000006e+01 +3.137000006e+01 -2.7197e-01 +1.8968e+00
560 +1.576640329e-08 +1.576640329e-08 +3.137000002e+01 +3.137000002e+01 -2.7200e-01 +1.8968e+00
563 +7.009134606e-09 +7.009134606e-09 +3.137000001e+01 +3.137000001e+01 -2.7199e-01 +1.8968e+00
1162 +0.000000000e+00 +0.000000000e+00 +3.137000000e+01 +3.137000000e+01 -2.7200e-01 +1.8968e+00
% function evaluation | noise-free fitness - Fopt (-1.000000000000e+03) | best noise-free fitness - Fopt | measured fitness | best measured fitness | x1 | x2...
1 +6.117604822e+04 +6.117604822e+04 +6.017604822e+04 +6.017604822e+04 +0.0000e+00 +0.0000e+00
2 +1.311783006e+01 +1.311783006e+01 -9.868821699e+02 -9.868821699e+02 +1.8718e+00 -1.3712e+00
6 +8.266992254e+00 +8.266992254e+00 -9.917330077e+02 -9.917330077e+02 +1.3930e+00 -6.8725e-01
12 +5.484017794e+00 +5.484017794e+00 -9.945159822e+02 -9.945159822e+02 +7.8674e-01 -3.0305e+00
89 +4.504801961e+00 +4.504801961e+00 -9.954951980e+02 -9.954951980e+02 +7.1539e-01 -3.0221e+00
113 +3.778498804e+00 +3.778498804e+00 -9.962215012e+02 -9.962215012e+02 +8.4126e-01 -1.8851e+00
116 +2.695415838e+00 +2.695415838e+00 -9.973045842e+02 -9.973045842e+02 +6.7102e-01 -2.2895e+00
120 +9.749065138e-01 +9.749065138e-01 -9.990250935e+02 -9.990250935e+02 +2.8325e-01 -2.5200e+00
131 +7.240224883e-01 +7.240224883e-01 -9.992759775e+02 -9.992759775e+02 +2.1824e-01 -2.7610e+00
151 +4.854751395e-01 +4.854751395e-01 -9.995145249e+02 -9.995145249e+02 +7.6680e-02 -3.2454e+00
152 +7.977971435e-02 +7.977971435e-02 -9.999202203e+02 -9.999202203e+02 -1.4278e-01 -3.4177e+00
175 +4.455682916e-02 +4.455682916e-02 -9.999554432e+02 -9.999554432e+02 -9.8737e-02 -3.1789e+00
184 +1.465162555e-02 +1.465162555e-02 -9.999853484e+02 -9.999853484e+02 -1.4244e-01 -3.2508e+00
201 +1.402871352e-02 +1.402871352e-02 -9.999859713e+02 -9.999859713e+02 -1.4351e-01 -3.2531e+00
259 +4.704473980e-03 +4.704473980e-03 -9.999952955e+02 -9.999952955e+02 -1.6200e-01 -3.2865e+00
277 +3.606995987e-03 +3.606995987e-03 -9.999963930e+02 -9.999963930e+02 -1.6559e-01 -3.3080e+00
303 +1.457206068e-03 +1.457206068e-03 -9.999985428e+02 -9.999985428e+02 -1.7319e-01 -3.3124e+00
307 +8.501542731e-04 +8.501542731e-04 -9.999991498e+02 -9.999991498e+02 -1.8133e-01 -3.3340e+00
325 +2.748585093e-04 +2.748585093e-04 -9.999997251e+02 -9.999997251e+02 -1.8109e-01 -3.3239e+00
381 +7.468925867e-05 +7.468925867e-05 -9.999999253e+02 -9.999999253e+02 -1.8389e-01 -3.3271e+00
426 +5.670108806e-05 +5.670108806e-05 -9.999999433e+02 -9.999999433e+02 -1.8500e-01 -3.3307e+00
443 +3.021892030e-05 +3.021892030e-05 -9.999999698e+02 -9.999999698e+02 -1.8563e-01 -3.3311e+00
444 +1.783170774e-05 +1.783170774e-05 -9.999999822e+02 -9.999999822e+02 -1.8587e-01 -3.3311e+00
446 +1.131291640e-05 +1.131291640e-05 -9.999999887e+02 -9.999999887e+02 -1.8552e-01 -3.3292e+00
545 +4.917699016e-06 +4.917699016e-06 -9.999999951e+02 -9.999999951e+02 -1.8587e-01 -3.3299e+00
552 +1.735583169e-06 +1.735583169e-06 -9.999999983e+02 -9.999999983e+02 -1.8609e-01 -3.3300e+00
556 +7.364457133e-07 +7.364457133e-07 -9.999999993e+02 -9.999999993e+02 -1.8626e-01 -3.3304e+00
595 +5.538096275e-07 +5.538096275e-07 -9.999999994e+02 -9.999999994e+02 -1.8624e-01 -3.3302e+00
608 +2.670765298e-08 +2.670765298e-08 -1.000000000e+03 -1.000000000e+03 -1.8637e-01 -3.3304e+00
683 +2.119588771e-08 +2.119588771e-08 -1.000000000e+03 -1.000000000e+03 -1.8638e-01 -3.3304e+00
716 +2.065917215e-08 +2.065917215e-08 -1.000000000e+03 -1.000000000e+03 -1.8638e-01 -3.3304e+00
722 +1.507191882e-08 +1.507191882e-08 -1.000000000e+03 -1.000000000e+03 -1.8638e-01 -3.3304e+00
729 +5.841229722e-09 +5.841229722e-09 -1.000000000e+03 -1.000000000e+03 -1.8639e-01 -3.3304e+00
1134 +0.000000000e+00 +0.000000000e+00 -1.000000000e+03 -1.000000000e+03 -1.8640e-01 -3.3304e+00
% function evaluation | noise-free fitness - Fopt (1.319200000000e+02) | best noise-free fitness - Fopt | measured fitness | best measured fitness | x1 | x2...
1 +1.849514788e+01 +1.849514788e+01 +1.504151479e+02 +1.504151479e+02 +0.0000e+00 +0.0000e+00
16 +1.252026428e+01 +1.252026428e+01 +1.444402643e+02 +1.444402643e+02 -1.2415e+00 +2.6216e-01
17 +1.189954724e+01 +1.189954724e+01 +1.438195472e+02 +1.438195472e+02 -7.8025e-01 +5.0278e-01
36 +7.225049404e+00 +7.225049404e+00 +1.391450494e+02 +1.391450494e+02 -1.4083e+00 +7.3696e-01
53 +4.136287586e+00 +4.136287586e+00 +1.360562876e+02 +1.360562876e+02 -3.3414e+00 +1.6953e+00
57 +3.683887030e+00 +3.683887030e+00 +1.356038870e+02 +1.356038870e+02 -3.0714e+00 +1.0803e+00
59 +1.462295011e+00 +1.462295011e+00 +1.333822950e+02 +1.333822950e+02 -2.8346e+00 +1.4583e+00
74 +1.333483850e+00 +1.333483850e+00 +1.332534839e+02 +1.332534839e+02 -3.2102e+00 +1.4550e+00
102 +6.405573697e-02 +6.405573697e-02 +1.319840557e+02 +1.319840557e+02 -3.8027e+00 +1.8317e+00
237 +5.267560621e-02 +5.267560621e-02 +1.319726756e+02 +1.319726756e+02 -3.7966e+00 +1.8457e+00
238 +2.459174669e-02 +2.459174669e-02 +1.319445917e+02 +1.319445917e+02 -3.8625e+00 +1.8673e+00
244 +2.165882267e-02 +2.165882267e-02 +1.319416588e+02 +1.319416588e+02 -3.8763e+00 +1.8692e+00
263 +3.859653922e-03 +3.859653922e-03 +1.319238597e+02 +1.319238597e+02 -3.9650e+00 +1.8928e+00
293 +2.491629589e-03 +2.491629589e-03 +1.319224916e+02 +1.319224916e+02 -3.9611e+00 +1.8957e+00
297 +5.312878713e-04 +5.312878713e-04 +1.319205313e+02 +1.319205313e+02 -3.9824e+00 +1.9053e+00
336 +4.091340670e-04 +4.091340670e-04 +1.319204091e+02 +1.319204091e+02 -3.9714e+00 +1.9057e+00
379 +1.977356191e-04 +1.977356191e-04 +1.319201977e+02 +1.319201977e+02 -3.9746e+00 +1.9073e+00
392 +1.570971813e-04 +1.570971813e-04 +1.319201571e+02 +1.319201571e+02 -3.9784e+00 +1.9072e+00
409 +1.754114805e-06 +1.754114805e-06 +1.319200018e+02 +1.319200018e+02 -3.9818e+00 +1.9102e+00
483 +8.872217450e-07 +8.872217450e-07 +1.319200009e+02 +1.319200009e+02 -3.9824e+00 +1.9103e+00
493 +4.187308491e-07 +4.187308491e-07 +1.319200004e+02 +1.319200004e+02 -3.9822e+00 +1.9103e+00
516 +1.850770843e-07 +1.850770843e-07 +1.319200002e+02 +1.319200002e+02 -3.9823e+00 +1.9104e+00
548 +1.011730433e-07 +1.011730433e-07 +1.319200001e+02 +1.319200001e+02 -3.9823e+00 +1.9103e+00
568 +5.994377261e-08 +5.994377261e-08 +1.319200001e+02 +1.319200001e+02 -3.9823e+00 +1.9104e+00
569 +5.120801916e-08 +5.120801916e-08 +1.319200001e+02 +1.319200001e+02 -3.9823e+00 +1.9104e+00
575 +6.168022537e-09 +6.168022537e-09 +1.319200000e+02 +1.319200000e+02 -3.9824e+00 +1.9104e+00
911 +0.000000000e+00 +0.000000000e+00 +1.319200000e+02 +1.319200000e+02 -3.9824e+00 +1.9104e+00
% function evaluation | noise-free fitness - Fopt (5.908400000000e+02) | best noise-free fitness - Fopt | measured fitness | best measured fitness | x1 | x2...
1 +2.473902553e+04 +2.473902553e+04 +2.532986553e+04 +2.532986553e+04 +0.0000e+00 +0.0000e+00
2 +1.044645625e+04 +1.044645625e+04 +1.103729625e+04 +1.103729625e+04 +1.9633e+00 -3.1769e+00
4 +4.003953810e+01 +4.003953810e+01 +6.308795381e+02 +6.308795381e+02 -2.2208e+00 -1.6653e-01
21 +3.720965071e+01 +3.720965071e+01 +6.280496507e+02 +6.280496507e+02 -1.5027e+00 -2.2442e+00
26 +3.304959180e+01 +3.304959180e+01 +6.238895918e+02 +6.238895918e+02 -8.8306e-01 -3.5193e+00
28 +2.570477196e+01 +2.570477196e+01 +6.165447720e+02 +6.165447720e+02 -1.7437e-01 -4.5587e+00
29 +2.408135856e+01 +2.408135856e+01 +6.149213586e+02 +6.149213586e+02 +1.8843e-01 -5.0498e+00
30 +2.200310047e+01 +2.200310047e+01 +6.128431005e+02 +6.128431005e+02 -1.1969e+00 -7.3455e-01
45 +1.696462816e+01 +1.696462816e+01 +6.078046282e+02 +6.078046282e+02 -2.3035e-01 -3.3307e+00
47 +1.345578966e+01 +1.345578966e+01 +6.042957897e+02 +6.042957897e+02 -3.1455e-01 -2.7750e+00
56 +1.308051558e+01 +1.308051558e+01 +6.039205156e+02 +6.039205156e+02 -2.5670e-02 -3.4355e+00
63 +7.138691671e+00 +7.138691671e+00 +5.979786917e+02 +5.979786917e+02 +8.2031e-01 -4.2538e+00
88 +3.914687624e+00 +3.914687624e+00 +5.947546876e+02 +5.947546876e+02 +1.5699e+00 -4.8024e+00
113 +3.361771163e+00 +3.361771163e+00 +5.942017712e+02 +5.942017712e+02 +5.8923e-01 -2.8572e+00
119 +2.615919332e+00 +2.615919332e+00 +5.934559193e+02 +5.934559193e+02 +9.3327e-01 -3.5199e+00
142 +1.765762598e+00 +1.765762598e+00 +5.926057626e+02 +5.926057626e+02 +1.0283e+00 -3.4818e+00
153 +6.639018462e-02 +6.639018462e-02 +5.909063902e+02 +5.909063902e+02 +1.4190e+00 -3.4289e+00
203 +1.626038872e-02 +1.626038872e-02 +5.908562604e+02 +5.908562604e+02 +1.4403e+00 -3.3909e+00
223 +1.083579477e-02 +1.083579477e-02 +5.908508358e+02 +5.908508358e+02 +1.4322e+00 -3.3663e+00
226 +1.025568565e-02 +1.025568565e-02 +5.908502557e+02 +5.908502557e+02 +1.4120e+00 -3.3207e+00
270 +8.772153514e-03 +8.772153514e-03 +5.908487722e+02 +5.908487722e+02 +1.4176e+00 -3.3284e+00
274 +3.043426381e-03 +3.043426381e-03 +5.908430434e+02 +5.908430434e+02 +1.4419e+00 -3.3559e+00
312 +1.484440808e-03 +1.484440808e-03 +5.908414844e+02 +5.908414844e+02 +1.4380e+00 -3.3401e+00
328 +3.698797984e-04 +3.698797984e-04 +5.908403699e+02 +5.908403699e+02 +1.4393e+00 -3.3293e+00
336 +1.299358684e-04 +1.299358684e-04 +5.908401299e+02 +5.908401299e+02 +1.4450e+00 -3.3393e+00
360 +1.280874726e-04 +1.280874726e-04 +5.908401281e+02 +5.908401281e+02 +1.4428e+00 -3.3347e+00
370 +9.357597719e-07 +9.357597719e-07 +5.908400009e+02 +5.908400009e+02 +1.4455e+00 -3.3362e+00
459 +2.001793291e-07 +2.001793291e-07 +5.908400002e+02 +5.908400002e+02 +1.4455e+00 -3.3360e+00
497 +1.814821644e-07 +1.814821644e-07 +5.908400002e+02 +5.908400002e+02 +1.4456e+00 -3.3360e+00
498 +1.108799097e-08 +1.108799097e-08 +5.908400000e+02 +5.908400000e+02 +1.4456e+00 -3.3360e+00
529 +9.324480743e-09 +9.324480743e-09 +5.908400000e+02 +5.908400000e+02 +1.4456e+00 -3.3360e+00
1013 +0.000000000e+00 +0.000000000e+00 +5.908400000e+02 +5.908400000e+02 +1.4456e+00 -3.3360e+00
% function evaluation | noise-free fitness - Fopt (6.231000000000e+01) | best noise-free fitness - Fopt | measured fitness | best measured fitness | x1 | x2...
1 +1.514944849e+01 +1.514944849e+01 +7.745944849e+01 +7.745944849e+01 +0.0000e+00 +0.0000e+00
13 +8.047798704e+00 +8.047798704e+00 +7.035779870e+01 +7.035779870e+01 +7.6762e-01 -3.4867e-01
17 +6.131642823e+00 +6.131642823e+00 +6.844164282e+01 +6.844164282e+01 +1.0685e-01 -8.5325e-01
27 +5.907394383e+00 +5.907394383e+00 +6.821739438e+01 +6.821739438e+01 +3.8254e-01 -8.0731e-01
50 +5.605026947e+00 +5.605026947e+00 +6.791502695e+01 +6.791502695e+01 -2.4759e-01 -1.0624e+00
61 +4.810730855e+00 +4.810730855e+00 +6.712073085e+01 +6.712073085e+01 -1.4133e-01 -1.0909e+00
69 +2.721953964e+00 +2.721953964e+00 +6.503195396e+01 +6.503195396e+01 -5.6345e-01 -1.5806e+00
80 +2.116220730e+00 +2.116220730e+00 +6.442622073e+01 +6.442622073e+01 -1.0831e+00 -2.0252e+00
81 +7.235344959e-01 +7.235344959e-01 +6.303353450e+01 +6.303353450e+01 -7.4986e-01 -2.1066e+00
124 +6.504375453e-01 +6.504375453e-01 +6.296043755e+01 +6.296043755e+01 -7.1209e-01 -2.1293e+00
137 +3.711246001e-01 +3.711246001e-01 +6.268112460e+01 +6.268112460e+01 -7.6593e-01 -2.2522e+00
140 +3.004683754e-01 +3.004683754e-01 +6.261046838e+01 +6.261046838e+01 -1.0165e+00 -2.3796e+00
149 +1.734832109e-01 +1.734832109e-01 +6.248348321e+01 +6.248348321e+01 -9.4725e-01 -2.4000e+00
175 +3.822610410e-02 +3.822610410e-02 +6.234822610e+01 +6.234822610e+01 -1.1068e+00 -2.5857e+00
192 +1.371623855e-02 +1.371623855e-02 +6.232371624e+01 +6.232371624e+01 -1.1043e+00 -2.6113e+00
240 +5.635384094e-03 +5.635384094e-03 +6.231563538e+01 +6.231563538e+01 -1.0819e+00 -2.6158e+00
284 +4.637568976e-03 +4.637568976e-03 +6.231463757e+01 +6.231463757e+01 -1.1176e+00 -2.6376e+00
312 +1.392392023e-03 +1.392392023e-03 +6.231139239e+01 +6.231139239e+01 -1.1217e+00 -2.6508e+00
330 +6.524838772e-04 +6.524838772e-04 +6.231065248e+01 +6.231065248e+01 -1.1121e+00 -2.6471e+00
333 +5.018999366e-04 +5.018999366e-04 +6.231050190e+01 +6.231050190e+01 -1.1186e+00 -2.6530e+00
339 +2.916140016e-04 +2.916140016e-04 +6.231029161e+01 +6.231029161e+01 -1.1201e+00 -2.6557e+00
374 +1.653013111e-04 +1.653013111e-04 +6.231016530e+01 +6.231016530e+01 -1.1193e+00 -2.6564e+00
404 +1.082948342e-04 +1.082948342e-04 +6.231010829e+01 +6.231010829e+01 -1.1150e+00 -2.6536e+00
413 +8.288781027e-05 +8.288781027e-05 +6.231008289e+01 +6.231008289e+01 -1.1168e+00 -2.6552e+00
421 +6.839547216e-05 +6.839547216e-05 +6.231006840e+01 +6.231006840e+01 -1.1151e+00 -2.6542e+00
425 +4.820245209e-05 +4.820245209e-05 +6.231004820e+01 +6.231004820e+01 -1.1145e+00 -2.6543e+00
428 +2.290954942e-05 +2.290954942e-05 +6.231002291e+01 +6.231002291e+01 -1.1151e+00 -2.6551e+00
431 +8.052216643e-06 +8.052216643e-06 +6.231000805e+01 +6.231000805e+01 -1.1164e+00 -2.6566e+00
472 +3.673036012e-06 +3.673036012e-06 +6.231000367e+01 +6.231000367e+01 -1.1154e+00 -2.6561e+00
483 +2.046044443e-06 +2.046044443e-06 +6.231000205e+01 +6.231000205e+01 -1.1158e+00 -2.6564e+00
512 +2.830608565e-07 +2.830608565e-07 +6.231000028e+01 +6.231000028e+01 -1.1161e+00 -2.6568e+00
589 +1.058455368e-07 +1.058455368e-07 +6.231000011e+01 +6.231000011e+01 -1.1160e+00 -2.6568e+00
601 +3.357220635e-08 +3.357220635e-08 +6.231000003e+01 +6.231000003e+01 -1.1160e+00 -2.6568e+00
666 +7.134353552e-09 +7.134353552e-09 +6.231000001e+01 +6.231000001e+01 -1.1160e+00 -2.6568e+00
1222 +0.000000000e+00 +0.000000000e+00 +6.231000000e+01 +6.231000000e+01 -1.1160e+00 -2.6568e+00
% function evaluation | noise-free fitness - Fopt (1.000000000000e+03) | best noise-free fitness - Fopt | measured fitness | best measured fitness | x1 | x2...
1 +7.941431273e+00 +7.941431273e+00 +1.007941431e+03 +1.007941431e+03 +0.0000e+00 +0.0000e+00
8 +5.673025052e+00 +5.673025052e+00 +1.005673025e+03 +1.005673025e+03 +2.8833e-01 +3.1213e-01
18 +4.991245108e+00 +4.991245108e+00 +1.004991245e+03 +1.004991245e+03 +5.7597e-01 +7.2062e-01
23 +4.177053718e+00 +4.177053718e+00 +1.004177054e+03 +1.004177054e+03 +3.8313e-01 +7.5614e-01
36 +4.011953387e+00 +4.011953387e+00 +1.004011953e+03 +1.004011953e+03 +1.9737e-01 +5.8187e-01
42 +3.435783648e+00 +3.435783648e+00 +1.003435784e+03 +1.003435784e+03 +6.5228e-02 +6.8191e-01
58 +3.297649534e+00 +3.297649534e+00 +1.003297650e+03 +1.003297650e+03 +9.2518e-02 +7.5621e-01
78 +3.114164314e+00 +3.114164314e+00 +1.003114164e+03 +1.003114164e+03 +8.1343e-02 +9.4903e-01
87 +3.002389103e+00 +3.002389103e+00 +1.003002389e+03 +1.003002389e+03 +3.6515e-02 +1.0176e+00
92 +2.822124243e+00 +2.822124243e+00 +1.002822124e+03 +1.002822124e+03 -1.0112e-02 +1.0136e+00
100 +2.794397181e+00 +2.794397181e+00 +1.002794397e+03 +1.002794397e+03 -8.5495e-03 +9.4808e-01
103 +2.670888127e+00 +2.670888127e+00 +1.002670888e+03 +1.002670888e+03 -9.0222e-02 +1.0973e+00
106 +2.426694663e+00 +2.426694663e+00 +1.002426695e+03 +1.002426695e+03 -1.9294e-01 +1.0631e+00
112 +1.556584662e+00 +1.556584662e+00 +1.001556585e+03 +1.001556585e+03 -4.4378e-01 +1.1738e+00
116 +1.535400458e+00 +1.535400458e+00 +1.001535400e+03 +1.001535400e+03 -4.8335e-01 +1.2546e+00
125 +1.397173317e+00 +1.397173317e+00 +1.001397173e+03 +1.001397173e+03 -5.2450e-01 +1.1084e+00
128 +1.374422571e+00 +1.374422571e+00 +1.001374423e+03 +1.001374423e+03 -5.5748e-01 +1.1327e+00
132 +1.078784173e+00 +1.078784173e+00 +1.001078784e+03 +1.001078784e+03 -9.2159e-01 +1.0975e+00
141 +1.067720485e+00 +1.067720485e+00 +1.001067720e+03 +1.001067720e+03 -7.6570e-01 +1.3663e+00
143 +1.045741134e+00 +1.045741134e+00 +1.001045741e+03 +1.001045741e+03 -7.4773e-01 +1.3267e+00
145 +7.989959710e-01 +7.989959710e-01 +1.000798996e+03 +1.000798996e+03 -8.2962e-01 +1.3597e+00
146 +2.439508385e-01 +2.439508385e-01 +1.000243951e+03 +1.000243951e+03 -1.2630e+00 +1.5181e+00
158 +1.397480590e-01 +1.397480590e-01 +1.000139748e+03 +1.000139748e+03 -1.4292e+00 +1.4553e+00
179 +8.880102619e-02 +8.880102619e-02 +1.000088801e+03 +1.000088801e+03 -1.4447e+00 +1.4833e+00
189 +3.486060381e-02 +3.486060381e-02 +1.000034861e+03 +1.000034861e+03 -1.5150e+00 +1.5764e+00
206 +1.507996959e-02 +1.507996959e-02 +1.000015080e+03 +1.000015080e+03 -1.5653e+00 +1.5951e+00
229 +9.433565845e-03 +9.433565845e-03 +1.000009434e+03 +1.000009434e+03 -1.5830e+00 +1.5858e+00
230 +1.231726157e-03 +1.231726157e-03 +1.000001232e+03 +1.000001232e+03 -1.6366e+00 +1.6094e+00
341 +8.416050090e-04 +8.416050090e-04 +1.000000842e+03 +1.000000842e+03 -1.6391e+00 +1.6118e+00
347 +4.760076968e-05 +4.760076968e-05 +1.000000048e+03 +1.000000048e+03 -1.6489e+00 +1.6198e+00
453 +3.402997254e-05 +3.402997254e-05 +1.000000034e+03 +1.000000034e+03 -1.6474e+00 +1.6200e+00
455 +1.572623728e-05 +1.572623728e-05 +1.000000016e+03 +1.000000016e+03 -1.6487e+00 +1.6205e+00
469 +1.093356104e-05 +1.093356104e-05 +1.000000011e+03 +1.000000011e+03 -1.6488e+00 +1.6208e+00
494 +3.823756515e-06 +3.823756515e-06 +1.000000004e+03 +1.000000004e+03 -1.6495e+00 +1.6213e+00
549 +3.125212174e-06 +3.125212174e-06 +1.000000003e+03 +1.000000003e+03 -1.6496e+00 +1.6212e+00
555 +2.751061515e-06 +2.751061515e-06 +1.000000003e+03 +1.000000003e+03 -1.6497e+00 +1.6212e+00
557 +1.560367309e-06 +1.560367309e-06 +1.000000002e+03 +1.000000002e+03 -1.6499e+00 +1.6213e+00
572 +1.416561872e-07 +1.416561872e-07 +1.000000000e+03 +1.000000000e+03 -1.6503e+00 +1.6215e+00
742 +9.493703601e-08 +9.493703601e-08 +1.000000000e+03 +1.000000000e+03 -1.6503e+00 +1.6216e+00
763 +3.551986083e-08 +3.551986083e-08 +1.000000000e+03 +1.000000000e+03 -1.6503e+00 +1.6216e+00
773 +3.162426765e-08 +3.162426765e-08 +1.000000000e+03 +1.000000000e+03 -1.6504e+00 +1.6216e+00
784 +1.798889571e-08 +1.798889571e-08 +1.000000000e+03 +1.000000000e+03 -1.6504e+00 +1.6216e+00
785 +5.795641300e-09 +5.795641300e-09 +1.000000000e+03 +1.000000000e+03 -1.6504e+00 +1.6216e+00
1174 +0.000000000e+00 +0.000000000e+00 +1.000000000e+03 +1.000000000e+03 -1.6504e+00 +1.6216e+00
% function evaluation | noise-free fitness - Fopt (6.536000000000e+02) | best noise-free fitness - Fopt | measured fitness | best measured fitness | x1 | x2...
1 +3.683310702e+03 +3.683310702e+03 +4.336910702e+03 +4.336910702e+03 +0.0000e+00 +0.0000e+00
2 +2.229911511e+01 +2.229911511e+01 +6.758991151e+02 +6.758991151e+02 +5.2692e-01 -2.2132e-01
6 +1.410042823e+01 +1.410042823e+01 +6.677004282e+02 +6.677004282e+02 -6.0842e-01 -2.0227e+00
13 +9.465633098e+00 +9.465633098e+00 +6.630656331e+02 +6.630656331e+02 -1.7501e+00 -3.0557e+00
36 +6.768593710e+00 +6.768593710e+00 +6.603685937e+02 +6.603685937e+02 -1.2279e+00 -1.6087e+00
43 +3.124290980e+00 +3.124290980e+00 +6.567242910e+02 +6.567242910e+02 -1.9597e+00 -2.1695e+00
55 +7.400332767e-02 +7.400332767e-02 +6.536740033e+02 +6.536740033e+02 -3.1608e+00 -3.1057e+00
196 +1.457776822e-02 +1.457776822e-02 +6.536145778e+02 +6.536145778e+02 -3.3056e+00 -3.2584e+00
239 +2.781048032e-03 +2.781048032e-03 +6.536027810e+02 +6.536027810e+02 -3.3074e+00 -3.2349e+00
313 +1.288959215e-03 +1.288959215e-03 +6.536012890e+02 +6.536012890e+02 -3.3060e+00 -3.2240e+00
320 +9.835156100e-04 +9.835156100e-04 +6.536009835e+02 +6.536009835e+02 -3.3065e+00 -3.2209e+00
345 +8.949595673e-04 +8.949595673e-04 +6.536008950e+02 +6.536008950e+02 -3.3073e+00 -3.2211e+00
352 +5.168977900e-04 +5.168977900e-04 +6.536005169e+02 +6.536005169e+02 -3.3113e+00 -3.2254e+00
377 +1.696192201e-04 +1.696192201e-04 +6.536001696e+02 +6.536001696e+02 -3.3163e+00 -3.2292e+00
427 +8.095068654e-05 +8.095068654e-05 +6.536000810e+02 +6.536000810e+02 -3.3185e+00 -3.2308e+00
493 +2.902188987e-05 +2.902188987e-05 +6.536000290e+02 +6.536000290e+02 -3.3196e+00 -3.2306e+00
506 +2.292167380e-05 +2.292167380e-05 +6.536000229e+02 +6.536000229e+02 -3.3203e+00 -3.2317e+00
522 +1.816691122e-05 +1.816691122e-05 +6.536000182e+02 +6.536000182e+02 -3.3201e+00 -3.2312e+00
530 +1.256481789e-05 +1.256481789e-05 +6.536000126e+02 +6.536000126e+02 -3.3211e+00 -3.2324e+00
532 +4.997843803e-06 +4.997843803e-06 +6.536000050e+02 +6.536000050e+02 -3.3211e+00 -3.2320e+00
545 +1.801415124e-06 +1.801415124e-06 +6.536000018e+02 +6.536000018e+02 -3.3214e+00 -3.2321e+00
547 +1.743250891e-06 +1.743250891e-06 +6.536000017e+02 +6.536000017e+02 -3.3215e+00 -3.2322e+00
560 +3.119038183e-07 +3.119038183e-07 +6.536000003e+02 +6.536000003e+02 -3.3215e+00 -3.2320e+00
613 +1.599061079e-07 +1.599061079e-07 +6.536000002e+02 +6.536000002e+02 -3.3215e+00 -3.2320e+00
623 +1.161414502e-07 +1.161414502e-07 +6.536000001e+02 +6.536000001e+02 -3.3215e+00 -3.2320e+00
632 +6.858340384e-08 +6.858340384e-08 +6.536000001e+02 +6.536000001e+02 -3.3216e+00 -3.2320e+00
638 +1.025216534e-08 +1.025216534e-08 +6.536000000e+02 +6.536000000e+02 -3.3216e+00 -3.2320e+00
700 +6.935806596e-09 +6.935806596e-09 +6.536000000e+02 +6.536000000e+02 -3.3216e+00 -3.2320e+00
1007 +0.000000000e+00 +0.000000000e+00 +6.536000000e+02 +6.536000000e+02 -3.3216e+00 -3.2320e+00
% function evaluation | noise-free fitness - Fopt (-7.829000000000e+01) | best noise-free fitness - Fopt | measured fitness | best measured fitness | x1 | x2...
1 +1.240192824e+01 +1.240192824e+01 -6.588807176e+01 -6.588807176e+01 +0.0000e+00 +0.0000e+00
4 +2.551068775e+00 +2.551068775e+00 -7.573893122e+01 -7.573893122e+01 -1.5923e+00 -1.7755e+00
20 +7.231814400e-01 +7.231814400e-01 -7.756681856e+01 -7.756681856e+01 -1.8442e+00 -2.4134e+00
72 +4.354427789e-01 +4.354427789e-01 -7.785455722e+01 -7.785455722e+01 -2.0555e+00 -2.5321e+00
106 +4.207978511e-01 +4.207978511e-01 -7.786920215e+01 -7.786920215e+01 -2.1580e+00 -2.5785e+00
108 +3.465580342e-01 +3.465580342e-01 -7.794344197e+01 -7.794344197e+01 -2.2562e+00 -2.6779e+00
111 +2.601999955e-01 +2.601999955e-01 -7.802980000e+01 -7.802980000e+01 -2.1306e+00 -2.6623e+00
115 +1.515227980e-01 +1.515227980e-01 -7.813847720e+01 -7.813847720e+01 -2.2720e+00 -2.7813e+00
122 +8.343910624e-02 +8.343910624e-02 -7.820656089e+01 -7.820656089e+01 -2.2123e+00 -2.8334e+00
134 +1.771156800e-02 +1.771156800e-02 -7.827228843e+01 -7.827228843e+01 -2.3263e+00 -2.9425e+00
135 +1.728822620e-02 +1.728822620e-02 -7.827271177e+01 -7.827271177e+01 -2.3353e+00 -2.9431e+00
138 +1.512477430e-02 +1.512477430e-02 -7.827487523e+01 -7.827487523e+01 -2.3242e+00 -2.9635e+00
189 +8.884445425e-03 +8.884445425e-03 -7.828111555e+01 -7.828111555e+01 -2.3609e+00 -2.9694e+00
194 +7.133586445e-03 +7.133586445e-03 -7.828286641e+01 -7.828286641e+01 -2.3511e+00 -2.9774e+00
209 +4.136186043e-03 +4.136186043e-03 -7.828586381e+01 -7.828586381e+01 -2.3817e+00 -2.9943e+00
222 +3.613112690e-03 +3.613112690e-03 -7.828638689e+01 -7.828638689e+01 -2.3809e+00 -2.9948e+00
223 +3.028781922e-03 +3.028781922e-03 -7.828697122e+01 -7.828697122e+01 -2.3791e+00 -2.9949e+00
236 +2.526989339e-03 +2.526989339e-03 -7.828747301e+01 -7.828747301e+01 -2.3758e+00 -2.9957e+00
237 +7.448506114e-04 +7.448506114e-04 -7.828925515e+01 -7.828925515e+01 -2.3913e+00 -3.0133e+00
251 +5.138072706e-04 +5.138072706e-04 -7.828948619e+01 -7.828948619e+01 -2.3890e+00 -3.0132e+00
256 +2.789603800e-04 +2.789603800e-04 -7.828972104e+01 -7.828972104e+01 -2.3865e+00 -3.0149e+00
271 +1.462768351e-04 +1.462768351e-04 -7.828985372e+01 -7.828985372e+01 -2.3882e+00 -3.0184e+00
276 +1.077409219e-04 +1.077409219e-04 -7.828989226e+01 -7.828989226e+01 -2.3896e+00 -3.0185e+00
312 +1.022829927e-04 +1.022829927e-04 -7.828989772e+01 -7.828989772e+01 -2.3894e+00 -3.0188e+00
313 +9.835866639e-05 +9.835866639e-05 -7.828990164e+01 -7.828990164e+01 -2.3894e+00 -3.0190e+00
345 +7.528441265e-05 +7.528441265e-05 -7.828992472e+01 -7.828992472e+01 -2.3899e+00 -3.0199e+00
359 +6.923876371e-05 +6.923876371e-05 -7.828993076e+01 -7.828993076e+01 -2.3901e+00 -3.0199e+00
365 +6.179999518e-05 +6.179999518e-05 -7.828993820e+01 -7.828993820e+01 -2.3904e+00 -3.0199e+00
367 +5.523392343e-05 +5.523392343e-05 -7.828994477e+01 -7.828994477e+01 -2.3905e+00 -3.0206e+00
376 +5.392737469e-05 +5.392737469e-05 -7.828994607e+01 -7.828994607e+01 -2.3906e+00 -3.0202e+00
382 +2.994623286e-05 +2.994623286e-05 -7.828997005e+01 -7.828997005e+01 -2.3914e+00 -3.0212e+00
387 +2.546049279e-05 +2.546049279e-05 -7.828997454e+01 -7.828997454e+01 -2.3917e+00 -3.0215e+00
394 +7.970105784e-06 +7.970105784e-06 -7.828999203e+01 -7.828999203e+01 -2.3926e+00 -3.0223e+00
396 +7.683812044e-06 +7.683812044e-06 -7.828999232e+01 -7.828999232e+01 -2.3926e+00 -3.0222e+00
407 +5.921342222e-06 +5.921342222e-06 -7.828999408e+01 -7.828999408e+01 -2.3927e+00 -3.0223e+00
408 +4.970092292e-06 +4.970092292e-06 -7.828999503e+01 -7.828999503e+01 -2.3928e+00 -3.0225e+00
412 +3.401210392e-06 +3.401210392e-06 -7.828999660e+01 -7.828999660e+01 -2.3930e+00 -3.0225e+00
415 +3.094362953e-06 +3.094362953e-06 -7.828999691e+01 -7.828999691e+01 -2.3931e+00 -3.0226e+00
426 +2.960421256e-06 +2.960421256e-06 -7.828999704e+01 -7.828999704e+01 -2.3930e+00 -3.0226e+00
428 +8.774518534e-07 +8.774518534e-07 -7.828999912e+01 -7.828999912e+01 -2.3933e+00 -3.0229e+00
443 +8.124887785e-07 +8.124887785e-07 -7.828999919e+01 -7.828999919e+01 -2.3934e+00 -3.0229e+00
515 +5.768902298e-07 +5.768902298e-07 -7.828999942e+01 -7.828999942e+01 -2.3934e+00 -3.0229e+00
523 +4.102372628e-07 +4.102372628e-07 -7.828999959e+01 -7.828999959e+01 -2.3934e+00 -3.0230e+00
529 +4.000215199e-07 +4.000215199e-07 -7.828999960e+01 -7.828999960e+01 -2.3934e+00 -3.0230e+00
544 +2.813003306e-07 +2.813003306e-07 -7.828999972e+01 -7.828999972e+01 -2.3934e+00 -3.0230e+00
556 +9.977583204e-08 +9.977583204e-08 -7.828999990e+01 -7.828999990e+01 -2.3935e+00 -3.0231e+00
558 +4.711610302e-08 +4.711610302e-08 -7.828999995e+01 -7.828999995e+01 -2.3935e+00 -3.0231e+00
564 +1.605228306e-08 +1.605228306e-08 -7.828999998e+01 -7.828999998e+01 -2.3936e+00 -3.0232e+00
648 +5.862460739e-09 +5.862460739e-09 -7.828999999e+01 -7.828999999e+01 -2.3936e+00 -3.0232e+00
1215 +0.000000000e+00 +0.000000000e+00 -7.829000000e+01 -7.829000000e+01 -2.3936e+00 -3.0232e+00
% function evaluation | noise-free fitness - Fopt (-4.164000000000e+01) | best noise-free fitness - Fopt | measured fitness | best measured fitness | x1 | x2...
1 +2.096641713e+04 +2.096641713e+04 +2.092477713e+04 +2.092477713e+04 +0.0000e+00 +0.0000e+00
3 +1.844441944e+02 +1.844441944e+02 +1.428041944e+02 +1.428041944e+02 -1.1581e+00 -2.3008e+00
13 +1.620044993e+02 +1.620044993e+02 +1.203644993e+02 +1.203644993e+02 -1.3915e+00 -3.1497e+00
17 +1.170669304e+02 +1.170669304e+02 +7.542693041e+01 +7.542693041e+01 -6.1791e-01 -3.8872e+00
20 +9.378322363e+01 +9.378322363e+01 +5.214322363e+01 +5.214322363e+01 +1.8274e-01 -5.1609e+00
22 +8.943716253e+01 +8.943716253e+01 +4.779716253e+01 +4.779716253e+01 +5.9349e-01 -7.6562e+00
24 +4.708489040e+01 +4.708489040e+01 +5.444890402e+00 +5.444890402e+00 +2.5588e+00 -9.9363e+00
26 +3.030194252e+01 +3.030194252e+01 -1.133805748e+01 -1.133805748e+01 +1.7765e+00 -3.1256e+00
27 +2.505323269e+01 +2.505323269e+01 -1.658676731e+01 -1.658676731e+01 +1.9794e+00 -3.7163e+00
33 +2.352635703e+01 +2.352635703e+01 -1.811364297e+01 -1.811364297e+01 +2.3058e+00 -5.2809e+00
35 +5.220355061e+00 +5.220355061e+00 -3.641964494e+01 -3.641964494e+01 +3.4663e+00 -5.0320e+00
97 +1.362107843e+00 +1.362107843e+00 -4.027789216e+01 -4.027789216e+01 +3.9011e+00 -4.3562e+00
111 +1.325080520e+00 +1.325080520e+00 -4.031491948e+01 -4.031491948e+01 +3.5601e+00 -3.2352e+00
131 +8.564085502e-01 +8.564085502e-01 -4.078359145e+01 -4.078359145e+01 +3.6493e+00 -3.5569e+00
148 +7.605828120e-01 +7.605828120e-01 -4.087941719e+01 -4.087941719e+01 +3.8351e+00 -4.0270e+00
150 +3.343595904e-01 +3.343595904e-01 -4.130564041e+01 -4.130564041e+01 +3.8125e+00 -3.5918e+00
191 +1.602487804e-01 +1.602487804e-01 -4.147975122e+01 -4.147975122e+01 +3.9147e+00 -3.5740e+00
204 +1.491233300e-01 +1.491233300e-01 -4.149087667e+01 -4.149087667e+01 +3.8747e+00 -3.5109e+00
207 +9.359118718e-02 +9.359118718e-02 -4.154640881e+01 -4.154640881e+01 +3.8950e+00 -3.4688e+00
215 +1.605382827e-02 +1.605382827e-02 -4.162394617e+01 -4.162394617e+01 +3.8828e+00 -3.2237e+00
267 +9.753980434e-03 +9.753980434e-03 -4.163024602e+01 -4.163024602e+01 +3.8887e+00 -3.2081e+00
276 +9.063466792e-03 +9.063466792e-03 -4.163093653e+01 -4.163093653e+01 +3.8973e+00 -3.2555e+00
281 +1.875959162e-03 +1.875959162e-03 -4.163812404e+01 -4.163812404e+01 +3.9123e+00 -3.2379e+00
413 +1.078883480e-03 +1.078883480e-03 -4.163892112e+01 -4.163892112e+01 +3.9102e+00 -3.2270e+00
436 +5.232387132e-04 +5.232387132e-04 -4.163947676e+01 -4.163947676e+01 +3.9135e+00 -3.2240e+00
453 +2.680709513e-04 +2.680709513e-04 -4.163973193e+01 -4.163973193e+01 +3.9129e+00 -3.2183e+00
478 +1.877878176e-04 +1.877878176e-04 -4.163981221e+01 -4.163981221e+01 +3.9118e+00 -3.2144e+00
494 +2.852124675e-05 +2.852124675e-05 -4.163997148e+01 -4.163997148e+01 +3.9129e+00 -3.2102e+00
526 +4.086822869e-06 +4.086822869e-06 -4.163999591e+01 -4.163999591e+01 +3.9134e+00 -3.2096e+00
559 +2.577233033e-06 +2.577233033e-06 -4.163999742e+01 -4.163999742e+01 +3.9136e+00 -3.2096e+00
565 +1.984354746e-06 +1.984354746e-06 -4.163999802e+01 -4.163999802e+01 +3.9135e+00 -3.2093e+00
572 +1.554594604e-06 +1.554594604e-06 -4.163999845e+01 -4.163999845e+01 +3.9135e+00 -3.2091e+00
590 +3.898852867e-07 +3.898852867e-07 -4.163999961e+01 -4.163999961e+01 +3.9135e+00 -3.2089e+00
592 +1.066723812e-07 +1.066723812e-07 -4.163999989e+01 -4.163999989e+01 +3.9136e+00 -3.2089e+00
607 +3.144322136e-09 +3.144322136e-09 -4.164000000e+01 -4.164000000e+01 +3.9136e+00 -3.2088e+00
1303 +0.000000000e+00 +0.000000000e+00 -4.164000000e+01 -4.164000000e+01 +3.9136e+00 -3.2088e+00
% function evaluation | noise-free fitness - Fopt (1.344400000000e+02) | best noise-free fitness - Fopt | measured fitness | best measured fitness | x1 | x2...
1 +4.426510157e+01 +4.426510157e+01 +1.787051016e+02 +1.787051016e+02 +0.0000e+00 +0.0000e+00
6 +3.488407836e+01 +3.488407836e+01 +1.693240784e+02 +1.693240784e+02 +2.6205e+00 +8.3362e-01
9 +2.377774917e+01 +2.377774917e+01 +1.582177492e+02 +1.582177492e+02 +1.8062e+00 +1.0423e+00
14 +1.367492326e+01 +1.367492326e+01 +1.481149233e+02 +1.481149233e+02 +2.4944e+00 +1.6894e+00
26 +6.699176670e+00 +6.699176670e+00 +1.411391767e+02 +1.411391767e+02 +2.4833e+00 +2.2872e+00
39 +2.437309676e+00 +2.437309676e+00 +1.368773097e+02 +1.368773097e+02 +1.7840e+00 +2.5330e+00
50 +1.867115442e+00 +1.867115442e+00 +1.363071154e+02 +1.363071154e+02 +1.0664e+00 +2.3485e+00
52 +1.733037021e+00 +1.733037021e+00 +1.361730370e+02 +1.361730370e+02 +1.3921e+00 +2.4605e+00
100 +8.448560972e-02 +8.448560972e-02 +1.345244856e+02 +1.345244856e+02 +6.1628e-01 +2.6283e+00
205 +7.888088522e-02 +7.888088522e-02 +1.345188809e+02 +1.345188809e+02 +8.5119e-01 +2.7178e+00
259 +4.529157530e-02 +4.529157530e-02 +1.344852916e+02 +1.344852916e+02 +8.1006e-01 +2.7207e+00
295 +4.219681979e-02 +4.219681979e-02 +1.344821968e+02 +1.344821968e+02 +7.8446e-01 +2.7117e+00
300 +2.772810503e-02 +2.772810503e-02 +1.344677281e+02 +1.344677281e+02 +7.5924e-01 +2.7142e+00
301 +2.415896347e-02 +2.415896347e-02 +1.344641590e+02 +1.344641590e+02 +7.4870e-01 +2.7134e+00
319 +2.180686481e-02 +2.180686481e-02 +1.344618069e+02 +1.344618069e+02 +7.4801e-01 +2.7205e+00
321 +1.124169330e-02 +1.124169330e-02 +1.344512417e+02 +1.344512417e+02 +6.8841e-01 +2.7029e+00
333 +2.563284174e-03 +2.563284174e-03 +1.344425633e+02 +1.344425633e+02 +6.6358e-01 +2.7117e+00
350 +2.315289483e-03 +2.315289483e-03 +1.344423153e+02 +1.344423153e+02 +6.3704e-01 +2.7054e+00
359 +1.400175960e-03 +1.400175960e-03 +1.344414002e+02 +1.344414002e+02 +6.4583e-01 +2.7095e+00
370 +9.400404588e-04 +9.400404588e-04 +1.344409400e+02 +1.344409400e+02 +6.5359e-01 +2.7147e+00
374 +8.822118680e-04 +8.822118680e-04 +1.344408822e+02 +1.344408822e+02 +6.4854e-01 +2.7127e+00
378 +3.026492309e-04 +3.026492309e-04 +1.344403026e+02 +1.344403026e+02 +6.3540e-01 +2.7121e+00
397 +1.841545743e-04 +1.841545743e-04 +1.344401842e+02 +1.344401842e+02 +6.3432e-01 +2.7130e+00
412 +9.935865668e-05 +9.935865668e-05 +1.344400994e+02 +1.344400994e+02 +6.4081e-01 +2.7152e+00
415 +8.575294720e-05 +8.575294720e-05 +1.344400858e+02 +1.344400858e+02 +6.3777e-01 +2.7144e+00
422 +2.758057150e-06 +2.758057150e-06 +1.344400028e+02 +1.344400028e+02 +6.3723e-01 +2.7159e+00
482 +2.551303396e-06 +2.551303396e-06 +1.344400026e+02 +1.344400026e+02 +6.3698e-01 +2.7158e+00
499 +9.313486373e-07 +9.313486373e-07 +1.344400009e+02 +1.344400009e+02 +6.3693e-01 +2.7159e+00
525 +2.438989384e-07 +2.438989384e-07 +1.344400002e+02 +1.344400002e+02 +6.3695e-01 +2.7160e+00
613 +2.212134405e-07 +2.212134405e-07 +1.344400002e+02 +1.344400002e+02 +6.3691e-01 +2.7160e+00
617 +7.516126743e-08 +7.516126743e-08 +1.344400001e+02 +1.344400001e+02 +6.3688e-01 +2.7160e+00
647 +4.778294738e-08 +4.778294738e-08 +1.344400000e+02 +1.344400000e+02 +6.3682e-01 +2.7160e+00
657 +3.071079391e-09 +3.071079391e-09 +1.344400000e+02 +1.344400000e+02 +6.3680e-01 +2.7160e+00
1024 +0.000000000e+00 +0.000000000e+00 +1.344400000e+02 +1.344400000e+02 +6.3680e-01 +2.7160e+00
% function evaluation | noise-free fitness - Fopt (-6.396000000000e+01) | best noise-free fitness - Fopt | measured fitness | best measured fitness | x1 | x2...
1 +6.845230818e+04 +6.845230818e+04 +6.838834818e+04 +6.838834818e+04 +0.0000e+00 +0.0000e+00
3 +1.483685934e+01 +1.483685934e+01 -4.912314066e+01 -4.912314066e+01 +2.7389e+00 +2.2493e+00
8 +1.293538931e+01 +1.293538931e+01 -5.102461069e+01 -5.102461069e+01 +1.7006e+00 +2.5558e+00
25 +1.207578686e+01 +1.207578686e+01 -5.188421314e+01 -5.188421314e+01 +1.9274e+00 +2.1220e+00
37 +7.174398617e+00 +7.174398617e+00 -5.678560138e+01 -5.678560138e+01 +1.7428e+00 +1.2452e+00
44 +3.434014158e+00 +3.434014158e+00 -6.052598584e+01 -6.052598584e+01 +2.5959e+00 -2.9187e-01
50 +2.932354060e+00 +2.932354060e+00 -6.102764594e+01 -6.102764594e+01 +2.6696e+00 -6.9638e-01
57 +2.675904238e-01 +2.675904238e-01 -6.369240958e+01 -6.369240958e+01 +2.3577e+00 -1.4291e+00
167 +1.686507314e-01 +1.686507314e-01 -6.379134927e+01 -6.379134927e+01 +2.1919e+00 -1.3264e+00
195 +1.657931130e-01 +1.657931130e-01 -6.379420689e+01 -6.379420689e+01 +2.1804e+00 -1.3432e+00
212 +9.247997886e-02 +9.247997886e-02 -6.386752002e+01 -6.386752002e+01 +2.2166e+00 -1.4200e+00
216 +1.957097734e-02 +1.957097734e-02 -6.394042902e+01 -6.394042902e+01 +2.2407e+00 -1.5813e+00
222 +4.047848063e-03 +4.047848063e-03 -6.395595215e+01 -6.395595215e+01 +2.2399e+00 -1.6521e+00
315 +2.498010362e-03 +2.498010362e-03 -6.395750199e+01 -6.395750199e+01 +2.2564e+00 -1.6708e+00
316 +2.353037081e-03 +2.353037081e-03 -6.395764696e+01 -6.395764696e+01 +2.2550e+00 -1.6698e+00
322 +1.213180054e-03 +1.213180054e-03 -6.395878682e+01 -6.395878682e+01 +2.2510e+00 -1.6719e+00
344 +5.664081026e-04 +5.664081026e-04 -6.395943359e+01 -6.395943359e+01 +2.2477e+00 -1.6766e+00
350 +2.582960867e-04 +2.582960867e-04 -6.395974170e+01 -6.395974170e+01 +2.2498e+00 -1.6845e+00
356 +7.667546477e-05 +7.667546477e-05 -6.395992332e+01 -6.395992332e+01 +2.2493e+00 -1.6883e+00
363 +5.150288492e-05 +5.150288492e-05 -6.395994850e+01 -6.395994850e+01 +2.2493e+00 -1.6896e+00
413 +4.059049453e-05 +4.059049453e-05 -6.395995941e+01 -6.395995941e+01 +2.2480e+00 -1.6896e+00
425 +3.559047641e-05 +3.559047641e-05 -6.395996441e+01 -6.395996441e+01 +2.2493e+00 -1.6900e+00
430 +9.505720115e-06 +9.505720115e-06 -6.395999049e+01 -6.395999049e+01 +2.2491e+00 -1.6916e+00
514 +9.017282103e-06 +9.017282103e-06 -6.395999098e+01 -6.395999098e+01 +2.2488e+00 -1.6912e+00
552 +8.671025675e-06 +8.671025675e-06 -6.395999133e+01 -6.395999133e+01 +2.2486e+00 -1.6913e+00
563 +8.233108936e-06 +8.233108936e-06 -6.395999177e+01 -6.395999177e+01 +2.2489e+00 -1.6914e+00
576 +1.724775466e-06 +1.724775466e-06 -6.395999828e+01 -6.395999828e+01 +2.2487e+00 -1.6922e+00
605 +1.674205301e-06 +1.674205301e-06 -6.395999833e+01 -6.395999833e+01 +2.2488e+00 -1.6922e+00
611 +3.919121312e-07 +3.919121312e-07 -6.395999961e+01 -6.395999961e+01 +2.2487e+00 -1.6926e+00
647 +3.428645385e-07 +3.428645385e-07 -6.395999966e+01 -6.395999966e+01 +2.2488e+00 -1.6926e+00
652 +3.191999696e-07 +3.191999696e-07 -6.395999968e+01 -6.395999968e+01 +2.2487e+00 -1.6926e+00
656 +5.685166826e-08 +5.685166826e-08 -6.395999994e+01 -6.395999994e+01 +2.2488e+00 -1.6927e+00
703 +3.452456809e-08 +3.452456809e-08 -6.395999997e+01 -6.395999997e+01 +2.2488e+00 -1.6927e+00
719 +2.777918695e-08 +2.777918695e-08 -6.395999997e+01 -6.395999997e+01 +2.2488e+00 -1.6927e+00
728 +5.394738878e-09 +5.394738878e-09 -6.395999999e+01 -6.395999999e+01 +2.2488e+00 -1.6928e+00
1177 +0.000000000e+00 +0.000000000e+00 -6.396000000e+01 -6.396000000e+01 +2.2488e+00 -1.6928e+00
% function evaluation | noise-free fitness - Fopt (1.000000000000e+03) | best noise-free fitness - Fopt | measured fitness | best measured fitness | x1 | x2...
1 +2.360773461e+05 +2.360773461e+05 +2.370773461e+05 +2.370773461e+05 +0.0000e+00 +0.0000e+00
4 +1.246889181e+05 +1.246889181e+05 +1.256889181e+05 +1.256889181e+05 -1.8054e+00 -8.5785e-01
8 +1.067235834e+05 +1.067235834e+05 +1.077235834e+05 +1.077235834e+05 +8.6289e-02 -1.1493e+00
12 +6.559432153e+04 +6.559432153e+04 +6.659432153e+04 +6.659432153e+04 +1.7640e+00 -1.7471e+00
14 +9.857578239e+03 +9.857578239e+03 +1.085757824e+04 +1.085757824e+04 -2.2342e+00 -2.6149e+00
23 +2.216599509e+01 +2.216599509e+01 +1.022165995e+03 +1.022165995e+03 -1.6287e+00 -4.6952e+00
54 +1.618928089e+00 +1.618928089e+00 +1.001618928e+03 +1.001618928e+03 -4.6106e-01 -3.4018e+00
81 +1.357102368e+00 +1.357102368e+00 +1.001357102e+03 +1.001357102e+03 -1.3858e+00 -3.3648e+00
96 +7.326625456e-01 +7.326625456e-01 +1.000732663e+03 +1.000732663e+03 -8.7796e-01 -3.2818e+00
103 +4.050806384e-01 +4.050806384e-01 +1.000405081e+03 +1.000405081e+03 -8.7214e-01 -3.2049e+00
121 +4.204383998e-02 +4.204383998e-02 +1.000042044e+03 +1.000042044e+03 -1.1168e+00 -3.0642e+00
141 +3.775586806e-02 +3.775586806e-02 +1.000037756e+03 +1.000037756e+03 -1.1506e+00 -3.0511e+00
163 +3.015018274e-02 +3.015018274e-02 +1.000030150e+03 +1.000030150e+03 -1.1238e+00 -3.0532e+00
170 +3.385911857e-03 +3.385911857e-03 +1.000003386e+03 +1.000003386e+03 -1.0472e+00 -3.0300e+00
229 +2.483631050e-04 +2.483631050e-04 +1.000000248e+03 +1.000000248e+03 -1.0462e+00 -3.0188e+00
305 +2.337700689e-04 +2.337700689e-04 +1.000000234e+03 +1.000000234e+03 -1.0391e+00 -3.0197e+00
316 +1.412105078e-04 +1.412105078e-04 +1.000000141e+03 +1.000000141e+03 -1.0444e+00 -3.0184e+00
320 +9.085658803e-06 +9.085658803e-06 +1.000000009e+03 +1.000000009e+03 -1.0405e+00 -3.0171e+00
411 +7.029719995e-06 +7.029719995e-06 +1.000000007e+03 +1.000000007e+03 -1.0399e+00 -3.0172e+00
427 +1.628412974e-06 +1.628412974e-06 +1.000000002e+03 +1.000000002e+03 -1.0395e+00 -3.0169e+00
508 +9.598916222e-07 +9.598916222e-07 +1.000000001e+03 +1.000000001e+03 -1.0396e+00 -3.0169e+00
528 +9.355242128e-07 +9.355242128e-07 +1.000000001e+03 +1.000000001e+03 -1.0396e+00 -3.0169e+00
553 +9.144534943e-07 +9.144534943e-07 +1.000000001e+03 +1.000000001e+03 -1.0396e+00 -3.0169e+00
561 +6.266968740e-07 +6.266968740e-07 +1.000000001e+03 +1.000000001e+03 -1.0395e+00 -3.0169e+00
578 +5.605202205e-07 +5.605202205e-07 +1.000000001e+03 +1.000000001e+03 -1.0395e+00 -3.0168e+00
586 +5.264525953e-07 +5.264525953e-07 +1.000000001e+03 +1.000000001e+03 -1.0394e+00 -3.0169e+00
591 +3.004371365e-07 +3.004371365e-07 +1.000000000e+03 +1.000000000e+03 -1.0394e+00 -3.0168e+00
595 +2.050516059e-07 +2.050516059e-07 +1.000000000e+03 +1.000000000e+03 -1.0393e+00 -3.0168e+00
596 +1.020900982e-07 +1.020900982e-07 +1.000000000e+03 +1.000000000e+03 -1.0393e+00 -3.0168e+00
613 +5.356696420e-08 +5.356696420e-08 +1.000000000e+03 +1.000000000e+03 -1.0393e+00 -3.0168e+00
625 +4.584398994e-08 +4.584398994e-08 +1.000000000e+03 +1.000000000e+03 -1.0392e+00 -3.0168e+00
629 +7.576772987e-09 +7.576772987e-09 +1.000000000e+03 +1.000000000e+03 -1.0392e+00 -3.0168e+00
939 +0.000000000e+00 +0.000000000e+00 +1.000000000e+03 +1.000000000e+03 -1.0392e+00 -3.0168e+00
% function evaluation | noise-free fitness - Fopt (4.519100000000e+02) | best noise-free fitness - Fopt | measured fitness | best measured fitness | x1 | x2...
1 +5.960888444e+04 +5.960888444e+04 +6.006079444e+04 +6.006079444e+04 +0.0000e+00 +0.0000e+00
4 +3.316830123e+04 +3.316830123e+04 +3.362021123e+04 +3.362021123e+04 -7.7172e-01 -5.1532e-01
12 +2.471418597e+04 +2.471418597e+04 +2.516609597e+04 +2.516609597e+04 -1.4776e+00 -1.6891e-01
13 +2.150382711e+04 +2.150382711e+04 +2.195573711e+04 +2.195573711e+04 -2.0140e+00 -1.2564e+00
14 +1.095765250e+04 +1.095765250e+04 +1.140956250e+04 +1.140956250e+04 -2.1982e+00 -5.9631e-01
25 +2.138104188e+02 +2.138104188e+02 +6.657204188e+02 +6.657204188e+02 -4.1542e+00 -9.2702e-01
34 +9.824778880e+00 +9.824778880e+00 +4.617347789e+02 +4.617347789e+02 -5.6311e+00 -1.5996e+00
45 +7.117833322e-01 +7.117833322e-01 +4.526217833e+02 +4.526217833e+02 -4.7261e+00 -5.6837e-01
75 +5.235488646e-01 +5.235488646e-01 +4.524335489e+02 +4.524335489e+02 -4.5185e+00 -7.3650e-01
86 +4.337077609e-01 +4.337077609e-01 +4.523437078e+02 +4.523437078e+02 -4.5282e+00 -6.9725e-01
88 +3.582155156e-01 +3.582155156e-01 +4.522682155e+02 +4.522682155e+02 -4.2498e+00 -7.5397e-01
117 +2.679560467e-01 +2.679560467e-01 +4.521779560e+02 +4.521779560e+02 -4.2786e+00 -7.1605e-01
120 +2.213189995e-01 +2.213189995e-01 +4.521313190e+02 +4.521313190e+02 -4.1740e+00 -7.2032e-01
136 +1.415340050e-01 +1.415340050e-01 +4.520515340e+02 +4.520515340e+02 -4.2585e+00 -5.8687e-01
143 +1.279035898e-02 +1.279035898e-02 +4.519227904e+02 +4.519227904e+02 -4.0259e+00 -6.0090e-01
257 +1.128255405e-02 +1.128255405e-02 +4.519212826e+02 +4.519212826e+02 -4.0185e+00 -5.9620e-01
263 +5.131185975e-03 +5.131185975e-03 +4.519151312e+02 +4.519151312e+02 -3.9911e+00 -5.9738e-01
275 +3.682744105e-03 +3.682744105e-03 +4.519136827e+02 +4.519136827e+02 -3.9759e+00 -5.9802e-01
286 +1.245844019e-03 +1.245844019e-03 +4.519112458e+02 +4.519112458e+02 -3.9626e+00 -6.0208e-01
318 +1.109883104e-03 +1.109883104e-03 +4.519111099e+02 +4.519111099e+02 -3.9611e+00 -6.0370e-01
327 +8.869175381e-04 +8.869175381e-04 +4.519108869e+02 +4.519108869e+02 -3.9491e+00 -6.0787e-01
332 +7.479415448e-04 +7.479415448e-04 +4.519107479e+02 +4.519107479e+02 -3.9554e+00 -6.0465e-01
333 +5.608630956e-04 +5.608630956e-04 +4.519105609e+02 +4.519105609e+02 -3.9528e+00 -6.0500e-01
334 +4.524316698e-04 +4.524316698e-04 +4.519104524e+02 +4.519104524e+02 -3.9448e+00 -6.0619e-01
346 +7.625464235e-05 +7.625464235e-05 +4.519100763e+02 +4.519100763e+02 -3.9424e+00 -6.0349e-01
413 +4.999058007e-05 +4.999058007e-05 +4.519100500e+02 +4.519100500e+02 -3.9421e+00 -6.0201e-01
434 +4.310965966e-05 +4.310965966e-05 +4.519100431e+02 +4.519100431e+02 -3.9409e+00 -6.0331e-01
443 +4.764269931e-06 +4.764269931e-06 +4.519100048e+02 +4.519100048e+02 -3.9392e+00 -6.0264e-01
488 +7.797564763e-07 +7.797564763e-07 +4.519100008e+02 +4.519100008e+02 -3.9387e+00 -6.0248e-01
496 +7.458795039e-07 +7.458795039e-07 +4.519100007e+02 +4.519100007e+02 -3.9388e+00 -6.0241e-01
519 +4.208686164e-07 +4.208686164e-07 +4.519100004e+02 +4.519100004e+02 -3.9387e+00 -6.0239e-01
520 +2.380973001e-07 +2.380973001e-07 +4.519100002e+02 +4.519100002e+02 -3.9386e+00 -6.0238e-01
546 +2.181405989e-07 +2.181405989e-07 +4.519100002e+02 +4.519100002e+02 -3.9386e+00 -6.0240e-01
555 +1.642837333e-07 +1.642837333e-07 +4.519100002e+02 +4.519100002e+02 -3.9385e+00 -6.0245e-01
624 +1.065789661e-07 +1.065789661e-07 +4.519100001e+02 +4.519100001e+02 -3.9385e+00 -6.0242e-01
635 +8.478866675e-08 +8.478866675e-08 +4.519100001e+02 +4.519100001e+02 -3.9385e+00 -6.0242e-01
642 +3.292655038e-08 +3.292655038e-08 +4.519100000e+02 +4.519100000e+02 -3.9384e+00 -6.0242e-01
652 +1.563842034e-08 +1.563842034e-08 +4.519100000e+02 +4.519100000e+02 -3.9384e+00 -6.0241e-01
667 +5.254605639e-09 +5.254605639e-09 +4.519100000e+02 +4.519100000e+02 -3.9384e+00 -6.0241e-01
1114 +0.000000000e+00 +0.000000000e+00 +4.519100000e+02 +4.519100000e+02 -3.9384e+00 -6.0240e-01
% function evaluation | noise-free fitness - Fopt (-2.415900000000e+02) | best noise-free fitness - Fopt | measured fitness | best measured fitness | x1 | x2...
1 +6.998078352e+01 +6.998078352e+01 -1.716092165e+02 -1.716092165e+02 +0.0000e+00 +0.0000e+00
2 +5.192904415e+01 +5.192904415e+01 -1.896609558e+02 -1.896609558e+02 +2.2132e-01 +5.3540e-01
12 +4.769403904e+01 +4.769403904e+01 -1.938959610e+02 -1.938959610e+02 -3.2884e-01 +7.2638e-01
13 +4.326803035e+01 +4.326803035e+01 -1.983219696e+02 -1.983219696e+02 -1.5120e-01 +8.8534e-01
15 +2.878331618e+01 +2.878331618e+01 -2.128066838e+02 -2.128066838e+02 -2.1708e+00 +1.6636e+00
23 +2.158601178e+01 +2.158601178e+01 -2.200039882e+02 -2.200039882e+02 -2.0930e+00 +2.0833e+00
41 +1.255859542e+01 +1.255859542e+01 -2.290314046e+02 -2.290314046e+02 -1.2500e+00 +2.3033e+00
42 +1.279797352e+00 +1.279797352e+00 -2.403102026e+02 -2.403102026e+02 -6.4805e-01 +3.3525e+00
113 +9.846052315e-01 +9.846052315e-01 -2.406053948e+02 -2.406053948e+02 -9.4859e-01 +3.3306e+00
123 +4.299981855e-01 +4.299981855e-01 -2.411600018e+02 -2.411600018e+02 -1.0335e+00 +3.4887e+00
148 +5.305948482e-02 +5.305948482e-02 -2.415369405e+02 -2.415369405e+02 -1.4057e+00 +3.6300e+00
178 +3.682480671e-02 +3.682480671e-02 -2.415531752e+02 -2.415531752e+02 -1.5880e+00 +3.6310e+00
193 +2.332805696e-02 +2.332805696e-02 -2.415666719e+02 -2.415666719e+02 -1.5856e+00 +3.6402e+00
204 +1.708858293e-02 +1.708858293e-02 -2.415729114e+02 -2.415729114e+02 -1.5199e+00 +3.6457e+00
214 +2.715970979e-03 +2.715970979e-03 -2.415872840e+02 -2.415872840e+02 -1.5952e+00 +3.6693e+00
231 +2.297329434e-03 +2.297329434e-03 -2.415877027e+02 -2.415877027e+02 -1.5698e+00 +3.6702e+00
232 +1.523092648e-03 +1.523092648e-03 -2.415884769e+02 -2.415884769e+02 -1.5783e+00 +3.6716e+00
256 +1.377907942e-03 +1.377907942e-03 -2.415886221e+02 -2.415886221e+02 -1.5755e+00 +3.6727e+00
262 +4.644413138e-04 +4.644413138e-04 -2.415895356e+02 -2.415895356e+02 -1.5809e+00 +3.6782e+00
291 +4.600709488e-05 +4.600709488e-05 -2.415899540e+02 -2.415899540e+02 -1.5904e+00 +3.6804e+00
375 +1.725388739e-05 +1.725388739e-05 -2.415899827e+02 -2.415899827e+02 -1.5914e+00 +3.6810e+00
400 +7.256111246e-06 +7.256111246e-06 -2.415899927e+02 -2.415899927e+02 -1.5925e+00 +3.6812e+00
475 +4.623031771e-06 +4.623031771e-06 -2.415899954e+02 -2.415899954e+02 -1.5937e+00 +3.6813e+00
477 +3.960562054e-06 +3.960562054e-06 -2.415899960e+02 -2.415899960e+02 -1.5928e+00 +3.6813e+00
500 +3.400942859e-06 +3.400942859e-06 -2.415899966e+02 -2.415899966e+02 -1.5928e+00 +3.6813e+00
505 +2.812541226e-06 +2.812541226e-06 -2.415899972e+02 -2.415899972e+02 -1.5929e+00 +3.6814e+00
521 +3.934794677e-07 +3.934794677e-07 -2.415899996e+02 -2.415899996e+02 -1.5934e+00 +3.6815e+00
548 +2.824987178e-07 +2.824987178e-07 -2.415899997e+02 -2.415899997e+02 -1.5934e+00 +3.6815e+00
564 +1.351685910e-07 +1.351685910e-07 -2.415899999e+02 -2.415899999e+02 -1.5935e+00 +3.6815e+00
569 +2.284446055e-08 +2.284446055e-08 -2.415900000e+02 -2.415900000e+02 -1.5936e+00 +3.6816e+00
644 +1.497247126e-08 +1.497247126e-08 -2.415900000e+02 -2.415900000e+02 -1.5936e+00 +3.6816e+00
650 +6.241918982e-09 +6.241918982e-09 -2.415900000e+02 -2.415900000e+02 -1.5936e+00 +3.6816e+00
1050 +0.000000000e+00 +0.000000000e+00 -2.415900000e+02 -2.415900000e+02 -1.5936e+00 +3.6816e+00
