% function evaluation | noise-free fitness - Fopt (-1.694000000000e+01) | best noise-free fitness - Fopt | measured fitness | best measured fitness | x1 | x2...
1 +3.696355518e+01 +3.696355518e+01 +2.002355518e+01 +2.002355518e+01 +0.0000e+00 +0.0000e+00 +0.0000e+00
27 +2.003988999e+01 +2.003988999e+01 +3.099889987e+00 +3.099889987e+00 +3.7651e+00 +4.5059e+00 -3.5545e+00
54 +1.431641779e+01 +1.431641779e+01 -2.623582212e+00 -2.623582212e+00 +5.6627e+00 +5.2218e+00 -3.9614e+00
86 +9.082377447e+00 +9.082377447e+00 -7.857622553e+00 -7.857622553e+00 +4.3883e+00 +5.0272e+00 -2.2577e+00
114 +3.809852715e+00 +3.809852715e+00 -1.313014728e+01 -1.313014728e+01 +4.5126e+00 +3.4254e+00 -2.3327e+00
316 +2.315922782e+00 +2.315922782e+00 -1.462407722e+01 -1.462407722e+01 +3.3623e+00 +2.5917e+00 -1.3145e+00
328 +1.733540397e+00 +1.733540397e+00 -1.520645960e+01 -1.520645960e+01 +3.4527e+00 +2.0506e+00 -1.3056e+00
457 +3.706654170e-01 +3.706654170e-01 -1.656933458e+01 -1.656933458e+01 +3.7151e+00 +2.5418e+00 -1.5908e+00
957 +2.684866096e-01 +2.684866096e-01 -1.667151339e+01 -1.667151339e+01 +3.5759e+00 +2.3970e+00 -1.4462e+00
962 +2.179954737e-01 +2.179954737e-01 -1.672200453e+01 -1.672200453e+01 +3.6445e+00 +2.5001e+00 -1.5265e+00
1978 +1.227745826e-01 +1.227745826e-01 -1.681722542e+01 -1.681722542e+01 +3.6520e+00 +2.5420e+00 -1.5289e+00
1985 +1.087586276e-01 +1.087586276e-01 -1.683124137e+01 -1.683124137e+01 +3.6383e+00 +2.5227e+00 -1.5081e+00
2223 +9.768980767e-02 +9.768980767e-02 -1.684231019e+01 -1.684231019e+01 +3.6521e+00 +2.5471e+00 -1.5224e+00
2302 +6.189960723e-02 +6.189960723e-02 -1.687810039e+01 -1.687810039e+01 +3.6834e+00 +2.5872e+00 -1.5572e+00
2368 +3.352322628e-02 +3.352322628e-02 -1.690647677e+01 -1.690647677e+01 +3.6448e+00 +2.5397e+00 -1.5196e+00
2602 +2.029666109e-02 +2.029666109e-02 -1.691970334e+01 -1.691970334e+01 +3.6459e+00 +2.5396e+00 -1.5205e+00
% function evaluation | noise-free fitness - Fopt (1.881000000000e+01) | best noise-free fitness - Fopt | measured fitness | best measured fitness | x1 | x2...
1 +4.772316610e+01 +4.772316610e+01 +6.653316610e+01 +6.653316610e+01 +0.0000e+00 +0.0000e+00 +0.0000e+00
7 +2.186536172e+01 +2.186536172e+01 +4.067536172e+01 +4.067536172e+01 -4.5177e-01 +5.6995e-01 +7.5086e-02
20 +9.655401253e+00 +9.655401253e+00 +2.846540125e+01 +2.846540125e+01 -6.3587e-01 -2.9962e-01 -7.3318e-01
41 +4.560271579e+00 +4.560271579e+00 +2.337027158e+01 +2.337027158e+01 -5.3003e-01 +8.4056e-01 -6.2964e-01
59 +3.322215026e+00 +3.322215026e+00 +2.213221503e+01 +2.213221503e+01 -1.0821e+00 +1.5034e+00 -3.6716e-01
113 +2.848386623e+00 +2.848386623e+00 +2.165838662e+01 +2.165838662e+01 +7.5732e-01 +2.1918e+00 -1.3783e+00
287 +2.182202409e+00 +2.182202409e+00 +2.099220241e+01 +2.099220241e+01 +2.6556e+00 +3.2437e+00 -2.7440e+00
512 +2.054675457e+00 +2.054675457e+00 +2.086467546e+01 +2.086467546e+01 +2.1494e+00 +2.9335e+00 -2.3414e+00
951 +1.800239166e+00 +1.800239166e+00 +2.061023917e+01 +2.061023917e+01 +1.5583e+00 +2.7314e+00 -1.9359e+00
1000 +1.718695697e+00 +1.718695697e+00 +2.052869570e+01 +2.052869570e+01 +1.4818e+00 +2.8528e+00 -1.8997e+00
1078 +1.678373438e+00 +1.678373438e+00 +2.048837344e+01 +2.048837344e+01 +1.2552e+00 +2.6275e+00 -1.7498e+00
1088 +1.457955259e+00 +1.457955259e+00 +2.026795526e+01 +2.026795526e+01 +1.1712e+00 +2.4997e+00 -1.6824e+00
1166 +9.733529965e-01 +9.733529965e-01 +1.978335300e+01 +1.978335300e+01 +1.1845e+00 +2.5826e+00 -1.6671e+00
1374 +8.736438359e-01 +8.736438359e-01 +1.968364384e+01 +1.968364384e+01 +5.7193e-01 +2.3526e+00 -1.2718e+00
1378 +5.847069506e-01 +5.847069506e-01 +1.939470695e+01 +1.939470695e+01 +5.7238e-01 +2.2741e+00 -1.2802e+00
1660 +5.002578572e-01 +5.002578572e-01 +1.931025786e+01 +1.931025786e+01 +5.8621e-01 +2.3097e+00 -1.2809e+00
1706 +4.853049581e-01 +4.853049581e-01 +1.929530496e+01 +1.929530496e+01 +5.8577e-01 +2.2799e+00 -1.2851e+00
1719 +4.588200302e-01 +4.588200302e-01 +1.926882003e+01 +1.926882003e+01 +5.8518e-01 +2.2995e+00 -1.2787e+00
1727 +3.211928848e-01 +3.211928848e-01 +1.913119288e+01 +1.913119288e+01 +5.8991e-01 +2.2996e+00 -1.2840e+00
2953 +3.088773448e-01 +3.088773448e-01 +1.911887734e+01 +1.911887734e+01 +5.9935e-01 +2.3050e+00 -1.2906e+00
3049 +2.917423139e-01 +2.917423139e-01 +1.910174231e+01 +1.910174231e+01 +6.0433e-01 +2.3081e+00 -1.2934e+00
3308 +2.821447364e-01 +2.821447364e-01 +1.909214474e+01 +1.909214474e+01 +6.0330e-01 +2.3072e+00 -1.2927e+00
3774 +2.814497251e-01 +2.814497251e-01 +1.909144973e+01 +1.909144973e+01 +6.0193e-01 +2.3065e+00 -1.2919e+00
4028 +2.748943910e-01 +2.748943910e-01 +1.908489439e+01 +1.908489439e+01 +6.0213e-01 +2.3068e+00 -1.2920e+00
4292 +2.661370906e-01 +2.661370906e-01 +1.907613709e+01 +1.907613709e+01 +6.0225e-01 +2.3066e+00 -1.2921e+00
5339 +2.596884737e-01 +2.596884737e-01 +1.906968847e+01 +1.906968847e+01 +6.0074e-01 +2.3058e+00 -1.2912e+00
9078 +2.569829629e-01 +2.569829629e-01 +1.906698296e+01 +1.906698296e+01 +6.0065e-01 +2.3058e+00 -1.2911e+00
% function evaluation | noise-free fitness - Fopt (2.731500000000e+02) | best noise-free fitness - Fopt | measured fitness | best measured fitness | x1 | x2...
1 +4.208329392e+02 +4.208329392e+02 +6.939829392e+02 +6.939829392e+02 +0.0000e+00 +0.0000e+00 +0.0000e+00
2 +1.743270044e+02 +1.743270044e+02 +4.474770044e+02 +4.474770044e+02 -1.9007e+00 +1.1111e+00 -2.9463e+00
7 +1.172175185e+02 +1.172175185e+02 +3.903675185e+02 +3.903675185e+02 -2.4534e+00 +2.0662e+00 -3.0441e+00
13 +1.128048193e+02 +1.128048193e+02 +3.859548193e+02 +3.859548193e+02 -2.6704e+00 +1.9806e+00 -3.5302e+00
14 +6.895310367e+01 +6.895310367e+01 +3.421031037e+02 +3.421031037e+02 -1.8364e+00 +1.3062e+00 -5.3478e-01
16 +3.432337747e+01 +3.432337747e+01 +3.074733775e+02 +3.074733775e+02 -1.5927e+00 +3.2217e+00 -1.9025e+00
18 +1.939215524e+01 +1.939215524e+01 +2.925421552e+02 +2.925421552e+02 -4.9498e+00 +1.5837e+00 -2.4484e+00
30 +8.192316089e+00 +8.192316089e+00 +2.813423161e+02 +2.813423161e+02 -4.5795e+00 +2.9695e+00 -1.0868e+00
53 +6.864350437e+00 +6.864350437e+00 +2.800143504e+02 +2.800143504e+02 -4.5121e+00 +2.9971e+00 -3.7596e-01
64 +5.423370851e+00 +5.423370851e+00 +2.785733709e+02 +2.785733709e+02 -4.8587e+00 +2.2663e+00 +8.4855e-02
118 +2.597560832e+00 +2.597560832e+00 +2.757475608e+02 +2.757475608e+02 -3.5610e+00 +3.3016e+00 -8.8704e-01
163 +2.325573661e+00 +2.325573661e+00 +2.754755737e+02 +2.754755737e+02 -4.1813e+00 +2.4968e+00 -6.3458e-01
350 +1.014280818e+00 +1.014280818e+00 +2.741642808e+02 +2.741642808e+02 -4.4788e+00 +2.1127e+00 -7.3069e-01
547 +9.409664626e-01 +9.409664626e-01 +2.740909665e+02 +2.740909665e+02 -3.5448e+00 +3.7906e+00 -5.7079e-01
604 +7.071077210e-01 +7.071077210e-01 +2.738571077e+02 +2.738571077e+02 -3.3344e+00 +4.0922e+00 -4.6722e-01
1557 +6.541440227e-01 +6.541440227e-01 +2.738041440e+02 +2.738041440e+02 -3.9935e+00 +2.8596e+00 -6.6618e-01
1805 +5.651870334e-01 +5.651870334e-01 +2.737151870e+02 +2.737151870e+02 -4.0468e+00 +2.8309e+00 -5.9857e-01
1886 +4.819776451e-01 +4.819776451e-01 +2.736319776e+02 +2.736319776e+02 -4.0526e+00 +2.8451e+00 -5.8323e-01
1901 +4.586887935e-01 +4.586887935e-01 +2.736086888e+02 +2.736086888e+02 -4.0495e+00 +2.8363e+00 -6.0416e-01
1967 +3.668681330e-01 +3.668681330e-01 +2.735168681e+02 +2.735168681e+02 -4.0705e+00 +2.8042e+00 -6.0091e-01
2430 +3.339955775e-01 +3.339955775e-01 +2.734839956e+02 +2.734839956e+02 -4.0523e+00 +2.8326e+00 -5.9953e-01
2533 +2.956959387e-01 +2.956959387e-01 +2.734456959e+02 +2.734456959e+02 -4.0637e+00 +2.8150e+00 -6.0048e-01
3228 +2.774399369e-01 +2.774399369e-01 +2.734274399e+02 +2.734274399e+02 -4.0556e+00 +2.8289e+00 -5.9879e-01
4090 +2.742078018e-01 +2.742078018e-01 +2.734242078e+02 +2.734242078e+02 -4.0608e+00 +2.8189e+00 -6.0071e-01
5319 +2.656183373e-01 +2.656183373e-01 +2.734156183e+02 +2.734156183e+02 -4.0603e+00 +2.8201e+00 -6.0031e-01
5416 +2.612307142e-01 +2.612307142e-01 +2.734112307e+02 +2.734112307e+02 -4.0603e+00 +2.8202e+00 -6.0035e-01
% function evaluation | noise-free fitness - Fopt (3.718000000000e+01) | best noise-free fitness - Fopt | measured fitness | best measured fitness | x1 | x2...
1 +4.216787575e+01 +4.216787575e+01 +7.934787575e+01 +7.934787575e+01 +0.0000e+00 +0.0000e+00 +0.0000e+00
2 +3.941176574e+01 +3.941176574e+01 +7.659176574e+01 +7.659176574e+01 +8.0468e-02 +1.1823e+00 -2.1535e-01
15 +3.182869893e+01 +3.182869893e+01 +6.900869893e+01 +6.900869893e+01 +1.1557e+00 +1.4638e+00 +7.2531e-01
24 +3.145968126e+01 +3.145968126e+01 +6.863968126e+01 +6.863968126e+01 +2.3663e+00 +3.4530e+00 +1.0683e+00
34 +2.872172344e+01 +2.872172344e+01 +6.590172344e+01 +6.590172344e+01 +1.5792e-01 +6.4475e-01 +9.3641e-01
35 +2.752666941e+01 +2.752666941e+01 +6.470666941e+01 +6.470666941e+01 +3.6423e-01 +7.2981e-01 -1.0935e-01
38 +2.028464935e+01 +2.028464935e+01 +5.746464935e+01 +5.746464935e+01 -5.2534e-01 +1.9261e+00 +3.9723e-01
42 +1.855726054e+01 +1.855726054e+01 +5.573726054e+01 +5.573726054e+01 +7.7634e-02 +3.0877e+00 +6.7550e-01
64 +1.161421581e+01 +1.161421581e+01 +4.879421581e+01 +4.879421581e+01 +1.0157e+00 +2.5377e+00 +2.3026e+00
70 +1.003862311e+01 +1.003862311e+01 +4.721862311e+01 +4.721862311e+01 +7.3111e-02 +2.7573e+00 +1.7682e+00
89 +6.639314202e+00 +6.639314202e+00 +4.381931420e+01 +4.381931420e+01 +1.8581e-01 +2.6221e+00 +2.2092e+00
129 +6.453018575e+00 +6.453018575e+00 +4.363301858e+01 +4.363301858e+01 -4.4152e+00 +2.2853e+00 +2.1180e+00
165 +5.195909582e+00 +5.195909582e+00 +4.237590958e+01 +4.237590958e+01 -4.5475e+00 +2.2526e+00 +2.1515e+00
184 +4.816511185e+00 +4.816511185e+00 +4.199651118e+01 +4.199651118e+01 -2.3478e+00 +2.4162e+00 +1.6890e+00
398 +3.773939930e+00 +3.773939930e+00 +4.095393993e+01 +4.095393993e+01 -1.2259e+00 +2.6116e+00 +2.4839e+00
422 +3.461919900e+00 +3.461919900e+00 +4.064191990e+01 +4.064191990e+01 -2.0925e+00 +2.3307e+00 +2.0652e+00
460 +2.708431796e+00 +2.708431796e+00 +3.988843180e+01 +3.988843180e+01 -3.8757e+00 +2.3330e+00 +2.3626e+00
495 +1.418694243e+00 +1.418694243e+00 +3.859869424e+01 +3.859869424e+01 -2.8508e+00 +2.3190e+00 +2.1211e+00
604 +1.213788993e+00 +1.213788993e+00 +3.839378899e+01 +3.839378899e+01 -4.0818e+00 +2.1142e+00 +2.2021e+00
628 +5.437935866e-01 +5.437935866e-01 +3.772379359e+01 +3.772379359e+01 -4.0046e+00 +2.0413e+00 +2.0726e+00
830 +3.315314352e-01 +3.315314352e-01 +3.751153144e+01 +3.751153144e+01 -3.8339e+00 +2.0538e+00 +2.0500e+00
1124 +3.307917734e-01 +3.307917734e-01 +3.751079177e+01 +3.751079177e+01 -3.6556e+00 +2.1567e+00 +2.0450e+00
1369 +2.267222609e-01 +2.267222609e-01 +3.740672226e+01 +3.740672226e+01 -3.5068e+00 +2.1984e+00 +2.0660e+00
1651 +1.506062842e-01 +1.506062842e-01 +3.733060628e+01 +3.733060628e+01 -3.9230e+00 +2.0534e+00 +2.0483e+00
1688 +9.022218788e-02 +9.022218788e-02 +3.727022219e+01 +3.727022219e+01 -3.8703e+00 +2.0755e+00 +2.0409e+00
1972 +5.884144704e-02 +5.884144704e-02 +3.723884145e+01 +3.723884145e+01 -3.8815e+00 +2.0719e+00 +2.0510e+00
2323 +3.923744274e-02 +3.923744274e-02 +3.721923744e+01 +3.721923744e+01 -3.9576e+00 +2.0467e+00 +2.0384e+00
2493 +3.300409939e-02 +3.300409939e-02 +3.721300410e+01 +3.721300410e+01 -3.9050e+00 +2.0580e+00 +2.0404e+00
2635 +3.112401634e-02 +3.112401634e-02 +3.721112402e+01 +3.721112402e+01 -3.8938e+00 +2.0590e+00 +2.0400e+00
2636 +2.350665800e-02 +2.350665800e-02 +3.720350666e+01 +3.720350666e+01 -3.8642e+00 +2.0707e+00 +2.0417e+00
2706 +1.454318457e-02 +1.454318457e-02 +3.719454318e+01 +3.719454318e+01 -3.8983e+00 +2.0594e+00 +2.0409e+00
3061 +1.176541276e-02 +1.176541276e-02 +3.719176541e+01 +3.719176541e+01 -3.9067e+00 +2.0583e+00 +2.0393e+00
3063 +1.123384957e-02 +1.123384957e-02 +3.719123385e+01 +3.719123385e+01 -3.9146e+00 +2.0567e+00 +2.0398e+00
3289 +9.422966300e-03 +9.422966300e-03 +3.718942297e+01 +3.718942297e+01 -3.9055e+00 +2.0587e+00 +2.0395e+00
3302 +8.974497249e-03 +8.974497249e-03 +3.718897450e+01 +3.718897450e+01 -3.8997e+00 +2.0597e+00 +2.0403e+00
3398 +6.406456735e-03 +6.406456735e-03 +3.718640646e+01 +3.718640646e+01 -3.8985e+00 +2.0601e+00 +2.0397e+00
3587 +3.137096089e-03 +3.137096089e-03 +3.718313710e+01 +3.718313710e+01 -3.9007e+00 +2.0595e+00 +2.0396e+00
4497 +2.617523900e-03 +2.617523900e-03 +3.718261752e+01 +3.718261752e+01 -3.8916e+00 +2.0621e+00 +2.0403e+00
5776 +2.423722450e-03 +2.423722450e-03 +3.718242372e+01 +3.718242372e+01 -3.8915e+00 +2.0621e+00 +2.0404e+00
5958 +2.245761965e-03 +2.245761965e-03 +3.718224576e+01 +3.718224576e+01 -3.8915e+00 +2.0622e+00 +2.0404e+00
6599 +2.195405136e-03 +2.195405136e-03 +3.718219541e+01 +3.718219541e+01 -3.8920e+00 +2.0620e+00 +2.0403e+00
7046 +2.166832112e-03 +2.166832112e-03 +3.718216683e+01 +3.718216683e+01 -3.8918e+00 +2.0621e+00 +2.0403e+00
7101 +2.133546445e-03 +2.133546445e-03 +3.718213355e+01 +3.718213355e+01 -3.8917e+00 +2.0621e+00 +2.0403e+00
% function evaluation | noise-free fitness - Fopt (-1.479000000000e+02) | best noise-free fitness - Fopt | measured fitness | best measured fitness | x1 | x2...
1 +2.344305408e+01 +2.344305408e+01 -1.244569459e+02 -1.244569459e+02 +0.0000e+00 +0.0000e+00 +0.0000e+00
9 +1.637228630e+01 +1.637228630e+01 -1.315277137e+02 -1.315277137e+02 +2.4582e-01 +4.9619e-02 +2.2151e-01
12 +1.438880465e+01 +1.438880465e+01 -1.335111953e+02 -1.335111953e+02 -1.0399e+00 -1.1934e+00 -1.4463e+00
13 +1.392261923e+01 +1.392261923e+01 -1.339773808e+02 -1.339773808e+02 -1.8762e+00 -7.3823e-01 +1.4961e+00
20 +1.322207362e+01 +1.322207362e+01 -1.346779264e+02 -1.346779264e+02 -1.6545e-02 -6.8344e-01 -2.2804e-01
52 +1.162737408e+01 +1.162737408e+01 -1.362726259e+02 -1.362726259e+02 -1.4306e+00 -3.1941e-01 -1.0100e+00
64 +6.151766061e+00 +6.151766061e+00 -1.417482339e+02 -1.417482339e+02 -1.5670e+00 -6.1051e-01 +1.8162e-01
126 +5.835208565e+00 +5.835208565e+00 -1.420647914e+02 -1.420647914e+02 -1.6312e+00 -4.1414e+00 -4.6875e+00
275 +4.050791623e+00 +4.050791623e+00 -1.438492084e+02 -1.438492084e+02 -1.8910e+00 +5.6352e-02 +1.3592e+00
292 +3.235991747e+00 +3.235991747e+00 -1.446640083e+02 -1.446640083e+02 -1.8154e+00 -6.6092e-01 -4.1738e-01
306 +2.890624443e+00 +2.890624443e+00 -1.450093756e+02 -1.450093756e+02 -1.6777e+00 -4.7054e-01 +3.0243e-01
403 +1.579859158e+00 +1.579859158e+00 -1.463201408e+02 -1.463201408e+02 -1.6896e+00 +6.7068e-01 +2.2104e+00
634 +1.505407621e+00 +1.505407621e+00 -1.463945924e+02 -1.463945924e+02 -1.8017e+00 +1.8119e-02 +1.1079e+00
733 +8.144368760e-01 +8.144368760e-01 -1.470855631e+02 -1.470855631e+02 -1.5605e+00 +4.8532e-02 +9.2316e-01
1204 +1.560210036e-01 +1.560210036e-01 -1.477439790e+02 -1.477439790e+02 -1.6844e+00 +9.7145e-02 +1.0583e+00
1582 +9.884606744e-02 +9.884606744e-02 -1.478011539e+02 -1.478011539e+02 -1.6773e+00 +1.1388e-01 +1.0933e+00
2113 +9.706560305e-02 +9.706560305e-02 -1.478029344e+02 -1.478029344e+02 -1.6802e+00 +1.2353e-01 +1.1188e+00
2168 +7.092241095e-02 +7.092241095e-02 -1.478290776e+02 -1.478290776e+02 -1.6804e+00 +1.1265e-01 +1.0935e+00
2176 +4.741254658e-02 +4.741254658e-02 -1.478525875e+02 -1.478525875e+02 -1.6751e+00 +1.1857e-01 +1.1092e+00
2277 +3.777450698e-02 +3.777450698e-02 -1.478622255e+02 -1.478622255e+02 -1.6737e+00 +1.3810e-01 +1.1388e+00
2491 +2.488328811e-02 +2.488328811e-02 -1.478751167e+02 -1.478751167e+02 -1.6716e+00 +1.5552e-01 +1.1701e+00
3537 +2.448765840e-02 +2.448765840e-02 -1.478755123e+02 -1.478755123e+02 -1.6764e+00 +1.7517e-01 +1.2007e+00
3547 +2.286652661e-02 +2.286652661e-02 -1.478771335e+02 -1.478771335e+02 -1.6763e+00 +1.7613e-01 +1.2022e+00
3581 +2.202599614e-02 +2.202599614e-02 -1.478779740e+02 -1.478779740e+02 -1.6763e+00 +1.7484e-01 +1.2000e+00
4239 +1.982827278e-02 +1.982827278e-02 -1.478801717e+02 -1.478801717e+02 -1.6755e+00 +1.7361e-01 +1.1980e+00
4337 +1.886973476e-02 +1.886973476e-02 -1.478811303e+02 -1.478811303e+02 -1.6759e+00 +1.7460e-01 +1.1996e+00
4663 +1.845032593e-02 +1.845032593e-02 -1.478815497e+02 -1.478815497e+02 -1.6759e+00 +1.7536e-01 +1.2008e+00
4897 +1.627624260e-02 +1.627624260e-02 -1.478837238e+02 -1.478837238e+02 -1.6758e+00 +1.7545e-01 +1.2009e+00
5900 +1.557597049e-02 +1.557597049e-02 -1.478844240e+02 -1.478844240e+02 -1.6759e+00 +1.7563e-01 +1.2012e+00
7172 +1.531213437e-02 +1.531213437e-02 -1.478846879e+02 -1.478846879e+02 -1.6759e+00 +1.7591e-01 +1.2016e+00
7315 +1.512986200e-02 +1.512986200e-02 -1.478848701e+02 -1.478848701e+02 -1.6759e+00 +1.7587e-01 +1.2016e+00
% function evaluation | noise-free fitness - Fopt (-6.080000000000e+00) | best noise-free fitness - Fopt | measured fitness | best measured fitness | x1 | x2...
1 +8.481413762e+01 +8.481413762e+01 +7.873413762e+01 +7.873413762e+01 +0.0000e+00 +0.0000e+00 +0.0000e+00
2 +2.639829171e+01 +2.639829171e+01 +2.031829171e+01 +2.031829171e+01 -1.2172e+00 +5.4445e-01 -9.5684e-01
42 +8.558513249e+00 +8.558513249e+00 +2.478513249e+00 +2.478513249e+00 -4.8876e-02 +2.1047e+00 -8.2881e-01
102 +8.076360413e+00 +8.076360413e+00 +1.996360413e+00 +1.996360413e+00 -1.2712e+00 +1.7741e+00 -8.5967e-01
124 +7.171437917e+00 +7.171437917e+00 +1.091437917e+00 +1.091437917e+00 -1.4010e+00 +1.5543e+00 -1.6157e+00
134 +3.578961989e+00 +3.578961989e+00 -2.501038011e+00 -2.501038011e+00 -1.2248e+00 +1.6324e+00 -1.4306e+00
216 +3.226828982e+00 +3.226828982e+00 -2.853171018e+00 -2.853171018e+00 -1.5031e-01 +1.9261e+00 -2.0335e+00
221 +1.608635559e+00 +1.608635559e+00 -4.471364441e+00 -4.471364441e+00 +1.3544e-01 +1.9778e+00 -2.4715e+00
394 +1.201742885e+00 +1.201742885e+00 -4.878257115e+00 -4.878257115e+00 +1.3409e-01 +1.8945e+00 -2.7887e+00
495 +6.412227898e-01 +6.412227898e-01 -5.438777210e+00 -5.438777210e+00 +3.5429e-01 +1.9690e+00 -3.0217e+00
619 +4.217701462e-01 +4.217701462e-01 -5.658229854e+00 -5.658229854e+00 +4.0010e-01 +1.9873e+00 -3.0227e+00
1079 +4.026088024e-01 +4.026088024e-01 -5.677391198e+00 -5.677391198e+00 +2.3147e-01 +1.9320e+00 -2.7404e+00
1343 +3.285480215e-01 +3.285480215e-01 -5.751451978e+00 -5.751451978e+00 +5.1973e-01 +2.0099e+00 -3.0260e+00
1361 +1.062745674e-01 +1.062745674e-01 -5.973725433e+00 -5.973725433e+00 +5.0826e-01 +2.0231e+00 -3.0340e+00
1829 +5.716953957e-02 +5.716953957e-02 -6.022830460e+00 -6.022830460e+00 +6.1697e-01 +2.0628e+00 -3.1508e+00
2103 +4.482597312e-02 +4.482597312e-02 -6.035174027e+00 -6.035174027e+00 +6.1464e-01 +2.0611e+00 -3.1500e+00
2378 +3.620331159e-02 +3.620331159e-02 -6.043796688e+00 -6.043796688e+00 +6.2080e-01 +2.0645e+00 -3.1576e+00
2390 +2.477039737e-02 +2.477039737e-02 -6.055229603e+00 -6.055229603e+00 +6.1913e-01 +2.0626e+00 -3.1608e+00
2616 +2.312153762e-02 +2.312153762e-02 -6.056878462e+00 -6.056878462e+00 +6.5141e-01 +2.0735e+00 -3.1970e+00
2743 +2.177170266e-02 +2.177170266e-02 -6.058228297e+00 -6.058228297e+00 +6.2011e-01 +2.0626e+00 -3.1562e+00
2958 +1.736469572e-02 +1.736469572e-02 -6.062635304e+00 -6.062635304e+00 +6.2207e-01 +2.0640e+00 -3.1611e+00
3007 +1.541181744e-02 +1.541181744e-02 -6.064588183e+00 -6.064588183e+00 +6.2211e-01 +2.0637e+00 -3.1605e+00
3046 +1.321142536e-02 +1.321142536e-02 -6.066788575e+00 -6.066788575e+00 +6.1951e-01 +2.0628e+00 -3.1594e+00
3184 +1.240356920e-02 +1.240356920e-02 -6.067596431e+00 -6.067596431e+00 +6.1962e-01 +2.0631e+00 -3.1585e+00
3307 +1.060701187e-02 +1.060701187e-02 -6.069392988e+00 -6.069392988e+00 +6.2158e-01 +2.0636e+00 -3.1595e+00
3438 +8.173337056e-03 +8.173337056e-03 -6.071826663e+00 -6.071826663e+00 +6.2790e-01 +2.0658e+00 -3.1691e+00
3445 +5.116225079e-03 +5.116225079e-03 -6.074883775e+00 -6.074883775e+00 +6.2975e-01 +2.0667e+00 -3.1696e+00
3456 +3.245022376e-03 +3.245022376e-03 -6.076754978e+00 -6.076754978e+00 +6.3029e-01 +2.0666e+00 -3.1702e+00
3503 +2.565268822e-03 +2.565268822e-03 -6.077434731e+00 -6.077434731e+00 +6.3047e-01 +2.0667e+00 -3.1698e+00
3832 +1.623702927e-03 +1.623702927e-03 -6.078376297e+00 -6.078376297e+00 +6.3267e-01 +2.0674e+00 -3.1728e+00
3926 +1.232901186e-03 +1.232901186e-03 -6.078767099e+00 -6.078767099e+00 +6.3180e-01 +2.0672e+00 -3.1719e+00
4150 +9.524059175e-04 +9.524059175e-04 -6.079047594e+00 -6.079047594e+00 +6.3225e-01 +2.0673e+00 -3.1722e+00
5834 +9.150538164e-04 +9.150538164e-04 -6.079084946e+00 -6.079084946e+00 +6.2999e-01 +2.0665e+00 -3.1696e+00
5985 +8.965168237e-04 +8.965168237e-04 -6.079103483e+00 -6.079103483e+00 +6.3000e-01 +2.0665e+00 -3.1696e+00
6018 +8.657746569e-04 +8.657746569e-04 -6.079134225e+00 -6.079134225e+00 +6.3005e-01 +2.0666e+00 -3.1696e+00
7416 +8.111017703e-04 +8.111017703e-04 -6.079188898e+00 -6.079188898e+00 +6.3003e-01 +2.0665e+00 -3.1696e+00
8826 +7.807737662e-04 +7.807737662e-04 -6.079219226e+00 -6.079219226e+00 +6.3001e-01 +2.0665e+00 -3.1696e+00
% function evaluation | noise-free fitness - Fopt (2.431100000000e+02) | best noise-free fitness - Fopt | measured fitness | best measured fitness | x1 | x2...
1 +6.994435146e+01 +6.994435146e+01 +3.130543515e+02 +3.130543515e+02 +0.0000e+00 +0.0000e+00 +0.0000e+00
3 +3.943506830e+01 +3.943506830e+01 +2.825450683e+02 +2.825450683e+02 +9.7691e-01 -7.1928e-01 -1.4761e-01
5 +1.226776549e+01 +1.226776549e+01 +2.553777655e+02 +2.553777655e+02 -1.5817e+00 -2.5939e-01 -6.4098e-01
14 +5.325792845e+00 +5.325792845e+00 +2.484357928e+02 +2.484357928e+02 -2.6128e+00 -3.7778e-01 -1.9995e-01
30 +3.688507271e+00 +3.688507271e+00 +2.467985073e+02 +2.467985073e+02 -2.1462e+00 +3.0670e-01 +9.7753e-01
100 +3.370657561e+00 +3.370657561e+00 +2.464806576e+02 +2.464806576e+02 -3.3804e+00 -1.2570e+00 -2.4283e-01
123 +1.909035830e+00 +1.909035830e+00 +2.450190358e+02 +2.450190358e+02 -3.0310e+00 -6.5753e-01 +1.4569e-01
213 +1.657952431e+00 +1.657952431e+00 +2.447679524e+02 +2.447679524e+02 -4.0051e+00 -1.6086e+00 -8.4736e-01
652 +7.696412740e-01 +7.696412740e-01 +2.438796413e+02 +2.438796413e+02 -3.4271e+00 -9.9478e-01 -9.9145e-02
692 +7.569745294e-01 +7.569745294e-01 +2.438669745e+02 +2.438669745e+02 -3.6044e+00 -1.2875e+00 -5.0155e-01
734 +7.396617293e-01 +7.396617293e-01 +2.438496617e+02 +2.438496617e+02 -3.6450e+00 -1.3461e+00 -5.4682e-01
762 +6.416230013e-01 +6.416230013e-01 +2.437516230e+02 +2.437516230e+02 -3.5853e+00 -1.2071e+00 -3.4159e-01
897 +5.669196376e-01 +5.669196376e-01 +2.436769196e+02 +2.436769196e+02 -3.6348e+00 -1.3052e+00 -5.5147e-01
919 +5.603873865e-01 +5.603873865e-01 +2.436703874e+02 +2.436703874e+02 -3.7879e+00 -1.5174e+00 -7.6703e-01
937 +2.836610951e-01 +2.836610951e-01 +2.433936611e+02 +2.433936611e+02 -3.7635e+00 -1.4219e+00 -6.3739e-01
1251 +5.481675734e-02 +5.481675734e-02 +2.431648168e+02 +2.431648168e+02 -3.7402e+00 -1.4116e+00 -5.9805e-01
1724 +4.117499858e-02 +4.117499858e-02 +2.431511750e+02 +2.431511750e+02 -3.7816e+00 -1.4627e+00 -6.5446e-01
1789 +2.498305689e-02 +2.498305689e-02 +2.431349831e+02 +2.431349831e+02 -3.7743e+00 -1.4515e+00 -6.4649e-01
3108 +2.258099872e-02 +2.258099872e-02 +2.431325810e+02 +2.431325810e+02 -3.7954e+00 -1.4787e+00 -6.7569e-01
3121 +2.184568450e-02 +2.184568450e-02 +2.431318457e+02 +2.431318457e+02 -3.7955e+00 -1.4784e+00 -6.7459e-01
3606 +1.934328570e-02 +1.934328570e-02 +2.431293433e+02 +2.431293433e+02 -3.7946e+00 -1.4774e+00 -6.7404e-01
3864 +1.858159348e-02 +1.858159348e-02 +2.431285816e+02 +2.431285816e+02 -3.7953e+00 -1.4784e+00 -6.7513e-01
3979 +1.662982601e-02 +1.662982601e-02 +2.431266298e+02 +2.431266298e+02 -3.7957e+00 -1.4788e+00 -6.7565e-01
4367 +1.644511747e-02 +1.644511747e-02 +2.431264451e+02 +2.431264451e+02 -3.7952e+00 -1.4782e+00 -6.7506e-01
4700 +1.609541740e-02 +1.609541740e-02 +2.431260954e+02 +2.431260954e+02 -3.7951e+00 -1.4781e+00 -6.7491e-01
4829 +1.572407373e-02 +1.572407373e-02 +2.431257241e+02 +2.431257241e+02 -3.7950e+00 -1.4779e+00 -6.7479e-01
5058 +1.541621629e-02 +1.541621629e-02 +2.431254162e+02 +2.431254162e+02 -3.7948e+00 -1.4777e+00 -6.7458e-01
5980 +1.507750496e-02 +1.507750496e-02 +2.431250775e+02 +2.431250775e+02 -3.7949e+00 -1.4778e+00 -6.7467e-01
% function evaluation | noise-free fitness - Fopt (-1.436200000000e+02) | best noise-free fitness - Fopt | measured fitness | best measured fitness | x1 | x2...
1 +2.056655955e+02 +2.056655955e+02 +6.204559554e+01 +6.204559554e+01 +0.0000e+00 +0.0000e+00 +0.0000e+00
2 +9.033514262e+01 +9.033514262e+01 -5.328485738e+01 -5.328485738e+01 -6.2625e-01 +6.0975e-01 +1.7750e+00
4 +8.349281233e+01 +8.349281233e+01 -6.012718767e+01 -6.012718767e+01 -2.0528e+00 -8.1519e-01 -3.5075e-01
12 +5.957626312e+01 +5.957626312e+01 -8.404373688e+01 -8.404373688e+01 -4.8275e+00 +2.1828e-01 +9.6058e-01
32 +2.010978248e+01 +2.010978248e+01 -1.235102175e+02 -1.235102175e+02 -3.4027e+00 +5.7742e-01 +6.1413e-01
42 +1.907422333e+01 +1.907422333e+01 -1.245457767e+02 -1.245457767e+02 -1.9473e+00 +1.8948e+00 +1.0925e+00
68 +1.287455750e+01 +1.287455750e+01 -1.307454425e+02 -1.307454425e+02 -3.3264e+00 +1.3657e+00 -6.3965e-02
69 +6.380735463e+00 +6.380735463e+00 -1.372392645e+02 -1.372392645e+02 -2.6081e+00 +3.5593e+00 +9.2604e-01
72 +5.871916604e+00 +5.871916604e+00 -1.377480834e+02 -1.377480834e+02 -2.1267e+00 +2.9781e+00 +6.7689e-01
77 +5.670280268e+00 +5.670280268e+00 -1.379497197e+02 -1.379497197e+02 -3.0668e+00 +2.9841e+00 +4.3704e-01
99 +5.003251833e+00 +5.003251833e+00 -1.386167482e+02 -1.386167482e+02 -2.6568e+00 +4.1364e+00 +1.8630e+00
139 +4.057760008e+00 +4.057760008e+00 -1.395622400e+02 -1.395622400e+02 -2.6128e+00 +2.3220e+00 +1.7307e-02
164 +2.750074817e+00 +2.750074817e+00 -1.408699252e+02 -1.408699252e+02 -2.6079e+00 +3.4625e+00 +9.4130e-01
186 +2.654591465e+00 +2.654591465e+00 -1.409654085e+02 -1.409654085e+02 -2.7388e+00 +2.9356e+00 +9.1056e-01
300 +1.102767851e+00 +1.102767851e+00 -1.425172321e+02 -1.425172321e+02 -2.6281e+00 +3.5015e+00 +1.2185e+00
725 +7.099313472e-01 +7.099313472e-01 -1.429100687e+02 -1.429100687e+02 -2.6565e+00 +3.3742e+00 +1.0638e+00
762 +6.993268668e-01 +6.993268668e-01 -1.429206731e+02 -1.429206731e+02 -2.6313e+00 +2.9029e+00 +5.8960e-01
1345 +5.502126429e-01 +5.502126429e-01 -1.430697874e+02 -1.430697874e+02 -2.6010e+00 +3.3279e+00 +9.8696e-01
1931 +5.317383312e-01 +5.317383312e-01 -1.430882617e+02 -1.430882617e+02 -2.7384e+00 +2.9206e+00 +5.9768e-01
1948 +2.580177870e-01 +2.580177870e-01 -1.433619822e+02 -1.433619822e+02 -2.7422e+00 +3.0605e+00 +7.3097e-01
1966 +2.524471387e-01 +2.524471387e-01 -1.433675529e+02 -1.433675529e+02 -2.6697e+00 +3.1290e+00 +8.1082e-01
2185 +2.226105463e-01 +2.226105463e-01 -1.433973895e+02 -1.433973895e+02 -2.5649e+00 +3.4531e+00 +1.1377e+00
2272 +1.783982056e-01 +1.783982056e-01 -1.434416018e+02 -1.434416018e+02 -2.6000e+00 +3.3930e+00 +1.0726e+00
2376 +1.614837585e-01 +1.614837585e-01 -1.434585162e+02 -1.434585162e+02 -2.6226e+00 +3.3647e+00 +1.0326e+00
2447 +1.031764903e-01 +1.031764903e-01 -1.435168235e+02 -1.435168235e+02 -2.6283e+00 +3.3229e+00 +9.9233e-01
2455 +9.823701045e-02 +9.823701045e-02 -1.435217630e+02 -1.435217630e+02 -2.6203e+00 +3.3366e+00 +1.0100e+00
2547 +5.370306908e-02 +5.370306908e-02 -1.435662969e+02 -1.435662969e+02 -2.6401e+00 +3.3075e+00 +9.7426e-01
3246 +5.099521271e-02 +5.099521271e-02 -1.435690048e+02 -1.435690048e+02 -2.5958e+00 +3.3991e+00 +1.0826e+00
3470 +4.696060355e-02 +4.696060355e-02 -1.435730394e+02 -1.435730394e+02 -2.5960e+00 +3.3991e+00 +1.0827e+00
4247 +4.648907436e-02 +4.648907436e-02 -1.435735109e+02 -1.435735109e+02 -2.5951e+00 +3.4010e+00 +1.0849e+00
5198 +4.540976941e-02 +4.540976941e-02 -1.435745902e+02 -1.435745902e+02 -2.5949e+00 +3.4013e+00 +1.0853e+00
5322 +4.465883644e-02 +4.465883644e-02 -1.435753412e+02 -1.435753412e+02 -2.5949e+00 +3.4012e+00 +1.0852e+00
5572 +4.295236700e-02 +4.295236700e-02 -1.435770476e+02 -1.435770476e+02 -2.5950e+00 +3.4012e+00 +1.0851e+00
5847 +4.230614845e-02 +4.230614845e-02 -1.435776939e+02 -1.435776939e+02 -2.5950e+00 +3.4012e+00 +1.0851e+00
6940 +4.161240067e-02 +4.161240067e-02 -1.435783876e+02 -1.435783876e+02 -2.5950e+00 +3.4012e+00 +1.0851e+00
10825 +4.063821565e-02 +4.063821565e-02 -1.435793618e+02 -1.435793618e+02 -2.5961e+00 +3.3988e+00 +1.0823e+00
% function evaluation | noise-free fitness - Fopt (4.290000000000e+01) | best noise-free fitness - Fopt | measured fitness | best measured fitness | x1 | x2...
1 +2.455339710e+01 +2.455339710e+01 +6.745339710e+01 +6.745339710e+01 +0.0000e+00 +0.0000e+00 +0.0000e+00
14 +1.604297980e+01 +1.604297980e+01 +5.894297980e+01 +5.894297980e+01 +1.1274e+00 -3.0611e+00 +8.2226e-01
24 +1.521795587e+01 +1.521795587e+01 +5.811795587e+01 +5.811795587e+01 +9.5078e-01 -3.5522e+00 +6.1260e-01
29 +1.432338383e+01 +1.432338383e+01 +5.722338383e+01 +5.722338383e+01 +7.5987e-01 -3.4030e+00 +2.1948e-01
51 +1.047848191e+01 +1.047848191e+01 +5.337848191e+01 +5.337848191e+01 +1.1501e+00 -3.9523e+00 -2.2960e-01
87 +7.979745327e+00 +7.979745327e+00 +5.087974533e+01 +5.087974533e+01 +9.1780e-01 -3.1253e+00 +8.4824e-01
125 +6.095578925e+00 +6.095578925e+00 +4.899557892e+01 +4.899557892e+01 +2.7154e-01 -2.0185e+00 +5.6056e-01
152 +5.086994845e+00 +5.086994845e+00 +4.798699485e+01 +4.798699485e+01 +3.7287e-01 -1.6066e+00 +1.5154e+00
306 +3.881341411e+00 +3.881341411e+00 +4.678134141e+01 +4.678134141e+01 +2.0040e-01 -1.4226e+00 +1.4678e+00
331 +3.512016377e+00 +3.512016377e+00 +4.641201638e+01 +4.641201638e+01 +1.9413e-01 -1.0550e+00 +1.9247e+00
479 +2.809019233e+00 +2.809019233e+00 +4.570901923e+01 +4.570901923e+01 -4.4090e-02 +8.8788e-01 +3.4226e+00
506 +8.936367017e-01 +8.936367017e-01 +4.379363670e+01 +4.379363670e+01 +2.2403e-01 +1.5972e-01 +2.8464e+00
509 +8.077954555e-01 +8.077954555e-01 +4.370779546e+01 +4.370779546e+01 +2.1195e-01 +2.4789e-01 +3.0759e+00
770 +4.375997192e-01 +4.375997192e-01 +4.333759972e+01 +4.333759972e+01 +1.8925e-01 +2.1549e-01 +2.8572e+00
1152 +3.498037782e-01 +3.498037782e-01 +4.324980378e+01 +4.324980378e+01 +1.7344e-01 +2.6801e-01 +2.9373e+00
1153 +2.755396861e-01 +2.755396861e-01 +4.317553969e+01 +4.317553969e+01 +1.6363e-01 +3.5409e-01 +3.0295e+00
1515 +2.673905875e-01 +2.673905875e-01 +4.316739059e+01 +4.316739059e+01 +1.5048e-01 +1.6658e-02 +2.7568e+00
1533 +2.481156336e-01 +2.481156336e-01 +4.314811563e+01 +4.314811563e+01 +1.6631e-01 +1.1784e-01 +2.7916e+00
1611 +2.417926843e-01 +2.417926843e-01 +4.314179268e+01 +4.314179268e+01 +1.4783e-01 +6.1510e-02 +2.7735e+00
1617 +2.297669752e-01 +2.297669752e-01 +4.312976698e+01 +4.312976698e+01 +1.3502e-01 -2.8981e-02 +2.7006e+00
1859 +2.051535471e-01 +2.051535471e-01 +4.310515355e+01 +4.310515355e+01 +1.6244e-01 +2.9785e-01 +2.9670e+00
2017 +1.524147497e-01 +1.524147497e-01 +4.305241475e+01 +4.305241475e+01 +1.6231e-01 +2.1429e-01 +2.8714e+00
2026 +1.031420359e-01 +1.031420359e-01 +4.300314204e+01 +4.300314204e+01 +1.6101e-01 +1.6832e-01 +2.8315e+00
2331 +8.808077907e-02 +8.808077907e-02 +4.298808078e+01 +4.298808078e+01 +1.6160e-01 +1.1822e-01 +2.8111e+00
2351 +7.534793460e-02 +7.534793460e-02 +4.297534793e+01 +4.297534793e+01 +1.5178e-01 +1.2253e-01 +2.7981e+00
2590 +5.004211317e-02 +5.004211317e-02 +4.295004211e+01 +4.295004211e+01 +1.7020e-01 +1.8151e-01 +2.8535e+00
2608 +3.489410651e-02 +3.489410651e-02 +4.293489411e+01 +4.293489411e+01 +1.6552e-01 +1.7145e-01 +2.8418e+00
2800 +1.662253485e-02 +1.662253485e-02 +4.291662253e+01 +4.291662253e+01 +1.7060e-01 +2.0435e-01 +2.8719e+00
3063 +1.111358923e-02 +1.111358923e-02 +4.291111359e+01 +4.291111359e+01 +1.6954e-01 +1.8771e-01 +2.8567e+00
3329 +8.525833372e-03 +8.525833372e-03 +4.290852583e+01 +4.290852583e+01 +1.7031e-01 +1.9857e-01 +2.8648e+00
3781 +6.993924366e-03 +6.993924366e-03 +4.290699392e+01 +4.290699392e+01 +1.6984e-01 +2.0918e-01 +2.8740e+00
3927 +5.425257976e-03 +5.425257976e-03 +4.290542526e+01 +4.290542526e+01 +1.7060e-01 +1.9841e-01 +2.8651e+00
3935 +2.818524385e-03 +2.818524385e-03 +4.290281852e+01 +4.290281852e+01 +1.7037e-01 +1.9852e-01 +2.8653e+00
4010 +1.451591069e-03 +1.451591069e-03 +4.290145159e+01 +4.290145159e+01 +1.7047e-01 +1.9593e-01 +2.8631e+00
4101 +1.350987746e-04 +1.350987746e-04 +4.290013510e+01 +4.290013510e+01 +1.7039e-01 +1.9599e-01 +2.8632e+00
% function evaluation | noise-free fitness - Fopt (6.286500000000e+02) | best noise-free fitness - Fopt | measured fitness | best measured fitness | x1 | x2...
1 +5.993776480e+01 +5.993776480e+01 +6.885877648e+02 +6.885877648e+02 +0.0000e+00 +0.0000e+00 +0.0000e+00
3 +5.157736320e+01 +5.157736320e+01 +6.802273632e+02 +6.802273632e+02 +3.1036e+00 +8.5836e-01 +2.1636e+00
4 +4.732110088e+01 +4.732110088e+01 +6.759711009e+02 +6.759711009e+02 +9.3204e-02 -2.1977e-01 +2.4918e-01
7 +4.011960890e+01 +4.011960890e+01 +6.687696089e+02 +6.687696089e+02 -1.4177e+00 -5.8347e-01 -1.2644e+00
12 +2.279482670e+01 +2.279482670e+01 +6.514448267e+02 +6.514448267e+02 -2.7100e+00 -1.7308e+00 -3.6370e+00
13 +2.207558549e+01 +2.207558549e+01 +6.507255855e+02 +6.507255855e+02 -1.3856e+00 -1.0308e+00 -1.9792e+00
15 +1.407742144e+01 +1.407742144e+01 +6.427274214e+02 +6.427274214e+02 -1.3882e+00 -1.2032e-01 -1.1479e+00
29 +9.490065571e+00 +9.490065571e+00 +6.381400656e+02 +6.381400656e+02 -2.8684e+00 -7.5658e-01 -3.3159e+00
33 +6.152475688e+00 +6.152475688e+00 +6.348024757e+02 +6.348024757e+02 -2.5170e+00 +6.9849e-02 -2.4138e+00
46 +2.638890588e+00 +2.638890588e+00 +6.312888906e+02 +6.312888906e+02 -3.6994e+00 +1.5810e+00 -2.5547e+00
328 +2.223076267e+00 +2.223076267e+00 +6.308730763e+02 +6.308730763e+02 -2.5584e+00 +5.3461e-01 -2.4543e+00
478 +2.100502967e+00 +2.100502967e+00 +6.307505030e+02 +6.307505030e+02 -3.0562e+00 +9.7961e-01 -2.6267e+00
513 +1.739204312e+00 +1.739204312e+00 +6.303892043e+02 +6.303892043e+02 -2.2577e+00 -7.1989e-02 -2.6977e+00
589 +1.414748581e+00 +1.414748581e+00 +6.300647486e+02 +6.300647486e+02 -3.2034e+00 +8.7587e-01 -2.7704e+00
592 +1.023350933e+00 +1.023350933e+00 +6.296733509e+02 +6.296733509e+02 -2.6796e+00 +3.8082e-01 -2.6754e+00
885 +3.566372655e-01 +3.566372655e-01 +6.290066373e+02 +6.290066373e+02 -2.5572e+00 +3.3765e-01 -2.6949e+00
1244 +2.302165830e-01 +2.302165830e-01 +6.288802166e+02 +6.288802166e+02 -2.7340e+00 +5.1258e-01 -2.6722e+00
1337 +2.127974403e-01 +2.127974403e-01 +6.288627974e+02 +6.288627974e+02 -2.7325e+00 +5.2017e-01 -2.6830e+00
1463 +1.082613607e-01 +1.082613607e-01 +6.287582614e+02 +6.287582614e+02 -2.6440e+00 +4.4793e-01 -2.6652e+00
1802 +1.001960946e-01 +1.001960946e-01 +6.287501961e+02 +6.287501961e+02 -2.6001e+00 +4.0339e-01 -2.6772e+00
2451 +6.061288230e-02 +6.061288230e-02 +6.287106129e+02 +6.287106129e+02 -2.5846e+00 +3.7483e-01 -2.6723e+00
2626 +4.420168974e-02 +4.420168974e-02 +6.286942017e+02 +6.286942017e+02 -2.5656e+00 +3.5466e-01 -2.6792e+00
2762 +4.257701495e-02 +4.257701495e-02 +6.286925770e+02 +6.286925770e+02 -2.5971e+00 +3.9602e-01 -2.6739e+00
2792 +3.275781541e-02 +3.275781541e-02 +6.286827578e+02 +6.286827578e+02 -2.5993e+00 +3.9692e-01 -2.6700e+00
2896 +2.352764295e-02 +2.352764295e-02 +6.286735276e+02 +6.286735276e+02 -2.5947e+00 +3.8987e-01 -2.6707e+00
2975 +1.711084878e-02 +1.711084878e-02 +6.286671108e+02 +6.286671108e+02 -2.5943e+00 +3.8829e-01 -2.6732e+00
3068 +1.151346230e-02 +1.151346230e-02 +6.286615135e+02 +6.286615135e+02 -2.6017e+00 +3.9611e-01 -2.6727e+00
3168 +5.817829549e-03 +5.817829549e-03 +6.286558178e+02 +6.286558178e+02 -2.6077e+00 +4.0364e-01 -2.6712e+00
3556 +5.073873998e-03 +5.073873998e-03 +6.286550739e+02 +6.286550739e+02 -2.6082e+00 +4.0493e-01 -2.6705e+00
3673 +1.026149287e-03 +1.026149287e-03 +6.286510261e+02 +6.286510261e+02 -2.6035e+00 +3.9962e-01 -2.6710e+00
4844 +9.556512166e-04 +9.556512166e-04 +6.286509557e+02 +6.286509557e+02 -2.6029e+00 +3.9886e-01 -2.6712e+00
4966 +9.337896811e-04 +9.337896811e-04 +6.286509338e+02 +6.286509338e+02 -2.6036e+00 +3.9963e-01 -2.6712e+00
5060 +8.861527078e-04 +8.861527078e-04 +6.286508862e+02 +6.286508862e+02 -2.6030e+00 +3.9907e-01 -2.6712e+00
5213 +3.517828435e-04 +3.517828435e-04 +6.286503518e+02 +6.286503518e+02 -2.6031e+00 +3.9909e-01 -2.6712e+00
5279 +1.396868671e-04 +1.396868671e-04 +6.286501397e+02 +6.286501397e+02 -2.6032e+00 +3.9918e-01 -2.6712e+00
5720 +1.093440790e-05 +1.093440790e-05 +6.286500109e+02 +6.286500109e+02 -2.6032e+00 +3.9922e-01 -2.6712e+00
6931 +9.715446481e-06 +9.715446481e-06 +6.286500097e+02 +6.286500097e+02 -2.6032e+00 +3.9920e-01 -2.6712e+00
8429 +9.464891150e-06 +9.464891150e-06 +6.286500095e+02 +6.286500095e+02 -2.6032e+00 +3.9918e-01 -2.6712e+00
9565 +9.300254078e-06 +9.300254078e-06 +6.286500093e+02 +6.286500093e+02 -2.6032e+00 +3.9918e-01 -2.6712e+00
9827 +9.012858300e-06 +9.012858300e-06 +6.286500090e+02 +6.286500090e+02 -2.6032e+00 +3.9918e-01 -2.6712e+00
9985 +8.668151622e-06 +8.668151622e-06 +6.286500087e+02 +6.286500087e+02 -2.6032e+00 +3.9918e-01 -2.6712e+00
10019 +8.427660532e-06 +8.427660532e-06 +6.286500084e+02 +6.286500084e+02 -2.6032e+00 +3.9918e-01 -2.6712e+00
10890 +7.717054473e-06 +7.717054473e-06 +6.286500077e+02 +6.286500077e+02 -2.6032e+00 +3.9918e-01 -2.6712e+00
11266 +7.558616744e-06 +7.558616744e-06 +6.286500076e+02 +6.286500076e+02 -2.6032e+00 +3.9918e-01 -2.6712e+00
11638 +7.400446066e-06 +7.400446066e-06 +6.286500074e+02 +6.286500074e+02 -2.6032e+00 +3.9918e-01 -2.6712e+00
13452 +7.222414865e-06 +7.222414865e-06 +6.286500072e+02 +6.286500072e+02 -2.6032e+00 +3.9918e-01 -2.6712e+00
% function evaluation | noise-free fitness - Fopt (-7.163000000000e+01) | best noise-free fitness - Fopt | measured fitness | best measured fitness | x1 | x2...
1 +1.069667306e+02 +1.069667306e+02 +3.533673055e+01 +3.533673055e+01 +0.0000e+00 +0.0000e+00 +0.0000e+00
4 +8.705428177e+01 +8.705428177e+01 +1.542428177e+01 +1.542428177e+01 -1.3387e+00 -3.1934e-01 +1.0090e-01
5 +6.653842149e+01 +6.653842149e+01 -5.091578509e+00 -5.091578509e+00 +2.3419e+00 -1.4037e-01 +8.7821e-01
8 +6.238446546e+01 +6.238446546e+01 -9.245534544e+00 -9.245534544e+00 +3.1513e+00 -2.0573e-01 -3.0916e-01
13 +5.016862020e+01 +5.016862020e+01 -2.146137980e+01 -2.146137980e+01 +5.0682e+00 -6.7557e-01 +1.6654e+00
15 +1.746653777e+01 +1.746653777e+01 -5.416346223e+01 -5.416346223e+01 +3.1957e+00 -1.7221e+00 -1.4269e+00
48 +6.049189864e+00 +6.049189864e+00 -6.558081014e+01 -6.558081014e+01 +2.0551e+00 -2.6739e+00 +1.0277e-01
100 +3.487160820e+00 +3.487160820e+00 -6.814283918e+01 -6.814283918e+01 +1.9318e+00 -3.2350e+00 +1.8431e+00
152 +3.032569350e+00 +3.032569350e+00 -6.859743065e+01 -6.859743065e+01 +2.0444e+00 -3.3988e+00 +1.5504e+00
207 +2.033822212e+00 +2.033822212e+00 -6.959617779e+01 -6.959617779e+01 +2.0253e+00 -3.2152e+00 +1.9252e+00
248 +1.617691223e+00 +1.617691223e+00 -7.001230878e+01 -7.001230878e+01 +2.0475e+00 -2.7605e+00 +9.4692e-01
272 +4.616068865e-01 +4.616068865e-01 -7.116839311e+01 -7.116839311e+01 +1.7312e+00 -3.5565e+00 +1.9019e+00
1270 +4.238805603e-01 +4.238805603e-01 -7.120611944e+01 -7.120611944e+01 +1.5688e+00 -3.9440e+00 +2.3969e+00
1368 +3.255797325e-01 +3.255797325e-01 -7.130442027e+01 -7.130442027e+01 +1.6230e+00 -3.8096e+00 +2.2257e+00
1536 +9.214282259e-02 +9.214282259e-02 -7.153785718e+01 -7.153785718e+01 +1.7308e+00 -3.5513e+00 +1.9236e+00
8744 +9.109125377e-02 +9.109125377e-02 -7.153890875e+01 -7.153890875e+01 +1.8691e+00 -3.1988e+00 +1.5906e+00
% function evaluation | noise-free fitness - Fopt (1.976000000000e+01) | best noise-free fitness - Fopt | measured fitness | best measured fitness | x1 | x2...
1 +1.718503150e+02 +1.718503150e+02 +1.916103150e+02 +1.916103150e+02 +0.0000e+00 +0.0000e+00 +0.0000e+00
5 +1.653264242e+02 +1.653264242e+02 +1.850864242e+02 +1.850864242e+02 -2.1589e+00 -1.3808e+00 +1.2841e+00
6 +1.444219614e+02 +1.444219614e+02 +1.641819614e+02 +1.641819614e+02 -1.4927e-01 +8.1645e-01 -1.5252e-01
7 +1.066290116e+02 +1.066290116e+02 +1.263890116e+02 +1.263890116e+02 -8.2013e-01 +2.3594e+00 -8.5105e-01
11 +3.714158174e+01 +3.714158174e+01 +5.690158174e+01 +5.690158174e+01 +2.0283e+00 +2.8877e+00 -1.2458e+00
12 +1.711779695e+01 +1.711779695e+01 +3.687779695e+01 +3.687779695e+01 +3.3488e+00 +2.1140e+00 -2.0861e+00
34 +1.276557977e+01 +1.276557977e+01 +3.252557977e+01 +3.252557977e+01 +1.7797e+00 +2.9059e+00 -2.4863e+00
36 +7.518553509e+00 +7.518553509e+00 +2.727855351e+01 +2.727855351e+01 +2.8772e+00 +1.1296e+00 -4.0559e+00
70 +5.128562210e+00 +5.128562210e+00 +2.488856221e+01 +2.488856221e+01 +2.2782e+00 +1.4810e+00 -3.2223e+00
80 +2.787571126e+00 +2.787571126e+00 +2.254757113e+01 +2.254757113e+01 +2.7320e+00 +1.5999e+00 -2.8253e+00
89 +1.785201514e+00 +1.785201514e+00 +2.154520151e+01 +2.154520151e+01 +3.4100e+00 +8.1693e-01 -3.5932e+00
532 +1.723480368e+00 +1.723480368e+00 +2.148348037e+01 +2.148348037e+01 +2.7092e+00 +1.6794e+00 -2.9785e+00
542 +1.639450991e+00 +1.639450991e+00 +2.139945099e+01 +2.139945099e+01 +2.5397e+00 +1.8713e+00 -3.0984e+00
633 +5.133950763e-01 +5.133950763e-01 +2.027339508e+01 +2.027339508e+01 +2.6546e+00 +1.5563e+00 -3.2445e+00
777 +3.564368552e-01 +3.564368552e-01 +2.011643686e+01 +2.011643686e+01 +2.6427e+00 +1.6405e+00 -3.1495e+00
928 +2.902847401e-01 +2.902847401e-01 +2.005028474e+01 +2.005028474e+01 +2.6622e+00 +1.6077e+00 -3.1413e+00
1571 +2.582830987e-01 +2.582830987e-01 +2.001828310e+01 +2.001828310e+01 +2.6906e+00 +1.5585e+00 -3.1846e+00
1655 +7.436843991e-02 +7.436843991e-02 +1.983436844e+01 +1.983436844e+01 +2.7115e+00 +1.5401e+00 -3.2068e+00
2424 +7.386093296e-02 +7.386093296e-02 +1.983386093e+01 +1.983386093e+01 +2.7188e+00 +1.5303e+00 -3.2175e+00
2605 +4.000004425e-02 +4.000004425e-02 +1.980000004e+01 +1.980000004e+01 +2.6735e+00 +1.5748e+00 -3.2024e+00
3054 +3.701896177e-02 +3.701896177e-02 +1.979701896e+01 +1.979701896e+01 +2.6728e+00 +1.5775e+00 -3.1961e+00
3060 +3.417149525e-02 +3.417149525e-02 +1.979417150e+01 +1.979417150e+01 +2.6772e+00 +1.5726e+00 -3.1994e+00
3378 +2.890222513e-02 +2.890222513e-02 +1.978890223e+01 +1.978890223e+01 +2.6737e+00 +1.5762e+00 -3.1979e+00
3473 +2.219291222e-02 +2.219291222e-02 +1.978219291e+01 +1.978219291e+01 +2.6737e+00 +1.5764e+00 -3.1982e+00
3909 +2.124409932e-02 +2.124409932e-02 +1.978124410e+01 +1.978124410e+01 +2.6739e+00 +1.5756e+00 -3.1991e+00
4238 +1.932623685e-02 +1.932623685e-02 +1.977932624e+01 +1.977932624e+01 +2.6745e+00 +1.5750e+00 -3.1994e+00
4707 +1.854356689e-02 +1.854356689e-02 +1.977854357e+01 +1.977854357e+01 +2.6734e+00 +1.5764e+00 -3.1985e+00
5030 +1.707108359e-02 +1.707108359e-02 +1.977707108e+01 +1.977707108e+01 +2.6729e+00 +1.5769e+00 -3.1984e+00
5628 +1.660423646e-02 +1.660423646e-02 +1.977660424e+01 +1.977660424e+01 +2.6734e+00 +1.5764e+00 -3.1986e+00
5662 +1.638357565e-02 +1.638357565e-02 +1.977638358e+01 +1.977638358e+01 +2.6734e+00 +1.5764e+00 -3.1987e+00
5761 +1.546866754e-02 +1.546866754e-02 +1.977546867e+01 +1.977546867e+01 +2.6733e+00 +1.5764e+00 -3.1986e+00
% function evaluation | noise-free fitness - Fopt (6.100000000000e-01) | best noise-free fitness - Fopt | measured fitness | best measured fitness | x1 | x2...
1 +2.027954052e+02 +2.027954052e+02 +2.034054052e+02 +2.034054052e+02 +0.0000e+00 +0.0000e+00 +0.0000e+00
6 +1.667110457e+02 +1.667110457e+02 +1.673210457e+02 +1.673210457e+02 -1.3817e+00 +6.3550e-01 -2.1948e-01
14 +1.153322604e+02 +1.153322604e+02 +1.159422604e+02 +1.159422604e+02 -1.3066e+00 -2.3675e+00 -2.6139e+00
16 +5.552098373e+01 +5.552098373e+01 +5.613098373e+01 +5.613098373e+01 +1.9362e+00 +1.6253e+00 -8.7027e-01
23 +2.901739601e+01 +2.901739601e+01 +2.962739601e+01 +2.962739601e+01 +2.7135e+00 +6.1793e-01 -9.4184e-01
28 +1.575490868e+01 +1.575490868e+01 +1.636490868e+01 +1.636490868e+01 +2.1500e+00 +1.0413e+00 -2.4800e+00
43 +1.069389311e+01 +1.069389311e+01 +1.130389311e+01 +1.130389311e+01 +8.4481e-01 +3.9397e-01 -3.4812e+00
45 +1.032919547e+01 +1.032919547e+01 +1.093919547e+01 +1.093919547e+01 +2.3495e+00 +1.6289e+00 -1.8822e+00
69 +7.153510275e+00 +7.153510275e+00 +7.763510275e+00 +7.763510275e+00 +5.3538e-01 +3.0556e+00 -3.4197e+00
110 +5.176377061e+00 +5.176377061e+00 +5.786377061e+00 +5.786377061e+00 +4.1915e-01 +2.8055e+00 -4.3275e+00
163 +4.125516521e+00 +4.125516521e+00 +4.735516521e+00 +4.735516521e+00 +7.1856e-01 +2.8401e+00 -3.4706e+00
165 +2.952650338e+00 +2.952650338e+00 +3.562650338e+00 +3.562650338e+00 +5.6610e-01 +2.1600e+00 -3.9594e+00
295 +1.711841012e+00 +1.711841012e+00 +2.321841012e+00 +2.321841012e+00 +9.1438e-01 +2.0713e+00 -3.2358e+00
448 +1.446182518e+00 +1.446182518e+00 +2.056182518e+00 +2.056182518e+00 +1.3396e+00 +1.7629e+00 -2.5884e+00
510 +9.998817580e-01 +9.998817580e-01 +1.609881758e+00 +1.609881758e+00 +1.2081e+00 +1.9393e+00 -2.6980e+00
649 +9.711570237e-01 +9.711570237e-01 +1.581157024e+00 +1.581157024e+00 +5.8864e-01 +2.4434e+00 -3.8012e+00
705 +9.011496925e-01 +9.011496925e-01 +1.511149692e+00 +1.511149692e+00 +1.5367e+00 +1.5897e+00 -2.2507e+00
898 +4.025308613e-01 +4.025308613e-01 +1.012530861e+00 +1.012530861e+00 +1.1070e+00 +1.9395e+00 -2.9291e+00
1142 +3.173772480e-01 +3.173772480e-01 +9.273772480e-01 +9.273772480e-01 +1.0794e+00 +2.0388e+00 -3.0966e+00
1163 +2.692289128e-01 +2.692289128e-01 +8.792289128e-01 +8.792289128e-01 +1.0080e+00 +2.0958e+00 -3.1493e+00
1248 +2.526056465e-01 +2.526056465e-01 +8.626056465e-01 +8.626056465e-01 +1.0052e+00 +2.0873e+00 -3.1928e+00
1814 +1.304288347e-01 +1.304288347e-01 +7.404288347e-01 +7.404288347e-01 +1.1057e+00 +1.9753e+00 -2.9798e+00
2026 +1.080573476e-01 +1.080573476e-01 +7.180573476e-01 +7.180573476e-01 +1.0406e+00 +2.0417e+00 -3.1199e+00
2525 +1.051018980e-01 +1.051018980e-01 +7.151018980e-01 +7.151018980e-01 +9.5990e-01 +2.1205e+00 -3.2421e+00
2856 +1.012976900e-01 +1.012976900e-01 +7.112976900e-01 +7.112976900e-01 +9.5306e-01 +2.1241e+00 -3.2531e+00
3309 +8.825492812e-02 +8.825492812e-02 +6.982549281e-01 +6.982549281e-01 +9.5250e-01 +2.1274e+00 -3.2540e+00
3370 +7.910452009e-02 +7.910452009e-02 +6.891045201e-01 +6.891045201e-01 +9.5236e-01 +2.1264e+00 -3.2548e+00
3607 +7.703165688e-02 +7.703165688e-02 +6.870316569e-01 +6.870316569e-01 +9.5620e-01 +2.1242e+00 -3.2484e+00
4210 +6.774409652e-02 +6.774409652e-02 +6.777440965e-01 +6.777440965e-01 +9.5673e-01 +2.1233e+00 -3.2477e+00
4760 +6.259183701e-02 +6.259183701e-02 +6.725918370e-01 +6.725918370e-01 +9.5434e-01 +2.1253e+00 -3.2515e+00
7181 +6.155334242e-02 +6.155334242e-02 +6.715533424e-01 +6.715533424e-01 +9.5427e-01 +2.1253e+00 -3.2516e+00
% function evaluation | noise-free fitness - Fopt (-8.634400000000e+02) | best noise-free fitness - Fopt | measured fitness | best measured fitness | x1 | x2...
1 +1.711007409e+01 +1.711007409e+01 -8.463299259e+02 -8.463299259e+02 +0.0000e+00 +0.0000e+00 +0.0000e+00
31 +7.697096699e+00 +7.697096699e+00 -8.557429033e+02 -8.557429033e+02 -1.0751e+00 -1.7102e+00 +1.3111e+00
33 +4.525697402e+00 +4.525697402e+00 -8.589143026e+02 -8.589143026e+02 -1.4612e+00 -1.3968e+00 +1.5428e+00
176 +2.760664046e+00 +2.760664046e+00 -8.606793360e+02 -8.606793360e+02 -2.0900e+00 -1.5978e+00 +1.4850e+00
283 +2.310667484e+00 +2.310667484e+00 -8.611293325e+02 -8.611293325e+02 -2.9600e+00 -2.1732e+00 +1.8617e+00
385 +2.084133369e+00 +2.084133369e+00 -8.613558666e+02 -8.613558666e+02 -3.9740e+00 -3.2267e+00 +2.3997e+00
412 +1.674212820e+00 +1.674212820e+00 -8.617657872e+02 -8.617657872e+02 -3.8726e+00 -3.1474e+00 +2.2048e+00
434 +1.655989094e+00 +1.655989094e+00 -8.617840109e+02 -8.617840109e+02 -3.6698e+00 -2.8033e+00 +2.2474e+00
503 +1.387034678e+00 +1.387034678e+00 -8.620529653e+02 -8.620529653e+02 -4.2586e+00 -3.1625e+00 +2.3001e+00
663 +6.280831638e-01 +6.280831638e-01 -8.628119168e+02 -8.628119168e+02 -3.3987e+00 -2.6439e+00 +2.0731e+00
705 +5.535405358e-01 +5.535405358e-01 -8.628864595e+02 -8.628864595e+02 -3.8660e+00 -2.8943e+00 +2.2166e+00
967 +3.187920789e-01 +3.187920789e-01 -8.631212079e+02 -8.631212079e+02 -3.6772e+00 -2.8166e+00 +2.1531e+00
1069 +1.623491793e-01 +1.623491793e-01 -8.632776508e+02 -8.632776508e+02 -3.7292e+00 -2.8183e+00 +2.1678e+00
1119 +1.068025306e-01 +1.068025306e-01 -8.633331975e+02 -8.633331975e+02 -3.7593e+00 -2.8441e+00 +2.1816e+00
1433 +9.844596934e-02 +9.844596934e-02 -8.633415540e+02 -8.633415540e+02 -3.7548e+00 -2.8573e+00 +2.1871e+00
1490 +9.083337690e-02 +9.083337690e-02 -8.633491666e+02 -8.633491666e+02 -3.7068e+00 -2.8119e+00 +2.1654e+00
1608 +8.118346403e-02 +8.118346403e-02 -8.633588165e+02 -8.633588165e+02 -3.7621e+00 -2.8548e+00 +2.1820e+00
1618 +6.077539175e-02 +6.077539175e-02 -8.633792246e+02 -8.633792246e+02 -3.7710e+00 -2.8623e+00 +2.1879e+00
1826 +2.786457546e-02 +2.786457546e-02 -8.634121354e+02 -8.634121354e+02 -3.7747e+00 -2.8535e+00 +2.1833e+00
2328 +1.811245494e-02 +1.811245494e-02 -8.634218875e+02 -8.634218875e+02 -3.7945e+00 -2.8639e+00 +2.1865e+00
2358 +1.690749285e-02 +1.690749285e-02 -8.634230925e+02 -8.634230925e+02 -3.7957e+00 -2.8719e+00 +2.1910e+00
2562 +1.246555530e-02 +1.246555530e-02 -8.634275344e+02 -8.634275344e+02 -3.7893e+00 -2.8629e+00 +2.1873e+00
2986 +7.102341132e-03 +7.102341132e-03 -8.634328977e+02 -8.634328977e+02 -3.7888e+00 -2.8630e+00 +2.1865e+00
3064 +5.113836751e-03 +5.113836751e-03 -8.634348862e+02 -8.634348862e+02 -3.7905e+00 -2.8648e+00 +2.1871e+00
3134 +2.377412820e-03 +2.377412820e-03 -8.634376226e+02 -8.634376226e+02 -3.7884e+00 -2.8630e+00 +2.1862e+00
3311 +1.092471434e-03 +1.092471434e-03 -8.634389075e+02 -8.634389075e+02 -3.7893e+00 -2.8637e+00 +2.1866e+00
3395 +9.649092510e-04 +9.649092510e-04 -8.634390351e+02 -8.634390351e+02 -3.7898e+00 -2.8639e+00 +2.1867e+00
5611 +9.400274437e-04 +9.400274437e-04 -8.634390600e+02 -8.634390600e+02 -3.7865e+00 -2.8616e+00 +2.1857e+00
5743 +9.252559942e-04 +9.252559942e-04 -8.634390747e+02 -8.634390747e+02 -3.7865e+00 -2.8616e+00 +2.1857e+00
5936 +9.105324898e-04 +9.105324898e-04 -8.634390895e+02 -8.634390895e+02 -3.7864e+00 -2.8616e+00 +2.1857e+00
6299 +8.883028695e-04 +8.883028695e-04 -8.634391117e+02 -8.634391117e+02 -3.7865e+00 -2.8616e+00 +2.1857e+00
6369 +8.375160023e-04 +8.375160023e-04 -8.634391625e+02 -8.634391625e+02 -3.7865e+00 -2.8616e+00 +2.1857e+00
6379 +8.304211910e-04 +8.304211910e-04 -8.634391696e+02 -8.634391696e+02 -3.7865e+00 -2.8616e+00 +2.1857e+00
6633 +8.050694970e-04 +8.050694970e-04 -8.634391949e+02 -8.634391949e+02 -3.7864e+00 -2.8616e+00 +2.1857e+00
7366 +7.832541910e-04 +7.832541910e-04 -8.634392167e+02 -8.634392167e+02 -3.7864e+00 -2.8616e+00 +2.1857e+00
8426 +7.734496675e-04 +7.734496675e-04 -8.634392266e+02 -8.634392266e+02 -3.7864e+00 -2.8616e+00 +2.1857e+00
9975 +7.583862234e-04 +7.583862234e-04 -8.634392416e+02 -8.634392416e+02 -3.7864e+00 -2.8616e+00 +2.1857e+00
% function evaluation | noise-free fitness - Fopt (1.318500000000e+02) | best noise-free fitness - Fopt | measured fitness | best measured fitness | x1 | x2...
1 +4.213821929e+01 +4.213821929e+01 +1.739882193e+02 +1.739882193e+02 +0.0000e+00 +0.0000e+00 +0.0000e+00
7 +1.701863984e+01 +1.701863984e+01 +1.488686398e+02 +1.488686398e+02 -1.0382e+00 -1.2514e+00 +1.0066e+00
18 +1.661982934e+01 +1.661982934e+01 +1.484698293e+02 +1.484698293e+02 -9.7825e-01 -6.0895e-01 +2.9107e+00
40 +7.258832260e+00 +7.258832260e+00 +1.391088323e+02 +1.391088323e+02 +1.2695e-01 -3.3713e+00 +7.5428e-01
102 +5.935716703e+00 +5.935716703e+00 +1.377857167e+02 +1.377857167e+02 -4.4751e-02 +1.2528e+00 +1.6089e+00
105 +4.152436192e+00 +4.152436192e+00 +1.360024362e+02 +1.360024362e+02 -1.2705e-01 +1.3030e+00 +2.2103e+00
108 +3.812613306e+00 +3.812613306e+00 +1.356626133e+02 +1.356626133e+02 +2.8617e-01 +1.3534e+00 +1.5294e+00
164 +2.713115435e+00 +2.713115435e+00 +1.345631154e+02 +1.345631154e+02 +1.5935e-01 +1.2774e+00 +1.5191e+00
562 +2.412063732e+00 +2.412063732e+00 +1.342620637e+02 +1.342620637e+02 +1.9225e-01 +1.8467e+00 +1.8882e+00
693 +8.874800571e-01 +8.874800571e-01 +1.327374801e+02 +1.327374801e+02 -7.9587e-02 +1.8681e-01 +1.7026e+00
963 +8.654874534e-01 +8.654874534e-01 +1.327154875e+02 +1.327154875e+02 -1.4086e-01 -2.3898e-01 +1.7235e+00
1032 +8.487107520e-01 +8.487107520e-01 +1.326987108e+02 +1.326987108e+02 -7.7682e-02 -1.0967e-01 +1.6712e+00
1083 +5.350549067e-01 +5.350549067e-01 +1.323850549e+02 +1.323850549e+02 -2.7287e-02 +2.0574e-01 +1.6804e+00
1111 +3.174159193e-01 +3.174159193e-01 +1.321674159e+02 +1.321674159e+02 -4.9842e-02 +6.0239e-02 +1.6827e+00
1612 +1.970732906e-01 +1.970732906e-01 +1.320470733e+02 +1.320470733e+02 -2.6332e-03 +2.1697e-01 +1.7182e+00
1906 +1.581784534e-01 +1.581784534e-01 +1.320081785e+02 +1.320081785e+02 -3.9565e-02 +4.5452e-02 +1.7061e+00
1976 +1.313727770e-01 +1.313727770e-01 +1.319813728e+02 +1.319813728e+02 -4.7922e-02 +5.5589e-02 +1.7161e+00
2492 +9.436348865e-02 +9.436348865e-02 +1.319443635e+02 +1.319443635e+02 -2.8112e-02 +1.0215e-01 +1.7072e+00
2644 +9.021773643e-02 +9.021773643e-02 +1.319402177e+02 +1.319402177e+02 -3.5860e-02 +6.9004e-02 +1.7039e+00
2706 +6.078237590e-02 +6.078237590e-02 +1.319107824e+02 +1.319107824e+02 -2.3511e-02 +1.2064e-01 +1.7168e+00
2780 +2.747995113e-02 +2.747995113e-02 +1.318774800e+02 +1.318774800e+02 -1.6559e-02 +1.6526e-01 +1.7147e+00
3200 +1.745181571e-02 +1.745181571e-02 +1.318674518e+02 +1.318674518e+02 -1.6880e-02 +1.5131e-01 +1.7138e+00
3435 +8.579898555e-03 +8.579898555e-03 +1.318585799e+02 +1.318585799e+02 -1.7601e-02 +1.5094e-01 +1.7132e+00
3657 +7.762049978e-03 +7.762049978e-03 +1.318577620e+02 +1.318577620e+02 -1.6601e-02 +1.6032e-01 +1.7142e+00
4067 +7.116189310e-03 +7.116189310e-03 +1.318571162e+02 +1.318571162e+02 -1.9228e-02 +1.4531e-01 +1.7139e+00
4116 +6.645757237e-03 +6.645757237e-03 +1.318566458e+02 +1.318566458e+02 -1.7372e-02 +1.5493e-01 +1.7136e+00
4551 +3.877642603e-03 +3.877642603e-03 +1.318538776e+02 +1.318538776e+02 -1.6807e-02 +1.6050e-01 +1.7142e+00
4585 +3.701642634e-03 +3.701642634e-03 +1.318537016e+02 +1.318537016e+02 -1.7158e-02 +1.5687e-01 +1.7138e+00
4660 +3.361776432e-03 +3.361776432e-03 +1.318533618e+02 +1.318533618e+02 -1.7767e-02 +1.5320e-01 +1.7140e+00
4664 +2.169142997e-03 +2.169142997e-03 +1.318521691e+02 +1.318521691e+02 -1.7841e-02 +1.5212e-01 +1.7137e+00
4767 +1.643881653e-03 +1.643881653e-03 +1.318516439e+02 +1.318516439e+02 -1.7545e-02 +1.5386e-01 +1.7137e+00
4917 +1.013792051e-03 +1.013792051e-03 +1.318510138e+02 +1.318510138e+02 -1.7502e-02 +1.5301e-01 +1.7135e+00
5129 +7.048459946e-04 +7.048459946e-04 +1.318507048e+02 +1.318507048e+02 -1.7597e-02 +1.5291e-01 +1.7135e+00
5150 +6.124705118e-04 +6.124705118e-04 +1.318506125e+02 +1.318506125e+02 -1.7617e-02 +1.5298e-01 +1.7136e+00
5158 +5.969382505e-04 +5.969382505e-04 +1.318505969e+02 +1.318505969e+02 -1.7505e-02 +1.5371e-01 +1.7137e+00
5312 +4.262416060e-04 +4.262416060e-04 +1.318504262e+02 +1.318504262e+02 -1.7589e-02 +1.5299e-01 +1.7137e+00
5704 +3.377676144e-04 +3.377676144e-04 +1.318503378e+02 +1.318503378e+02 -1.7611e-02 +1.5282e-01 +1.7136e+00
5790 +2.689026800e-04 +2.689026800e-04 +1.318502689e+02 +1.318502689e+02 -1.7614e-02 +1.5262e-01 +1.7136e+00
5822 +2.445062198e-04 +2.445062198e-04 +1.318502445e+02 +1.318502445e+02 -1.7585e-02 +1.5299e-01 +1.7136e+00
6063 +1.480343410e-04 +1.480343410e-04 +1.318501480e+02 +1.318501480e+02 -1.7622e-02 +1.5264e-01 +1.7136e+00
6079 +1.318098186e-04 +1.318098186e-04 +1.318501318e+02 +1.318501318e+02 -1.7630e-02 +1.5260e-01 +1.7136e+00
6225 +1.043764842e-04 +1.043764842e-04 +1.318501044e+02 +1.318501044e+02 -1.7607e-02 +1.5274e-01 +1.7136e+00
6499 +5.798169565e-05 +5.798169565e-05 +1.318500580e+02 +1.318500580e+02 -1.7598e-02 +1.5279e-01 +1.7136e+00
6556 +3.285614110e-05 +3.285614110e-05 +1.318500329e+02 +1.318500329e+02 -1.7599e-02 +1.5283e-01 +1.7136e+00
6817 +3.040667440e-05 +3.040667440e-05 +1.318500304e+02 +1.318500304e+02 -1.7599e-02 +1.5282e-01 +1.7136e+00
6826 +2.536995467e-05 +2.536995467e-05 +1.318500254e+02 +1.318500254e+02 -1.7597e-02 +1.5282e-01 +1.7136e+00
6936 +2.479193256e-05 +2.479193256e-05 +1.318500248e+02 +1.318500248e+02 -1.7599e-02 +1.5280e-01 +1.7136e+00
7098 +2.310410488e-05 +2.310410488e-05 +1.318500231e+02 +1.318500231e+02 -1.7598e-02 +1.5281e-01 +1.7136e+00
7286 +2.195734371e-05 +2.195734371e-05 +1.318500220e+02 +1.318500220e+02 -1.7601e-02 +1.5279e-01 +1.7136e+00
7355 +1.261444123e-05 +1.261444123e-05 +1.318500126e+02 +1.318500126e+02 -1.7601e-02 +1.5279e-01 +1.7136e+00
7664 +7.516358977e-06 +7.516358977e-06 +1.318500075e+02 +1.318500075e+02 -1.7600e-02 +1.5280e-01 +1.7136e+00
7793 +2.804697488e-06 +2.804697488e-06 +1.318500028e+02 +1.318500028e+02 -1.7600e-02 +1.5280e-01 +1.7136e+00
8064 +1.982956320e-06 +1.982956320e-06 +1.318500020e+02 +1.318500020e+02 -1.7600e-02 +1.5280e-01 +1.7136e+00
8125 +7.147722556e-07 +7.147722556e-07 +1.318500007e+02 +1.318500007e+02 -1.7600e-02 +1.5280e-01 +1.7136e+00
8300 +5.575629416e-07 +5.575629416e-07 +1.318500006e+02 +1.318500006e+02 -1.7600e-02 +1.5280e-01 +1.7136e+00
8735 +3.762038432e-07 +3.762038432e-07 +1.318500004e+02 +1.318500004e+02 -1.7600e-02 +1.5280e-01 +1.7136e+00
9401 +3.668371846e-07 +3.668371846e-07 +1.318500004e+02 +1.318500004e+02 -1.7600e-02 +1.5280e-01 +1.7136e+00
9466 +2.214725043e-07 +2.214725043e-07 +1.318500002e+02 +1.318500002e+02 -1.7600e-02 +1.5280e-01 +1.7136e+00
9482 +1.707725801e-07 +1.707725801e-07 +1.318500002e+02 +1.318500002e+02 -1.7600e-02 +1.5280e-01 +1.7136e+00
9824 +1.648093075e-07 +1.648093075e-07 +1.318500002e+02 +1.318500002e+02 -1.7600e-02 +1.5280e-01 +1.7136e+00
9879 +1.298847394e-07 +1.298847394e-07 +1.318500001e+02 +1.318500001e+02 -1.7600e-02 +1.5280e-01 +1.7136e+00
9944 +1.196968356e-07 +1.196968356e-07 +1.318500001e+02 +1.318500001e+02 -1.7600e-02 +1.5280e-01 +1.7136e+00
10053 +1.149813613e-07 +1.149813613e-07 +1.318500001e+02 +1.318500001e+02 -1.7600e-02 +1.5280e-01 +1.7136e+00
10158 +1.015541500e-07 +1.015541500e-07 +1.318500001e+02 +1.318500001e+02 -1.7600e-02 +1.5280e-01 +1.7136e+00
10218 +7.944612435e-08 +7.944612435e-08 +1.318500001e+02 +1.318500001e+02 -1.7600e-02 +1.5280e-01 +1.7136e+00
10254 +6.507826811e-08 +6.507826811e-08 +1.318500001e+02 +1.318500001e+02 -1.7600e-02 +1.5280e-01 +1.7136e+00
10398 +4.811380450e-08 +4.811380450e-08 +1.318500000e+02 +1.318500000e+02 -1.7600e-02 +1.5280e-01 +1.7136e+00
10542 +4.045324431e-08 +4.045324431e-08 +1.318500000e+02 +1.318500000e+02 -1.7600e-02 +1.5280e-01 +1.7136e+00
10744 +2.442553182e-08 +2.442553182e-08 +1.318500000e+02 +1.318500000e+02 -1.7600e-02 +1.5280e-01 +1.7136e+00
10805 +8.726431133e-09 +8.726431133e-09 +1.318500000e+02 +1.318500000e+02 -1.7600e-02 +1.5280e-01 +1.7136e+00
16618 +0.000000000e+00 +0.000000000e+00 +1.318500000e+02 +1.318500000e+02 -1.7600e-02 +1.5280e-01 +1.7136e+00
