% function evaluation | noise-free fitness - Fopt (7.135000000000e+01) | best noise-free fitness - Fopt | measured fitness | best measured fitness | x1 | x2...
1 +1.205674855e+02 +1.205674855e+02 +1.919174855e+02 +1.919174855e+02 +0.0000e+00 +0.0000e+00 +0.0000e+00 +0.0000e+00 +0.0000e+00
2 +1.154703696e+02 +1.154703696e+02 +1.868203696e+02 +1.868203696e+02 +1.0734e+00 +3.1140e+00 +2.3644e-01 -1.8077e-01 +3.1270e+00
3 +1.103688887e+02 +1.103688887e+02 +1.817188887e+02 +1.817188887e+02 +5.7096e-01 -6.3758e+00 +5.8159e-02 -8.2194e-01 -4.5700e+00
5 +6.979171570e+01 +6.979171570e+01 +1.411417157e+02 +1.411417157e+02 -9.8193e-01 +7.1817e+00 +5.5694e-01 +2.0821e-01 +2.2557e+00
8 +3.004236831e+01 +3.004236831e+01 +1.013923683e+02 +1.013923683e+02 +5.7674e-01 -5.8355e+00 +6.0765e-01 -1.0132e+00 -3.0132e+00
11 +2.261281221e+01 +2.261281221e+01 +9.396281221e+01 +9.396281221e+01 +1.0497e+00 -1.6444e+00 -5.4073e-01 -1.3080e+00 -1.7756e+00
49 +1.497367651e+01 +1.497367651e+01 +8.632367651e+01 +8.632367651e+01 -1.7753e+00 -2.0479e+00 -1.5285e+00 +4.9795e-01 -5.3988e+00
112 +1.033356027e+01 +1.033356027e+01 +8.168356027e+01 +8.168356027e+01 -2.3680e+00 -2.6642e+00 -4.3669e+00 +5.0374e-01 -3.3945e+00
1396 +7.719160644e+00 +7.719160644e+00 +7.906916064e+01 +7.906916064e+01 -2.0080e+00 -1.2181e+00 +6.3999e+00 -1.5135e+00 -5.1152e+00
1841 +4.641103774e+00 +4.641103774e+00 +7.599110377e+01 +7.599110377e+01 -2.1803e+00 +1.8511e-01 +3.5104e+00 -3.8308e+00 -5.4126e+00
1978 +3.402223182e+00 +3.402223182e+00 +7.475222318e+01 +7.475222318e+01 -2.2092e+00 -1.4283e-02 +3.7925e+00 -3.8045e+00 -5.6245e+00
1984 +2.302128516e+00 +2.302128516e+00 +7.365212852e+01 +7.365212852e+01 -2.3700e+00 -1.0928e-01 +3.9837e+00 -3.5504e+00 -5.4611e+00
2006 +1.841897387e+00 +1.841897387e+00 +7.319189739e+01 +7.319189739e+01 -2.5911e+00 +3.8470e-02 +3.7665e+00 -3.9108e+00 -5.1320e+00
2284 +1.509989260e+00 +1.509989260e+00 +7.285998926e+01 +7.285998926e+01 -2.2943e+00 +3.6526e-02 +3.7751e+00 -4.1266e+00 -5.4252e+00
2580 +9.000979399e-01 +9.000979399e-01 +7.225009794e+01 +7.225009794e+01 -2.4891e+00 -4.4194e-02 +3.8464e+00 -4.0768e+00 -5.2497e+00
2629 +8.377811071e-01 +8.377811071e-01 +7.218778111e+01 +7.218778111e+01 -2.7310e+00 -1.0761e-02 +3.8689e+00 -4.0113e+00 -5.0953e+00
3135 +7.020213857e-01 +7.020213857e-01 +7.205202139e+01 +7.205202139e+01 -2.4820e+00 -4.2102e-02 +3.7798e+00 -3.9655e+00 -5.3066e+00
3191 +5.899428399e-01 +5.899428399e-01 +7.193994284e+01 +7.193994284e+01 -2.4539e+00 -1.6626e-02 +3.7952e+00 -4.1448e+00 -5.3504e+00
3225 +5.634698070e-01 +5.634698070e-01 +7.191346981e+01 +7.191346981e+01 -2.5636e+00 -6.3175e-02 +3.8552e+00 -4.1650e+00 -5.1734e+00
3231 +5.237957322e-01 +5.237957322e-01 +7.187379573e+01 +7.187379573e+01 -2.4930e+00 -8.6900e-02 +3.8351e+00 -4.0541e+00 -5.2680e+00
3278 +4.670954712e-01 +4.670954712e-01 +7.181709547e+01 +7.181709547e+01 -2.5696e+00 -6.0708e-03 +3.8709e+00 -4.2762e+00 -5.2805e+00
3349 +3.693704182e-01 +3.693704182e-01 +7.171937042e+01 +7.171937042e+01 -2.5323e+00 -3.6915e-02 +3.8724e+00 -4.0809e+00 -5.2774e+00
3577 +2.134735258e-01 +2.134735258e-01 +7.156347353e+01 +7.156347353e+01 -2.6999e+00 -5.1892e-02 +3.9040e+00 -4.0825e+00 -5.1516e+00
3580 +2.026932205e-01 +2.026932205e-01 +7.155269322e+01 +7.155269322e+01 -2.6783e+00 -2.3121e-02 +3.8404e+00 -4.0765e+00 -5.1444e+00
3624 +1.455867600e-01 +1.455867600e-01 +7.149558676e+01 +7.149558676e+01 -2.6273e+00 -6.1512e-02 +3.9102e+00 -4.1607e+00 -5.2106e+00
3725 +1.414885429e-01 +1.414885429e-01 +7.149148854e+01 +7.149148854e+01 -2.6430e+00 -3.8139e-02 +3.9067e+00 -4.2527e+00 -5.2094e+00
3876 +1.094649413e-01 +1.094649413e-01 +7.145946494e+01 +7.145946494e+01 -2.6445e+00 -5.3541e-02 +3.9092e+00 -4.1383e+00 -5.2127e+00
4188 +1.035295345e-01 +1.035295345e-01 +7.145352953e+01 +7.145352953e+01 -2.6676e+00 -3.3610e-02 +3.9141e+00 -4.2258e+00 -5.1721e+00
4304 +1.011038726e-01 +1.011038726e-01 +7.145110387e+01 +7.145110387e+01 -2.6715e+00 -5.6477e-02 +3.9330e+00 -4.1991e+00 -5.1981e+00
4473 +9.226870066e-02 +9.226870066e-02 +7.144226870e+01 +7.144226870e+01 -2.6495e+00 -4.6673e-02 +3.9111e+00 -4.1812e+00 -5.1999e+00
5353 +9.094471624e-02 +9.094471624e-02 +7.144094472e+01 +7.144094472e+01 -2.6456e+00 -4.4498e-02 +3.9029e+00 -4.1690e+00 -5.2072e+00
5378 +8.820448384e-02 +8.820448384e-02 +7.143820448e+01 +7.143820448e+01 -2.6519e+00 -4.5974e-02 +3.9034e+00 -4.1606e+00 -5.2003e+00
5672 +8.662578573e-02 +8.662578573e-02 +7.143662579e+01 +7.143662579e+01 -2.6549e+00 -4.9012e-02 +3.9051e+00 -4.1489e+00 -5.1991e+00
5732 +8.497864491e-02 +8.497864491e-02 +7.143497864e+01 +7.143497864e+01 -2.6522e+00 -4.7166e-02 +3.9000e+00 -4.1546e+00 -5.2004e+00
6222 +8.240637293e-02 +8.240637293e-02 +7.143240637e+01 +7.143240637e+01 -2.6542e+00 -4.7642e-02 +3.9023e+00 -4.1561e+00 -5.1991e+00
9323 +8.114610752e-02 +8.114610752e-02 +7.143114611e+01 +7.143114611e+01 -2.6558e+00 -4.6661e-02 +3.9053e+00 -4.1662e+00 -5.1974e+00
% function evaluation | noise-free fitness - Fopt (-3.552200000000e+02) | best noise-free fitness - Fopt | measured fitness | best measured fitness | x1 | x2...
1 +1.380502722e+02 +1.380502722e+02 -2.171697278e+02 -2.171697278e+02 +0.0000e+00 +0.0000e+00 +0.0000e+00 +0.0000e+00 +0.0000e+00
2 +6.190394552e+01 +6.190394552e+01 -2.933160545e+02 -2.933160545e+02 -2.4908e+00 -1.2177e+00 -7.2470e-01 -2.9007e+00 -3.1860e+00
3 +2.974669512e+01 +2.974669512e+01 -3.254733049e+02 -3.254733049e+02 +1.5509e+00 +3.0047e+00 +1.2462e+00 +2.6272e+00 +2.3312e+00
25 +2.876735698e+01 +2.876735698e+01 -3.264526430e+02 -3.264526430e+02 +3.0795e+00 +6.6193e+00 +1.1733e+00 +3.1379e+00 +4.0104e+00
31 +2.466207447e+01 +2.466207447e+01 -3.305579255e+02 -3.305579255e+02 +7.6617e-01 +3.1948e+00 +2.5414e+00 +1.9573e+00 +2.4560e+00
160 +2.118265432e+01 +2.118265432e+01 -3.340373457e+02 -3.340373457e+02 -1.0564e+00 -1.8075e+00 +1.4504e+00 +1.8165e+00 -1.3567e+00
177 +1.443399546e+01 +1.443399546e+01 -3.407860045e+02 -3.407860045e+02 -1.7033e+00 -3.3971e+00 +1.5534e+00 +2.3724e+00 -1.6520e+00
196 +1.389617601e+01 +1.389617601e+01 -3.413238240e+02 -3.413238240e+02 -8.2700e-01 -3.3721e+00 +1.5529e+00 +1.0754e+00 -3.0059e+00
247 +8.067865558e+00 +8.067865558e+00 -3.471521344e+02 -3.471521344e+02 -5.4460e-01 -4.1086e+00 +3.3206e+00 -2.2967e+00 -2.6195e+00
1271 +5.358474677e+00 +5.358474677e+00 -3.498615253e+02 -3.498615253e+02 -4.5399e+00 +5.4517e+00 +3.6192e+00 -6.0003e-01 -3.3694e+00
3736 +4.774836425e+00 +4.774836425e+00 -3.504451636e+02 -3.504451636e+02 -4.1020e+00 +5.7939e+00 +3.9634e+00 -6.2151e-01 -5.7913e+00
4206 +4.428482511e+00 +4.428482511e+00 -3.507915175e+02 -3.507915175e+02 -3.9314e+00 +5.6608e+00 +3.8332e+00 -6.6214e-01 -5.6965e+00
4397 +4.107978003e+00 +4.107978003e+00 -3.511120220e+02 -3.511120220e+02 -4.0668e+00 +5.7325e+00 +3.9346e+00 -5.8200e-01 -5.7983e+00
4406 +4.072090817e+00 +4.072090817e+00 -3.511479092e+02 -3.511479092e+02 -4.0810e+00 +5.7220e+00 +3.9582e+00 -5.6829e-01 -5.7999e+00
4437 +3.897305252e+00 +3.897305252e+00 -3.513226947e+02 -3.513226947e+02 -4.0994e+00 +5.7553e+00 +3.9429e+00 -5.2302e-01 -5.8391e+00
4554 +3.519061470e+00 +3.519061470e+00 -3.517009385e+02 -3.517009385e+02 -4.0866e+00 +5.7511e+00 +3.9474e+00 -5.5203e-01 -5.8177e+00
6255 +3.429520643e+00 +3.429520643e+00 -3.517904794e+02 -3.517904794e+02 -4.0842e+00 +5.7441e+00 +3.9495e+00 -5.4321e-01 -5.8157e+00
6809 +3.376887681e+00 +3.376887681e+00 -3.518431123e+02 -3.518431123e+02 -4.0865e+00 +5.7504e+00 +3.9567e+00 -5.5149e-01 -5.8126e+00
6938 +3.253092588e+00 +3.253092588e+00 -3.519669074e+02 -3.519669074e+02 -4.0826e+00 +5.7475e+00 +3.9488e+00 -5.5422e-01 -5.8130e+00
7576 +3.225559776e+00 +3.225559776e+00 -3.519944402e+02 -3.519944402e+02 -4.0859e+00 +5.7534e+00 +3.9477e+00 -5.5959e-01 -5.8104e+00
8768 +3.155573471e+00 +3.155573471e+00 -3.520644265e+02 -3.520644265e+02 -4.0828e+00 +5.7474e+00 +3.9495e+00 -5.5668e-01 -5.8106e+00
% function evaluation | noise-free fitness - Fopt (9.917000000000e+01) | best noise-free fitness - Fopt | measured fitness | best measured fitness | x1 | x2...
1 +1.990461148e+02 +1.990461148e+02 +2.982161148e+02 +2.982161148e+02 +0.0000e+00 +0.0000e+00 +0.0000e+00 +0.0000e+00 +0.0000e+00
2 +1.409890674e+02 +1.409890674e+02 +2.401590674e+02 +2.401590674e+02 -2.1084e+00 -2.5613e+00 -3.7573e+00 -4.2089e+00 -2.4350e+00
3 +9.437984859e+01 +9.437984859e+01 +1.935498486e+02 +1.935498486e+02 -7.2665e-01 -1.8013e+00 -7.9384e-01 -3.7990e-01 -1.6412e+00
4 +3.549018236e+01 +3.549018236e+01 +1.346601824e+02 +1.346601824e+02 -1.2798e+00 -2.0512e+00 -3.0652e+00 -6.8227e-01 -1.4552e+00
8 +2.063034535e+01 +2.063034535e+01 +1.198003454e+02 +1.198003454e+02 -1.1076e+00 +1.8569e-01 -5.5465e-01 -9.7342e-01 +1.4844e+00
112 +1.663888547e+01 +1.663888547e+01 +1.158088855e+02 +1.158088855e+02 -2.5731e+00 -1.9317e+00 -1.7830e+00 -4.3539e-01 +2.4976e-01
392 +1.336611112e+01 +1.336611112e+01 +1.125361111e+02 +1.125361111e+02 +4.1216e+00 -3.8872e+00 -6.1083e+00 -5.0632e+00 -2.3055e+00
520 +1.203166835e+01 +1.203166835e+01 +1.112016683e+02 +1.112016683e+02 +4.9466e+00 -5.8719e+00 -5.4418e+00 -5.0543e+00 +5.8026e-01
1147 +8.038387941e+00 +8.038387941e+00 +1.072083879e+02 +1.072083879e+02 +4.6294e+00 -5.3283e+00 -5.6598e+00 -1.2526e+00 -3.2165e-01
1666 +7.066140838e+00 +7.066140838e+00 +1.062361408e+02 +1.062361408e+02 +4.3843e+00 -4.2174e+00 -7.4969e-01 -3.6670e+00 -4.6300e+00
1720 +2.977906714e+00 +2.977906714e+00 +1.021479067e+02 +1.021479067e+02 +4.2898e+00 -3.9054e+00 -1.1275e+00 -3.5753e+00 -4.7667e+00
1797 +2.798158443e+00 +2.798158443e+00 +1.019681584e+02 +1.019681584e+02 +4.2562e+00 -4.0631e+00 -1.3937e+00 -3.8973e+00 -4.6696e+00
1909 +1.406526253e+00 +1.406526253e+00 +1.005765263e+02 +1.005765263e+02 +4.2371e+00 -4.0332e+00 -7.3019e-01 -3.9420e+00 -4.7409e+00
2693 +1.187544729e+00 +1.187544729e+00 +1.003575447e+02 +1.003575447e+02 +4.0576e+00 -3.8432e+00 -1.1046e+00 -4.0632e+00 -4.5652e+00
2808 +1.155256668e+00 +1.155256668e+00 +1.003252567e+02 +1.003252567e+02 +3.9838e+00 -3.7612e+00 -1.0055e+00 -3.9995e+00 -4.6290e+00
2955 +9.458683910e-01 +9.458683910e-01 +1.001158684e+02 +1.001158684e+02 +4.0472e+00 -3.7913e+00 -1.3375e+00 -3.9341e+00 -4.4768e+00
2995 +8.608134954e-01 +8.608134954e-01 +1.000308135e+02 +1.000308135e+02 +4.0856e+00 -3.7551e+00 -1.5367e+00 -3.7543e+00 -4.4281e+00
3023 +5.220430976e-01 +5.220430976e-01 +9.969204310e+01 +9.969204310e+01 +4.1009e+00 -3.8144e+00 -1.4122e+00 -3.8140e+00 -4.5259e+00
3051 +3.225025740e-01 +3.225025740e-01 +9.949250257e+01 +9.949250257e+01 +4.1404e+00 -3.8813e+00 -1.2372e+00 -3.8327e+00 -4.5362e+00
3224 +1.223461505e-01 +1.223461505e-01 +9.929234615e+01 +9.929234615e+01 +4.1222e+00 -3.8415e+00 -1.3613e+00 -3.8644e+00 -4.5221e+00
3788 +2.690092143e-02 +2.690092143e-02 +9.919690092e+01 +9.919690092e+01 +4.1930e+00 -3.9132e+00 -1.2622e+00 -3.8159e+00 -4.5608e+00
4640 +1.979427707e-02 +1.979427707e-02 +9.918979428e+01 +9.918979428e+01 +4.1750e+00 -3.8821e+00 -1.3068e+00 -3.8253e+00 -4.5543e+00
4793 +1.670062455e-02 +1.670062455e-02 +9.918670062e+01 +9.918670062e+01 +4.1866e+00 -3.8948e+00 -1.2580e+00 -3.8323e+00 -4.5604e+00
4890 +1.310834079e-02 +1.310834079e-02 +9.918310834e+01 +9.918310834e+01 +4.1893e+00 -3.9016e+00 -1.3035e+00 -3.8090e+00 -4.5585e+00
4940 +1.198435365e-02 +1.198435365e-02 +9.918198435e+01 +9.918198435e+01 +4.1962e+00 -3.9066e+00 -1.2723e+00 -3.8210e+00 -4.5692e+00
5108 +1.120845705e-02 +1.120845705e-02 +9.918120846e+01 +9.918120846e+01 +4.1909e+00 -3.9036e+00 -1.2454e+00 -3.8420e+00 -4.5638e+00
5361 +4.311951270e-03 +4.311951270e-03 +9.917431195e+01 +9.917431195e+01 +4.2000e+00 -3.9051e+00 -1.2767e+00 -3.8268e+00 -4.5678e+00
5592 +2.224703647e-03 +2.224703647e-03 +9.917222470e+01 +9.917222470e+01 +4.1962e+00 -3.9026e+00 -1.2684e+00 -3.8287e+00 -4.5673e+00
5707 +1.955729424e-03 +1.955729424e-03 +9.917195573e+01 +9.917195573e+01 +4.1939e+00 -3.9013e+00 -1.2721e+00 -3.8317e+00 -4.5653e+00
6000 +1.427602311e-03 +1.427602311e-03 +9.917142760e+01 +9.917142760e+01 +4.1882e+00 -3.8973e+00 -1.2670e+00 -3.8330e+00 -4.5639e+00
6077 +5.473323537e-04 +5.473323537e-04 +9.917054733e+01 +9.917054733e+01 +4.1870e+00 -3.8942e+00 -1.2765e+00 -3.8360e+00 -4.5623e+00
6623 +4.809801004e-04 +4.809801004e-04 +9.917048098e+01 +9.917048098e+01 +4.1859e+00 -3.8976e+00 -1.2712e+00 -3.8408e+00 -4.5625e+00
6686 +2.767139268e-04 +2.767139268e-04 +9.917027671e+01 +9.917027671e+01 +4.1845e+00 -3.8951e+00 -1.2761e+00 -3.8354e+00 -4.5605e+00
6701 +1.027335126e-04 +1.027335126e-04 +9.917010273e+01 +9.917010273e+01 +4.1863e+00 -3.8951e+00 -1.2791e+00 -3.8347e+00 -4.5612e+00
7271 +6.144529286e-05 +6.144529286e-05 +9.917006145e+01 +9.917006145e+01 +4.1850e+00 -3.8949e+00 -1.2770e+00 -3.8360e+00 -4.5611e+00
7382 +4.977995920e-05 +4.977995920e-05 +9.917004978e+01 +9.917004978e+01 +4.1856e+00 -3.8946e+00 -1.2788e+00 -3.8339e+00 -4.5609e+00
7401 +1.475845760e-05 +1.475845760e-05 +9.917001476e+01 +9.917001476e+01 +4.1861e+00 -3.8950e+00 -1.2795e+00 -3.8341e+00 -4.5614e+00
8812 +6.140792394e-06 +6.140792394e-06 +9.917000614e+01 +9.917000614e+01 +4.1859e+00 -3.8953e+00 -1.2776e+00 -3.8348e+00 -4.5612e+00
8866 +1.485250948e-06 +1.485250948e-06 +9.917000149e+01 +9.917000149e+01 +4.1858e+00 -3.8951e+00 -1.2782e+00 -3.8347e+00 -4.5611e+00
8923 +1.211547783e-06 +1.211547783e-06 +9.917000121e+01 +9.917000121e+01 +4.1857e+00 -3.8950e+00 -1.2782e+00 -3.8348e+00 -4.5610e+00
9335 +2.794185008e-07 +2.794185008e-07 +9.917000028e+01 +9.917000028e+01 +4.1857e+00 -3.8950e+00 -1.2784e+00 -3.8347e+00 -4.5610e+00
9826 +2.312505956e-07 +2.312505956e-07 +9.917000023e+01 +9.917000023e+01 +4.1858e+00 -3.8951e+00 -1.2784e+00 -3.8345e+00 -4.5610e+00
10109 +1.558841802e-07 +1.558841802e-07 +9.917000016e+01 +9.917000016e+01 +4.1857e+00 -3.8950e+00 -1.2786e+00 -3.8346e+00 -4.5610e+00
10284 +1.340015103e-07 +1.340015103e-07 +9.917000013e+01 +9.917000013e+01 +4.1858e+00 -3.8951e+00 -1.2784e+00 -3.8346e+00 -4.5610e+00
10519 +4.694230427e-08 +4.694230427e-08 +9.917000005e+01 +9.917000005e+01 +4.1857e+00 -3.8950e+00 -1.2785e+00 -3.8346e+00 -4.5610e+00
10965 +3.880454358e-08 +3.880454358e-08 +9.917000004e+01 +9.917000004e+01 +4.1857e+00 -3.8950e+00 -1.2785e+00 -3.8345e+00 -4.5610e+00
10983 +3.727868148e-08 +3.727868148e-08 +9.917000004e+01 +9.917000004e+01 +4.1857e+00 -3.8950e+00 -1.2785e+00 -3.8346e+00 -4.5610e+00
11145 +3.343936328e-08 +3.343936328e-08 +9.917000003e+01 +9.917000003e+01 +4.1857e+00 -3.8950e+00 -1.2784e+00 -3.8346e+00 -4.5610e+00
11155 +1.439782693e-08 +1.439782693e-08 +9.917000001e+01 +9.917000001e+01 +4.1857e+00 -3.8950e+00 -1.2784e+00 -3.8346e+00 -4.5610e+00
11171 +1.202889166e-08 +1.202889166e-08 +9.917000001e+01 +9.917000001e+01 +4.1857e+00 -3.8950e+00 -1.2784e+00 -3.8346e+00 -4.5610e+00
11235 +1.014112172e-08 +1.014112172e-08 +9.917000001e+01 +9.917000001e+01 +4.1857e+00 -3.8950e+00 -1.2784e+00 -3.8346e+00 -4.5610e+00
11461 +8.394252404e-09 +8.394252404e-09 +9.917000001e+01 +9.917000001e+01 +4.1857e+00 -3.8950e+00 -1.2784e+00 -3.8346e+00 -4.5610e+00
14270 +0.000000000e+00 +0.000000000e+00 +9.917000000e+01 +9.917000000e+01 +4.1857e+00 -3.8950e+00 -1.2785e+00 -3.8346e+00 -4.5610e+00
% function evaluation | noise-free fitness - Fopt (-5.179100000000e+02) | best noise-free fitness - Fopt | measured fitness | best measured fitness | x1 | x2...
1 +7.971953023e+01 +7.971953023e+01 -4.381904698e+02 -4.381904698e+02 +0.0000e+00 +0.0000e+00 +0.0000e+00 +0.0000e+00 +0.0000e+00
9 +7.270197244e+01 +7.270197244e+01 -4.452080276e+02 -4.452080276e+02 +2.7775e+00 +1.5273e-02 +8.7191e-01 +8.3962e-01 +1.2407e+00
10 +3.271673394e+01 +3.271673394e+01 -4.851932661e+02 -4.851932661e+02 -4.6612e-02 +9.5157e-01 +5.6657e-01 -1.2005e-01 +3.2326e+00
18 +2.064429310e+01 +2.064429310e+01 -4.972657069e+02 -4.972657069e+02 -4.7213e-02 +1.2836e+00 +8.3839e-02 -3.9089e-01 +2.9767e+00
163 +9.268512234e+00 +9.268512234e+00 -5.086414878e+02 -5.086414878e+02 -4.1160e+00 -1.6735e+00 +1.4716e+00 +1.4319e+00 +3.4166e+00
1080 +4.286965229e+00 +4.286965229e+00 -5.136230348e+02 -5.136230348e+02 -2.9873e+00 +6.9834e-01 -2.7639e+00 +1.8540e+00 -2.9072e+00
2576 +3.459267342e+00 +3.459267342e+00 -5.144507327e+02 -5.144507327e+02 -3.3235e+00 -8.1626e-01 -2.6501e+00 -5.6412e+00 -4.6381e+00
2599 +2.102548694e+00 +2.102548694e+00 -5.158074513e+02 -5.158074513e+02 -3.1492e+00 -6.6246e-01 -2.7933e+00 -5.1964e+00 -4.6693e+00
3138 +1.441994466e+00 +1.441994466e+00 -5.164680055e+02 -5.164680055e+02 -3.1366e+00 -6.6346e-01 -2.7172e+00 -5.4049e+00 -4.5836e+00
3150 +8.173513323e-01 +8.173513323e-01 -5.170926487e+02 -5.170926487e+02 -3.3169e+00 -8.7037e-01 -2.7460e+00 -5.1048e+00 -4.6395e+00
3901 +4.983666340e-01 +4.983666340e-01 -5.174116334e+02 -5.174116334e+02 -3.2951e+00 -6.6516e-01 -2.9019e+00 -5.2293e+00 -4.6276e+00
4251 +4.432691952e-01 +4.432691952e-01 -5.174667308e+02 -5.174667308e+02 -3.2236e+00 -7.0378e-01 -2.8580e+00 -5.3415e+00 -4.5911e+00
4491 +3.502579009e-01 +3.502579009e-01 -5.175597421e+02 -5.175597421e+02 -3.2890e+00 -6.8465e-01 -2.8954e+00 -5.2085e+00 -4.6674e+00
4502 +3.222788867e-01 +3.222788867e-01 -5.175877211e+02 -5.175877211e+02 -3.2382e+00 -6.2579e-01 -2.9337e+00 -5.2738e+00 -4.6320e+00
4828 +2.783130193e-01 +2.783130193e-01 -5.176316870e+02 -5.176316870e+02 -3.2597e+00 -7.4486e-01 -2.8995e+00 -5.2001e+00 -4.6357e+00
4845 +2.135274880e-01 +2.135274880e-01 -5.176964725e+02 -5.176964725e+02 -3.2552e+00 -7.4775e-01 -2.9016e+00 -5.1875e+00 -4.6517e+00
5202 +1.836474603e-01 +1.836474603e-01 -5.177263525e+02 -5.177263525e+02 -3.3391e+00 -7.8946e-01 -2.8180e+00 -5.2380e+00 -4.6339e+00
5531 +1.669144449e-01 +1.669144449e-01 -5.177430856e+02 -5.177430856e+02 -3.3302e+00 -8.0927e-01 -2.8380e+00 -5.2121e+00 -4.6163e+00
6043 +1.649268107e-01 +1.649268107e-01 -5.177450732e+02 -5.177450732e+02 -3.2505e+00 -7.8586e-01 -2.8924e+00 -5.1944e+00 -4.6148e+00
6199 +1.493781176e-01 +1.493781176e-01 -5.177606219e+02 -5.177606219e+02 -3.2550e+00 -7.7922e-01 -2.9060e+00 -5.1846e+00 -4.6185e+00
6288 +1.333075036e-01 +1.333075036e-01 -5.177766925e+02 -5.177766925e+02 -3.2398e+00 -7.5268e-01 -2.8990e+00 -5.2087e+00 -4.6236e+00
6519 +1.217385206e-01 +1.217385206e-01 -5.177882615e+02 -5.177882615e+02 -3.2442e+00 -7.6647e-01 -2.9048e+00 -5.1887e+00 -4.6218e+00
7290 +1.158888681e-01 +1.158888681e-01 -5.177941111e+02 -5.177941111e+02 -3.2468e+00 -7.6410e-01 -2.8954e+00 -5.2077e+00 -4.6253e+00
7412 +1.136188490e-01 +1.136188490e-01 -5.177963812e+02 -5.177963812e+02 -3.2458e+00 -7.6306e-01 -2.8942e+00 -5.2102e+00 -4.6259e+00
8118 +1.102507166e-01 +1.102507166e-01 -5.177997493e+02 -5.177997493e+02 -3.2453e+00 -7.6046e-01 -2.8926e+00 -5.2157e+00 -4.6281e+00
9174 +1.096348919e-01 +1.096348919e-01 -5.178003651e+02 -5.178003651e+02 -3.2486e+00 -7.6731e-01 -2.8911e+00 -5.2104e+00 -4.6259e+00
10132 +1.071496797e-01 +1.071496797e-01 -5.178028503e+02 -5.178028503e+02 -3.2488e+00 -7.6765e-01 -2.8917e+00 -5.2104e+00 -4.6256e+00
12501 +1.046363626e-01 +1.046363626e-01 -5.178053636e+02 -5.178053636e+02 -3.2487e+00 -7.6756e-01 -2.8914e+00 -5.2104e+00 -4.6256e+00
% function evaluation | noise-free fitness - Fopt (-5.721000000000e+01) | best noise-free fitness - Fopt | measured fitness | best measured fitness | x1 | x2...
1 +1.005348962e+02 +1.005348962e+02 +4.332489617e+01 +4.332489617e+01 +0.0000e+00 +0.0000e+00 +0.0000e+00 +0.0000e+00 +0.0000e+00
3 +6.046172034e+01 +6.046172034e+01 +3.251720344e+00 +3.251720344e+00 +1.7243e-01 -1.9530e-01 +6.8479e-01 +2.8971e+00 +3.6693e+00
14 +2.486780375e+01 +2.486780375e+01 -3.234219625e+01 -3.234219625e+01 -1.7073e-01 -1.9364e+00 -4.7050e-01 +3.5891e+00 +4.1388e+00
70 +2.267170971e+01 +2.267170971e+01 -3.453829029e+01 -3.453829029e+01 -1.1901e+00 -1.5165e+00 +9.7825e-01 -4.0267e-01 -5.5090e-01
72 +1.479866532e+01 +1.479866532e+01 -4.241133468e+01 -4.241133468e+01 -6.3425e-02 -5.5419e-01 +1.2686e+00 +2.0671e-02 -2.9015e-01
178 +1.468267848e+01 +1.468267848e+01 -4.252732152e+01 -4.252732152e+01 +1.0205e+00 +6.7437e-02 +2.6618e+00 +2.2860e-01 -2.0028e+00
568 +2.345500624e+00 +2.345500624e+00 -5.486449938e+01 -5.486449938e+01 +4.8330e-01 +3.5964e+00 -4.3169e+00 -1.9367e+00 -5.4020e+00
% function evaluation | noise-free fitness - Fopt (-1.000000000000e+03) | best noise-free fitness - Fopt | measured fitness | best measured fitness | x1 | x2...
1 +4.672527583e+01 +4.672527583e+01 -9.532747242e+02 -9.532747242e+02 +0.0000e+00 +0.0000e+00 +0.0000e+00 +0.0000e+00 +0.0000e+00
7 +2.404601808e+01 +2.404601808e+01 -9.759539819e+02 -9.759539819e+02 +1.5251e+00 +1.1670e+00 +2.5555e+00 +7.2828e-01 +9.5199e-01
32 +1.302675874e+01 +1.302675874e+01 -9.869732413e+02 -9.869732413e+02 +3.9526e+00 +4.5709e+00 +4.5146e+00 +5.3544e-01 +5.1254e-02
77 +1.042051054e+01 +1.042051054e+01 -9.895794895e+02 -9.895794895e+02 +4.5994e+00 +1.7589e+00 +2.7224e+00 -8.9123e-01 -6.6677e-01
109 +8.929779883e+00 +8.929779883e+00 -9.910702201e+02 -9.910702201e+02 +4.2229e+00 +2.9330e+00 +4.6994e-01 -3.0510e+00 +1.3025e+00
470 +6.418484934e+00 +6.418484934e+00 -9.935815151e+02 -9.935815151e+02 -7.7790e-01 +3.9952e+00 +3.6559e+00 -9.0494e-02 +3.9692e+00
521 +4.774041410e+00 +4.774041410e+00 -9.952259586e+02 -9.952259586e+02 -2.3473e-02 -8.3932e-01 +3.6714e+00 +7.9727e-01 +4.7125e+00
3157 +3.828516028e+00 +3.828516028e+00 -9.961714840e+02 -9.961714840e+02 +5.8246e+00 +5.3761e-01 +4.1268e+00 +5.3556e+00 +4.7035e+00
3164 +3.740458468e+00 +3.740458468e+00 -9.962595415e+02 -9.962595415e+02 +6.0160e+00 +5.9778e-01 +4.1128e+00 +5.3359e+00 +4.7078e+00
3383 +3.387495912e+00 +3.387495912e+00 -9.966125041e+02 -9.966125041e+02 +6.0537e+00 +6.7952e-01 +3.9225e+00 +5.4500e+00 +4.4183e+00
3446 +3.195996323e+00 +3.195996323e+00 -9.968040037e+02 -9.968040037e+02 +5.7009e+00 +6.9418e-01 +4.0896e+00 +5.4794e+00 +4.5578e+00
3605 +2.797865115e+00 +2.797865115e+00 -9.972021349e+02 -9.972021349e+02 +5.8311e+00 +6.6116e-01 +4.0511e+00 +5.3780e+00 +4.5142e+00
3902 +2.711188358e+00 +2.711188358e+00 -9.972888116e+02 -9.972888116e+02 +5.8260e+00 +7.0483e-01 +4.0161e+00 +5.4001e+00 +4.4616e+00
3905 +2.591182496e+00 +2.591182496e+00 -9.974088175e+02 -9.974088175e+02 +5.9290e+00 +6.6495e-01 +4.0337e+00 +5.3604e+00 +4.5316e+00
3920 +2.185044810e+00 +2.185044810e+00 -9.978149552e+02 -9.978149552e+02 +5.7529e+00 +6.8525e-01 +4.0930e+00 +5.3508e+00 +4.4967e+00
4464 +1.966667346e+00 +1.966667346e+00 -9.980333327e+02 -9.980333327e+02 +5.7620e+00 +7.0878e-01 +4.0663e+00 +5.4271e+00 +4.4745e+00
4929 +1.602644568e+00 +1.602644568e+00 -9.983973554e+02 -9.983973554e+02 +5.6689e+00 +7.3579e-01 +4.0975e+00 +5.4377e+00 +4.3878e+00
5346 +1.509016649e+00 +1.509016649e+00 -9.984909834e+02 -9.984909834e+02 +5.6024e+00 +7.6792e-01 +4.1062e+00 +5.4814e+00 +4.3720e+00
5944 +1.360133423e+00 +1.360133423e+00 -9.986398666e+02 -9.986398666e+02 +5.6327e+00 +7.4926e-01 +4.1072e+00 +5.4509e+00 +4.3872e+00
7155 +1.334472531e+00 +1.334472531e+00 -9.986655275e+02 -9.986655275e+02 +5.6289e+00 +7.5399e-01 +4.1045e+00 +5.4626e+00 +4.3750e+00
8180 +1.313712813e+00 +1.313712813e+00 -9.986862872e+02 -9.986862872e+02 +5.6264e+00 +7.5601e-01 +4.1048e+00 +5.4629e+00 +4.3713e+00
% function evaluation | noise-free fitness - Fopt (-6.554000000000e+01) | best noise-free fitness - Fopt | measured fitness | best measured fitness | x1 | x2...
1 +6.219955573e+01 +6.219955573e+01 -3.340444274e+00 -3.340444274e+00 +0.0000e+00 +0.0000e+00 +0.0000e+00 +0.0000e+00 +0.0000e+00
11 +4.520060466e+01 +4.520060466e+01 -2.033939534e+01 -2.033939534e+01 -8.1226e-01 -1.6470e+00 +5.7284e-01 -6.3297e-01 +9.4156e-01
21 +4.179552114e+01 +4.179552114e+01 -2.374447886e+01 -2.374447886e+01 +3.1298e-01 -5.9031e-01 -1.7019e-01 +1.2758e+00 -1.5370e+00
23 +4.059625510e+01 +4.059625510e+01 -2.494374490e+01 -2.494374490e+01 -4.4939e-02 +2.9499e-01 -1.2612e+00 +1.8317e+00 +1.0839e+00
30 +3.549517403e+01 +3.549517403e+01 -3.004482597e+01 -3.004482597e+01 -1.1189e+00 +6.7629e-01 +1.1677e+00 +1.2735e+00 +1.5634e-01
31 +2.801602028e+01 +2.801602028e+01 -3.752397972e+01 -3.752397972e+01 +7.7054e-01 -2.6018e+00 +1.6335e+00 +2.4220e+00 -1.6258e+00
53 +2.016706775e+01 +2.016706775e+01 -4.537293225e+01 -4.537293225e+01 +1.0800e+00 -2.5789e+00 +1.4459e+00 +1.4433e+00 -3.7341e+00
58 +1.344414281e+01 +1.344414281e+01 -5.209585719e+01 -5.209585719e+01 +1.4058e+00 -2.0570e+00 +1.3191e+00 +1.1578e+00 -3.3575e+00
900 +1.097344176e+01 +1.097344176e+01 -5.456655824e+01 -5.456655824e+01 +3.0206e+00 -3.2836e+00 +1.4233e+00 -5.7530e+00 -1.9484e+00
1112 +6.285012537e+00 +6.285012537e+00 -5.925498746e+01 -5.925498746e+01 +3.5817e+00 -3.2417e+00 -1.6186e+00 -5.6765e+00 -2.3233e+00
1661 +5.750990629e+00 +5.750990629e+00 -5.978900937e+01 -5.978900937e+01 +3.0117e+00 +1.5096e+00 -1.6050e+00 -1.0795e+00 +1.3167e+00
2052 +3.688138628e+00 +3.688138628e+00 -6.185186137e+01 -6.185186137e+01 +3.6304e+00 +1.4299e+00 -7.4770e-01 -9.5860e-01 +1.3939e+00
2196 +1.871215643e+00 +1.871215643e+00 -6.366878436e+01 -6.366878436e+01 +3.6039e+00 +1.4605e+00 -8.7713e-01 -1.3022e+00 +1.5521e+00
2329 +1.588741207e+00 +1.588741207e+00 -6.395125879e+01 -6.395125879e+01 +3.5701e+00 +1.4390e+00 -6.3724e-01 -9.9992e-01 +1.2545e+00
3134 +1.335763193e+00 +1.335763193e+00 -6.420423681e+01 -6.420423681e+01 +3.6912e+00 +1.3716e+00 -7.6507e-01 -1.3825e+00 +1.3445e+00
3219 +1.083463700e+00 +1.083463700e+00 -6.445653630e+01 -6.445653630e+01 +3.6898e+00 +1.2482e+00 -5.2216e-01 -1.4461e+00 +1.3599e+00
3241 +4.332004532e-01 +4.332004532e-01 -6.510679955e+01 -6.510679955e+01 +3.5693e+00 +1.1432e+00 -6.4320e-01 -1.4315e+00 +1.1808e+00
3593 +3.992196248e-01 +3.992196248e-01 -6.514078038e+01 -6.514078038e+01 +3.4848e+00 +9.1643e-01 -6.3115e-01 -1.5834e+00 +9.9408e-01
3610 +2.429141467e-01 +2.429141467e-01 -6.529708585e+01 -6.529708585e+01 +3.4070e+00 +9.0969e-01 -6.6841e-01 -1.6089e+00 +9.2816e-01
3616 +1.372957898e-01 +1.372957898e-01 -6.540270421e+01 -6.540270421e+01 +3.4252e+00 +9.1902e-01 -4.9123e-01 -1.6276e+00 +9.2850e-01
3924 +5.177551703e-02 +5.177551703e-02 -6.548822448e+01 -6.548822448e+01 +3.3573e+00 +9.5377e-01 -6.0892e-01 -1.5932e+00 +8.9412e-01
4725 +3.488912168e-02 +3.488912168e-02 -6.550511088e+01 -6.550511088e+01 +3.3926e+00 +9.3784e-01 -6.0924e-01 -1.6028e+00 +9.2927e-01
4734 +2.521868569e-02 +2.521868569e-02 -6.551478131e+01 -6.551478131e+01 +3.4195e+00 +9.4783e-01 -5.9960e-01 -1.6010e+00 +9.5619e-01
4982 +2.117189071e-02 +2.117189071e-02 -6.551882811e+01 -6.551882811e+01 +3.4212e+00 +9.6981e-01 -6.3685e-01 -1.5577e+00 +9.7866e-01
4997 +1.190796632e-02 +1.190796632e-02 -6.552809203e+01 -6.552809203e+01 +3.4054e+00 +9.5922e-01 -5.9621e-01 -1.5830e+00 +9.4206e-01
5675 +9.232069229e-03 +9.232069229e-03 -6.553076793e+01 -6.553076793e+01 +3.4406e+00 +9.6912e-01 -6.0803e-01 -1.5595e+00 +9.8412e-01
5807 +8.850310173e-03 +8.850310173e-03 -6.553114969e+01 -6.553114969e+01 +3.4342e+00 +9.6814e-01 -6.1048e-01 -1.5541e+00 +9.7965e-01
5878 +7.308046365e-03 +7.308046365e-03 -6.553269195e+01 -6.553269195e+01 +3.4329e+00 +9.7311e-01 -6.0518e-01 -1.5597e+00 +9.7608e-01
5977 +6.615924450e-03 +6.615924450e-03 -6.553338408e+01 -6.553338408e+01 +3.4206e+00 +9.5556e-01 -6.2368e-01 -1.5672e+00 +9.5971e-01
5997 +6.579341193e-03 +6.579341193e-03 -6.553342066e+01 -6.553342066e+01 +3.4018e+00 +9.4877e-01 -6.1530e-01 -1.5819e+00 +9.4186e-01
6022 +5.651846145e-03 +5.651846145e-03 -6.553434815e+01 -6.553434815e+01 +3.4043e+00 +9.4455e-01 -6.0968e-01 -1.5863e+00 +9.3737e-01
6044 +1.676655333e-03 +1.676655333e-03 -6.553832334e+01 -6.553832334e+01 +3.4089e+00 +9.4738e-01 -6.0110e-01 -1.5826e+00 +9.4509e-01
6363 +1.622570606e-03 +1.622570606e-03 -6.553837743e+01 -6.553837743e+01 +3.4098e+00 +9.4375e-01 -6.0492e-01 -1.5858e+00 +9.4603e-01
6423 +1.462378049e-03 +1.462378049e-03 -6.553853762e+01 -6.553853762e+01 +3.4163e+00 +9.5064e-01 -6.0927e-01 -1.5773e+00 +9.5177e-01
6434 +1.363353608e-03 +1.363353608e-03 -6.553863665e+01 -6.553863665e+01 +3.4150e+00 +9.5337e-01 -6.0947e-01 -1.5731e+00 +9.5232e-01
6499 +6.306419983e-04 +6.306419983e-04 -6.553936936e+01 -6.553936936e+01 +3.4121e+00 +9.5119e-01 -6.0712e-01 -1.5784e+00 +9.4946e-01
6523 +4.842992197e-04 +4.842992197e-04 -6.553951570e+01 -6.553951570e+01 +3.4096e+00 +9.5061e-01 -6.0417e-01 -1.5798e+00 +9.4639e-01
6897 +4.540867440e-04 +4.540867440e-04 -6.553954591e+01 -6.553954591e+01 +3.4125e+00 +9.4705e-01 -6.0619e-01 -1.5792e+00 +9.5016e-01
6917 +4.343122354e-04 +4.343122354e-04 -6.553956569e+01 -6.553956569e+01 +3.4125e+00 +9.4729e-01 -6.0558e-01 -1.5803e+00 +9.4940e-01
6950 +1.973811129e-04 +1.973811129e-04 -6.553980262e+01 -6.553980262e+01 +3.4137e+00 +9.5054e-01 -6.0310e-01 -1.5791e+00 +9.5118e-01
7052 +1.216711132e-04 +1.216711132e-04 -6.553987833e+01 -6.553987833e+01 +3.4142e+00 +9.4908e-01 -6.0499e-01 -1.5787e+00 +9.5180e-01
7568 +4.732901033e-06 +4.732901033e-06 -6.553999527e+01 -6.553999527e+01 +3.4147e+00 +9.5057e-01 -6.0486e-01 -1.5781e+00 +9.5235e-01
8931 +3.325463069e-06 +3.325463069e-06 -6.553999667e+01 -6.553999667e+01 +3.4145e+00 +9.5046e-01 -6.0505e-01 -1.5783e+00 +9.5201e-01
8982 +3.058353030e-06 +3.058353030e-06 -6.553999694e+01 -6.553999694e+01 +3.4143e+00 +9.5053e-01 -6.0505e-01 -1.5781e+00 +9.5185e-01
8994 +1.340001376e-06 +1.340001376e-06 -6.553999866e+01 -6.553999866e+01 +3.4144e+00 +9.5057e-01 -6.0490e-01 -1.5782e+00 +9.5191e-01
9187 +1.385222106e-07 +1.385222106e-07 -6.553999986e+01 -6.553999986e+01 +3.4144e+00 +9.5050e-01 -6.0494e-01 -1.5782e+00 +9.5191e-01
10426 +7.455618345e-08 +7.455618345e-08 -6.553999993e+01 -6.553999993e+01 +3.4145e+00 +9.5053e-01 -6.0497e-01 -1.5781e+00 +9.5203e-01
10508 +3.563914674e-08 +3.563914674e-08 -6.553999996e+01 -6.553999996e+01 +3.4144e+00 +9.5050e-01 -6.0493e-01 -1.5782e+00 +9.5199e-01
10772 +2.970182322e-08 +2.970182322e-08 -6.553999997e+01 -6.553999997e+01 +3.4144e+00 +9.5053e-01 -6.0493e-01 -1.5782e+00 +9.5201e-01
10906 +2.151044498e-08 +2.151044498e-08 -6.553999998e+01 -6.553999998e+01 +3.4144e+00 +9.5055e-01 -6.0496e-01 -1.5781e+00 +9.5199e-01
11917 +1.898681035e-08 +1.898681035e-08 -6.553999998e+01 -6.553999998e+01 +3.4144e+00 +9.5052e-01 -6.0494e-01 -1.5781e+00 +9.5200e-01
11949 +5.782936796e-09 +5.782936796e-09 -6.553999999e+01 -6.553999999e+01 +3.4144e+00 +9.5054e-01 -6.0495e-01 -1.5781e+00 +9.5199e-01
13855 +0.000000000e+00 +0.000000000e+00 -6.554000000e+01 -6.554000000e+01 +3.4145e+00 +9.5056e-01 -6.0495e-01 -1.5781e+00 +9.5203e-01
% function evaluation | noise-free fitness - Fopt (-2.375000000000e+01) | best noise-free fitness - Fopt | measured fitness | best measured fitness | x1 | x2...
1 +1.083546752e+02 +1.083546752e+02 +8.460467518e+01 +8.460467518e+01 +0.0000e+00 +0.0000e+00 +0.0000e+00 +0.0000e+00 +0.0000e+00
2 +7.235064386e+01 +7.235064386e+01 +4.860064386e+01 +4.860064386e+01 +1.6495e+00 +1.9890e+00 -9.1453e-02 +2.2545e+00 -2.0270e+00
4 +3.705420017e+01 +3.705420017e+01 +1.330420017e+01 +1.330420017e+01 -9.5226e-01 +8.2297e-01 -5.6527e-01 +1.0366e+00 -5.8125e-03
9 +3.146346911e+01 +3.146346911e+01 +7.713469114e+00 +7.713469114e+00 +2.1422e+00 +6.1675e-01 -3.9423e-03 +1.4972e+00 -2.1843e-01
13 +3.062001366e+01 +3.062001366e+01 +6.870013662e+00 +6.870013662e+00 +1.4275e+00 +1.2360e+00 -7.7467e-01 +5.9713e-01 +2.4414e-01
43 +1.393445349e+01 +1.393445349e+01 -9.815546513e+00 -9.815546513e+00 +1.9939e+00 +2.5228e+00 -9.1158e-01 +6.0315e-01 +4.3711e-01
75 +9.055161462e+00 +9.055161462e+00 -1.469483854e+01 -1.469483854e+01 +1.1141e+00 +1.3551e+00 +3.1587e-01 +9.1275e-01 -3.1413e-01
997 +7.519845931e+00 +7.519845931e+00 -1.623015407e+01 -1.623015407e+01 -4.9253e+00 +4.6042e+00 +2.3874e+00 +8.6396e-01 +1.2452e+00
1036 +1.468311550e+00 +1.468311550e+00 -2.228168845e+01 -2.228168845e+01 -4.7943e+00 +4.5354e+00 +2.3097e+00 +7.5438e-01 +1.5028e+00
% function evaluation | noise-free fitness - Fopt (3.513000000000e+01) | best noise-free fitness - Fopt | measured fitness | best measured fitness | x1 | x2...
1 +1.031865279e+02 +1.031865279e+02 +1.383165279e+02 +1.383165279e+02 +0.0000e+00 +0.0000e+00 +0.0000e+00 +0.0000e+00 +0.0000e+00
2 +4.314204233e+01 +4.314204233e+01 +7.827204233e+01 +7.827204233e+01 +6.0972e+00 +8.0745e-01 +5.8571e+00 +4.9736e+00 +2.5847e+00
11 +4.110787213e+01 +4.110787213e+01 +7.623787213e+01 +7.623787213e+01 -3.1363e+00 -8.3252e-02 -1.7182e+00 -2.7201e+00 -2.3695e+00
13 +3.146872379e+01 +3.146872379e+01 +6.659872379e+01 +6.659872379e+01 -4.0962e+00 -1.0483e-01 -2.8658e+00 -4.3685e+00 -9.1243e-01
35 +2.852750624e+01 +2.852750624e+01 +6.365750624e+01 +6.365750624e+01 -4.8073e+00 +1.0945e+00 -2.1498e+00 -5.3163e+00 -1.3315e+00
41 +9.544460282e+00 +9.544460282e+00 +4.467446028e+01 +4.467446028e+01 -3.9511e+00 -3.5205e-01 -2.7575e+00 -4.3491e+00 -1.4663e+00
394 +9.055810481e+00 +9.055810481e+00 +4.418581048e+01 +4.418581048e+01 -1.7340e+00 -2.7092e+00 +1.3810e+00 -9.1504e-02 -1.7065e+00
406 +4.664659608e+00 +4.664659608e+00 +3.979465961e+01 +3.979465961e+01 -1.4161e+00 -2.8938e+00 +1.0061e+00 +3.5585e-01 -2.0275e+00
1327 +3.667684054e+00 +3.667684054e+00 +3.879768405e+01 +3.879768405e+01 +4.4136e+00 -3.4481e+00 +5.6687e+00 -3.7539e+00 -4.5275e+00
1878 +3.532101795e+00 +3.532101795e+00 +3.866210180e+01 +3.866210180e+01 +3.0232e+00 -2.6866e-01 +5.1009e+00 -4.8053e+00 -3.3450e+00
1934 +1.942680373e+00 +1.942680373e+00 +3.707268037e+01 +3.707268037e+01 +2.9765e+00 -2.2009e-01 +5.0869e+00 -4.7726e+00 -3.4463e+00
2816 +1.840993138e+00 +1.840993138e+00 +3.697099314e+01 +3.697099314e+01 +3.7568e+00 +1.9227e-01 +5.0485e+00 -5.7387e+00 -2.5130e+00
2959 +1.574454464e+00 +1.574454464e+00 +3.670445446e+01 +3.670445446e+01 +3.7408e+00 +1.0119e-01 +4.9489e+00 -5.7126e+00 -2.7087e+00
3249 +1.379111907e+00 +1.379111907e+00 +3.650911191e+01 +3.650911191e+01 +3.8691e+00 -5.8843e-02 +4.9564e+00 -5.6230e+00 -2.7608e+00
3558 +1.250243611e+00 +1.250243611e+00 +3.638024361e+01 +3.638024361e+01 +3.8208e+00 -2.3820e-02 +4.9209e+00 -5.5721e+00 -2.7282e+00
3583 +1.180818070e+00 +1.180818070e+00 +3.631081807e+01 +3.631081807e+01 +3.9086e+00 -5.8247e-02 +4.9518e+00 -5.5730e+00 -2.7974e+00
3671 +1.155737743e+00 +1.155737743e+00 +3.628573774e+01 +3.628573774e+01 +3.9045e+00 -8.2539e-02 +4.9492e+00 -5.5459e+00 -2.7617e+00
3860 +9.334697527e-01 +9.334697527e-01 +3.606346975e+01 +3.606346975e+01 +3.8535e+00 -2.9796e-02 +4.9460e+00 -5.5947e+00 -2.7374e+00
4190 +9.215188703e-01 +9.215188703e-01 +3.605151887e+01 +3.605151887e+01 +3.8308e+00 -1.7419e-02 +4.9404e+00 -5.5914e+00 -2.7410e+00
4620 +9.089386236e-01 +9.089386236e-01 +3.603893862e+01 +3.603893862e+01 +3.8953e+00 -9.8336e-02 +4.9278e+00 -5.5443e+00 -2.7816e+00
5001 +8.667864205e-01 +8.667864205e-01 +3.599678642e+01 +3.599678642e+01 +3.8908e+00 -8.7251e-02 +4.9289e+00 -5.5503e+00 -2.7770e+00
5014 +8.170078461e-01 +8.170078461e-01 +3.594700785e+01 +3.594700785e+01 +3.8907e+00 -1.0128e-01 +4.9219e+00 -5.5465e+00 -2.7877e+00
5099 +8.013358174e-01 +8.013358174e-01 +3.593133582e+01 +3.593133582e+01 +3.8827e+00 -8.1978e-02 +4.9287e+00 -5.5565e+00 -2.7789e+00
5354 +7.882743651e-01 +7.882743651e-01 +3.591827437e+01 +3.591827437e+01 +3.8879e+00 -9.1221e-02 +4.9264e+00 -5.5511e+00 -2.7854e+00
5677 +7.651825263e-01 +7.651825263e-01 +3.589518253e+01 +3.589518253e+01 +3.8874e+00 -9.1501e-02 +4.9246e+00 -5.5503e+00 -2.7826e+00
6169 +7.551343284e-01 +7.551343284e-01 +3.588513433e+01 +3.588513433e+01 +3.8901e+00 -9.5082e-02 +4.9238e+00 -5.5477e+00 -2.7877e+00
6377 +7.389027152e-01 +7.389027152e-01 +3.586890272e+01 +3.586890272e+01 +3.8863e+00 -9.0973e-02 +4.9242e+00 -5.5516e+00 -2.7844e+00
7016 +7.238327292e-01 +7.238327292e-01 +3.585383273e+01 +3.585383273e+01 +3.8884e+00 -9.2968e-02 +4.9236e+00 -5.5511e+00 -2.7885e+00
8973 +7.075228609e-01 +7.075228609e-01 +3.583752286e+01 +3.583752286e+01 +3.8880e+00 -9.2940e-02 +4.9238e+00 -5.5507e+00 -2.7868e+00
% function evaluation | noise-free fitness - Fopt (-7.982000000000e+01) | best noise-free fitness - Fopt | measured fitness | best measured fitness | x1 | x2...
1 +5.763519936e+01 +5.763519936e+01 -2.218480064e+01 -2.218480064e+01 +0.0000e+00 +0.0000e+00 +0.0000e+00 +0.0000e+00 +0.0000e+00
4 +4.538193927e+01 +4.538193927e+01 -3.443806073e+01 -3.443806073e+01 -2.8614e+00 -3.2476e-01 +4.6760e-01 -2.1215e+00 +8.3613e-01
6 +3.772878351e+01 +3.772878351e+01 -4.209121649e+01 -4.209121649e+01 -6.9540e-01 -9.0449e-01 -5.5409e-03 -6.6652e-01 +1.2284e+00
24 +3.433197105e+01 +3.433197105e+01 -4.548802895e+01 -4.548802895e+01 -1.1982e+00 -2.1563e+00 +4.2258e-02 -1.3119e+00 +2.0718e+00
66 +3.305671306e+01 +3.305671306e+01 -4.676328694e+01 -4.676328694e+01 -1.5449e+00 -2.3549e+00 -1.6097e+00 -2.4044e+00 +4.0179e+00
73 +2.993330213e+01 +2.993330213e+01 -4.988669787e+01 -4.988669787e+01 -1.7730e+00 -3.9049e+00 +1.2565e+00 -1.5954e+00 +3.5390e+00
79 +2.771702989e+01 +2.771702989e+01 -5.210297011e+01 -5.210297011e+01 +1.2597e-01 -1.5486e+00 -3.2074e+00 -1.9710e+00 +5.2485e+00
120 +1.974240467e+01 +1.974240467e+01 -6.007759533e+01 -6.007759533e+01 +2.0748e+00 -2.5945e+00 -3.1078e+00 +6.0501e-01 +2.9031e+00
165 +1.242580565e+01 +1.242580565e+01 -6.739419435e+01 -6.739419435e+01 +1.4630e+00 -6.1678e-01 -3.3129e+00 +1.4002e+00 +1.8720e+00
208 +1.063024522e+01 +1.063024522e+01 -6.918975478e+01 -6.918975478e+01 +1.0931e+00 -2.2380e+00 -4.0358e+00 -5.8237e-01 +3.6769e+00
303 +8.032706413e+00 +8.032706413e+00 -7.178729359e+01 -7.178729359e+01 +4.8363e+00 -3.5329e-01 -3.1880e+00 +1.6169e+00 +3.4142e+00
2322 +7.853634469e+00 +7.853634469e+00 -7.196636553e+01 -7.196636553e+01 -2.2036e+00 -6.5409e+00 -2.6962e+00 +3.3794e+00 +5.5940e+00
2750 +7.196644577e+00 +7.196644577e+00 -7.262335542e+01 -7.262335542e+01 -2.5866e+00 -6.4037e+00 -1.8944e+00 +4.3458e+00 +5.6266e+00
2842 +6.275473090e+00 +6.275473090e+00 -7.354452691e+01 -7.354452691e+01 -2.5387e+00 -6.3347e+00 -1.8267e+00 +4.1486e+00 +5.6546e+00
3649 +6.126950046e+00 +6.126950046e+00 -7.369304995e+01 -7.369304995e+01 -2.4937e+00 -6.5022e+00 -1.9336e+00 +4.1420e+00 +5.6142e+00
4299 +5.996363404e+00 +5.996363404e+00 -7.382363660e+01 -7.382363660e+01 -2.4667e+00 -6.5002e+00 -1.9475e+00 +4.1306e+00 +5.5999e+00
4416 +5.860258603e+00 +5.860258603e+00 -7.395974140e+01 -7.395974140e+01 -2.4803e+00 -6.5114e+00 -1.9354e+00 +4.1523e+00 +5.5983e+00
5521 +5.740344489e+00 +5.740344489e+00 -7.407965551e+01 -7.407965551e+01 -2.4700e+00 -6.5073e+00 -1.9445e+00 +4.1457e+00 +5.5988e+00
8171 +5.617669802e+00 +5.617669802e+00 -7.420233020e+01 -7.420233020e+01 -2.4744e+00 -6.5085e+00 -1.9380e+00 +4.1461e+00 +5.6031e+00
% function evaluation | noise-free fitness - Fopt (1.925800000000e+02) | best noise-free fitness - Fopt | measured fitness | best measured fitness | x1 | x2...
1 +3.068868514e+02 +3.068868514e+02 +4.994668514e+02 +4.994668514e+02 +0.0000e+00 +0.0000e+00 +0.0000e+00 +0.0000e+00 +0.0000e+00
2 +9.491619808e+00 +9.491619808e+00 +2.020716198e+02 +2.020716198e+02 +2.6188e+00 +2.7788e-01 -1.0853e+00 +2.6348e-01 -7.8790e-01
1171 +7.335682778e+00 +7.335682778e+00 +1.999156828e+02 +1.999156828e+02 -1.6916e+00 +5.9870e+00 -2.2738e+00 -4.5494e+00 +3.5105e+00
1463 +6.419716135e+00 +6.419716135e+00 +1.989997161e+02 +1.989997161e+02 -5.9280e-01 +5.1947e+00 -1.7048e+00 -3.3958e+00 +1.6199e+00
1515 +4.417613436e+00 +4.417613436e+00 +1.969976134e+02 +1.969976134e+02 -1.7951e-01 +4.9407e+00 -2.1146e+00 -3.5117e+00 +1.6443e+00
1726 +2.837604755e+00 +2.837604755e+00 +1.954176048e+02 +1.954176048e+02 -6.1767e-01 +5.9824e+00 -2.2468e+00 -3.6012e+00 +1.0870e+00
2378 +2.703818156e+00 +2.703818156e+00 +1.952838182e+02 +1.952838182e+02 -6.1301e-01 +5.5550e+00 -2.1680e+00 -3.5004e+00 +1.2769e+00
2428 +2.546929613e+00 +2.546929613e+00 +1.951269296e+02 +1.951269296e+02 -8.5127e-01 +5.5623e+00 -2.1255e+00 -3.3201e+00 +1.3692e+00
2573 +2.334823292e+00 +2.334823292e+00 +1.949148233e+02 +1.949148233e+02 -7.0730e-01 +5.8221e+00 -2.1981e+00 -3.4715e+00 +1.1713e+00
2614 +2.255320357e+00 +2.255320357e+00 +1.948353204e+02 +1.948353204e+02 -6.6904e-01 +5.9161e+00 -2.2362e+00 -3.5180e+00 +1.0868e+00
2644 +2.054949778e+00 +2.054949778e+00 +1.946349498e+02 +1.946349498e+02 -7.6609e-01 +5.8000e+00 -2.1934e+00 -3.6122e+00 +1.2130e+00
2981 +1.923755639e+00 +1.923755639e+00 +1.945037556e+02 +1.945037556e+02 -7.1023e-01 +5.6410e+00 -2.1224e+00 -3.6248e+00 +1.3276e+00
3300 +1.843992061e+00 +1.843992061e+00 +1.944239921e+02 +1.944239921e+02 -6.5431e-01 +5.7159e+00 -2.1824e+00 -3.5732e+00 +1.2719e+00
3367 +1.732212654e+00 +1.732212654e+00 +1.943122127e+02 +1.943122127e+02 -6.5542e-01 +5.7416e+00 -2.1662e+00 -3.5522e+00 +1.2701e+00
3855 +1.608907879e+00 +1.608907879e+00 +1.941889079e+02 +1.941889079e+02 -6.7654e-01 +5.7924e+00 -2.1958e+00 -3.5634e+00 +1.2202e+00
4547 +1.578935230e+00 +1.578935230e+00 +1.941589352e+02 +1.941589352e+02 -6.4216e-01 +5.7450e+00 -2.1928e+00 -3.5590e+00 +1.2411e+00
4921 +1.537747633e+00 +1.537747633e+00 +1.941177476e+02 +1.941177476e+02 -6.5867e-01 +5.8038e+00 -2.2006e+00 -3.5507e+00 +1.2065e+00
4998 +1.497941607e+00 +1.497941607e+00 +1.940779416e+02 +1.940779416e+02 -6.5351e-01 +5.7896e+00 -2.2041e+00 -3.5499e+00 +1.2090e+00
5155 +1.471930123e+00 +1.471930123e+00 +1.940519301e+02 +1.940519301e+02 -6.4351e-01 +5.7443e+00 -2.1958e+00 -3.5534e+00 +1.2293e+00
5474 +1.442698142e+00 +1.442698142e+00 +1.940226981e+02 +1.940226981e+02 -6.1348e-01 +5.6549e+00 -2.1837e+00 -3.5531e+00 +1.2609e+00
5496 +1.395535155e+00 +1.395535155e+00 +1.939755352e+02 +1.939755352e+02 -6.1353e-01 +5.6663e+00 -2.1867e+00 -3.5543e+00 +1.2597e+00
5848 +1.366736621e+00 +1.366736621e+00 +1.939467366e+02 +1.939467366e+02 -6.0412e-01 +5.6306e+00 -2.1820e+00 -3.5574e+00 +1.2748e+00
5928 +1.339277969e+00 +1.339277969e+00 +1.939192780e+02 +1.939192780e+02 -6.0495e-01 +5.6355e+00 -2.1814e+00 -3.5546e+00 +1.2705e+00
6291 +1.314373999e+00 +1.314373999e+00 +1.938943740e+02 +1.938943740e+02 -6.0441e-01 +5.6293e+00 -2.1810e+00 -3.5527e+00 +1.2729e+00
6973 +1.282282656e+00 +1.282282656e+00 +1.938622827e+02 +1.938622827e+02 -6.0259e-01 +5.6298e+00 -2.1810e+00 -3.5547e+00 +1.2724e+00
7768 +1.257155679e+00 +1.257155679e+00 +1.938371557e+02 +1.938371557e+02 -6.0310e-01 +5.6325e+00 -2.1819e+00 -3.5549e+00 +1.2710e+00
% function evaluation | noise-free fitness - Fopt (-2.684800000000e+02) | best noise-free fitness - Fopt | measured fitness | best measured fitness | x1 | x2...
1 +5.329528781e+01 +5.329528781e+01 -2.151847122e+02 -2.151847122e+02 +0.0000e+00 +0.0000e+00 +0.0000e+00 +0.0000e+00 +0.0000e+00
2 +4.560398434e+01 +4.560398434e+01 -2.228760157e+02 -2.228760157e+02 -6.5586e-01 -2.1702e+00 +2.2403e+00 +1.1214e+00 -9.3288e-01
11 +1.410033497e+01 +1.410033497e+01 -2.543796650e+02 -2.543796650e+02 -1.7986e+00 -4.8372e+00 -2.3104e-01 +5.2220e+00 +6.2297e-01
170 +6.530895228e+00 +6.530895228e+00 -2.619491048e+02 -2.619491048e+02 -4.2225e+00 -5.2122e+00 -1.1965e+00 +4.4310e+00 +6.9188e-01
736 +2.251825625e+00 +2.251825625e+00 -2.662281744e+02 -2.662281744e+02 -3.4240e+00 -2.8799e+00 +2.8608e+00 -4.5088e+00 +3.8295e+00
3652 +2.175610252e+00 +2.175610252e+00 -2.663043897e+02 -2.663043897e+02 -2.6096e+00 +2.0054e+00 -2.7981e-01 -5.8268e+00 +3.4905e+00
3863 +2.107708009e+00 +2.107708009e+00 -2.663722920e+02 -2.663722920e+02 -2.6365e+00 +1.9041e+00 -3.7679e-01 -5.8500e+00 +3.5277e+00
3883 +2.031850145e+00 +2.031850145e+00 -2.664481499e+02 -2.664481499e+02 -2.6472e+00 +1.9775e+00 -3.6029e-01 -5.7964e+00 +3.4839e+00
3954 +1.782570706e+00 +1.782570706e+00 -2.666974293e+02 -2.666974293e+02 -2.6766e+00 +1.9992e+00 -3.5128e-01 -5.7054e+00 +3.4672e+00
4152 +1.704170800e+00 +1.704170800e+00 -2.667758292e+02 -2.667758292e+02 -2.6206e+00 +1.9118e+00 -3.3983e-01 -5.8177e+00 +3.5208e+00
4493 +1.675042798e+00 +1.675042798e+00 -2.668049572e+02 -2.668049572e+02 -2.6419e+00 +1.9615e+00 -3.1065e-01 -5.7996e+00 +3.5204e+00
4655 +1.626150649e+00 +1.626150649e+00 -2.668538494e+02 -2.668538494e+02 -2.6121e+00 +1.9421e+00 -3.3826e-01 -5.8193e+00 +3.5007e+00
4852 +1.604751320e+00 +1.604751320e+00 -2.668752487e+02 -2.668752487e+02 -2.6008e+00 +1.9616e+00 -3.5025e-01 -5.8099e+00 +3.4778e+00
5429 +1.502778958e+00 +1.502778958e+00 -2.669772210e+02 -2.669772210e+02 -2.5984e+00 +1.9769e+00 -3.7806e-01 -5.7853e+00 +3.4423e+00
5720 +1.476589035e+00 +1.476589035e+00 -2.670034110e+02 -2.670034110e+02 -2.6060e+00 +1.9927e+00 -4.0464e-01 -5.7375e+00 +3.4038e+00
6438 +1.442512897e+00 +1.442512897e+00 -2.670374871e+02 -2.670374871e+02 -2.6349e+00 +1.9348e+00 -4.2941e-01 -5.6956e+00 +3.4152e+00
6573 +1.406473143e+00 +1.406473143e+00 -2.670735269e+02 -2.670735269e+02 -2.6346e+00 +1.9345e+00 -4.2895e-01 -5.6963e+00 +3.4150e+00
7274 +1.377952264e+00 +1.377952264e+00 -2.671020477e+02 -2.671020477e+02 -2.6343e+00 +1.9343e+00 -4.3471e-01 -5.6932e+00 +3.4096e+00
7542 +1.341899191e+00 +1.341899191e+00 -2.671381008e+02 -2.671381008e+02 -2.6347e+00 +1.9335e+00 -4.3346e-01 -5.6923e+00 +3.4112e+00
11135 +1.316703856e+00 +1.316703856e+00 -2.671632961e+02 -2.671632961e+02 -2.6346e+00 +1.9331e+00 -4.3304e-01 -5.6930e+00 +3.4116e+00
% function evaluation | noise-free fitness - Fopt (-1.000000000000e+03) | best noise-free fitness - Fopt | measured fitness | best measured fitness | x1 | x2...
1 +1.060293030e+02 +1.060293030e+02 -8.939706970e+02 -8.939706970e+02 +0.0000e+00 +0.0000e+00 +0.0000e+00 +0.0000e+00 +0.0000e+00
3 +4.419036735e+01 +4.419036735e+01 -9.558096326e+02 -9.558096326e+02 -7.8294e-01 -1.5214e-01 +4.4791e-01 +2.1808e+00 -2.6854e-01
4 +4.199969745e+01 +4.199969745e+01 -9.580003025e+02 -9.580003025e+02 +8.7580e-01 -1.5862e+00 -4.7370e+00 -2.4099e+00 +6.5707e-01
7 +1.641760094e+01 +1.641760094e+01 -9.835823991e+02 -9.835823991e+02 -2.4193e+00 +2.2056e-03 +4.6870e+00 +1.4077e+00 -5.3919e-01
57 +1.481555920e+01 +1.481555920e+01 -9.851844408e+02 -9.851844408e+02 -1.4450e+00 +1.2129e+00 +4.2896e-02 +1.8239e+00 -7.3137e-02
246 +9.532655671e+00 +9.532655671e+00 -9.904673443e+02 -9.904673443e+02 -4.2564e+00 +3.6807e+00 +1.8380e-01 -2.6891e+00 -3.0600e+00
915 +8.878605658e+00 +8.878605658e+00 -9.911213943e+02 -9.911213943e+02 +4.9670e+00 -1.3595e+00 +6.7041e-01 +1.6956e+00 +1.1253e-02
1175 +4.101070800e+00 +4.101070800e+00 -9.958989292e+02 -9.958989292e+02 +1.3314e+00 +2.3407e-01 -5.1359e+00 +2.6795e+00 -2.3148e+00
1915 +1.326504402e+00 +1.326504402e+00 -9.986734956e+02 -9.986734956e+02 +1.2823e+00 +5.0148e+00 -2.9454e-01 -3.4415e-01 -5.7202e-01
3014 +7.139590907e-01 +7.139590907e-01 -9.992860409e+02 -9.992860409e+02 +1.5987e+00 +4.8686e+00 -3.8333e-01 -3.2356e-01 -6.2318e-01
3026 +7.723954307e-02 +7.723954307e-02 -9.999227605e+02 -9.999227605e+02 +1.6975e+00 +4.9106e+00 -3.0887e-01 -3.3335e-01 -5.3018e-01
4692 +4.534414067e-02 +4.534414067e-02 -9.999546559e+02 -9.999546559e+02 +1.4288e+00 +4.9687e+00 -3.2383e-01 -3.6077e-01 -5.8910e-01
4745 +3.737716209e-02 +3.737716209e-02 -9.999626228e+02 -9.999626228e+02 +1.5734e+00 +4.8800e+00 -3.7569e-01 -3.7675e-01 -5.5421e-01
4823 +3.548069191e-02 +3.548069191e-02 -9.999645193e+02 -9.999645193e+02 +1.6274e+00 +4.9034e+00 -3.1952e-01 -3.3520e-01 -5.2531e-01
5068 +3.328820808e-02 +3.328820808e-02 -9.999667118e+02 -9.999667118e+02 +1.6159e+00 +4.9129e+00 -3.1517e-01 -3.3138e-01 -5.2389e-01
6172 +3.064048400e-02 +3.064048400e-02 -9.999693595e+02 -9.999693595e+02 +1.6833e+00 +4.8685e+00 -3.5725e-01 -3.4675e-01 -5.2012e-01
6265 +3.001556542e-02 +3.001556542e-02 -9.999699844e+02 -9.999699844e+02 +1.6533e+00 +4.8787e+00 -3.4789e-01 -3.3928e-01 -5.0428e-01
6269 +1.963217951e-02 +1.963217951e-02 -9.999803678e+02 -9.999803678e+02 +1.6618e+00 +4.8858e+00 -3.4165e-01 -3.3400e-01 -5.0702e-01
6276 +1.706089815e-02 +1.706089815e-02 -9.999829391e+02 -9.999829391e+02 +1.6543e+00 +4.8894e+00 -3.3800e-01 -3.3303e-01 -5.0425e-01
6285 +1.564385516e-02 +1.564385516e-02 -9.999843561e+02 -9.999843561e+02 +1.6255e+00 +4.8935e+00 -3.4000e-01 -3.3609e-01 -5.1043e-01
6357 +1.528319004e-02 +1.528319004e-02 -9.999847168e+02 -9.999847168e+02 +1.6591e+00 +4.8756e+00 -3.4866e-01 -3.2767e-01 -5.0519e-01
6432 +9.950360851e-03 +9.950360851e-03 -9.999900496e+02 -9.999900496e+02 +1.6129e+00 +4.9135e+00 -3.2833e-01 -3.4909e-01 -5.5006e-01
6460 +7.470817666e-03 +7.470817666e-03 -9.999925292e+02 -9.999925292e+02 +1.6210e+00 +4.9005e+00 -3.3296e-01 -3.4670e-01 -5.3396e-01
6492 +5.800863206e-03 +5.800863206e-03 -9.999941991e+02 -9.999941991e+02 +1.6102e+00 +4.9108e+00 -3.2865e-01 -3.4696e-01 -5.3273e-01
6516 +4.850559196e-03 +4.850559196e-03 -9.999951494e+02 -9.999951494e+02 +1.5977e+00 +4.9123e+00 -3.3001e-01 -3.5344e-01 -5.4032e-01
6538 +3.136585750e-03 +3.136585750e-03 -9.999968634e+02 -9.999968634e+02 +1.6100e+00 +4.9073e+00 -3.3657e-01 -3.5585e-01 -5.3743e-01
6642 +1.961324221e-03 +1.961324221e-03 -9.999980387e+02 -9.999980387e+02 +1.6044e+00 +4.9075e+00 -3.4058e-01 -3.6372e-01 -5.4440e-01
6834 +1.882171205e-03 +1.882171205e-03 -9.999981178e+02 -9.999981178e+02 +1.5946e+00 +4.9105e+00 -3.3505e-01 -3.5911e-01 -5.5430e-01
6842 +6.589516926e-04 +6.589516926e-04 -9.999993410e+02 -9.999993410e+02 +1.5941e+00 +4.9127e+00 -3.3325e-01 -3.5869e-01 -5.4717e-01
6915 +4.170138016e-04 +4.170138016e-04 -9.999995830e+02 -9.999995830e+02 +1.5833e+00 +4.9127e+00 -3.4175e-01 -3.6727e-01 -5.5625e-01
7160 +9.998687608e-05 +9.998687608e-05 -9.999999000e+02 -9.999999000e+02 +1.5881e+00 +4.9131e+00 -3.3809e-01 -3.6326e-01 -5.5211e-01
8387 +8.074364519e-05 +8.074364519e-05 -9.999999193e+02 -9.999999193e+02 +1.5903e+00 +4.9131e+00 -3.3726e-01 -3.6258e-01 -5.5080e-01
8420 +2.213011567e-05 +2.213011567e-05 -9.999999779e+02 -9.999999779e+02 +1.5889e+00 +4.9131e+00 -3.3793e-01 -3.6326e-01 -5.5250e-01
8659 +2.156603409e-05 +2.156603409e-05 -9.999999784e+02 -9.999999784e+02 +1.5886e+00 +4.9134e+00 -3.3858e-01 -3.6411e-01 -5.5365e-01
8897 +1.923705884e-05 +1.923705884e-05 -9.999999808e+02 -9.999999808e+02 +1.5901e+00 +4.9133e+00 -3.3740e-01 -3.6283e-01 -5.5168e-01
9022 +1.526465212e-05 +1.526465212e-05 -9.999999847e+02 -9.999999847e+02 +1.5893e+00 +4.9129e+00 -3.3829e-01 -3.6354e-01 -5.5314e-01
9181 +1.381698212e-05 +1.381698212e-05 -9.999999862e+02 -9.999999862e+02 +1.5894e+00 +4.9135e+00 -3.3767e-01 -3.6321e-01 -5.5286e-01
9194 +6.275976943e-06 +6.275976943e-06 -9.999999937e+02 -9.999999937e+02 +1.5888e+00 +4.9130e+00 -3.3840e-01 -3.6370e-01 -5.5277e-01
9488 +2.920710699e-06 +2.920710699e-06 -9.999999971e+02 -9.999999971e+02 +1.5893e+00 +4.9132e+00 -3.3812e-01 -3.6359e-01 -5.5274e-01
9676 +2.744928452e-06 +2.744928452e-06 -9.999999973e+02 -9.999999973e+02 +1.5893e+00 +4.9132e+00 -3.3769e-01 -3.6326e-01 -5.5253e-01
9983 +2.216795792e-06 +2.216795792e-06 -9.999999978e+02 -9.999999978e+02 +1.5888e+00 +4.9134e+00 -3.3784e-01 -3.6352e-01 -5.5268e-01
10222 +2.017163411e-06 +2.017163411e-06 -9.999999980e+02 -9.999999980e+02 +1.5891e+00 +4.9135e+00 -3.3771e-01 -3.6337e-01 -5.5251e-01
10315 +1.635573881e-06 +1.635573881e-06 -9.999999984e+02 -9.999999984e+02 +1.5892e+00 +4.9133e+00 -3.3789e-01 -3.6349e-01 -5.5251e-01
10430 +1.303512590e-06 +1.303512590e-06 -9.999999987e+02 -9.999999987e+02 +1.5889e+00 +4.9132e+00 -3.3812e-01 -3.6358e-01 -5.5288e-01
10450 +1.030606882e-06 +1.030606882e-06 -9.999999990e+02 -9.999999990e+02 +1.5889e+00 +4.9132e+00 -3.3802e-01 -3.6357e-01 -5.5269e-01
10490 +9.427881196e-07 +9.427881196e-07 -9.999999991e+02 -9.999999991e+02 +1.5889e+00 +4.9133e+00 -3.3796e-01 -3.6352e-01 -5.5259e-01
10617 +9.128098100e-07 +9.128098100e-07 -9.999999991e+02 -9.999999991e+02 +1.5888e+00 +4.9133e+00 -3.3795e-01 -3.6357e-01 -5.5258e-01
10714 +3.082948297e-07 +3.082948297e-07 -9.999999997e+02 -9.999999997e+02 +1.5890e+00 +4.9134e+00 -3.3784e-01 -3.6347e-01 -5.5273e-01
10843 +2.079591468e-07 +2.079591468e-07 -9.999999998e+02 -9.999999998e+02 +1.5890e+00 +4.9133e+00 -3.3793e-01 -3.6352e-01 -5.5262e-01
11256 +1.365248181e-07 +1.365248181e-07 -9.999999999e+02 -9.999999999e+02 +1.5889e+00 +4.9133e+00 -3.3790e-01 -3.6349e-01 -5.5270e-01
11362 +9.447103366e-08 +9.447103366e-08 -9.999999999e+02 -9.999999999e+02 +1.5889e+00 +4.9134e+00 -3.3791e-01 -3.6354e-01 -5.5277e-01
11370 +9.136522294e-08 +9.136522294e-08 -9.999999999e+02 -9.999999999e+02 +1.5889e+00 +4.9134e+00 -3.3795e-01 -3.6355e-01 -5.5271e-01
11774 +3.435809504e-08 +3.435809504e-08 -1.000000000e+03 -1.000000000e+03 +1.5890e+00 +4.9133e+00 -3.3792e-01 -3.6350e-01 -5.5267e-01
11948 +1.964986041e-08 +1.964986041e-08 -1.000000000e+03 -1.000000000e+03 +1.5890e+00 +4.9133e+00 -3.3792e-01 -3.6348e-01 -5.5269e-01
12163 +1.915941539e-08 +1.915941539e-08 -1.000000000e+03 -1.000000000e+03 +1.5889e+00 +4.9133e+00 -3.3794e-01 -3.6352e-01 -5.5273e-01
12400 +1.631690338e-08 +1.631690338e-08 -1.000000000e+03 -1.000000000e+03 +1.5890e+00 +4.9133e+00 -3.3791e-01 -3.6348e-01 -5.5268e-01
12409 +1.566115770e-08 +1.566115770e-08 -1.000000000e+03 -1.000000000e+03 +1.5889e+00 +4.9133e+00 -3.3791e-01 -3.6349e-01 -5.5268e-01
12496 +6.844516065e-09 +6.844516065e-09 -1.000000000e+03 -1.000000000e+03 +1.5890e+00 +4.9133e+00 -3.3793e-01 -3.6350e-01 -5.5269e-01
14115 +0.000000000e+00 +0.000000000e+00 -1.000000000e+03 -1.000000000e+03 +1.5889e+00 +4.9133e+00 -3.3792e-01 -3.6350e-01 -5.5271e-01
% function evaluation | noise-free fitness - Fopt (-1.388000000000e+01) | best noise-free fitness - Fopt | measured fitness | best measured fitness | x1 | x2...
1 +1.350085785e+02 +1.350085785e+02 +1.211285785e+02 +1.211285785e+02 +0.0000e+00 +0.0000e+00 +0.0000e+00 +0.0000e+00 +0.0000e+00
2 +9.733980691e+01 +9.733980691e+01 +8.345980691e+01 +8.345980691e+01 -1.5232e+00 -3.3093e-01 -5.7022e-01 +4.2015e-01 -1.7485e-01
3 +2.662699931e+01 +2.662699931e+01 +1.274699931e+01 +1.274699931e+01 +3.8299e-01 -3.1488e-01 -5.6534e-01 +2.6600e-01 -7.1014e-01
16 +2.153359215e+01 +2.153359215e+01 +7.653592154e+00 +7.653592154e+00 +4.2019e-01 -1.8831e+00 -8.3302e-01 -6.9824e-01 -6.3462e-01
23 +2.121396065e+01 +2.121396065e+01 +7.333960647e+00 +7.333960647e+00 -4.0053e-01 -3.4149e+00 -2.7112e-01 +1.4345e+00 +2.1606e+00
46 +1.853451253e+01 +1.853451253e+01 +4.654512526e+00 +4.654512526e+00 +6.9939e-01 -2.2368e+00 +4.3062e-01 +3.2435e+00 +4.6710e+00
176 +1.692405362e+01 +1.692405362e+01 +3.044053622e+00 +3.044053622e+00 -5.4140e+00 -3.3564e+00 +1.6138e+00 +5.3757e+00 -8.6028e-01
292 +1.161142344e+01 +1.161142344e+01 -2.268576556e+00 -2.268576556e+00 -5.1655e+00 -3.1894e+00 +2.2890e+00 +4.6461e+00 +3.9262e+00
745 +1.102082144e+01 +1.102082144e+01 -2.859178555e+00 -2.859178555e+00 +7.1407e-01 -1.5486e+00 +5.7314e-01 +6.7794e-01 -3.1452e+00
862 +8.160087814e+00 +8.160087814e+00 -5.719912186e+00 -5.719912186e+00 +6.0568e-01 -1.9615e+00 -1.1731e-01 +2.2983e+00 -5.1702e+00
889 +7.211125767e+00 +7.211125767e+00 -6.668874233e+00 -6.668874233e+00 +5.6891e-01 -2.1070e+00 -2.5924e-01 +2.5209e+00 -4.6210e+00
1298 +6.637251068e+00 +6.637251068e+00 -7.242748932e+00 -7.242748932e+00 +1.3587e+00 -1.8765e+00 -5.9153e-01 +1.3171e+00 -5.4125e+00
1303 +4.969696529e+00 +4.969696529e+00 -8.910303471e+00 -8.910303471e+00 +1.0448e+00 -1.9819e+00 -5.2011e-01 +2.0525e+00 -5.1642e+00
1326 +2.671789504e+00 +2.671789504e+00 -1.120821050e+01 -1.120821050e+01 +9.7350e-01 -1.9867e+00 -5.9164e-01 +1.8775e+00 -5.3119e+00
1350 +8.809377936e-01 +8.809377936e-01 -1.299906221e+01 -1.299906221e+01 +1.3672e+00 -2.1656e+00 -6.7971e-01 +1.5585e+00 -5.3734e+00
1864 +7.877408241e-01 +7.877408241e-01 -1.309225918e+01 -1.309225918e+01 +1.0869e+00 -2.6140e+00 -4.5463e-01 +4.3282e+00 -5.4596e+00
2507 +7.596293275e-01 +7.596293275e-01 -1.312037067e+01 -1.312037067e+01 +1.0080e+00 -2.6129e+00 -5.5072e-01 +4.2942e+00 -5.4658e+00
3194 +5.543191520e-01 +5.543191520e-01 -1.332568085e+01 -1.332568085e+01 +8.2985e-01 -2.6709e+00 -5.6502e-01 +4.5798e+00 -5.4416e+00
3240 +5.129110605e-01 +5.129110605e-01 -1.336708894e+01 -1.336708894e+01 +8.0363e-01 -2.6389e+00 -5.3327e-01 +4.5304e+00 -5.3706e+00
3389 +5.101211111e-01 +5.101211111e-01 -1.336987889e+01 -1.336987889e+01 +9.7895e-01 -2.6558e+00 -5.4760e-01 +4.3563e+00 -5.4630e+00
3810 +4.409632720e-01 +4.409632720e-01 -1.343903673e+01 -1.343903673e+01 +8.4119e-01 -2.6586e+00 -5.7067e-01 +4.4605e+00 -5.4580e+00
4057 +4.083876866e-01 +4.083876866e-01 -1.347161231e+01 -1.347161231e+01 +8.0453e-01 -2.5985e+00 -5.0006e-01 +4.5010e+00 -5.4115e+00
5276 +3.949857315e-01 +3.949857315e-01 -1.348501427e+01 -1.348501427e+01 +8.5065e-01 -2.6342e+00 -5.1288e-01 +4.4814e+00 -5.3967e+00
5279 +3.866554585e-01 +3.866554585e-01 -1.349334454e+01 -1.349334454e+01 +8.5912e-01 -2.6352e+00 -5.2886e-01 +4.4487e+00 -5.4153e+00
5494 +3.775485130e-01 +3.775485130e-01 -1.350245149e+01 -1.350245149e+01 +9.3706e-01 -2.6229e+00 -4.9595e-01 +4.4017e+00 -5.4195e+00
5533 +3.694176843e-01 +3.694176843e-01 -1.351058232e+01 -1.351058232e+01 +9.2604e-01 -2.6071e+00 -4.7173e-01 +4.4145e+00 -5.4028e+00
6090 +3.600628676e-01 +3.600628676e-01 -1.351993713e+01 -1.351993713e+01 +9.2258e-01 -2.6196e+00 -4.9170e-01 +4.4143e+00 -5.4079e+00
7191 +3.541598476e-01 +3.541598476e-01 -1.352584015e+01 -1.352584015e+01 +9.3298e-01 -2.6174e+00 -4.8477e-01 +4.4072e+00 -5.4038e+00
% function evaluation | noise-free fitness - Fopt (-1.240400000000e+02) | best noise-free fitness - Fopt | measured fitness | best measured fitness | x1 | x2...
1 +5.977881306e+01 +5.977881306e+01 -6.426118694e+01 -6.426118694e+01 +0.0000e+00 +0.0000e+00 +0.0000e+00 +0.0000e+00 +0.0000e+00
7 +4.432721245e+01 +4.432721245e+01 -7.971278755e+01 -7.971278755e+01 -1.0491e+00 +3.9040e-01 -9.9172e-01 +9.9383e-01 -2.2240e+00
16 +2.894612423e+01 +2.894612423e+01 -9.509387577e+01 -9.509387577e+01 -1.6278e+00 -3.0763e-01 -3.2471e+00 +2.0993e+00 -2.7540e+00
17 +2.289070729e+01 +2.289070729e+01 -1.011492927e+02 -1.011492927e+02 -1.1601e+00 +1.9396e+00 -1.8978e-01 +1.9112e+00 -1.3174e+00
21 +1.624567096e+01 +1.624567096e+01 -1.077943290e+02 -1.077943290e+02 -1.1271e+00 +2.8167e-01 -9.9070e-01 +1.7306e-01 -3.7519e+00
90 +1.233778525e+01 +1.233778525e+01 -1.117022148e+02 -1.117022148e+02 +7.2590e-03 +3.5599e+00 -1.3732e-01 -1.5565e+00 -2.2976e+00
425 +8.941870319e+00 +8.941870319e+00 -1.150981297e+02 -1.150981297e+02 +5.0098e+00 +4.7954e+00 +4.3883e-01 +5.4543e+00 +5.3482e+00
1419 +5.448233538e+00 +5.448233538e+00 -1.185917665e+02 -1.185917665e+02 +4.9288e+00 +4.3620e+00 -1.5001e+00 +5.6928e+00 +4.7343e+00
1504 +3.956938803e+00 +3.956938803e+00 -1.200830612e+02 -1.200830612e+02 +4.8079e+00 +4.6943e+00 +4.0299e-01 +5.5166e+00 +5.3107e+00
3056 +3.034121334e+00 +3.034121334e+00 -1.210058787e+02 -1.210058787e+02 +4.9165e+00 +5.5993e+00 +4.2604e+00 +4.9119e+00 +4.7292e+00
3395 +2.604764843e+00 +2.604764843e+00 -1.214352352e+02 -1.214352352e+02 +4.9060e+00 +5.5465e+00 +4.2107e+00 +4.9718e+00 +4.6961e+00
3479 +2.200446848e+00 +2.200446848e+00 -1.218395532e+02 -1.218395532e+02 +4.9092e+00 +5.5476e+00 +4.3169e+00 +4.9531e+00 +4.6963e+00
3844 +2.112740779e+00 +2.112740779e+00 -1.219272592e+02 -1.219272592e+02 +4.8869e+00 +5.5006e+00 +4.2924e+00 +4.9828e+00 +4.6402e+00
3855 +2.082136388e+00 +2.082136388e+00 -1.219578636e+02 -1.219578636e+02 +4.8937e+00 +5.5229e+00 +4.2735e+00 +4.9873e+00 +4.6798e+00
3937 +2.028225215e+00 +2.028225215e+00 -1.220117748e+02 -1.220117748e+02 +4.8918e+00 +5.5155e+00 +4.3220e+00 +4.9607e+00 +4.6221e+00
3962 +1.850331477e+00 +1.850331477e+00 -1.221896685e+02 -1.221896685e+02 +4.8763e+00 +5.4789e+00 +4.3026e+00 +4.9819e+00 +4.5588e+00
4029 +1.683291776e+00 +1.683291776e+00 -1.223567082e+02 -1.223567082e+02 +4.8812e+00 +5.3693e+00 +4.3553e+00 +4.9861e+00 +4.4504e+00
4150 +1.573966843e+00 +1.573966843e+00 -1.224660332e+02 -1.224660332e+02 +4.8627e+00 +5.3628e+00 +4.3316e+00 +4.9883e+00 +4.4346e+00
4606 +1.295919009e+00 +1.295919009e+00 -1.227440810e+02 -1.227440810e+02 +4.8655e+00 +5.3816e+00 +4.3296e+00 +4.9884e+00 +4.4423e+00
4647 +1.183279299e+00 +1.183279299e+00 -1.228567207e+02 -1.228567207e+02 +4.8631e+00 +5.3775e+00 +4.3241e+00 +4.9876e+00 +4.4457e+00
5259 +1.101768668e+00 +1.101768668e+00 -1.229382313e+02 -1.229382313e+02 +4.8665e+00 +5.3904e+00 +4.3266e+00 +4.9851e+00 +4.4549e+00
5358 +1.016253969e+00 +1.016253969e+00 -1.230237460e+02 -1.230237460e+02 +4.8632e+00 +5.3861e+00 +4.3344e+00 +4.9926e+00 +4.4489e+00
5525 +9.773021468e-01 +9.773021468e-01 -1.230626979e+02 -1.230626979e+02 +4.8680e+00 +5.3944e+00 +4.3345e+00 +4.9862e+00 +4.4589e+00
5555 +9.219995135e-01 +9.219995135e-01 -1.231180005e+02 -1.231180005e+02 +4.8679e+00 +5.3969e+00 +4.3319e+00 +4.9855e+00 +4.4623e+00
6701 +9.114312369e-01 +9.114312369e-01 -1.231285688e+02 -1.231285688e+02 +4.8663e+00 +5.3937e+00 +4.3307e+00 +4.9865e+00 +4.4573e+00
7059 +8.553493261e-01 +8.553493261e-01 -1.231846507e+02 -1.231846507e+02 +4.8671e+00 +5.3955e+00 +4.3320e+00 +4.9862e+00 +4.4592e+00
7973 +8.460601668e-01 +8.460601668e-01 -1.231939398e+02 -1.231939398e+02 +4.8670e+00 +5.3949e+00 +4.3319e+00 +4.9863e+00 +4.4588e+00
8572 +8.308937645e-01 +8.308937645e-01 -1.232091062e+02 -1.232091062e+02 +4.8671e+00 +5.3948e+00 +4.3319e+00 +4.9862e+00 +4.4587e+00
