% function evaluation | noise-free fitness - Fopt (7.627000000000e+01) | best noise-free fitness - Fopt | measured fitness | best measured fitness | x1 | x2...
1 +5.128259773e+05 +5.128259773e+05 +5.129022473e+05 +5.129022473e+05 +0.0000e+00 +0.0000e+00 +0.0000e+00 +0.0000e+00 +0.0000e+00 +0.0000e+00 +0.0000e+00 +0.0000e+00 +0.0000e+00 +0.0000e+00 +0.0000e+00 +0.0000e+00 +0.0000e+00 +0.0000e+00 +0.0000e+00 +0.0000e+00 +0.0000e+00 +0.0000e+00 +0.0000e+00 +0.0000e+00
3 +3.910647010e+05 +3.910647010e+05 +3.911409710e+05 +3.911409710e+05 +4.3949e-01 +1.5796e+00 -1.0306e+00 -9.8122e-01 -1.8044e+00 +8.2252e-01 -7.6879e-01 -2.8122e-02 +1.9471e+00 -8.2977e-01 -4.4349e-01 -8.8026e-01 -9.7706e-01 -1.1572e-02 +8.9545e-01 +4.2177e-01 -6.7079e-01 -2.4263e+00 -1.5973e-01 +3.3779e-01
7 +3.867207035e+05 +3.867207035e+05 +3.867969735e+05 +3.867969735e+05 +1.7420e+00 -1.8146e-01 +5.9561e-01 +7.3931e-01 +2.0376e+00 -1.3227e+00 -9.7151e-02 -2.3616e-01 +9.4237e-02 +3.0874e-02 +6.2382e-01 +1.1135e+00 -8.6646e-01 +3.1721e-01 -7.0287e-01 -5.8597e-01 +9.3895e-01 +6.4331e-01 -1.5737e-01 -4.3421e-01
12 +1.557626526e+05 +1.557626526e+05 +1.558389226e+05 +1.558389226e+05 +3.4681e+00 +1.3842e-02 +1.6591e+00 +6.9472e-01 +3.3617e+00 -1.9087e+00 +3.3546e-01 +4.5415e-01 -1.2415e+00 +1.3354e+00 +3.0287e-01 +2.7259e+00 +1.9042e-01 +6.2402e-01 -9.7649e-01 -1.6090e+00 +1.1045e+00 +2.3539e+00 -5.3777e-01 +5.4519e-01
14 +5.998129234e+03 +5.998129234e+03 +6.074399234e+03 +6.074399234e+03 +1.0771e+00 +7.6632e-02 -4.5416e-01 +2.0960e+00 +1.2640e+00 +1.6210e+00 -6.6089e-01 +1.3134e+00 +8.3406e-01 -7.7292e-01 -7.1305e-01 -5.6895e-01 +1.3899e-01 +9.0441e-01 -1.9082e+00 -1.4022e+00 +1.0530e+00 -2.8493e+00 -1.5667e+00 +7.4229e-01
37 +4.050204173e+03 +4.050204173e+03 +4.126474173e+03 +4.126474173e+03 -9.1537e-01 -2.5953e-01 -5.1681e-01 +3.3178e+00 -1.0026e+00 +3.2278e+00 +5.0100e-01 +1.7874e+00 +1.7883e+00 -4.4809e+00 +5.8391e-01 -5.8666e-02 +5.5926e-01 +7.4515e-02 -1.1632e+00 -1.0577e+00 -5.0597e-01 -1.3772e+00 -1.8437e+00 +1.2305e+00
75 +3.951554710e+03 +3.951554710e+03 +4.027824710e+03 +4.027824710e+03 +5.7084e-02 -1.1375e+00 +1.3878e+00 +9.0757e-01 -3.3404e+00 +1.1287e+00 +3.8855e-01 -1.4714e+00 -9.1248e-01 -6.4009e+00 +1.6409e+00 -8.6184e-01 +1.3678e+00 -1.0415e+00 -1.7015e+00 +2.1340e+00 +9.8470e-01 -4.9332e+00 +4.3705e+00 +1.4387e+00
114 +8.129540167e+02 +8.129540167e+02 +8.892240167e+02 +8.892240167e+02 -3.7055e+00 +1.7453e+00 +2.7547e+00 +3.2917e+00 -3.4295e+00 -1.9880e+00 +3.2242e+00 -2.0410e+00 -6.1816e+00 -7.9292e+00 +3.0587e+00 +3.8650e+00 +1.3652e+00 -9.0131e-01 -4.2974e+00 +2.3225e+00 -1.8049e+00 -6.3809e+00 +8.8053e+00 +8.0260e-01
181 +5.027305917e+02 +5.027305917e+02 +5.790005917e+02 +5.790005917e+02 -1.4577e+00 +3.4777e+00 +5.0648e+00 +4.8427e+00 -6.0850e+00 +6.2854e-01 -1.1431e+00 -2.8975e+00 -2.9243e+00 -7.3789e+00 +1.1125e-01 +5.7560e+00 +1.2664e+00 -3.4340e-01 -3.6922e+00 -7.4446e-01 +3.0966e-01 -5.2656e+00 +8.6538e+00 +2.6437e+00
100029 +3.037632721e+02 +3.037632721e+02 +3.800332721e+02 +3.800332721e+02 +3.5745e+00 -2.0727e+00 +4.8567e+00 -1.0335e+00 -3.0015e+00 +1.0610e+00 -4.4583e+00 +1.8017e-01 +2.0324e+00 +2.7644e+00 +3.2708e+00 +1.7692e+00 -2.2891e-01 +2.4224e+00 +8.8864e-01 -3.2754e+00 -6.9719e+00 -3.1840e+00 -7.8794e-01 +3.5810e+00
% function evaluation | noise-free fitness - Fopt (-2.255000000000e+01) | best noise-free fitness - Fopt | measured fitness | best measured fitness | x1 | x2...
1 +1.986910607e+05 +1.986910607e+05 +1.986685107e+05 +1.986685107e+05 +0.0000e+00 +0.0000e+00 +0.0000e+00 +0.0000e+00 +0.0000e+00 +0.0000e+00 +0.0000e+00 +0.0000e+00 +0.0000e+00 +0.0000e+00 +0.0000e+00 +0.0000e+00 +0.0000e+00 +0.0000e+00 +0.0000e+00 +0.0000e+00 +0.0000e+00 +0.0000e+00 +0.0000e+00 +0.0000e+00
2 +1.712727540e+05 +1.712727540e+05 +1.712502040e+05 +1.712502040e+05 -2.2466e+00 -2.0290e+00 -1.4486e-01 +5.2310e-01 +5.8458e-01 +2.3327e+00 -1.2310e+00 +1.9207e+00 +2.6705e+00 +5.2935e-01 +5.6268e+00 -8.5173e-01 -3.3529e-02 -8.3280e-01 -1.0059e+00 -1.0006e+00 -3.5420e+00 -1.1916e+00 -1.8638e+00 +1.8648e-01
4 +9.048955601e+04 +9.048955601e+04 +9.046700601e+04 +9.046700601e+04 -1.4432e+00 -1.5429e+00 -7.8824e-01 -4.7844e-01 +1.2550e-01 +1.9933e+00 -1.0186e+00 +1.4609e+00 +2.7434e+00 +2.1673e+00 +3.4579e+00 +4.3548e-01 +1.1525e+00 -5.4230e-01 -7.2077e-01 -4.9628e-01 -2.9058e+00 +4.6932e-01 -1.0604e+00 -1.3100e+00
19 +5.127677847e+03 +5.127677847e+03 +5.105127847e+03 +5.105127847e+03 -2.4855e+00 -4.0469e+00 +7.8876e-01 +2.5799e-01 +1.6058e-01 +2.3574e+00 -9.8622e-01 +2.3698e+00 +5.3005e+00 +3.1790e+00 +2.6689e+00 +1.7148e+00 +1.4606e+00 -2.2667e-01 +8.9746e-01 -1.2814e+00 -2.6853e+00 -9.5997e-01 +3.4440e-01 -9.7067e-01
41 +2.034725820e+02 +2.034725820e+02 +1.809225820e+02 +1.809225820e+02 -8.9516e-01 -5.3297e+00 +1.5796e+00 -3.3669e+00 -6.0343e-01 +1.5196e+00 -1.3402e-02 +8.4610e-01 +6.2277e+00 +3.3373e+00 +5.0530e+00 +1.2863e+00 +2.4966e+00 -6.3671e-02 +9.4385e-01 -2.0619e+00 -2.3876e+00 -2.1035e+00 +1.0154e+00 +1.5062e+00
100018 +1.826357098e+02 +1.826357098e+02 +1.600857098e+02 +1.600857098e+02 +1.7439e+00 +7.5557e-01 +2.5591e+00 -4.5558e+00 -5.7584e-02 +1.0992e+00 +1.2541e+00 +9.6146e-01 -5.0145e-01 -8.6862e+00 +2.8555e-01 +5.9930e-02 +6.9590e+00 +2.0129e+00 +3.0400e-01 +1.3908e+00 -1.1694e+00 -2.0310e+00 +1.4641e+00 +1.4614e+00
% function evaluation | noise-free fitness - Fopt (1.366000000000e+01) | best noise-free fitness - Fopt | measured fitness | best measured fitness | x1 | x2...
1 +2.811586777e+05 +2.811586777e+05 +2.811723377e+05 +2.811723377e+05 +0.0000e+00 +0.0000e+00 +0.0000e+00 +0.0000e+00 +0.0000e+00 +0.0000e+00 +0.0000e+00 +0.0000e+00 +0.0000e+00 +0.0000e+00 +0.0000e+00 +0.0000e+00 +0.0000e+00 +0.0000e+00 +0.0000e+00 +0.0000e+00 +0.0000e+00 +0.0000e+00 +0.0000e+00 +0.0000e+00
3 +1.756432012e+05 +1.756432012e+05 +1.756568612e+05 +1.756568612e+05 +3.2231e-01 +1.0351e+00 -2.7514e-01 +5.1096e+00 -4.1694e+00 +9.1429e-01 +2.6410e+00 -3.5508e-01 +1.3932e+00 +1.0642e-01 +1.2460e+00 -2.7718e+00 -3.5916e+00 +2.6136e-01 -1.4593e+00 -1.7065e-01 -1.5107e+00 -1.4960e+00 +9.3123e-01 +3.8130e-01
4 +1.165060689e+05 +1.165060689e+05 +1.165197289e+05 +1.165197289e+05 +2.2393e+00 +7.1764e-02 -1.9736e+00 +8.3482e+00 -7.6202e+00 -1.7294e+00 +6.5290e+00 -4.6307e-01 -1.7436e+00 -1.1550e+00 +4.6740e-01 -4.7062e+00 -1.8085e+00 +3.4258e+00 -1.8201e+00 -1.2033e+00 -2.6855e+00 -1.7942e-02 +4.0421e+00 -3.4484e+00
9 +4.935686260e+04 +4.935686260e+04 +4.937052260e+04 +4.937052260e+04 -2.6009e+00 +1.6393e+00 +6.6826e-01 -6.2232e+00 +6.3076e+00 -1.0693e+00 -5.5716e+00 +5.6326e-01 +1.0100e+00 +2.7542e+00 -7.2656e-01 +7.0075e+00 +2.0570e+00 -3.7074e+00 +1.9019e+00 +1.6138e+00 +1.2033e+00 +1.8562e+00 -2.8712e+00 +3.4369e-01
12 +1.301490494e+04 +1.301490494e+04 +1.302856494e+04 +1.302856494e+04 -1.3524e+00 +2.9408e+00 -8.8061e-02 -6.0336e+00 +7.2792e+00 +9.0253e-01 -6.7031e+00 -8.8106e-01 +9.7379e-01 +2.6757e+00 -9.1894e-01 +9.1683e+00 +1.5528e+00 -3.1928e+00 +2.2428e+00 +1.7501e+00 +2.1854e-01 +2.9267e+00 -2.8383e+00 +9.7589e-01
22 +7.821443668e+02 +7.821443668e+02 +7.958043668e+02 +7.958043668e+02 -2.3193e+00 +2.9668e+00 +1.4437e+00 -4.1760e+00 +6.7054e+00 +1.4515e+00 -7.1852e+00 -5.3501e-01 +2.1130e+00 +2.3852e+00 +6.2005e-01 +7.5410e+00 +1.9708e+00 -2.9363e+00 +1.5211e+00 +3.1134e+00 -5.3938e-02 +4.4844e+00 -3.7270e+00 -1.2189e+00
58 +6.296815248e+02 +6.296815248e+02 +6.433415248e+02 +6.433415248e+02 -6.6863e-01 +3.0299e+00 +1.8109e+00 -1.9011e+00 +4.0662e+00 +4.2497e+00 -6.5963e+00 -2.1038e-01 +1.2205e-01 +4.3290e+00 +2.7721e+00 +7.5362e+00 +1.1272e+00 -3.0330e+00 +1.2386e+00 +1.6706e+00 -2.4541e+00 +2.4581e+00 -5.0219e+00 -2.5345e+00
107 +5.538959398e+02 +5.538959398e+02 +5.675559398e+02 +5.675559398e+02 +1.4190e+00 +2.1031e+00 +3.4596e+00 -1.9288e-01 +3.1420e+00 +4.4442e+00 -6.2778e+00 -5.4888e-03 -4.5337e-01 +4.5532e+00 +6.3375e+00 +3.3666e+00 +1.5097e+00 -5.2886e+00 +2.1407e+00 +3.9077e+00 -1.5323e+00 +4.5349e+00 -4.1459e+00 -1.7822e+00
269 +4.652209776e+02 +4.652209776e+02 +4.788809776e+02 +4.788809776e+02 -3.1774e+00 -1.2449e+00 -8.7787e-01 -1.3037e+00 -1.0476e+00 -1.4518e+00 -3.4045e+00 -6.5650e-01 -3.8361e+00 +7.9416e+00 +7.4975e+00 +2.7266e+00 -2.2247e+00 -6.4551e+00 -4.1927e+00 -1.2653e+00 -4.7025e+00 +1.1837e+00 +1.1775e+00 -3.9784e+00
529 +3.756088812e+02 +3.756088812e+02 +3.892688812e+02 +3.892688812e+02 -6.9477e+00 -2.6591e+00 +1.9150e+00 +1.5391e+00 -5.9137e+00 -5.7524e+00 +8.9262e-01 -5.0048e+00 -2.9398e+00 +3.7058e+00 +5.5380e+00 +3.4552e+00 -4.3696e+00 -3.2804e-02 -4.6602e+00 -2.2311e+00 -6.7184e+00 +3.3045e-01 +1.7043e+00 -3.1507e+00
% function evaluation | noise-free fitness - Fopt (9.378400000000e+02) | best noise-free fitness - Fopt | measured fitness | best measured fitness | x1 | x2...
1 +2.581107992e+06 +2.581107992e+06 +2.582045832e+06 +2.582045832e+06 +0.0000e+00 +0.0000e+00 +0.0000e+00 +0.0000e+00 +0.0000e+00 +0.0000e+00 +0.0000e+00 +0.0000e+00 +0.0000e+00 +0.0000e+00 +0.0000e+00 +0.0000e+00 +0.0000e+00 +0.0000e+00 +0.0000e+00 +0.0000e+00 +0.0000e+00 +0.0000e+00 +0.0000e+00 +0.0000e+00
6 +7.684231913e+04 +7.684231913e+04 +7.778015913e+04 +7.778015913e+04 -5.2256e-01 +3.0625e+00 -4.3424e+00 -8.5452e-01 +9.7162e-01 -2.9998e-01 -1.5148e+00 +3.4305e-02 +3.0472e+00 +1.6974e+00 -4.9902e+00 -1.0498e+00 -1.2652e+00 -4.5266e+00 -2.2654e-01 +2.6375e+00 +8.4234e-01 +1.5782e+00 -2.1528e+00 +7.5648e-01
22 +3.277571768e+04 +3.277571768e+04 +3.371355768e+04 +3.371355768e+04 +7.4136e-01 +1.6280e+00 -4.0666e+00 -2.1184e+00 +2.2511e+00 -6.8214e-01 +3.8889e-01 +5.5875e-01 +2.8099e+00 +2.0700e+00 -5.1761e+00 -5.1242e-02 -1.3022e+00 -2.8155e+00 +2.8231e-01 +1.4230e+00 -2.3280e-01 +1.1075e+00 -2.5933e+00 +1.2276e+00
54 +2.380056552e+04 +2.380056552e+04 +2.473840552e+04 +2.473840552e+04 -1.7923e-01 +1.3536e+00 -7.7409e+00 -6.3547e-01 +3.1338e+00 -4.1857e-01 +1.3907e+00 +9.7763e-01 +4.0349e+00 +1.9502e+00 -7.5272e+00 -3.0999e-01 -1.9592e+00 -4.7737e+00 +1.5913e+00 +1.9632e+00 +2.1993e+00 +2.7965e+00 -4.6851e+00 +2.0066e+00
69 +1.513917767e+04 +1.513917767e+04 +1.607701767e+04 +1.607701767e+04 -1.0039e+00 +1.1693e+00 -6.5864e+00 +1.1291e+00 +2.6428e+00 -1.1501e+00 +1.1944e+00 +3.2613e+00 +2.9116e+00 +1.8111e+00 -5.8899e+00 -8.6634e-01 -2.3145e+00 -4.7715e+00 +1.6009e+00 +1.3117e+00 +4.0998e+00 +2.0890e+00 -4.5418e+00 +3.5897e+00
81 +5.907245486e+02 +5.907245486e+02 +1.528564549e+03 +1.528564549e+03 -3.8941e-01 +1.1177e+00 -2.6162e+00 +8.3768e-01 +3.0022e+00 +3.0383e-01 +9.8209e-01 +1.1242e+00 +1.8317e+00 +1.6552e+00 -3.2186e+00 -1.2924e+00 -1.7322e+00 -3.1303e+00 +2.1974e+00 +9.3345e-02 +2.5582e+00 +7.2848e-01 -3.0071e+00 +3.8087e+00
109 +3.459605539e+02 +3.459605539e+02 +1.283800554e+03 +1.283800554e+03 -4.0923e-01 +4.4823e-01 -1.2101e+00 -3.9780e-02 +4.8163e+00 -3.6840e-01 +3.3704e+00 -2.5949e-02 +2.1167e+00 +1.6404e+00 -1.6555e+00 -3.8497e+00 -3.5891e+00 -3.7946e+00 +3.1103e+00 +1.4631e-01 +1.2533e+00 +1.5298e+00 -4.7043e+00 +5.1615e+00
% function evaluation | noise-free fitness - Fopt (-7.872000000000e+01) | best noise-free fitness - Fopt | measured fitness | best measured fitness | x1 | x2...
1 +3.474398233e+06 +3.474398233e+06 +3.474319513e+06 +3.474319513e+06 +0.0000e+00 +0.0000e+00 +0.0000e+00 +0.0000e+00 +0.0000e+00 +0.0000e+00 +0.0000e+00 +0.0000e+00 +0.0000e+00 +0.0000e+00 +0.0000e+00 +0.0000e+00 +0.0000e+00 +0.0000e+00 +0.0000e+00 +0.0000e+00 +0.0000e+00 +0.0000e+00 +0.0000e+00 +0.0000e+00
2 +2.455555018e+06 +2.455555018e+06 +2.455476298e+06 +2.455476298e+06 -1.2674e+00 -4.2175e-01 -1.7349e+00 -6.0669e-01 -1.1092e+00 +8.5550e-01 -7.9125e-01 +5.3115e-02 +1.5053e+00 +2.6588e+00 +5.7428e-01 +7.3645e-01 +1.3333e+00 +8.8920e-01 +2.5205e-01 -2.3471e+00 -5.0818e-01 -3.0833e-01 +3.1375e-01 -2.0913e+00
5 +2.426136557e+06 +2.426136557e+06 +2.426057837e+06 +2.426057837e+06 -1.3566e+00 -3.0203e+00 -1.4702e+00 +6.0137e-01 -3.9287e+00 +7.3096e-02 -2.9155e+00 +1.6836e-01 +2.3798e+00 +4.5079e+00 +4.0616e-01 +2.3197e+00 +2.4910e+00 +5.7166e-01 +1.5124e+00 -2.0342e+00 -4.0099e-01 -2.7206e-01 +5.1849e-01 -3.2849e+00
6 +5.776116235e+05 +5.776116235e+05 +5.775329035e+05 +5.775329035e+05 +1.4583e-01 -1.2581e+00 -1.2292e+00 -7.6993e-01 -2.4781e+00 -9.6833e-01 -2.1033e+00 +9.9841e-02 +5.9549e-01 +2.8677e+00 +4.9169e-01 +1.9584e-01 +2.4924e-01 +2.0666e-01 +1.8812e+00 -2.8238e+00 -1.0173e+00 +6.8794e-01 +5.4220e-01 -1.9627e+00
16 +5.404594373e+04 +5.404594373e+04 +5.396722373e+04 +5.396722373e+04 -6.9557e-01 -3.4870e+00 -1.7681e+00 +8.9559e-01 -4.1735e+00 -1.5044e+00 -3.5198e+00 +2.8123e-01 +6.3518e-01 +3.4635e+00 -2.7002e-01 +1.0551e+00 -1.6637e-01 +6.4261e-01 +2.4296e+00 -3.0019e+00 -2.5893e+00 +9.8303e-01 +7.8999e-01 -4.6835e+00
18 +1.909114383e+04 +1.909114383e+04 +1.901242383e+04 +1.901242383e+04 -9.7492e-01 -3.5941e+00 -2.7256e+00 +1.2938e+00 -3.3482e+00 -3.6484e+00 -5.0572e+00 -4.1754e-01 +2.1465e+00 +4.6422e+00 +5.8681e-01 +1.6155e+00 +1.6452e-01 -8.3976e-01 +1.9961e+00 -5.1481e+00 -5.5325e-02 +1.6193e+00 -5.0535e-01 -5.3196e+00
21 +1.634499919e+02 +1.634499919e+02 +8.472999188e+01 +8.472999188e+01 -1.5564e+00 -2.3862e+00 -2.0996e+00 -1.5083e+00 -2.5981e+00 -1.8666e+00 -1.0030e+00 -7.2679e-01 +1.4878e+00 +3.1111e+00 -1.4279e+00 -3.8829e-01 +3.4352e-01 -3.2291e-01 +2.4505e+00 -2.8959e+00 -2.6713e-01 +1.4362e+00 +1.6374e+00 -3.2977e+00
% function evaluation | noise-free fitness - Fopt (-6.949000000000e+01) | best noise-free fitness - Fopt | measured fitness | best measured fitness | x1 | x2...
1 +1.174159166e+06 +1.174159166e+06 +1.174089676e+06 +1.174089676e+06 +0.0000e+00 +0.0000e+00 +0.0000e+00 +0.0000e+00 +0.0000e+00 +0.0000e+00 +0.0000e+00 +0.0000e+00 +0.0000e+00 +0.0000e+00 +0.0000e+00 +0.0000e+00 +0.0000e+00 +0.0000e+00 +0.0000e+00 +0.0000e+00 +0.0000e+00 +0.0000e+00 +0.0000e+00 +0.0000e+00
5 +1.121316280e+05 +1.121316280e+05 +1.120621380e+05 +1.120621380e+05 -9.4432e-01 +2.6382e+00 -4.3787e-01 +1.1375e+00 -9.4251e-02 -4.4670e-01 -1.8475e-01 +7.5459e-01 -1.4189e-01 +2.4107e+00 +2.4577e+00 +1.7513e-01 +1.5053e+00 +1.2863e+00 +2.1406e+00 +1.9022e+00 -7.8243e-02 +6.0496e-01 +6.1477e-01 +2.2763e-01
15 +4.618993340e+03 +4.618993340e+03 +4.549503340e+03 +4.549503340e+03 -2.2929e+00 +3.0110e+00 -1.4603e+00 +1.5579e+00 +9.4190e-01 -1.8489e+00 +7.3610e-01 +1.9386e+00 -7.4664e-01 +2.0030e+00 +3.2832e-01 -2.5604e+00 +9.9846e-01 +2.2163e+00 +4.3356e+00 +1.5549e+00 +6.4841e-01 -4.8122e-01 +1.6445e+00 +5.7336e-01
56 +3.398775067e+03 +3.398775067e+03 +3.329285067e+03 +3.329285067e+03 -4.0684e+00 +5.7899e+00 -4.9564e+00 -4.8157e-01 -1.4629e+00 -2.6349e+00 +3.3262e+00 +4.3694e+00 -1.1366e+00 -4.2561e-02 +1.1248e+00 -4.6016e+00 +1.5194e+00 +1.2082e+00 +3.8272e+00 +1.4351e+00 -4.4912e-01 +4.0707e-01 -2.3192e+00 +1.3254e+00
85 +2.207053818e+03 +2.207053818e+03 +2.137563818e+03 +2.137563818e+03 -2.2753e+00 +6.6364e+00 -7.1367e+00 -4.1103e-01 -1.0589e+00 -1.2277e+00 +2.3022e+00 +5.4606e+00 -4.0108e+00 +9.5329e-02 +2.1380e+00 -7.4650e+00 +2.8534e+00 +1.9448e+00 +4.5068e+00 +8.0277e-01 -1.4874e+00 -3.8544e+00 -1.5312e+00 +2.2477e+00
112 +1.675452372e+03 +1.675452372e+03 +1.605962372e+03 +1.605962372e+03 -3.1284e+00 +5.9426e+00 -1.2018e+01 -1.5362e+00 +2.4205e-01 -7.6654e-01 +3.5501e+00 +7.0479e+00 -4.0733e+00 +1.1859e+00 +1.0110e+00 -1.0065e+01 +3.4760e+00 +2.0354e+00 +5.7137e+00 +9.2565e-01 -4.9608e+00 -5.5372e+00 -3.0668e+00 +1.6860e+00
140 +1.247563382e+03 +1.247563382e+03 +1.178073382e+03 +1.178073382e+03 -4.5546e+00 +9.8514e+00 -1.4499e+01 -2.8455e+00 +1.4662e+00 -7.9744e-01 +3.6398e+00 +7.8503e+00 -6.2169e+00 +1.6010e+00 +4.8951e+00 -1.3654e+01 +5.5938e+00 +3.0329e+00 +8.7534e+00 -1.8039e+00 -4.6041e+00 -5.7620e+00 -4.7052e+00 +5.0035e+00
171 +9.576373236e+02 +9.576373236e+02 +8.881473236e+02 +8.881473236e+02 -1.8374e+00 +1.1106e+01 -1.3219e+01 -4.8188e+00 -3.6116e-01 -9.0320e-01 +4.2166e+00 +6.9510e+00 -4.9342e+00 +1.3184e+00 +1.8546e+00 -1.4512e+01 +3.8041e+00 +3.2624e+00 +5.2015e+00 -1.0242e+00 -5.0829e+00 -2.6645e+00 -4.4077e+00 +3.1502e+00
402 +4.702144921e+02 +4.702144921e+02 +4.007244921e+02 +4.007244921e+02 +5.4869e-01 +8.9261e+00 -4.5493e+00 -6.6555e+00 -1.1558e+00 -2.6647e+00 -1.0362e+00 +3.6331e+00 -7.8297e+00 +6.2908e-01 -2.0863e+00 -6.9709e+00 -4.9968e-02 -3.4204e-01 -8.7451e-01 -2.2840e+00 -3.8894e+00 -7.7252e-01 -5.0961e+00 +3.5073e+00
% function evaluation | noise-free fitness - Fopt (-2.718000000000e+01) | best noise-free fitness - Fopt | measured fitness | best measured fitness | x1 | x2...
1 +1.183810072e+07 +1.183810072e+07 +1.183807354e+07 +1.183807354e+07 +0.0000e+00 +0.0000e+00 +0.0000e+00 +0.0000e+00 +0.0000e+00 +0.0000e+00 +0.0000e+00 +0.0000e+00 +0.0000e+00 +0.0000e+00 +0.0000e+00 +0.0000e+00 +0.0000e+00 +0.0000e+00 +0.0000e+00 +0.0000e+00 +0.0000e+00 +0.0000e+00 +0.0000e+00 +0.0000e+00
2 +8.467241930e+06 +8.467241930e+06 +8.467214750e+06 +8.467214750e+06 -2.1893e+00 +9.5621e-01 -4.3353e-01 -1.9032e+00 +7.0009e-01 -7.5664e-01 +1.7896e+00 +5.3227e+00 +2.0462e-01 +1.4414e-01 +2.1656e+00 +1.0498e+00 +4.1909e-01 -1.0706e+00 +2.3011e+00 -1.9434e+00 +1.9040e+00 -5.1223e-01 -1.1082e+00 -7.8967e-01
3 +2.016704451e+06 +2.016704451e+06 +2.016677271e+06 +2.016677271e+06 -8.3996e-01 +1.0002e+00 +1.9286e+00 -1.5964e+00 -1.4075e+00 -1.4537e+00 +2.7150e+00 +2.8230e+00 -1.8655e+00 +4.0056e-02 +6.9373e-01 -9.8307e-01 -1.0745e+00 -9.3536e-01 -2.2704e-01 +1.8004e+00 +3.6791e+00 +1.1132e+00 -1.1394e+00 -4.8038e-01
12 +1.449919498e+06 +1.449919498e+06 +1.449892318e+06 +1.449892318e+06 -1.5298e+00 +1.8466e+00 +2.5775e+00 -9.1217e-01 -1.7688e+00 -1.6380e+00 +3.9410e+00 +2.4767e+00 -2.6755e+00 -6.2156e-02 +1.9810e+00 -3.0593e-01 -8.1635e-01 -5.9892e-01 +1.6049e-01 +3.4638e+00 +4.0112e+00 +2.2771e+00 -1.9991e+00 -1.5960e+00
13 +6.068897788e+05 +6.068897788e+05 +6.068625988e+05 +6.068625988e+05 -1.0572e+00 +3.6575e-01 +2.7598e+00 -2.8526e+00 -2.0197e+00 -2.9899e+00 +2.4869e+00 +4.9793e+00 -8.9140e-01 +1.9925e-03 +2.5627e+00 -1.5797e+00 -8.4389e-01 -9.6103e-01 +1.9605e+00 +4.2728e+00 +2.9200e+00 +1.5054e+00 -1.3579e+00 -2.1562e+00
14 +5.079757871e+04 +5.079757871e+04 +5.077039871e+04 +5.077039871e+04 -2.2631e+00 +2.1601e-01 +1.7001e+00 -2.9327e+00 -4.0577e-01 -2.7687e+00 +3.7531e+00 +6.2328e+00 -2.2503e+00 +4.0075e-01 +9.0867e-02 -4.7886e-01 -5.0029e-01 -2.6402e+00 -5.9938e-01 +3.8767e+00 +4.2764e+00 +1.7811e+00 -1.2461e+00 -2.2251e+00
17 +1.038465639e+03 +1.038465639e+03 +1.011285639e+03 +1.011285639e+03 -1.8362e+00 +1.4895e+00 +2.3195e+00 -3.3979e+00 -1.2072e+00 -1.5172e+00 +3.1282e+00 +3.9758e+00 -6.5005e-01 -1.6051e+00 +1.6916e+00 +1.7289e-01 -2.0822e+00 -1.1347e-01 -2.3450e-01 +2.1517e+00 +2.2274e+00 +8.3206e-01 -1.3033e+00 +7.4657e-02
62 +3.801213157e+02 +3.801213157e+02 +3.529413157e+02 +3.529413157e+02 -3.5675e+00 -1.1062e+00 +5.1798e+00 +1.4881e+00 -2.0627e+00 -4.8523e+00 +3.4469e+00 +9.2541e+00 +1.1744e+00 -1.4459e+00 +3.0879e-01 +2.4693e+00 -4.7106e+00 -2.1938e+00 +1.3827e+00 +1.7923e+00 +3.5750e+00 -4.6194e-01 -6.5877e-01 +1.4802e+00
% function evaluation | noise-free fitness - Fopt (-6.968800000000e+02) | best noise-free fitness - Fopt | measured fitness | best measured fitness | x1 | x2...
1 +2.061364153e+07 +2.061364153e+07 +2.061294465e+07 +2.061294465e+07 +0.0000e+00 +0.0000e+00 +0.0000e+00 +0.0000e+00 +0.0000e+00 +0.0000e+00 +0.0000e+00 +0.0000e+00 +0.0000e+00 +0.0000e+00 +0.0000e+00 +0.0000e+00 +0.0000e+00 +0.0000e+00 +0.0000e+00 +0.0000e+00 +0.0000e+00 +0.0000e+00 +0.0000e+00 +0.0000e+00
2 +1.441924836e+06 +1.441924836e+06 +1.441227956e+06 +1.441227956e+06 -4.7130e-01 -5.1206e-01 +4.6101e-02 +5.3010e-01 +1.1594e+00 -2.8802e-01 -3.8636e-01 -8.2494e-01 -2.0902e+00 -6.2965e-01 -1.2559e+00 +2.4764e+00 -3.1840e+00 -3.7399e+00 -1.2080e+00 +1.0189e+00 +5.1081e-01 -3.8019e+00 +1.1245e+00 +2.0834e+00
18 +1.736892308e+05 +1.736892308e+05 +1.729923508e+05 +1.729923508e+05 +3.1530e-01 -1.3886e+00 -1.6419e+00 +1.0881e+00 +1.6012e+00 +3.6420e-01 -2.0249e+00 -1.8700e+00 -2.8056e+00 -9.1203e-01 -5.7512e-01 +3.4265e+00 -4.5598e+00 -4.4470e+00 -1.3448e+00 +3.8825e-01 -8.7840e-01 -4.6170e+00 +1.3502e+00 +8.5738e-01
19 +9.142001137e+04 +9.142001137e+04 +9.072313137e+04 +9.072313137e+04 -9.7748e-01 -8.5947e-01 +1.8955e+00 -6.9393e-01 +3.0245e-01 +4.8053e-01 -1.1207e+00 -1.5572e+00 -2.5384e+00 -9.2993e-01 -1.1494e+00 +9.6293e-01 -3.0448e+00 -3.7539e+00 +9.6851e-02 +1.5867e+00 +1.8366e+00 -4.6239e+00 -2.8347e-01 +1.9659e+00
30 +2.184513870e+04 +2.184513870e+04 +2.114825870e+04 +2.114825870e+04 -7.6544e-01 -9.9179e-01 +3.1350e+00 -8.8478e-01 -2.7439e-01 +1.4896e+00 +1.9473e-01 +4.8913e-01 -3.4815e+00 -5.6560e-01 -1.1113e+00 +1.9955e+00 -3.0241e+00 -3.3244e+00 -5.9018e-01 +1.9358e+00 +1.7551e+00 -4.7444e+00 -7.4294e-01 +3.1001e+00
34 +1.556477769e+04 +1.556477769e+04 +1.486789769e+04 +1.486789769e+04 -1.8742e+00 -2.0796e+00 +3.6044e+00 -2.8150e+00 -2.3973e+00 +1.8198e+00 +2.6640e-01 +6.0221e-01 -2.7631e+00 -6.9077e-01 -2.4069e+00 +1.2873e+00 -3.4595e+00 -2.0080e+00 -9.3812e-01 +1.2132e+00 +2.2681e+00 -4.4791e+00 -2.5720e+00 +1.7593e+00
42 +8.043564959e+02 +8.043564959e+02 +1.074764959e+02 +1.074764959e+02 -2.0369e+00 -1.0701e+00 +4.9255e+00 -3.4231e+00 -2.8909e+00 +1.7649e+00 -2.4467e+00 +1.8397e+00 -3.2067e+00 -2.2499e-01 -1.2142e+00 +6.1885e-01 -4.3273e+00 -1.1281e+00 -1.5891e+00 +8.1509e-01 +2.3411e+00 -4.4634e+00 -4.7193e+00 +9.6658e-01
91 +1.715042143e+02 +1.715042143e+02 -5.253757857e+02 -5.253757857e+02 -3.5121e+00 -4.0807e+00 +3.7191e+00 +1.4460e+00 -4.1738e+00 +1.9370e+00 -4.1635e+00 -1.1319e+00 -5.8530e+00 -1.4736e+00 +1.1959e+00 +9.2322e-01 -6.2459e+00 -4.5881e+00 -6.0404e+00 +1.3732e+00 +2.0232e+00 -4.1899e+00 -5.6270e+00 +1.2844e+00
% function evaluation | noise-free fitness - Fopt (-4.895300000000e+02) | best noise-free fitness - Fopt | measured fitness | best measured fitness | x1 | x2...
1 +1.990445011e+06 +1.990445011e+06 +1.989955481e+06 +1.989955481e+06 +0.0000e+00 +0.0000e+00 +0.0000e+00 +0.0000e+00 +0.0000e+00 +0.0000e+00 +0.0000e+00 +0.0000e+00 +0.0000e+00 +0.0000e+00 +0.0000e+00 +0.0000e+00 +0.0000e+00 +0.0000e+00 +0.0000e+00 +0.0000e+00 +0.0000e+00 +0.0000e+00 +0.0000e+00 +0.0000e+00
2 +2.020756529e+04 +2.020756529e+04 +1.971803529e+04 +1.971803529e+04 +2.3037e+00 +2.0444e+00 +2.9398e-01 -1.3667e+00 +2.7787e-01 -8.1986e-01 +1.5073e+00 -9.0351e-01 +2.5988e+00 -2.3231e+00 +1.0605e-01 +3.7352e+00 -8.1216e-01 +1.0827e+00 +2.4943e+00 +8.6066e-01 +1.7719e+00 +2.2612e+00 +7.4518e-01 -1.6495e+00
14 +1.838294791e+04 +1.838294791e+04 +1.789341791e+04 +1.789341791e+04 +2.7589e+00 +3.6402e+00 +1.4925e+00 -2.8825e+00 +1.5596e+00 +4.2938e-01 +8.1207e-01 +5.3827e-01 +1.6128e+00 -1.4612e+00 -1.7581e-01 +1.4673e+00 -2.4909e-01 +2.8845e+00 +1.6739e+00 +1.1476e+00 +1.5243e+00 +1.5687e+00 -9.3102e-01 -4.2540e-01
16 +8.429272134e+02 +8.429272134e+02 +3.533972134e+02 +3.533972134e+02 +1.9121e+00 +2.9374e+00 -2.0648e+00 -3.5128e-02 +2.7719e-01 -1.7069e+00 +2.7252e+00 -3.0341e-01 +2.4809e+00 -2.2482e+00 -2.8715e-01 +1.4562e+00 -1.8671e+00 +1.5671e+00 +1.9919e-01 +6.8692e-01 +1.3351e+00 +2.7018e+00 +6.1104e-01 -2.2496e-01
17 +1.227232794e+02 +1.227232794e+02 -3.668067206e+02 -3.668067206e+02 +1.2000e+00 +1.7394e+00 +4.6415e-01 -4.3559e+00 +3.9736e-01 +9.2914e-01 +6.5990e-01 -6.8548e-01 +7.1662e-01 -2.1551e+00 -4.2596e-01 +2.2053e+00 -1.2069e+00 -1.4993e-01 +1.9215e+00 +8.1787e-01 +1.7163e+00 +3.6702e+00 -5.9715e-02 -3.0855e+00
% function evaluation | noise-free fitness - Fopt (-4.004000000000e+01) | best noise-free fitness - Fopt | measured fitness | best measured fitness | x1 | x2...
1 +5.124259452e+05 +5.124259452e+05 +5.123859052e+05 +5.123859052e+05 +0.0000e+00 +0.0000e+00 +0.0000e+00 +0.0000e+00 +0.0000e+00 +0.0000e+00 +0.0000e+00 +0.0000e+00 +0.0000e+00 +0.0000e+00 +0.0000e+00 +0.0000e+00 +0.0000e+00 +0.0000e+00 +0.0000e+00 +0.0000e+00 +0.0000e+00 +0.0000e+00 +0.0000e+00 +0.0000e+00
4 +5.698683359e+04 +5.698683359e+04 +5.694679359e+04 +5.694679359e+04 +1.3611e+00 -2.6847e+00 -2.4585e+00 +1.8283e+00 -1.0428e+00 +1.7984e+00 -1.0121e+00 -1.7754e+00 +3.9321e-01 +3.3301e-01 -1.8798e+00 +5.6470e-02 +4.2592e-01 +2.9914e+00 -1.7384e-01 +5.6577e-01 +3.6304e-01 +1.6571e+00 -1.4011e+00 +5.0026e-01
7 +3.793569253e+04 +3.793569253e+04 +3.789565253e+04 +3.789565253e+04 +1.0947e+00 -3.5651e+00 -1.4529e+00 +2.0803e+00 +4.1480e-01 +1.1525e+00 -9.3166e-01 +2.3632e+00 -9.2484e-01 +6.5482e-01 -2.8169e+00 +3.8932e-01 +6.6477e-01 +4.4753e+00 -1.4207e-01 -2.3621e-01 +4.1990e-01 +1.8429e+00 -5.8821e-01 -2.0921e+00
17 +3.422388804e+04 +3.422388804e+04 +3.418384804e+04 +3.418384804e+04 +1.9170e+00 -5.0859e+00 -1.4068e+00 +1.9469e+00 -1.6632e-01 +2.1571e+00 -1.0539e+00 +4.1390e+00 -2.3582e+00 -8.4009e-01 -4.1799e+00 -1.8122e-01 -2.6823e-02 +5.1215e+00 -4.6311e-01 -4.1910e-01 +2.2899e+00 +3.4100e+00 -1.1981e+00 -3.0917e+00
24 +6.093714136e+03 +6.093714136e+03 +6.053674136e+03 +6.053674136e+03 +1.6623e+00 -5.4558e+00 -1.2726e-01 +1.8157e+00 -1.4104e+00 +3.9131e+00 -1.1879e+00 +4.5870e+00 -1.0374e+00 +3.0003e-02 -4.7169e+00 -2.7839e+00 +2.9372e-01 +4.2139e+00 -9.5192e-01 -1.8398e+00 +8.8945e-01 +4.6716e+00 -1.2322e+00 -2.2844e+00
33 +7.393663914e+02 +7.393663914e+02 +6.993263914e+02 +6.993263914e+02 +6.5261e-01 -4.4884e+00 -3.3947e-01 +1.1348e+00 -1.1192e+00 +5.2814e+00 -3.8896e-01 +4.8258e+00 -5.9064e-02 +1.1240e+00 -5.5399e+00 -3.3955e+00 +6.9058e-01 +3.9261e+00 -2.2714e-01 -1.4107e+00 -4.5501e-01 +6.3505e+00 -2.1897e+00 -2.4831e+00
115 +6.795038153e+02 +6.795038153e+02 +6.394638153e+02 +6.394638153e+02 +1.3923e+00 -8.4647e+00 -1.3824e+00 -2.3014e+00 -2.1904e+00 +8.2918e-01 -1.0785e+01 +1.0253e+01 -1.3739e+00 -1.8720e+00 -5.3347e+00 -7.7878e+00 -1.7482e-01 +8.1637e+00 -1.4049e+00 -4.4653e-01 +3.7011e+00 +1.0522e+01 -2.0611e+00 +3.3277e+00
100135 +5.464722729e+02 +5.464722729e+02 +5.064322729e+02 +5.064322729e+02 +3.4403e+00 -1.7216e+00 -6.2552e+00 -1.4724e+00 -3.1499e+00 +1.0084e+00 +5.4494e+00 +2.4545e-01 +2.3202e+00 +5.3886e-01 -7.6879e+00 +4.1666e-01 +3.9159e+00 -2.9100e+00 +1.5635e+00 -3.2755e+00 -1.8762e+00 +2.8119e-01 +2.4215e+00 +1.2334e+00
100166 +4.639288057e+02 +4.639288057e+02 +4.238888057e+02 +4.238888057e+02 +2.3283e+00 -2.7727e+00 -7.5189e+00 +3.2047e+00 -3.2383e+00 +3.8649e+00 +7.4463e+00 +9.7388e-01 +3.1508e+00 +1.8883e+00 -6.4317e+00 -2.5219e-01 +4.2708e+00 -3.7412e+00 +2.7223e+00 -1.6893e-01 -3.4937e+00 +1.4870e+00 +9.1808e-01 +6.0029e-01
100191 +4.518050346e+02 +4.518050346e+02 +4.117650346e+02 +4.117650346e+02 +2.3966e+00 -3.6036e+00 -1.0605e+01 +1.6477e+00 -2.8182e+00 +3.7179e+00 +8.0242e+00 +1.8230e+00 +2.7305e+00 +3.6200e+00 -6.8261e+00 -2.5680e-01 +4.6215e+00 -4.1425e+00 +3.7697e+00 -2.1683e+00 -3.6664e+00 +1.0140e+00 +1.2165e+00 -6.4668e-02
% function evaluation | noise-free fitness - Fopt (-1.038100000000e+02) | best noise-free fitness - Fopt | measured fitness | best measured fitness | x1 | x2...
1 +1.016102973e+07 +1.016102973e+07 +1.016092592e+07 +1.016092592e+07 +0.0000e+00 +0.0000e+00 +0.0000e+00 +0.0000e+00 +0.0000e+00 +0.0000e+00 +0.0000e+00 +0.0000e+00 +0.0000e+00 +0.0000e+00 +0.0000e+00 +0.0000e+00 +0.0000e+00 +0.0000e+00 +0.0000e+00 +0.0000e+00 +0.0000e+00 +0.0000e+00 +0.0000e+00 +0.0000e+00
2 +9.565937693e+06 +9.565937693e+06 +9.565833883e+06 +9.565833883e+06 +1.1317e-03 -2.9440e+00 -2.2806e+00 -9.4466e-01 +2.1469e+00 -5.8908e-01 +1.8121e+00 +9.0738e-01 +9.7100e-01 -1.9036e+00 +4.2753e-01 +2.0831e+00 -2.1590e+00 +8.9054e-01 -2.7148e+00 +3.6476e+00 +1.0430e+00 +6.6591e-01 +1.3600e+00 +9.4536e-01
4 +2.277210099e+06 +2.277210099e+06 +2.277106289e+06 +2.277106289e+06 +5.7784e-01 +4.3526e+00 +3.7791e+00 +3.6370e+00 -2.1202e+00 +8.6436e-01 -1.4749e+00 -3.2959e+00 -2.3503e+00 +3.1045e+00 -2.0047e+00 -2.4022e+00 +1.2779e+00 -2.2160e+00 +3.1805e+00 -3.5028e+00 -5.5168e-01 +1.7433e-01 -7.6843e-01 +6.3362e-01
11 +4.972625453e+05 +4.972625453e+05 +4.971587353e+05 +4.971587353e+05 -2.5702e-01 +8.0590e+00 +5.7135e+00 +2.4842e+00 -2.1308e+00 -5.7556e-01 -3.6054e+00 -4.3114e+00 -3.9575e+00 +3.2251e+00 -3.4739e+00 -4.6249e+00 -5.2556e-01 -1.3333e+00 +4.8041e+00 -7.6143e+00 -4.4897e+00 -3.5425e+00 +5.8588e-01 -1.9679e+00
15 +2.995716522e+05 +2.995716522e+05 +2.994678422e+05 +2.994678422e+05 +5.4172e-01 +7.6551e+00 +4.5184e+00 +1.8432e+00 -2.3485e+00 -1.8147e+00 -3.6858e+00 -4.0497e+00 -3.8887e+00 +3.6659e+00 -1.8550e+00 -5.5111e+00 -6.3845e-01 -2.2987e+00 +4.9564e+00 -8.5857e+00 -3.0981e+00 -1.0939e+00 +6.4684e-01 -4.3480e+00
17 +4.565230550e+02 +4.565230550e+02 +3.527130550e+02 +3.527130550e+02 -1.0354e+00 +7.7084e+00 +5.6046e+00 +2.3886e+00 -1.3571e+00 +7.7793e-01 -2.9077e+00 -5.1031e+00 -4.2602e+00 +3.7990e+00 -4.0019e+00 -4.3633e+00 -5.4877e-01 -3.4028e-01 +4.4025e+00 -6.9966e+00 -3.8692e+00 -2.6239e+00 +1.2081e+00 -3.0316e+00
60 +4.443527304e+02 +4.443527304e+02 +3.405427304e+02 +3.405427304e+02 -3.9189e+00 +8.7697e+00 +5.4668e+00 +2.0045e+00 -3.1523e+00 +2.4088e+00 -3.5283e+00 -4.1658e+00 -5.1418e+00 +5.4619e+00 -2.1949e+00 -4.5566e+00 -3.1706e+00 +2.8486e-01 +3.1370e+00 -4.9862e+00 -2.0675e+00 -5.2014e+00 +6.1406e+00 -9.1993e-01
188 +4.339487964e+02 +4.339487964e+02 +3.301387964e+02 +3.301387964e+02 -5.4451e-01 +8.6041e+00 +5.9808e+00 +3.3295e+00 +8.9107e-01 +3.3733e+00 +2.3889e+00 +5.4675e-01 -1.6529e+00 +6.1310e+00 -5.8993e-01 -7.3149e+00 -5.5524e-01 -2.6326e+00 +2.6726e+00 +1.4386e+00 -8.9711e-01 +1.1851e+00 +5.9766e+00 -3.4275e+00
% function evaluation | noise-free fitness - Fopt (-2.380000000000e+01) | best noise-free fitness - Fopt | measured fitness | best measured fitness | x1 | x2...
1 +2.674757243e+06 +2.674757243e+06 +2.674733443e+06 +2.674733443e+06 +0.0000e+00 +0.0000e+00 +0.0000e+00 +0.0000e+00 +0.0000e+00 +0.0000e+00 +0.0000e+00 +0.0000e+00 +0.0000e+00 +0.0000e+00 +0.0000e+00 +0.0000e+00 +0.0000e+00 +0.0000e+00 +0.0000e+00 +0.0000e+00 +0.0000e+00 +0.0000e+00 +0.0000e+00 +0.0000e+00
5 +1.542522279e+06 +1.542522279e+06 +1.542498479e+06 +1.542498479e+06 +1.2500e+00 +1.2446e+00 +8.6732e-01 -1.0216e+00 +6.4689e-01 +9.3793e-04 +1.3780e+00 +4.5361e-02 -9.5395e-01 +1.1155e+00 +5.6040e-01 +1.1263e+00 -1.3953e-01 -1.5840e+00 -6.0181e-01 +6.5206e-01 +6.0777e-01 -9.1252e-02 -7.6518e-01 -1.6160e+00
10 +7.916443635e+05 +7.916443635e+05 +7.916205635e+05 +7.916205635e+05 +2.0385e+00 +2.1724e-01 -1.8138e-01 +6.0787e-02 +2.1640e+00 -2.0522e+00 -7.8244e-01 +2.4332e-01 +1.7065e+00 +2.4111e-01 -7.0259e-01 +8.1751e-01 +7.2059e-01 +1.5013e+00 +9.7740e-01 -1.5406e+00 +1.8513e-02 +1.7004e+00 -6.9926e-03 +7.3343e-02
12 +4.356071308e+05 +4.356071308e+05 +4.355833308e+05 +4.355833308e+05 +7.5744e-01 -1.3960e-01 -9.9108e-01 +2.1727e+00 +3.5144e+00 -3.0082e+00 -9.9848e-01 -2.8244e-01 +2.4597e+00 -6.1183e-01 -1.7419e+00 +5.2909e-01 -1.6209e+00 +2.1307e+00 +1.3397e+00 +2.2090e-01 +5.5250e-01 +2.8112e+00 -9.4646e-01 -1.0465e+00
15 +1.704459609e+05 +1.704459609e+05 +1.704221609e+05 +1.704221609e+05 +3.2614e+00 -1.6048e+00 -4.6710e-02 -6.6739e-01 +1.0354e+00 -1.8795e+00 -5.7560e-01 +8.2550e-01 +2.4175e+00 +9.0965e-01 +4.2629e-01 -1.2688e-01 -1.1021e+00 +6.1804e-01 +7.5738e-01 -2.1266e+00 -1.0035e+00 +8.8487e-01 -5.6392e-01 -2.0085e+00
18 +7.357515129e+03 +7.357515129e+03 +7.333715129e+03 +7.333715129e+03 +2.3249e+00 +5.9644e-02 -7.1120e-01 -8.9551e-01 +2.5234e-01 -2.6717e+00 +7.2174e-01 +1.2978e+00 +8.9336e-01 +1.5572e+00 +5.5374e-01 +2.3997e+00 -1.6925e+00 +1.3799e+00 +7.0576e-01 -1.8306e+00 -1.0185e+00 +1.4925e+00 +1.2699e+00 +5.7820e-01
24 +1.963247376e+03 +1.963247376e+03 +1.939447376e+03 +1.939447376e+03 +2.1452e+00 -2.8875e-01 -1.5150e+00 -1.7971e-02 -1.1028e+00 -3.0235e+00 +2.9982e+00 +1.2804e+00 +4.9781e-01 +1.7098e+00 +8.5137e-01 +3.0015e+00 -2.2018e+00 -3.4332e-01 +1.1704e+00 -1.6025e+00 -1.4518e+00 +1.3199e+00 +1.3334e+00 +1.8331e+00
63 +5.400841851e+02 +5.400841851e+02 +5.162841851e+02 +5.162841851e+02 +4.1865e+00 -1.7362e+00 +5.8056e-01 +8.5267e-01 -4.8687e-01 +1.2080e+00 +3.0809e+00 -7.1479e-01 -9.2879e-02 +3.1716e+00 +5.3932e-01 +7.8666e-02 -4.6711e+00 -1.9511e+00 -2.3771e+00 +8.3624e-01 -2.2646e+00 -4.5324e+00 +3.6145e+00 -1.1644e+00
% function evaluation | noise-free fitness - Fopt (7.459000000000e+01) | best noise-free fitness - Fopt | measured fitness | best measured fitness | x1 | x2...
1 +1.171172467e+07 +1.171172467e+07 +1.171179926e+07 +1.171179926e+07 +0.0000e+00 +0.0000e+00 +0.0000e+00 +0.0000e+00 +0.0000e+00 +0.0000e+00 +0.0000e+00 +0.0000e+00 +0.0000e+00 +0.0000e+00 +0.0000e+00 +0.0000e+00 +0.0000e+00 +0.0000e+00 +0.0000e+00 +0.0000e+00 +0.0000e+00 +0.0000e+00 +0.0000e+00 +0.0000e+00
3 +9.997294530e+06 +9.997294530e+06 +9.997369120e+06 +9.997369120e+06 -3.1106e-01 -1.4223e+00 -3.2623e+00 +4.8983e-01 -5.8062e+00 -5.2694e+00 +7.3269e+00 +1.2251e+00 +7.1794e-01 -1.1617e-01 -5.2532e-01 +6.0450e+00 -7.5846e+00 +2.2408e+00 +1.0043e+00 -3.6221e+00 -2.1926e+00 -5.3321e+00 -1.6054e+00 -3.5430e+00
8 +2.938718782e+06 +2.938718782e+06 +2.938793372e+06 +2.938793372e+06 +1.3860e+00 -2.8138e+00 -2.6942e+00 -5.5015e-01 -4.5215e+00 -5.7001e+00 +5.6380e+00 +1.0151e-01 +8.7987e-01 -8.3737e-01 -2.2193e+00 +7.3464e+00 -4.8380e+00 +5.2000e-01 -3.5681e-01 -4.7259e+00 -2.2931e+00 -4.1427e+00 -1.9436e+00 -3.0073e+00
12 +2.945748749e+04 +2.945748749e+04 +2.953207749e+04 +2.953207749e+04 +2.1782e+00 -3.3842e+00 -3.2116e+00 -2.0044e+00 -5.0396e+00 -4.7029e+00 +7.0323e+00 -9.6322e-01 +7.2808e-01 -1.0816e+00 -1.3449e+00 +9.4056e+00 -5.6548e+00 +7.6920e-02 +1.0846e+00 -4.5194e+00 -1.7398e+00 -4.7362e+00 -2.6666e+00 -4.1608e+00
35 +3.781805901e+03 +3.781805901e+03 +3.856395901e+03 +3.856395901e+03 +4.2060e+00 -3.2992e+00 -4.8576e+00 -8.4954e-01 -3.1570e+00 -5.3468e+00 +5.8252e+00 +9.8023e-01 -3.9422e-01 -2.0382e+00 -7.7948e-01 +7.7987e+00 -5.3414e+00 +2.1463e+00 +1.3436e+00 -3.8515e+00 -4.4547e+00 -4.0546e+00 -2.9660e+00 -5.0548e+00
57 +3.121849036e+02 +3.121849036e+02 +3.867749036e+02 +3.867749036e+02 +3.8329e+00 -2.3860e+00 -4.7317e+00 -1.7176e+00 -4.8737e+00 -2.6265e+00 +7.1155e+00 +2.1095e+00 +7.7347e-01 -1.1527e+00 -1.8126e-01 +8.7787e+00 -6.0781e+00 +7.8925e-01 +7.3217e-01 -4.4915e+00 -4.3556e+00 -4.8241e+00 -4.7938e+00 -2.6452e+00
% function evaluation | noise-free fitness - Fopt (2.225900000000e+02) | best noise-free fitness - Fopt | measured fitness | best measured fitness | x1 | x2...
1 +1.865798239e+06 +1.865798239e+06 +1.866020829e+06 +1.866020829e+06 +0.0000e+00 +0.0000e+00 +0.0000e+00 +0.0000e+00 +0.0000e+00 +0.0000e+00 +0.0000e+00 +0.0000e+00 +0.0000e+00 +0.0000e+00 +0.0000e+00 +0.0000e+00 +0.0000e+00 +0.0000e+00 +0.0000e+00 +0.0000e+00 +0.0000e+00 +0.0000e+00 +0.0000e+00 +0.0000e+00
2 +2.107107822e+05 +2.107107822e+05 +2.109333722e+05 +2.109333722e+05 +8.9580e-01 -7.0028e-01 -1.4495e+00 -1.5363e+00 -2.2491e+00 +1.9555e-01 -1.4946e+00 -3.2004e-01 -5.4501e-01 +5.0168e-01 -3.0624e-01 +5.8816e-02 +2.1675e+00 -1.2053e+00 +1.2535e+00 +1.2572e+00 +1.5012e+00 +1.0359e+00 +2.7629e+00 -4.9785e-01
4 +1.588470459e+04 +1.588470459e+04 +1.610729459e+04 +1.610729459e+04 -8.9724e-01 -3.3629e-01 -1.2383e+00 -4.9963e-01 +7.9659e-01 -1.3925e+00 -9.4254e-01 -6.4876e-01 +6.7937e-01 -4.9414e-01 +8.8906e-01 -2.1378e-01 +2.0123e+00 +8.8027e-02 -1.7847e+00 -1.3426e+00 +6.8038e-01 -5.5713e-01 -1.5364e+00 -2.0789e+00
12 +2.330103661e+02 +2.330103661e+02 +4.556003661e+02 +4.556003661e+02 -5.2146e-01 +3.9749e-01 -1.6669e+00 -2.5551e+00 +4.8882e-01 -3.8569e+00 -7.1651e-01 -1.3414e+00 +1.6089e+00 -6.2026e-01 +3.0616e-01 -4.4351e-01 +1.9130e+00 -7.0528e-01 +2.2648e-01 -2.8737e+00 +2.1937e+00 -1.9612e+00 -2.4559e+00 -1.9496e+00
% function evaluation | noise-free fitness - Fopt (-2.977700000000e+02) | best noise-free fitness - Fopt | measured fitness | best measured fitness | x1 | x2...
1 +5.975523743e+06 +5.975523743e+06 +5.975225973e+06 +5.975225973e+06 +0.0000e+00 +0.0000e+00 +0.0000e+00 +0.0000e+00 +0.0000e+00 +0.0000e+00 +0.0000e+00 +0.0000e+00 +0.0000e+00 +0.0000e+00 +0.0000e+00 +0.0000e+00 +0.0000e+00 +0.0000e+00 +0.0000e+00 +0.0000e+00 +0.0000e+00 +0.0000e+00 +0.0000e+00 +0.0000e+00
2 +5.395086910e+06 +5.395086910e+06 +5.394789140e+06 +5.394789140e+06 -1.2346e+00 -2.4751e+00 -8.9553e-01 -2.0312e-01 +1.6015e+00 -6.2749e-01 -4.8161e-01 +2.9354e+00 +7.5367e-01 +1.5437e-01 +3.0544e+00 -5.0680e+00 -1.2707e+00 +3.7064e+00 +1.7122e+00 +1.6740e-01 -1.9421e+00 +1.4226e+00 +9.1482e-01 +8.9487e-01
5 +1.143795083e+05 +1.143795083e+05 +1.140817383e+05 +1.140817383e+05 +8.7449e-01 -4.9242e-01 +7.8754e-02 +2.0085e+00 +1.0329e+00 -1.2732e+00 +6.8206e-01 +3.7931e+00 +1.4219e+00 +1.7302e+00 +4.9387e+00 -3.8348e+00 -7.7786e-01 +1.1188e+00 +1.9911e+00 +1.3740e-01 -2.6629e+00 -1.7557e-01 +1.7307e+00 +1.2487e+00
21 +2.117710498e+04 +2.117710498e+04 +2.087933498e+04 +2.087933498e+04 +6.4820e-01 -5.6687e-01 +8.7309e-01 +1.9984e+00 +1.2093e+00 -8.2006e-01 +4.5609e-01 +5.7952e+00 +1.0286e+00 +2.7682e+00 +6.7507e+00 -5.7113e+00 -2.9718e+00 +1.0077e+00 +2.1941e+00 +7.3393e-01 -2.1436e+00 -1.2400e+00 +3.9416e+00 +9.4052e-01
34 +5.542771082e+03 +5.542771082e+03 +5.245001082e+03 +5.245001082e+03 +2.0712e+00 -4.7511e-02 +2.5551e+00 +4.0856e-01 +1.1962e+00 +7.2403e-01 +1.8864e-01 +6.3637e+00 +4.1383e-01 +1.3290e+00 +5.5126e+00 -5.5765e+00 -3.2928e+00 +1.0347e+00 +3.5203e+00 +1.3255e+00 -5.0804e+00 -1.6546e+00 +3.3885e+00 +8.3049e-01
62 +8.794416860e+02 +8.794416860e+02 +5.816716860e+02 +5.816716860e+02 +1.3655e+00 -5.5581e-01 +2.0626e+00 +2.6266e+00 +7.7165e-01 -7.0917e-01 +4.5939e-02 +6.7359e+00 -5.6934e-01 +1.0647e+00 +6.4161e+00 -7.6504e+00 -2.2928e+00 -4.2666e-01 +1.0581e+00 +2.6407e+00 -3.9461e+00 -5.6338e+00 +3.5946e+00 +1.7479e+00
366 +6.036655829e+02 +6.036655829e+02 +3.058955829e+02 +3.058955829e+02 +1.1528e+01 -4.1082e+00 +1.1432e+00 +1.0951e+00 +1.4454e+00 -2.6076e-01 -4.4073e+00 +3.2163e+00 -5.1504e+00 -3.3653e+00 +6.4978e+00 -5.8395e+00 -3.3526e+00 +3.9632e+00 +7.1002e+00 +2.0055e+00 -3.6214e+00 +2.6600e+00 +8.0559e+00 -3.9403e+00
100071 +2.876819515e+02 +2.876819515e+02 -1.008804849e+01 -1.008804849e+01 -1.3164e+00 +5.1288e-01 +2.4460e+00 -1.0941e+00 +3.0363e-02 -1.0243e+00 +2.5308e+00 -7.9248e-01 +1.2988e+00 +8.8585e-01 -8.5428e+00 -6.8256e+00 -7.0052e+00 -1.6680e+00 -1.5572e+00 +3.6726e+00 +2.1976e+00 -2.5066e+00 +3.2175e-01 +2.0130e+00
