% function evaluation | noise-free fitness - Fopt (1.000000000000e+03) | best noise-free fitness - Fopt | measured fitness | best measured fitness | x1 | x2...
1 +7.992635762e+01 +7.992635762e+01 +1.079926358e+03 +1.079926358e+03 +0.0000e+00 +0.0000e+00
2 +7.159529650e+01 +7.159529650e+01 +1.071595297e+03 +1.071595297e+03 +2.6392e+00 +6.8355e-01
5 +3.289728986e+01 +3.289728986e+01 +1.032897290e+03 +1.032897290e+03 -1.4391e-02 +4.0499e-01
20 +2.670212202e+01 +2.670212202e+01 +1.026702122e+03 +1.026702122e+03 -6.7374e-01 +2.0212e+00
22 +2.338616925e+01 +2.338616925e+01 +1.023386169e+03 +1.023386169e+03 -5.5510e-01 +2.3325e+00
25 +1.948963391e+01 +1.948963391e+01 +1.019489634e+03 +1.019489634e+03 -2.5320e+00 +3.8953e+00
30 +1.798150357e+01 +1.798150357e+01 +1.017981504e+03 +1.017981504e+03 -1.2334e+00 +2.8643e+00
45 +6.471952957e+00 +6.471952957e+00 +1.006471953e+03 +1.006471953e+03 -2.1571e+00 +3.1909e+00
72 +4.697652065e+00 +4.697652065e+00 +1.004697652e+03 +1.004697652e+03 -2.3501e+00 +2.3908e+00
108 +1.121795446e+00 +1.121795446e+00 +1.001121795e+03 +1.001121795e+03 -2.2537e+00 +2.3263e+00
% function evaluation | noise-free fitness - Fopt (7.003000000000e+01) | best noise-free fitness - Fopt | measured fitness | best measured fitness | x1 | x2...
1 +8.195243526e+01 +8.195243526e+01 +1.519824353e+02 +1.519824353e+02 +0.0000e+00 +0.0000e+00
2 +3.261608853e+01 +3.261608853e+01 +1.026460885e+02 +1.026460885e+02 -4.0917e+00 -1.8822e+00
4 +1.846669741e+01 +1.846669741e+01 +8.849669741e+01 +8.849669741e+01 -1.7673e+00 -2.0579e+00
11 +8.927047255e+00 +8.927047255e+00 +7.895704725e+01 +7.895704725e+01 -1.4571e-01 -2.4038e+00
16 +8.499325669e+00 +8.499325669e+00 +7.852932567e+01 +7.852932567e+01 +1.0767e+00 -3.4448e+00
139 +6.141506880e+00 +6.141506880e+00 +7.617150688e+01 +7.617150688e+01 -2.5490e+00 -2.1256e+00
195 +1.792899113e+00 +1.792899113e+00 +7.182289911e+01 +7.182289911e+01 -8.8668e-01 -2.5096e+00
329 +1.427917445e+00 +1.427917445e+00 +7.145791744e+01 +7.145791744e+01 -7.2135e-01 -2.9161e+00
% function evaluation | noise-free fitness - Fopt (-4.822000000000e+01) | best noise-free fitness - Fopt | measured fitness | best measured fitness | x1 | x2...
1 +5.461267923e+01 +5.461267923e+01 +6.392679229e+00 +6.392679229e+00 +0.0000e+00 +0.0000e+00
3 +5.033142732e+01 +5.033142732e+01 +2.111427317e+00 +2.111427317e+00 -1.9831e+00 -6.2221e+00
4 +3.945386141e+01 +3.945386141e+01 -8.766138586e+00 -8.766138586e+00 -1.3361e+00 -2.9618e+00
8 +3.676598022e+01 +3.676598022e+01 -1.145401978e+01 -1.145401978e+01 -2.3424e+00 -3.8952e+00
10 +2.659032542e+01 +2.659032542e+01 -2.162967458e+01 -2.162967458e+01 -2.2450e+00 +1.1672e-01
13 +2.049397289e+01 +2.049397289e+01 -2.772602711e+01 -2.772602711e+01 -2.1786e+00 +1.8973e-01
25 +1.282894896e+01 +1.282894896e+01 -3.539105104e+01 -3.539105104e+01 -1.4374e+00 -5.8230e-02
44 +9.223264938e+00 +9.223264938e+00 -3.899673506e+01 -3.899673506e+01 -2.2885e+00 -1.4673e+00
56 +5.482047758e+00 +5.482047758e+00 -4.273795224e+01 -4.273795224e+01 -1.5254e+00 -1.4455e+00
59 +2.198655079e+00 +2.198655079e+00 -4.602134492e+01 -4.602134492e+01 -1.9385e+00 -1.9036e+00
109 +1.674736217e+00 +1.674736217e+00 -4.654526378e+01 -4.654526378e+01 -1.8961e+00 -1.8883e+00
232 +1.244444931e+00 +1.244444931e+00 -4.697555507e+01 -4.697555507e+01 -1.8154e+00 -1.0456e+00
307 +1.111588411e+00 +1.111588411e+00 -4.710841159e+01 -4.710841159e+01 -2.1396e+00 -4.6799e-01
1143 +1.065240862e+00 +1.065240862e+00 -4.715475914e+01 -4.715475914e+01 -1.9166e+00 -1.8904e+00
1218 +1.044336188e+00 +1.044336188e+00 -4.717566381e+01 -4.717566381e+01 -1.9302e+00 -1.8546e+00
1257 +1.019785884e+00 +1.019785884e+00 -4.720021412e+01 -4.720021412e+01 -1.9280e+00 -1.8581e+00
1292 +9.975163550e-01 +9.975163550e-01 -4.722248365e+01 -4.722248365e+01 -1.9247e+00 -1.8654e+00
% function evaluation | noise-free fitness - Fopt (2.547000000000e+01) | best noise-free fitness - Fopt | measured fitness | best measured fitness | x1 | x2...
1 +1.792634651e+02 +1.792634651e+02 +2.047334651e+02 +2.047334651e+02 +0.0000e+00 +0.0000e+00
2 +1.643871913e+02 +1.643871913e+02 +1.898571913e+02 +1.898571913e+02 +5.0336e-01 -1.7828e+00
8 +1.068697134e+02 +1.068697134e+02 +1.323397134e+02 +1.323397134e+02 -8.3404e-01 -9.5598e-01
13 +2.653885295e+01 +2.653885295e+01 +5.200885295e+01 +5.200885295e+01 -2.2257e+00 -1.7987e+00
15 +1.716803038e+01 +1.716803038e+01 +4.263803038e+01 +4.263803038e+01 -3.1667e+00 -1.4974e+00
16 +3.091862010e+00 +3.091862010e+00 +2.856186201e+01 +2.856186201e+01 -3.2158e+00 -1.9675e+00
160 +2.358169799e+00 +2.358169799e+00 +2.782816980e+01 +2.782816980e+01 -4.3946e+00 -1.8166e+00
222 +1.487376439e+00 +1.487376439e+00 +2.695737644e+01 +2.695737644e+01 -3.8400e+00 -1.8859e+00
258 +1.437537706e+00 +1.437537706e+00 +2.690753771e+01 +2.690753771e+01 -3.9318e+00 -1.3181e+00
303 +8.876878898e-01 +8.876878898e-01 +2.635768789e+01 +2.635768789e+01 -3.7355e+00 -1.9571e+00
% function evaluation | noise-free fitness - Fopt (-1.008100000000e+02) | best noise-free fitness - Fopt | measured fitness | best measured fitness | x1 | x2...
1 +2.170272634e+01 +2.170272634e+01 -7.910727366e+01 -7.910727366e+01 +0.0000e+00 +0.0000e+00
5 +1.947352600e+01 +1.947352600e+01 -8.133647400e+01 -8.133647400e+01 -2.9472e-02 -1.1841e-01
6 +1.377876952e+01 +1.377876952e+01 -8.703123048e+01 -8.703123048e+01 -1.8486e-01 -6.3774e-01
9 +1.213458777e+01 +1.213458777e+01 -8.867541223e+01 -8.867541223e+01 +2.3858e-01 -7.4406e-01
19 +6.514297611e+00 +6.514297611e+00 -9.429570239e+01 -9.429570239e+01 +1.2075e-01 +7.5781e-01
60 +1.119421495e+00 +1.119421495e+00 -9.969057851e+01 -9.969057851e+01 +1.0042e+00 +5.2516e-01
460 +9.827726614e-01 +9.827726614e-01 -9.982722734e+01 -9.982722734e+01 +1.0605e+00 +5.1201e-01
% function evaluation | noise-free fitness - Fopt (-3.496000000000e+01) | best noise-free fitness - Fopt | measured fitness | best measured fitness | x1 | x2...
1 +6.908235902e+01 +6.908235902e+01 +3.412235902e+01 +3.412235902e+01 +0.0000e+00 +0.0000e+00
3 +3.976195830e+01 +3.976195830e+01 +4.801958296e+00 +4.801958296e+00 -9.8154e-01 -4.8210e-01
4 +3.378476706e+01 +3.378476706e+01 -1.175232937e+00 -1.175232937e+00 -5.9253e-01 -4.9071e-01
23 +3.011529664e+01 +3.011529664e+01 -4.844703361e+00 -4.844703361e+00 -1.4149e+00 -1.0785e+00
52 +1.699319955e+01 +1.699319955e+01 -1.796680045e+01 -1.796680045e+01 -4.8105e-01 -3.1900e+00
55 +1.065353223e+01 +1.065353223e+01 -2.430646777e+01 -2.430646777e+01 -7.9971e-01 -1.8298e+00
77 +7.423406260e+00 +7.423406260e+00 -2.753659374e+01 -2.753659374e+01 +9.8357e-01 -2.0707e+00
138 +2.070652272e+00 +2.070652272e+00 -3.288934773e+01 -3.288934773e+01 +1.7668e+00 -4.0842e+00
326 +1.873680779e+00 +1.873680779e+00 -3.308631922e+01 -3.308631922e+01 +1.5437e+00 -3.5344e+00
348 +4.435613865e-01 +4.435613865e-01 -3.451643861e+01 -3.451643861e+01 +9.3755e-01 -3.1366e+00
% function evaluation | noise-free fitness - Fopt (-2.727900000000e+02) | best noise-free fitness - Fopt | measured fitness | best measured fitness | x1 | x2...
1 +8.792263540e+01 +8.792263540e+01 -1.848673646e+02 -1.848673646e+02 +0.0000e+00 +0.0000e+00
4 +3.184511647e+01 +3.184511647e+01 -2.409448835e+02 -2.409448835e+02 -1.1798e+00 +3.5405e+00
10 +2.267629889e+01 +2.267629889e+01 -2.501137011e+02 -2.501137011e+02 -8.5501e-01 +1.9125e+00
16 +1.539223193e+01 +1.539223193e+01 -2.573977681e+02 -2.573977681e+02 -1.4655e+00 +1.3387e+00
20 +1.200348141e+01 +1.200348141e+01 -2.607865186e+02 -2.607865186e+02 -1.9934e+00 +3.9813e-01
44 +1.166536361e+01 +1.166536361e+01 -2.611246364e+02 -2.611246364e+02 -2.4665e+00 -4.9892e-01
78 +1.045797664e+01 +1.045797664e+01 -2.623320234e+02 -2.623320234e+02 -2.7456e+00 +1.5428e+00
111 +6.807910902e+00 +6.807910902e+00 -2.659820891e+02 -2.659820891e+02 -2.2385e+00 +2.2924e+00
206 +1.088571249e+00 +1.088571249e+00 -2.717014288e+02 -2.717014288e+02 -3.0774e+00 +4.2783e-01
% function evaluation | noise-free fitness - Fopt (1.410200000000e+02) | best noise-free fitness - Fopt | measured fitness | best measured fitness | x1 | x2...
1 +1.141292678e+01 +1.141292678e+01 +1.524329268e+02 +1.524329268e+02 +0.0000e+00 +0.0000e+00
32 +1.073570591e+01 +1.073570591e+01 +1.517557059e+02 +1.517557059e+02 +6.0812e-01 -5.1983e-01
33 +4.373287272e+00 +4.373287272e+00 +1.453932873e+02 +1.453932873e+02 -9.4769e-01 +6.5153e-01
70 +2.791704083e+00 +2.791704083e+00 +1.438117041e+02 +1.438117041e+02 -9.3389e-01 +6.6451e-01
324 +2.662303157e+00 +2.662303157e+00 +1.436823032e+02 +1.436823032e+02 -1.8270e+00 +1.6061e+00
328 +7.114271491e-01 +7.114271491e-01 +1.417314271e+02 +1.417314271e+02 -1.7325e+00 +1.5892e+00
% function evaluation | noise-free fitness - Fopt (8.113000000000e+01) | best noise-free fitness - Fopt | measured fitness | best measured fitness | x1 | x2...
1 +5.958289269e+01 +5.958289269e+01 +1.407128927e+02 +1.407128927e+02 +0.0000e+00 +0.0000e+00
2 +2.200245482e+01 +2.200245482e+01 +1.031324548e+02 +1.031324548e+02 +2.7550e-01 +1.4677e+00
27 +1.244652392e+01 +1.244652392e+01 +9.357652392e+01 +9.357652392e+01 +1.3683e+00 +3.6240e-01
36 +2.195574134e+00 +2.195574134e+00 +8.332557413e+01 +8.332557413e+01 +2.2477e+00 +8.2974e-01
% function evaluation | noise-free fitness - Fopt (1.049200000000e+02) | best noise-free fitness - Fopt | measured fitness | best measured fitness | x1 | x2...
1 +1.807278825e+02 +1.807278825e+02 +2.856478825e+02 +2.856478825e+02 +0.0000e+00 +0.0000e+00
2 +1.627437301e+02 +1.627437301e+02 +2.676637301e+02 +2.676637301e+02 -4.0612e-01 -4.6817e-02
3 +1.011146795e+02 +1.011146795e+02 +2.060346795e+02 +2.060346795e+02 -1.4493e+00 -3.9649e-01
5 +3.550040897e+01 +3.550040897e+01 +1.404204090e+02 +1.404204090e+02 -3.4066e+00 -2.6387e+00
13 +7.394247377e+00 +7.394247377e+00 +1.123142474e+02 +1.123142474e+02 -3.0158e+00 -2.9172e+00
41 +5.185703265e+00 +5.185703265e+00 +1.101057033e+02 +1.101057033e+02 -4.7385e-01 -4.0288e+00
239 +4.575227750e+00 +4.575227750e+00 +1.094952277e+02 +1.094952277e+02 -1.3347e+00 -3.8204e+00
272 +3.937596416e+00 +3.937596416e+00 +1.088575964e+02 +1.088575964e+02 -1.9821e+00 -3.0551e+00
560 +2.911040532e+00 +2.911040532e+00 +1.078310405e+02 +1.078310405e+02 -1.3605e+00 -4.2609e+00
784 +9.960656419e-01 +9.960656419e-01 +1.059160656e+02 +1.059160656e+02 -3.0785e+00 -2.7987e+00
% function evaluation | noise-free fitness - Fopt (3.029000000000e+01) | best noise-free fitness - Fopt | measured fitness | best measured fitness | x1 | x2...
1 +4.492576947e+01 +4.492576947e+01 +7.521576947e+01 +7.521576947e+01 +0.0000e+00 +0.0000e+00
5 +2.647700388e+01 +2.647700388e+01 +5.676700388e+01 +5.676700388e+01 -1.7470e+00 +3.7744e-01
21 +1.634875439e+01 +1.634875439e+01 +4.663875439e+01 +4.663875439e+01 -1.3884e+00 -2.1510e-01
34 +9.890760274e+00 +9.890760274e+00 +4.018076027e+01 +4.018076027e+01 -2.3315e+00 -5.0017e-01
91 +6.154056803e+00 +6.154056803e+00 +3.644405680e+01 +3.644405680e+01 -1.9283e+00 -9.5957e-01
138 +3.769828338e+00 +3.769828338e+00 +3.405982834e+01 +3.405982834e+01 -3.5044e+00 -2.0473e+00
267 +2.510760695e+00 +2.510760695e+00 +3.280076070e+01 +3.280076070e+01 -3.0647e+00 -2.4461e+00
278 +2.448417025e+00 +2.448417025e+00 +3.273841703e+01 +3.273841703e+01 -3.6218e+00 -2.1508e+00
286 +1.551925169e+00 +1.551925169e+00 +3.184192517e+01 +3.184192517e+01 -3.5577e+00 -2.0993e+00
300 +1.487831448e+00 +1.487831448e+00 +3.177783145e+01 +3.177783145e+01 -3.3005e+00 -2.3091e+00
320 +1.237313227e+00 +1.237313227e+00 +3.152731323e+01 +3.152731323e+01 -3.0287e+00 -2.4537e+00
381 +4.520721373e-03 +4.520721373e-03 +3.029452072e+01 +3.029452072e+01 -3.2794e+00 -2.2522e+00
% function evaluation | noise-free fitness - Fopt (1.210500000000e+02) | best noise-free fitness - Fopt | measured fitness | best measured fitness | x1 | x2...
1 +7.868118285e+01 +7.868118285e+01 +1.997311828e+02 +1.997311828e+02 +0.0000e+00 +0.0000e+00
2 +4.790162057e+01 +4.790162057e+01 +1.689516206e+02 +1.689516206e+02 -2.8423e-01 -6.0470e-01
9 +4.356780547e+01 +4.356780547e+01 +1.646178055e+02 +1.646178055e+02 -5.3525e-01 -5.0013e-01
11 +3.876216511e+01 +3.876216511e+01 +1.598121651e+02 +1.598121651e+02 -1.2223e+00 -9.8427e-01
14 +3.042365676e+01 +3.042365676e+01 +1.514736568e+02 +1.514736568e+02 -2.1425e+00 -8.6883e-01
16 +2.347344513e+01 +2.347344513e+01 +1.445234451e+02 +1.445234451e+02 -4.6911e-01 -1.3085e+00
34 +6.765616484e+00 +6.765616484e+00 +1.278156165e+02 +1.278156165e+02 +9.7374e-01 -3.2291e+00
76 +4.328129082e+00 +4.328129082e+00 +1.253781291e+02 +1.253781291e+02 +2.1927e+00 -3.2974e+00
240 +1.857810644e+00 +1.857810644e+00 +1.229078106e+02 +1.229078106e+02 +1.1567e+00 -2.9755e+00
385 +7.296817890e-01 +7.296817890e-01 +1.217796818e+02 +1.217796818e+02 +2.1020e+00 -3.5504e+00
579 +1.039451568e-01 +1.039451568e-01 +1.211539452e+02 +1.211539452e+02 +2.0868e+00 -3.5675e+00
705 +1.043219394e-02 +1.043219394e-02 +1.210604322e+02 +1.210604322e+02 +2.0680e+00 -3.5572e+00
1075 +3.385855118e-03 +3.385855118e-03 +1.210533859e+02 +1.210533859e+02 +2.0694e+00 -3.5563e+00
1124 +8.584701140e-04 +8.584701140e-04 +1.210508585e+02 +1.210508585e+02 +2.0681e+00 -3.5537e+00
1289 +4.824817213e-04 +4.824817213e-04 +1.210504825e+02 +1.210504825e+02 +2.0668e+00 -3.5541e+00
1413 +1.640554494e-04 +1.640554494e-04 +1.210501641e+02 +1.210501641e+02 +2.0687e+00 -3.5549e+00
1418 +7.940189479e-05 +7.940189479e-05 +1.210500794e+02 +1.210500794e+02 +2.0676e+00 -3.5543e+00
1617 +6.155373242e-06 +6.155373242e-06 +1.210500062e+02 +1.210500062e+02 +2.0681e+00 -3.5545e+00
1785 +2.130957157e-06 +2.130957157e-06 +1.210500021e+02 +1.210500021e+02 +2.0680e+00 -3.5545e+00
1991 +1.673106382e-06 +1.673106382e-06 +1.210500017e+02 +1.210500017e+02 +2.0681e+00 -3.5544e+00
2024 +1.641237020e-06 +1.641237020e-06 +1.210500016e+02 +1.210500016e+02 +2.0679e+00 -3.5544e+00
2077 +8.802527844e-07 +8.802527844e-07 +1.210500009e+02 +1.210500009e+02 +2.0680e+00 -3.5544e+00
2110 +4.787752061e-07 +4.787752061e-07 +1.210500005e+02 +1.210500005e+02 +2.0680e+00 -3.5544e+00
2128 +1.222195323e-07 +1.222195323e-07 +1.210500001e+02 +1.210500001e+02 +2.0680e+00 -3.5544e+00
2262 +7.575634697e-08 +7.575634697e-08 +1.210500001e+02 +1.210500001e+02 +2.0680e+00 -3.5544e+00
2272 +4.854055646e-08 +4.854055646e-08 +1.210500000e+02 +1.210500000e+02 +2.0680e+00 -3.5544e+00
2370 +3.422098871e-08 +3.422098871e-08 +1.210500000e+02 +1.210500000e+02 +2.0680e+00 -3.5544e+00
2374 +6.397527841e-09 +6.397527841e-09 +1.210500000e+02 +1.210500000e+02 +2.0680e+00 -3.5544e+00
3948 +0.000000000e+00 +0.000000000e+00 +1.210500000e+02 +1.210500000e+02 +2.0680e+00 -3.5544e+00
% function evaluation | noise-free fitness - Fopt (-1.033000000000e+01) | best noise-free fitness - Fopt | measured fitness | best measured fitness | x1 | x2...
1 +2.390417171e+02 +2.390417171e+02 +2.287117171e+02 +2.287117171e+02 +0.0000e+00 +0.0000e+00
8 +1.911432102e+02 +1.911432102e+02 +1.808132102e+02 +1.808132102e+02 -2.3398e-01 +1.6594e+00
12 +8.554215607e+01 +8.554215607e+01 +7.521215607e+01 +7.521215607e+01 +4.3493e-01 +3.1872e+00
18 +6.549048458e+01 +6.549048458e+01 +5.516048458e+01 +5.516048458e+01 +2.1201e+00 +2.2831e+00
22 +4.287244446e+01 +4.287244446e+01 +3.254244446e+01 +3.254244446e+01 +4.7192e+00 +3.7135e+00
23 +2.086807718e+01 +2.086807718e+01 +1.053807718e+01 +1.053807718e+01 +4.3037e+00 +3.7561e+00
45 +1.962307362e+01 +1.962307362e+01 +9.293073621e+00 +9.293073621e+00 +4.0398e+00 +2.9020e+00
48 +1.104695555e+01 +1.104695555e+01 +7.169555470e-01 +7.169555470e-01 +3.5341e+00 +3.2678e+00
64 +6.474141345e+00 +6.474141345e+00 -3.855858655e+00 -3.855858655e+00 +3.1198e+00 +3.1814e+00
97 +5.779934449e+00 +5.779934449e+00 -4.550065551e+00 -4.550065551e+00 +3.2101e+00 +2.4878e+00
234 +2.084959394e+00 +2.084959394e+00 -8.245040606e+00 -8.245040606e+00 +3.1666e+00 +4.3066e+00
311 +1.974059723e+00 +1.974059723e+00 -8.355940277e+00 -8.355940277e+00 +3.7123e+00 +2.6056e+00
422 +1.250604047e+00 +1.250604047e+00 -9.079395953e+00 -9.079395953e+00 +3.7849e+00 +2.4892e+00
523 +1.140889123e+00 +1.140889123e+00 -9.189110877e+00 -9.189110877e+00 +3.7648e+00 +2.4982e+00
672 +1.098813007e+00 +1.098813007e+00 -9.231186993e+00 -9.231186993e+00 +3.7438e+00 +2.5336e+00
756 +1.033428741e+00 +1.033428741e+00 -9.296571259e+00 -9.296571259e+00 +3.7692e+00 +2.5071e+00
767 +1.010591075e+00 +1.010591075e+00 -9.319408925e+00 -9.319408925e+00 +3.7632e+00 +2.5102e+00
1023 +9.988086066e-01 +9.988086066e-01 -9.331191393e+00 -9.331191393e+00 +3.7618e+00 +2.5146e+00
% function evaluation | noise-free fitness - Fopt (-6.846000000000e+01) | best noise-free fitness - Fopt | measured fitness | best measured fitness | x1 | x2...
1 +1.554663076e+02 +1.554663076e+02 +8.700630758e+01 +8.700630758e+01 +0.0000e+00 +0.0000e+00
3 +7.474221308e+01 +7.474221308e+01 +6.282213080e+00 +6.282213080e+00 +5.8315e+00 +2.7519e+00
15 +5.283145817e+01 +5.283145817e+01 -1.562854183e+01 -1.562854183e+01 +5.8496e+00 +3.1991e+00
17 +2.972115327e+01 +2.972115327e+01 -3.873884673e+01 -3.873884673e+01 +3.1227e+00 +1.4127e+00
22 +2.373470149e+01 +2.373470149e+01 -4.472529851e+01 -4.472529851e+01 +2.2885e+00 +4.5810e-01
50 +2.487525973e+00 +2.487525973e+00 -6.597247403e+01 -6.597247403e+01 +3.8217e+00 +2.1797e+00
108 +1.220288391e+00 +1.220288391e+00 -6.723971161e+01 -6.723971161e+01 +3.7466e+00 +3.5732e+00
260 +6.505644258e-01 +6.505644258e-01 -6.780943557e+01 -6.780943557e+01 +3.5768e+00 +2.6344e+00
% function evaluation | noise-free fitness - Fopt (-1.314900000000e+02) | best noise-free fitness - Fopt | measured fitness | best measured fitness | x1 | x2...
1 +6.120360097e+01 +6.120360097e+01 -7.028639903e+01 -7.028639903e+01 +0.0000e+00 +0.0000e+00
2 +3.828877031e+01 +3.828877031e+01 -9.320122969e+01 -9.320122969e+01 +2.5069e-01 +7.6827e-01
5 +2.993442606e+01 +2.993442606e+01 -1.015555739e+02 -1.015555739e+02 -1.7937e+00 +1.7673e+00
12 +2.228011324e+01 +2.228011324e+01 -1.092098868e+02 -1.092098868e+02 -1.2398e+00 +1.7059e+00
22 +1.219600378e+01 +1.219600378e+01 -1.192939962e+02 -1.192939962e+02 -4.9775e-01 +1.3994e+00
91 +1.186006070e+01 +1.186006070e+01 -1.196299393e+02 -1.196299393e+02 -1.0014e+00 +7.8741e-03
98 +9.832021754e+00 +9.832021754e+00 -1.216579782e+02 -1.216579782e+02 -1.0298e+00 -7.7894e-02
114 +7.649012662e+00 +7.649012662e+00 -1.238409873e+02 -1.238409873e+02 -2.7483e+00 -7.5655e-01
170 +2.284816359e+00 +2.284816359e+00 -1.292051836e+02 -1.292051836e+02 -3.6813e+00 -1.3002e+00
208 +2.078105589e+00 +2.078105589e+00 -1.294118944e+02 -1.294118944e+02 -3.6760e+00 -8.3490e-01
421 +1.106493661e+00 +1.106493661e+00 -1.303835063e+02 -1.303835063e+02 -3.7053e+00 -8.5451e-01
966 +1.079319823e+00 +1.079319823e+00 -1.304106802e+02 -1.304106802e+02 -2.8840e+00 +2.5562e-02
1006 +1.063789056e+00 +1.063789056e+00 -1.304262109e+02 -1.304262109e+02 -2.8257e+00 -3.2493e-01
1014 +1.780511598e-01 +1.780511598e-01 -1.313119488e+02 -1.313119488e+02 -2.8908e+00 -3.3687e-01
1028 +2.771809300e-02 +2.771809300e-02 -1.314622819e+02 -1.314622819e+02 -2.8605e+00 -3.2021e-01
1342 +2.049984396e-02 +2.049984396e-02 -1.314695002e+02 -1.314695002e+02 -2.8703e+00 -3.3287e-01
1352 +1.120401036e-02 +1.120401036e-02 -1.314787960e+02 -1.314787960e+02 -2.8664e+00 -3.2399e-01
1530 +3.458178650e-03 +3.458178650e-03 -1.314865418e+02 -1.314865418e+02 -2.8664e+00 -3.2516e-01
1660 +2.043083757e-03 +2.043083757e-03 -1.314879569e+02 -1.314879569e+02 -2.8646e+00 -3.2516e-01
1662 +1.756348579e-03 +1.756348579e-03 -1.314882437e+02 -1.314882437e+02 -2.8690e+00 -3.2923e-01
1724 +1.436229290e-03 +1.436229290e-03 -1.314885638e+02 -1.314885638e+02 -2.8656e+00 -3.2711e-01
1768 +1.031718853e-07 +1.031718853e-07 -1.314899999e+02 -1.314899999e+02 -2.8672e+00 -3.2719e-01
2388 +8.306784594e-08 +8.306784594e-08 -1.314899999e+02 -1.314899999e+02 -2.8672e+00 -3.2721e-01
2711 +5.434174000e-09 +5.434174000e-09 -1.314900000e+02 -1.314900000e+02 -2.8672e+00 -3.2720e-01
4304 +0.000000000e+00 +0.000000000e+00 -1.314900000e+02 -1.314900000e+02 -2.8672e+00 -3.2720e-01
