% function evaluation | noise-free fitness - Fopt (-4.620900000000e+02) | best noise-free fitness - Fopt | measured fitness | best measured fitness | x1 | x2...
1 +1.387390986e+03 +1.387390986e+03 +9.253009860e+02 +9.253009860e+02
73 +1.328066877e+03 +1.328066877e+03 +8.659768769e+02 +8.659768769e+02
105 +1.271813109e+03 +1.271813109e+03 +8.097231094e+02 +8.097231094e+02
109 +1.019177036e+03 +1.019177036e+03 +5.570870365e+02 +5.570870365e+02
1684 +8.684255513e+02 +8.684255513e+02 +4.063355513e+02 +4.063355513e+02
2070 +8.438035177e+02 +8.438035177e+02 +3.817135177e+02 +3.817135177e+02
2314 +7.645019884e+02 +7.645019884e+02 +3.024119884e+02 +3.024119884e+02
2328 +7.168041697e+02 +7.168041697e+02 +2.547141697e+02 +2.547141697e+02
3494 +7.075736778e+02 +7.075736778e+02 +2.454836778e+02 +2.454836778e+02
3503 +6.689252666e+02 +6.689252666e+02 +2.068352666e+02 +2.068352666e+02
3506 +5.844986172e+02 +5.844986172e+02 +1.224086172e+02 +1.224086172e+02
7088 +5.744885590e+02 +5.744885590e+02 +1.123985590e+02 +1.123985590e+02
7680 +5.389302052e+02 +5.389302052e+02 +7.684020524e+01 +7.684020524e+01
7697 +5.303375481e+02 +5.303375481e+02 +6.824754811e+01 +6.824754811e+01
8993 +4.825715381e+02 +4.825715381e+02 +2.048153807e+01 +2.048153807e+01
11947 +4.718361565e+02 +4.718361565e+02 +9.746156488e+00 +9.746156488e+00
19273 +4.548235708e+02 +4.548235708e+02 -7.266429238e+00 -7.266429238e+00
20429 +4.420866011e+02 +4.420866011e+02 -2.000339893e+01 -2.000339893e+01
25297 +4.214274482e+02 +4.214274482e+02 -4.066255176e+01 -4.066255176e+01
27214 +3.974344270e+02 +3.974344270e+02 -6.465557297e+01 -6.465557297e+01
35261 +3.882094522e+02 +3.882094522e+02 -7.388054783e+01 -7.388054783e+01
35365 +3.734132858e+02 +3.734132858e+02 -8.867671425e+01 -8.867671425e+01
40821 +3.708627516e+02 +3.708627516e+02 -9.122724843e+01 -9.122724843e+01
41783 +3.583319322e+02 +3.583319322e+02 -1.037580678e+02 -1.037580678e+02
62881 +3.262129511e+02 +3.262129511e+02 -1.358770489e+02 -1.358770489e+02
64550 +3.228309186e+02 +3.228309186e+02 -1.392590814e+02 -1.392590814e+02
64695 +3.013634541e+02 +3.013634541e+02 -1.607265459e+02 -1.607265459e+02
67304 +2.755307680e+02 +2.755307680e+02 -1.865592320e+02 -1.865592320e+02
70609 +2.745428233e+02 +2.745428233e+02 -1.875471767e+02 -1.875471767e+02
70978 +2.587468266e+02 +2.587468266e+02 -2.033431734e+02 -2.033431734e+02
72916 +2.548622710e+02 +2.548622710e+02 -2.072277290e+02 -2.072277290e+02
74114 +2.234571514e+02 +2.234571514e+02 -2.386328486e+02 -2.386328486e+02
74553 +2.033284175e+02 +2.033284175e+02 -2.587615825e+02 -2.587615825e+02
78301 +1.893470154e+02 +1.893470154e+02 -2.727429846e+02 -2.727429846e+02
78315 +1.837460182e+02 +1.837460182e+02 -2.783439818e+02 -2.783439818e+02
78558 +1.757012749e+02 +1.757012749e+02 -2.863887251e+02 -2.863887251e+02
78592 +1.698587447e+02 +1.698587447e+02 -2.922312553e+02 -2.922312553e+02
80607 +1.659087794e+02 +1.659087794e+02 -2.961812206e+02 -2.961812206e+02
80692 +1.583636614e+02 +1.583636614e+02 -3.037263386e+02 -3.037263386e+02
80715 +1.542576744e+02 +1.542576744e+02 -3.078323256e+02 -3.078323256e+02
80737 +1.505046359e+02 +1.505046359e+02 -3.115853641e+02 -3.115853641e+02
83246 +1.466313986e+02 +1.466313986e+02 -3.154586014e+02 -3.154586014e+02
83689 +1.415560188e+02 +1.415560188e+02 -3.205339812e+02 -3.205339812e+02
83698 +1.395438816e+02 +1.395438816e+02 -3.225461184e+02 -3.225461184e+02
84454 +1.326385013e+02 +1.326385013e+02 -3.294514987e+02 -3.294514987e+02
85845 +1.312008340e+02 +1.312008340e+02 -3.308891660e+02 -3.308891660e+02
85919 +1.281813026e+02 +1.281813026e+02 -3.339086974e+02 -3.339086974e+02
88240 +1.244797453e+02 +1.244797453e+02 -3.376102547e+02 -3.376102547e+02
88973 +1.219411311e+02 +1.219411311e+02 -3.401488689e+02 -3.401488689e+02
88996 +1.197495508e+02 +1.197495508e+02 -3.423404492e+02 -3.423404492e+02
91255 +1.173664227e+02 +1.173664227e+02 -3.447235773e+02 -3.447235773e+02
93840 +1.146382502e+02 +1.146382502e+02 -3.474517498e+02 -3.474517498e+02
96485 +1.121581638e+02 +1.121581638e+02 -3.499318362e+02 -3.499318362e+02
196316 +1.094326729e+02 +1.094326729e+02 -3.526573271e+02 -3.526573271e+02
287818 +1.064459357e+02 +1.064459357e+02 -3.556440643e+02 -3.556440643e+02
289840 +1.043674680e+02 +1.043674680e+02 -3.577225320e+02 -3.577225320e+02
290723 +1.012582001e+02 +1.012582001e+02 -3.608317999e+02 -3.608317999e+02
290822 +9.958439178e+01 +9.958439178e+01 -3.625056082e+02 -3.625056082e+02
290939 +9.591258700e+01 +9.591258700e+01 -3.661774130e+02 -3.661774130e+02
291703 +9.430329284e+01 +9.430329284e+01 -3.677867072e+02 -3.677867072e+02
293226 +9.290287583e+01 +9.290287583e+01 -3.691871242e+02 -3.691871242e+02
293255 +9.003103517e+01 +9.003103517e+01 -3.720589648e+02 -3.720589648e+02
293320 +8.899364492e+01 +8.899364492e+01 -3.730963551e+02 -3.730963551e+02
296610 +8.655220377e+01 +8.655220377e+01 -3.755377962e+02 -3.755377962e+02
299042 +8.484453083e+01 +8.484453083e+01 -3.772454692e+02 -3.772454692e+02
% function evaluation | noise-free fitness - Fopt (7.766000000000e+01) | best noise-free fitness - Fopt | measured fitness | best measured fitness | x1 | x2...
1 +1.921631594e+03 +1.921631594e+03 +1.999291594e+03 +1.999291594e+03
9 +1.861480532e+03 +1.861480532e+03 +1.939140532e+03 +1.939140532e+03
14 +1.654238882e+03 +1.654238882e+03 +1.731898882e+03 +1.731898882e+03
19 +1.617187930e+03 +1.617187930e+03 +1.694847930e+03 +1.694847930e+03
24 +1.575455786e+03 +1.575455786e+03 +1.653115786e+03 +1.653115786e+03
37 +1.292790270e+03 +1.292790270e+03 +1.370450270e+03 +1.370450270e+03
43 +1.211144495e+03 +1.211144495e+03 +1.288804495e+03 +1.288804495e+03
82 +1.180365367e+03 +1.180365367e+03 +1.258025367e+03 +1.258025367e+03
138 +1.102665375e+03 +1.102665375e+03 +1.180325375e+03 +1.180325375e+03
193 +1.067454134e+03 +1.067454134e+03 +1.145114134e+03 +1.145114134e+03
223 +1.045695792e+03 +1.045695792e+03 +1.123355792e+03 +1.123355792e+03
226 +9.492969224e+02 +9.492969224e+02 +1.026956922e+03 +1.026956922e+03
247 +9.325328893e+02 +9.325328893e+02 +1.010192889e+03 +1.010192889e+03
1758 +8.890915678e+02 +8.890915678e+02 +9.667515678e+02 +9.667515678e+02
1769 +8.661506102e+02 +8.661506102e+02 +9.438106102e+02 +9.438106102e+02
1811 +7.924451799e+02 +7.924451799e+02 +8.701051799e+02 +8.701051799e+02
3224 +6.444180034e+02 +6.444180034e+02 +7.220780034e+02 +7.220780034e+02
5618 +6.184793577e+02 +6.184793577e+02 +6.961393577e+02 +6.961393577e+02
6696 +5.728685851e+02 +5.728685851e+02 +6.505285851e+02 +6.505285851e+02
8184 +5.404682004e+02 +5.404682004e+02 +6.181282004e+02 +6.181282004e+02
8223 +4.879859406e+02 +4.879859406e+02 +5.656459406e+02 +5.656459406e+02
14009 +4.600553475e+02 +4.600553475e+02 +5.377153475e+02 +5.377153475e+02
17645 +4.311766592e+02 +4.311766592e+02 +5.088366592e+02 +5.088366592e+02
21910 +4.003678920e+02 +4.003678920e+02 +4.780278920e+02 +4.780278920e+02
39846 +3.962402594e+02 +3.962402594e+02 +4.739002594e+02 +4.739002594e+02
41663 +3.815224270e+02 +3.815224270e+02 +4.591824270e+02 +4.591824270e+02
41788 +3.624696802e+02 +3.624696802e+02 +4.401296802e+02 +4.401296802e+02
54312 +3.535320720e+02 +3.535320720e+02 +4.311920720e+02 +4.311920720e+02
55410 +3.226979719e+02 +3.226979719e+02 +4.003579719e+02 +4.003579719e+02
57190 +3.031992553e+02 +3.031992553e+02 +3.808592553e+02 +3.808592553e+02
57194 +2.990237856e+02 +2.990237856e+02 +3.766837856e+02 +3.766837856e+02
57203 +2.827948785e+02 +2.827948785e+02 +3.604548785e+02 +3.604548785e+02
61057 +2.441558275e+02 +2.441558275e+02 +3.218158275e+02 +3.218158275e+02
72354 +2.393350578e+02 +2.393350578e+02 +3.169950578e+02 +3.169950578e+02
74012 +2.335309208e+02 +2.335309208e+02 +3.111909208e+02 +3.111909208e+02
74106 +2.182955156e+02 +2.182955156e+02 +2.959555156e+02 +2.959555156e+02
78521 +2.085497668e+02 +2.085497668e+02 +2.862097668e+02 +2.862097668e+02
79414 +1.959605945e+02 +1.959605945e+02 +2.736205945e+02 +2.736205945e+02
79423 +1.921867991e+02 +1.921867991e+02 +2.698467991e+02 +2.698467991e+02
79924 +1.865210512e+02 +1.865210512e+02 +2.641810512e+02 +2.641810512e+02
79932 +1.736622352e+02 +1.736622352e+02 +2.513222352e+02 +2.513222352e+02
79947 +1.696710186e+02 +1.696710186e+02 +2.473310186e+02 +2.473310186e+02
80618 +1.652889841e+02 +1.652889841e+02 +2.429489841e+02 +2.429489841e+02
83479 +1.576142501e+02 +1.576142501e+02 +2.352742501e+02 +2.352742501e+02
84554 +1.524366762e+02 +1.524366762e+02 +2.300966762e+02 +2.300966762e+02
84570 +1.506996129e+02 +1.506996129e+02 +2.283596129e+02 +2.283596129e+02
84586 +1.464910615e+02 +1.464910615e+02 +2.241510615e+02 +2.241510615e+02
86468 +1.408791966e+02 +1.408791966e+02 +2.185391966e+02 +2.185391966e+02
86787 +1.375586254e+02 +1.375586254e+02 +2.152186254e+02 +2.152186254e+02
88392 +1.337393743e+02 +1.337393743e+02 +2.113993743e+02 +2.113993743e+02
88863 +1.313481433e+02 +1.313481433e+02 +2.090081433e+02 +2.090081433e+02
90314 +1.263574982e+02 +1.263574982e+02 +2.040174982e+02 +2.040174982e+02
90835 +1.245102710e+02 +1.245102710e+02 +2.021702710e+02 +2.021702710e+02
94182 +1.223316648e+02 +1.223316648e+02 +1.999916648e+02 +1.999916648e+02
98023 +1.201083887e+02 +1.201083887e+02 +1.977683887e+02 +1.977683887e+02
194133 +1.171344107e+02 +1.171344107e+02 +1.947944107e+02 +1.947944107e+02
198285 +1.146955470e+02 +1.146955470e+02 +1.923555470e+02 +1.923555470e+02
288420 +1.115554255e+02 +1.115554255e+02 +1.892154255e+02 +1.892154255e+02
288535 +1.090312091e+02 +1.090312091e+02 +1.866912091e+02 +1.866912091e+02
290076 +1.061507608e+02 +1.061507608e+02 +1.838107608e+02 +1.838107608e+02
290902 +1.042794662e+02 +1.042794662e+02 +1.819394662e+02 +1.819394662e+02
292070 +1.015663996e+02 +1.015663996e+02 +1.792263996e+02 +1.792263996e+02
294826 +9.880596635e+01 +9.880596635e+01 +1.764659664e+02 +1.764659664e+02
296874 +9.752045534e+01 +9.752045534e+01 +1.751804553e+02 +1.751804553e+02
% function evaluation | noise-free fitness - Fopt (1.156800000000e+02) | best noise-free fitness - Fopt | measured fitness | best measured fitness | x1 | x2...
1 +1.909104352e+03 +1.909104352e+03 +2.024784352e+03 +2.024784352e+03
17 +1.885642425e+03 +1.885642425e+03 +2.001322425e+03 +2.001322425e+03
25 +1.712627485e+03 +1.712627485e+03 +1.828307485e+03 +1.828307485e+03
50 +1.638151438e+03 +1.638151438e+03 +1.753831438e+03 +1.753831438e+03
145 +1.372549127e+03 +1.372549127e+03 +1.488229127e+03 +1.488229127e+03
153 +1.331654456e+03 +1.331654456e+03 +1.447334456e+03 +1.447334456e+03
365 +1.170166356e+03 +1.170166356e+03 +1.285846356e+03 +1.285846356e+03
414 +1.134070985e+03 +1.134070985e+03 +1.249750985e+03 +1.249750985e+03
427 +1.108399894e+03 +1.108399894e+03 +1.224079894e+03 +1.224079894e+03
448 +1.010368210e+03 +1.010368210e+03 +1.126048210e+03 +1.126048210e+03
463 +9.624363497e+02 +9.624363497e+02 +1.078116350e+03 +1.078116350e+03
587 +9.338904297e+02 +9.338904297e+02 +1.049570430e+03 +1.049570430e+03
1094 +8.656156155e+02 +8.656156155e+02 +9.812956155e+02 +9.812956155e+02
1815 +7.644578550e+02 +7.644578550e+02 +8.801378550e+02 +8.801378550e+02
2007 +7.537959100e+02 +7.537959100e+02 +8.694759100e+02 +8.694759100e+02
2221 +6.605084829e+02 +6.605084829e+02 +7.761884829e+02 +7.761884829e+02
6778 +5.871054838e+02 +5.871054838e+02 +7.027854838e+02 +7.027854838e+02
7135 +5.640692609e+02 +5.640692609e+02 +6.797492609e+02 +6.797492609e+02
7138 +5.560897365e+02 +5.560897365e+02 +6.717697365e+02 +6.717697365e+02
7147 +5.309409007e+02 +5.309409007e+02 +6.466209007e+02 +6.466209007e+02
7168 +5.184813134e+02 +5.184813134e+02 +6.341613134e+02 +6.341613134e+02
7248 +5.124414757e+02 +5.124414757e+02 +6.281214757e+02 +6.281214757e+02
10050 +4.900931701e+02 +4.900931701e+02 +6.057731701e+02 +6.057731701e+02
11210 +4.454655532e+02 +4.454655532e+02 +5.611455532e+02 +5.611455532e+02
13808 +4.291230862e+02 +4.291230862e+02 +5.448030862e+02 +5.448030862e+02
16204 +4.258961468e+02 +4.258961468e+02 +5.415761468e+02 +5.415761468e+02
16500 +4.063578397e+02 +4.063578397e+02 +5.220378397e+02 +5.220378397e+02
37343 +3.841214654e+02 +3.841214654e+02 +4.998014654e+02 +4.998014654e+02
40679 +3.800916148e+02 +3.800916148e+02 +4.957716148e+02 +4.957716148e+02
43807 +3.574375706e+02 +3.574375706e+02 +4.731175706e+02 +4.731175706e+02
48757 +3.537795587e+02 +3.537795587e+02 +4.694595587e+02 +4.694595587e+02
55101 +3.390702980e+02 +3.390702980e+02 +4.547502980e+02 +4.547502980e+02
55107 +2.807340794e+02 +2.807340794e+02 +3.964140794e+02 +3.964140794e+02
63445 +2.593051851e+02 +2.593051851e+02 +3.749851851e+02 +3.749851851e+02
68148 +2.522543513e+02 +2.522543513e+02 +3.679343513e+02 +3.679343513e+02
72413 +2.489905816e+02 +2.489905816e+02 +3.646705816e+02 +3.646705816e+02
72560 +2.379043849e+02 +2.379043849e+02 +3.535843849e+02 +3.535843849e+02
75305 +2.157726226e+02 +2.157726226e+02 +3.314526226e+02 +3.314526226e+02
75320 +2.003779685e+02 +2.003779685e+02 +3.160579685e+02 +3.160579685e+02
78527 +1.983312458e+02 +1.983312458e+02 +3.140112458e+02 +3.140112458e+02
82584 +1.941915633e+02 +1.941915633e+02 +3.098715633e+02 +3.098715633e+02
82601 +1.810676870e+02 +1.810676870e+02 +2.967476870e+02 +2.967476870e+02
83091 +1.753258975e+02 +1.753258975e+02 +2.910058975e+02 +2.910058975e+02
83702 +1.635243657e+02 +1.635243657e+02 +2.792043657e+02 +2.792043657e+02
83741 +1.590566601e+02 +1.590566601e+02 +2.747366601e+02 +2.747366601e+02
84700 +1.536054271e+02 +1.536054271e+02 +2.692854271e+02 +2.692854271e+02
86410 +1.411672167e+02 +1.411672167e+02 +2.568472167e+02 +2.568472167e+02
86568 +1.371513365e+02 +1.371513365e+02 +2.528313365e+02 +2.528313365e+02
86584 +1.342547393e+02 +1.342547393e+02 +2.499347393e+02 +2.499347393e+02
86585 +1.316334044e+02 +1.316334044e+02 +2.473134044e+02 +2.473134044e+02
86907 +1.264561752e+02 +1.264561752e+02 +2.421361752e+02 +2.421361752e+02
86953 +1.256168847e+02 +1.256168847e+02 +2.412968847e+02 +2.412968847e+02
86962 +1.208079667e+02 +1.208079667e+02 +2.364879667e+02 +2.364879667e+02
88491 +1.072406566e+02 +1.072406566e+02 +2.229206566e+02 +2.229206566e+02
88496 +1.062779640e+02 +1.062779640e+02 +2.219579640e+02 +2.219579640e+02
90357 +1.032434899e+02 +1.032434899e+02 +2.189234899e+02 +2.189234899e+02
90657 +9.683399712e+01 +9.683399712e+01 +2.125139971e+02 +2.125139971e+02
91103 +9.536862218e+01 +9.536862218e+01 +2.110486222e+02 +2.110486222e+02
91121 +9.138927718e+01 +9.138927718e+01 +2.070692772e+02 +2.070692772e+02
91147 +9.040351980e+01 +9.040351980e+01 +2.060835198e+02 +2.060835198e+02
91171 +8.666892344e+01 +8.666892344e+01 +2.023489234e+02 +2.023489234e+02
92027 +8.454312763e+01 +8.454312763e+01 +2.002231276e+02 +2.002231276e+02
94721 +8.282788195e+01 +8.282788195e+01 +1.985078820e+02 +1.985078820e+02
94980 +8.048934250e+01 +8.048934250e+01 +1.961693425e+02 +1.961693425e+02
94999 +7.784009637e+01 +7.784009637e+01 +1.935200964e+02 +1.935200964e+02
96103 +7.722878115e+01 +7.722878115e+01 +1.929087811e+02 +1.929087811e+02
97653 +7.486561377e+01 +7.486561377e+01 +1.905456138e+02 +1.905456138e+02
97669 +7.381772752e+01 +7.381772752e+01 +1.894977275e+02 +1.894977275e+02
99496 +7.212551677e+01 +7.212551677e+01 +1.878055168e+02 +1.878055168e+02
% function evaluation | noise-free fitness - Fopt (-3.710000000000e+00) | best noise-free fitness - Fopt | measured fitness | best measured fitness | x1 | x2...
1 +1.350080101e+03 +1.350080101e+03 +1.346370101e+03 +1.346370101e+03
44 +1.322218648e+03 +1.322218648e+03 +1.318508648e+03 +1.318508648e+03
54 +1.248791428e+03 +1.248791428e+03 +1.245081428e+03 +1.245081428e+03
60 +1.205121758e+03 +1.205121758e+03 +1.201411758e+03 +1.201411758e+03
97 +1.191381816e+03 +1.191381816e+03 +1.187671816e+03 +1.187671816e+03
131 +1.111726035e+03 +1.111726035e+03 +1.108016035e+03 +1.108016035e+03
173 +1.076665349e+03 +1.076665349e+03 +1.072955349e+03 +1.072955349e+03
182 +1.012568636e+03 +1.012568636e+03 +1.008858636e+03 +1.008858636e+03
188 +9.820175406e+02 +9.820175406e+02 +9.783075406e+02 +9.783075406e+02
716 +9.594848948e+02 +9.594848948e+02 +9.557748948e+02 +9.557748948e+02
725 +9.496999923e+02 +9.496999923e+02 +9.459899923e+02 +9.459899923e+02
734 +9.133524814e+02 +9.133524814e+02 +9.096424814e+02 +9.096424814e+02
750 +8.919036076e+02 +8.919036076e+02 +8.881936076e+02 +8.881936076e+02
863 +8.770553043e+02 +8.770553043e+02 +8.733453043e+02 +8.733453043e+02
878 +8.599369743e+02 +8.599369743e+02 +8.562269743e+02 +8.562269743e+02
881 +8.044139014e+02 +8.044139014e+02 +8.007039014e+02 +8.007039014e+02
1148 +7.142808850e+02 +7.142808850e+02 +7.105708850e+02 +7.105708850e+02
1666 +7.059589850e+02 +7.059589850e+02 +7.022489850e+02 +7.022489850e+02
3839 +6.783495832e+02 +6.783495832e+02 +6.746395832e+02 +6.746395832e+02
3866 +6.518678306e+02 +6.518678306e+02 +6.481578306e+02 +6.481578306e+02
4157 +6.280916296e+02 +6.280916296e+02 +6.243816296e+02 +6.243816296e+02
5862 +6.106158320e+02 +6.106158320e+02 +6.069058320e+02 +6.069058320e+02
6527 +5.047483836e+02 +5.047483836e+02 +5.010383836e+02 +5.010383836e+02
12562 +5.002955702e+02 +5.002955702e+02 +4.965855702e+02 +4.965855702e+02
12578 +4.854258345e+02 +4.854258345e+02 +4.817158345e+02 +4.817158345e+02
16230 +4.487217014e+02 +4.487217014e+02 +4.450117014e+02 +4.450117014e+02
17349 +4.421502190e+02 +4.421502190e+02 +4.384402190e+02 +4.384402190e+02
17367 +4.103429914e+02 +4.103429914e+02 +4.066329914e+02 +4.066329914e+02
23987 +4.053362602e+02 +4.053362602e+02 +4.016262602e+02 +4.016262602e+02
26859 +3.589264104e+02 +3.589264104e+02 +3.552164104e+02 +3.552164104e+02
36973 +3.511927856e+02 +3.511927856e+02 +3.474827856e+02 +3.474827856e+02
57781 +3.326432406e+02 +3.326432406e+02 +3.289332406e+02 +3.289332406e+02
57819 +3.302699358e+02 +3.302699358e+02 +3.265599358e+02 +3.265599358e+02
58704 +3.225193747e+02 +3.225193747e+02 +3.188093747e+02 +3.188093747e+02
59174 +2.960969351e+02 +2.960969351e+02 +2.923869351e+02 +2.923869351e+02
59497 +2.939613728e+02 +2.939613728e+02 +2.902513728e+02 +2.902513728e+02
61938 +2.867329651e+02 +2.867329651e+02 +2.830229651e+02 +2.830229651e+02
64734 +2.814449733e+02 +2.814449733e+02 +2.777349733e+02 +2.777349733e+02
67449 +2.701748277e+02 +2.701748277e+02 +2.664648277e+02 +2.664648277e+02
69665 +2.673065503e+02 +2.673065503e+02 +2.635965503e+02 +2.635965503e+02
70343 +2.594019411e+02 +2.594019411e+02 +2.556919411e+02 +2.556919411e+02
71882 +2.534953746e+02 +2.534953746e+02 +2.497853746e+02 +2.497853746e+02
72388 +2.490797754e+02 +2.490797754e+02 +2.453697754e+02 +2.453697754e+02
72403 +2.280913109e+02 +2.280913109e+02 +2.243813109e+02 +2.243813109e+02
75374 +2.190592596e+02 +2.190592596e+02 +2.153492596e+02 +2.153492596e+02
75450 +2.156170850e+02 +2.156170850e+02 +2.119070850e+02 +2.119070850e+02
75530 +2.136070679e+02 +2.136070679e+02 +2.098970679e+02 +2.098970679e+02
75537 +1.942207821e+02 +1.942207821e+02 +1.905107821e+02 +1.905107821e+02
77004 +1.885794884e+02 +1.885794884e+02 +1.848694884e+02 +1.848694884e+02
77020 +1.642629561e+02 +1.642629561e+02 +1.605529561e+02 +1.605529561e+02
81759 +1.618460575e+02 +1.618460575e+02 +1.581360575e+02 +1.581360575e+02
82094 +1.546070009e+02 +1.546070009e+02 +1.508970009e+02 +1.508970009e+02
83292 +1.494676824e+02 +1.494676824e+02 +1.457576824e+02 +1.457576824e+02
83353 +1.474681125e+02 +1.474681125e+02 +1.437581125e+02 +1.437581125e+02
83410 +1.347886842e+02 +1.347886842e+02 +1.310786842e+02 +1.310786842e+02
84988 +1.314127634e+02 +1.314127634e+02 +1.277027634e+02 +1.277027634e+02
85059 +1.271567314e+02 +1.271567314e+02 +1.234467314e+02 +1.234467314e+02
85088 +1.258586262e+02 +1.258586262e+02 +1.221486262e+02 +1.221486262e+02
85106 +1.216195045e+02 +1.216195045e+02 +1.179095045e+02 +1.179095045e+02
87291 +1.198159420e+02 +1.198159420e+02 +1.161059420e+02 +1.161059420e+02
87295 +1.174568692e+02 +1.174568692e+02 +1.137468692e+02 +1.137468692e+02
87312 +1.145673730e+02 +1.145673730e+02 +1.108573730e+02 +1.108573730e+02
88835 +1.089012580e+02 +1.089012580e+02 +1.051912580e+02 +1.051912580e+02
89461 +1.067409275e+02 +1.067409275e+02 +1.030309275e+02 +1.030309275e+02
91066 +1.043364742e+02 +1.043364742e+02 +1.006264742e+02 +1.006264742e+02
93593 +1.011829655e+02 +1.011829655e+02 +9.747296552e+01 +9.747296552e+01
95936 +9.987412617e+01 +9.987412617e+01 +9.616412617e+01 +9.616412617e+01
99646 +9.764910953e+01 +9.764910953e+01 +9.393910953e+01 +9.393910953e+01
194034 +9.286596966e+01 +9.286596966e+01 +8.915596966e+01 +8.915596966e+01
194573 +8.910755838e+01 +8.910755838e+01 +8.539755838e+01 +8.539755838e+01
196606 +8.700703094e+01 +8.700703094e+01 +8.329703094e+01 +8.329703094e+01
198588 +8.501504946e+01 +8.501504946e+01 +8.130504946e+01 +8.130504946e+01
198838 +8.271199684e+01 +8.271199684e+01 +7.900199684e+01 +7.900199684e+01
% function evaluation | noise-free fitness - Fopt (1.321800000000e+02) | best noise-free fitness - Fopt | measured fitness | best measured fitness | x1 | x2...
1 +2.127178155e+03 +2.127178155e+03 +2.259358155e+03 +2.259358155e+03
10 +1.958601572e+03 +1.958601572e+03 +2.090781572e+03 +2.090781572e+03
12 +1.716649705e+03 +1.716649705e+03 +1.848829705e+03 +1.848829705e+03
49 +1.630426543e+03 +1.630426543e+03 +1.762606543e+03 +1.762606543e+03
53 +1.492942292e+03 +1.492942292e+03 +1.625122292e+03 +1.625122292e+03
64 +1.301614688e+03 +1.301614688e+03 +1.433794688e+03 +1.433794688e+03
123 +1.135850466e+03 +1.135850466e+03 +1.268030466e+03 +1.268030466e+03
137 +9.981592762e+02 +9.981592762e+02 +1.130339276e+03 +1.130339276e+03
174 +9.563734639e+02 +9.563734639e+02 +1.088553464e+03 +1.088553464e+03
210 +8.741729133e+02 +8.741729133e+02 +1.006352913e+03 +1.006352913e+03
232 +8.565181096e+02 +8.565181096e+02 +9.886981096e+02 +9.886981096e+02
234 +7.928266205e+02 +7.928266205e+02 +9.250066205e+02 +9.250066205e+02
1300 +6.955017017e+02 +6.955017017e+02 +8.276817017e+02 +8.276817017e+02
2083 +6.734033121e+02 +6.734033121e+02 +8.055833121e+02 +8.055833121e+02
2171 +5.931029692e+02 +5.931029692e+02 +7.252829692e+02 +7.252829692e+02
5252 +5.731250434e+02 +5.731250434e+02 +7.053050434e+02 +7.053050434e+02
6737 +5.525591822e+02 +5.525591822e+02 +6.847391822e+02 +6.847391822e+02
6761 +5.380050997e+02 +5.380050997e+02 +6.701850997e+02 +6.701850997e+02
8243 +5.320773185e+02 +5.320773185e+02 +6.642573185e+02 +6.642573185e+02
9446 +5.215090272e+02 +5.215090272e+02 +6.536890272e+02 +6.536890272e+02
9514 +4.981648526e+02 +4.981648526e+02 +6.303448526e+02 +6.303448526e+02
17240 +4.435457639e+02 +4.435457639e+02 +5.757257639e+02 +5.757257639e+02
31896 +4.334723755e+02 +4.334723755e+02 +5.656523755e+02 +5.656523755e+02
32540 +4.065380029e+02 +4.065380029e+02 +5.387180029e+02 +5.387180029e+02
38604 +3.976629753e+02 +3.976629753e+02 +5.298429753e+02 +5.298429753e+02
38729 +3.759351988e+02 +3.759351988e+02 +5.081151988e+02 +5.081151988e+02
38794 +3.616661813e+02 +3.616661813e+02 +4.938461813e+02 +4.938461813e+02
48862 +3.440695367e+02 +3.440695367e+02 +4.762495367e+02 +4.762495367e+02
48875 +3.266879187e+02 +3.266879187e+02 +4.588679187e+02 +4.588679187e+02
63636 +3.066496759e+02 +3.066496759e+02 +4.388296759e+02 +4.388296759e+02
63648 +2.985586636e+02 +2.985586636e+02 +4.307386636e+02 +4.307386636e+02
69958 +2.862084656e+02 +2.862084656e+02 +4.183884656e+02 +4.183884656e+02
73484 +2.795105479e+02 +2.795105479e+02 +4.116905479e+02 +4.116905479e+02
79855 +2.670070555e+02 +2.670070555e+02 +3.991870555e+02 +3.991870555e+02
80375 +2.620165345e+02 +2.620165345e+02 +3.941965345e+02 +3.941965345e+02
81681 +2.567235095e+02 +2.567235095e+02 +3.889035095e+02 +3.889035095e+02
81957 +2.346551739e+02 +2.346551739e+02 +3.668351739e+02 +3.668351739e+02
82863 +2.331195548e+02 +2.331195548e+02 +3.652995548e+02 +3.652995548e+02
83058 +2.289512476e+02 +2.289512476e+02 +3.611312476e+02 +3.611312476e+02
85197 +2.150448277e+02 +2.150448277e+02 +3.472248277e+02 +3.472248277e+02
87093 +2.112544913e+02 +2.112544913e+02 +3.434344913e+02 +3.434344913e+02
87160 +2.073624655e+02 +2.073624655e+02 +3.395424655e+02 +3.395424655e+02
87213 +2.019995040e+02 +2.019995040e+02 +3.341795040e+02 +3.341795040e+02
87219 +1.960981980e+02 +1.960981980e+02 +3.282781980e+02 +3.282781980e+02
87234 +1.921579597e+02 +1.921579597e+02 +3.243379597e+02 +3.243379597e+02
87358 +1.901523679e+02 +1.901523679e+02 +3.223323679e+02 +3.223323679e+02
87405 +1.805752377e+02 +1.805752377e+02 +3.127552377e+02 +3.127552377e+02
87417 +1.751319357e+02 +1.751319357e+02 +3.073119357e+02 +3.073119357e+02
89363 +1.720358801e+02 +1.720358801e+02 +3.042158801e+02 +3.042158801e+02
89978 +1.686254588e+02 +1.686254588e+02 +3.008054588e+02 +3.008054588e+02
90180 +1.612189761e+02 +1.612189761e+02 +2.933989761e+02 +2.933989761e+02
91166 +1.574567085e+02 +1.574567085e+02 +2.896367085e+02 +2.896367085e+02
92045 +1.512446970e+02 +1.512446970e+02 +2.834246970e+02 +2.834246970e+02
92578 +1.474818438e+02 +1.474818438e+02 +2.796618438e+02 +2.796618438e+02
94131 +1.442079213e+02 +1.442079213e+02 +2.763879213e+02 +2.763879213e+02
98449 +1.407492793e+02 +1.407492793e+02 +2.729292793e+02 +2.729292793e+02
99120 +1.377644221e+02 +1.377644221e+02 +2.699444221e+02 +2.699444221e+02
182161 +1.299050935e+02 +1.299050935e+02 +2.620850935e+02 +2.620850935e+02
182374 +1.270054048e+02 +1.270054048e+02 +2.591854048e+02 +2.591854048e+02
182402 +1.251907911e+02 +1.251907911e+02 +2.573707911e+02 +2.573707911e+02
182418 +1.220286218e+02 +1.220286218e+02 +2.542086218e+02 +2.542086218e+02
182422 +1.149257059e+02 +1.149257059e+02 +2.471057059e+02 +2.471057059e+02
185382 +1.141147879e+02 +1.141147879e+02 +2.462947879e+02 +2.462947879e+02
186321 +1.119694926e+02 +1.119694926e+02 +2.441494926e+02 +2.441494926e+02
186549 +1.091185514e+02 +1.091185514e+02 +2.412985514e+02 +2.412985514e+02
186617 +1.057522337e+02 +1.057522337e+02 +2.379322337e+02 +2.379322337e+02
186640 +1.044445135e+02 +1.044445135e+02 +2.366245135e+02 +2.366245135e+02
187722 +9.973125261e+01 +9.973125261e+01 +2.319112526e+02 +2.319112526e+02
187770 +9.414929182e+01 +9.414929182e+01 +2.263292918e+02 +2.263292918e+02
188939 +9.256628949e+01 +9.256628949e+01 +2.247462895e+02 +2.247462895e+02
191704 +9.053388327e+01 +9.053388327e+01 +2.227138833e+02 +2.227138833e+02
193553 +8.896624433e+01 +8.896624433e+01 +2.211462443e+02 +2.211462443e+02
193979 +8.667945095e+01 +8.667945095e+01 +2.188594510e+02 +2.188594510e+02
196385 +8.454964674e+01 +8.454964674e+01 +2.167296467e+02 +2.167296467e+02
199626 +8.267437711e+01 +8.267437711e+01 +2.148543771e+02 +2.148543771e+02
% function evaluation | noise-free fitness - Fopt (6.438000000000e+01) | best noise-free fitness - Fopt | measured fitness | best measured fitness | x1 | x2...
1 +1.576731547e+03 +1.576731547e+03 +1.641111547e+03 +1.641111547e+03
4 +1.431484383e+03 +1.431484383e+03 +1.495864383e+03 +1.495864383e+03
15 +1.389312997e+03 +1.389312997e+03 +1.453692997e+03 +1.453692997e+03
25 +1.184676869e+03 +1.184676869e+03 +1.249056869e+03 +1.249056869e+03
49 +1.127326084e+03 +1.127326084e+03 +1.191706084e+03 +1.191706084e+03
154 +1.093048420e+03 +1.093048420e+03 +1.157428420e+03 +1.157428420e+03
268 +1.028112266e+03 +1.028112266e+03 +1.092492266e+03 +1.092492266e+03
280 +9.519283770e+02 +9.519283770e+02 +1.016308377e+03 +1.016308377e+03
353 +9.133588644e+02 +9.133588644e+02 +9.777388644e+02 +9.777388644e+02
368 +8.634690644e+02 +8.634690644e+02 +9.278490644e+02 +9.278490644e+02
1229 +8.085037601e+02 +8.085037601e+02 +8.728837601e+02 +8.728837601e+02
1271 +7.468767675e+02 +7.468767675e+02 +8.112567675e+02 +8.112567675e+02
2195 +7.347994652e+02 +7.347994652e+02 +7.991794652e+02 +7.991794652e+02
2209 +7.207844189e+02 +7.207844189e+02 +7.851644189e+02 +7.851644189e+02
2982 +5.990649893e+02 +5.990649893e+02 +6.634449893e+02 +6.634449893e+02
4791 +5.875313234e+02 +5.875313234e+02 +6.519113234e+02 +6.519113234e+02
7233 +5.647913838e+02 +5.647913838e+02 +6.291713838e+02 +6.291713838e+02
8275 +5.508302567e+02 +5.508302567e+02 +6.152102567e+02 +6.152102567e+02
8793 +5.397465939e+02 +5.397465939e+02 +6.041265939e+02 +6.041265939e+02
8795 +5.353529134e+02 +5.353529134e+02 +5.997329134e+02 +5.997329134e+02
12806 +4.967602142e+02 +4.967602142e+02 +5.611402142e+02 +5.611402142e+02
12973 +4.480365915e+02 +4.480365915e+02 +5.124165915e+02 +5.124165915e+02
19848 +4.239601912e+02 +4.239601912e+02 +4.883401912e+02 +4.883401912e+02
23920 +4.106148955e+02 +4.106148955e+02 +4.749948955e+02 +4.749948955e+02
25394 +4.030223948e+02 +4.030223948e+02 +4.674023948e+02 +4.674023948e+02
29292 +3.895685196e+02 +3.895685196e+02 +4.539485196e+02 +4.539485196e+02
32016 +3.855899152e+02 +3.855899152e+02 +4.499699152e+02 +4.499699152e+02
33362 +3.789236828e+02 +3.789236828e+02 +4.433036828e+02 +4.433036828e+02
34919 +3.688622791e+02 +3.688622791e+02 +4.332422791e+02 +4.332422791e+02
46559 +3.553800581e+02 +3.553800581e+02 +4.197600581e+02 +4.197600581e+02
49311 +3.547668513e+02 +3.547668513e+02 +4.191468513e+02 +4.191468513e+02
50728 +3.395252796e+02 +3.395252796e+02 +4.039052796e+02 +4.039052796e+02
51508 +3.362187049e+02 +3.362187049e+02 +4.005987049e+02 +4.005987049e+02
51959 +3.309453004e+02 +3.309453004e+02 +3.953253004e+02 +3.953253004e+02
54723 +3.141900939e+02 +3.141900939e+02 +3.785700939e+02 +3.785700939e+02
54914 +2.338048616e+02 +2.338048616e+02 +2.981848616e+02 +2.981848616e+02
67919 +2.175836401e+02 +2.175836401e+02 +2.819636401e+02 +2.819636401e+02
75935 +1.981062548e+02 +1.981062548e+02 +2.624862548e+02 +2.624862548e+02
77236 +1.891311072e+02 +1.891311072e+02 +2.535111072e+02 +2.535111072e+02
77750 +1.842746024e+02 +1.842746024e+02 +2.486546024e+02 +2.486546024e+02
78343 +1.599367467e+02 +1.599367467e+02 +2.243167467e+02 +2.243167467e+02
79514 +1.572373878e+02 +1.572373878e+02 +2.216173878e+02 +2.216173878e+02
81185 +1.456201285e+02 +1.456201285e+02 +2.100001285e+02 +2.100001285e+02
81211 +1.387625943e+02 +1.387625943e+02 +2.031425943e+02 +2.031425943e+02
81276 +1.377902507e+02 +1.377902507e+02 +2.021702507e+02 +2.021702507e+02
82885 +1.280777678e+02 +1.280777678e+02 +1.924577678e+02 +1.924577678e+02
84204 +1.203652169e+02 +1.203652169e+02 +1.847452169e+02 +1.847452169e+02
84218 +1.181953868e+02 +1.181953868e+02 +1.825753868e+02 +1.825753868e+02
84235 +1.174099731e+02 +1.174099731e+02 +1.817899731e+02 +1.817899731e+02
84464 +1.121757924e+02 +1.121757924e+02 +1.765557924e+02 +1.765557924e+02
85599 +1.073750138e+02 +1.073750138e+02 +1.717550138e+02 +1.717550138e+02
85613 +1.028293065e+02 +1.028293065e+02 +1.672093065e+02 +1.672093065e+02
85670 +9.774190030e+01 +9.774190030e+01 +1.621219003e+02 +1.621219003e+02
85675 +9.647612129e+01 +9.647612129e+01 +1.608561213e+02 +1.608561213e+02
87499 +9.501410876e+01 +9.501410876e+01 +1.593941088e+02 +1.593941088e+02
88045 +9.218373008e+01 +9.218373008e+01 +1.565637301e+02 +1.565637301e+02
88222 +9.014925633e+01 +9.014925633e+01 +1.545292563e+02 +1.545292563e+02
88308 +8.866854310e+01 +8.866854310e+01 +1.530485431e+02 +1.530485431e+02
88329 +8.435929707e+01 +8.435929707e+01 +1.487392971e+02 +1.487392971e+02
89871 +8.243111344e+01 +8.243111344e+01 +1.468111134e+02 +1.468111134e+02
91436 +7.917677693e+01 +7.917677693e+01 +1.435567769e+02 +1.435567769e+02
91448 +7.605531587e+01 +7.605531587e+01 +1.404353159e+02 +1.404353159e+02
91849 +7.514470923e+01 +7.514470923e+01 +1.395247092e+02 +1.395247092e+02
91969 +7.397759128e+01 +7.397759128e+01 +1.383575913e+02 +1.383575913e+02
95423 +7.225673208e+01 +7.225673208e+01 +1.366367321e+02 +1.366367321e+02
96429 +7.075481518e+01 +7.075481518e+01 +1.351348152e+02 +1.351348152e+02
97225 +6.882846117e+01 +6.882846117e+01 +1.332084612e+02 +1.332084612e+02
99512 +6.736091166e+01 +6.736091166e+01 +1.317409117e+02 +1.317409117e+02
% function evaluation | noise-free fitness - Fopt (2.824800000000e+02) | best noise-free fitness - Fopt | measured fitness | best measured fitness | x1 | x2...
1 +1.603386940e+03 +1.603386940e+03 +1.885866940e+03 +1.885866940e+03
12 +1.571121597e+03 +1.571121597e+03 +1.853601597e+03 +1.853601597e+03
32 +1.490743997e+03 +1.490743997e+03 +1.773223997e+03 +1.773223997e+03
41 +1.443329679e+03 +1.443329679e+03 +1.725809679e+03 +1.725809679e+03
58 +1.397881761e+03 +1.397881761e+03 +1.680361761e+03 +1.680361761e+03
78 +1.367354350e+03 +1.367354350e+03 +1.649834350e+03 +1.649834350e+03
85 +1.298494554e+03 +1.298494554e+03 +1.580974554e+03 +1.580974554e+03
93 +1.266154513e+03 +1.266154513e+03 +1.548634513e+03 +1.548634513e+03
111 +1.209879877e+03 +1.209879877e+03 +1.492359877e+03 +1.492359877e+03
130 +1.173168410e+03 +1.173168410e+03 +1.455648410e+03 +1.455648410e+03
470 +1.126581179e+03 +1.126581179e+03 +1.409061179e+03 +1.409061179e+03
475 +1.103681163e+03 +1.103681163e+03 +1.386161163e+03 +1.386161163e+03
482 +1.006592005e+03 +1.006592005e+03 +1.289072005e+03 +1.289072005e+03
999 +9.881246102e+02 +9.881246102e+02 +1.270604610e+03 +1.270604610e+03
1026 +9.481990905e+02 +9.481990905e+02 +1.230679090e+03 +1.230679090e+03
1639 +9.303299004e+02 +9.303299004e+02 +1.212809900e+03 +1.212809900e+03
1662 +8.648461717e+02 +8.648461717e+02 +1.147326172e+03 +1.147326172e+03
1763 +8.289608675e+02 +8.289608675e+02 +1.111440868e+03 +1.111440868e+03
2216 +7.992123080e+02 +7.992123080e+02 +1.081692308e+03 +1.081692308e+03
2228 +7.462377585e+02 +7.462377585e+02 +1.028717759e+03 +1.028717759e+03
2512 +7.235428921e+02 +7.235428921e+02 +1.006022892e+03 +1.006022892e+03
2527 +7.032491936e+02 +7.032491936e+02 +9.857291936e+02 +9.857291936e+02
2939 +6.783566708e+02 +6.783566708e+02 +9.608366708e+02 +9.608366708e+02
3904 +6.625780467e+02 +6.625780467e+02 +9.450580467e+02 +9.450580467e+02
4590 +6.586820260e+02 +6.586820260e+02 +9.411620260e+02 +9.411620260e+02
4992 +6.311998162e+02 +6.311998162e+02 +9.136798162e+02 +9.136798162e+02
5017 +5.965064954e+02 +5.965064954e+02 +8.789864954e+02 +8.789864954e+02
5028 +5.709979488e+02 +5.709979488e+02 +8.534779488e+02 +8.534779488e+02
8184 +5.530919717e+02 +5.530919717e+02 +8.355719717e+02 +8.355719717e+02
8207 +5.490525374e+02 +5.490525374e+02 +8.315325374e+02 +8.315325374e+02
10560 +5.301415787e+02 +5.301415787e+02 +8.126215787e+02 +8.126215787e+02
10561 +4.464880767e+02 +4.464880767e+02 +7.289680767e+02 +7.289680767e+02
15348 +4.317283393e+02 +4.317283393e+02 +7.142083393e+02 +7.142083393e+02
24921 +4.238647454e+02 +4.238647454e+02 +7.063447454e+02 +7.063447454e+02
27403 +4.067548506e+02 +4.067548506e+02 +6.892348506e+02 +6.892348506e+02
27423 +3.891099253e+02 +3.891099253e+02 +6.715899253e+02 +6.715899253e+02
40690 +3.859863198e+02 +3.859863198e+02 +6.684663198e+02 +6.684663198e+02
42066 +3.787210066e+02 +3.787210066e+02 +6.612010066e+02 +6.612010066e+02
43165 +3.601319348e+02 +3.601319348e+02 +6.426119348e+02 +6.426119348e+02
44090 +3.546034084e+02 +3.546034084e+02 +6.370834084e+02 +6.370834084e+02
45315 +3.031346623e+02 +3.031346623e+02 +5.856146623e+02 +5.856146623e+02
60712 +2.905112949e+02 +2.905112949e+02 +5.729912949e+02 +5.729912949e+02
60808 +2.788443802e+02 +2.788443802e+02 +5.613243802e+02 +5.613243802e+02
62572 +2.713360852e+02 +2.713360852e+02 +5.538160852e+02 +5.538160852e+02
67252 +2.649484313e+02 +2.649484313e+02 +5.474284313e+02 +5.474284313e+02
69444 +2.565579755e+02 +2.565579755e+02 +5.390379755e+02 +5.390379755e+02
69537 +2.379008689e+02 +2.379008689e+02 +5.203808689e+02 +5.203808689e+02
75560 +2.242879509e+02 +2.242879509e+02 +5.067679509e+02 +5.067679509e+02
75648 +2.202742824e+02 +2.202742824e+02 +5.027542824e+02 +5.027542824e+02
75777 +2.172224420e+02 +2.172224420e+02 +4.997024420e+02 +4.997024420e+02
77408 +2.126605793e+02 +2.126605793e+02 +4.951405793e+02 +4.951405793e+02
77553 +2.079529277e+02 +2.079529277e+02 +4.904329277e+02 +4.904329277e+02
77622 +2.006003080e+02 +2.006003080e+02 +4.830803080e+02 +4.830803080e+02
77701 +1.911155660e+02 +1.911155660e+02 +4.735955660e+02 +4.735955660e+02
78141 +1.881588772e+02 +1.881588772e+02 +4.706388772e+02 +4.706388772e+02
78196 +1.821596195e+02 +1.821596195e+02 +4.646396195e+02 +4.646396195e+02
78210 +1.769388655e+02 +1.769388655e+02 +4.594188655e+02 +4.594188655e+02
81253 +1.721094835e+02 +1.721094835e+02 +4.545894835e+02 +4.545894835e+02
81296 +1.612949703e+02 +1.612949703e+02 +4.437749703e+02 +4.437749703e+02
81303 +1.575271244e+02 +1.575271244e+02 +4.400071244e+02 +4.400071244e+02
82539 +1.531559337e+02 +1.531559337e+02 +4.356359337e+02 +4.356359337e+02
83574 +1.493556993e+02 +1.493556993e+02 +4.318356993e+02 +4.318356993e+02
83730 +1.435978630e+02 +1.435978630e+02 +4.260778630e+02 +4.260778630e+02
84211 +1.411394437e+02 +1.411394437e+02 +4.236194437e+02 +4.236194437e+02
84226 +1.337163915e+02 +1.337163915e+02 +4.161963915e+02 +4.161963915e+02
84674 +1.304929827e+02 +1.304929827e+02 +4.129729827e+02 +4.129729827e+02
85084 +1.285324226e+02 +1.285324226e+02 +4.110124226e+02 +4.110124226e+02
85873 +1.236090620e+02 +1.236090620e+02 +4.060890620e+02 +4.060890620e+02
85886 +1.223058645e+02 +1.223058645e+02 +4.047858645e+02 +4.047858645e+02
87055 +1.187342730e+02 +1.187342730e+02 +4.012142730e+02 +4.012142730e+02
87377 +1.172993765e+02 +1.172993765e+02 +3.997793765e+02 +3.997793765e+02
88301 +1.131187519e+02 +1.131187519e+02 +3.955987519e+02 +3.955987519e+02
89214 +1.112634420e+02 +1.112634420e+02 +3.937434420e+02 +3.937434420e+02
89457 +1.068855807e+02 +1.068855807e+02 +3.893655807e+02 +3.893655807e+02
92864 +1.042467590e+02 +1.042467590e+02 +3.867267590e+02 +3.867267590e+02
94208 +1.020865267e+02 +1.020865267e+02 +3.845665267e+02 +3.845665267e+02
95196 +9.970032926e+01 +9.970032926e+01 +3.821803293e+02 +3.821803293e+02
99579 +9.734217981e+01 +9.734217981e+01 +3.798221798e+02 +3.798221798e+02
283311 +9.521585316e+01 +9.521585316e+01 +3.776958532e+02 +3.776958532e+02
283319 +9.145156635e+01 +9.145156635e+01 +3.739315663e+02 +3.739315663e+02
285007 +8.324448993e+01 +8.324448993e+01 +3.657244899e+02 +3.657244899e+02
285015 +8.129809355e+01 +8.129809355e+01 +3.637780936e+02 +3.637780936e+02
287774 +7.909889644e+01 +7.909889644e+01 +3.615788964e+02 +3.615788964e+02
287790 +7.663943100e+01 +7.663943100e+01 +3.591194310e+02 +3.591194310e+02
287814 +7.387607747e+01 +7.387607747e+01 +3.563560775e+02 +3.563560775e+02
289764 +7.147852366e+01 +7.147852366e+01 +3.539585237e+02 +3.539585237e+02
290621 +7.045601421e+01 +7.045601421e+01 +3.529360142e+02 +3.529360142e+02
291810 +6.868665071e+01 +6.868665071e+01 +3.511666507e+02 +3.511666507e+02
291867 +6.748820624e+01 +6.748820624e+01 +3.499682062e+02 +3.499682062e+02
293256 +6.554522567e+01 +6.554522567e+01 +3.480252257e+02 +3.480252257e+02
293733 +6.390013164e+01 +6.390013164e+01 +3.463801316e+02 +3.463801316e+02
295553 +6.304650973e+01 +6.304650973e+01 +3.455265097e+02 +3.455265097e+02
295848 +6.129548285e+01 +6.129548285e+01 +3.437754828e+02 +3.437754828e+02
296811 +6.000124970e+01 +6.000124970e+01 +3.424812497e+02 +3.424812497e+02
299189 +5.887534704e+01 +5.887534704e+01 +3.413553470e+02 +3.413553470e+02
% function evaluation | noise-free fitness - Fopt (4.826100000000e+02) | best noise-free fitness - Fopt | measured fitness | best measured fitness | x1 | x2...
1 +1.346823869e+03 +1.346823869e+03 +1.829433869e+03 +1.829433869e+03
10 +1.205660546e+03 +1.205660546e+03 +1.688270546e+03 +1.688270546e+03
34 +1.079749552e+03 +1.079749552e+03 +1.562359552e+03 +1.562359552e+03
49 +1.031427166e+03 +1.031427166e+03 +1.514037166e+03 +1.514037166e+03
172 +9.744039943e+02 +9.744039943e+02 +1.457013994e+03 +1.457013994e+03
191 +9.485989094e+02 +9.485989094e+02 +1.431208909e+03 +1.431208909e+03
272 +7.647728466e+02 +7.647728466e+02 +1.247382847e+03 +1.247382847e+03
1322 +7.318775465e+02 +7.318775465e+02 +1.214487546e+03 +1.214487546e+03
2680 +6.657847218e+02 +6.657847218e+02 +1.148394722e+03 +1.148394722e+03
4007 +6.301097482e+02 +6.301097482e+02 +1.112719748e+03 +1.112719748e+03
4655 +5.793477693e+02 +5.793477693e+02 +1.061957769e+03 +1.061957769e+03
4691 +5.727094616e+02 +5.727094616e+02 +1.055319462e+03 +1.055319462e+03
6210 +5.533953690e+02 +5.533953690e+02 +1.036005369e+03 +1.036005369e+03
6212 +5.398561333e+02 +5.398561333e+02 +1.022466133e+03 +1.022466133e+03
10416 +5.161549332e+02 +5.161549332e+02 +9.987649332e+02 +9.987649332e+02
10530 +4.607828715e+02 +4.607828715e+02 +9.433928715e+02 +9.433928715e+02
14183 +4.401667773e+02 +4.401667773e+02 +9.227767773e+02 +9.227767773e+02
14221 +4.340713191e+02 +4.340713191e+02 +9.166813191e+02 +9.166813191e+02
14288 +4.264389180e+02 +4.264389180e+02 +9.090489180e+02 +9.090489180e+02
17480 +4.132023199e+02 +4.132023199e+02 +8.958123199e+02 +8.958123199e+02
23939 +3.965702572e+02 +3.965702572e+02 +8.791802572e+02 +8.791802572e+02
33210 +3.442289608e+02 +3.442289608e+02 +8.268389608e+02 +8.268389608e+02
49400 +3.355030658e+02 +3.355030658e+02 +8.181130658e+02 +8.181130658e+02
52514 +3.280922033e+02 +3.280922033e+02 +8.107022033e+02 +8.107022033e+02
52522 +3.136680083e+02 +3.136680083e+02 +7.962780083e+02 +7.962780083e+02
54533 +3.058155964e+02 +3.058155964e+02 +7.884255964e+02 +7.884255964e+02
59030 +2.946225941e+02 +2.946225941e+02 +7.772325941e+02 +7.772325941e+02
63902 +2.704616681e+02 +2.704616681e+02 +7.530716681e+02 +7.530716681e+02
66170 +2.589569886e+02 +2.589569886e+02 +7.415669886e+02 +7.415669886e+02
67314 +2.507207399e+02 +2.507207399e+02 +7.333307399e+02 +7.333307399e+02
67746 +2.379496663e+02 +2.379496663e+02 +7.205596663e+02 +7.205596663e+02
69510 +2.326830252e+02 +2.326830252e+02 +7.152930252e+02 +7.152930252e+02
69528 +2.202936728e+02 +2.202936728e+02 +7.029036728e+02 +7.029036728e+02
70349 +2.170409165e+02 +2.170409165e+02 +6.996509165e+02 +6.996509165e+02
70411 +2.080781500e+02 +2.080781500e+02 +6.906881500e+02 +6.906881500e+02
70456 +2.040954874e+02 +2.040954874e+02 +6.867054874e+02 +6.867054874e+02
70502 +1.865195929e+02 +1.865195929e+02 +6.691295929e+02 +6.691295929e+02
72704 +1.772571897e+02 +1.772571897e+02 +6.598671897e+02 +6.598671897e+02
72855 +1.737449221e+02 +1.737449221e+02 +6.563549221e+02 +6.563549221e+02
73656 +1.664445681e+02 +1.664445681e+02 +6.490545681e+02 +6.490545681e+02
73660 +1.600829744e+02 +1.600829744e+02 +6.426929744e+02 +6.426929744e+02
73664 +1.561271027e+02 +1.561271027e+02 +6.387371027e+02 +6.387371027e+02
73800 +1.481907629e+02 +1.481907629e+02 +6.308007629e+02 +6.308007629e+02
76513 +1.439693655e+02 +1.439693655e+02 +6.265793655e+02 +6.265793655e+02
77130 +1.327756796e+02 +1.327756796e+02 +6.153856796e+02 +6.153856796e+02
78528 +1.309503732e+02 +1.309503732e+02 +6.135603732e+02 +6.135603732e+02
78569 +1.254745453e+02 +1.254745453e+02 +6.080845453e+02 +6.080845453e+02
79940 +1.227026866e+02 +1.227026866e+02 +6.053126866e+02 +6.053126866e+02
80202 +1.192135434e+02 +1.192135434e+02 +6.018235434e+02 +6.018235434e+02
80221 +1.160868030e+02 +1.160868030e+02 +5.986968030e+02 +5.986968030e+02
81327 +1.111084852e+02 +1.111084852e+02 +5.937184852e+02 +5.937184852e+02
81349 +1.091067950e+02 +1.091067950e+02 +5.917167950e+02 +5.917167950e+02
83462 +1.009705843e+02 +1.009705843e+02 +5.835805843e+02 +5.835805843e+02
83866 +9.944069528e+01 +9.944069528e+01 +5.820506953e+02 +5.820506953e+02
83930 +9.665648960e+01 +9.665648960e+01 +5.792664896e+02 +5.792664896e+02
85114 +9.273414083e+01 +9.273414083e+01 +5.753441408e+02 +5.753441408e+02
88541 +9.115725373e+01 +9.115725373e+01 +5.737672537e+02 +5.737672537e+02
89498 +8.897670321e+01 +8.897670321e+01 +5.715867032e+02 +5.715867032e+02
89850 +8.700039270e+01 +8.700039270e+01 +5.696103927e+02 +5.696103927e+02
93278 +8.488400220e+01 +8.488400220e+01 +5.674940022e+02 +5.674940022e+02
96660 +8.303856848e+01 +8.303856848e+01 +5.656485685e+02 +5.656485685e+02
% function evaluation | noise-free fitness - Fopt (7.177000000000e+01) | best noise-free fitness - Fopt | measured fitness | best measured fitness | x1 | x2...
1 +1.671069125e+03 +1.671069125e+03 +1.742839125e+03 +1.742839125e+03
22 +1.571105761e+03 +1.571105761e+03 +1.642875761e+03 +1.642875761e+03
154 +1.511174666e+03 +1.511174666e+03 +1.582944666e+03 +1.582944666e+03
168 +1.406128330e+03 +1.406128330e+03 +1.477898330e+03 +1.477898330e+03
177 +1.344006956e+03 +1.344006956e+03 +1.415776956e+03 +1.415776956e+03
261 +1.195126244e+03 +1.195126244e+03 +1.266896244e+03 +1.266896244e+03
267 +1.142193990e+03 +1.142193990e+03 +1.213963990e+03 +1.213963990e+03
271 +1.026515139e+03 +1.026515139e+03 +1.098285139e+03 +1.098285139e+03
274 +9.948450960e+02 +9.948450960e+02 +1.066615096e+03 +1.066615096e+03
284 +9.584474855e+02 +9.584474855e+02 +1.030217486e+03 +1.030217486e+03
423 +8.930821093e+02 +8.930821093e+02 +9.648521093e+02 +9.648521093e+02
606 +8.642892952e+02 +8.642892952e+02 +9.360592952e+02 +9.360592952e+02
1282 +8.014301739e+02 +8.014301739e+02 +8.732001739e+02 +8.732001739e+02
2200 +7.362972974e+02 +7.362972974e+02 +8.080672974e+02 +8.080672974e+02
2210 +7.133164944e+02 +7.133164944e+02 +7.850864944e+02 +7.850864944e+02
2217 +7.072023174e+02 +7.072023174e+02 +7.789723174e+02 +7.789723174e+02
3325 +6.896801098e+02 +6.896801098e+02 +7.614501098e+02 +7.614501098e+02
4492 +6.636201785e+02 +6.636201785e+02 +7.353901785e+02 +7.353901785e+02
4754 +6.460815126e+02 +6.460815126e+02 +7.178515126e+02 +7.178515126e+02
6367 +6.374460886e+02 +6.374460886e+02 +7.092160886e+02 +7.092160886e+02
6403 +5.952551179e+02 +5.952551179e+02 +6.670251179e+02 +6.670251179e+02
6686 +5.410006144e+02 +5.410006144e+02 +6.127706144e+02 +6.127706144e+02
8966 +5.235575342e+02 +5.235575342e+02 +5.953275342e+02 +5.953275342e+02
13370 +4.962247305e+02 +4.962247305e+02 +5.679947305e+02 +5.679947305e+02
13376 +4.883796400e+02 +4.883796400e+02 +5.601496400e+02 +5.601496400e+02
14832 +4.777317786e+02 +4.777317786e+02 +5.495017786e+02 +5.495017786e+02
16293 +4.578019737e+02 +4.578019737e+02 +5.295719737e+02 +5.295719737e+02
19312 +4.233519048e+02 +4.233519048e+02 +4.951219048e+02 +4.951219048e+02
19393 +3.873688068e+02 +3.873688068e+02 +4.591388068e+02 +4.591388068e+02
44696 +3.763244742e+02 +3.763244742e+02 +4.480944742e+02 +4.480944742e+02
47026 +3.694255526e+02 +3.694255526e+02 +4.411955526e+02 +4.411955526e+02
47302 +3.585549558e+02 +3.585549558e+02 +4.303249558e+02 +4.303249558e+02
48504 +3.437652143e+02 +3.437652143e+02 +4.155352143e+02 +4.155352143e+02
52653 +3.350511514e+02 +3.350511514e+02 +4.068211514e+02 +4.068211514e+02
55582 +3.194847879e+02 +3.194847879e+02 +3.912547879e+02 +3.912547879e+02
58622 +3.064064928e+02 +3.064064928e+02 +3.781764928e+02 +3.781764928e+02
59289 +2.847464775e+02 +2.847464775e+02 +3.565164775e+02 +3.565164775e+02
68143 +2.701983318e+02 +2.701983318e+02 +3.419683318e+02 +3.419683318e+02
68572 +2.682286491e+02 +2.682286491e+02 +3.399986491e+02 +3.399986491e+02
69509 +2.575694787e+02 +2.575694787e+02 +3.293394787e+02 +3.293394787e+02
69596 +2.523542001e+02 +2.523542001e+02 +3.241242001e+02 +3.241242001e+02
70608 +2.429198974e+02 +2.429198974e+02 +3.146898974e+02 +3.146898974e+02
70626 +2.257193789e+02 +2.257193789e+02 +2.974893789e+02 +2.974893789e+02
75435 +2.237490559e+02 +2.237490559e+02 +2.955190559e+02 +2.955190559e+02
79323 +2.168498408e+02 +2.168498408e+02 +2.886198408e+02 +2.886198408e+02
80875 +2.107843852e+02 +2.107843852e+02 +2.825543852e+02 +2.825543852e+02
82159 +2.073444688e+02 +2.073444688e+02 +2.791144688e+02 +2.791144688e+02
82524 +1.896082380e+02 +1.896082380e+02 +2.613782380e+02 +2.613782380e+02
82538 +1.844700418e+02 +1.844700418e+02 +2.562400418e+02 +2.562400418e+02
83945 +1.777052082e+02 +1.777052082e+02 +2.494752082e+02 +2.494752082e+02
84267 +1.734200816e+02 +1.734200816e+02 +2.451900816e+02 +2.451900816e+02
84341 +1.660413568e+02 +1.660413568e+02 +2.378113568e+02 +2.378113568e+02
84352 +1.656761109e+02 +1.656761109e+02 +2.374461109e+02 +2.374461109e+02
87089 +1.612719521e+02 +1.612719521e+02 +2.330419521e+02 +2.330419521e+02
87949 +1.558725896e+02 +1.558725896e+02 +2.276425896e+02 +2.276425896e+02
88399 +1.540623166e+02 +1.540623166e+02 +2.258323166e+02 +2.258323166e+02
88833 +1.508710343e+02 +1.508710343e+02 +2.226410343e+02 +2.226410343e+02
88856 +1.469134551e+02 +1.469134551e+02 +2.186834551e+02 +2.186834551e+02
90458 +1.444274908e+02 +1.444274908e+02 +2.161974908e+02 +2.161974908e+02
90846 +1.357314924e+02 +1.357314924e+02 +2.075014924e+02 +2.075014924e+02
90854 +1.347126056e+02 +1.347126056e+02 +2.064826056e+02 +2.064826056e+02
92523 +1.285040410e+02 +1.285040410e+02 +2.002740410e+02 +2.002740410e+02
92567 +1.257944680e+02 +1.257944680e+02 +1.975644680e+02 +1.975644680e+02
92677 +1.217522137e+02 +1.217522137e+02 +1.935222137e+02 +1.935222137e+02
94624 +1.199169878e+02 +1.199169878e+02 +1.916869878e+02 +1.916869878e+02
94898 +1.173625485e+02 +1.173625485e+02 +1.891325485e+02 +1.891325485e+02
192948 +1.140748302e+02 +1.140748302e+02 +1.858448302e+02 +1.858448302e+02
193594 +1.119097494e+02 +1.119097494e+02 +1.836797494e+02 +1.836797494e+02
193629 +1.095095838e+02 +1.095095838e+02 +1.812795838e+02 +1.812795838e+02
194087 +1.069947590e+02 +1.069947590e+02 +1.787647590e+02 +1.787647590e+02
197350 +1.046620996e+02 +1.046620996e+02 +1.764320996e+02 +1.764320996e+02
197586 +1.017561491e+02 +1.017561491e+02 +1.735261491e+02 +1.735261491e+02
198509 +9.984534990e+01 +9.984534990e+01 +1.716153499e+02 +1.716153499e+02
% function evaluation | noise-free fitness - Fopt (8.448800000000e+02) | best noise-free fitness - Fopt | measured fitness | best measured fitness | x1 | x2...
1 +1.807736017e+03 +1.807736017e+03 +2.652616017e+03 +2.652616017e+03
14 +1.714136396e+03 +1.714136396e+03 +2.559016396e+03 +2.559016396e+03
21 +1.519567563e+03 +1.519567563e+03 +2.364447563e+03 +2.364447563e+03
50 +1.456195693e+03 +1.456195693e+03 +2.301075693e+03 +2.301075693e+03
52 +1.425105425e+03 +1.425105425e+03 +2.269985425e+03 +2.269985425e+03
58 +1.288143763e+03 +1.288143763e+03 +2.133023763e+03 +2.133023763e+03
95 +1.255431378e+03 +1.255431378e+03 +2.100311378e+03 +2.100311378e+03
104 +1.190487471e+03 +1.190487471e+03 +2.035367471e+03 +2.035367471e+03
121 +1.067852541e+03 +1.067852541e+03 +1.912732541e+03 +1.912732541e+03
411 +1.022691137e+03 +1.022691137e+03 +1.867571137e+03 +1.867571137e+03
425 +9.609069319e+02 +9.609069319e+02 +1.805786932e+03 +1.805786932e+03
619 +8.897332836e+02 +8.897332836e+02 +1.734613284e+03 +1.734613284e+03
1249 +7.571512184e+02 +7.571512184e+02 +1.602031218e+03 +1.602031218e+03
3494 +7.258874102e+02 +7.258874102e+02 +1.570767410e+03 +1.570767410e+03
3517 +7.173017671e+02 +7.173017671e+02 +1.562181767e+03 +1.562181767e+03
5182 +6.983554291e+02 +6.983554291e+02 +1.543235429e+03 +1.543235429e+03
5254 +6.833175193e+02 +6.833175193e+02 +1.528197519e+03 +1.528197519e+03
5281 +6.661915519e+02 +6.661915519e+02 +1.511071552e+03 +1.511071552e+03
5383 +5.973245945e+02 +5.973245945e+02 +1.442204595e+03 +1.442204595e+03
6549 +5.631397965e+02 +5.631397965e+02 +1.408019797e+03 +1.408019797e+03
8953 +5.523403640e+02 +5.523403640e+02 +1.397220364e+03 +1.397220364e+03
9267 +5.332195429e+02 +5.332195429e+02 +1.378099543e+03 +1.378099543e+03
9457 +4.964365462e+02 +4.964365462e+02 +1.341316546e+03 +1.341316546e+03
9481 +4.537401741e+02 +4.537401741e+02 +1.298620174e+03 +1.298620174e+03
14748 +3.984514750e+02 +3.984514750e+02 +1.243331475e+03 +1.243331475e+03
28909 +3.974375967e+02 +3.974375967e+02 +1.242317597e+03 +1.242317597e+03
39201 +3.727049122e+02 +3.727049122e+02 +1.217584912e+03 +1.217584912e+03
47787 +3.511889261e+02 +3.511889261e+02 +1.196068926e+03 +1.196068926e+03
50609 +3.464118142e+02 +3.464118142e+02 +1.191291814e+03 +1.191291814e+03
50618 +3.228783082e+02 +3.228783082e+02 +1.167758308e+03 +1.167758308e+03
56430 +3.073061890e+02 +3.073061890e+02 +1.152186189e+03 +1.152186189e+03
62024 +2.829034363e+02 +2.829034363e+02 +1.127783436e+03 +1.127783436e+03
64739 +2.751254134e+02 +2.751254134e+02 +1.120005413e+03 +1.120005413e+03
64748 +2.680002787e+02 +2.680002787e+02 +1.112880279e+03 +1.112880279e+03
69922 +2.554120619e+02 +2.554120619e+02 +1.100292062e+03 +1.100292062e+03
70655 +2.426023075e+02 +2.426023075e+02 +1.087482307e+03 +1.087482307e+03
72641 +2.375234185e+02 +2.375234185e+02 +1.082403418e+03 +1.082403418e+03
72647 +2.246061153e+02 +2.246061153e+02 +1.069486115e+03 +1.069486115e+03
72682 +2.236070900e+02 +2.236070900e+02 +1.068487090e+03 +1.068487090e+03
72693 +2.133609210e+02 +2.133609210e+02 +1.058240921e+03 +1.058240921e+03
75810 +2.077596244e+02 +2.077596244e+02 +1.052639624e+03 +1.052639624e+03
76054 +1.923515877e+02 +1.923515877e+02 +1.037231588e+03 +1.037231588e+03
76066 +1.849097171e+02 +1.849097171e+02 +1.029789717e+03 +1.029789717e+03
78911 +1.817389539e+02 +1.817389539e+02 +1.026618954e+03 +1.026618954e+03
79544 +1.764909120e+02 +1.764909120e+02 +1.021370912e+03 +1.021370912e+03
79862 +1.656189838e+02 +1.656189838e+02 +1.010498984e+03 +1.010498984e+03
80193 +1.577070578e+02 +1.577070578e+02 +1.002587058e+03 +1.002587058e+03
80210 +1.543513925e+02 +1.543513925e+02 +9.992313925e+02 +9.992313925e+02
80414 +1.503460442e+02 +1.503460442e+02 +9.952260442e+02 +9.952260442e+02
81446 +1.477875958e+02 +1.477875958e+02 +9.926675958e+02 +9.926675958e+02
81449 +1.431679118e+02 +1.431679118e+02 +9.880479118e+02 +9.880479118e+02
81490 +1.279881402e+02 +1.279881402e+02 +9.728681402e+02 +9.728681402e+02
84112 +1.173819879e+02 +1.173819879e+02 +9.622619879e+02 +9.622619879e+02
85930 +1.128576221e+02 +1.128576221e+02 +9.577376221e+02 +9.577376221e+02
86092 +1.108564945e+02 +1.108564945e+02 +9.557364945e+02 +9.557364945e+02
86118 +1.070634962e+02 +1.070634962e+02 +9.519434962e+02 +9.519434962e+02
86122 +1.029646979e+02 +1.029646979e+02 +9.478446979e+02 +9.478446979e+02
88705 +1.012151350e+02 +1.012151350e+02 +9.460951350e+02 +9.460951350e+02
88718 +9.969405702e+01 +9.969405702e+01 +9.445740570e+02 +9.445740570e+02
88803 +9.667695423e+01 +9.667695423e+01 +9.415569542e+02 +9.415569542e+02
89676 +9.532741004e+01 +9.532741004e+01 +9.402074100e+02 +9.402074100e+02
89689 +9.313244057e+01 +9.313244057e+01 +9.380124406e+02 +9.380124406e+02
90535 +9.106328926e+01 +9.106328926e+01 +9.359432893e+02 +9.359432893e+02
93528 +8.893240415e+01 +8.893240415e+01 +9.338124041e+02 +9.338124041e+02
94276 +8.574921025e+01 +8.574921025e+01 +9.306292103e+02 +9.306292103e+02
94356 +8.454837948e+01 +8.454837948e+01 +9.294283795e+02 +9.294283795e+02
95813 +8.287739365e+01 +8.287739365e+01 +9.277573936e+02 +9.277573936e+02
96637 +8.122968312e+01 +8.122968312e+01 +9.261096831e+02 +9.261096831e+02
99124 +7.899581591e+01 +7.899581591e+01 +9.238758159e+02 +9.238758159e+02
% function evaluation | noise-free fitness - Fopt (-4.222000000000e+01) | best noise-free fitness - Fopt | measured fitness | best measured fitness | x1 | x2...
1 +1.400069718e+03 +1.400069718e+03 +1.357849718e+03 +1.357849718e+03
26 +1.349674765e+03 +1.349674765e+03 +1.307454765e+03 +1.307454765e+03
41 +1.190855783e+03 +1.190855783e+03 +1.148635783e+03 +1.148635783e+03
125 +1.114329345e+03 +1.114329345e+03 +1.072109345e+03 +1.072109345e+03
141 +1.066214987e+03 +1.066214987e+03 +1.023994987e+03 +1.023994987e+03
145 +1.029193353e+03 +1.029193353e+03 +9.869733534e+02 +9.869733534e+02
923 +9.076777990e+02 +9.076777990e+02 +8.654577990e+02 +8.654577990e+02
952 +8.356222770e+02 +8.356222770e+02 +7.934022770e+02 +7.934022770e+02
963 +8.257479212e+02 +8.257479212e+02 +7.835279212e+02 +7.835279212e+02
2236 +7.940627834e+02 +7.940627834e+02 +7.518427834e+02 +7.518427834e+02
2271 +7.263638114e+02 +7.263638114e+02 +6.841438114e+02 +6.841438114e+02
2332 +6.462447191e+02 +6.462447191e+02 +6.040247191e+02 +6.040247191e+02
2351 +5.978293981e+02 +5.978293981e+02 +5.556093981e+02 +5.556093981e+02
4930 +5.866037523e+02 +5.866037523e+02 +5.443837523e+02 +5.443837523e+02
5422 +5.535997166e+02 +5.535997166e+02 +5.113797166e+02 +5.113797166e+02
8596 +5.079786776e+02 +5.079786776e+02 +4.657586776e+02 +4.657586776e+02
8701 +4.979516038e+02 +4.979516038e+02 +4.557316038e+02 +4.557316038e+02
13247 +4.827095593e+02 +4.827095593e+02 +4.404895593e+02 +4.404895593e+02
13642 +4.454400668e+02 +4.454400668e+02 +4.032200668e+02 +4.032200668e+02
13749 +4.347053942e+02 +4.347053942e+02 +3.924853942e+02 +3.924853942e+02
36007 +4.140134766e+02 +4.140134766e+02 +3.717934766e+02 +3.717934766e+02
37861 +4.020868915e+02 +4.020868915e+02 +3.598668915e+02 +3.598668915e+02
43185 +3.745870718e+02 +3.745870718e+02 +3.323670718e+02 +3.323670718e+02
44035 +3.696017250e+02 +3.696017250e+02 +3.273817250e+02 +3.273817250e+02
48854 +3.492250963e+02 +3.492250963e+02 +3.070050963e+02 +3.070050963e+02
50070 +3.462024550e+02 +3.462024550e+02 +3.039824550e+02 +3.039824550e+02
50310 +3.096534349e+02 +3.096534349e+02 +2.674334349e+02 +2.674334349e+02
52893 +2.909165701e+02 +2.909165701e+02 +2.486965701e+02 +2.486965701e+02
54995 +2.874644072e+02 +2.874644072e+02 +2.452444072e+02 +2.452444072e+02
57049 +2.744730351e+02 +2.744730351e+02 +2.322530351e+02 +2.322530351e+02
68607 +2.637987082e+02 +2.637987082e+02 +2.215787082e+02 +2.215787082e+02
68619 +2.591183695e+02 +2.591183695e+02 +2.168983695e+02 +2.168983695e+02
68872 +2.544259140e+02 +2.544259140e+02 +2.122059140e+02 +2.122059140e+02
69627 +2.510096826e+02 +2.510096826e+02 +2.087896826e+02 +2.087896826e+02
72264 +2.383999542e+02 +2.383999542e+02 +1.961799542e+02 +1.961799542e+02
73562 +2.252337919e+02 +2.252337919e+02 +1.830137919e+02 +1.830137919e+02
76693 +2.148982833e+02 +2.148982833e+02 +1.726782833e+02 +1.726782833e+02
76992 +2.116709590e+02 +2.116709590e+02 +1.694509590e+02 +1.694509590e+02
77179 +1.981218905e+02 +1.981218905e+02 +1.559018905e+02 +1.559018905e+02
77290 +1.943549155e+02 +1.943549155e+02 +1.521349155e+02 +1.521349155e+02
77507 +1.815858091e+02 +1.815858091e+02 +1.393658091e+02 +1.393658091e+02
79503 +1.697348495e+02 +1.697348495e+02 +1.275148495e+02 +1.275148495e+02
82008 +1.657156884e+02 +1.657156884e+02 +1.234956884e+02 +1.234956884e+02
82046 +1.592596258e+02 +1.592596258e+02 +1.170396258e+02 +1.170396258e+02
83796 +1.561999598e+02 +1.561999598e+02 +1.139799598e+02 +1.139799598e+02
83821 +1.524989253e+02 +1.524989253e+02 +1.102789253e+02 +1.102789253e+02
83822 +1.490359583e+02 +1.490359583e+02 +1.068159583e+02 +1.068159583e+02
83926 +1.451815146e+02 +1.451815146e+02 +1.029615146e+02 +1.029615146e+02
84291 +1.439473847e+02 +1.439473847e+02 +1.017273847e+02 +1.017273847e+02
85063 +1.369460195e+02 +1.369460195e+02 +9.472601950e+01 +9.472601950e+01
85906 +1.347814066e+02 +1.347814066e+02 +9.256140655e+01 +9.256140655e+01
86350 +1.312285752e+02 +1.312285752e+02 +8.900857521e+01 +8.900857521e+01
87368 +1.284622371e+02 +1.284622371e+02 +8.624223714e+01 +8.624223714e+01
87551 +1.250764538e+02 +1.250764538e+02 +8.285645376e+01 +8.285645376e+01
87574 +1.221738156e+02 +1.221738156e+02 +7.995381564e+01 +7.995381564e+01
89054 +1.180259672e+02 +1.180259672e+02 +7.580596718e+01 +7.580596718e+01
89342 +1.142041300e+02 +1.142041300e+02 +7.198412998e+01 +7.198412998e+01
89760 +1.108059876e+02 +1.108059876e+02 +6.858598756e+01 +6.858598756e+01
91596 +1.091048710e+02 +1.091048710e+02 +6.688487096e+01 +6.688487096e+01
92632 +1.067082750e+02 +1.067082750e+02 +6.448827499e+01 +6.448827499e+01
93025 +1.042289132e+02 +1.042289132e+02 +6.200891315e+01 +6.200891315e+01
94400 +1.019630807e+02 +1.019630807e+02 +5.974308069e+01 +5.974308069e+01
96273 +9.974240929e+01 +9.974240929e+01 +5.752240929e+01 +5.752240929e+01
98167 +9.740160612e+01 +9.740160612e+01 +5.518160612e+01 +5.518160612e+01
388917 +9.509516934e+01 +9.509516934e+01 +5.287516934e+01 +5.287516934e+01
388927 +9.276985557e+01 +9.276985557e+01 +5.054985557e+01 +5.054985557e+01
389981 +8.935138694e+01 +8.935138694e+01 +4.713138694e+01 +4.713138694e+01
390448 +8.863246822e+01 +8.863246822e+01 +4.641246822e+01 +4.641246822e+01
391466 +8.704444630e+01 +8.704444630e+01 +4.482444630e+01 +4.482444630e+01
391487 +8.414841753e+01 +8.414841753e+01 +4.192841753e+01 +4.192841753e+01
394010 +8.254962151e+01 +8.254962151e+01 +4.032962151e+01 +4.032962151e+01
394226 +8.044413482e+01 +8.044413482e+01 +3.822413482e+01 +3.822413482e+01
394343 +7.937100792e+01 +7.937100792e+01 +3.715100792e+01 +3.715100792e+01
398526 +7.743849598e+01 +7.743849598e+01 +3.521849598e+01 +3.521849598e+01
% function evaluation | noise-free fitness - Fopt (-9.179000000000e+01) | best noise-free fitness - Fopt | measured fitness | best measured fitness | x1 | x2...
1 +1.201963114e+03 +1.201963114e+03 +1.110173114e+03 +1.110173114e+03
4 +1.167289938e+03 +1.167289938e+03 +1.075499938e+03 +1.075499938e+03
9 +1.091970548e+03 +1.091970548e+03 +1.000180548e+03 +1.000180548e+03
448 +1.055788418e+03 +1.055788418e+03 +9.639984180e+02 +9.639984180e+02
490 +9.712679882e+02 +9.712679882e+02 +8.794779882e+02 +8.794779882e+02
492 +9.296681172e+02 +9.296681172e+02 +8.378781172e+02 +8.378781172e+02
505 +8.788006841e+02 +8.788006841e+02 +7.870106841e+02 +7.870106841e+02
507 +8.690782255e+02 +8.690782255e+02 +7.772882255e+02 +7.772882255e+02
513 +8.351613315e+02 +8.351613315e+02 +7.433713315e+02 +7.433713315e+02
1001 +7.919013507e+02 +7.919013507e+02 +7.001113507e+02 +7.001113507e+02
2117 +7.684725971e+02 +7.684725971e+02 +6.766825971e+02 +6.766825971e+02
2132 +7.482837663e+02 +7.482837663e+02 +6.564937663e+02 +6.564937663e+02
3233 +7.355661408e+02 +7.355661408e+02 +6.437761408e+02 +6.437761408e+02
3252 +6.979687891e+02 +6.979687891e+02 +6.061787891e+02 +6.061787891e+02
3799 +6.856510612e+02 +6.856510612e+02 +5.938610612e+02 +5.938610612e+02
3813 +6.686263854e+02 +6.686263854e+02 +5.768363854e+02 +5.768363854e+02
4369 +6.292904484e+02 +6.292904484e+02 +5.375004484e+02 +5.375004484e+02
4375 +5.964131692e+02 +5.964131692e+02 +5.046231692e+02 +5.046231692e+02
4411 +5.662828597e+02 +5.662828597e+02 +4.744928597e+02 +4.744928597e+02
6562 +5.342063703e+02 +5.342063703e+02 +4.424163703e+02 +4.424163703e+02
6577 +4.848062965e+02 +4.848062965e+02 +3.930162965e+02 +3.930162965e+02
15463 +4.559740323e+02 +4.559740323e+02 +3.641840323e+02 +3.641840323e+02
16417 +4.387869842e+02 +4.387869842e+02 +3.469969842e+02 +3.469969842e+02
19933 +4.138616668e+02 +4.138616668e+02 +3.220716668e+02 +3.220716668e+02
37921 +4.019464637e+02 +4.019464637e+02 +3.101564637e+02 +3.101564637e+02
38683 +3.886634413e+02 +3.886634413e+02 +2.968734413e+02 +2.968734413e+02
48471 +3.763518771e+02 +3.763518771e+02 +2.845618771e+02 +2.845618771e+02
48489 +3.604541706e+02 +3.604541706e+02 +2.686641706e+02 +2.686641706e+02
48493 +3.545171229e+02 +3.545171229e+02 +2.627271229e+02 +2.627271229e+02
50690 +3.397684913e+02 +3.397684913e+02 +2.479784913e+02 +2.479784913e+02
53149 +3.284240018e+02 +3.284240018e+02 +2.366340018e+02 +2.366340018e+02
57086 +3.106303667e+02 +3.106303667e+02 +2.188403667e+02 +2.188403667e+02
57109 +3.078580842e+02 +3.078580842e+02 +2.160680842e+02 +2.160680842e+02
61738 +2.986512372e+02 +2.986512372e+02 +2.068612372e+02 +2.068612372e+02
61745 +2.805060696e+02 +2.805060696e+02 +1.887160696e+02 +1.887160696e+02
67292 +2.572749159e+02 +2.572749159e+02 +1.654849159e+02 +1.654849159e+02
67297 +2.531698945e+02 +2.531698945e+02 +1.613798945e+02 +1.613798945e+02
71044 +2.406994151e+02 +2.406994151e+02 +1.489094151e+02 +1.489094151e+02
71052 +2.258375410e+02 +2.258375410e+02 +1.340475410e+02 +1.340475410e+02
75746 +2.134985644e+02 +2.134985644e+02 +1.217085644e+02 +1.217085644e+02
76148 +2.070208472e+02 +2.070208472e+02 +1.152308472e+02 +1.152308472e+02
76785 +2.004567071e+02 +2.004567071e+02 +1.086667071e+02 +1.086667071e+02
76821 +1.957256480e+02 +1.957256480e+02 +1.039356480e+02 +1.039356480e+02
76825 +1.913072495e+02 +1.913072495e+02 +9.951724950e+01 +9.951724950e+01
76987 +1.825130781e+02 +1.825130781e+02 +9.072307809e+01 +9.072307809e+01
78022 +1.783089472e+02 +1.783089472e+02 +8.651894721e+01 +8.651894721e+01
78035 +1.709653673e+02 +1.709653673e+02 +7.917536735e+01 +7.917536735e+01
78078 +1.613536779e+02 +1.613536779e+02 +6.956367786e+01 +6.956367786e+01
79760 +1.455457052e+02 +1.455457052e+02 +5.375570517e+01 +5.375570517e+01
83020 +1.435110495e+02 +1.435110495e+02 +5.172104950e+01 +5.172104950e+01
83686 +1.402196930e+02 +1.402196930e+02 +4.842969303e+01 +4.842969303e+01
83954 +1.353346648e+02 +1.353346648e+02 +4.354466479e+01 +4.354466479e+01
83971 +1.342018901e+02 +1.342018901e+02 +4.241189011e+01 +4.241189011e+01
84625 +1.310027357e+02 +1.310027357e+02 +3.921273567e+01 +3.921273567e+01
84955 +1.282277614e+02 +1.282277614e+02 +3.643776143e+01 +3.643776143e+01
85174 +1.252505320e+02 +1.252505320e+02 +3.346053203e+01 +3.346053203e+01
86185 +1.196383675e+02 +1.196383675e+02 +2.784836753e+01 +2.784836753e+01
86355 +1.147667377e+02 +1.147667377e+02 +2.297673771e+01 +2.297673771e+01
87541 +1.112399454e+02 +1.112399454e+02 +1.944994537e+01 +1.944994537e+01
87542 +1.090543947e+02 +1.090543947e+02 +1.726439470e+01 +1.726439470e+01
88253 +1.062856989e+02 +1.062856989e+02 +1.449569893e+01 +1.449569893e+01
88767 +1.043698975e+02 +1.043698975e+02 +1.257989755e+01 +1.257989755e+01
90426 +1.017747776e+02 +1.017747776e+02 +9.984777606e+00 +9.984777606e+00
91029 +9.998817283e+01 +9.998817283e+01 +8.198172832e+00 +8.198172832e+00
92390 +9.755171594e+01 +9.755171594e+01 +5.761715940e+00 +5.761715940e+00
92563 +9.461709460e+01 +9.461709460e+01 +2.827094597e+00 +2.827094597e+00
95612 +9.258612871e+01 +9.258612871e+01 +7.961287068e-01 +7.961287068e-01
96592 +9.101056789e+01 +9.101056789e+01 -7.794321107e-01 -7.794321107e-01
99682 +8.879604532e+01 +8.879604532e+01 -2.993954681e+00 -2.993954681e+00
% function evaluation | noise-free fitness - Fopt (-1.277000000000e+01) | best noise-free fitness - Fopt | measured fitness | best measured fitness | x1 | x2...
1 +1.302085906e+03 +1.302085906e+03 +1.289315906e+03 +1.289315906e+03
166 +1.285276762e+03 +1.285276762e+03 +1.272506762e+03 +1.272506762e+03
186 +1.245647622e+03 +1.245647622e+03 +1.232877622e+03 +1.232877622e+03
196 +1.125086418e+03 +1.125086418e+03 +1.112316418e+03 +1.112316418e+03
199 +1.091540791e+03 +1.091540791e+03 +1.078770791e+03 +1.078770791e+03
244 +1.061019561e+03 +1.061019561e+03 +1.048249561e+03 +1.048249561e+03
276 +9.803144640e+02 +9.803144640e+02 +9.675444640e+02 +9.675444640e+02
961 +9.469287368e+02 +9.469287368e+02 +9.341587368e+02 +9.341587368e+02
974 +9.223776399e+02 +9.223776399e+02 +9.096076399e+02 +9.096076399e+02
1260 +8.312524736e+02 +8.312524736e+02 +8.184824736e+02 +8.184824736e+02
1422 +8.115606115e+02 +8.115606115e+02 +7.987906115e+02 +7.987906115e+02
1438 +7.857958825e+02 +7.857958825e+02 +7.730258825e+02 +7.730258825e+02
2227 +7.340285834e+02 +7.340285834e+02 +7.212585834e+02 +7.212585834e+02
2234 +6.451077490e+02 +6.451077490e+02 +6.323377490e+02 +6.323377490e+02
5533 +6.188654752e+02 +6.188654752e+02 +6.060954752e+02 +6.060954752e+02
6527 +6.152144543e+02 +6.152144543e+02 +6.024444543e+02 +6.024444543e+02
6849 +5.948297694e+02 +5.948297694e+02 +5.820597694e+02 +5.820597694e+02
9253 +5.675067217e+02 +5.675067217e+02 +5.547367217e+02 +5.547367217e+02
10107 +5.378216545e+02 +5.378216545e+02 +5.250516545e+02 +5.250516545e+02
10171 +4.917111946e+02 +4.917111946e+02 +4.789411946e+02 +4.789411946e+02
12850 +4.743956700e+02 +4.743956700e+02 +4.616256700e+02 +4.616256700e+02
14011 +4.510457524e+02 +4.510457524e+02 +4.382757524e+02 +4.382757524e+02
15867 +4.204434565e+02 +4.204434565e+02 +4.076734565e+02 +4.076734565e+02
27506 +4.157321370e+02 +4.157321370e+02 +4.029621370e+02 +4.029621370e+02
35260 +3.972270382e+02 +3.972270382e+02 +3.844570382e+02 +3.844570382e+02
40487 +3.332197581e+02 +3.332197581e+02 +3.204497581e+02 +3.204497581e+02
53180 +2.946417308e+02 +2.946417308e+02 +2.818717308e+02 +2.818717308e+02
66850 +2.877025607e+02 +2.877025607e+02 +2.749325607e+02 +2.749325607e+02
73050 +2.670484366e+02 +2.670484366e+02 +2.542784366e+02 +2.542784366e+02
74222 +2.626174175e+02 +2.626174175e+02 +2.498474175e+02 +2.498474175e+02
74247 +2.447098973e+02 +2.447098973e+02 +2.319398973e+02 +2.319398973e+02
74264 +2.244720507e+02 +2.244720507e+02 +2.117020507e+02 +2.117020507e+02
74281 +2.181554163e+02 +2.181554163e+02 +2.053854163e+02 +2.053854163e+02
87368 +2.081375954e+02 +2.081375954e+02 +1.953675954e+02 +1.953675954e+02
87743 +1.964778324e+02 +1.964778324e+02 +1.837078324e+02 +1.837078324e+02
88825 +1.813898998e+02 +1.813898998e+02 +1.686198998e+02 +1.686198998e+02
88976 +1.702263526e+02 +1.702263526e+02 +1.574563526e+02 +1.574563526e+02
90117 +1.670490439e+02 +1.670490439e+02 +1.542790439e+02 +1.542790439e+02
90146 +1.615783345e+02 +1.615783345e+02 +1.488083345e+02 +1.488083345e+02
92394 +1.567877832e+02 +1.567877832e+02 +1.440177832e+02 +1.440177832e+02
92667 +1.509733953e+02 +1.509733953e+02 +1.382033953e+02 +1.382033953e+02
92682 +1.468715602e+02 +1.468715602e+02 +1.341015602e+02 +1.341015602e+02
93145 +1.422255198e+02 +1.422255198e+02 +1.294555198e+02 +1.294555198e+02
93164 +1.402857102e+02 +1.402857102e+02 +1.275157102e+02 +1.275157102e+02
93658 +1.311458540e+02 +1.311458540e+02 +1.183758540e+02 +1.183758540e+02
94076 +1.281302654e+02 +1.281302654e+02 +1.153602654e+02 +1.153602654e+02
96061 +1.240398438e+02 +1.240398438e+02 +1.112698438e+02 +1.112698438e+02
96063 +1.219265897e+02 +1.219265897e+02 +1.091565897e+02 +1.091565897e+02
96162 +1.174931904e+02 +1.174931904e+02 +1.047231904e+02 +1.047231904e+02
96197 +1.142047496e+02 +1.142047496e+02 +1.014347496e+02 +1.014347496e+02
98508 +1.095121059e+02 +1.095121059e+02 +9.674210594e+01 +9.674210594e+01
98653 +1.068049698e+02 +1.068049698e+02 +9.403496982e+01 +9.403496982e+01
195536 +1.041585832e+02 +1.041585832e+02 +9.138858324e+01 +9.138858324e+01
195763 +1.022637317e+02 +1.022637317e+02 +8.949373171e+01 +8.949373171e+01
197818 +9.899791421e+01 +9.899791421e+01 +8.622791421e+01 +8.622791421e+01
297058 +9.703089971e+01 +9.703089971e+01 +8.426089971e+01 +8.426089971e+01
298899 +9.518324126e+01 +9.518324126e+01 +8.241324126e+01 +8.241324126e+01
397955 +9.299240653e+01 +9.299240653e+01 +8.022240653e+01 +8.022240653e+01
398038 +9.107238713e+01 +9.107238713e+01 +7.830238713e+01 +7.830238713e+01
399484 +8.884769517e+01 +8.884769517e+01 +7.607769517e+01 +7.607769517e+01
% function evaluation | noise-free fitness - Fopt (-1.000000000000e+03) | best noise-free fitness - Fopt | measured fitness | best measured fitness | x1 | x2...
1 +1.868773290e+03 +1.868773290e+03 +8.687732897e+02 +8.687732897e+02
31 +1.535014677e+03 +1.535014677e+03 +5.350146768e+02 +5.350146768e+02
41 +1.215690151e+03 +1.215690151e+03 +2.156901507e+02 +2.156901507e+02
43 +1.181806918e+03 +1.181806918e+03 +1.818069177e+02 +1.818069177e+02
60 +1.161653493e+03 +1.161653493e+03 +1.616534928e+02 +1.616534928e+02
69 +1.128932021e+03 +1.128932021e+03 +1.289320206e+02 +1.289320206e+02
72 +1.094190994e+03 +1.094190994e+03 +9.419099369e+01 +9.419099369e+01
80 +1.005197315e+03 +1.005197315e+03 +5.197314642e+00 +5.197314642e+00
87 +9.825416537e+02 +9.825416537e+02 -1.745834635e+01 -1.745834635e+01
90 +8.348618631e+02 +8.348618631e+02 -1.651381369e+02 -1.651381369e+02
847 +7.777450461e+02 +7.777450461e+02 -2.222549539e+02 -2.222549539e+02
2085 +7.657309534e+02 +7.657309534e+02 -2.342690466e+02 -2.342690466e+02
2143 +7.344509031e+02 +7.344509031e+02 -2.655490969e+02 -2.655490969e+02
2213 +6.420079604e+02 +6.420079604e+02 -3.579920396e+02 -3.579920396e+02
2625 +6.046422627e+02 +6.046422627e+02 -3.953577373e+02 -3.953577373e+02
4884 +5.747138538e+02 +5.747138538e+02 -4.252861462e+02 -4.252861462e+02
4980 +5.215087162e+02 +5.215087162e+02 -4.784912838e+02 -4.784912838e+02
9494 +5.122746480e+02 +5.122746480e+02 -4.877253520e+02 -4.877253520e+02
9608 +4.475252272e+02 +4.475252272e+02 -5.524747728e+02 -5.524747728e+02
17482 +4.372769031e+02 +4.372769031e+02 -5.627230969e+02 -5.627230969e+02
25225 +3.830229014e+02 +3.830229014e+02 -6.169770986e+02 -6.169770986e+02
31212 +3.788671416e+02 +3.788671416e+02 -6.211328584e+02 -6.211328584e+02
36933 +3.682753675e+02 +3.682753675e+02 -6.317246325e+02 -6.317246325e+02
53610 +3.511344615e+02 +3.511344615e+02 -6.488655385e+02 -6.488655385e+02
55281 +3.452341069e+02 +3.452341069e+02 -6.547658931e+02 -6.547658931e+02
56465 +3.275426679e+02 +3.275426679e+02 -6.724573321e+02 -6.724573321e+02
62727 +3.136617026e+02 +3.136617026e+02 -6.863382974e+02 -6.863382974e+02
62852 +3.073383641e+02 +3.073383641e+02 -6.926616359e+02 -6.926616359e+02
71396 +2.992163065e+02 +2.992163065e+02 -7.007836935e+02 -7.007836935e+02
71688 +2.752296010e+02 +2.752296010e+02 -7.247703990e+02 -7.247703990e+02
74380 +2.620877748e+02 +2.620877748e+02 -7.379122252e+02 -7.379122252e+02
79258 +2.515165387e+02 +2.515165387e+02 -7.484834613e+02 -7.484834613e+02
79267 +2.489312188e+02 +2.489312188e+02 -7.510687812e+02 -7.510687812e+02
80105 +2.441645458e+02 +2.441645458e+02 -7.558354542e+02 -7.558354542e+02
80139 +2.394228642e+02 +2.394228642e+02 -7.605771358e+02 -7.605771358e+02
80578 +2.257322822e+02 +2.257322822e+02 -7.742677178e+02 -7.742677178e+02
81249 +2.226970779e+02 +2.226970779e+02 -7.773029221e+02 -7.773029221e+02
81302 +2.123751081e+02 +2.123751081e+02 -7.876248919e+02 -7.876248919e+02
81404 +1.935703920e+02 +1.935703920e+02 -8.064296080e+02 -8.064296080e+02
81426 +1.814086331e+02 +1.814086331e+02 -8.185913669e+02 -8.185913669e+02
85777 +1.770153429e+02 +1.770153429e+02 -8.229846571e+02 -8.229846571e+02
86209 +1.685110629e+02 +1.685110629e+02 -8.314889371e+02 -8.314889371e+02
87331 +1.637491335e+02 +1.637491335e+02 -8.362508665e+02 -8.362508665e+02
87399 +1.570147526e+02 +1.570147526e+02 -8.429852474e+02 -8.429852474e+02
88929 +1.543026993e+02 +1.543026993e+02 -8.456973007e+02 -8.456973007e+02
88935 +1.502830957e+02 +1.502830957e+02 -8.497169043e+02 -8.497169043e+02
89261 +1.469724755e+02 +1.469724755e+02 -8.530275245e+02 -8.530275245e+02
90532 +1.430420881e+02 +1.430420881e+02 -8.569579119e+02 -8.569579119e+02
90592 +1.410717710e+02 +1.410717710e+02 -8.589282290e+02 -8.589282290e+02
91673 +1.371968290e+02 +1.371968290e+02 -8.628031710e+02 -8.628031710e+02
92669 +1.343667531e+02 +1.343667531e+02 -8.656332469e+02 -8.656332469e+02
93898 +1.316275335e+02 +1.316275335e+02 -8.683724665e+02 -8.683724665e+02
94397 +1.287717111e+02 +1.287717111e+02 -8.712282889e+02 -8.712282889e+02
98666 +1.258597479e+02 +1.258597479e+02 -8.741402521e+02 -8.741402521e+02
185960 +1.225561854e+02 +1.225561854e+02 -8.774438146e+02 -8.774438146e+02
187512 +1.199710720e+02 +1.199710720e+02 -8.800289280e+02 -8.800289280e+02
187522 +1.160047690e+02 +1.160047690e+02 -8.839952310e+02 -8.839952310e+02
188764 +1.144163501e+02 +1.144163501e+02 -8.855836499e+02 -8.855836499e+02
188833 +1.112030542e+02 +1.112030542e+02 -8.887969458e+02 -8.887969458e+02
188870 +1.090422230e+02 +1.090422230e+02 -8.909577770e+02 -8.909577770e+02
188876 +1.061559300e+02 +1.061559300e+02 -8.938440700e+02 -8.938440700e+02
190415 +1.031133203e+02 +1.031133203e+02 -8.968866797e+02 -8.968866797e+02
190842 +1.019291980e+02 +1.019291980e+02 -8.980708020e+02 -8.980708020e+02
191297 +9.932276962e+01 +9.932276962e+01 -9.006772304e+02 -9.006772304e+02
193095 +9.748020113e+01 +9.748020113e+01 -9.025197989e+02 -9.025197989e+02
195386 +9.507999119e+01 +9.507999119e+01 -9.049200088e+02 -9.049200088e+02
196050 +9.315427943e+01 +9.315427943e+01 -9.068457206e+02 -9.068457206e+02
197092 +9.084439888e+01 +9.084439888e+01 -9.091556011e+02 -9.091556011e+02
% function evaluation | noise-free fitness - Fopt (-1.000000000000e+03) | best noise-free fitness - Fopt | measured fitness | best measured fitness | x1 | x2...
1 +1.420300962e+03 +1.420300962e+03 +4.203009619e+02 +4.203009619e+02
8 +1.388150210e+03 +1.388150210e+03 +3.881502104e+02 +3.881502104e+02
14 +1.359679719e+03 +1.359679719e+03 +3.596797186e+02 +3.596797186e+02
19 +1.053388026e+03 +1.053388026e+03 +5.338802582e+01 +5.338802582e+01
22 +9.226954181e+02 +9.226954181e+02 -7.730458193e+01 -7.730458193e+01
288 +8.996567548e+02 +8.996567548e+02 -1.003432452e+02 -1.003432452e+02
445 +8.804110024e+02 +8.804110024e+02 -1.195889976e+02 -1.195889976e+02
2298 +8.539465283e+02 +8.539465283e+02 -1.460534717e+02 -1.460534717e+02
2786 +8.429417762e+02 +8.429417762e+02 -1.570582238e+02 -1.570582238e+02
3368 +8.040697919e+02 +8.040697919e+02 -1.959302081e+02 -1.959302081e+02
3473 +7.712794501e+02 +7.712794501e+02 -2.287205499e+02 -2.287205499e+02
3503 +7.350610556e+02 +7.350610556e+02 -2.649389444e+02 -2.649389444e+02
3528 +7.240332913e+02 +7.240332913e+02 -2.759667087e+02 -2.759667087e+02
3679 +7.038897404e+02 +7.038897404e+02 -2.961102596e+02 -2.961102596e+02
3732 +6.471875779e+02 +6.471875779e+02 -3.528124221e+02 -3.528124221e+02
5710 +6.289024126e+02 +6.289024126e+02 -3.710975874e+02 -3.710975874e+02
7191 +5.757846173e+02 +5.757846173e+02 -4.242153827e+02 -4.242153827e+02
8074 +5.559136352e+02 +5.559136352e+02 -4.440863648e+02 -4.440863648e+02
10269 +5.047491831e+02 +5.047491831e+02 -4.952508169e+02 -4.952508169e+02
10279 +4.986586743e+02 +4.986586743e+02 -5.013413257e+02 -5.013413257e+02
14301 +4.527020579e+02 +4.527020579e+02 -5.472979421e+02 -5.472979421e+02
19144 +4.152674794e+02 +4.152674794e+02 -5.847325206e+02 -5.847325206e+02
42896 +3.939616739e+02 +3.939616739e+02 -6.060383261e+02 -6.060383261e+02
44862 +3.696617954e+02 +3.696617954e+02 -6.303382046e+02 -6.303382046e+02
46696 +3.535278157e+02 +3.535278157e+02 -6.464721843e+02 -6.464721843e+02
50545 +3.448371572e+02 +3.448371572e+02 -6.551628428e+02 -6.551628428e+02
50557 +3.334946424e+02 +3.334946424e+02 -6.665053576e+02 -6.665053576e+02
50948 +3.171795028e+02 +3.171795028e+02 -6.828204972e+02 -6.828204972e+02
51005 +3.023592484e+02 +3.023592484e+02 -6.976407516e+02 -6.976407516e+02
51029 +3.008041128e+02 +3.008041128e+02 -6.991958872e+02 -6.991958872e+02
59925 +2.801909560e+02 +2.801909560e+02 -7.198090440e+02 -7.198090440e+02
64937 +2.745929613e+02 +2.745929613e+02 -7.254070387e+02 -7.254070387e+02
66879 +2.627781455e+02 +2.627781455e+02 -7.372218545e+02 -7.372218545e+02
67842 +2.568984783e+02 +2.568984783e+02 -7.431015217e+02 -7.431015217e+02
68127 +2.411783276e+02 +2.411783276e+02 -7.588216724e+02 -7.588216724e+02
68182 +2.343865445e+02 +2.343865445e+02 -7.656134555e+02 -7.656134555e+02
68214 +2.221229481e+02 +2.221229481e+02 -7.778770519e+02 -7.778770519e+02
70835 +2.178534752e+02 +2.178534752e+02 -7.821465248e+02 -7.821465248e+02
71808 +2.074155604e+02 +2.074155604e+02 -7.925844396e+02 -7.925844396e+02
71810 +1.984183756e+02 +1.984183756e+02 -8.015816244e+02 -8.015816244e+02
72039 +1.809904875e+02 +1.809904875e+02 -8.190095125e+02 -8.190095125e+02
75920 +1.777035173e+02 +1.777035173e+02 -8.222964827e+02 -8.222964827e+02
76672 +1.686993215e+02 +1.686993215e+02 -8.313006785e+02 -8.313006785e+02
76700 +1.577787544e+02 +1.577787544e+02 -8.422212456e+02 -8.422212456e+02
76954 +1.548725755e+02 +1.548725755e+02 -8.451274245e+02 -8.451274245e+02
78723 +1.501841910e+02 +1.501841910e+02 -8.498158090e+02 -8.498158090e+02
78894 +1.454068271e+02 +1.454068271e+02 -8.545931729e+02 -8.545931729e+02
78895 +1.442953907e+02 +1.442953907e+02 -8.557046093e+02 -8.557046093e+02
79499 +1.387429190e+02 +1.387429190e+02 -8.612570810e+02 -8.612570810e+02
79510 +1.275999019e+02 +1.275999019e+02 -8.724000981e+02 -8.724000981e+02
79783 +1.198389835e+02 +1.198389835e+02 -8.801610165e+02 -8.801610165e+02
80593 +1.170749192e+02 +1.170749192e+02 -8.829250808e+02 -8.829250808e+02
81520 +1.117669192e+02 +1.117669192e+02 -8.882330808e+02 -8.882330808e+02
82300 +1.040955627e+02 +1.040955627e+02 -8.959044373e+02 -8.959044373e+02
84728 +1.014136253e+02 +1.014136253e+02 -8.985863747e+02 -8.985863747e+02
84772 +9.942218478e+01 +9.942218478e+01 -9.005778152e+02 -9.005778152e+02
84874 +9.718166536e+01 +9.718166536e+01 -9.028183346e+02 -9.028183346e+02
85060 +9.532716911e+01 +9.532716911e+01 -9.046728309e+02 -9.046728309e+02
85065 +9.323750309e+01 +9.323750309e+01 -9.067624969e+02 -9.067624969e+02
85109 +9.051662804e+01 +9.051662804e+01 -9.094833720e+02 -9.094833720e+02
87215 +8.893451643e+01 +8.893451643e+01 -9.110654836e+02 -9.110654836e+02
87254 +8.661237357e+01 +8.661237357e+01 -9.133876264e+02 -9.133876264e+02
88042 +8.367591750e+01 +8.367591750e+01 -9.163240825e+02 -9.163240825e+02
88641 +8.275165740e+01 +8.275165740e+01 -9.172483426e+02 -9.172483426e+02
90792 +8.108208853e+01 +8.108208853e+01 -9.189179115e+02 -9.189179115e+02
92333 +7.941922442e+01 +7.941922442e+01 -9.205807756e+02 -9.205807756e+02
94422 +7.747136316e+01 +7.747136316e+01 -9.225286368e+02 -9.225286368e+02
98433 +7.570194589e+01 +7.570194589e+01 -9.242980541e+02 -9.242980541e+02
294839 +7.404266650e+01 +7.404266650e+01 -9.259573335e+02 -9.259573335e+02
295126 +7.216474201e+01 +7.216474201e+01 -9.278352580e+02 -9.278352580e+02
296682 +7.024486431e+01 +7.024486431e+01 -9.297551357e+02 -9.297551357e+02
298801 +6.906316715e+01 +6.906316715e+01 -9.309368328e+02 -9.309368328e+02
