% function evaluation | noise-free fitness - Fopt (7.135000000000e+01) | best noise-free fitness - Fopt | measured fitness | best measured fitness | x1 | x2...
1 +6.740687613e+01 +6.740687613e+01 +1.387568761e+02 +1.387568761e+02
15 +6.459209573e+01 +6.459209573e+01 +1.359420957e+02 +1.359420957e+02
17 +6.334131818e+01 +6.334131818e+01 +1.346913182e+02 +1.346913182e+02
21 +6.035492539e+01 +6.035492539e+01 +1.317049254e+02 +1.317049254e+02
28 +5.537840185e+01 +5.537840185e+01 +1.267284019e+02 +1.267284019e+02
120 +4.808868421e+01 +4.808868421e+01 +1.194386842e+02 +1.194386842e+02
334 +4.459631755e+01 +4.459631755e+01 +1.159463176e+02 +1.159463176e+02
40728 +4.170252582e+01 +4.170252582e+01 +1.130525258e+02 +1.130525258e+02
44905 +4.103762069e+01 +4.103762069e+01 +1.123876207e+02 +1.123876207e+02
45020 +3.817856007e+01 +3.817856007e+01 +1.095285601e+02 +1.095285601e+02
49050 +3.358104159e+01 +3.358104159e+01 +1.049310416e+02 +1.049310416e+02
62950 +3.043777577e+01 +3.043777577e+01 +1.017877758e+02 +1.017877758e+02
67158 +2.730673468e+01 +2.730673468e+01 +9.865673468e+01 +9.865673468e+01
68418 +2.622374321e+01 +2.622374321e+01 +9.757374321e+01 +9.757374321e+01
69661 +2.526695832e+01 +2.526695832e+01 +9.661695832e+01 +9.661695832e+01
71269 +2.379929980e+01 +2.379929980e+01 +9.514929980e+01 +9.514929980e+01
75959 +2.254867423e+01 +2.254867423e+01 +9.389867423e+01 +9.389867423e+01
77129 +2.193372160e+01 +2.193372160e+01 +9.328372160e+01 +9.328372160e+01
77152 +2.073845753e+01 +2.073845753e+01 +9.208845753e+01 +9.208845753e+01
86129 +1.852995253e+01 +1.852995253e+01 +8.987995253e+01 +8.987995253e+01
88164 +1.789502963e+01 +1.789502963e+01 +8.924502963e+01 +8.924502963e+01
88180 +1.719710344e+01 +1.719710344e+01 +8.854710344e+01 +8.854710344e+01
89422 +1.666658944e+01 +1.666658944e+01 +8.801658944e+01 +8.801658944e+01
89467 +1.638348092e+01 +1.638348092e+01 +8.773348092e+01 +8.773348092e+01
89775 +1.569673700e+01 +1.569673700e+01 +8.704673700e+01 +8.704673700e+01
89824 +1.518943460e+01 +1.518943460e+01 +8.653943460e+01 +8.653943460e+01
89834 +1.436245426e+01 +1.436245426e+01 +8.571245426e+01 +8.571245426e+01
91859 +1.364561640e+01 +1.364561640e+01 +8.499561640e+01 +8.499561640e+01
91983 +1.307304225e+01 +1.307304225e+01 +8.442304225e+01 +8.442304225e+01
92008 +1.204441193e+01 +1.204441193e+01 +8.339441193e+01 +8.339441193e+01
92663 +1.192884755e+01 +1.192884755e+01 +8.327884755e+01 +8.327884755e+01
92813 +1.087800005e+01 +1.087800005e+01 +8.222800005e+01 +8.222800005e+01
92829 +1.038260881e+01 +1.038260881e+01 +8.173260881e+01 +8.173260881e+01
97131 +1.000845205e+01 +1.000845205e+01 +8.135845205e+01 +8.135845205e+01
97232 +9.842041316e+00 +9.842041316e+00 +8.119204132e+01 +8.119204132e+01
97368 +9.705533388e+00 +9.705533388e+00 +8.105553339e+01 +8.105553339e+01
97532 +8.092385854e+00 +8.092385854e+00 +7.944238585e+01 +7.944238585e+01
97596 +7.928986110e+00 +7.928986110e+00 +7.927898611e+01 +7.927898611e+01
98858 +7.347022363e+00 +7.347022363e+00 +7.869702236e+01 +7.869702236e+01
99290 +6.687623605e+00 +6.687623605e+00 +7.803762361e+01 +7.803762361e+01
% function evaluation | noise-free fitness - Fopt (-3.552200000000e+02) | best noise-free fitness - Fopt | measured fitness | best measured fitness | x1 | x2...
1 +9.594726272e+01 +9.594726272e+01 -2.592727373e+02 -2.592727373e+02
2 +6.585937710e+01 +6.585937710e+01 -2.893606229e+02 -2.893606229e+02
14 +6.090685281e+01 +6.090685281e+01 -2.943131472e+02 -2.943131472e+02
15 +5.200104229e+01 +5.200104229e+01 -3.032189577e+02 -3.032189577e+02
265 +4.953474709e+01 +4.953474709e+01 -3.056852529e+02 -3.056852529e+02
11639 +4.243138343e+01 +4.243138343e+01 -3.127886166e+02 -3.127886166e+02
24613 +4.104106239e+01 +4.104106239e+01 -3.141789376e+02 -3.141789376e+02
29608 +4.001917845e+01 +4.001917845e+01 -3.152008216e+02 -3.152008216e+02
40954 +3.653532334e+01 +3.653532334e+01 -3.186846767e+02 -3.186846767e+02
41304 +3.369387605e+01 +3.369387605e+01 -3.215261239e+02 -3.215261239e+02
60978 +3.294097097e+01 +3.294097097e+01 -3.222790290e+02 -3.222790290e+02
64437 +3.100162021e+01 +3.100162021e+01 -3.242183798e+02 -3.242183798e+02
66343 +2.990529507e+01 +2.990529507e+01 -3.253147049e+02 -3.253147049e+02
69964 +2.918063014e+01 +2.918063014e+01 -3.260393699e+02 -3.260393699e+02
69996 +2.869789708e+01 +2.869789708e+01 -3.265221029e+02 -3.265221029e+02
72088 +2.766555479e+01 +2.766555479e+01 -3.275544452e+02 -3.275544452e+02
72094 +2.499635626e+01 +2.499635626e+01 -3.302236437e+02 -3.302236437e+02
74240 +2.295848085e+01 +2.295848085e+01 -3.322615192e+02 -3.322615192e+02
74262 +2.156239576e+01 +2.156239576e+01 -3.336576042e+02 -3.336576042e+02
74417 +1.590885007e+01 +1.590885007e+01 -3.393111499e+02 -3.393111499e+02
80249 +1.577679797e+01 +1.577679797e+01 -3.394432020e+02 -3.394432020e+02
82890 +1.447868908e+01 +1.447868908e+01 -3.407413109e+02 -3.407413109e+02
82910 +1.435932718e+01 +1.435932718e+01 -3.408606728e+02 -3.408606728e+02
83664 +1.341688592e+01 +1.341688592e+01 -3.418031141e+02 -3.418031141e+02
83734 +1.281995953e+01 +1.281995953e+01 -3.424000405e+02 -3.424000405e+02
84047 +1.170907842e+01 +1.170907842e+01 -3.435109216e+02 -3.435109216e+02
84325 +1.079699394e+01 +1.079699394e+01 -3.444230061e+02 -3.444230061e+02
86940 +1.070919060e+01 +1.070919060e+01 -3.445108094e+02 -3.445108094e+02
86962 +1.037937668e+01 +1.037937668e+01 -3.448406233e+02 -3.448406233e+02
88736 +9.945067694e+00 +9.945067694e+00 -3.452749323e+02 -3.452749323e+02
90722 +9.454443127e+00 +9.454443127e+00 -3.457655569e+02 -3.457655569e+02
90760 +9.320940942e+00 +9.320940942e+00 -3.458990591e+02 -3.458990591e+02
90837 +8.804700543e+00 +8.804700543e+00 -3.464152995e+02 -3.464152995e+02
90871 +8.617147838e+00 +8.617147838e+00 -3.466028522e+02 -3.466028522e+02
90886 +8.476234420e+00 +8.476234420e+00 -3.467437656e+02 -3.467437656e+02
90922 +7.809990506e+00 +7.809990506e+00 -3.474100095e+02 -3.474100095e+02
92207 +7.594946934e+00 +7.594946934e+00 -3.476250531e+02 -3.476250531e+02
92471 +7.530918977e+00 +7.530918977e+00 -3.476890810e+02 -3.476890810e+02
92472 +7.055121542e+00 +7.055121542e+00 -3.481648785e+02 -3.481648785e+02
92501 +6.796378679e+00 +6.796378679e+00 -3.484236213e+02 -3.484236213e+02
92518 +6.573185530e+00 +6.573185530e+00 -3.486468145e+02 -3.486468145e+02
97516 +6.135254115e+00 +6.135254115e+00 -3.490847459e+02 -3.490847459e+02
97545 +5.918608931e+00 +5.918608931e+00 -3.493013911e+02 -3.493013911e+02
% function evaluation | noise-free fitness - Fopt (9.917000000000e+01) | best noise-free fitness - Fopt | measured fitness | best measured fitness | x1 | x2...
1 +1.139354996e+02 +1.139354996e+02 +2.131054996e+02 +2.131054996e+02
2 +5.142053366e+01 +5.142053366e+01 +1.505905337e+02 +1.505905337e+02
650 +4.597187079e+01 +4.597187079e+01 +1.451418708e+02 +1.451418708e+02
38631 +4.432601223e+01 +4.432601223e+01 +1.434960122e+02 +1.434960122e+02
39793 +4.069151282e+01 +4.069151282e+01 +1.398615128e+02 +1.398615128e+02
43010 +3.793911739e+01 +3.793911739e+01 +1.371091174e+02 +1.371091174e+02
45000 +3.521678363e+01 +3.521678363e+01 +1.343867836e+02 +1.343867836e+02
52395 +3.452953227e+01 +3.452953227e+01 +1.336995323e+02 +1.336995323e+02
66004 +3.127762939e+01 +3.127762939e+01 +1.304476294e+02 +1.304476294e+02
66035 +2.872818370e+01 +2.872818370e+01 +1.278981837e+02 +1.278981837e+02
74481 +2.793288115e+01 +2.793288115e+01 +1.271028811e+02 +1.271028811e+02
75411 +2.705566099e+01 +2.705566099e+01 +1.262256610e+02 +1.262256610e+02
75413 +2.673684720e+01 +2.673684720e+01 +1.259068472e+02 +1.259068472e+02
75825 +2.530854991e+01 +2.530854991e+01 +1.244785499e+02 +1.244785499e+02
79195 +2.420775711e+01 +2.420775711e+01 +1.233777571e+02 +1.233777571e+02
81013 +2.395312805e+01 +2.395312805e+01 +1.231231280e+02 +1.231231280e+02
81088 +2.138182150e+01 +2.138182150e+01 +1.205518215e+02 +1.205518215e+02
84213 +2.127798235e+01 +2.127798235e+01 +1.204479824e+02 +1.204479824e+02
84334 +2.066933661e+01 +2.066933661e+01 +1.198393366e+02 +1.198393366e+02
84364 +1.891454004e+01 +1.891454004e+01 +1.180845400e+02 +1.180845400e+02
84546 +1.799509290e+01 +1.799509290e+01 +1.171650929e+02 +1.171650929e+02
84624 +1.699032131e+01 +1.699032131e+01 +1.161603213e+02 +1.161603213e+02
84646 +1.639919267e+01 +1.639919267e+01 +1.155691927e+02 +1.155691927e+02
87041 +1.499464585e+01 +1.499464585e+01 +1.141646458e+02 +1.141646458e+02
87175 +1.362547933e+01 +1.362547933e+01 +1.127954793e+02 +1.127954793e+02
87300 +1.291691505e+01 +1.291691505e+01 +1.120869150e+02 +1.120869150e+02
91213 +1.228653891e+01 +1.228653891e+01 +1.114565389e+02 +1.114565389e+02
92213 +1.173931538e+01 +1.173931538e+01 +1.109093154e+02 +1.109093154e+02
99806 +1.140673362e+01 +1.140673362e+01 +1.105767336e+02 +1.105767336e+02
99823 +1.093455839e+01 +1.093455839e+01 +1.101045584e+02 +1.101045584e+02
199248 +1.020061822e+01 +1.020061822e+01 +1.093706182e+02 +1.093706182e+02
274472 +9.879737029e+00 +9.879737029e+00 +1.090497370e+02 +1.090497370e+02
283266 +9.508305485e+00 +9.508305485e+00 +1.086783055e+02 +1.086783055e+02
285764 +9.183496089e+00 +9.183496089e+00 +1.083534961e+02 +1.083534961e+02
285957 +8.678747713e+00 +8.678747713e+00 +1.078487477e+02 +1.078487477e+02
295239 +8.393414201e+00 +8.393414201e+00 +1.075634142e+02 +1.075634142e+02
295248 +8.023669080e+00 +8.023669080e+00 +1.071936691e+02 +1.071936691e+02
295285 +7.591881544e+00 +7.591881544e+00 +1.067618815e+02 +1.067618815e+02
296768 +7.533119239e+00 +7.533119239e+00 +1.067031192e+02 +1.067031192e+02
297110 +7.339831428e+00 +7.339831428e+00 +1.065098314e+02 +1.065098314e+02
297156 +7.006539296e+00 +7.006539296e+00 +1.061765393e+02 +1.061765393e+02
297235 +6.896055451e+00 +6.896055451e+00 +1.060660555e+02 +1.060660555e+02
% function evaluation | noise-free fitness - Fopt (-5.179100000000e+02) | best noise-free fitness - Fopt | measured fitness | best measured fitness | x1 | x2...
1 +4.652870512e+01 +4.652870512e+01 -4.713812949e+02 -4.713812949e+02
30930 +3.690501362e+01 +3.690501362e+01 -4.810049864e+02 -4.810049864e+02
48542 +2.970244105e+01 +2.970244105e+01 -4.882075589e+02 -4.882075589e+02
72892 +2.643292549e+01 +2.643292549e+01 -4.914770745e+02 -4.914770745e+02
76225 +2.582674826e+01 +2.582674826e+01 -4.920832517e+02 -4.920832517e+02
76820 +2.457623295e+01 +2.457623295e+01 -4.933337670e+02 -4.933337670e+02
78004 +2.283594644e+01 +2.283594644e+01 -4.950740536e+02 -4.950740536e+02
85560 +2.138444560e+01 +2.138444560e+01 -4.965255544e+02 -4.965255544e+02
85564 +2.130388026e+01 +2.130388026e+01 -4.966061197e+02 -4.966061197e+02
89633 +2.001112279e+01 +2.001112279e+01 -4.978988772e+02 -4.978988772e+02
90094 +1.752519857e+01 +1.752519857e+01 -5.003848014e+02 -5.003848014e+02
92318 +1.703937079e+01 +1.703937079e+01 -5.008706292e+02 -5.008706292e+02
92326 +1.656163323e+01 +1.656163323e+01 -5.013483668e+02 -5.013483668e+02
93378 +1.510093680e+01 +1.510093680e+01 -5.028090632e+02 -5.028090632e+02
98204 +1.449614104e+01 +1.449614104e+01 -5.034138590e+02 -5.034138590e+02
98719 +1.427600376e+01 +1.427600376e+01 -5.036339962e+02 -5.036339962e+02
98750 +1.411955015e+01 +1.411955015e+01 -5.037904498e+02 -5.037904498e+02
99424 +1.353973639e+01 +1.353973639e+01 -5.043702636e+02 -5.043702636e+02
99529 +1.327555667e+01 +1.327555667e+01 -5.046344433e+02 -5.046344433e+02
99538 +1.310395429e+01 +1.310395429e+01 -5.048060457e+02 -5.048060457e+02
99544 +1.285493835e+01 +1.285493835e+01 -5.050550617e+02 -5.050550617e+02
99553 +1.234276191e+01 +1.234276191e+01 -5.055672381e+02 -5.055672381e+02
190642 +1.213429035e+01 +1.213429035e+01 -5.057757097e+02 -5.057757097e+02
190958 +1.180069509e+01 +1.180069509e+01 -5.061093049e+02 -5.061093049e+02
192314 +1.170549036e+01 +1.170549036e+01 -5.062045096e+02 -5.062045096e+02
193153 +1.138679528e+01 +1.138679528e+01 -5.065232047e+02 -5.065232047e+02
194249 +1.119692228e+01 +1.119692228e+01 -5.067130777e+02 -5.067130777e+02
197138 +1.088014998e+01 +1.088014998e+01 -5.070298500e+02 -5.070298500e+02
197833 +1.071485502e+01 +1.071485502e+01 -5.071951450e+02 -5.071951450e+02
198493 +1.038677899e+01 +1.038677899e+01 -5.075232210e+02 -5.075232210e+02
198512 +1.019920060e+01 +1.019920060e+01 -5.077107994e+02 -5.077107994e+02
198612 +9.734708975e+00 +9.734708975e+00 -5.081752910e+02 -5.081752910e+02
198925 +9.465445679e+00 +9.465445679e+00 -5.084445543e+02 -5.084445543e+02
% function evaluation | noise-free fitness - Fopt (-5.721000000000e+01) | best noise-free fitness - Fopt | measured fitness | best measured fitness | x1 | x2...
1 +7.463475363e+01 +7.463475363e+01 +1.742475363e+01 +1.742475363e+01
2 +7.187811957e+01 +7.187811957e+01 +1.466811957e+01 +1.466811957e+01
11 +6.839996660e+01 +6.839996660e+01 +1.118996660e+01 +1.118996660e+01
16 +5.980407555e+01 +5.980407555e+01 +2.594075547e+00 +2.594075547e+00
180 +5.860470796e+01 +5.860470796e+01 +1.394707959e+00 +1.394707959e+00
4936 +5.562151919e+01 +5.562151919e+01 -1.588480809e+00 -1.588480809e+00
6995 +5.330500179e+01 +5.330500179e+01 -3.904998206e+00 -3.904998206e+00
7021 +4.485330256e+01 +4.485330256e+01 -1.235669744e+01 -1.235669744e+01
32278 +4.091324752e+01 +4.091324752e+01 -1.629675248e+01 -1.629675248e+01
38525 +3.816333246e+01 +3.816333246e+01 -1.904666754e+01 -1.904666754e+01
50587 +3.533484659e+01 +3.533484659e+01 -2.187515341e+01 -2.187515341e+01
69999 +3.359726328e+01 +3.359726328e+01 -2.361273672e+01 -2.361273672e+01
70239 +3.142341315e+01 +3.142341315e+01 -2.578658685e+01 -2.578658685e+01
75550 +3.018641307e+01 +3.018641307e+01 -2.702358693e+01 -2.702358693e+01
76973 +2.716328602e+01 +2.716328602e+01 -3.004671398e+01 -3.004671398e+01
77113 +2.526732124e+01 +2.526732124e+01 -3.194267876e+01 -3.194267876e+01
79106 +2.354274173e+01 +2.354274173e+01 -3.366725827e+01 -3.366725827e+01
79920 +1.920452598e+01 +1.920452598e+01 -3.800547402e+01 -3.800547402e+01
86614 +1.714824872e+01 +1.714824872e+01 -4.006175128e+01 -4.006175128e+01
86639 +1.676323201e+01 +1.676323201e+01 -4.044676799e+01 -4.044676799e+01
98296 +1.625707645e+01 +1.625707645e+01 -4.095292355e+01 -4.095292355e+01
99779 +1.560708632e+01 +1.560708632e+01 -4.160291368e+01 -4.160291368e+01
99871 +1.540624156e+01 +1.540624156e+01 -4.180375844e+01 -4.180375844e+01
99874 +1.351947440e+01 +1.351947440e+01 -4.369052560e+01 -4.369052560e+01
99982 +1.246021865e+01 +1.246021865e+01 -4.474978135e+01 -4.474978135e+01
297283 +1.182526982e+01 +1.182526982e+01 -4.538473018e+01 -4.538473018e+01
299208 +1.116333437e+01 +1.116333437e+01 -4.604666563e+01 -4.604666563e+01
385742 +1.084868314e+01 +1.084868314e+01 -4.636131686e+01 -4.636131686e+01
386519 +1.050273155e+01 +1.050273155e+01 -4.670726845e+01 -4.670726845e+01
391339 +1.011318286e+01 +1.011318286e+01 -4.709681714e+01 -4.709681714e+01
392410 +9.955994682e+00 +9.955994682e+00 -4.725400532e+01 -4.725400532e+01
398689 +9.637172553e+00 +9.637172553e+00 -4.757282745e+01 -4.757282745e+01
398936 +9.399457909e+00 +9.399457909e+00 -4.781054209e+01 -4.781054209e+01
399762 +9.138447263e+00 +9.138447263e+00 -4.807155274e+01 -4.807155274e+01
% function evaluation | noise-free fitness - Fopt (-1.000000000000e+03) | best noise-free fitness - Fopt | measured fitness | best measured fitness | x1 | x2...
1 +1.354297210e+02 +1.354297210e+02 -8.645702790e+02 -8.645702790e+02
2 +8.682842679e+01 +8.682842679e+01 -9.131715732e+02 -9.131715732e+02
3 +7.886724329e+01 +7.886724329e+01 -9.211327567e+02 -9.211327567e+02
7 +6.663557569e+01 +6.663557569e+01 -9.333644243e+02 -9.333644243e+02
8 +6.322030599e+01 +6.322030599e+01 -9.367796940e+02 -9.367796940e+02
24 +5.769271219e+01 +5.769271219e+01 -9.423072878e+02 -9.423072878e+02
40 +5.560146694e+01 +5.560146694e+01 -9.443985331e+02 -9.443985331e+02
5132 +5.219647272e+01 +5.219647272e+01 -9.478035273e+02 -9.478035273e+02
7244 +4.696903672e+01 +4.696903672e+01 -9.530309633e+02 -9.530309633e+02
26371 +4.477386870e+01 +4.477386870e+01 -9.552261313e+02 -9.552261313e+02
26575 +4.399154909e+01 +4.399154909e+01 -9.560084509e+02 -9.560084509e+02
29473 +3.839543715e+01 +3.839543715e+01 -9.616045628e+02 -9.616045628e+02
32315 +3.702131831e+01 +3.702131831e+01 -9.629786817e+02 -9.629786817e+02
44488 +3.272504729e+01 +3.272504729e+01 -9.672749527e+02 -9.672749527e+02
69568 +2.473211870e+01 +2.473211870e+01 -9.752678813e+02 -9.752678813e+02
81062 +2.420449091e+01 +2.420449091e+01 -9.757955091e+02 -9.757955091e+02
81505 +2.257130878e+01 +2.257130878e+01 -9.774286912e+02 -9.774286912e+02
84723 +2.160699444e+01 +2.160699444e+01 -9.783930056e+02 -9.783930056e+02
84761 +2.117130202e+01 +2.117130202e+01 -9.788286980e+02 -9.788286980e+02
84910 +2.031719717e+01 +2.031719717e+01 -9.796828028e+02 -9.796828028e+02
84923 +1.748982167e+01 +1.748982167e+01 -9.825101783e+02 -9.825101783e+02
84959 +1.693298861e+01 +1.693298861e+01 -9.830670114e+02 -9.830670114e+02
87597 +1.594144120e+01 +1.594144120e+01 -9.840585588e+02 -9.840585588e+02
87607 +1.434457877e+01 +1.434457877e+01 -9.856554212e+02 -9.856554212e+02
94383 +1.319962566e+01 +1.319962566e+01 -9.868003743e+02 -9.868003743e+02
94467 +1.293422076e+01 +1.293422076e+01 -9.870657792e+02 -9.870657792e+02
94482 +1.246972371e+01 +1.246972371e+01 -9.875302763e+02 -9.875302763e+02
94497 +1.158010351e+01 +1.158010351e+01 -9.884198965e+02 -9.884198965e+02
99095 +1.120667267e+01 +1.120667267e+01 -9.887933273e+02 -9.887933273e+02
99917 +1.094671090e+01 +1.094671090e+01 -9.890532891e+02 -9.890532891e+02
196150 +1.070143009e+01 +1.070143009e+01 -9.892985699e+02 -9.892985699e+02
196250 +1.015200627e+01 +1.015200627e+01 -9.898479937e+02 -9.898479937e+02
197916 +9.650855791e+00 +9.650855791e+00 -9.903491442e+02 -9.903491442e+02
288945 +9.062016099e+00 +9.062016099e+00 -9.909379839e+02 -9.909379839e+02
290473 +7.987886250e+00 +7.987886250e+00 -9.920121138e+02 -9.920121138e+02
295095 +6.999667342e+00 +6.999667342e+00 -9.930003327e+02 -9.930003327e+02
299899 +6.850108322e+00 +6.850108322e+00 -9.931498917e+02 -9.931498917e+02
299912 +6.482283490e+00 +6.482283490e+00 -9.935177165e+02 -9.935177165e+02
299920 +6.293774595e+00 +6.293774595e+00 -9.937062254e+02 -9.937062254e+02
% function evaluation | noise-free fitness - Fopt (-6.554000000000e+01) | best noise-free fitness - Fopt | measured fitness | best measured fitness | x1 | x2...
1 +8.284972497e+01 +8.284972497e+01 +1.730972497e+01 +1.730972497e+01
5 +6.563115674e+01 +6.563115674e+01 +9.115674161e-02 +9.115674161e-02
11 +5.709860062e+01 +5.709860062e+01 -8.441399385e+00 -8.441399385e+00
51 +5.463665853e+01 +5.463665853e+01 -1.090334147e+01 -1.090334147e+01
97 +4.522721858e+01 +4.522721858e+01 -2.031278142e+01 -2.031278142e+01
33506 +4.378292365e+01 +4.378292365e+01 -2.175707635e+01 -2.175707635e+01
46788 +4.312848611e+01 +4.312848611e+01 -2.241151389e+01 -2.241151389e+01
47866 +3.787552856e+01 +3.787552856e+01 -2.766447144e+01 -2.766447144e+01
49793 +3.699799860e+01 +3.699799860e+01 -2.854200140e+01 -2.854200140e+01
57100 +2.919703420e+01 +2.919703420e+01 -3.634296580e+01 -3.634296580e+01
62186 +2.758511969e+01 +2.758511969e+01 -3.795488031e+01 -3.795488031e+01
63340 +2.420669436e+01 +2.420669436e+01 -4.133330564e+01 -4.133330564e+01
63437 +2.336024311e+01 +2.336024311e+01 -4.217975689e+01 -4.217975689e+01
63442 +2.227938159e+01 +2.227938159e+01 -4.326061841e+01 -4.326061841e+01
68699 +1.918169115e+01 +1.918169115e+01 -4.635830885e+01 -4.635830885e+01
69084 +1.724670620e+01 +1.724670620e+01 -4.829329380e+01 -4.829329380e+01
69094 +1.660818188e+01 +1.660818188e+01 -4.893181812e+01 -4.893181812e+01
78537 +1.475986637e+01 +1.475986637e+01 -5.078013363e+01 -5.078013363e+01
82785 +1.422469498e+01 +1.422469498e+01 -5.131530502e+01 -5.131530502e+01
82947 +1.362226557e+01 +1.362226557e+01 -5.191773443e+01 -5.191773443e+01
83287 +1.275045050e+01 +1.275045050e+01 -5.278954950e+01 -5.278954950e+01
84505 +1.235682449e+01 +1.235682449e+01 -5.318317551e+01 -5.318317551e+01
84506 +1.224442776e+01 +1.224442776e+01 -5.329557224e+01 -5.329557224e+01
84507 +1.171019328e+01 +1.171019328e+01 -5.382980672e+01 -5.382980672e+01
84542 +1.068816366e+01 +1.068816366e+01 -5.485183634e+01 -5.485183634e+01
84783 +1.030179529e+01 +1.030179529e+01 -5.523820471e+01 -5.523820471e+01
84940 +8.975342269e+00 +8.975342269e+00 -5.656465773e+01 -5.656465773e+01
86834 +8.772166263e+00 +8.772166263e+00 -5.676783374e+01 -5.676783374e+01
87542 +8.268304165e+00 +8.268304165e+00 -5.727169583e+01 -5.727169583e+01
93497 +8.026035595e+00 +8.026035595e+00 -5.751396441e+01 -5.751396441e+01
93523 +7.354795466e+00 +7.354795466e+00 -5.818520453e+01 -5.818520453e+01
93729 +7.173935148e+00 +7.173935148e+00 -5.836606485e+01 -5.836606485e+01
93730 +7.033649797e+00 +7.033649797e+00 -5.850635020e+01 -5.850635020e+01
93733 +6.865271799e+00 +6.865271799e+00 -5.867472820e+01 -5.867472820e+01
94309 +6.491892595e+00 +6.491892595e+00 -5.904810740e+01 -5.904810740e+01
98427 +6.111229853e+00 +6.111229853e+00 -5.942877015e+01 -5.942877015e+01
% function evaluation | noise-free fitness - Fopt (-2.375000000000e+01) | best noise-free fitness - Fopt | measured fitness | best measured fitness | x1 | x2...
1 +9.892176324e+01 +9.892176324e+01 +7.517176324e+01 +7.517176324e+01
2 +8.121230132e+01 +8.121230132e+01 +5.746230132e+01 +5.746230132e+01
3 +5.316842853e+01 +5.316842853e+01 +2.941842853e+01 +2.941842853e+01
24 +5.058646146e+01 +5.058646146e+01 +2.683646146e+01 +2.683646146e+01
11468 +4.862196948e+01 +4.862196948e+01 +2.487196948e+01 +2.487196948e+01
18349 +4.573118716e+01 +4.573118716e+01 +2.198118716e+01 +2.198118716e+01
29064 +4.256228847e+01 +4.256228847e+01 +1.881228847e+01 +1.881228847e+01
36365 +4.060452847e+01 +4.060452847e+01 +1.685452847e+01 +1.685452847e+01
37675 +3.881837585e+01 +3.881837585e+01 +1.506837585e+01 +1.506837585e+01
38003 +3.686479776e+01 +3.686479776e+01 +1.311479776e+01 +1.311479776e+01
44755 +3.584962118e+01 +3.584962118e+01 +1.209962118e+01 +1.209962118e+01
55560 +3.433117467e+01 +3.433117467e+01 +1.058117467e+01 +1.058117467e+01
60008 +3.381740536e+01 +3.381740536e+01 +1.006740536e+01 +1.006740536e+01
60029 +3.137570805e+01 +3.137570805e+01 +7.625708046e+00 +7.625708046e+00
61626 +2.742464060e+01 +2.742464060e+01 +3.674640600e+00 +3.674640600e+00
68166 +2.666265883e+01 +2.666265883e+01 +2.912658826e+00 +2.912658826e+00
68648 +2.357752672e+01 +2.357752672e+01 -1.724732788e-01 -1.724732788e-01
68689 +2.289724873e+01 +2.289724873e+01 -8.527512691e-01 -8.527512691e-01
68694 +2.207243445e+01 +2.207243445e+01 -1.677565545e+00 -1.677565545e+00
71407 +2.103474798e+01 +2.103474798e+01 -2.715252018e+00 -2.715252018e+00
71424 +1.999164709e+01 +1.999164709e+01 -3.758352913e+00 -3.758352913e+00
71919 +1.891056038e+01 +1.891056038e+01 -4.839439617e+00 -4.839439617e+00
72011 +1.846637201e+01 +1.846637201e+01 -5.283627989e+00 -5.283627989e+00
77351 +1.797413750e+01 +1.797413750e+01 -5.775862496e+00 -5.775862496e+00
79584 +1.741601538e+01 +1.741601538e+01 -6.333984617e+00 -6.333984617e+00
80975 +1.730361805e+01 +1.730361805e+01 -6.446381948e+00 -6.446381948e+00
80981 +1.634577241e+01 +1.634577241e+01 -7.404227589e+00 -7.404227589e+00
80985 +1.567030865e+01 +1.567030865e+01 -8.079691351e+00 -8.079691351e+00
81244 +1.373130068e+01 +1.373130068e+01 -1.001869932e+01 -1.001869932e+01
81262 +1.343225776e+01 +1.343225776e+01 -1.031774224e+01 -1.031774224e+01
81452 +1.311898750e+01 +1.311898750e+01 -1.063101250e+01 -1.063101250e+01
81460 +1.215933651e+01 +1.215933651e+01 -1.159066349e+01 -1.159066349e+01
81556 +1.143196224e+01 +1.143196224e+01 -1.231803776e+01 -1.231803776e+01
89096 +1.106702847e+01 +1.106702847e+01 -1.268297153e+01 -1.268297153e+01
89506 +1.008027150e+01 +1.008027150e+01 -1.366972850e+01 -1.366972850e+01
97525 +9.857324255e+00 +9.857324255e+00 -1.389267574e+01 -1.389267574e+01
98657 +9.693209907e+00 +9.693209907e+00 -1.405679009e+01 -1.405679009e+01
99551 +8.445203351e+00 +8.445203351e+00 -1.530479665e+01 -1.530479665e+01
% function evaluation | noise-free fitness - Fopt (3.513000000000e+01) | best noise-free fitness - Fopt | measured fitness | best measured fitness | x1 | x2...
1 +1.041312844e+02 +1.041312844e+02 +1.392612844e+02 +1.392612844e+02
2 +7.951605844e+01 +7.951605844e+01 +1.146460584e+02 +1.146460584e+02
4 +7.730421213e+01 +7.730421213e+01 +1.124342121e+02 +1.124342121e+02
6 +6.841836198e+01 +6.841836198e+01 +1.035483620e+02 +1.035483620e+02
11 +6.037514743e+01 +6.037514743e+01 +9.550514743e+01 +9.550514743e+01
17 +5.681372447e+01 +5.681372447e+01 +9.194372447e+01 +9.194372447e+01
55 +5.610148568e+01 +5.610148568e+01 +9.123148568e+01 +9.123148568e+01
122 +5.028675193e+01 +5.028675193e+01 +8.541675193e+01 +8.541675193e+01
708 +4.863820524e+01 +4.863820524e+01 +8.376820524e+01 +8.376820524e+01
17985 +4.756338441e+01 +4.756338441e+01 +8.269338441e+01 +8.269338441e+01
34566 +4.473080267e+01 +4.473080267e+01 +7.986080267e+01 +7.986080267e+01
38541 +4.342748323e+01 +4.342748323e+01 +7.855748323e+01 +7.855748323e+01
40099 +4.230581467e+01 +4.230581467e+01 +7.743581467e+01 +7.743581467e+01
40635 +4.002567453e+01 +4.002567453e+01 +7.515567453e+01 +7.515567453e+01
42967 +3.454777746e+01 +3.454777746e+01 +6.967777746e+01 +6.967777746e+01
53642 +3.189008841e+01 +3.189008841e+01 +6.702008841e+01 +6.702008841e+01
60362 +3.092920664e+01 +3.092920664e+01 +6.605920664e+01 +6.605920664e+01
61669 +3.014747938e+01 +3.014747938e+01 +6.527747938e+01 +6.527747938e+01
64264 +2.948723750e+01 +2.948723750e+01 +6.461723750e+01 +6.461723750e+01
64411 +2.857665519e+01 +2.857665519e+01 +6.370665519e+01 +6.370665519e+01
64604 +2.676851782e+01 +2.676851782e+01 +6.189851782e+01 +6.189851782e+01
72250 +2.580568692e+01 +2.580568692e+01 +6.093568692e+01 +6.093568692e+01
75297 +2.560148344e+01 +2.560148344e+01 +6.073148344e+01 +6.073148344e+01
75525 +2.142346663e+01 +2.142346663e+01 +5.655346663e+01 +5.655346663e+01
79487 +1.934642363e+01 +1.934642363e+01 +5.447642363e+01 +5.447642363e+01
81672 +1.876142183e+01 +1.876142183e+01 +5.389142183e+01 +5.389142183e+01
82579 +1.810828730e+01 +1.810828730e+01 +5.323828730e+01 +5.323828730e+01
82622 +1.748025122e+01 +1.748025122e+01 +5.261025122e+01 +5.261025122e+01
82877 +1.658261270e+01 +1.658261270e+01 +5.171261270e+01 +5.171261270e+01
83177 +1.573320323e+01 +1.573320323e+01 +5.086320323e+01 +5.086320323e+01
85353 +1.365011246e+01 +1.365011246e+01 +4.878011246e+01 +4.878011246e+01
87175 +1.313778397e+01 +1.313778397e+01 +4.826778397e+01 +4.826778397e+01
87990 +1.254448625e+01 +1.254448625e+01 +4.767448625e+01 +4.767448625e+01
88642 +1.156763245e+01 +1.156763245e+01 +4.669763245e+01 +4.669763245e+01
88707 +1.075938115e+01 +1.075938115e+01 +4.588938115e+01 +4.588938115e+01
88733 +1.020992298e+01 +1.020992298e+01 +4.533992298e+01 +4.533992298e+01
95051 +9.615098652e+00 +9.615098652e+00 +4.474509865e+01 +4.474509865e+01
95059 +9.141728532e+00 +9.141728532e+00 +4.427172853e+01 +4.427172853e+01
97188 +8.880403382e+00 +8.880403382e+00 +4.401040338e+01 +4.401040338e+01
99655 +8.306086183e+00 +8.306086183e+00 +4.343608618e+01 +4.343608618e+01
395586 +7.563369614e+00 +7.563369614e+00 +4.269336961e+01 +4.269336961e+01
% function evaluation | noise-free fitness - Fopt (-7.982000000000e+01) | best noise-free fitness - Fopt | measured fitness | best measured fitness | x1 | x2...
1 +9.147577303e+01 +9.147577303e+01 +1.165577303e+01 +1.165577303e+01
2 +7.090792934e+01 +7.090792934e+01 -8.912070660e+00 -8.912070660e+00
12 +6.500962891e+01 +6.500962891e+01 -1.481037109e+01 -1.481037109e+01
13 +5.061220423e+01 +5.061220423e+01 -2.920779577e+01 -2.920779577e+01
6356 +5.010320112e+01 +5.010320112e+01 -2.971679888e+01 -2.971679888e+01
8465 +4.670948112e+01 +4.670948112e+01 -3.311051888e+01 -3.311051888e+01
24640 +4.534043768e+01 +4.534043768e+01 -3.447956232e+01 -3.447956232e+01
25890 +3.797276958e+01 +3.797276958e+01 -4.184723042e+01 -4.184723042e+01
51476 +3.645146958e+01 +3.645146958e+01 -4.336853042e+01 -4.336853042e+01
54687 +3.466680329e+01 +3.466680329e+01 -4.515319671e+01 -4.515319671e+01
55975 +2.856213081e+01 +2.856213081e+01 -5.125786919e+01 -5.125786919e+01
66926 +2.801809409e+01 +2.801809409e+01 -5.180190591e+01 -5.180190591e+01
67776 +2.434373606e+01 +2.434373606e+01 -5.547626394e+01 -5.547626394e+01
67836 +2.349097199e+01 +2.349097199e+01 -5.632902801e+01 -5.632902801e+01
67846 +2.298793585e+01 +2.298793585e+01 -5.683206415e+01 -5.683206415e+01
67852 +1.873500193e+01 +1.873500193e+01 -6.108499807e+01 -6.108499807e+01
76048 +1.687868402e+01 +1.687868402e+01 -6.294131598e+01 -6.294131598e+01
80523 +1.528676495e+01 +1.528676495e+01 -6.453323505e+01 -6.453323505e+01
80532 +1.454947200e+01 +1.454947200e+01 -6.527052800e+01 -6.527052800e+01
86279 +1.366470793e+01 +1.366470793e+01 -6.615529207e+01 -6.615529207e+01
86313 +1.136071980e+01 +1.136071980e+01 -6.845928020e+01 -6.845928020e+01
87262 +1.026418683e+01 +1.026418683e+01 -6.955581317e+01 -6.955581317e+01
87273 +1.020601863e+01 +1.020601863e+01 -6.961398137e+01 -6.961398137e+01
87275 +9.587642570e+00 +9.587642570e+00 -7.023235743e+01 -7.023235743e+01
93513 +9.506460646e+00 +9.506460646e+00 -7.031353935e+01 -7.031353935e+01
96519 +8.850601143e+00 +8.850601143e+00 -7.096939886e+01 -7.096939886e+01
97413 +8.623772201e+00 +8.623772201e+00 -7.119622780e+01 -7.119622780e+01
97479 +8.237089641e+00 +8.237089641e+00 -7.158291036e+01 -7.158291036e+01
393213 +6.762254863e+00 +6.762254863e+00 -7.305774514e+01 -7.305774514e+01
397673 +6.190253550e+00 +6.190253550e+00 -7.362974645e+01 -7.362974645e+01
397704 +6.117273751e+00 +6.117273751e+00 -7.370272625e+01 -7.370272625e+01
398016 +5.902340208e+00 +5.902340208e+00 -7.391765979e+01 -7.391765979e+01
398299 +5.715435727e+00 +5.715435727e+00 -7.410456427e+01 -7.410456427e+01
398310 +5.305245290e+00 +5.305245290e+00 -7.451475471e+01 -7.451475471e+01
% function evaluation | noise-free fitness - Fopt (1.925800000000e+02) | best noise-free fitness - Fopt | measured fitness | best measured fitness | x1 | x2...
1 +6.127806185e+01 +6.127806185e+01 +2.538580619e+02 +2.538580619e+02
3 +5.201359223e+01 +5.201359223e+01 +2.445935922e+02 +2.445935922e+02
34 +3.193678615e+01 +3.193678615e+01 +2.245167861e+02 +2.245167861e+02
53918 +3.109273358e+01 +3.109273358e+01 +2.236727336e+02 +2.236727336e+02
55166 +2.663281034e+01 +2.663281034e+01 +2.192128103e+02 +2.192128103e+02
69352 +2.526467980e+01 +2.526467980e+01 +2.178446798e+02 +2.178446798e+02
69782 +2.451775742e+01 +2.451775742e+01 +2.170977574e+02 +2.170977574e+02
69850 +2.299255379e+01 +2.299255379e+01 +2.155725538e+02 +2.155725538e+02
69867 +2.004300054e+01 +2.004300054e+01 +2.126230005e+02 +2.126230005e+02
78969 +1.982335653e+01 +1.982335653e+01 +2.124033565e+02 +2.124033565e+02
78982 +1.492879489e+01 +1.492879489e+01 +2.075087949e+02 +2.075087949e+02
82632 +1.362753594e+01 +1.362753594e+01 +2.062075359e+02 +2.062075359e+02
82716 +1.338728297e+01 +1.338728297e+01 +2.059672830e+02 +2.059672830e+02
82720 +1.276289297e+01 +1.276289297e+01 +2.053428930e+02 +2.053428930e+02
85708 +1.255479465e+01 +1.255479465e+01 +2.051347947e+02 +2.051347947e+02
85747 +1.229188171e+01 +1.229188171e+01 +2.048718817e+02 +2.048718817e+02
94799 +1.026829899e+01 +1.026829899e+01 +2.028482990e+02 +2.028482990e+02
95024 +9.880081954e+00 +9.880081954e+00 +2.024600820e+02 +2.024600820e+02
95332 +9.765658612e+00 +9.765658612e+00 +2.023456586e+02 +2.023456586e+02
95346 +8.744922340e+00 +8.744922340e+00 +2.013249223e+02 +2.013249223e+02
288178 +8.565351288e+00 +8.565351288e+00 +2.011453513e+02 +2.011453513e+02
299526 +8.031288180e+00 +8.031288180e+00 +2.006112882e+02 +2.006112882e+02
% function evaluation | noise-free fitness - Fopt (-2.684800000000e+02) | best noise-free fitness - Fopt | measured fitness | best measured fitness | x1 | x2...
1 +7.421846453e+01 +7.421846453e+01 -1.942615355e+02 -1.942615355e+02
15 +5.983492390e+01 +5.983492390e+01 -2.086450761e+02 -2.086450761e+02
22 +5.280801800e+01 +5.280801800e+01 -2.156719820e+02 -2.156719820e+02
83 +4.502448059e+01 +4.502448059e+01 -2.234555194e+02 -2.234555194e+02
523 +4.252637271e+01 +4.252637271e+01 -2.259536273e+02 -2.259536273e+02
25598 +4.059811550e+01 +4.059811550e+01 -2.278818845e+02 -2.278818845e+02
31583 +3.792016470e+01 +3.792016470e+01 -2.305598353e+02 -2.305598353e+02
37971 +3.409085513e+01 +3.409085513e+01 -2.343891449e+02 -2.343891449e+02
49513 +3.156197993e+01 +3.156197993e+01 -2.369180201e+02 -2.369180201e+02
54649 +2.639307242e+01 +2.639307242e+01 -2.420869276e+02 -2.420869276e+02
61020 +2.178636002e+01 +2.178636002e+01 -2.466936400e+02 -2.466936400e+02
77530 +2.058344119e+01 +2.058344119e+01 -2.478965588e+02 -2.478965588e+02
78712 +1.998934856e+01 +1.998934856e+01 -2.484906514e+02 -2.484906514e+02
79123 +1.889131062e+01 +1.889131062e+01 -2.495886894e+02 -2.495886894e+02
81495 +1.574746660e+01 +1.574746660e+01 -2.527325334e+02 -2.527325334e+02
81662 +1.507753958e+01 +1.507753958e+01 -2.534024604e+02 -2.534024604e+02
81800 +1.420912933e+01 +1.420912933e+01 -2.542708707e+02 -2.542708707e+02
85718 +1.381591966e+01 +1.381591966e+01 -2.546640803e+02 -2.546640803e+02
85825 +1.308693781e+01 +1.308693781e+01 -2.553930622e+02 -2.553930622e+02
85844 +1.235718674e+01 +1.235718674e+01 -2.561228133e+02 -2.561228133e+02
85975 +1.198168215e+01 +1.198168215e+01 -2.564983178e+02 -2.564983178e+02
91280 +1.162989493e+01 +1.162989493e+01 -2.568501051e+02 -2.568501051e+02
91394 +1.142318297e+01 +1.142318297e+01 -2.570568170e+02 -2.570568170e+02
91405 +1.065033080e+01 +1.065033080e+01 -2.578296692e+02 -2.578296692e+02
91811 +1.017852880e+01 +1.017852880e+01 -2.583014712e+02 -2.583014712e+02
91836 +9.874645243e+00 +9.874645243e+00 -2.586053548e+02 -2.586053548e+02
92504 +9.669663169e+00 +9.669663169e+00 -2.588103368e+02 -2.588103368e+02
93322 +9.549586285e+00 +9.549586285e+00 -2.589304137e+02 -2.589304137e+02
93330 +9.229384629e+00 +9.229384629e+00 -2.592506154e+02 -2.592506154e+02
93547 +8.998422564e+00 +8.998422564e+00 -2.594815774e+02 -2.594815774e+02
96268 +8.598298073e+00 +8.598298073e+00 -2.598817019e+02 -2.598817019e+02
99451 +8.431557349e+00 +8.431557349e+00 -2.600484427e+02 -2.600484427e+02
197065 +8.048658452e+00 +8.048658452e+00 -2.604313415e+02 -2.604313415e+02
% function evaluation | noise-free fitness - Fopt (-1.000000000000e+03) | best noise-free fitness - Fopt | measured fitness | best measured fitness | x1 | x2...
1 +7.984268259e+01 +7.984268259e+01 -9.201573174e+02 -9.201573174e+02
3 +6.146689785e+01 +6.146689785e+01 -9.385331022e+02 -9.385331022e+02
11 +4.847971528e+01 +4.847971528e+01 -9.515202847e+02 -9.515202847e+02
6170 +4.591190255e+01 +4.591190255e+01 -9.540880975e+02 -9.540880975e+02
12295 +4.561270271e+01 +4.561270271e+01 -9.543872973e+02 -9.543872973e+02
26949 +4.338921078e+01 +4.338921078e+01 -9.566107892e+02 -9.566107892e+02
28687 +4.108158552e+01 +4.108158552e+01 -9.589184145e+02 -9.589184145e+02
33871 +3.239422970e+01 +3.239422970e+01 -9.676057703e+02 -9.676057703e+02
47587 +3.155531521e+01 +3.155531521e+01 -9.684446848e+02 -9.684446848e+02
64314 +2.894434724e+01 +2.894434724e+01 -9.710556528e+02 -9.710556528e+02
64671 +2.850070039e+01 +2.850070039e+01 -9.714992996e+02 -9.714992996e+02
64856 +2.749313679e+01 +2.749313679e+01 -9.725068632e+02 -9.725068632e+02
64909 +2.631116484e+01 +2.631116484e+01 -9.736888352e+02 -9.736888352e+02
70777 +2.580033984e+01 +2.580033984e+01 -9.741996602e+02 -9.741996602e+02
71384 +2.358079282e+01 +2.358079282e+01 -9.764192072e+02 -9.764192072e+02
71513 +2.199267899e+01 +2.199267899e+01 -9.780073210e+02 -9.780073210e+02
71588 +1.875942151e+01 +1.875942151e+01 -9.812405785e+02 -9.812405785e+02
75725 +1.852064441e+01 +1.852064441e+01 -9.814793556e+02 -9.814793556e+02
77530 +1.803389815e+01 +1.803389815e+01 -9.819661019e+02 -9.819661019e+02
77560 +1.758423243e+01 +1.758423243e+01 -9.824157676e+02 -9.824157676e+02
77572 +1.603407927e+01 +1.603407927e+01 -9.839659207e+02 -9.839659207e+02
79237 +1.562145695e+01 +1.562145695e+01 -9.843785431e+02 -9.843785431e+02
79822 +1.434727403e+01 +1.434727403e+01 -9.856527260e+02 -9.856527260e+02
82899 +1.218111517e+01 +1.218111517e+01 -9.878188848e+02 -9.878188848e+02
88177 +1.136923038e+01 +1.136923038e+01 -9.886307696e+02 -9.886307696e+02
92039 +1.097324044e+01 +1.097324044e+01 -9.890267596e+02 -9.890267596e+02
92044 +1.085859419e+01 +1.085859419e+01 -9.891414058e+02 -9.891414058e+02
92214 +1.004042824e+01 +1.004042824e+01 -9.899595718e+02 -9.899595718e+02
94581 +9.897959838e+00 +9.897959838e+00 -9.901020402e+02 -9.901020402e+02
97916 +9.770184620e+00 +9.770184620e+00 -9.902298154e+02 -9.902298154e+02
98311 +9.515049836e+00 +9.515049836e+00 -9.904849502e+02 -9.904849502e+02
99934 +9.308262264e+00 +9.308262264e+00 -9.906917377e+02 -9.906917377e+02
186748 +8.259985088e+00 +8.259985088e+00 -9.917400149e+02 -9.917400149e+02
188478 +8.096109425e+00 +8.096109425e+00 -9.919038906e+02 -9.919038906e+02
190161 +7.712484450e+00 +7.712484450e+00 -9.922875156e+02 -9.922875156e+02
190636 +7.321946155e+00 +7.321946155e+00 -9.926780538e+02 -9.926780538e+02
195327 +7.163700903e+00 +7.163700903e+00 -9.928362991e+02 -9.928362991e+02
195789 +6.974348851e+00 +6.974348851e+00 -9.930256511e+02 -9.930256511e+02
196366 +6.744467280e+00 +6.744467280e+00 -9.932555327e+02 -9.932555327e+02
196478 +6.216968521e+00 +6.216968521e+00 -9.937830315e+02 -9.937830315e+02
196826 +6.112087648e+00 +6.112087648e+00 -9.938879124e+02 -9.938879124e+02
197944 +5.920990696e+00 +5.920990696e+00 -9.940790093e+02 -9.940790093e+02
198864 +5.257034001e+00 +5.257034001e+00 -9.947429660e+02 -9.947429660e+02
199305 +5.159955633e+00 +5.159955633e+00 -9.948400444e+02 -9.948400444e+02
% function evaluation | noise-free fitness - Fopt (-1.388000000000e+01) | best noise-free fitness - Fopt | measured fitness | best measured fitness | x1 | x2...
1 +1.019757770e+02 +1.019757770e+02 +8.809577702e+01 +8.809577702e+01
3 +7.573992611e+01 +7.573992611e+01 +6.185992611e+01 +6.185992611e+01
4 +6.819000818e+01 +6.819000818e+01 +5.431000818e+01 +5.431000818e+01
10 +4.970983272e+01 +4.970983272e+01 +3.582983272e+01 +3.582983272e+01
356 +4.743121736e+01 +4.743121736e+01 +3.355121736e+01 +3.355121736e+01
40469 +4.109131904e+01 +4.109131904e+01 +2.721131904e+01 +2.721131904e+01
40516 +4.006916445e+01 +4.006916445e+01 +2.618916445e+01 +2.618916445e+01
48776 +3.980384135e+01 +3.980384135e+01 +2.592384135e+01 +2.592384135e+01
50261 +2.822111779e+01 +2.822111779e+01 +1.434111779e+01 +1.434111779e+01
61031 +2.680391050e+01 +2.680391050e+01 +1.292391050e+01 +1.292391050e+01
66787 +2.393869276e+01 +2.393869276e+01 +1.005869276e+01 +1.005869276e+01
67593 +2.235647683e+01 +2.235647683e+01 +8.476476827e+00 +8.476476827e+00
67779 +2.124641666e+01 +2.124641666e+01 +7.366416660e+00 +7.366416660e+00
67845 +1.938662620e+01 +1.938662620e+01 +5.506626195e+00 +5.506626195e+00
67881 +1.844927747e+01 +1.844927747e+01 +4.569277471e+00 +4.569277471e+00
73914 +1.756897998e+01 +1.756897998e+01 +3.688979977e+00 +3.688979977e+00
73939 +1.726087372e+01 +1.726087372e+01 +3.380873719e+00 +3.380873719e+00
73946 +1.696497366e+01 +1.696497366e+01 +3.084973657e+00 +3.084973657e+00
73947 +1.642097755e+01 +1.642097755e+01 +2.540977552e+00 +2.540977552e+00
75774 +1.605459204e+01 +1.605459204e+01 +2.174592045e+00 +2.174592045e+00
75775 +1.447443176e+01 +1.447443176e+01 +5.944317644e-01 +5.944317644e-01
76214 +1.430440542e+01 +1.430440542e+01 +4.244054203e-01 +4.244054203e-01
76225 +1.305148974e+01 +1.305148974e+01 -8.285102609e-01 -8.285102609e-01
79639 +1.272437636e+01 +1.272437636e+01 -1.155623641e+00 -1.155623641e+00
81300 +1.198836854e+01 +1.198836854e+01 -1.891631462e+00 -1.891631462e+00
81338 +9.673373583e+00 +9.673373583e+00 -4.206626417e+00 -4.206626417e+00
85352 +9.527869264e+00 +9.527869264e+00 -4.352130736e+00 -4.352130736e+00
87659 +8.868814533e+00 +8.868814533e+00 -5.011185467e+00 -5.011185467e+00
87679 +8.280842959e+00 +8.280842959e+00 -5.599157041e+00 -5.599157041e+00
93092 +7.249011603e+00 +7.249011603e+00 -6.630988397e+00 -6.630988397e+00
93105 +6.070855914e+00 +6.070855914e+00 -7.809144086e+00 -7.809144086e+00
93790 +5.822631099e+00 +5.822631099e+00 -8.057368901e+00 -8.057368901e+00
93895 +5.567660588e+00 +5.567660588e+00 -8.312339412e+00 -8.312339412e+00
% function evaluation | noise-free fitness - Fopt (-1.240400000000e+02) | best noise-free fitness - Fopt | measured fitness | best measured fitness | x1 | x2...
1 +6.211736531e+01 +6.211736531e+01 -6.192263469e+01 -6.192263469e+01
5 +5.416178093e+01 +5.416178093e+01 -6.987821907e+01 -6.987821907e+01
97 +5.293812120e+01 +5.293812120e+01 -7.110187880e+01 -7.110187880e+01
492 +4.476439394e+01 +4.476439394e+01 -7.927560606e+01 -7.927560606e+01
5845 +4.148951899e+01 +4.148951899e+01 -8.255048101e+01 -8.255048101e+01
50034 +3.948953661e+01 +3.948953661e+01 -8.455046339e+01 -8.455046339e+01
52171 +3.486554720e+01 +3.486554720e+01 -8.917445280e+01 -8.917445280e+01
60434 +3.403475450e+01 +3.403475450e+01 -9.000524550e+01 -9.000524550e+01
60438 +3.267120504e+01 +3.267120504e+01 -9.136879496e+01 -9.136879496e+01
61017 +3.183387461e+01 +3.183387461e+01 -9.220612539e+01 -9.220612539e+01
61496 +3.151197512e+01 +3.151197512e+01 -9.252802488e+01 -9.252802488e+01
61578 +2.988559799e+01 +2.988559799e+01 -9.415440201e+01 -9.415440201e+01
70693 +2.806407020e+01 +2.806407020e+01 -9.597592980e+01 -9.597592980e+01
74794 +2.443918934e+01 +2.443918934e+01 -9.960081066e+01 -9.960081066e+01
82443 +2.182845625e+01 +2.182845625e+01 -1.022115437e+02 -1.022115437e+02
82573 +2.107527058e+01 +2.107527058e+01 -1.029647294e+02 -1.029647294e+02
82579 +2.076847798e+01 +2.076847798e+01 -1.032715220e+02 -1.032715220e+02
82590 +1.860356731e+01 +1.860356731e+01 -1.054364327e+02 -1.054364327e+02
86468 +1.791830478e+01 +1.791830478e+01 -1.061216952e+02 -1.061216952e+02
87654 +1.735616440e+01 +1.735616440e+01 -1.066838356e+02 -1.066838356e+02
87658 +1.545373451e+01 +1.545373451e+01 -1.085862655e+02 -1.085862655e+02
91746 +1.508057154e+01 +1.508057154e+01 -1.089594285e+02 -1.089594285e+02
92785 +1.453088907e+01 +1.453088907e+01 -1.095091109e+02 -1.095091109e+02
92968 +1.353934122e+01 +1.353934122e+01 -1.105006588e+02 -1.105006588e+02
97622 +1.323794085e+01 +1.323794085e+01 -1.108020591e+02 -1.108020591e+02
290264 +1.283926447e+01 +1.283926447e+01 -1.112007355e+02 -1.112007355e+02
290439 +1.256531030e+01 +1.256531030e+01 -1.114746897e+02 -1.114746897e+02
290704 +1.223350528e+01 +1.223350528e+01 -1.118064947e+02 -1.118064947e+02
290850 +1.196808720e+01 +1.196808720e+01 -1.120719128e+02 -1.120719128e+02
290899 +1.132499348e+01 +1.132499348e+01 -1.127150065e+02 -1.127150065e+02
291714 +1.069337659e+01 +1.069337659e+01 -1.133466234e+02 -1.133466234e+02
295702 +1.023708132e+01 +1.023708132e+01 -1.138029187e+02 -1.138029187e+02
297291 +1.003060423e+01 +1.003060423e+01 -1.140093958e+02 -1.140093958e+02
299337 +9.771066072e+00 +9.771066072e+00 -1.142689339e+02 -1.142689339e+02
390309 +8.714470016e+00 +8.714470016e+00 -1.153255300e+02 -1.153255300e+02
395618 +8.559710942e+00 +8.559710942e+00 -1.154802891e+02 -1.154802891e+02
397486 +8.033409471e+00 +8.033409471e+00 -1.160065905e+02 -1.160065905e+02
397613 +7.782808643e+00 +7.782808643e+00 -1.162571914e+02 -1.162571914e+02
398646 +7.373645530e+00 +7.373645530e+00 -1.166663545e+02 -1.166663545e+02
398780 +6.998080916e+00 +6.998080916e+00 -1.170419191e+02 -1.170419191e+02
