% function evaluation | noise-free fitness - Fopt (7.135000000000e+01) | best noise-free fitness - Fopt | measured fitness | best measured fitness | x1 | x2...
1 +7.554021144e+01 +7.554021144e+01 +1.468902114e+02 +1.468902114e+02 +0.0000e+00 +0.0000e+00
3 +6.873041248e+01 +6.873041248e+01 +1.400804125e+02 +1.400804125e+02 -1.4859e+00 +9.9570e-01
4 +4.245967589e+01 +4.245967589e+01 +1.138096759e+02 +1.138096759e+02 +9.7594e-01 -9.4514e-01
6 +5.835482393e+00 +5.835482393e+00 +7.718548239e+01 +7.718548239e+01 +7.4384e-01 -1.8662e-01
13 +5.587713930e+00 +5.587713930e+00 +7.693771393e+01 +7.693771393e+01 +2.0628e+00 -1.1046e+00
31 +4.234911276e+00 +4.234911276e+00 +7.558491128e+01 +7.558491128e+01 +1.8413e+00 -1.0641e+00
40 +6.644834305e-01 +6.644834305e-01 +7.201448343e+01 +7.201448343e+01 +1.8113e+00 -2.1055e+00
68 +5.048292214e-01 +5.048292214e-01 +7.185482922e+01 +7.185482922e+01 +1.3996e+00 -1.1479e+00
130 +3.652139446e-01 +3.652139446e-01 +7.171521394e+01 +7.171521394e+01 +1.8262e+00 -2.1612e+00
382 +3.048552807e-01 +3.048552807e-01 +7.165485528e+01 +7.165485528e+01 +1.8257e+00 -2.1641e+00
396 +2.742992665e-02 +2.742992665e-02 +7.137742993e+01 +7.137742993e+01 +1.8082e+00 -2.1468e+00
1001 +1.742212137e-02 +1.742212137e-02 +7.136742212e+01 +7.136742212e+01 +1.6089e+00 -1.8198e-01
1041 +1.483069725e-02 +1.483069725e-02 +7.136483070e+01 +7.136483070e+01 +1.6034e+00 -1.8177e-01
1083 +6.037280620e-03 +6.037280620e-03 +7.135603728e+01 +7.135603728e+01 +1.6182e+00 -1.7727e-01
1230 +3.526009554e-03 +3.526009554e-03 +7.135352601e+01 +7.135352601e+01 +1.6014e+00 -1.7720e-01
1257 +2.297637355e-03 +2.297637355e-03 +7.135229764e+01 +7.135229764e+01 +1.5988e+00 -1.7737e-01
1326 +2.104128697e-03 +2.104128697e-03 +7.135210413e+01 +7.135210413e+01 +1.5879e+00 -1.7803e-01
1348 +1.404937856e-03 +1.404937856e-03 +7.135140494e+01 +7.135140494e+01 +1.5906e+00 -1.8000e-01
1365 +4.797035542e-04 +4.797035542e-04 +7.135047970e+01 +7.135047970e+01 +1.5919e+00 -1.7916e-01
1423 +7.755218489e-05 +7.755218489e-05 +7.135007755e+01 +7.135007755e+01 +1.5945e+00 -1.7919e-01
1437 +7.160194528e-05 +7.160194528e-05 +7.135007160e+01 +7.135007160e+01 +1.5962e+00 -1.7850e-01
1627 +2.326493822e-05 +2.326493822e-05 +7.135002326e+01 +7.135002326e+01 +1.5958e+00 -1.7841e-01
1652 +1.505085882e-05 +1.505085882e-05 +7.135001505e+01 +7.135001505e+01 +1.5939e+00 -1.7853e-01
1730 +1.315537301e-05 +1.315537301e-05 +7.135001316e+01 +7.135001316e+01 +1.5955e+00 -1.7851e-01
1757 +7.342145040e-06 +7.342145040e-06 +7.135000734e+01 +7.135000734e+01 +1.5945e+00 -1.7837e-01
1842 +2.539410019e-06 +2.539410019e-06 +7.135000254e+01 +7.135000254e+01 +1.5949e+00 -1.7849e-01
1849 +2.101690910e-06 +2.101690910e-06 +7.135000210e+01 +7.135000210e+01 +1.5941e+00 -1.7854e-01
1862 +1.631908830e-06 +1.631908830e-06 +7.135000163e+01 +7.135000163e+01 +1.5945e+00 -1.7859e-01
1997 +6.220365378e-07 +6.220365378e-07 +7.135000062e+01 +7.135000062e+01 +1.5946e+00 -1.7854e-01
2084 +1.195620882e-07 +1.195620882e-07 +7.135000012e+01 +7.135000012e+01 +1.5945e+00 -1.7850e-01
2115 +9.807676804e-08 +9.807676804e-08 +7.135000010e+01 +7.135000010e+01 +1.5945e+00 -1.7854e-01
2228 +5.911576295e-08 +5.911576295e-08 +7.135000006e+01 +7.135000006e+01 +1.5945e+00 -1.7853e-01
2244 +4.900269346e-08 +4.900269346e-08 +7.135000005e+01 +7.135000005e+01 +1.5945e+00 -1.7852e-01
2281 +1.710986908e-11 +1.710986908e-11 +7.135000000e+01 +7.135000000e+01 +1.5945e+00 -1.7852e-01
3089 +0.000000000e+00 +0.000000000e+00 +7.135000000e+01 +7.135000000e+01 +1.5945e+00 -1.7852e-01
% function evaluation | noise-free fitness - Fopt (-3.552200000000e+02) | best noise-free fitness - Fopt | measured fitness | best measured fitness | x1 | x2...
1 +2.629527895e+02 +2.629527895e+02 -9.226721048e+01 -9.226721048e+01 +0.0000e+00 +0.0000e+00
2 +7.507480507e+01 +7.507480507e+01 -2.801451949e+02 -2.801451949e+02 +1.1731e+00 +3.7968e-01
3 +4.060442287e+01 +4.060442287e+01 -3.146155771e+02 -3.146155771e+02 -1.6962e+00 +3.1999e+00
10 +1.245400043e+01 +1.245400043e+01 -3.427659996e+02 -3.427659996e+02 +3.3809e-02 +1.9847e+00
30 +2.230976254e+00 +2.230976254e+00 -3.529890237e+02 -3.529890237e+02 -5.9121e-01 +2.7403e+00
85 +8.287685293e-01 +8.287685293e-01 -3.543912315e+02 -3.543912315e+02 -1.0330e+00 +2.6359e+00
105 +1.020374678e-01 +1.020374678e-01 -3.551179625e+02 -3.551179625e+02 -2.6016e+00 +3.1399e+00
310 +2.836753785e-03 +2.836753785e-03 -3.552171632e+02 -3.552171632e+02 -8.1094e-01 +2.7349e+00
999 +2.290256941e-03 +2.290256941e-03 -3.552177097e+02 -3.552177097e+02 -7.9654e-01 +2.7395e+00
1154 +1.938339963e-03 +1.938339963e-03 -3.552180617e+02 -3.552180617e+02 -8.0238e-01 +2.7356e+00
1290 +7.196762903e-04 +7.196762903e-04 -3.552192803e+02 -3.552192803e+02 -8.0336e-01 +2.7350e+00
1453 +1.866096862e-04 +1.866096862e-04 -3.552198134e+02 -3.552198134e+02 -8.0458e-01 +2.7357e+00
1563 +6.580148494e-05 +6.580148494e-05 -3.552199342e+02 -3.552199342e+02 -8.0836e-01 +2.7345e+00
1688 +1.592210901e-05 +1.592210901e-05 -3.552199841e+02 -3.552199841e+02 -8.0536e-01 +2.7357e+00
2006 +6.685114101e-06 +6.685114101e-06 -3.552199933e+02 -3.552199933e+02 -8.0591e-01 +2.7354e+00
2073 +2.789165137e-06 +2.789165137e-06 -3.552199972e+02 -3.552199972e+02 -8.0598e-01 +2.7354e+00
2075 +1.848307591e-06 +1.848307591e-06 -3.552199982e+02 -3.552199982e+02 -8.0624e-01 +2.7352e+00
2260 +1.466466870e-06 +1.466466870e-06 -3.552199985e+02 -3.552199985e+02 -8.0630e-01 +2.7352e+00
2341 +1.264465595e-06 +1.264465595e-06 -3.552199987e+02 -3.552199987e+02 -8.0684e-01 +2.7350e+00
2376 +8.023754390e-07 +8.023754390e-07 -3.552199992e+02 -3.552199992e+02 -8.0630e-01 +2.7353e+00
2386 +5.484575354e-07 +5.484575354e-07 -3.552199995e+02 -3.552199995e+02 -8.0632e-01 +2.7352e+00
2425 +2.901280141e-07 +2.901280141e-07 -3.552199997e+02 -3.552199997e+02 -8.0632e-01 +2.7352e+00
2429 +1.329291308e-07 +1.329291308e-07 -3.552199999e+02 -3.552199999e+02 -8.0656e-01 +2.7351e+00
2437 +7.353236242e-08 +7.353236242e-08 -3.552199999e+02 -3.552199999e+02 -8.0641e-01 +2.7352e+00
2462 +8.714096111e-11 +8.714096111e-11 -3.552200000e+02 -3.552200000e+02 -8.0641e-01 +2.7352e+00
3366 +0.000000000e+00 +0.000000000e+00 -3.552200000e+02 -3.552200000e+02 -8.0640e-01 +2.7352e+00
% function evaluation | noise-free fitness - Fopt (9.917000000000e+01) | best noise-free fitness - Fopt | measured fitness | best measured fitness | x1 | x2...
1 +3.418304207e+01 +3.418304207e+01 +1.333530421e+02 +1.333530421e+02 +0.0000e+00 +0.0000e+00
13 +1.772961426e-01 +1.772961426e-01 +9.934729614e+01 +9.934729614e+01 +2.3517e+00 +9.2474e-01
561 +8.082601004e-02 +8.082601004e-02 +9.925082601e+01 +9.925082601e+01 +5.1802e-01 +1.3957e+00
741 +4.266711853e-02 +4.266711853e-02 +9.921266712e+01 +9.921266712e+01 +4.4525e-01 +1.4742e+00
757 +3.988734185e-02 +3.988734185e-02 +9.920988734e+01 +9.920988734e+01 +4.8842e-01 +1.4228e+00
986 +3.730444497e-02 +3.730444497e-02 +9.920730444e+01 +9.920730444e+01 +5.3257e-01 +1.3620e+00
1037 +1.720042642e-02 +1.720042642e-02 +9.918720043e+01 +9.918720043e+01 +4.9187e-01 +1.4179e+00
1069 +1.068858449e-02 +1.068858449e-02 +9.918068858e+01 +9.918068858e+01 +5.1789e-01 +1.3802e+00
1071 +8.267243520e-03 +8.267243520e-03 +9.917826724e+01 +9.917826724e+01 +5.1437e-01 +1.3828e+00
1148 +2.315549824e-03 +2.315549824e-03 +9.917231555e+01 +9.917231555e+01 +5.2541e-01 +1.3792e+00
1190 +9.649110902e-04 +9.649110902e-04 +9.917096491e+01 +9.917096491e+01 +5.2140e-01 +1.3833e+00
1436 +3.510403457e-04 +3.510403457e-04 +9.917035104e+01 +9.917035104e+01 +5.2256e-01 +1.3807e+00
1722 +1.916540364e-04 +1.916540364e-04 +9.917019165e+01 +9.917019165e+01 +5.2359e-01 +1.3793e+00
1731 +4.843127903e-05 +4.843127903e-05 +9.917004843e+01 +9.917004843e+01 +5.2095e-01 +1.3821e+00
1750 +1.120858940e-05 +1.120858940e-05 +9.917001121e+01 +9.917001121e+01 +5.2014e-01 +1.3832e+00
1962 +3.795303869e-06 +3.795303869e-06 +9.917000380e+01 +9.917000380e+01 +5.2094e-01 +1.3823e+00
2327 +1.399362645e-06 +1.399362645e-06 +9.917000140e+01 +9.917000140e+01 +5.2063e-01 +1.3827e+00
2448 +2.438423792e-07 +2.438423792e-07 +9.917000024e+01 +9.917000024e+01 +5.2051e-01 +1.3828e+00
2552 +2.315207297e-07 +2.315207297e-07 +9.917000023e+01 +9.917000023e+01 +5.2059e-01 +1.3827e+00
2603 +6.320532009e-08 +6.320532009e-08 +9.917000006e+01 +9.917000006e+01 +5.2063e-01 +1.3827e+00
2634 +7.312735306e-09 +7.312735306e-09 +9.917000001e+01 +9.917000001e+01 +5.2056e-01 +1.3827e+00
3522 +0.000000000e+00 +0.000000000e+00 +9.917000000e+01 +9.917000000e+01 +5.2058e-01 +1.3827e+00
% function evaluation | noise-free fitness - Fopt (-5.179100000000e+02) | best noise-free fitness - Fopt | measured fitness | best measured fitness | x1 | x2...
1 +6.376199996e+01 +6.376199996e+01 -4.541480000e+02 -4.541480000e+02 +0.0000e+00 +0.0000e+00
3 +3.141673077e+01 +3.141673077e+01 -4.864932692e+02 -4.864932692e+02 +1.0122e+00 +2.8170e+00
6 +2.021889385e+01 +2.021889385e+01 -4.976911062e+02 -4.976911062e+02 +1.7668e+00 -4.1771e-01
11 +8.184994090e+00 +8.184994090e+00 -5.097250059e+02 -5.097250059e+02 -2.2063e+00 -1.3125e+00
21 +2.281984650e+00 +2.281984650e+00 -5.156280153e+02 -5.156280153e+02 -2.5248e+00 -1.6512e+00
44 +4.504977188e-01 +4.504977188e-01 -5.174595023e+02 -5.174595023e+02 -2.2839e+00 -1.4570e+00
163 +2.559836487e-01 +2.559836487e-01 -5.176540164e+02 -5.176540164e+02 -4.7672e+00 -2.0614e+00
415 +9.406455047e-02 +9.406455047e-02 -5.178159354e+02 -5.178159354e+02 -2.2368e+00 -1.4415e+00
672 +7.084468113e-02 +7.084468113e-02 -5.178391553e+02 -5.178391553e+02 -2.1991e+00 -1.4322e+00
790 +5.657769820e-03 +5.657769820e-03 -5.179043422e+02 -5.179043422e+02 -2.2502e+00 -1.4650e+00
1203 +3.662513014e-03 +3.662513014e-03 -5.179063375e+02 -5.179063375e+02 -2.2227e+00 -1.4406e+00
1359 +2.782797078e-04 +2.782797078e-04 -5.179097217e+02 -5.179097217e+02 -2.2287e+00 -1.4464e+00
1634 +1.761277878e-04 +1.761277878e-04 -5.179098239e+02 -5.179098239e+02 -2.2294e+00 -1.4473e+00
1648 +4.238653560e-05 +4.238653560e-05 -5.179099576e+02 -5.179099576e+02 -2.2302e+00 -1.4479e+00
1905 +1.814794143e-05 +1.814794143e-05 -5.179099819e+02 -5.179099819e+02 -2.2305e+00 -1.4481e+00
1911 +1.018181024e-06 +1.018181024e-06 -5.179099990e+02 -5.179099990e+02 -2.2310e+00 -1.4487e+00
2272 +1.398974518e-07 +1.398974518e-07 -5.179099999e+02 -5.179099999e+02 -2.2311e+00 -1.4487e+00
2582 +1.070759481e-07 +1.070759481e-07 -5.179099999e+02 -5.179099999e+02 -2.2312e+00 -1.4488e+00
2616 +4.923663255e-08 +4.923663255e-08 -5.179100000e+02 -5.179100000e+02 -2.2312e+00 -1.4488e+00
2649 +2.681156275e-08 +2.681156275e-08 -5.179100000e+02 -5.179100000e+02 -2.2312e+00 -1.4488e+00
2662 +2.086994755e-08 +2.086994755e-08 -5.179100000e+02 -5.179100000e+02 -2.2312e+00 -1.4488e+00
2668 +8.674305718e-09 +8.674305718e-09 -5.179100000e+02 -5.179100000e+02 -2.2312e+00 -1.4488e+00
3295 +0.000000000e+00 +0.000000000e+00 -5.179100000e+02 -5.179100000e+02 -2.2312e+00 -1.4488e+00
% function evaluation | noise-free fitness - Fopt (-5.721000000000e+01) | best noise-free fitness - Fopt | measured fitness | best measured fitness | x1 | x2...
1 +7.084914332e+01 +7.084914332e+01 +1.363914332e+01 +1.363914332e+01 +0.0000e+00 +0.0000e+00
5 +4.979416718e+01 +4.979416718e+01 -7.415832816e+00 -7.415832816e+00 +2.2834e+00 -1.3746e+00
6 +7.556988746e+00 +7.556988746e+00 -4.965301125e+01 -4.965301125e+01 -2.2247e-01 +4.7588e+00
37 +6.229941919e+00 +6.229941919e+00 -5.098005808e+01 -5.098005808e+01 -3.6072e+00 -9.4111e-01
44 +5.986667864e+00 +5.986667864e+00 -5.122333214e+01 -5.122333214e+01 -3.6852e+00 -2.2856e+00
279 +1.763876879e+00 +1.763876879e+00 -5.544612312e+01 -5.544612312e+01 -2.9561e+00 -3.1427e+00
301 +1.954337032e-01 +1.954337032e-01 -5.701456630e+01 -5.701456630e+01 -3.1436e+00 -2.9121e+00
444 +1.721207373e-01 +1.721207373e-01 -5.703787926e+01 -5.703787926e+01 -3.2405e+00 -2.7690e+00
518 +2.539064843e-02 +2.539064843e-02 -5.718460935e+01 -5.718460935e+01 -2.7523e+00 -4.6885e+00
1048 +6.258289447e-03 +6.258289447e-03 -5.720374171e+01 -5.720374171e+01 -3.7843e+00 -4.5238e-01
1127 +6.019569809e-03 +6.019569809e-03 -5.720398043e+01 -5.720398043e+01 -3.7976e+00 -4.3625e-01
1292 +4.682477181e-04 +4.682477181e-04 -5.720953175e+01 -5.720953175e+01 -3.8035e+00 -4.1883e-01
2107 +1.819099365e-04 +1.819099365e-04 -5.720981809e+01 -5.720981809e+01 -3.8036e+00 -4.1882e-01
2186 +1.726527714e-04 +1.726527714e-04 -5.720982735e+01 -5.720982735e+01 -3.8051e+00 -4.1762e-01
2196 +1.568293349e-05 +1.568293349e-05 -5.720998432e+01 -5.720998432e+01 -3.8035e+00 -4.2060e-01
2571 +1.278324400e-05 +1.278324400e-05 -5.720998722e+01 -5.720998722e+01 -3.8027e+00 -4.2153e-01
2742 +7.195304875e-06 +7.195304875e-06 -5.720999280e+01 -5.720999280e+01 -3.8037e+00 -4.1946e-01
2804 +6.650402042e-07 +6.650402042e-07 -5.720999933e+01 -5.720999933e+01 -3.8037e+00 -4.1987e-01
3006 +5.290439375e-07 +5.290439375e-07 -5.720999947e+01 -5.720999947e+01 -3.8035e+00 -4.2010e-01
3157 +3.551003473e-07 +3.551003473e-07 -5.720999964e+01 -5.720999964e+01 -3.8035e+00 -4.2012e-01
3302 +8.592853362e-08 +8.592853362e-08 -5.720999991e+01 -5.720999991e+01 -3.8035e+00 -4.2015e-01
3453 +6.397219465e-08 +6.397219465e-08 -5.720999994e+01 -5.720999994e+01 -3.8036e+00 -4.1996e-01
3616 +7.718526263e-09 +7.718526263e-09 -5.720999999e+01 -5.720999999e+01 -3.8036e+00 -4.1995e-01
4361 +0.000000000e+00 +0.000000000e+00 -5.721000000e+01 -5.721000000e+01 -3.8036e+00 -4.2000e-01
% function evaluation | noise-free fitness - Fopt (-1.000000000000e+03) | best noise-free fitness - Fopt | measured fitness | best measured fitness | x1 | x2...
1 +2.764021458e+01 +2.764021458e+01 -9.723597854e+02 -9.723597854e+02 +0.0000e+00 +0.0000e+00
30 +2.589485965e+01 +2.589485965e+01 -9.741051404e+02 -9.741051404e+02 +4.6307e+00 +9.0040e-01
40 +2.280010087e+00 +2.280010087e+00 -9.977199899e+02 -9.977199899e+02 +4.3595e+00 +6.2313e-01
43 +7.566542391e-01 +7.566542391e-01 -9.992433458e+02 -9.992433458e+02 +4.4040e+00 +7.0521e-01
120 +1.622683606e-01 +1.622683606e-01 -9.998377316e+02 -9.998377316e+02 +1.3232e+00 -9.2603e-01
554 +1.304009559e-01 +1.304009559e-01 -9.998695990e+02 -9.998695990e+02 +3.6424e+00 -3.5127e+00
705 +1.114987448e-01 +1.114987448e-01 -9.998885013e+02 -9.998885013e+02 +3.6054e+00 -3.3650e+00
1152 +8.249978445e-02 +8.249978445e-02 -9.999175002e+02 -9.999175002e+02 +3.6265e+00 -3.2828e+00
1166 +3.673261420e-02 +3.673261420e-02 -9.999632674e+02 -9.999632674e+02 +3.6116e+00 -3.3807e+00
1199 +8.142140410e-03 +8.142140410e-03 -9.999918579e+02 -9.999918579e+02 +3.6228e+00 -3.4572e+00
1205 +3.573532362e-03 +3.573532362e-03 -9.999964265e+02 -9.999964265e+02 +3.6168e+00 -3.4386e+00
1266 +3.475182243e-03 +3.475182243e-03 -9.999965248e+02 -9.999965248e+02 +3.6233e+00 -3.4708e+00
1477 +2.150853126e-04 +2.150853126e-04 -9.999997849e+02 -9.999997849e+02 +3.6179e+00 -3.4508e+00
1826 +1.607345372e-04 +1.607345372e-04 -9.999998393e+02 -9.999998393e+02 +3.6180e+00 -3.4508e+00
1839 +5.258708688e-05 +5.258708688e-05 -9.999999474e+02 -9.999999474e+02 +3.6183e+00 -3.4516e+00
1851 +3.683411956e-05 +3.683411956e-05 -9.999999632e+02 -9.999999632e+02 +3.6182e+00 -3.4506e+00
2050 +2.756027129e-06 +2.756027129e-06 -9.999999972e+02 -9.999999972e+02 +3.6187e+00 -3.4529e+00
2142 +1.892140631e-06 +1.892140631e-06 -9.999999981e+02 -9.999999981e+02 +3.6187e+00 -3.4526e+00
2458 +9.656556585e-07 +9.656556585e-07 -9.999999990e+02 -9.999999990e+02 +3.6187e+00 -3.4526e+00
2539 +3.115121672e-07 +3.115121672e-07 -9.999999997e+02 -9.999999997e+02 +3.6187e+00 -3.4525e+00
2546 +1.744976998e-07 +1.744976998e-07 -9.999999998e+02 -9.999999998e+02 +3.6187e+00 -3.4524e+00
2642 +8.648657968e-08 +8.648657968e-08 -9.999999999e+02 -9.999999999e+02 +3.6186e+00 -3.4523e+00
2795 +1.706200692e-08 +1.706200692e-08 -1.000000000e+03 -1.000000000e+03 +3.6187e+00 -3.4524e+00
2830 +1.224884727e-08 +1.224884727e-08 -1.000000000e+03 -1.000000000e+03 +3.6187e+00 -3.4524e+00
2893 +1.141393113e-08 +1.141393113e-08 -1.000000000e+03 -1.000000000e+03 +3.6187e+00 -3.4525e+00
2944 +7.615767572e-09 +7.615767572e-09 -1.000000000e+03 -1.000000000e+03 +3.6187e+00 -3.4524e+00
3660 +0.000000000e+00 +0.000000000e+00 -1.000000000e+03 -1.000000000e+03 +3.6187e+00 -3.4524e+00
% function evaluation | noise-free fitness - Fopt (-6.554000000000e+01) | best noise-free fitness - Fopt | measured fitness | best measured fitness | x1 | x2...
1 +2.734228213e+02 +2.734228213e+02 +2.078828213e+02 +2.078828213e+02 +0.0000e+00 +0.0000e+00
2 +2.224359096e+02 +2.224359096e+02 +1.568959096e+02 +1.568959096e+02 +7.6488e-01 +1.8357e+00
3 +1.431861897e+01 +1.431861897e+01 -5.122138103e+01 -5.122138103e+01 -7.8801e-01 +2.7145e-01
34 +1.407685509e+01 +1.407685509e+01 -5.146314491e+01 -5.146314491e+01 -2.1966e+00 -1.7979e+00
37 +5.352807371e+00 +5.352807371e+00 -6.018719263e+01 -6.018719263e+01 -3.1769e+00 -1.0820e+00
50 +7.290435137e-01 +7.290435137e-01 -6.481095649e+01 -6.481095649e+01 -2.0500e+00 -1.5672e+00
101 +1.506664172e-01 +1.506664172e-01 -6.538933358e+01 -6.538933358e+01 -4.1535e+00 +8.2930e-01
170 +2.981294523e-02 +2.981294523e-02 -6.551018705e+01 -6.551018705e+01 -3.3043e+00 +8.8563e-02
532 +1.745572399e-02 +1.745572399e-02 -6.552254428e+01 -6.552254428e+01 -5.0425e+00 +2.7613e+00
738 +5.123825009e-03 +5.123825009e-03 -6.553487617e+01 -6.553487617e+01 -4.5877e+00 +1.7121e+00
1078 +4.762869347e-03 +4.762869347e-03 -6.553523713e+01 -6.553523713e+01 -4.5938e+00 +1.7136e+00
1372 +4.300687600e-03 +4.300687600e-03 -6.553569931e+01 -6.553569931e+01 -4.5773e+00 +1.7197e+00
1421 +4.293739102e-04 +4.293739102e-04 -6.553957063e+01 -6.553957063e+01 -4.5951e+00 +1.7115e+00
1565 +3.327465310e-04 +3.327465310e-04 -6.553966725e+01 -6.553966725e+01 -4.5851e+00 +1.7169e+00
1628 +2.261476478e-04 +2.261476478e-04 -6.553977385e+01 -6.553977385e+01 -4.5833e+00 +1.7176e+00
1648 +5.981721257e-05 +5.981721257e-05 -6.553994018e+01 -6.553994018e+01 -4.5863e+00 +1.7158e+00
1983 +7.877659954e-06 +7.877659954e-06 -6.553999212e+01 -6.553999212e+01 -4.5870e+00 +1.7157e+00
2167 +2.791258268e-06 +2.791258268e-06 -6.553999721e+01 -6.553999721e+01 -4.5869e+00 +1.7157e+00
2273 +1.910726425e-06 +1.910726425e-06 -6.553999809e+01 -6.553999809e+01 -4.5866e+00 +1.7158e+00
2298 +1.845534612e-06 +1.845534612e-06 -6.553999815e+01 -6.553999815e+01 -4.5862e+00 +1.7160e+00
2429 +7.501023020e-07 +7.501023020e-07 -6.553999925e+01 -6.553999925e+01 -4.5866e+00 +1.7158e+00
2532 +1.142309856e-07 +1.142309856e-07 -6.553999989e+01 -6.553999989e+01 -4.5865e+00 +1.7159e+00
2612 +6.890761028e-08 +6.890761028e-08 -6.553999993e+01 -6.553999993e+01 -4.5867e+00 +1.7158e+00
2809 +5.865526020e-08 +5.865526020e-08 -6.553999994e+01 -6.553999994e+01 -4.5866e+00 +1.7158e+00
2818 +1.342398548e-08 +1.342398548e-08 -6.553999999e+01 -6.553999999e+01 -4.5866e+00 +1.7158e+00
2854 +1.011177631e-08 +1.011177631e-08 -6.553999999e+01 -6.553999999e+01 -4.5866e+00 +1.7158e+00
2980 +2.202682481e-12 +2.202682481e-12 -6.554000000e+01 -6.554000000e+01 -4.5867e+00 +1.7158e+00
3535 +0.000000000e+00 +0.000000000e+00 -6.554000000e+01 -6.554000000e+01 -4.5866e+00 +1.7158e+00
% function evaluation | noise-free fitness - Fopt (-2.375000000000e+01) | best noise-free fitness - Fopt | measured fitness | best measured fitness | x1 | x2...
1 +2.711322325e+02 +2.711322325e+02 +2.473822325e+02 +2.473822325e+02 +0.0000e+00 +0.0000e+00
2 +2.241817288e+01 +2.241817288e+01 -1.331827117e+00 -1.331827117e+00 -2.2180e+00 +1.9884e-01
8 +1.078110879e+01 +1.078110879e+01 -1.296889121e+01 -1.296889121e+01 +5.3242e+00 +9.3275e-01
17 +1.049176731e+01 +1.049176731e+01 -1.325823269e+01 -1.325823269e+01 +5.9205e+00 +2.5103e+00
60 +4.078654572e+00 +4.078654572e+00 -1.967134543e+01 -1.967134543e+01 +5.8004e+00 +3.1228e+00
140 +2.267799860e+00 +2.267799860e+00 -2.148220014e+01 -2.148220014e+01 +5.6632e+00 +3.5569e+00
752 +2.090079577e+00 +2.090079577e+00 -2.165992042e+01 -2.165992042e+01 +5.5811e+00 +3.7792e+00
% function evaluation | noise-free fitness - Fopt (3.513000000000e+01) | best noise-free fitness - Fopt | measured fitness | best measured fitness | x1 | x2...
1 +4.176014743e+01 +4.176014743e+01 +7.689014743e+01 +7.689014743e+01 +0.0000e+00 +0.0000e+00
7 +2.564853410e+01 +2.564853410e+01 +6.077853410e+01 +6.077853410e+01 +5.5764e-01 +3.5212e+00
13 +1.926252037e+01 +1.926252037e+01 +5.439252037e+01 +5.439252037e+01 -6.9511e-01 +3.5523e+00
26 +9.803608883e+00 +9.803608883e+00 +4.493360888e+01 +4.493360888e+01 -1.9820e-01 +1.9071e+00
38 +8.201633373e+00 +8.201633373e+00 +4.333163337e+01 +4.333163337e+01 +4.4262e-01 +4.7270e+00
45 +6.243430678e+00 +6.243430678e+00 +4.137343068e+01 +4.137343068e+01 +2.4719e-01 +2.2136e+00
62 +4.470397755e+00 +4.470397755e+00 +3.960039776e+01 +3.960039776e+01 -9.5990e-01 +5.2429e-01
80 +9.895204251e-03 +9.895204251e-03 +3.513989520e+01 +3.513989520e+01 -1.2906e+00 -2.1735e+00
% function evaluation | noise-free fitness - Fopt (-7.982000000000e+01) | best noise-free fitness - Fopt | measured fitness | best measured fitness | x1 | x2...
1 +1.723557012e+01 +1.723557012e+01 -6.258442988e+01 -6.258442988e+01 +0.0000e+00 +0.0000e+00
10 +1.531418110e+01 +1.531418110e+01 -6.450581890e+01 -6.450581890e+01 -8.7973e-01 -6.6191e-02
17 +8.597043165e+00 +8.597043165e+00 -7.122295684e+01 -7.122295684e+01 +4.1146e+00 -1.7103e-01
82 +2.255203352e+00 +2.255203352e+00 -7.756479665e+01 -7.756479665e+01 -4.1586e+00 +2.4379e+00
90 +1.491002455e+00 +1.491002455e+00 -7.832899755e+01 -7.832899755e+01 -3.4544e+00 +2.1229e+00
187 +3.692320842e-01 +3.692320842e-01 -7.945076792e+01 -7.945076792e+01 -4.0111e+00 -1.4890e+00
816 +9.398432657e-02 +9.398432657e-02 -7.972601567e+01 -7.972601567e+01 -3.8416e+00 -1.5834e+00
1106 +7.747933620e-02 +7.747933620e-02 -7.974252066e+01 -7.974252066e+01 -3.8894e+00 -1.5515e+00
1161 +4.571963680e-04 +4.571963680e-04 -7.981954280e+01 -7.981954280e+01 -3.8990e+00 -1.5531e+00
2184 +5.541462421e-05 +5.541462421e-05 -7.981994459e+01 -7.981994459e+01 -3.8984e+00 -1.5532e+00
2351 +2.468841834e-05 +2.468841834e-05 -7.981997531e+01 -7.981997531e+01 -3.8982e+00 -1.5532e+00
2657 +1.879614075e-05 +1.879614075e-05 -7.981998120e+01 -7.981998120e+01 -3.8984e+00 -1.5531e+00
2674 +7.194891353e-06 +7.194891353e-06 -7.981999281e+01 -7.981999281e+01 -3.8987e+00 -1.5530e+00
2844 +1.534553718e-06 +1.534553718e-06 -7.981999847e+01 -7.981999847e+01 -3.8990e+00 -1.5528e+00
3046 +1.148900651e-06 +1.148900651e-06 -7.981999885e+01 -7.981999885e+01 -3.8988e+00 -1.5529e+00
3083 +9.736775866e-07 +9.736775866e-07 -7.981999903e+01 -7.981999903e+01 -3.8989e+00 -1.5529e+00
3090 +1.352750587e-07 +1.352750587e-07 -7.981999986e+01 -7.981999986e+01 -3.8990e+00 -1.5528e+00
3139 +1.449882348e-08 +1.449882348e-08 -7.981999999e+01 -7.981999999e+01 -3.8990e+00 -1.5528e+00
3600 +1.334906585e-08 +1.334906585e-08 -7.981999999e+01 -7.981999999e+01 -3.8990e+00 -1.5528e+00
3610 +1.040335462e-08 +1.040335462e-08 -7.981999999e+01 -7.981999999e+01 -3.8990e+00 -1.5528e+00
3649 +7.985946127e-09 +7.985946127e-09 -7.981999999e+01 -7.981999999e+01 -3.8990e+00 -1.5528e+00
4241 +0.000000000e+00 +0.000000000e+00 -7.982000000e+01 -7.982000000e+01 -3.8990e+00 -1.5528e+00
% function evaluation | noise-free fitness - Fopt (1.925800000000e+02) | best noise-free fitness - Fopt | measured fitness | best measured fitness | x1 | x2...
1 +3.370222876e+01 +3.370222876e+01 +2.262822288e+02 +2.262822288e+02 +0.0000e+00 +0.0000e+00
4 +2.090341989e+01 +2.090341989e+01 +2.134834199e+02 +2.134834199e+02 +3.5377e+00 +3.4401e+00
8 +1.672823587e+01 +1.672823587e+01 +2.093082359e+02 +2.093082359e+02 -5.9709e-01 +9.5088e-01
16 +1.424755757e+01 +1.424755757e+01 +2.068275576e+02 +2.068275576e+02 -2.3082e+00 -8.0792e-01
19 +4.701826257e+00 +4.701826257e+00 +1.972818263e+02 +1.972818263e+02 -3.3688e-01 +1.5824e+00
37 +1.118198865e+00 +1.118198865e+00 +1.936981989e+02 +1.936981989e+02 -4.8060e-01 +1.0593e+00
96 +7.497017790e-01 +7.497017790e-01 +1.933297018e+02 +1.933297018e+02 -1.4466e+00 +3.6871e+00
252 +3.666776868e-01 +3.666776868e-01 +1.929466777e+02 +1.929466777e+02 -1.4185e+00 +3.8858e+00
280 +2.966886214e-01 +2.966886214e-01 +1.928766886e+02 +1.928766886e+02 -1.3823e+00 +3.5761e+00
363 +3.440453471e-02 +3.440453471e-02 +1.926144045e+02 +1.926144045e+02 -1.4021e+00 +3.5964e+00
386 +3.618072900e-03 +3.618072900e-03 +1.925836181e+02 +1.925836181e+02 -1.4076e+00 +3.5899e+00
465 +2.487038139e-04 +2.487038139e-04 +1.925802487e+02 +1.925802487e+02 -1.4077e+00 +3.6112e+00
997 +1.857568451e-04 +1.857568451e-04 +1.925801858e+02 +1.925801858e+02 -1.4080e+00 +3.6120e+00
1076 +1.309118957e-04 +1.309118957e-04 +1.925801309e+02 +1.925801309e+02 -1.4078e+00 +3.6107e+00
1096 +6.753830286e-05 +6.753830286e-05 +1.925800675e+02 +1.925800675e+02 -1.4080e+00 +3.6132e+00
1253 +6.464400033e-05 +6.464400033e-05 +1.925800646e+02 +1.925800646e+02 -1.4082e+00 +3.6160e+00
1270 +4.452805237e-05 +4.452805237e-05 +1.925800445e+02 +1.925800445e+02 -1.4081e+00 +3.6146e+00
1352 +4.266492616e-05 +4.266492616e-05 +1.925800427e+02 +1.925800427e+02 -1.4080e+00 +3.6137e+00
1357 +1.515374342e-05 +1.515374342e-05 +1.925800152e+02 +1.925800152e+02 -1.4081e+00 +3.6156e+00
1515 +1.430676429e-05 +1.430676429e-05 +1.925800143e+02 +1.925800143e+02 -1.4080e+00 +3.6147e+00
1570 +1.128549496e-05 +1.128549496e-05 +1.925800113e+02 +1.925800113e+02 -1.4080e+00 +3.6148e+00
1633 +1.012162701e-05 +1.012162701e-05 +1.925800101e+02 +1.925800101e+02 -1.4080e+00 +3.6166e+00
1646 +6.244537303e-06 +6.244537303e-06 +1.925800062e+02 +1.925800062e+02 -1.4080e+00 +3.6162e+00
1685 +5.148914653e-06 +5.148914653e-06 +1.925800051e+02 +1.925800051e+02 -1.4080e+00 +3.6151e+00
1722 +1.557316210e-06 +1.557316210e-06 +1.925800016e+02 +1.925800016e+02 -1.4080e+00 +3.6154e+00
1763 +2.341442951e-08 +2.341442951e-08 +1.925800000e+02 +1.925800000e+02 -1.4080e+00 +3.6153e+00
2092 +2.007615763e-08 +2.007615763e-08 +1.925800000e+02 +1.925800000e+02 -1.4080e+00 +3.6152e+00
2349 +1.552038498e-08 +1.552038498e-08 +1.925800000e+02 +1.925800000e+02 -1.4080e+00 +3.6152e+00
2369 +6.605205272e-11 +6.605205272e-11 +1.925800000e+02 +1.925800000e+02 -1.4080e+00 +3.6152e+00
2842 +0.000000000e+00 +0.000000000e+00 +1.925800000e+02 +1.925800000e+02 -1.4080e+00 +3.6152e+00
% function evaluation | noise-free fitness - Fopt (-2.684800000000e+02) | best noise-free fitness - Fopt | measured fitness | best measured fitness | x1 | x2...
1 +9.047066618e+01 +9.047066618e+01 -1.780093338e+02 -1.780093338e+02 +0.0000e+00 +0.0000e+00
3 +3.115424767e+01 +3.115424767e+01 -2.373257523e+02 -2.373257523e+02 -1.2959e+00 +2.7978e-01
8 +1.854871166e+01 +1.854871166e+01 -2.499312883e+02 -2.499312883e+02 +2.7563e+00 +1.3047e-02
27 +8.713218314e+00 +8.713218314e+00 -2.597667817e+02 -2.597667817e+02 -5.7370e+00 -1.2229e+00
85 +8.004734474e+00 +8.004734474e+00 -2.604752655e+02 -2.604752655e+02 -4.3705e+00 -2.0526e+00
113 +4.650723922e+00 +4.650723922e+00 -2.638292761e+02 -2.638292761e+02 -4.5706e+00 -1.4707e+00
134 +3.878237152e+00 +3.878237152e+00 -2.646017628e+02 -2.646017628e+02 -4.5625e+00 -2.0816e+00
143 +5.937896129e-01 +5.937896129e-01 -2.678862104e+02 -2.678862104e+02 -4.3825e+00 -2.4496e+00
345 +2.151233552e-01 +2.151233552e-01 -2.682648766e+02 -2.682648766e+02 -4.3217e+00 -2.5414e+00
361 +1.028226497e-01 +1.028226497e-01 -2.683771774e+02 -2.683771774e+02 -4.3560e+00 -2.2414e+00
570 +9.118337379e-02 +9.118337379e-02 -2.683888166e+02 -2.683888166e+02 -4.3503e+00 -2.2810e+00
610 +4.371848157e-02 +4.371848157e-02 -2.684362815e+02 -2.684362815e+02 -4.3670e+00 -2.4322e+00
791 +3.302782262e-02 +3.302782262e-02 -2.684469722e+02 -2.684469722e+02 -4.3556e+00 -2.4183e+00
792 +2.648474426e-02 +2.648474426e-02 -2.684535153e+02 -2.684535153e+02 -4.3643e+00 -2.4044e+00
803 +8.276813854e-03 +8.276813854e-03 -2.684717232e+02 -2.684717232e+02 -4.3458e+00 -2.4580e+00
820 +6.339358440e-03 +6.339358440e-03 -2.684736606e+02 -2.684736606e+02 -4.3613e+00 -2.4391e+00
872 +3.303173129e-03 +3.303173129e-03 -2.684766968e+02 -2.684766968e+02 -4.3471e+00 -2.4641e+00
1061 +1.209486827e-03 +1.209486827e-03 -2.684787905e+02 -2.684787905e+02 -4.3481e+00 -2.4659e+00
1101 +4.645125436e-04 +4.645125436e-04 -2.684795355e+02 -2.684795355e+02 -4.3524e+00 -2.4544e+00
1198 +3.214831486e-04 +3.214831486e-04 -2.684796785e+02 -2.684796785e+02 -4.3533e+00 -2.4517e+00
1208 +1.827560262e-04 +1.827560262e-04 -2.684798172e+02 -2.684798172e+02 -4.3534e+00 -2.4508e+00
1293 +7.827164137e-05 +7.827164137e-05 -2.684799217e+02 -2.684799217e+02 -4.3516e+00 -2.4533e+00
1501 +3.092928625e-05 +3.092928625e-05 -2.684799691e+02 -2.684799691e+02 -4.3523e+00 -2.4523e+00
1502 +2.554559364e-05 +2.554559364e-05 -2.684799745e+02 -2.684799745e+02 -4.3526e+00 -2.4525e+00
1542 +1.462852310e-05 +1.462852310e-05 -2.684799854e+02 -2.684799854e+02 -4.3528e+00 -2.4514e+00
1592 +2.627138258e-06 +2.627138258e-06 -2.684799974e+02 -2.684799974e+02 -4.3523e+00 -2.4528e+00
1849 +2.791396128e-07 +2.791396128e-07 -2.684799997e+02 -2.684799997e+02 -4.3524e+00 -2.4525e+00
1938 +2.521520059e-07 +2.521520059e-07 -2.684799997e+02 -2.684799997e+02 -4.3525e+00 -2.4523e+00
1952 +8.383699424e-08 +8.383699424e-08 -2.684799999e+02 -2.684799999e+02 -4.3524e+00 -2.4525e+00
2219 +3.458950459e-08 +3.458950459e-08 -2.684800000e+02 -2.684800000e+02 -4.3524e+00 -2.4524e+00
2236 +1.020833906e-08 +1.020833906e-08 -2.684800000e+02 -2.684800000e+02 -4.3524e+00 -2.4524e+00
2336 +7.514472600e-09 +7.514472600e-09 -2.684800000e+02 -2.684800000e+02 -4.3524e+00 -2.4524e+00
3103 +0.000000000e+00 +0.000000000e+00 -2.684800000e+02 -2.684800000e+02 -4.3524e+00 -2.4524e+00
% function evaluation | noise-free fitness - Fopt (-1.000000000000e+03) | best noise-free fitness - Fopt | measured fitness | best measured fitness | x1 | x2...
1 +5.327739641e+01 +5.327739641e+01 -9.467226036e+02 -9.467226036e+02 +0.0000e+00 +0.0000e+00
6 +3.993580039e+01 +3.993580039e+01 -9.600641996e+02 -9.600641996e+02 +1.4526e+00 -2.2156e+00
12 +2.980671922e+01 +2.980671922e+01 -9.701932808e+02 -9.701932808e+02 +1.5052e+00 -2.0043e+00
16 +2.034333655e+01 +2.034333655e+01 -9.796566634e+02 -9.796566634e+02 +1.6846e+00 -2.1291e+00
22 +1.402823947e+01 +1.402823947e+01 -9.859717605e+02 -9.859717605e+02 +1.6330e+00 -2.1406e+00
33 +6.366647253e+00 +6.366647253e+00 -9.936333527e+02 -9.936333527e+02 +4.3243e+00 -4.5510e+00
44 +1.719199200e+00 +1.719199200e+00 -9.982808008e+02 -9.982808008e+02 +3.9293e+00 -4.4977e+00
238 +9.538139346e-01 +9.538139346e-01 -9.990461861e+02 -9.990461861e+02 +3.3186e+00 -2.8365e+00
269 +2.672690705e-01 +2.672690705e-01 -9.997327309e+02 -9.997327309e+02 -3.0017e+00 -4.3858e+00
642 +1.902800280e-01 +1.902800280e-01 -9.998097200e+02 -9.998097200e+02 -3.1484e+00 -4.3697e+00
722 +1.176191813e-01 +1.176191813e-01 -9.998823808e+02 -9.998823808e+02 -3.0693e+00 -4.3825e+00
779 +1.277634421e-02 +1.277634421e-02 -9.999872237e+02 -9.999872237e+02 -2.9730e+00 -4.4055e+00
986 +1.238547872e-02 +1.238547872e-02 -9.999876145e+02 -9.999876145e+02 -2.9933e+00 -4.4033e+00
1017 +8.183183002e-03 +8.183183002e-03 -9.999918168e+02 -9.999918168e+02 -2.9586e+00 -4.4101e+00
1021 +7.405421357e-03 +7.405421357e-03 -9.999925946e+02 -9.999925946e+02 -2.9663e+00 -4.4114e+00
1174 +5.634539378e-03 +5.634539378e-03 -9.999943655e+02 -9.999943655e+02 -2.9764e+00 -4.4052e+00
1220 +1.045651329e-04 +1.045651329e-04 -9.999998954e+02 -9.999998954e+02 -2.9866e+00 -4.4035e+00
1745 +8.695352085e-05 +8.695352085e-05 -9.999999130e+02 -9.999999130e+02 -2.9824e+00 -4.4047e+00
1766 +6.826180504e-05 +6.826180504e-05 -9.999999317e+02 -9.999999317e+02 -2.9866e+00 -4.4035e+00
1864 +2.349982742e-05 +2.349982742e-05 -9.999999765e+02 -9.999999765e+02 -2.9852e+00 -4.4041e+00
2291 +2.190036184e-05 +2.190036184e-05 -9.999999781e+02 -9.999999781e+02 -2.9840e+00 -4.4044e+00
2372 +1.432069439e-06 +1.432069439e-06 -9.999999986e+02 -9.999999986e+02 -2.9849e+00 -4.4041e+00
2607 +1.153309881e-06 +1.153309881e-06 -9.999999988e+02 -9.999999988e+02 -2.9844e+00 -4.4043e+00
2705 +6.462884130e-07 +6.462884130e-07 -9.999999994e+02 -9.999999994e+02 -2.9847e+00 -4.4041e+00
2795 +2.683653975e-07 +2.683653975e-07 -9.999999997e+02 -9.999999997e+02 -2.9846e+00 -4.4042e+00
3020 +2.487861366e-07 +2.487861366e-07 -9.999999998e+02 -9.999999998e+02 -2.9848e+00 -4.4041e+00
3069 +1.909237426e-07 +1.909237426e-07 -9.999999998e+02 -9.999999998e+02 -2.9847e+00 -4.4042e+00
3112 +1.820850457e-07 +1.820850457e-07 -9.999999998e+02 -9.999999998e+02 -2.9848e+00 -4.4041e+00
3115 +8.120127859e-08 +8.120127859e-08 -9.999999999e+02 -9.999999999e+02 -2.9846e+00 -4.4042e+00
3151 +7.319022188e-08 +7.319022188e-08 -9.999999999e+02 -9.999999999e+02 -2.9846e+00 -4.4042e+00
3170 +7.227424703e-08 +7.227424703e-08 -9.999999999e+02 -9.999999999e+02 -2.9847e+00 -4.4041e+00
3202 +6.713867151e-08 +6.713867151e-08 -9.999999999e+02 -9.999999999e+02 -2.9848e+00 -4.4041e+00
3257 +1.034777597e-08 +1.034777597e-08 -1.000000000e+03 -1.000000000e+03 -2.9847e+00 -4.4041e+00
3572 +7.644189282e-09 +7.644189282e-09 -1.000000000e+03 -1.000000000e+03 -2.9847e+00 -4.4042e+00
3885 +0.000000000e+00 +0.000000000e+00 -1.000000000e+03 -1.000000000e+03 -2.9847e+00 -4.4042e+00
% function evaluation | noise-free fitness - Fopt (-1.388000000000e+01) | best noise-free fitness - Fopt | measured fitness | best measured fitness | x1 | x2...
1 +8.372143730e+01 +8.372143730e+01 +6.984143730e+01 +6.984143730e+01 +0.0000e+00 +0.0000e+00
3 +4.591212375e+01 +4.591212375e+01 +3.203212375e+01 +3.203212375e+01 +5.2184e-01 +8.8408e-01
8 +2.347016449e+01 +2.347016449e+01 +9.590164492e+00 +9.590164492e+00 -1.2140e-01 -5.6055e-01
26 +1.454839404e+01 +1.454839404e+01 +6.683940417e-01 +6.683940417e-01 +1.1597e+00 +3.2519e+00
28 +6.802210855e+00 +6.802210855e+00 -7.077789145e+00 -7.077789145e+00 -1.2579e+00 -1.3419e+00
76 +4.321719572e-01 +4.321719572e-01 -1.344782804e+01 -1.344782804e+01 +7.0092e-01 -2.9566e+00
308 +3.610975263e-01 +3.610975263e-01 -1.351890247e+01 -1.351890247e+01 +3.6219e+00 -5.4128e-02
% function evaluation | noise-free fitness - Fopt (-1.240400000000e+02) | best noise-free fitness - Fopt | measured fitness | best measured fitness | x1 | x2...
1 +5.457307114e+01 +5.457307114e+01 -6.946692886e+01 -6.946692886e+01 +0.0000e+00 +0.0000e+00
6 +2.523862575e+01 +2.523862575e+01 -9.880137425e+01 -9.880137425e+01 +1.6231e+00 -1.4045e+00
9 +1.770187224e+01 +1.770187224e+01 -1.063381278e+02 -1.063381278e+02 +2.8507e+00 -2.2158e+00
15 +7.268889382e-02 +7.268889382e-02 -1.239673111e+02 -1.239673111e+02 +3.1460e+00 -1.1027e+00
848 +4.734388847e-02 +4.734388847e-02 -1.239926561e+02 -1.239926561e+02 -4.0660e+00 -4.5914e+00
945 +2.690041085e-03 +2.690041085e-03 -1.240373100e+02 -1.240373100e+02 -4.1891e+00 -4.5130e+00
1274 +1.198814785e-03 +1.198814785e-03 -1.240388012e+02 -1.240388012e+02 -4.1826e+00 -4.5184e+00
1312 +5.653125180e-04 +5.653125180e-04 -1.240394347e+02 -1.240394347e+02 -4.2075e+00 -4.5064e+00
1441 +9.498357272e-05 +9.498357272e-05 -1.240399050e+02 -1.240399050e+02 -4.1985e+00 -4.5107e+00
1500 +5.264295457e-05 +5.264295457e-05 -1.240399474e+02 -1.240399474e+02 -4.1914e+00 -4.5142e+00
1759 +2.284966220e-05 +2.284966220e-05 -1.240399772e+02 -1.240399772e+02 -4.1944e+00 -4.5128e+00
1853 +6.745157066e-06 +6.745157066e-06 -1.240399933e+02 -1.240399933e+02 -4.1948e+00 -4.5127e+00
1938 +1.169341758e-06 +1.169341758e-06 -1.240399988e+02 -1.240399988e+02 -4.1946e+00 -4.5125e+00
2271 +1.272207726e-07 +1.272207726e-07 -1.240399999e+02 -1.240399999e+02 -4.1945e+00 -4.5127e+00
2571 +1.248605912e-07 +1.248605912e-07 -1.240399999e+02 -1.240399999e+02 -4.1946e+00 -4.5126e+00
2646 +1.180159757e-07 +1.180159757e-07 -1.240399999e+02 -1.240399999e+02 -4.1945e+00 -4.5127e+00
2659 +5.669421910e-08 +5.669421910e-08 -1.240399999e+02 -1.240399999e+02 -4.1946e+00 -4.5126e+00
2753 +3.145497374e-08 +3.145497374e-08 -1.240400000e+02 -1.240400000e+02 -4.1947e+00 -4.5126e+00
2806 +2.679134070e-08 +2.679134070e-08 -1.240400000e+02 -1.240400000e+02 -4.1947e+00 -4.5126e+00
2823 +5.735543596e-09 +5.735543596e-09 -1.240400000e+02 -1.240400000e+02 -4.1947e+00 -4.5126e+00
3598 +0.000000000e+00 +0.000000000e+00 -1.240400000e+02 -1.240400000e+02 -4.1946e+00 -4.5126e+00
