% function evaluation | noise-free fitness - Fopt (-4.620900000000e+02) | best noise-free fitness - Fopt | measured fitness | best measured fitness | x1 | x2...
1 +1.181909657e+02 +1.181909657e+02 -3.438990343e+02 -3.438990343e+02 +0.0000e+00 +0.0000e+00 +0.0000e+00 +0.0000e+00 +0.0000e+00
5 +1.015070270e+02 +1.015070270e+02 -3.605829730e+02 -3.605829730e+02 +1.9645e+00 -6.6402e-01 -8.6830e-01 +3.9653e-01 +2.0705e+00
7 +6.693860050e+01 +6.693860050e+01 -3.951513995e+02 -3.951513995e+02 +7.0060e-01 -1.3991e+00 +4.6297e-01 +1.1434e+00 +2.2492e+00
24 +6.517540148e+01 +6.517540148e+01 -3.969145985e+02 -3.969145985e+02 +1.2227e+00 +4.8008e-01 +6.4521e-01 -2.0021e-01 +2.0905e+00
34 +6.030988190e+01 +6.030988190e+01 -4.017801181e+02 -4.017801181e+02 +7.5970e-01 +1.5470e-01 +1.9986e+00 +1.8528e+00 +1.6088e+00
82 +4.812672049e+01 +4.812672049e+01 -4.139632795e+02 -4.139632795e+02 +1.3599e+00 +1.5529e+00 +2.4951e+00 +1.2368e+00 +1.6516e+00
117 +4.379679233e+01 +4.379679233e+01 -4.182932077e+02 -4.182932077e+02 +1.1763e+00 -3.9598e-02 +1.1346e+00 +1.2282e+00 +1.5414e+00
239 +3.936161291e+01 +3.936161291e+01 -4.227283871e+02 -4.227283871e+02 -7.1057e-01 +1.4911e+00 +1.9478e+00 -1.1089e-01 +1.9662e+00
317 +2.729451412e+01 +2.729451412e+01 -4.347954859e+02 -4.347954859e+02 +5.5695e-02 +3.0312e+00 +1.7074e+00 +3.2684e-01 +1.6666e+00
527 +1.568601091e+01 +1.568601091e+01 -4.464039891e+02 -4.464039891e+02 -7.7847e-01 +2.3133e+00 +2.2052e+00 +7.2871e-01 +2.0345e+00
1205 +1.489089423e+01 +1.489089423e+01 -4.471991058e+02 -4.471991058e+02 +1.4380e+00 +3.1065e+00 +1.6255e+00 +3.6168e-01 +2.0368e+00
2747 +6.235629225e+00 +6.235629225e+00 -4.558543708e+02 -4.558543708e+02 +1.3253e+00 +2.3395e+00 +1.6937e+00 +1.1660e+00 +1.9902e+00
3728 +5.942981962e+00 +5.942981962e+00 -4.561470180e+02 -4.561470180e+02 +2.2894e+00 +3.0129e+00 +1.5611e+00 +7.1030e-01 +1.9765e+00
3884 +5.751896244e+00 +5.751896244e+00 -4.563381038e+02 -4.563381038e+02 +2.2746e+00 +3.1014e+00 +1.5911e+00 +1.1888e+00 +1.9809e+00
3940 +5.560450444e+00 +5.560450444e+00 -4.565295496e+02 -4.565295496e+02 +2.3172e+00 +3.0451e+00 +1.6600e+00 +7.6299e-01 +1.9765e+00
3948 +5.284228949e+00 +5.284228949e+00 -4.568057711e+02 -4.568057711e+02 +2.2921e+00 +3.0129e+00 +1.6795e+00 +7.2944e-01 +1.9814e+00
4403 +5.213077864e+00 +5.213077864e+00 -4.568769221e+02 -4.568769221e+02 +2.3049e+00 +3.0129e+00 +1.6003e+00 +7.0764e-01 +1.9716e+00
4634 +4.874154062e+00 +4.874154062e+00 -4.572158459e+02 -4.572158459e+02 +2.3235e+00 +3.1182e+00 +1.5781e+00 +3.0230e-01 +1.9888e+00
4644 +4.104931132e+00 +4.104931132e+00 -4.579850689e+02 -4.579850689e+02 +2.3286e+00 +3.1178e+00 +1.6317e+00 +3.1506e-01 +1.9887e+00
4683 +3.811520058e+00 +3.811520058e+00 -4.582784799e+02 -4.582784799e+02 +2.3050e+00 +3.0708e+00 +1.6133e+00 +7.2123e-01 +1.9797e+00
% function evaluation | noise-free fitness - Fopt (7.766000000000e+01) | best noise-free fitness - Fopt | measured fitness | best measured fitness | x1 | x2...
1 +1.918840342e+02 +1.918840342e+02 +2.695440342e+02 +2.695440342e+02 +0.0000e+00 +0.0000e+00 +0.0000e+00 +0.0000e+00 +0.0000e+00
15 +7.333801781e+01 +7.333801781e+01 +1.509980178e+02 +1.509980178e+02 +4.5477e-01 +8.3454e-02 +5.8651e-01 +1.6864e+00 +6.4599e-01
35 +5.351476612e+01 +5.351476612e+01 +1.311747661e+02 +1.311747661e+02 +2.2282e+00 -1.7540e+00 +8.6047e-01 +3.0206e+00 +1.9417e+00
44 +4.648690657e+01 +4.648690657e+01 +1.241469066e+02 +1.241469066e+02 +2.2026e+00 -1.6994e+00 +6.2901e-02 +3.4162e+00 +2.2242e+00
117 +4.052798365e+01 +4.052798365e+01 +1.181879837e+02 +1.181879837e+02 +2.7046e-01 -1.3135e-01 +7.6593e-01 +1.7149e+00 +1.8525e+00
158 +3.572296512e+01 +3.572296512e+01 +1.133829651e+02 +1.133829651e+02 -7.0060e-01 -1.0024e+00 +2.0159e-01 +3.2633e+00 +1.4795e+00
267 +3.493578184e+01 +3.493578184e+01 +1.125957818e+02 +1.125957818e+02 +3.7682e-01 -1.5592e+00 +1.5045e+00 +2.4630e+00 +2.1448e+00
416 +2.439156934e+01 +2.439156934e+01 +1.020515693e+02 +1.020515693e+02 +2.4098e+00 -8.8253e-01 +7.4102e-01 +4.2333e+00 +2.2562e+00
1197 +2.013504927e+01 +2.013504927e+01 +9.779504927e+01 +9.779504927e+01 +1.2877e+00 -4.3525e-02 +6.3514e-01 +3.8341e+00 +2.1510e+00
1362 +1.656733343e+01 +1.656733343e+01 +9.422733343e+01 +9.422733343e+01 +2.2720e+00 -1.2505e-01 +6.4958e-01 +4.1654e+00 +2.4387e+00
1864 +1.385404054e+01 +1.385404054e+01 +9.151404054e+01 +9.151404054e+01 +2.2796e+00 -2.0592e-01 +8.1139e-01 +3.7361e+00 +2.4413e+00
1902 +1.130470376e+01 +1.130470376e+01 +8.896470376e+01 +8.896470376e+01 +2.3750e+00 -1.5819e-01 +6.4492e-01 +3.7615e+00 +2.1021e+00
2003 +1.085360073e+01 +1.085360073e+01 +8.851360073e+01 +8.851360073e+01 +2.4911e+00 -3.5321e-02 +7.3755e-01 +2.8702e+00 +1.7779e+00
% function evaluation | noise-free fitness - Fopt (1.156800000000e+02) | best noise-free fitness - Fopt | measured fitness | best measured fitness | x1 | x2...
1 +2.457187506e+02 +2.457187506e+02 +3.613987506e+02 +3.613987506e+02 +0.0000e+00 +0.0000e+00 +0.0000e+00 +0.0000e+00 +0.0000e+00
7 +1.293771474e+02 +1.293771474e+02 +2.450571474e+02 +2.450571474e+02 -9.9363e-01 +1.2294e+00 +1.1802e-01 +7.5416e-01 +1.3851e+00
23 +1.182541045e+02 +1.182541045e+02 +2.339341045e+02 +2.339341045e+02 -8.3296e-01 +7.1752e-01 -6.6446e-01 +1.7387e+00 +1.3470e+00
36 +9.098668400e+01 +9.098668400e+01 +2.066666840e+02 +2.066666840e+02 +5.6778e-01 +3.7992e-01 -2.0673e-01 -4.5929e-03 +2.9615e+00
39 +8.084135194e+01 +8.084135194e+01 +1.965213519e+02 +1.965213519e+02 -1.9609e+00 +4.6895e-01 -4.3495e-01 +1.2303e+00 +3.2272e+00
43 +7.435959267e+01 +7.435959267e+01 +1.900395927e+02 +1.900395927e+02 -3.7942e+00 -1.1533e-01 +9.5758e-02 +2.9902e+00 +3.6661e+00
74 +6.342827087e+01 +6.342827087e+01 +1.791082709e+02 +1.791082709e+02 +1.1022e-01 +3.6900e-02 +1.7329e-01 +1.6367e+00 +3.0157e+00
96 +4.463071625e+01 +4.463071625e+01 +1.603107162e+02 +1.603107162e+02 +2.2429e+00 -1.7765e+00 +1.7714e-01 +3.2138e+00 +2.6654e+00
157 +2.991474057e+01 +2.991474057e+01 +1.455947406e+02 +1.455947406e+02 +5.2043e-01 +4.7097e-01 -4.0700e-01 +2.1974e+00 +3.2463e+00
508 +2.650567126e+01 +2.650567126e+01 +1.421856713e+02 +1.421856713e+02 +1.9308e+00 +6.5429e-01 -2.3801e-01 +3.0945e+00 +2.9777e+00
816 +2.514322068e+01 +2.514322068e+01 +1.408232207e+02 +1.408232207e+02 +1.3044e+00 -2.7227e-01 -3.0753e-01 +2.6162e+00 +3.5110e+00
821 +1.757233060e+01 +1.757233060e+01 +1.332523306e+02 +1.332523306e+02 +1.0261e+00 -1.1572e-01 +2.5339e-01 +3.5193e+00 +3.5861e+00
1985 +1.552756514e+01 +1.552756514e+01 +1.312075651e+02 +1.312075651e+02 +1.1667e+00 -9.4070e-01 -2.8373e-01 +2.6228e+00 +2.9758e+00
2229 +1.301797847e+01 +1.301797847e+01 +1.286979785e+02 +1.286979785e+02 +2.2764e+00 -1.0295e+00 -3.4798e-01 +2.7436e+00 +2.9020e+00
2452 +1.200500778e+01 +1.200500778e+01 +1.276850078e+02 +1.276850078e+02 +1.1295e+00 -2.1788e-01 -2.6524e-01 +3.1533e+00 +3.5755e+00
2679 +8.425240690e+00 +8.425240690e+00 +1.241052407e+02 +1.241052407e+02 +2.1563e+00 -1.7136e-01 -3.9855e-01 +3.0429e+00 +3.5669e+00
3010 +5.993431670e+00 +5.993431670e+00 +1.216734317e+02 +1.216734317e+02 +2.1397e+00 -9.8025e-01 -3.8364e-01 +3.0715e+00 +2.9176e+00
4163 +5.625236319e+00 +5.625236319e+00 +1.213052363e+02 +1.213052363e+02 +2.1439e+00 -9.8028e-01 -3.4344e-01 +3.1023e+00 +2.9072e+00
4341 +5.265863737e+00 +5.265863737e+00 +1.209458637e+02 +1.209458637e+02 +2.1808e+00 -9.9833e-01 -3.3615e-01 +3.0924e+00 +2.9176e+00
4378 +5.123000894e+00 +5.123000894e+00 +1.208030009e+02 +1.208030009e+02 +2.1592e+00 -9.9100e-01 -3.5916e-01 +3.0832e+00 +2.9170e+00
5160 +4.999827852e+00 +4.999827852e+00 +1.206798279e+02 +1.206798279e+02 +2.1684e+00 -9.8482e-01 -3.5593e-01 +3.0887e+00 +2.9175e+00
% function evaluation | noise-free fitness - Fopt (-3.710000000000e+00) | best noise-free fitness - Fopt | measured fitness | best measured fitness | x1 | x2...
1 +2.580895641e+02 +2.580895641e+02 +2.543795641e+02 +2.543795641e+02 +0.0000e+00 +0.0000e+00 +0.0000e+00 +0.0000e+00 +0.0000e+00
4 +2.196689759e+02 +2.196689759e+02 +2.159589759e+02 +2.159589759e+02 -1.0443e+00 +4.4561e-01 -6.4191e-01 -1.6679e-01 +1.8379e+00
11 +1.478432571e+02 +1.478432571e+02 +1.441332571e+02 +1.441332571e+02 -1.3879e+00 +7.6771e-01 -1.0044e+00 +1.2734e+00 +1.7068e+00
42 +1.190694588e+02 +1.190694588e+02 +1.153594588e+02 +1.153594588e+02 +5.5535e-01 -6.0090e-02 -1.6993e+00 +2.2430e+00 +2.2185e+00
54 +1.095956571e+02 +1.095956571e+02 +1.058856571e+02 +1.058856571e+02 +1.1787e+00 -1.2357e+00 -8.1917e-01 +2.8178e+00 +2.1274e+00
72 +6.979773712e+01 +6.979773712e+01 +6.608773712e+01 +6.608773712e+01 +1.5857e-01 -2.2140e-01 +1.3247e+00 +3.0859e+00 +1.9016e+00
99 +4.939668422e+01 +4.939668422e+01 +4.568668422e+01 +4.568668422e+01 +1.0969e+00 -1.2527e-01 +6.8390e-01 +3.4947e+00 +1.6591e+00
121 +4.646756118e+01 +4.646756118e+01 +4.275756118e+01 +4.275756118e+01 +2.2530e+00 +4.3995e-01 +1.0977e+00 +3.8921e+00 +2.5429e+00
182 +2.601087248e+01 +2.601087248e+01 +2.230087248e+01 +2.230087248e+01 +1.0518e+00 -1.6299e+00 +6.5762e-01 +3.4405e+00 +2.4114e+00
562 +1.823939619e+01 +1.823939619e+01 +1.452939619e+01 +1.452939619e+01 +1.0312e+00 -6.8262e-01 +1.7354e+00 +4.7951e+00 +2.8645e+00
817 +1.297275461e+01 +1.297275461e+01 +9.262754613e+00 +9.262754613e+00 +3.0189e+00 -3.1698e+00 +1.2927e+00 +3.9023e+00 +2.8766e+00
2150 +9.384177506e+00 +9.384177506e+00 +5.674177506e+00 +5.674177506e+00 +2.1535e+00 -5.9408e-01 +1.1983e+00 +3.9031e+00 +2.8499e+00
2284 +8.755498793e+00 +8.755498793e+00 +5.045498793e+00 +5.045498793e+00 +2.1046e+00 -2.3869e+00 +1.1484e+00 +4.3207e+00 +2.8284e+00
3216 +7.722880206e+00 +7.722880206e+00 +4.012880206e+00 +4.012880206e+00 +2.0849e+00 -2.2809e+00 +1.2639e+00 +4.3804e+00 +2.8472e+00
3564 +6.761919666e+00 +6.761919666e+00 +3.051919666e+00 +3.051919666e+00 +2.1270e+00 -2.2723e+00 +1.2610e+00 +3.5135e+00 +3.1218e+00
3671 +6.005174633e+00 +6.005174633e+00 +2.295174633e+00 +2.295174633e+00 +2.1525e+00 -2.2795e+00 +1.1702e+00 +3.4489e+00 +3.1435e+00
3689 +5.150806262e+00 +5.150806262e+00 +1.440806262e+00 +1.440806262e+00 +2.1552e+00 -2.2242e+00 +1.1325e+00 +3.9261e+00 +3.1467e+00
4325 +4.541316440e+00 +4.541316440e+00 +8.313164396e-01 +8.313164396e-01 +2.0696e+00 -2.2661e+00 +1.1933e+00 +3.9414e+00 +3.1469e+00
4340 +4.234685678e+00 +4.234685678e+00 +5.246856776e-01 +5.246856776e-01 +2.0733e+00 -2.2636e+00 +1.2162e+00 +3.8857e+00 +3.1523e+00
4702 +3.395345414e+00 +3.395345414e+00 -3.146545857e-01 -3.146545857e-01 +2.1464e+00 -2.3115e+00 +1.1789e+00 +3.8802e+00 +3.1497e+00
4726 +2.799626484e+00 +2.799626484e+00 -9.103735164e-01 -9.103735164e-01 +2.1112e+00 -2.2868e+00 +1.1935e+00 +3.9057e+00 +3.1343e+00
4746 +2.529647656e+00 +2.529647656e+00 -1.180352344e+00 -1.180352344e+00 +2.1332e+00 -2.2975e+00 +1.1693e+00 +3.9230e+00 +3.1418e+00
4836 +2.447826364e+00 +2.447826364e+00 -1.262173636e+00 -1.262173636e+00 +2.1405e+00 -2.2748e+00 +1.2066e+00 +3.9007e+00 +3.1529e+00
5051 +2.362457677e+00 +2.362457677e+00 -1.347542323e+00 -1.347542323e+00 +2.1129e+00 -2.2783e+00 +1.2116e+00 +3.9074e+00 +3.1481e+00
5089 +2.120710690e+00 +2.120710690e+00 -1.589289310e+00 -1.589289310e+00 +2.1098e+00 -2.2974e+00 +1.1912e+00 +3.9036e+00 +3.1519e+00
5100 +1.996716971e+00 +1.996716971e+00 -1.713283029e+00 -1.713283029e+00 +2.1216e+00 -2.2980e+00 +1.1863e+00 +3.9098e+00 +3.1518e+00
6524 +1.993299979e+00 +1.993299979e+00 -1.716700021e+00 -1.716700021e+00 +2.1229e+00 -2.2957e+00 +1.1866e+00 +3.9105e+00 +3.1516e+00
% function evaluation | noise-free fitness - Fopt (1.321800000000e+02) | best noise-free fitness - Fopt | measured fitness | best measured fitness | x1 | x2...
1 +1.867275087e+02 +1.867275087e+02 +3.189075087e+02 +3.189075087e+02 +0.0000e+00 +0.0000e+00 +0.0000e+00 +0.0000e+00 +0.0000e+00
2 +1.428455751e+02 +1.428455751e+02 +2.750255751e+02 +2.750255751e+02 +2.1834e+00 +1.3954e-01 +2.3703e+00 +1.6067e+00 +7.1949e-01
13 +1.245446907e+02 +1.245446907e+02 +2.567246907e+02 +2.567246907e+02 +1.9516e+00 -1.7535e+00 +2.7637e+00 +4.0669e-01 +2.8203e-01
16 +1.089102619e+02 +1.089102619e+02 +2.410902619e+02 +2.410902619e+02 -3.6936e-01 -1.4084e-01 +2.9937e+00 -6.8243e-01 +1.1684e+00
28 +5.231983991e+01 +5.231983991e+01 +1.844998399e+02 +1.844998399e+02 -1.2631e+00 -8.7280e-01 +2.8632e+00 -1.0629e+00 +1.7335e+00
77 +4.973401380e+01 +4.973401380e+01 +1.819140138e+02 +1.819140138e+02 +3.8257e+00 +7.2922e-01 +2.9989e+00 -2.4707e+00 +1.3217e+00
104 +4.283005248e+01 +4.283005248e+01 +1.750100525e+02 +1.750100525e+02 +7.3324e-01 +2.2363e+00 +2.9035e+00 -1.3598e+00 +1.8752e+00
122 +4.117647198e+01 +4.117647198e+01 +1.733564720e+02 +1.733564720e+02 +1.9366e+00 +2.4655e+00 +2.8237e+00 -1.5760e+00 +1.2985e+00
360 +3.610568580e+01 +3.610568580e+01 +1.682856858e+02 +1.682856858e+02 +1.5290e+00 +7.1088e-01 +2.8480e+00 -2.5599e+00 +1.7705e+00
533 +3.353753091e+01 +3.353753091e+01 +1.657175309e+02 +1.657175309e+02 +1.6887e+00 +3.0225e+00 +2.3552e+00 -2.8286e+00 +2.2764e+00
553 +2.789405547e+01 +2.789405547e+01 +1.600740555e+02 +1.600740555e+02 +1.7618e+00 +2.7240e+00 +2.9540e+00 -2.3548e+00 +1.5183e+00
626 +1.420407147e+01 +1.420407147e+01 +1.463840715e+02 +1.463840715e+02 +1.9402e+00 +1.4240e+00 +2.9523e+00 -2.4268e+00 +2.1770e+00
2540 +9.054065404e+00 +9.054065404e+00 +1.412340654e+02 +1.412340654e+02 +1.7949e+00 +2.3425e+00 +2.9228e+00 -1.9841e+00 +2.1712e+00
2954 +8.765977269e+00 +8.765977269e+00 +1.409459773e+02 +1.409459773e+02 +1.8238e+00 +1.4530e+00 +2.9537e+00 -1.9496e+00 +2.1768e+00
3269 +7.989223384e+00 +7.989223384e+00 +1.401692234e+02 +1.401692234e+02 +1.8266e+00 +1.4678e+00 +2.9304e+00 -1.9415e+00 +2.1797e+00
3277 +7.375680376e+00 +7.375680376e+00 +1.395556804e+02 +1.395556804e+02 +1.8266e+00 +1.5389e+00 +2.8551e+00 -1.9663e+00 +2.1756e+00
3386 +6.764244655e+00 +6.764244655e+00 +1.389442447e+02 +1.389442447e+02 +1.7372e+00 +1.4993e+00 +2.8866e+00 -1.9604e+00 +2.1860e+00
3796 +6.422316468e+00 +6.422316468e+00 +1.386023165e+02 +1.386023165e+02 +1.8273e+00 +1.4537e+00 +2.8823e+00 -1.9626e+00 +2.1790e+00
3969 +6.200463013e+00 +6.200463013e+00 +1.383804630e+02 +1.383804630e+02 +1.8148e+00 +1.4799e+00 +2.8774e+00 -1.9780e+00 +2.1799e+00
4230 +6.059230858e+00 +6.059230858e+00 +1.382392309e+02 +1.382392309e+02 +1.8114e+00 +1.4937e+00 +2.8666e+00 -1.9600e+00 +2.1842e+00
4536 +6.023965408e+00 +6.023965408e+00 +1.382039654e+02 +1.382039654e+02 +1.8136e+00 +1.4906e+00 +2.8716e+00 -1.9656e+00 +2.1845e+00
% function evaluation | noise-free fitness - Fopt (6.438000000000e+01) | best noise-free fitness - Fopt | measured fitness | best measured fitness | x1 | x2...
1 +3.005416784e+02 +3.005416784e+02 +3.649216784e+02 +3.649216784e+02 +0.0000e+00 +0.0000e+00 +0.0000e+00 +0.0000e+00 +0.0000e+00
2 +2.755724793e+02 +2.755724793e+02 +3.399524793e+02 +3.399524793e+02 -2.2545e-01 -1.5816e+00 +6.4351e-01 +1.0999e+00 +1.3807e+00
3 +1.741588289e+02 +1.741588289e+02 +2.385388289e+02 +2.385388289e+02 -2.9179e-01 -2.8798e+00 -5.2835e-02 -1.2197e+00 +3.2121e+00
12 +1.453976981e+02 +1.453976981e+02 +2.097776981e+02 +2.097776981e+02 -7.6468e-01 -3.2736e+00 +6.1529e-01 -2.4569e+00 +2.6648e+00
16 +1.405057805e+02 +1.405057805e+02 +2.048857805e+02 +2.048857805e+02 -1.3144e+00 -1.6220e+00 +9.2966e-01 -3.6332e+00 +2.8229e+00
28 +7.737155533e+01 +7.737155533e+01 +1.417515553e+02 +1.417515553e+02 -8.5498e-01 -3.4807e-01 +6.3310e-01 -4.1338e+00 +3.0599e+00
55 +6.466756450e+01 +6.466756450e+01 +1.290475645e+02 +1.290475645e+02 +1.6256e+00 +7.5270e-01 +7.5746e-01 -4.1733e+00 +3.0033e+00
86 +5.780179241e+01 +5.780179241e+01 +1.221817924e+02 +1.221817924e+02 +3.6491e-01 +4.0082e+00 +1.2619e+00 -4.6016e+00 +2.7574e+00
202 +2.880659352e+01 +2.880659352e+01 +9.318659352e+01 +9.318659352e+01 +1.9875e+00 +4.7300e+00 +7.7936e-01 -2.7874e+00 +3.0195e+00
344 +2.722485121e+01 +2.722485121e+01 +9.160485121e+01 +9.160485121e+01 +1.2718e+00 +3.9225e+00 +2.1616e+00 -3.2803e+00 +3.6812e+00
424 +2.365971299e+01 +2.365971299e+01 +8.803971299e+01 +8.803971299e+01 +2.0272e+00 +3.4339e+00 +2.1974e+00 -4.0394e+00 +3.3355e+00
469 +1.781110694e+01 +1.781110694e+01 +8.219110694e+01 +8.219110694e+01 +2.1338e+00 +3.2594e+00 +1.7965e+00 -3.5736e+00 +3.6129e+00
1480 +1.492284015e+01 +1.492284015e+01 +7.930284015e+01 +7.930284015e+01 +2.1134e+00 +2.5130e+00 +1.2520e+00 -3.2902e+00 +3.6722e+00
2796 +1.451612092e+01 +1.451612092e+01 +7.889612092e+01 +7.889612092e+01 +1.2349e+00 +3.3272e+00 +1.8382e+00 -3.1862e+00 +3.3789e+00
3121 +8.606757715e+00 +8.606757715e+00 +7.298675772e+01 +7.298675772e+01 +3.0061e+00 +4.6862e+00 +1.6904e+00 -4.0365e+00 +3.6786e+00
4113 +8.066399292e+00 +8.066399292e+00 +7.244639929e+01 +7.244639929e+01 +3.0356e+00 +4.8291e+00 +1.6597e+00 -4.0708e+00 +3.6742e+00
4283 +6.947938498e+00 +6.947938498e+00 +7.132793850e+01 +7.132793850e+01 +2.9886e+00 +4.1104e+00 +1.7223e+00 -4.0291e+00 +3.6472e+00
4318 +6.187750792e+00 +6.187750792e+00 +7.056775079e+01 +7.056775079e+01 +2.9616e+00 +4.0696e+00 +1.6775e+00 -4.0169e+00 +3.6756e+00
4322 +5.366051699e+00 +5.366051699e+00 +6.974605170e+01 +6.974605170e+01 +2.9951e+00 +4.0738e+00 +1.6597e+00 -4.0323e+00 +3.6748e+00
4344 +5.133134299e+00 +5.133134299e+00 +6.951313430e+01 +6.951313430e+01 +3.0394e+00 +4.1269e+00 +1.7837e+00 -4.0504e+00 +3.6651e+00
4406 +4.680818482e+00 +4.680818482e+00 +6.906081848e+01 +6.906081848e+01 +3.0374e+00 +4.1134e+00 +1.7194e+00 -4.0592e+00 +3.6555e+00
4649 +4.220266178e+00 +4.220266178e+00 +6.860026618e+01 +6.860026618e+01 +2.9972e+00 +4.0491e+00 +1.7530e+00 -4.0675e+00 +3.6714e+00
4684 +3.728783195e+00 +3.728783195e+00 +6.810878320e+01 +6.810878320e+01 +3.0217e+00 +4.0727e+00 +1.7526e+00 -4.0340e+00 +3.6771e+00
4934 +3.450743071e+00 +3.450743071e+00 +6.783074307e+01 +6.783074307e+01 +3.0203e+00 +4.1099e+00 +1.7485e+00 -4.0578e+00 +3.6797e+00
4996 +3.207691359e+00 +3.207691359e+00 +6.758769136e+01 +6.758769136e+01 +3.0389e+00 +4.0876e+00 +1.7071e+00 -4.0635e+00 +3.6827e+00
5200 +3.141837372e+00 +3.141837372e+00 +6.752183737e+01 +6.752183737e+01 +3.0285e+00 +4.0880e+00 +1.7362e+00 -4.0464e+00 +3.6781e+00
5248 +3.074846894e+00 +3.074846894e+00 +6.745484689e+01 +6.745484689e+01 +3.0408e+00 +4.0757e+00 +1.7264e+00 -4.0499e+00 +3.6773e+00
6044 +3.008569976e+00 +3.008569976e+00 +6.738856998e+01 +6.738856998e+01 +3.0393e+00 +4.0777e+00 +1.7290e+00 -4.0556e+00 +3.6818e+00
% function evaluation | noise-free fitness - Fopt (2.824800000000e+02) | best noise-free fitness - Fopt | measured fitness | best measured fitness | x1 | x2...
1 +1.960923970e+02 +1.960923970e+02 +4.785723970e+02 +4.785723970e+02 +0.0000e+00 +0.0000e+00 +0.0000e+00 +0.0000e+00 +0.0000e+00
13 +1.933145417e+02 +1.933145417e+02 +4.757945417e+02 +4.757945417e+02 +6.7229e-01 -2.6518e-02 -9.9963e-01 -8.5424e-02 +4.8893e-02
28 +1.820346001e+02 +1.820346001e+02 +4.645146001e+02 +4.645146001e+02 +2.5906e-01 +1.5113e+00 -6.4967e-01 -6.1932e-01 +1.0469e+00
29 +1.817439563e+02 +1.817439563e+02 +4.642239563e+02 +4.642239563e+02 +7.1360e-01 +9.0505e-02 +1.8655e+00 -8.4433e-01 +1.1707e+00
32 +1.143787489e+02 +1.143787489e+02 +3.968587489e+02 +3.968587489e+02 -3.3928e-02 -1.0895e+00 +6.1418e-01 +4.3925e-01 +9.5039e-01
47 +8.006183118e+01 +8.006183118e+01 +3.625418312e+02 +3.625418312e+02 -1.6706e+00 -1.6530e+00 +1.2266e+00 +9.6283e-01 +1.5193e+00
60 +6.563364525e+01 +6.563364525e+01 +3.481136453e+02 +3.481136453e+02 +1.5145e+00 -1.2807e+00 +1.3369e+00 +2.0690e+00 +1.9759e+00
73 +6.415381495e+01 +6.415381495e+01 +3.466338149e+02 +3.466338149e+02 +1.3274e+00 +4.2450e-01 +7.2562e-01 +2.2754e+00 +2.2510e+00
84 +5.980036791e+01 +5.980036791e+01 +3.422803679e+02 +3.422803679e+02 +5.8613e-01 -2.5103e-01 +8.2962e-01 +1.9262e+00 +3.0374e+00
171 +2.056311508e+01 +2.056311508e+01 +3.030431151e+02 +3.030431151e+02 +6.7332e-01 -2.4892e+00 +1.8452e+00 +1.1924e+00 +3.2015e+00
508 +7.541956916e+00 +7.541956916e+00 +2.900219569e+02 +2.900219569e+02 +1.6082e+00 -4.1035e+00 +1.7089e+00 +1.9863e+00 +3.2109e+00
1964 +3.868628591e+00 +3.868628591e+00 +2.863486286e+02 +2.863486286e+02 +5.8109e-01 -4.1554e+00 +1.7772e+00 +1.5347e+00 +3.2249e+00
% function evaluation | noise-free fitness - Fopt (4.826100000000e+02) | best noise-free fitness - Fopt | measured fitness | best measured fitness | x1 | x2...
1 +1.430388634e+02 +1.430388634e+02 +6.256488634e+02 +6.256488634e+02 +0.0000e+00 +0.0000e+00 +0.0000e+00 +0.0000e+00 +0.0000e+00
8 +1.390317338e+02 +1.390317338e+02 +6.216417338e+02 +6.216417338e+02 -5.8889e-01 +4.5310e-01 -1.4529e+00 -4.8420e-01 +2.7393e-01
9 +7.054965242e+01 +7.054965242e+01 +5.531596524e+02 +5.531596524e+02 +5.5602e-01 +1.5824e+00 +4.2940e-01 -1.0389e+00 +5.8405e-01
55 +6.590895623e+01 +6.590895623e+01 +5.485189562e+02 +5.485189562e+02 -2.3371e+00 +3.4405e+00 +1.3047e+00 -3.2719e+00 +5.4240e-02
107 +5.640021995e+01 +5.640021995e+01 +5.390102199e+02 +5.390102199e+02 -4.1505e+00 +3.8174e+00 +8.5416e-01 -3.3170e+00 +9.6443e-01
147 +4.067844561e+01 +4.067844561e+01 +5.232884456e+02 +5.232884456e+02 -3.2260e+00 +1.7078e+00 +8.0838e-01 -3.9483e+00 +1.2717e-01
225 +3.614142424e+01 +3.614142424e+01 +5.187514242e+02 +5.187514242e+02 -3.6088e-01 +1.8445e+00 +3.6783e-01 -3.8810e+00 +6.7878e-01
301 +2.024791476e+01 +2.024791476e+01 +5.028579148e+02 +5.028579148e+02 -9.1291e-01 +2.4447e+00 +1.5277e+00 -3.0524e+00 +9.5534e-01
1321 +1.655432939e+01 +1.655432939e+01 +4.991643294e+02 +4.991643294e+02 +8.7340e-01 +1.7282e+00 +9.2022e-01 -2.1463e+00 +5.6125e-01
1359 +6.325440147e+00 +6.325440147e+00 +4.889354401e+02 +4.889354401e+02 +7.3026e-01 +1.8035e+00 +1.4162e+00 -2.9987e+00 +1.2890e+00
% function evaluation | noise-free fitness - Fopt (7.177000000000e+01) | best noise-free fitness - Fopt | measured fitness | best measured fitness | x1 | x2...
1 +9.181556655e+01 +9.181556655e+01 +1.635855666e+02 +1.635855666e+02 +0.0000e+00 +0.0000e+00 +0.0000e+00 +0.0000e+00 +0.0000e+00
31 +7.750156630e+01 +7.750156630e+01 +1.492715663e+02 +1.492715663e+02 -8.1574e-01 -2.5683e+00 +8.8086e-01 +7.8940e-01 +1.2503e+00
110 +7.458674592e+01 +7.458674592e+01 +1.463567459e+02 +1.463567459e+02 -3.0420e+00 -3.4375e-02 +7.6451e-01 +4.7677e-01 +1.4570e+00
146 +6.996074045e+01 +6.996074045e+01 +1.417307404e+02 +1.417307404e+02 +7.1446e-01 -4.7580e-01 -2.7858e-02 +6.7564e-01 +8.0569e-01
152 +3.112852818e+01 +3.112852818e+01 +1.028985282e+02 +1.028985282e+02 +2.2734e+00 -2.3655e-01 +3.5307e-01 +8.3929e-01 +1.3731e+00
317 +3.084030418e+01 +3.084030418e+01 +1.026103042e+02 +1.026103042e+02 +1.4009e+00 -3.5008e-01 +1.3439e+00 +1.7082e+00 +1.0939e+00
402 +2.012943973e+01 +2.012943973e+01 +9.189943973e+01 +9.189943973e+01 +1.3376e+00 +1.7970e+00 +8.9170e-01 +4.0978e-01 +1.2062e+00
813 +1.125966476e+01 +1.125966476e+01 +8.302966476e+01 +8.302966476e+01 +1.4163e+00 +1.7842e+00 +1.4507e+00 +7.6504e-01 +1.1270e+00
% function evaluation | noise-free fitness - Fopt (8.448800000000e+02) | best noise-free fitness - Fopt | measured fitness | best measured fitness | x1 | x2...
1 +2.296446648e+02 +2.296446648e+02 +1.074524665e+03 +1.074524665e+03 +0.0000e+00 +0.0000e+00 +0.0000e+00 +0.0000e+00 +0.0000e+00
4 +2.009927692e+02 +2.009927692e+02 +1.045872769e+03 +1.045872769e+03 +7.0461e-01 +4.5381e-01 -7.9738e-01 -1.2692e-01 +1.0659e-01
10 +1.223736638e+02 +1.223736638e+02 +9.672536638e+02 +9.672536638e+02 +1.4963e+00 +1.6335e-01 +2.9010e+00 +2.8808e+00 +2.2466e+00
12 +1.174593561e+02 +1.174593561e+02 +9.623393561e+02 +9.623393561e+02 +1.4459e+00 +1.4449e+00 +3.1860e+00 +4.0598e+00 +3.1021e+00
25 +6.705021421e+01 +6.705021421e+01 +9.119302142e+02 +9.119302142e+02 +1.9215e+00 +1.9246e+00 +1.7352e+00 +1.4357e+00 +2.6396e+00
39 +5.881372710e+01 +5.881372710e+01 +9.036937271e+02 +9.036937271e+02 +1.1539e+00 +1.2382e+00 +1.5384e+00 +2.1175e+00 +2.7047e+00
42 +5.507941080e+01 +5.507941080e+01 +8.999594108e+02 +8.999594108e+02 +2.2857e+00 +2.1067e+00 +1.6910e+00 +1.4359e+00 +2.6691e+00
136 +5.165949234e+01 +5.165949234e+01 +8.965394923e+02 +8.965394923e+02 +2.7000e+00 -1.4220e-02 +3.1235e+00 -6.0923e-01 +3.0050e+00
142 +4.971884507e+01 +4.971884507e+01 +8.945988451e+02 +8.945988451e+02 +2.6472e+00 +4.7883e-01 +2.9939e+00 -7.9636e-01 +3.3151e+00
185 +3.292783303e+01 +3.292783303e+01 +8.778078330e+02 +8.778078330e+02 +2.1008e+00 -4.0833e-01 +2.1470e+00 -1.5934e-01 +2.6329e+00
228 +2.818192857e+01 +2.818192857e+01 +8.730619286e+02 +8.730619286e+02 +2.9856e+00 -1.9031e-01 +3.5506e+00 -5.2070e-01 +3.0175e+00
440 +2.667999386e+01 +2.667999386e+01 +8.715599939e+02 +8.715599939e+02 +2.8960e+00 +1.7828e+00 +3.5517e+00 -8.6191e-02 +3.4273e+00
450 +2.426717266e+01 +2.426717266e+01 +8.691471727e+02 +8.691471727e+02 +2.1463e+00 +1.0414e+00 +3.6372e+00 -6.8835e-02 +2.6324e+00
930 +1.257100156e+01 +1.257100156e+01 +8.574510016e+02 +8.574510016e+02 +1.2986e+00 +1.2480e+00 +3.5261e+00 +2.3056e-01 +3.0402e+00
2619 +1.171565085e+01 +1.171565085e+01 +8.565956508e+02 +8.565956508e+02 +3.0751e+00 +5.1443e-01 +2.9695e+00 +7.8257e-01 +3.0442e+00
2687 +7.692746092e+00 +7.692746092e+00 +8.525727461e+02 +8.525727461e+02 +3.0273e+00 +1.1882e+00 +2.9509e+00 +7.1077e-01 +3.3564e+00
3034 +5.749600217e+00 +5.749600217e+00 +8.506296002e+02 +8.506296002e+02 +3.1217e+00 +1.2675e+00 +3.0004e+00 +7.3953e-01 +3.0369e+00
3441 +5.419086075e+00 +5.419086075e+00 +8.502990861e+02 +8.502990861e+02 +3.1302e+00 -3.1232e-01 +2.9355e+00 +7.2727e-01 +3.0664e+00
3760 +5.076593667e+00 +5.076593667e+00 +8.499565937e+02 +8.499565937e+02 +3.1181e+00 +1.2514e+00 +2.9672e+00 +7.3275e-01 +3.0623e+00
4143 +4.190064958e+00 +4.190064958e+00 +8.490700650e+02 +8.490700650e+02 +3.1481e+00 +1.3314e+00 +3.0045e+00 +7.2766e-01 +3.0488e+00
4306 +4.137386250e+00 +4.137386250e+00 +8.490173862e+02 +8.490173862e+02 +3.1157e+00 +4.6562e-01 +2.9954e+00 +7.1283e-01 +3.0479e+00
5131 +4.056107415e+00 +4.056107415e+00 +8.489361074e+02 +8.489361074e+02 +3.1535e+00 +1.3162e+00 +2.9968e+00 +7.2169e-01 +3.0579e+00
6479 +3.980861222e+00 +3.980861222e+00 +8.488608612e+02 +8.488608612e+02 +3.1536e+00 +1.3224e+00 +2.9867e+00 +7.2381e-01 +3.0547e+00
% function evaluation | noise-free fitness - Fopt (-4.222000000000e+01) | best noise-free fitness - Fopt | measured fitness | best measured fitness | x1 | x2...
1 +1.518624990e+02 +1.518624990e+02 +1.096424990e+02 +1.096424990e+02 +0.0000e+00 +0.0000e+00 +0.0000e+00 +0.0000e+00 +0.0000e+00
2 +1.400142046e+02 +1.400142046e+02 +9.779420457e+01 +9.779420457e+01 -1.7709e+00 -2.8162e+00 +2.1147e+00 +1.6187e+00 +8.4372e-02
4 +1.196052093e+02 +1.196052093e+02 +7.738520932e+01 +7.738520932e+01 +1.9060e+00 -8.1377e-01 +1.3220e+00 +2.6497e-04 +1.9465e-01
5 +7.770676883e+01 +7.770676883e+01 +3.548676883e+01 +3.548676883e+01 -1.4010e+00 -8.7029e-01 -5.9345e-01 -3.0614e-01 +1.2238e+00
19 +6.221046682e+01 +6.221046682e+01 +1.999046682e+01 +1.999046682e+01 -6.8363e-01 -3.8520e+00 -2.8831e-01 -1.1585e+00 +2.2119e+00
30 +6.122876032e+01 +6.122876032e+01 +1.900876032e+01 +1.900876032e+01 -3.2680e-01 -2.2418e+00 +1.4195e+00 -2.4812e+00 +1.7785e+00
75 +3.853754837e+01 +3.853754837e+01 -3.682451633e+00 -3.682451633e+00 +5.3366e-01 -2.2849e+00 +1.4836e+00 -8.6699e-01 +1.9170e+00
253 +3.801490653e+01 +3.801490653e+01 -4.205093472e+00 -4.205093472e+00 +5.1996e-01 -2.5141e+00 +1.3589e+00 +7.3626e-01 +1.5241e+00
438 +3.266608410e+01 +3.266608410e+01 -9.553915899e+00 -9.553915899e+00 -5.7427e-01 -2.5288e+00 +1.9333e+00 -3.3760e-01 +1.5751e+00
552 +2.458762820e+01 +2.458762820e+01 -1.763237180e+01 -1.763237180e+01 -1.3782e+00 -2.3536e+00 +1.3608e+00 -2.6793e-01 +1.8153e+00
568 +2.077419032e+01 +2.077419032e+01 -2.144580968e+01 -2.144580968e+01 -5.7386e-01 -3.0602e+00 +2.0110e+00 +6.2194e-01 +1.9104e+00
1672 +1.409424017e+01 +1.409424017e+01 -2.812575983e+01 -2.812575983e+01 -4.6364e-01 -3.3140e+00 +1.3554e+00 +5.0802e-01 +2.1714e+00
2121 +1.378943410e+01 +1.378943410e+01 -2.843056590e+01 -2.843056590e+01 +1.5616e+00 -3.1535e+00 +1.4277e+00 -6.9487e-01 +2.1328e+00
2897 +1.298091628e+01 +1.298091628e+01 -2.923908372e+01 -2.923908372e+01 +1.4254e+00 -4.6456e+00 +1.3818e+00 +9.4520e-02 +2.1623e+00
3059 +9.796263788e+00 +9.796263788e+00 -3.242373621e+01 -3.242373621e+01 +1.5548e+00 -3.9493e+00 +1.3496e+00 +1.8482e-01 +1.4961e+00
3371 +8.946859605e+00 +8.946859605e+00 -3.327314039e+01 -3.327314039e+01 +1.5793e+00 -3.8969e+00 +1.3521e+00 +4.8914e-01 +2.1675e+00
3625 +7.793856269e+00 +7.793856269e+00 -3.442614373e+01 -3.442614373e+01 +1.5249e+00 -2.4840e+00 +1.3810e+00 +1.5007e-01 +2.1629e+00
% function evaluation | noise-free fitness - Fopt (-9.179000000000e+01) | best noise-free fitness - Fopt | measured fitness | best measured fitness | x1 | x2...
1 +2.475668759e+02 +2.475668759e+02 +1.557768759e+02 +1.557768759e+02 +0.0000e+00 +0.0000e+00 +0.0000e+00 +0.0000e+00 +0.0000e+00
6 +1.924052435e+02 +1.924052435e+02 +1.006152435e+02 +1.006152435e+02 +3.7658e-01 -4.1364e-01 -4.6275e-01 -7.0823e-02 +1.6508e+00
17 +1.633898974e+02 +1.633898974e+02 +7.159989737e+01 +7.159989737e+01 -4.1509e-01 -3.7756e-01 +7.7132e-02 -4.7558e-01 +1.6678e+00
20 +1.531908026e+02 +1.531908026e+02 +6.140080262e+01 +6.140080262e+01 -5.5749e-02 -6.8678e-01 +2.5547e-01 -2.6949e+00 +4.1591e+00
23 +6.583657764e+01 +6.583657764e+01 -2.595342236e+01 -2.595342236e+01 -3.1621e-02 -2.3955e-01 +1.6428e+00 -2.9035e+00 +3.7738e+00
38 +3.722437500e+01 +3.722437500e+01 -5.456562500e+01 -5.456562500e+01 -9.4775e-01 -1.1547e+00 +3.0049e+00 -1.9620e+00 +3.8927e+00
325 +3.706226833e+01 +3.706226833e+01 -5.472773167e+01 -5.472773167e+01 -4.8847e-01 +6.9668e-01 +2.7812e+00 -2.0878e+00 +3.9130e+00
435 +2.691836126e+01 +2.691836126e+01 -6.487163874e+01 -6.487163874e+01 -9.3784e-01 +1.0536e+00 +2.9394e+00 -2.1090e+00 +3.9483e+00
454 +2.620587843e+01 +2.620587843e+01 -6.558412157e+01 -6.558412157e+01 -1.0847e-01 +1.2359e+00 +2.9893e+00 -1.9948e+00 +3.0055e+00
854 +2.151081087e+01 +2.151081087e+01 -7.027918913e+01 -7.027918913e+01 +3.7786e-03 +3.0806e+00 +2.7383e+00 -2.4571e+00 +3.8896e+00
858 +2.096027694e+01 +2.096027694e+01 -7.082972306e+01 -7.082972306e+01 -9.9784e-01 +2.7665e+00 +2.9121e+00 -1.9451e+00 +3.9086e+00
867 +1.984987150e+01 +1.984987150e+01 -7.194012850e+01 -7.194012850e+01 -1.1962e-02 +2.5578e+00 +2.3599e+00 -2.4843e+00 +3.6209e+00
887 +1.716937688e+01 +1.716937688e+01 -7.462062312e+01 -7.462062312e+01 -1.0981e+00 +2.7049e+00 +2.8758e+00 -2.0149e+00 +3.9502e+00
% function evaluation | noise-free fitness - Fopt (-1.277000000000e+01) | best noise-free fitness - Fopt | measured fitness | best measured fitness | x1 | x2...
1 +1.267747535e+02 +1.267747535e+02 +1.140047535e+02 +1.140047535e+02 +0.0000e+00 +0.0000e+00 +0.0000e+00 +0.0000e+00 +0.0000e+00
15 +1.221387030e+02 +1.221387030e+02 +1.093687030e+02 +1.093687030e+02 -5.1858e-01 -6.8500e-01 +8.9553e-01 +1.4230e+00 +9.2060e-02
21 +1.003471457e+02 +1.003471457e+02 +8.757714568e+01 +8.757714568e+01 -1.2058e+00 +9.1747e-01 +1.4238e+00 +2.0328e+00 +7.9163e-01
24 +8.592525002e+01 +8.592525002e+01 +7.315525002e+01 +7.315525002e+01 +1.2916e-01 +1.5977e+00 +1.9569e+00 +5.0445e-01 +1.1319e+00
27 +6.333626136e+01 +6.333626136e+01 +5.056626136e+01 +5.056626136e+01 -1.2619e+00 +2.0573e+00 +2.1166e+00 +2.0631e+00 +1.6779e+00
50 +5.967256987e+01 +5.967256987e+01 +4.690256987e+01 +4.690256987e+01 +2.0570e+00 +3.5258e+00 +1.2163e+00 +1.3499e+00 +1.6034e+00
64 +5.516913496e+01 +5.516913496e+01 +4.239913496e+01 +4.239913496e+01 +3.0619e+00 +3.1540e+00 +6.8533e-01 +1.9803e+00 +9.4766e-01
65 +3.913547634e+01 +3.913547634e+01 +2.636547634e+01 +2.636547634e+01 +1.5368e+00 +1.3541e+00 +1.4553e+00 +3.6815e-01 +1.3181e+00
249 +3.552515657e+01 +3.552515657e+01 +2.275515657e+01 +2.275515657e+01 +2.6723e+00 +2.3861e+00 +1.0680e+00 +8.6441e-01 +1.5798e+00
350 +2.725611471e+01 +2.725611471e+01 +1.448611471e+01 +1.448611471e+01 +2.6401e+00 +2.8961e+00 +1.6256e+00 +1.0986e+00 +1.0684e+00
537 +1.934819290e+01 +1.934819290e+01 +6.578192896e+00 +6.578192896e+00 +3.6250e+00 +7.0223e-01 +1.6808e+00 -3.2199e-01 +9.9585e-01
1738 +1.571657439e+01 +1.571657439e+01 +2.946574390e+00 +2.946574390e+00 +2.5870e+00 +3.0799e+00 +1.6855e+00 -1.6583e-01 +1.6316e+00
1892 +1.467661602e+01 +1.467661602e+01 +1.906616024e+00 +1.906616024e+00 +3.6245e+00 +2.2824e+00 +1.5480e+00 +1.0944e+00 +9.0499e-01
3565 +1.111738906e+01 +1.111738906e+01 -1.652610944e+00 -1.652610944e+00 +1.7303e+00 +7.0686e-01 +2.1662e+00 -2.0844e-01 +9.6704e-01
3971 +1.092398239e+01 +1.092398239e+01 -1.846017607e+00 -1.846017607e+00 +1.7287e+00 +1.4180e+00 +2.1622e+00 -2.2035e-01 +9.3243e-01
4152 +9.818805111e+00 +9.818805111e+00 -2.951194889e+00 -2.951194889e+00 +1.6480e+00 +1.4531e+00 +2.1612e+00 -2.3125e-01 +9.5776e-01
4294 +9.601348007e+00 +9.601348007e+00 -3.168651993e+00 -3.168651993e+00 +1.7369e+00 +1.4744e+00 +2.1593e+00 -2.3651e-01 +9.5594e-01
4376 +9.400925676e+00 +9.400925676e+00 -3.369074324e+00 -3.369074324e+00 +1.7183e+00 +1.4719e+00 +2.1699e+00 -2.1651e-01 +9.7199e-01
4843 +9.306104984e+00 +9.306104984e+00 -3.463895016e+00 -3.463895016e+00 +1.6811e+00 +1.4554e+00 +2.1693e+00 -2.0706e-01 +9.5191e-01
4930 +9.063234783e+00 +9.063234783e+00 -3.706765217e+00 -3.706765217e+00 +1.7141e+00 +1.4796e+00 +2.1735e+00 -2.1116e-01 +9.5429e-01
% function evaluation | noise-free fitness - Fopt (-1.000000000000e+03) | best noise-free fitness - Fopt | measured fitness | best measured fitness | x1 | x2...
1 +1.069906532e+02 +1.069906532e+02 -8.930093468e+02 -8.930093468e+02 +0.0000e+00 +0.0000e+00 +0.0000e+00 +0.0000e+00 +0.0000e+00
9 +8.981810667e+01 +8.981810667e+01 -9.101818933e+02 -9.101818933e+02 -1.0699e-01 +4.8640e-01 +9.3390e-01 +1.1915e+00 +2.1707e-01
74 +5.839567640e+01 +5.839567640e+01 -9.416043236e+02 -9.416043236e+02 -1.8142e-01 -1.6038e-02 +2.2498e+00 +8.8651e-02 +1.4000e+00
95 +5.736691092e+01 +5.736691092e+01 -9.426330891e+02 -9.426330891e+02 +1.0969e+00 -1.4976e+00 +2.5640e+00 +2.0723e+00 +4.4751e-01
174 +5.575708919e+01 +5.575708919e+01 -9.442429108e+02 -9.442429108e+02 +1.8929e-01 -1.3615e+00 +1.1038e+00 +3.8744e-01 +1.1592e+00
200 +3.816829263e+01 +3.816829263e+01 -9.618317074e+02 -9.618317074e+02 -1.7224e-01 -1.1036e+00 +1.4717e+00 +4.9583e-01 +4.3691e-01
234 +3.766478573e+01 +3.766478573e+01 -9.623352143e+02 -9.623352143e+02 -1.1247e+00 -3.4308e+00 +2.1081e+00 +5.3611e-02 +1.3493e+00
246 +2.528056056e+01 +2.528056056e+01 -9.747194394e+02 -9.747194394e+02 +1.1213e+00 -2.8256e+00 +1.9819e+00 -3.0989e-01 +1.0529e+00
465 +2.255957010e+01 +2.255957010e+01 -9.774404299e+02 -9.774404299e+02 -8.7980e-01 -3.6459e+00 +1.5433e+00 -2.8015e-01 +1.0539e+00
1396 +1.891890835e+01 +1.891890835e+01 -9.810810916e+02 -9.810810916e+02 +4.3994e-02 -4.2224e+00 +2.4592e+00 +1.4949e-01 +7.3939e-01
1446 +1.427142684e+01 +1.427142684e+01 -9.857285732e+02 -9.857285732e+02 -1.0861e-01 -3.6691e+00 +1.9531e+00 +6.2462e-01 +1.1374e+00
2622 +1.403347325e+01 +1.403347325e+01 -9.859665267e+02 -9.859665267e+02 +9.7297e-01 -2.0477e+00 +2.5118e+00 +1.5621e-01 +1.1771e+00
2625 +1.199775916e+01 +1.199775916e+01 -9.880022408e+02 -9.880022408e+02 +8.8820e-01 -2.2274e+00 +2.5142e+00 +6.1077e-01 +1.0945e+00
2685 +1.097118070e+01 +1.097118070e+01 -9.890288193e+02 -9.890288193e+02 +8.8807e-01 -2.0606e+00 +2.5703e+00 +1.7404e-01 +1.3428e+00
2688 +1.092928725e+01 +1.092928725e+01 -9.890707127e+02 -9.890707127e+02 +8.1582e-01 -2.1988e+00 +2.5379e+00 +1.4743e-01 +1.4050e+00
2695 +9.740336539e+00 +9.740336539e+00 -9.902596635e+02 -9.902596635e+02 +8.6287e-01 -2.1522e+00 +2.5206e+00 +1.2677e-01 +1.4477e+00
2758 +9.243279966e+00 +9.243279966e+00 -9.907567200e+02 -9.907567200e+02 +1.0902e+00 -2.1901e+00 +2.5269e+00 +1.9793e-01 +1.3917e+00
2981 +7.783297086e+00 +7.783297086e+00 -9.922167029e+02 -9.922167029e+02 +8.6709e-01 -2.1739e+00 +2.5367e+00 +6.0182e-01 +1.4085e+00
3049 +7.057526947e+00 +7.057526947e+00 -9.929424731e+02 -9.929424731e+02 +8.9727e-01 -2.0378e+00 +2.5340e+00 +6.0855e-01 +1.3835e+00
3083 +5.019326893e+00 +5.019326893e+00 -9.949806731e+02 -9.949806731e+02 +9.8276e-01 -1.9962e+00 +2.5209e+00 +5.9247e-01 +1.4486e+00
3337 +4.414986386e+00 +4.414986386e+00 -9.955850136e+02 -9.955850136e+02 +9.4270e-01 -2.0215e+00 +2.5653e+00 +5.9335e-01 +1.3871e+00
3343 +3.481001404e+00 +3.481001404e+00 -9.965189986e+02 -9.965189986e+02 +9.3611e-01 -1.9941e+00 +2.5709e+00 +5.9458e-01 +1.3954e+00
3724 +2.672616149e+00 +2.672616149e+00 -9.973273839e+02 -9.973273839e+02 +9.4492e-01 -2.0072e+00 +2.5757e+00 +5.9419e-01 +1.4128e+00
3981 +2.543364294e+00 +2.543364294e+00 -9.974566357e+02 -9.974566357e+02 +9.8920e-01 -1.9743e+00 +2.5560e+00 +5.9097e-01 +1.4087e+00
4098 +2.356393900e+00 +2.356393900e+00 -9.976436061e+02 -9.976436061e+02 +9.9001e-01 -2.0009e+00 +2.5586e+00 +6.0529e-01 +1.4061e+00
4127 +2.242527179e+00 +2.242527179e+00 -9.977574728e+02 -9.977574728e+02 +9.6668e-01 -2.0124e+00 +2.5746e+00 +6.0559e-01 +1.4114e+00
4182 +2.060105741e+00 +2.060105741e+00 -9.979398943e+02 -9.979398943e+02 +9.7747e-01 -1.9767e+00 +2.5749e+00 +6.0723e-01 +1.4136e+00
5028 +2.028032324e+00 +2.028032324e+00 -9.979719677e+02 -9.979719677e+02 +9.9103e-01 -1.9834e+00 +2.5692e+00 +6.0298e-01 +1.4134e+00
5566 +1.993545705e+00 +1.993545705e+00 -9.980064543e+02 -9.980064543e+02 +9.8976e-01 -1.9828e+00 +2.5743e+00 +6.0500e-01 +1.4149e+00
% function evaluation | noise-free fitness - Fopt (-1.000000000000e+03) | best noise-free fitness - Fopt | measured fitness | best measured fitness | x1 | x2...
1 +1.240986520e+02 +1.240986520e+02 -8.759013480e+02 -8.759013480e+02 +0.0000e+00 +0.0000e+00 +0.0000e+00 +0.0000e+00 +0.0000e+00
16 +9.513880250e+01 +9.513880250e+01 -9.048611975e+02 -9.048611975e+02 +5.3823e-01 +8.6169e-01 +4.6118e-01 +8.5912e-01 -5.7083e-01
22 +8.190728159e+01 +8.190728159e+01 -9.180927184e+02 -9.180927184e+02 +1.6318e+00 +1.4977e+00 +1.1214e+00 +1.3902e+00 -3.1411e-01
27 +7.595503380e+01 +7.595503380e+01 -9.240449662e+02 -9.240449662e+02 -1.1728e+00 +2.7667e+00 +5.1953e-01 +1.8402e+00 +1.4216e-01
47 +5.843758034e+01 +5.843758034e+01 -9.415624197e+02 -9.415624197e+02 +4.9068e-02 +1.6668e+00 +7.4989e-01 +2.4863e+00 +1.2613e-01
61 +4.668757375e+01 +4.668757375e+01 -9.533124262e+02 -9.533124262e+02 +1.8830e-02 +1.3151e+00 +1.1987e+00 +2.9339e+00 +1.7431e-01
423 +3.183480740e+01 +3.183480740e+01 -9.681651926e+02 -9.681651926e+02 +2.3407e-01 +1.2514e+00 +4.0669e-01 +2.6617e+00 +1.9994e-01
537 +3.087172435e+01 +3.087172435e+01 -9.691282757e+02 -9.691282757e+02 +2.1540e+00 +4.3210e-01 +8.1807e-01 +3.3596e+00 +8.0495e-01
642 +2.689337589e+01 +2.689337589e+01 -9.731066241e+02 -9.731066241e+02 +1.4786e+00 +1.4840e+00 +4.6155e-01 +3.9366e+00 +5.1353e-01
922 +2.081575701e+01 +2.081575701e+01 -9.791842430e+02 -9.791842430e+02 +5.5734e-01 +5.6917e-01 +8.7288e-01 +3.0855e+00 +8.5647e-01
967 +1.936067781e+01 +1.936067781e+01 -9.806393222e+02 -9.806393222e+02 +1.1452e+00 +6.9693e-01 +8.8723e-01 +3.0696e+00 +8.7306e-01
1043 +1.828350071e+01 +1.828350071e+01 -9.817164993e+02 -9.817164993e+02 -8.2854e-01 -9.9905e-02 +7.8462e-01 +3.4908e+00 +8.0824e-01
1069 +1.803461176e+01 +1.803461176e+01 -9.819653882e+02 -9.819653882e+02 -9.9174e-01 +7.4671e-01 +8.5104e-01 +3.1084e+00 +8.1638e-01
1164 +1.753641059e+01 +1.753641059e+01 -9.824635894e+02 -9.824635894e+02 +2.1360e+00 -7.8900e-01 +9.6781e-01 +3.8971e+00 +4.6668e-01
1337 +1.692286825e+01 +1.692286825e+01 -9.830771318e+02 -9.830771318e+02 +2.1425e+00 -7.0015e-01 +9.3998e-01 +3.9887e+00 +5.1594e-01
1640 +1.354514691e+01 +1.354514691e+01 -9.864548531e+02 -9.864548531e+02 +1.2210e+00 +1.4481e+00 +9.4453e-01 +3.9476e+00 +9.5467e-02
2513 +1.313444795e+01 +1.313444795e+01 -9.868655520e+02 -9.868655520e+02 +1.1516e+00 -1.0489e-01 +8.8226e-01 +3.0860e+00 +1.9808e-01
2533 +1.167203288e+01 +1.167203288e+01 -9.883279671e+02 -9.883279671e+02 +1.1442e+00 +6.0744e-01 +9.1561e-01 +3.0059e+00 +1.3487e-01
2576 +1.086833857e+01 +1.086833857e+01 -9.891316614e+02 -9.891316614e+02 +1.2040e+00 +7.3400e-01 +8.3712e-01 +3.0908e+00 +1.4724e-01
2612 +6.628679019e+00 +6.628679019e+00 -9.933713210e+02 -9.933713210e+02 +1.1764e+00 +7.0263e-01 +9.3101e-01 +3.4815e+00 +1.4490e-01
