% function evaluation | noise-free fitness - Fopt (1.000000000000e+03) | best noise-free fitness - Fopt | measured fitness | best measured fitness | x1 | x2...
1 +7.992635762e+01 +7.992635762e+01 +1.079926358e+03 +1.079926358e+03 +0.0000e+00 +0.0000e+00
5 +6.986651622e+01 +6.986651622e+01 +1.069866516e+03 +1.069866516e+03 +2.8712e-01 +2.7596e+00
17 +4.599115829e+01 +4.599115829e+01 +1.045991158e+03 +1.045991158e+03 +7.0167e-01 +1.1553e+00
19 +3.600015815e+01 +3.600015815e+01 +1.036000158e+03 +1.036000158e+03 +1.8108e+00 +3.9781e-01
21 +2.950635886e+01 +2.950635886e+01 +1.029506359e+03 +1.029506359e+03 +8.4792e-01 +1.5768e+00
22 +2.291211724e+01 +2.291211724e+01 +1.022912117e+03 +1.022912117e+03 +5.1192e-01 +1.4977e+00
29 +1.747006510e+01 +1.747006510e+01 +1.017470065e+03 +1.017470065e+03 -3.2997e-02 +1.5603e+00
43 +1.338040455e+01 +1.338040455e+01 +1.013380405e+03 +1.013380405e+03 -1.8297e+00 +2.3699e+00
44 +1.112928975e+01 +1.112928975e+01 +1.011129290e+03 +1.011129290e+03 -1.7194e+00 +2.7145e+00
132 +9.552652842e+00 +9.552652842e+00 +1.009552653e+03 +1.009552653e+03 -4.4568e+00 +3.2486e+00
138 +8.793171981e+00 +8.793171981e+00 +1.008793172e+03 +1.008793172e+03 -2.4409e+00 +2.5107e+00
160 +6.503629586e+00 +6.503629586e+00 +1.006503630e+03 +1.006503630e+03 -2.3012e+00 +2.4581e+00
185 +1.773382759e+00 +1.773382759e+00 +1.001773383e+03 +1.001773383e+03 -2.2919e+00 +2.3521e+00
55351 +1.217540719e+00 +1.217540719e+00 +1.001217541e+03 +1.001217541e+03 -2.2707e+00 +2.3365e+00
55353 +1.172601144e+00 +1.172601144e+00 +1.001172601e+03 +1.001172601e+03 -2.2730e+00 +2.3415e+00
55419 +1.118433351e+00 +1.118433351e+00 +1.001118433e+03 +1.001118433e+03 -2.2706e+00 +2.3492e+00
55433 +1.086831563e+00 +1.086831563e+00 +1.001086832e+03 +1.001086832e+03 -2.2704e+00 +2.3453e+00
55440 +1.070484950e+00 +1.070484950e+00 +1.001070485e+03 +1.001070485e+03 -2.2691e+00 +2.3453e+00
55442 +1.023282455e+00 +1.023282455e+00 +1.001023282e+03 +1.001023282e+03 -2.2651e+00 +2.3425e+00
55495 +9.967764534e-01 +9.967764534e-01 +1.000996776e+03 +1.000996776e+03 -2.2605e+00 +2.3374e+00
% function evaluation | noise-free fitness - Fopt (7.003000000000e+01) | best noise-free fitness - Fopt | measured fitness | best measured fitness | x1 | x2...
1 +8.195243526e+01 +8.195243526e+01 +1.519824353e+02 +1.519824353e+02 +0.0000e+00 +0.0000e+00
5 +3.073178467e+01 +3.073178467e+01 +1.007617847e+02 +1.007617847e+02 +2.9610e-01 -2.0753e+00
20 +2.638267401e+01 +2.638267401e+01 +9.641267401e+01 +9.641267401e+01 +7.4523e-01 -2.5629e+00
23 +3.934610673e+00 +3.934610673e+00 +7.396461067e+01 +7.396461067e+01 +6.8653e-03 -2.3992e+00
54 +3.083601618e+00 +3.083601618e+00 +7.311360162e+01 +7.311360162e+01 -8.7091e-01 -2.5296e+00
174 +2.020884258e+00 +2.020884258e+00 +7.205088426e+01 +7.205088426e+01 -1.8769e+00 -2.1277e+00
237 +1.008952672e+00 +1.008952672e+00 +7.103895267e+01 +7.103895267e+01 -1.8113e+00 -2.1794e+00
346 +9.956128683e-01 +9.956128683e-01 +7.102561287e+01 +7.102561287e+01 -1.8177e+00 -2.1757e+00
% function evaluation | noise-free fitness - Fopt (-4.822000000000e+01) | best noise-free fitness - Fopt | measured fitness | best measured fitness | x1 | x2...
1 +5.461267923e+01 +5.461267923e+01 +6.392679229e+00 +6.392679229e+00 +0.0000e+00 +0.0000e+00
4 +7.890565869e+00 +7.890565869e+00 -4.032943413e+01 -4.032943413e+01 -1.0537e+00 -1.3433e+00
69 +3.354021266e+00 +3.354021266e+00 -4.486597873e+01 -4.486597873e+01 -1.4000e+00 -1.5654e+00
81 +1.658493926e+00 +1.658493926e+00 -4.656150607e+01 -4.656150607e+01 -1.4670e+00 -1.5234e+00
30897 +1.048570089e+00 +1.048570089e+00 -4.717142991e+01 -4.717142991e+01 -1.7930e+00 -1.6523e-01
30976 +1.021791980e+00 +1.021791980e+00 -4.719820802e+01 -4.719820802e+01 -1.7837e+00 -1.4874e-01
30984 +9.967833796e-01 +9.967833796e-01 -4.722321662e+01 -4.722321662e+01 -1.7651e+00 -1.1818e-01
60554 +3.507375135e-01 +3.507375135e-01 -4.786926249e+01 -4.786926249e+01 -1.8578e+00 -9.9827e-01
60621 +3.130724052e-01 +3.130724052e-01 -4.790692759e+01 -4.790692759e+01 -1.8383e+00 -9.6934e-01
60625 +2.512904949e-02 +2.512904949e-02 -4.819487095e+01 -4.819487095e+01 -1.8452e+00 -1.0098e+00
60653 +1.934577379e-02 +1.934577379e-02 -4.820065423e+01 -4.820065423e+01 -1.8447e+00 -9.9771e-01
60670 +1.446352095e-04 +1.446352095e-04 -4.821985536e+01 -4.821985536e+01 -1.8422e+00 -1.0069e+00
60725 +2.117212867e-05 +2.117212867e-05 -4.821997883e+01 -4.821997883e+01 -1.8423e+00 -1.0071e+00
60818 +1.868362490e-05 +1.868362490e-05 -4.821998132e+01 -4.821998132e+01 -1.8425e+00 -1.0074e+00
60917 +1.585494846e-05 +1.585494846e-05 -4.821998415e+01 -4.821998415e+01 -1.8425e+00 -1.0069e+00
60919 +2.169325839e-07 +2.169325839e-07 -4.821999978e+01 -4.821999978e+01 -1.8424e+00 -1.0072e+00
61058 +8.010967889e-08 +8.010967889e-08 -4.821999992e+01 -4.821999992e+01 -1.8424e+00 -1.0072e+00
61066 +8.978503274e-09 +8.978503274e-09 -4.821999999e+01 -4.821999999e+01 -1.8424e+00 -1.0072e+00
61497 +0.000000000e+00 +0.000000000e+00 -4.822000000e+01 -4.822000000e+01 -1.8424e+00 -1.0072e+00
% function evaluation | noise-free fitness - Fopt (2.547000000000e+01) | best noise-free fitness - Fopt | measured fitness | best measured fitness | x1 | x2...
1 +1.792634651e+02 +1.792634651e+02 +2.047334651e+02 +2.047334651e+02 +0.0000e+00 +0.0000e+00
2 +1.766298159e+02 +1.766298159e+02 +2.020998159e+02 +2.020998159e+02 -6.4112e-01 +6.3529e-01
8 +4.647048046e+01 +4.647048046e+01 +7.194048046e+01 +7.194048046e+01 -2.6216e+00 -4.0386e-01
13 +1.805367570e+01 +1.805367570e+01 +4.352367570e+01 +4.352367570e+01 -4.7452e+00 +6.9274e-01
18 +1.678763344e+01 +1.678763344e+01 +4.225763344e+01 +4.225763344e+01 -4.4845e+00 -1.1041e+00
56 +1.331484812e+01 +1.331484812e+01 +3.878484812e+01 +3.878484812e+01 -3.1875e+00 -1.5108e+00
67 +1.119839052e+01 +1.119839052e+01 +3.666839052e+01 +3.666839052e+01 -4.2433e+00 -2.4982e+00
84 +4.212675677e+00 +4.212675677e+00 +2.968267568e+01 +2.968267568e+01 -2.5729e+00 -3.0311e+00
230 +4.081061935e+00 +4.081061935e+00 +2.955106194e+01 +2.955106194e+01 -2.5369e+00 -3.0500e+00
275 +4.001521475e+00 +4.001521475e+00 +2.947152147e+01 +2.947152147e+01 -2.5634e+00 -3.0279e+00
399 +3.980932227e+00 +3.980932227e+00 +2.945093223e+01 +2.945093223e+01 -2.5560e+00 -3.0346e+00
30209 +2.337102488e+00 +2.337102488e+00 +2.780710249e+01 +2.780710249e+01 -3.1041e+00 -3.0871e+00
91222 +2.075838780e+00 +2.075838780e+00 +2.754583878e+01 +2.754583878e+01 -3.1813e+00 -1.9750e+00
91236 +1.391404276e+00 +1.391404276e+00 +2.686140428e+01 +2.686140428e+01 -3.7215e+00 -1.9731e+00
183319 +8.735378637e-01 +8.735378637e-01 +2.634353786e+01 +2.634353786e+01 -3.7482e+00 -1.9333e+00
% function evaluation | noise-free fitness - Fopt (-1.008100000000e+02) | best noise-free fitness - Fopt | measured fitness | best measured fitness | x1 | x2...
1 +2.170272634e+01 +2.170272634e+01 -7.910727366e+01 -7.910727366e+01 +0.0000e+00 +0.0000e+00
6 +1.176718671e+01 +1.176718671e+01 -8.904281329e+01 -8.904281329e+01 +1.1981e+00 +1.0839e+00
32 +1.013998470e+01 +1.013998470e+01 -9.067001530e+01 -9.067001530e+01 +3.8416e-01 +6.2789e-02
37 +6.766635526e+00 +6.766635526e+00 -9.404336447e+01 -9.404336447e+01 +1.7178e+00 +9.4769e-01
44 +5.534781901e+00 +5.534781901e+00 -9.527521810e+01 -9.527521810e+01 +1.8689e+00 +2.0807e-01
48 +5.023778724e+00 +5.023778724e+00 -9.578622128e+01 -9.578622128e+01 +1.2567e+00 +3.1819e-01
52 +3.117871355e+00 +3.117871355e+00 -9.769212864e+01 -9.769212864e+01 +8.7839e-01 +4.2550e-01
101 +2.753478431e+00 +2.753478431e+00 -9.805652157e+01 -9.805652157e+01 +6.8221e-01 +6.8359e-01
104 +1.538832526e+00 +1.538832526e+00 -9.927116747e+01 -9.927116747e+01 +9.6655e-01 +4.4856e-01
128 +8.058924723e-01 +8.058924723e-01 -1.000041075e+02 -1.000041075e+02 +9.2990e-01 +4.6196e-01
44964 +4.256362614e-01 +4.256362614e-01 -1.003843637e+02 -1.003843637e+02 +1.0028e+00 +4.7715e-01
44991 +3.996588157e-01 +3.996588157e-01 -1.004103412e+02 -1.004103412e+02 +9.9474e-01 +5.0761e-01
45005 +3.662026455e-01 +3.662026455e-01 -1.004437974e+02 -1.004437974e+02 +1.0074e+00 +4.8067e-01
45008 +1.872428801e-01 +1.872428801e-01 -1.006227571e+02 -1.006227571e+02 +1.0189e+00 +5.0107e-01
45024 +1.459726111e-01 +1.459726111e-01 -1.006640274e+02 -1.006640274e+02 +1.0119e+00 +5.0308e-01
45038 +9.255518050e-02 +9.255518050e-02 -1.007174448e+02 -1.007174448e+02 +9.9701e-01 +4.9803e-01
45041 +8.237819575e-02 +8.237819575e-02 -1.007276218e+02 -1.007276218e+02 +9.8932e-01 +4.7909e-01
45042 +4.217221433e-02 +4.217221433e-02 -1.007678278e+02 -1.007678278e+02 +9.9426e-01 +4.8441e-01
45056 +5.962576427e-03 +5.962576427e-03 -1.008040374e+02 -1.008040374e+02 +9.9396e-01 +4.8710e-01
45064 +1.911015357e-03 +1.911015357e-03 -1.008080890e+02 -1.008080890e+02 +9.9043e-01 +4.8828e-01
45084 +1.119460604e-03 +1.119460604e-03 -1.008088805e+02 -1.008088805e+02 +9.9237e-01 +4.8732e-01
45110 +9.147644218e-04 +9.147644218e-04 -1.008090852e+02 -1.008090852e+02 +9.9038e-01 +4.8778e-01
45111 +2.367266406e-04 +2.367266406e-04 -1.008097633e+02 -1.008097633e+02 +9.9156e-01 +4.8817e-01
45135 +6.880407874e-05 +6.880407874e-05 -1.008099312e+02 -1.008099312e+02 +9.9193e-01 +4.8816e-01
45173 +3.178546741e-05 +3.178546741e-05 -1.008099682e+02 -1.008099682e+02 +9.9220e-01 +4.8821e-01
45193 +4.379239158e-06 +4.379239158e-06 -1.008099956e+02 -1.008099956e+02 +9.9201e-01 +4.8805e-01
45244 +4.755825103e-07 +4.755825103e-07 -1.008099995e+02 -1.008099995e+02 +9.9202e-01 +4.8799e-01
45262 +2.609075835e-07 +2.609075835e-07 -1.008099997e+02 -1.008099997e+02 +9.9203e-01 +4.8801e-01
45305 +1.868346970e-07 +1.868346970e-07 -1.008099998e+02 -1.008099998e+02 +9.9202e-01 +4.8802e-01
45307 +1.384665893e-08 +1.384665893e-08 -1.008100000e+02 -1.008100000e+02 +9.9200e-01 +4.8800e-01
45308 +8.535039342e-11 +8.535039342e-11 -1.008100000e+02 -1.008100000e+02 +9.9200e-01 +4.8800e-01
45682 +0.000000000e+00 +0.000000000e+00 -1.008100000e+02 -1.008100000e+02 +9.9200e-01 +4.8800e-01
% function evaluation | noise-free fitness - Fopt (-3.496000000000e+01) | best noise-free fitness - Fopt | measured fitness | best measured fitness | x1 | x2...
1 +6.908235902e+01 +6.908235902e+01 +3.412235902e+01 +3.412235902e+01 +0.0000e+00 +0.0000e+00
2 +3.740635192e+01 +3.740635192e+01 +2.446351919e+00 +2.446351919e+00 -2.7800e-01 -2.1484e+00
13 +3.118748561e+01 +3.118748561e+01 -3.772514394e+00 -3.772514394e+00 -6.9170e-01 -4.1628e-01
16 +2.403970243e+01 +2.403970243e+01 -1.092029757e+01 -1.092029757e+01 -9.3764e-01 -1.8187e+00
17 +2.369004378e+01 +2.369004378e+01 -1.126995622e+01 -1.126995622e+01 +2.3442e+00 -3.2738e+00
18 +5.835682796e+00 +5.835682796e+00 -2.912431720e+01 -2.912431720e+01 +9.2243e-01 -4.0889e+00
177 +3.924104854e+00 +3.924104854e+00 -3.103589515e+01 -3.103589515e+01 +8.5733e-01 -3.0210e+00
189 +3.340876295e+00 +3.340876295e+00 -3.161912370e+01 -3.161912370e+01 +1.0025e+00 -3.1966e+00
206 +1.399893195e+00 +1.399893195e+00 -3.356010681e+01 -3.356010681e+01 +5.5075e-01 -2.4149e+00
314 +1.293184358e+00 +1.293184358e+00 -3.366681564e+01 -3.366681564e+01 +1.2858e+00 -3.8568e+00
31039 +1.223530235e+00 +1.223530235e+00 -3.373646976e+01 -3.373646976e+01 +1.9538e-01 -2.6547e+00
31073 +1.027466785e+00 +1.027466785e+00 -3.393253322e+01 -3.393253322e+01 +2.1200e-01 -2.6895e+00
31076 +9.983882236e-01 +9.983882236e-01 -3.396161178e+01 -3.396161178e+01 +2.1224e-01 -2.6839e+00
89145 +8.681661557e-01 +8.681661557e-01 -3.409183384e+01 -3.409183384e+01 +9.5293e-01 -3.1518e+00
% function evaluation | noise-free fitness - Fopt (-2.727900000000e+02) | best noise-free fitness - Fopt | measured fitness | best measured fitness | x1 | x2...
1 +8.792263540e+01 +8.792263540e+01 -1.848673646e+02 -1.848673646e+02 +0.0000e+00 +0.0000e+00
7 +7.972536824e+01 +7.972536824e+01 -1.930646318e+02 -1.930646318e+02 -2.8235e+00 -3.2527e+00
9 +7.750616251e+01 +7.750616251e+01 -1.952838375e+02 -1.952838375e+02 -7.5040e-01 -7.6322e-01
11 +4.124807797e+01 +4.124807797e+01 -2.315419220e+02 -2.315419220e+02 -1.5446e+00 -6.2363e-02
12 +3.678885224e+01 +3.678885224e+01 -2.360011478e+02 -2.360011478e+02 -1.7442e+00 +8.2422e-01
13 +2.144137925e+01 +2.144137925e+01 -2.513486208e+02 -2.513486208e+02 -3.0743e+00 -2.0117e-01
27 +1.454847174e+01 +1.454847174e+01 -2.582415283e+02 -2.582415283e+02 -2.7785e+00 -3.8393e-01
52 +1.263547345e+01 +1.263547345e+01 -2.601545266e+02 -2.601545266e+02 -3.3456e+00 -9.7713e-01
55 +1.013068809e+01 +1.013068809e+01 -2.626593119e+02 -2.626593119e+02 -2.3213e+00 -3.0259e-01
67 +5.636545991e+00 +5.636545991e+00 -2.671534540e+02 -2.671534540e+02 -2.6835e+00 -1.4814e-01
94 +2.484486829e+00 +2.484486829e+00 -2.703055132e+02 -2.703055132e+02 -3.4874e+00 -7.1012e-01
32058 +1.223621457e+00 +1.223621457e+00 -2.715663785e+02 -2.715663785e+02 -3.6131e+00 -5.3707e-01
32117 +1.028485500e+00 +1.028485500e+00 -2.717615145e+02 -2.717615145e+02 -3.6122e+00 -5.5996e-01
32151 +1.000202089e+00 +1.000202089e+00 -2.717897979e+02 -2.717897979e+02 -3.6168e+00 -5.6196e-01
32209 +9.978364357e-01 +9.978364357e-01 -2.717921636e+02 -2.717921636e+02 -3.6169e+00 -5.5974e-01
61912 +6.119055191e-01 +6.119055191e-01 -2.721780945e+02 -2.721780945e+02 -3.0898e+00 +3.4796e-01
61927 +4.238484947e-01 +4.238484947e-01 -2.723661515e+02 -2.723661515e+02 -3.1094e+00 +3.2563e-01
61940 +3.319683285e-01 +3.319683285e-01 -2.724580317e+02 -2.724580317e+02 -3.1164e+00 +3.2231e-01
61942 +2.677276103e-01 +2.677276103e-01 -2.725222724e+02 -2.725222724e+02 -3.1257e+00 +3.3876e-01
61951 +9.379081549e-04 +9.379081549e-04 -2.727890621e+02 -2.727890621e+02 -3.1054e+00 +3.5723e-01
62063 +4.856123641e-04 +4.856123641e-04 -2.727895144e+02 -2.727895144e+02 -3.1045e+00 +3.5709e-01
62089 +1.385007509e-04 +1.385007509e-04 -2.727898615e+02 -2.727898615e+02 -3.1036e+00 +3.5877e-01
62165 +1.297231325e-04 +1.297231325e-04 -2.727898703e+02 -2.727898703e+02 -3.1044e+00 +3.5822e-01
62167 +8.231530535e-05 +8.231530535e-05 -2.727899177e+02 -2.727899177e+02 -3.1044e+00 +3.5791e-01
62180 +7.964761261e-05 +7.964761261e-05 -2.727899204e+02 -2.727899204e+02 -3.1043e+00 +3.5785e-01
62183 +6.749115369e-05 +6.749115369e-05 -2.727899325e+02 -2.727899325e+02 -3.1043e+00 +3.5795e-01
62185 +3.613193076e-05 +3.613193076e-05 -2.727899639e+02 -2.727899639e+02 -3.1042e+00 +3.5804e-01
62186 +3.191447252e-05 +3.191447252e-05 -2.727899681e+02 -2.727899681e+02 -3.1042e+00 +3.5835e-01
62195 +1.326635225e-05 +1.326635225e-05 -2.727899867e+02 -2.727899867e+02 -3.1039e+00 +3.5860e-01
62223 +1.183488087e-05 +1.183488087e-05 -2.727899882e+02 -2.727899882e+02 -3.1040e+00 +3.5859e-01
62229 +9.707861238e-06 +9.707861238e-06 -2.727899903e+02 -2.727899903e+02 -3.1039e+00 +3.5851e-01
62237 +4.459170668e-07 +4.459170668e-07 -2.727899996e+02 -2.727899996e+02 -3.1040e+00 +3.5837e-01
62311 +1.566394872e-07 +1.566394872e-07 -2.727899998e+02 -2.727899998e+02 -3.1040e+00 +3.5838e-01
62330 +1.749162948e-08 +1.749162948e-08 -2.727900000e+02 -2.727900000e+02 -3.1040e+00 +3.5840e-01
62354 +3.413219929e-09 +3.413219929e-09 -2.727900000e+02 -2.727900000e+02 -3.1040e+00 +3.5840e-01
62695 +0.000000000e+00 +0.000000000e+00 -2.727900000e+02 -2.727900000e+02 -3.1040e+00 +3.5840e-01
% function evaluation | noise-free fitness - Fopt (1.410200000000e+02) | best noise-free fitness - Fopt | measured fitness | best measured fitness | x1 | x2...
1 +1.141292678e+01 +1.141292678e+01 +1.524329268e+02 +1.524329268e+02 +0.0000e+00 +0.0000e+00
58 +4.691151008e+00 +4.691151008e+00 +1.457111510e+02 +1.457111510e+02 -1.7009e+00 +1.9698e+00
70 +3.181472731e+00 +3.181472731e+00 +1.442014727e+02 +1.442014727e+02 -2.6127e+00 +2.1691e+00
97 +2.642160683e+00 +2.642160683e+00 +1.436621607e+02 +1.436621607e+02 -2.4471e+00 +2.0020e+00
142 +1.343853757e+00 +1.343853757e+00 +1.423638538e+02 +1.423638538e+02 -2.4940e+00 +2.0646e+00
152 +1.283220590e+00 +1.283220590e+00 +1.423032206e+02 +1.423032206e+02 -2.5584e+00 +2.1615e+00
230 +1.075185833e+00 +1.075185833e+00 +1.420951858e+02 +1.420951858e+02 -2.5263e+00 +2.1287e+00
256 +1.053440626e+00 +1.053440626e+00 +1.420734406e+02 +1.420734406e+02 -2.5466e+00 +2.1573e+00
258 +1.015704149e+00 +1.015704149e+00 +1.420357041e+02 +1.420357041e+02 -2.5305e+00 +2.1470e+00
284 +9.977870926e-01 +9.977870926e-01 +1.420177871e+02 +1.420177871e+02 -2.5352e+00 +2.1474e+00
91936 +3.642730362e-01 +3.642730362e-01 +1.413842730e+02 +1.413842730e+02 -1.7281e+00 +1.5792e+00
% function evaluation | noise-free fitness - Fopt (8.113000000000e+01) | best noise-free fitness - Fopt | measured fitness | best measured fitness | x1 | x2...
1 +5.958289269e+01 +5.958289269e+01 +1.407128927e+02 +1.407128927e+02 +0.0000e+00 +0.0000e+00
3 +5.803862558e+01 +5.803862558e+01 +1.391686256e+02 +1.391686256e+02 -7.7882e-01 +3.4609e-01
5 +5.148879305e+01 +5.148879305e+01 +1.326187930e+02 +1.326187930e+02 -3.6565e-01 +1.3292e+00
7 +2.532567600e+01 +2.532567600e+01 +1.064556760e+02 +1.064556760e+02 +1.0054e+00 +6.2746e-01
21 +2.382282298e+01 +2.382282298e+01 +1.049528230e+02 +1.049528230e+02 +2.9937e+00 +1.7709e-01
23 +1.875185553e+01 +1.875185553e+01 +9.988185553e+01 +9.988185553e+01 +5.8353e+00 +1.4819e+00
27 +1.442339227e+01 +1.442339227e+01 +9.555339227e+01 +9.555339227e+01 +2.0343e+00 +8.3704e-01
42 +8.255674714e+00 +8.255674714e+00 +8.938567471e+01 +8.938567471e+01 +1.8822e+00 +1.0796e+00
98 +4.636577306e+00 +4.636577306e+00 +8.576657731e+01 +8.576657731e+01 +1.8330e+00 +1.0892e+00
104 +3.725890140e+00 +3.725890140e+00 +8.485589014e+01 +8.485589014e+01 +3.0495e+00 +6.3954e-01
345 +3.461178680e+00 +3.461178680e+00 +8.459117868e+01 +8.459117868e+01 +1.6875e+00 +1.0669e+00
349 +2.974477265e+00 +2.974477265e+00 +8.410447727e+01 +8.410447727e+01 +1.7715e+00 +1.0936e+00
363 +2.573502095e+00 +2.573502095e+00 +8.370350209e+01 +8.370350209e+01 +1.7721e+00 +1.0684e+00
383 +2.389460052e+00 +2.389460052e+00 +8.351946005e+01 +8.351946005e+01 +1.7283e+00 +1.0852e+00
398 +2.249154321e+00 +2.249154321e+00 +8.337915432e+01 +8.337915432e+01 +1.7538e+00 +1.0690e+00
410 +2.047581262e+00 +2.047581262e+00 +8.317758126e+01 +8.317758126e+01 +1.7542e+00 +1.0804e+00
416 +2.014101909e+00 +2.014101909e+00 +8.314410191e+01 +8.314410191e+01 +1.7511e+00 +1.0752e+00
419 +1.990269444e+00 +1.990269444e+00 +8.312026944e+01 +8.312026944e+01 +1.7447e+00 +1.0768e+00
61395 +1.409446704e-01 +1.409446704e-01 +8.127094467e+01 +8.127094467e+01 +3.1663e+00 +1.0518e+00
61545 +8.017191261e-02 +8.017191261e-02 +8.121017191e+01 +8.121017191e+01 +3.1229e+00 +1.0595e+00
61560 +4.337584291e-02 +4.337584291e-02 +8.117337584e+01 +8.117337584e+01 +3.1337e+00 +1.0616e+00
61569 +3.391750511e-02 +3.391750511e-02 +8.116391751e+01 +8.116391751e+01 +3.1376e+00 +1.0606e+00
61576 +1.464642953e-02 +1.464642953e-02 +8.114464643e+01 +8.114464643e+01 +3.1322e+00 +1.0572e+00
61578 +1.896148857e-03 +1.896148857e-03 +8.113189615e+01 +8.113189615e+01 +3.1411e+00 +1.0577e+00
61600 +4.520142122e-04 +4.520142122e-04 +8.113045201e+01 +8.113045201e+01 +3.1396e+00 +1.0572e+00
61643 +2.908408551e-04 +2.908408551e-04 +8.113029084e+01 +8.113029084e+01 +3.1414e+00 +1.0564e+00
61649 +9.694358837e-05 +9.694358837e-05 +8.113009694e+01 +8.113009694e+01 +3.1415e+00 +1.0569e+00
61722 +1.019859006e-05 +1.019859006e-05 +8.113001020e+01 +8.113001020e+01 +3.1406e+00 +1.0568e+00
61763 +9.499129362e-06 +9.499129362e-06 +8.113000950e+01 +8.113000950e+01 +3.1406e+00 +1.0568e+00
61808 +8.723236078e-06 +8.723236078e-06 +8.113000872e+01 +8.113000872e+01 +3.1407e+00 +1.0567e+00
61816 +7.924176273e-06 +7.924176273e-06 +8.113000792e+01 +8.113000792e+01 +3.1407e+00 +1.0567e+00
61817 +6.859745426e-06 +6.859745426e-06 +8.113000686e+01 +8.113000686e+01 +3.1407e+00 +1.0568e+00
61818 +2.050325179e-06 +2.050325179e-06 +8.113000205e+01 +8.113000205e+01 +3.1407e+00 +1.0568e+00
61826 +8.900671418e-07 +8.900671418e-07 +8.113000089e+01 +8.113000089e+01 +3.1409e+00 +1.0568e+00
61827 +7.388018588e-07 +7.388018588e-07 +8.113000074e+01 +8.113000074e+01 +3.1408e+00 +1.0568e+00
61829 +6.400120611e-07 +6.400120611e-07 +8.113000064e+01 +8.113000064e+01 +3.1408e+00 +1.0568e+00
61841 +3.007170477e-07 +3.007170477e-07 +8.113000030e+01 +8.113000030e+01 +3.1408e+00 +1.0568e+00
61846 +1.035155037e-07 +1.035155037e-07 +8.113000010e+01 +8.113000010e+01 +3.1408e+00 +1.0568e+00
61909 +7.915187439e-08 +7.915187439e-08 +8.113000008e+01 +8.113000008e+01 +3.1408e+00 +1.0568e+00
61922 +6.583805146e-08 +6.583805146e-08 +8.113000007e+01 +8.113000007e+01 +3.1408e+00 +1.0568e+00
61923 +4.593080405e-08 +4.593080405e-08 +8.113000005e+01 +8.113000005e+01 +3.1408e+00 +1.0568e+00
61948 +1.848862041e-08 +1.848862041e-08 +8.113000002e+01 +8.113000002e+01 +3.1408e+00 +1.0568e+00
61963 +1.498949587e-08 +1.498949587e-08 +8.113000001e+01 +8.113000001e+01 +3.1408e+00 +1.0568e+00
61983 +3.572239393e-09 +3.572239393e-09 +8.113000000e+01 +8.113000000e+01 +3.1408e+00 +1.0568e+00
62350 +0.000000000e+00 +0.000000000e+00 +8.113000000e+01 +8.113000000e+01 +3.1408e+00 +1.0568e+00
% function evaluation | noise-free fitness - Fopt (1.049200000000e+02) | best noise-free fitness - Fopt | measured fitness | best measured fitness | x1 | x2...
1 +1.807278825e+02 +1.807278825e+02 +2.856478825e+02 +2.856478825e+02 +0.0000e+00 +0.0000e+00
2 +1.338400779e+02 +1.338400779e+02 +2.387600779e+02 +2.387600779e+02 -4.7271e-01 -5.2564e-01
3 +3.317974695e+01 +3.317974695e+01 +1.380997470e+02 +1.380997470e+02 -1.5239e+00 -2.8719e+00
12 +2.938309958e+01 +2.938309958e+01 +1.343030996e+02 +1.343030996e+02 -1.2871e+00 -3.3183e+00
16 +2.476121751e+01 +2.476121751e+01 +1.296812175e+02 +1.296812175e+02 -2.6245e+00 -1.5980e+00
19 +2.256416446e+01 +2.256416446e+01 +1.274841645e+02 +1.274841645e+02 -1.9144e+00 -4.2977e+00
28 +1.436630588e+01 +1.436630588e+01 +1.192863059e+02 +1.192863059e+02 -1.7956e+00 -4.6098e+00
45 +9.995338388e+00 +9.995338388e+00 +1.149153384e+02 +1.149153384e+02 -2.3645e+00 -4.0400e+00
58 +7.864171311e+00 +7.864171311e+00 +1.127841713e+02 +1.127841713e+02 -1.9998e+00 -3.4304e+00
60 +5.594470395e+00 +5.594470395e+00 +1.105144704e+02 +1.105144704e+02 -2.0345e+00 -3.4301e+00
71 +3.144781807e+00 +3.144781807e+00 +1.080647818e+02 +1.080647818e+02 -2.3064e+00 -3.2641e+00
185 +3.001806056e+00 +3.001806056e+00 +1.079218061e+02 +1.079218061e+02 -3.1556e+00 -3.0666e+00
192 +1.662512406e+00 +1.662512406e+00 +1.065825124e+02 +1.065825124e+02 -3.0594e+00 -2.8033e+00
31333 +8.583850318e-01 +8.583850318e-01 +1.057783850e+02 +1.057783850e+02 -2.1591e+00 -3.3677e+00
31438 +8.134373029e-01 +8.134373029e-01 +1.057334373e+02 +1.057334373e+02 -2.2322e+00 -3.2963e+00
31464 +5.627849244e-02 +5.627849244e-02 +1.049762785e+02 +1.049762785e+02 -2.1605e+00 -3.3437e+00
31465 +4.076551305e-02 +4.076551305e-02 +1.049607655e+02 +1.049607655e+02 -2.1861e+00 -3.3258e+00
31509 +2.665267916e-02 +2.665267916e-02 +1.049466527e+02 +1.049466527e+02 -2.1827e+00 -3.3301e+00
31511 +1.121609573e-02 +1.121609573e-02 +1.049312161e+02 +1.049312161e+02 -2.1705e+00 -3.3374e+00
31518 +8.061807639e-04 +8.061807639e-04 +1.049208062e+02 +1.049208062e+02 -2.1741e+00 -3.3334e+00
31573 +4.394146181e-04 +4.394146181e-04 +1.049204394e+02 +1.049204394e+02 -2.1722e+00 -3.3335e+00
31579 +1.744077110e-06 +1.744077110e-06 +1.049200017e+02 +1.049200017e+02 -2.1728e+00 -3.3336e+00
31788 +9.129306449e-07 +9.129306449e-07 +1.049200009e+02 +1.049200009e+02 -2.1728e+00 -3.3336e+00
31793 +1.349099392e-07 +1.349099392e-07 +1.049200001e+02 +1.049200001e+02 -2.1728e+00 -3.3336e+00
31846 +1.267898568e-07 +1.267898568e-07 +1.049200001e+02 +1.049200001e+02 -2.1728e+00 -3.3336e+00
31853 +1.295887841e-08 +1.295887841e-08 +1.049200000e+02 +1.049200000e+02 -2.1728e+00 -3.3336e+00
31930 +1.101354030e-08 +1.101354030e-08 +1.049200000e+02 +1.049200000e+02 -2.1728e+00 -3.3336e+00
31933 +7.245432698e-09 +7.245432698e-09 +1.049200000e+02 +1.049200000e+02 -2.1728e+00 -3.3336e+00
32289 +0.000000000e+00 +0.000000000e+00 +1.049200000e+02 +1.049200000e+02 -2.1728e+00 -3.3336e+00
% function evaluation | noise-free fitness - Fopt (3.029000000000e+01) | best noise-free fitness - Fopt | measured fitness | best measured fitness | x1 | x2...
1 +4.492576947e+01 +4.492576947e+01 +7.521576947e+01 +7.521576947e+01 +0.0000e+00 +0.0000e+00
4 +3.280847910e+01 +3.280847910e+01 +6.309847910e+01 +6.309847910e+01 -1.1630e+00 +5.7702e-01
12 +2.061693080e+01 +2.061693080e+01 +5.090693080e+01 +5.090693080e+01 -2.2484e+00 -2.7999e-01
14 +2.005542790e+01 +2.005542790e+01 +5.034542790e+01 +5.034542790e+01 -1.3189e+00 -2.5021e-01
24 +1.853256914e+01 +1.853256914e+01 +4.882256914e+01 +4.882256914e+01 -2.2322e+00 -1.6941e+00
31 +1.371391840e+01 +1.371391840e+01 +4.400391840e+01 +4.400391840e+01 -2.5847e+00 -5.3603e-01
33 +7.117467893e+00 +7.117467893e+00 +3.740746789e+01 +3.740746789e+01 -3.8764e+00 -2.9695e+00
114 +4.944084087e-01 +4.944084087e-01 +3.078440841e+01 +3.078440841e+01 -3.2745e+00 -2.2260e+00
% function evaluation | noise-free fitness - Fopt (1.210500000000e+02) | best noise-free fitness - Fopt | measured fitness | best measured fitness | x1 | x2...
1 +7.868118285e+01 +7.868118285e+01 +1.997311828e+02 +1.997311828e+02 +0.0000e+00 +0.0000e+00
4 +3.248930170e+01 +3.248930170e+01 +1.535393017e+02 +1.535393017e+02 -5.8096e-01 -1.2662e+00
16 +3.214264356e+01 +3.214264356e+01 +1.531926436e+02 +1.531926436e+02 +4.8800e-01 -3.5988e+00
17 +3.017186702e+01 +3.017186702e+01 +1.512218670e+02 +1.512218670e+02 +2.4764e+00 -3.6391e+00
22 +2.331087260e+01 +2.331087260e+01 +1.443608726e+02 +1.443608726e+02 +2.9057e+00 -3.5615e+00
23 +2.271796100e+01 +2.271796100e+01 +1.437679610e+02 +1.437679610e+02 +1.0793e+00 -1.5276e+00
26 +1.499547090e+01 +1.499547090e+01 +1.360454709e+02 +1.360454709e+02 +3.2416e+00 -5.1575e+00
39 +1.019956753e+01 +1.019956753e+01 +1.312495675e+02 +1.312495675e+02 +1.9629e+00 -3.5779e+00
107 +3.223877281e+00 +3.223877281e+00 +1.242738773e+02 +1.242738773e+02 +2.8475e+00 -4.3807e+00
39427 +2.840853483e+00 +2.840853483e+00 +1.238908535e+02 +1.238908535e+02 +1.2582e+00 -2.6918e+00
39463 +2.754816628e+00 +2.754816628e+00 +1.238048166e+02 +1.238048166e+02 +1.2614e+00 -2.6916e+00
39464 +2.115723382e+00 +2.115723382e+00 +1.231657234e+02 +1.231657234e+02 +1.3082e+00 -2.7086e+00
39501 +2.085370250e+00 +2.085370250e+00 +1.231353702e+02 +1.231353702e+02 +1.2956e+00 -2.7071e+00
39517 +2.036672866e+00 +2.036672866e+00 +1.230866729e+02 +1.230866729e+02 +1.2987e+00 -2.7126e+00
39576 +1.990961976e+00 +1.990961976e+00 +1.230409620e+02 +1.230409620e+02 +1.3116e+00 -2.7169e+00
131198 +1.049600403e+00 +1.049600403e+00 +1.220996004e+02 +1.220996004e+02 +2.0705e+00 -3.5803e+00
131293 +1.013683600e+00 +1.013683600e+00 +1.220636836e+02 +1.220636836e+02 +2.2519e+00 -3.2869e+00
131387 +9.994191013e-01 +9.994191013e-01 +1.220494191e+02 +1.220494191e+02 +2.2487e+00 -3.2836e+00
% function evaluation | noise-free fitness - Fopt (-1.033000000000e+01) | best noise-free fitness - Fopt | measured fitness | best measured fitness | x1 | x2...
1 +2.390417171e+02 +2.390417171e+02 +2.287117171e+02 +2.287117171e+02 +0.0000e+00 +0.0000e+00
2 +1.712098766e+02 +1.712098766e+02 +1.608798766e+02 +1.608798766e+02 +1.2544e+00 -3.6213e-01
3 +8.321197913e+01 +8.321197913e+01 +7.288197913e+01 +7.288197913e+01 +1.4950e+00 +1.4760e+00
15 +5.531428514e+01 +5.531428514e+01 +4.498428514e+01 +4.498428514e+01 +3.8521e+00 +6.3315e-01
18 +1.092028721e+01 +1.092028721e+01 +5.902872126e-01 +5.902872126e-01 +3.7209e+00 +2.9841e+00
53 +7.938037730e+00 +7.938037730e+00 -2.391962270e+00 -2.391962270e+00 +4.2855e+00 +1.9028e+00
152 +3.807410364e+00 +3.807410364e+00 -6.522589636e+00 -6.522589636e+00 +3.1423e+00 +3.2724e+00
59417 +2.256484304e+00 +2.256484304e+00 -8.073515696e+00 -8.073515696e+00 +3.8069e+00 +2.4319e+00
59439 +1.056723674e+00 +1.056723674e+00 -9.273276326e+00 -9.273276326e+00 +3.7619e+00 +2.5240e+00
59551 +5.458740123e-01 +5.458740123e-01 -9.784125988e+00 -9.784125988e+00 +3.6283e+00 +3.2294e+00
59555 +2.459723417e-01 +2.459723417e-01 -1.008402766e+01 -1.008402766e+01 +3.6688e+00 +3.2057e+00
59566 +1.368623000e-01 +1.368623000e-01 -1.019313770e+01 -1.019313770e+01 +3.6473e+00 +3.2052e+00
59580 +4.350475300e-02 +4.350475300e-02 -1.028649525e+01 -1.028649525e+01 +3.6534e+00 +3.2017e+00
59585 +1.196889202e-02 +1.196889202e-02 -1.031803111e+01 -1.031803111e+01 +3.6609e+00 +3.1937e+00
59628 +4.572425561e-03 +4.572425561e-03 -1.032542757e+01 -1.032542757e+01 +3.6573e+00 +3.2042e+00
59639 +2.131259421e-03 +2.131259421e-03 -1.032786874e+01 -1.032786874e+01 +3.6571e+00 +3.2023e+00
59681 +1.646722115e-03 +1.646722115e-03 -1.032835328e+01 -1.032835328e+01 +3.6608e+00 +3.1981e+00
59683 +5.519982465e-04 +5.519982465e-04 -1.032944800e+01 -1.032944800e+01 +3.6587e+00 +3.2015e+00
59694 +3.135213119e-04 +3.135213119e-04 -1.032968648e+01 -1.032968648e+01 +3.6585e+00 +3.2011e+00
59698 +2.845153399e-04 +2.845153399e-04 -1.032971548e+01 -1.032971548e+01 +3.6598e+00 +3.1996e+00
59705 +2.118895345e-04 +2.118895345e-04 -1.032978811e+01 -1.032978811e+01 +3.6594e+00 +3.1992e+00
59731 +1.333260937e-04 +1.333260937e-04 -1.032986667e+01 -1.032986667e+01 +3.6593e+00 +3.1994e+00
59734 +9.099375207e-05 +9.099375207e-05 -1.032990901e+01 -1.032990901e+01 +3.6594e+00 +3.1995e+00
59743 +8.810371668e-07 +8.810371668e-07 -1.032999912e+01 -1.032999912e+01 +3.6592e+00 +3.2000e+00
59968 +7.163308045e-07 +7.163308045e-07 -1.032999928e+01 -1.032999928e+01 +3.6592e+00 +3.2001e+00
59971 +6.217918820e-07 +6.217918820e-07 -1.032999938e+01 -1.032999938e+01 +3.6592e+00 +3.2001e+00
59977 +5.215328258e-08 +5.215328258e-08 -1.032999995e+01 -1.032999995e+01 +3.6592e+00 +3.2000e+00
59996 +4.313317881e-08 +4.313317881e-08 -1.032999996e+01 -1.032999996e+01 +3.6592e+00 +3.2000e+00
60002 +2.316605219e-08 +2.316605219e-08 -1.032999998e+01 -1.032999998e+01 +3.6592e+00 +3.2000e+00
60012 +6.211298142e-09 +6.211298142e-09 -1.032999999e+01 -1.032999999e+01 +3.6592e+00 +3.2000e+00
60447 +0.000000000e+00 +0.000000000e+00 -1.033000000e+01 -1.033000000e+01 +3.6592e+00 +3.2000e+00
% function evaluation | noise-free fitness - Fopt (-6.846000000000e+01) | best noise-free fitness - Fopt | measured fitness | best measured fitness | x1 | x2...
1 +1.554663076e+02 +1.554663076e+02 +8.700630758e+01 +8.700630758e+01 +0.0000e+00 +0.0000e+00
2 +4.175646814e+01 +4.175646814e+01 -2.670353186e+01 -2.670353186e+01 +2.4758e+00 -8.6911e-01
3 +1.885223587e+01 +1.885223587e+01 -4.960776413e+01 -4.960776413e+01 +3.9368e+00 +2.3263e+00
19 +1.232206927e+01 +1.232206927e+01 -5.613793073e+01 -5.613793073e+01 +3.3502e+00 +1.4337e+00
30 +6.137543445e+00 +6.137543445e+00 -6.232245656e+01 -6.232245656e+01 +3.9073e+00 +1.9182e+00
80 +2.426969916e+00 +2.426969916e+00 -6.603303008e+01 -6.603303008e+01 +3.5384e+00 +2.5226e+00
280 +1.391046187e+00 +1.391046187e+00 -6.706895381e+01 -6.706895381e+01 +3.5836e+00 +2.5755e+00
61858 +3.802394870e-01 +3.802394870e-01 -6.807976051e+01 -6.807976051e+01 +3.5513e+00 +2.5960e+00
% function evaluation | noise-free fitness - Fopt (-1.314900000000e+02) | best noise-free fitness - Fopt | measured fitness | best measured fitness | x1 | x2...
1 +6.120360097e+01 +6.120360097e+01 -7.028639903e+01 -7.028639903e+01 +0.0000e+00 +0.0000e+00
3 +2.816338940e+01 +2.816338940e+01 -1.033266106e+02 -1.033266106e+02 -3.3566e+00 -3.2458e-01
9 +2.308435296e+01 +2.308435296e+01 -1.084056470e+02 -1.084056470e+02 -2.7591e+00 -6.8398e-02
13 +7.385244478e+00 +7.385244478e+00 -1.241047555e+02 -1.241047555e+02 -2.1410e+00 -3.3351e-01
84 +4.904347660e+00 +4.904347660e+00 -1.265856523e+02 -1.265856523e+02 -3.7865e+00 -8.8937e-01
171 +2.756429651e+00 +2.756429651e+00 -1.287335703e+02 -1.287335703e+02 -2.0511e+00 +6.2003e-01
206 +2.628038407e+00 +2.628038407e+00 -1.288619616e+02 -1.288619616e+02 -2.0662e+00 +5.9013e-01
219 +2.563835228e+00 +2.563835228e+00 -1.289261648e+02 -1.289261648e+02 -2.0473e+00 +6.2077e-01
229 +2.202878842e+00 +2.202878842e+00 -1.292871212e+02 -1.292871212e+02 -2.0448e+00 +6.1472e-01
237 +2.068320723e+00 +2.068320723e+00 -1.294216793e+02 -1.294216793e+02 -2.0381e+00 +6.1345e-01
255 +2.027995137e+00 +2.027995137e+00 -1.294620049e+02 -1.294620049e+02 -2.0393e+00 +6.1006e-01
342 +1.993228353e+00 +1.993228353e+00 -1.294967716e+02 -1.294967716e+02 -2.0420e+00 +6.0327e-01
33892 +1.122202574e+00 +1.122202574e+00 -1.303677974e+02 -1.303677974e+02 -2.8340e+00 -7.5232e-01
65823 +1.094593229e+00 +1.094593229e+00 -1.303954068e+02 -1.303954068e+02 -3.7060e+00 -8.5266e-01
65837 +1.000152187e+00 +1.000152187e+00 -1.304898478e+02 -1.304898478e+02 -3.7177e+00 -8.6900e-01
65890 +9.990976161e-01 +9.990976161e-01 -1.304909024e+02 -1.304909024e+02 -3.7173e+00 -8.6793e-01
