% function evaluation | noise-free fitness - Fopt (-5.465000000000e+02) | best noise-free fitness - Fopt | measured fitness | best measured fitness | x1 | x2...
1 +1.033747614e+04 +1.033747614e+04 +9.790976136e+03 +9.790976136e+03 +0.0000e+00 +0.0000e+00 +0.0000e+00 +0.0000e+00 +0.0000e+00 +0.0000e+00 +0.0000e+00 +0.0000e+00 +0.0000e+00 +0.0000e+00
5 +1.343981991e+03 +1.343981991e+03 +7.974819910e+02 +7.974819910e+02 -5.9481e-01 +1.8026e-01 +1.3746e+00 -1.4546e+00 +2.9295e-01 -3.2102e-01 +4.3601e-01 +1.1405e+00 -8.5472e-01 +1.3566e+00
19 +1.728773341e+02 +1.728773341e+02 -3.736226659e+02 -3.736226659e+02 -1.1502e+00 +3.4487e-01 +2.4572e+00 -1.8381e+00 +6.5891e-01 -1.0937e+00 +8.2243e-02 +1.0868e+00 -1.0004e+00 +1.2202e+00
56 +6.195310296e+00 +6.195310296e+00 -5.403046897e+02 -5.403046897e+02 -4.5526e-01 +2.9285e+00 +1.1529e+00 -1.6599e+00 +1.3646e-01 -7.5331e-01 -2.0801e+00 +1.4633e+00 -1.3876e+00 +1.5450e+00
141 +4.204952412e+00 +4.204952412e+00 -5.422950476e+02 -5.422950476e+02 -2.4158e+00 +1.9269e+00 -2.4508e-01 -1.6024e+00 +1.3102e+00 -3.8366e-01 -2.3026e+00 +3.8820e-01 -1.6525e+00 +2.2550e+00
351 +4.053544318e+00 +4.053544318e+00 -5.424464557e+02 -5.424464557e+02 +1.3970e-01 -8.6387e-01 +1.1781e+00 -4.3805e-01 +1.5690e+00 -3.4416e-01 -5.6287e-01 +1.0322e+00 -1.4324e+00 +1.7153e+00
390 +3.246887239e+00 +3.246887239e+00 -5.432531128e+02 -5.432531128e+02 -6.3461e-01 -4.1812e-01 +1.2913e+00 -8.9647e-01 +2.4631e+00 -1.1263e-01 -2.1373e+00 +1.2631e+00 -1.7120e+00 +1.0303e+00
486 +3.076661331e+00 +3.076661331e+00 -5.434233387e+02 -5.434233387e+02 -1.4713e+00 -1.7861e+00 +2.8518e-01 -1.9529e+00 +6.8089e-01 -5.3182e-01 -1.6108e+00 +7.6890e-01 -1.1745e+00 +1.9550e+00
565 +2.749347826e+00 +2.749347826e+00 -5.437506522e+02 -5.437506522e+02 -1.6761e+00 -5.7843e-02 +2.7400e-03 -1.8373e+00 +1.5362e+00 -1.0241e+00 -1.1121e+00 +8.7266e-01 -2.3856e+00 +8.7783e-01
1079 +2.594283795e+00 +2.594283795e+00 -5.439057162e+02 -5.439057162e+02 -2.0956e+00 +9.6455e-01 +1.5470e+00 -1.5287e+00 +8.8055e-01 -5.2049e-01 -7.1275e-01 +1.6716e+00 -1.6080e+00 +2.2015e+00
1189 +2.300822430e+00 +2.300822430e+00 -5.441991776e+02 -5.441991776e+02 -1.9403e+00 +4.6155e-01 +2.6462e+00 -1.7996e+00 +1.5379e+00 -4.0535e-01 -1.3085e+00 +2.3742e+00 -1.9153e+00 +2.1424e+00
3857 +2.111786144e+00 +2.111786144e+00 -5.443882139e+02 -5.443882139e+02 -2.1675e+00 -3.2181e-01 +6.3087e-01 -1.1778e+00 +2.3666e+00 -1.0219e-01 -2.0356e+00 +1.7111e+00 -8.6621e-01 +1.3120e+00
4356 +1.981400304e+00 +1.981400304e+00 -5.445185997e+02 -5.445185997e+02 -2.0545e+00 -1.0646e+00 -1.3527e-01 -8.7840e-01 +2.5306e-01 -2.6756e+00 -1.4376e+00 +2.2997e+00 -1.3437e+00 +2.2856e+00
4631 +1.911291478e+00 +1.911291478e+00 -5.445887085e+02 -5.445887085e+02 -2.0680e+00 -9.0221e-01 +9.6968e-01 -2.3568e+00 -1.6153e-01 -2.6608e+00 -1.0311e+00 +1.9436e+00 -1.1388e+00 +2.3634e+00
5482 +1.815688698e+00 +1.815688698e+00 -5.446843113e+02 -5.446843113e+02 -1.9927e+00 -3.7910e-01 +1.8911e+00 -2.1167e+00 +4.9807e-01 -2.4779e+00 -1.9774e+00 +1.3196e+00 -9.3875e-01 +2.4399e+00
5574 +1.740255531e+00 +1.740255531e+00 -5.447597445e+02 -5.447597445e+02 -1.9883e+00 +2.2293e-01 +1.7471e+00 -2.2496e+00 +2.7495e-01 -2.5309e+00 -1.9946e+00 +1.0433e+00 -1.0525e+00 +2.3572e+00
5676 +1.665308412e+00 +1.665308412e+00 -5.448346916e+02 -5.448346916e+02 -2.0863e+00 +5.3778e-01 +1.3400e+00 -2.2339e+00 -1.5616e-01 -2.6804e+00 -1.9491e+00 +1.3783e+00 -9.7130e-01 +2.4119e+00
5773 +1.514855123e+00 +1.514855123e+00 -5.449851449e+02 -5.449851449e+02 -2.1092e+00 +4.7612e-01 +1.5823e+00 -2.2374e+00 -3.4153e-02 -2.7090e+00 -1.9964e+00 +1.2198e+00 -1.0393e+00 +2.3979e+00
5828 +1.331772423e+00 +1.331772423e+00 -5.451682276e+02 -5.451682276e+02 -2.0863e+00 +1.0456e+00 +1.4594e+00 -2.1766e+00 -5.8339e-03 -2.6542e+00 -1.9524e+00 +1.0270e+00 -1.0683e+00 +2.3239e+00
6430 +1.082942341e+00 +1.082942341e+00 -5.454170577e+02 -5.454170577e+02 -2.1274e+00 +9.5234e-01 +1.5829e+00 -2.2519e+00 -1.2944e-01 -2.6933e+00 -1.9781e+00 +6.7969e-01 -1.1279e+00 +2.3474e+00
7225 +1.048815498e+00 +1.048815498e+00 -5.454511845e+02 -5.454511845e+02 -2.0349e+00 +1.1708e+00 +1.4798e+00 -2.2684e+00 -1.7475e-01 -2.6663e+00 -1.9553e+00 +6.9910e-01 -1.2049e+00 +2.3579e+00
7341 +9.840116129e-01 +9.840116129e-01 -5.455159884e+02 -5.455159884e+02 -2.0238e+00 +1.2521e+00 +1.4061e+00 -2.3183e+00 -1.0137e-01 -2.6402e+00 -1.9770e+00 +6.8163e-01 -1.1916e+00 +2.3360e+00
7506 +8.643854570e-01 +8.643854570e-01 -5.456356145e+02 -5.456356145e+02 -2.0843e+00 +1.1196e+00 +1.4993e+00 -2.1963e+00 -8.5798e-02 -2.6450e+00 -1.9407e+00 +6.7283e-01 -1.1706e+00 +2.3444e+00
8259 +8.275502435e-01 +8.275502435e-01 -5.456724498e+02 -5.456724498e+02 -2.0988e+00 +1.1525e+00 +1.4982e+00 -2.2350e+00 -8.8260e-02 -2.6459e+00 -1.9827e+00 +6.5784e-01 -1.1411e+00 +2.3402e+00
8593 +8.119600838e-01 +8.119600838e-01 -5.456880399e+02 -5.456880399e+02 -2.1227e+00 +1.1421e+00 +1.5061e+00 -2.2390e+00 -1.2188e-01 -2.6696e+00 -1.9537e+00 +6.6651e-01 -1.1627e+00 +2.3295e+00
10383 +7.926229815e-01 +7.926229815e-01 -5.457073770e+02 -5.457073770e+02 -2.1126e+00 +1.1624e+00 +1.5036e+00 -2.2604e+00 -1.0671e-01 -2.6535e+00 -1.9656e+00 +6.6030e-01 -1.1655e+00 +2.3385e+00
% function evaluation | noise-free fitness - Fopt (1.000000000000e+03) | best noise-free fitness - Fopt | measured fitness | best measured fitness | x1 | x2...
1 +1.033747614e+04 +1.033747614e+04 +1.133747614e+04 +1.133747614e+04 +0.0000e+00 +0.0000e+00 +0.0000e+00 +0.0000e+00 +0.0000e+00 +0.0000e+00 +0.0000e+00 +0.0000e+00 +0.0000e+00 +0.0000e+00
4 +9.704913233e+03 +9.704913233e+03 +1.070491323e+04 +1.070491323e+04 +3.7826e-01 -3.6493e-01 +3.4969e-01 -1.5059e-01 +7.6119e-01 -1.2020e+00 +9.5076e-01 +1.3045e+00 -8.4432e-01 -1.5337e+00
13 +8.061191945e+03 +8.061191945e+03 +9.061191945e+03 +9.061191945e+03 +2.7412e+00 -1.2910e+00 -8.6836e-01 +3.8313e-01 +6.2488e-02 +7.3103e-02 +1.4490e+00 +2.7425e+00 -1.9739e+00 -1.8888e-01
24 +2.709657068e+03 +2.709657068e+03 +3.709657068e+03 +3.709657068e+03 -1.4856e-01 -1.5933e+00 -1.0487e+00 +1.6381e+00 -3.1328e-01 +8.9682e-01 +7.7979e-01 +2.6927e+00 -1.8257e+00 -2.0171e+00
25 +2.590306745e+03 +2.590306745e+03 +3.590306745e+03 +3.590306745e+03 +3.0794e+00 -2.0982e+00 +2.8536e-01 +1.6786e+00 -7.5048e-01 +1.6236e+00 +5.7475e-02 +1.1474e+00 -1.0518e+00 -1.2960e+00
28 +2.092727655e+03 +2.092727655e+03 +3.092727655e+03 +3.092727655e+03 +3.1690e+00 -5.0502e-01 -1.8722e-01 -7.8527e-01 -1.2232e+00 +7.7618e-01 -6.6161e-01 +2.5797e+00 -2.9015e+00 -3.3002e-01
80 +8.755484692e+02 +8.755484692e+02 +1.875548469e+03 +1.875548469e+03 +1.4329e+00 +6.3836e-01 +8.6299e-01 +6.2445e-02 -3.2360e+00 -1.3208e+00 -1.6883e+00 +1.1722e+00 -2.2720e+00 -1.6312e+00
93 +9.228685639e+01 +9.228685639e+01 +1.092286856e+03 +1.092286856e+03 +2.1982e+00 -4.4173e-01 +8.4772e-01 -1.9114e+00 -1.3175e+00 +1.6225e+00 -2.3859e+00 -3.7243e-02 -1.2380e+00 -8.6799e-01
136 +3.996567590e+00 +3.996567590e+00 +1.003996568e+03 +1.003996568e+03 +7.8480e-01 -3.9086e-02 -6.0961e-01 -1.9765e+00 -1.4406e+00 -1.2703e-01 -1.5689e+00 +8.4069e-01 -1.7526e+00 -1.9004e+00
190 +3.665968383e+00 +3.665968383e+00 +1.003665968e+03 +1.003665968e+03 +1.3639e+00 -6.5327e-02 +3.4987e-01 -2.7832e+00 -4.4853e-01 +9.9615e-01 -7.9022e-01 +1.5633e+00 -1.4901e+00 -8.8755e-01
339 +2.655671852e+00 +2.655671852e+00 +1.002655672e+03 +1.002655672e+03 +1.3734e+00 +1.4640e-01 +1.7878e-01 -2.7929e+00 -1.9599e+00 +1.1484e+00 -7.3602e-01 +1.9561e+00 -2.1177e+00 -1.8776e+00
2559 +2.427507291e+00 +2.427507291e+00 +1.002427507e+03 +1.002427507e+03 -6.2412e-02 +4.2875e-01 +3.6985e-01 -1.8775e+00 -2.1464e+00 +2.4315e-01 -2.5494e+00 +4.9879e-01 -2.6296e+00 -1.6374e+00
3107 +2.318044922e+00 +2.318044922e+00 +1.002318045e+03 +1.002318045e+03 -2.0464e+00 +2.5539e-01 -2.6742e+00 -1.8772e+00 -1.5408e+00 +7.9082e-01 -2.4115e+00 +1.9978e-01 -2.2048e+00 -1.2759e+00
3173 +2.229754126e+00 +2.229754126e+00 +1.002229754e+03 +1.002229754e+03 -2.1836e-01 +3.6172e-01 -2.5048e+00 -1.8491e+00 -2.3205e+00 +1.0125e+00 -2.3827e+00 +5.7419e-01 -2.4550e+00 -8.2440e-01
4262 +1.981289844e+00 +1.981289844e+00 +1.001981290e+03 +1.001981290e+03 -1.9883e+00 +1.6868e-01 -4.6113e-01 -2.5019e+00 -2.7774e-01 +1.3049e+00 -2.2721e+00 +5.0994e-01 -2.4939e+00 -1.9798e+00
4522 +1.832494352e+00 +1.832494352e+00 +1.001832494e+03 +1.001832494e+03 -2.1889e+00 +2.0356e+00 +6.0130e-01 -1.0952e+00 -2.5001e+00 +1.1161e+00 -2.3521e+00 +5.8556e-01 -2.4454e+00 -1.9363e+00
4770 +1.783506489e+00 +1.783506489e+00 +1.001783506e+03 +1.001783506e+03 -2.1980e+00 +2.0599e+00 +5.7877e-01 -2.5438e+00 -1.9056e+00 +1.3330e+00 -2.3535e+00 +5.2343e-01 -2.4407e+00 -2.0656e+00
4800 +1.674038145e+00 +1.674038145e+00 +1.001674038e+03 +1.001674038e+03 -2.0894e+00 +2.1053e+00 +6.9007e-01 -2.6949e+00 -1.9425e+00 +1.5743e+00 -2.3776e+00 +6.2553e-01 -2.5816e+00 -2.0498e+00
4881 +1.480332195e+00 +1.480332195e+00 +1.001480332e+03 +1.001480332e+03 -2.1795e+00 +2.2227e+00 +8.3771e-01 -2.8958e+00 -1.8175e+00 +1.6216e+00 -2.2187e+00 +7.1387e-01 -2.4513e+00 -1.6249e+00
5194 +1.374501371e+00 +1.374501371e+00 +1.001374501e+03 +1.001374501e+03 -2.0921e+00 +2.2434e+00 -3.2485e-02 -7.0070e-01 -2.4834e+00 +2.0356e+00 -2.0712e+00 +6.2021e-01 -2.4662e+00 -9.4870e-01
5659 +1.307095383e+00 +1.307095383e+00 +1.001307095e+03 +1.001307095e+03 -2.0807e+00 +2.1377e+00 -3.4743e-01 -1.4940e-01 -2.6256e+00 +1.3598e+00 -2.2769e+00 +6.1485e-01 -2.5215e+00 -8.0565e-01
6099 +1.211881299e+00 +1.211881299e+00 +1.001211881e+03 +1.001211881e+03 -2.1386e+00 +2.0314e+00 -7.9416e-01 -6.6342e-02 -2.5981e+00 +1.3889e+00 -2.3358e+00 +5.6578e-01 -2.4520e+00 -8.6212e-01
7219 +1.201495515e+00 +1.201495515e+00 +1.001201496e+03 +1.001201496e+03 -2.1455e+00 +1.1698e+00 +4.5710e-01 -1.9032e+00 -2.1340e+00 +1.4862e+00 -2.2789e+00 +5.5195e-01 -2.4815e+00 -8.7132e-01
7472 +1.157134722e+00 +1.157134722e+00 +1.001157135e+03 +1.001157135e+03 -2.0860e+00 +1.0566e+00 +3.4656e-01 -2.0019e+00 -2.1296e+00 +1.4986e+00 -2.2530e+00 +5.7714e-01 -2.4826e+00 -8.7401e-01
7782 +1.091314856e+00 +1.091314856e+00 +1.001091315e+03 +1.001091315e+03 -2.1268e+00 +1.1527e+00 +4.2669e-01 -1.9504e+00 -2.1104e+00 +1.5300e+00 -2.2715e+00 +6.1264e-01 -2.4762e+00 -8.7000e-01
8468 +1.067255238e+00 +1.067255238e+00 +1.001067255e+03 +1.001067255e+03 -2.1974e+00 +1.1212e+00 +4.4979e-01 -2.0021e+00 -2.1510e+00 +1.5318e+00 -2.2552e+00 +5.7577e-01 -2.4875e+00 -8.7164e-01
8782 +1.042225375e+00 +1.042225375e+00 +1.001042225e+03 +1.001042225e+03 -2.0636e+00 +1.1699e+00 +4.5813e-01 -2.0104e+00 -2.1489e+00 +1.5344e+00 -2.2678e+00 +5.9727e-01 -2.4839e+00 -8.7446e-01
9577 +1.012797902e+00 +1.012797902e+00 +1.001012798e+03 +1.001012798e+03 -2.0936e+00 +1.1555e+00 +4.5843e-01 -2.0194e+00 -2.1341e+00 +1.5176e+00 -2.2508e+00 +5.9467e-01 -2.4876e+00 -8.6652e-01
% function evaluation | noise-free fitness - Fopt (2.083800000000e+02) | best noise-free fitness - Fopt | measured fitness | best measured fitness | x1 | x2...
1 +1.033747614e+04 +1.033747614e+04 +1.054585614e+04 +1.054585614e+04 +0.0000e+00 +0.0000e+00 +0.0000e+00 +0.0000e+00 +0.0000e+00 +0.0000e+00 +0.0000e+00 +0.0000e+00 +0.0000e+00 +0.0000e+00
2 +6.610212846e+03 +6.610212846e+03 +6.818592846e+03 +6.818592846e+03 +6.8127e-02 -1.5965e+00 +7.8960e-01 -9.8173e-01 +2.2340e+00 -4.5384e-01 +3.6045e-01 -9.7314e-01 -2.8170e+00 +1.8493e+00
3 +5.977227107e+03 +5.977227107e+03 +6.185607107e+03 +6.185607107e+03 -9.8384e-01 +1.2589e+00 +2.1567e+00 -1.7964e+00 +6.7009e-01 +1.0544e+00 +9.9269e-01 -1.0106e+00 -1.5816e+00 +1.1788e+00
4 +5.291572419e+03 +5.291572419e+03 +5.499952419e+03 +5.499952419e+03 -8.5739e-01 +4.1099e-01 -1.3994e-01 +1.7020e+00 +2.6371e+00 +2.8134e-01 +7.0862e-01 -8.1740e-01 -1.2637e+00 +2.8299e+00
23 +4.166329453e+03 +4.166329453e+03 +4.374709453e+03 +4.374709453e+03 -2.1763e+00 +1.4272e+00 +1.2142e+00 +1.0052e+00 +2.3371e+00 +1.4361e+00 -3.4061e-01 -2.7528e-01 -3.3384e+00 +1.9916e+00
25 +2.682425604e+02 +2.682425604e+02 +4.766225604e+02 +4.766225604e+02 -8.1136e-01 +1.3530e+00 +1.6490e+00 +1.9865e+00 +1.3152e+00 +3.5606e-01 +1.5039e+00 +4.2691e-02 -1.5422e+00 +1.4830e+00
35 +1.323099868e+02 +1.323099868e+02 +3.406899868e+02 +3.406899868e+02 -1.7238e+00 +2.0075e+00 +1.3031e+00 +1.2774e+00 +2.8836e+00 +1.3051e+00 +1.3068e+00 +7.9640e-01 -2.6076e+00 +1.9187e+00
42 +7.587566221e+01 +7.587566221e+01 +2.842556622e+02 +2.842556622e+02 -9.4864e-01 +3.1097e+00 +1.2281e+00 -5.4055e-01 +2.3194e+00 +5.2075e-01 +9.6198e-01 +9.7249e-01 -2.5450e+00 +7.9449e-01
91 +1.435086643e+01 +1.435086643e+01 +2.227308664e+02 +2.227308664e+02 -3.8927e-01 +8.6147e-01 +2.7630e+00 +6.8140e-01 +2.7852e+00 +1.4191e+00 +1.1224e+00 +1.7678e+00 -1.8386e+00 +1.5958e+00
227 +4.437350291e+00 +4.437350291e+00 +2.128173503e+02 +2.128173503e+02 -1.4540e+00 +1.1612e+00 +4.0613e-01 +1.2893e+00 +2.0788e+00 +1.6762e+00 +9.8163e-01 +8.2162e-01 -2.1363e+00 +1.1920e+00
299 +3.297931746e+00 +3.297931746e+00 +2.116779317e+02 +2.116779317e+02 +1.3190e-02 +1.0182e+00 -6.2694e-01 +8.1819e-01 +2.3546e+00 +1.1961e+00 +1.0094e+00 +1.9127e+00 -2.0558e+00 +1.7623e+00
940 +3.069936497e+00 +3.069936497e+00 +2.114499365e+02 +2.114499365e+02 +8.8405e-01 +2.5842e+00 +1.9841e+00 +1.3964e+00 +7.9460e-01 +1.7973e+00 +1.2287e+00 +2.2956e+00 -1.2435e+00 +1.4899e+00
972 +2.389110104e+00 +2.389110104e+00 +2.107691101e+02 +2.107691101e+02 -1.1287e+00 +2.3929e+00 +1.8286e+00 +2.2291e+00 +1.0511e+00 +2.3633e+00 +1.1534e+00 +9.8253e-01 -1.6101e+00 +1.0846e+00
1571 +2.274361131e+00 +2.274361131e+00 +2.106543611e+02 +2.106543611e+02 -1.9785e+00 -1.1431e+00 +8.3068e-01 +1.7092e+00 +8.5590e-02 +1.7094e+00 +6.4007e-01 +1.0663e+00 -2.3254e+00 +8.4956e-01
5385 +1.984997892e+00 +1.984997892e+00 +2.103649979e+02 +2.103649979e+02 -2.1121e+00 +1.1999e+00 +2.8619e-01 +2.6133e+00 -1.2994e-01 +2.6576e+00 +1.0530e+00 +2.4694e+00 -7.5804e-01 +2.0558e+00
5864 +1.875044861e+00 +1.875044861e+00 +2.102550449e+02 +2.102550449e+02 -2.1143e+00 +1.1892e+00 +2.4935e+00 +6.1663e-01 +4.8190e-01 +2.4782e+00 +1.1492e+00 +2.2692e+00 -2.0875e+00 +2.1188e+00
5898 +1.322900758e+00 +1.322900758e+00 +2.097029008e+02 +2.097029008e+02 -2.1334e+00 +1.0877e+00 +2.4304e+00 +1.6601e-01 +3.1486e-01 +2.5722e+00 +1.2385e+00 +2.3205e+00 -2.0428e+00 +2.1119e+00
6933 +1.226511898e+00 +1.226511898e+00 +2.096065119e+02 +2.096065119e+02 -2.0899e+00 -3.3121e-01 +2.7470e+00 +1.1657e+00 +1.7149e-01 +2.5895e+00 +1.4837e+00 +2.2831e+00 -8.2930e-01 +2.3944e+00
8904 +1.194428332e+00 +1.194428332e+00 +2.095744283e+02 +2.095744283e+02 -2.0632e+00 +1.1186e+00 +2.3075e+00 +1.7849e-01 +4.0443e-01 +2.5104e+00 +1.5068e+00 +2.2547e+00 -1.0858e+00 +2.3590e+00
9725 +1.174656637e+00 +1.174656637e+00 +2.095546566e+02 +2.095546566e+02 -2.1276e+00 +1.1319e+00 +2.3211e+00 +1.9118e-01 +4.1479e-01 +2.5174e+00 +1.5213e+00 +2.2558e+00 -1.0812e+00 +2.3527e+00
11377 +1.146954415e+00 +1.146954415e+00 +2.095269544e+02 +2.095269544e+02 -2.1051e+00 +1.1470e+00 +2.3493e+00 +1.9301e-01 +4.1746e-01 +2.5307e+00 +1.4946e+00 +2.2594e+00 -1.0871e+00 +2.3617e+00
% function evaluation | noise-free fitness - Fopt (-1.449600000000e+02) | best noise-free fitness - Fopt | measured fitness | best measured fitness | x1 | x2...
1 +1.033747614e+04 +1.033747614e+04 +1.019251614e+04 +1.019251614e+04 +0.0000e+00 +0.0000e+00 +0.0000e+00 +0.0000e+00 +0.0000e+00 +0.0000e+00 +0.0000e+00 +0.0000e+00 +0.0000e+00 +0.0000e+00
16 +5.609636493e+03 +5.609636493e+03 +5.464676493e+03 +5.464676493e+03 -4.2625e-01 -8.7429e-01 +1.0774e+00 -4.1500e-01 -7.3030e-01 +1.0536e+00 +1.3790e+00 +2.1921e+00 -1.8021e+00 +2.7794e-01
20 +2.335639628e+03 +2.335639628e+03 +2.190679628e+03 +2.190679628e+03 -1.6302e+00 -1.3949e+00 +1.7845e+00 -9.5586e-01 +5.8089e-01 +5.5778e-01 -1.1340e+00 +3.1039e+00 -2.6359e+00 +1.1041e+00
23 +1.798248673e+03 +1.798248673e+03 +1.653288673e+03 +1.653288673e+03 -1.5274e+00 -1.0912e+00 +2.3526e+00 -1.2338e+00 +1.3668e-01 +1.7800e+00 -1.1177e+00 +2.6596e+00 -2.6369e+00 +1.8723e+00
25 +4.970120324e+01 +4.970120324e+01 -9.525879676e+01 -9.525879676e+01 -1.1517e+00 -4.4850e-01 +1.2903e+00 +2.7287e-01 -4.5187e-01 +9.3320e-01 -2.0864e+00 +2.2526e+00 -1.5651e+00 +1.1086e+00
32 +4.848441291e+00 +4.848441291e+00 -1.401115587e+02 -1.401115587e+02 -1.4074e+00 -6.5818e-01 -7.3922e-03 -7.1171e-01 -1.9490e+00 +1.0313e+00 -4.4784e-01 +1.4545e+00 -2.1344e+00 +1.2236e+00
175 +4.505269504e+00 +4.505269504e+00 -1.404547305e+02 -1.404547305e+02 +2.0594e+00 -1.3348e+00 -5.8840e-01 -1.0849e+00 -1.3093e+00 +1.2492e+00 -1.1246e+00 +2.4027e+00 -1.7902e+00 +1.6759e+00
186 +4.190070040e+00 +4.190070040e+00 -1.407699300e+02 -1.407699300e+02 +2.0907e+00 -9.9561e-01 -1.5200e+00 -1.5397e+00 -2.3479e+00 +1.3159e+00 -1.0859e+00 +2.0283e+00 -1.0431e+00 +1.4674e+00
236 +3.410471758e+00 +3.410471758e+00 -1.415495282e+02 -1.415495282e+02 -1.7055e-01 -2.5110e+00 +7.7276e-01 -1.7803e+00 +4.8184e-01 +4.4292e-01 -2.1349e+00 +1.7008e+00 -8.8243e-01 +2.3635e+00
339 +3.134988929e+00 +3.134988929e+00 -1.418250111e+02 -1.418250111e+02 +1.5172e+00 -8.2847e-01 -3.0749e-01 -1.9382e+00 +5.7803e-01 +1.8062e+00 -1.2951e+00 +2.3083e+00 -1.7324e+00 +7.5593e-01
987 +2.649981593e+00 +2.649981593e+00 -1.423100184e+02 -1.423100184e+02 -2.0242e+00 +8.8275e-01 -2.7086e+00 -1.9644e+00 +2.4500e-01 +6.9530e-01 -1.7336e+00 +2.1312e+00 -1.5697e+00 +1.1110e+00
1547 +2.565841391e+00 +2.565841391e+00 -1.423941586e+02 -1.423941586e+02 -2.1850e+00 -1.3385e+00 -1.1230e+00 -2.3392e+00 -1.3045e+00 +1.2557e+00 -5.5633e-01 +2.0179e+00 -7.6259e-01 +2.4413e+00
1743 +2.408977415e+00 +2.408977415e+00 -1.425510226e+02 -1.425510226e+02 -3.0417e-01 -2.7562e+00 -2.0583e+00 -2.1775e+00 -2.0557e+00 +6.9597e-01 -1.3308e+00 +8.3230e-01 -1.6233e+00 +1.9336e+00
4639 +1.797525574e+00 +1.797525574e+00 -1.431624744e+02 -1.431624744e+02 +1.5494e+00 +1.2272e-01 -2.6460e+00 -1.9532e+00 -7.3529e-03 +2.0639e+00 -1.7132e+00 +3.5250e-01 -1.2634e+00 +1.9801e+00
7308 +1.471455478e+00 +1.471455478e+00 -1.434885445e+02 -1.434885445e+02 +1.5706e+00 +1.5172e-01 +9.0282e-01 -2.9180e+00 +2.9087e-01 +2.6715e+00 -1.4538e+00 +2.2683e+00 -1.6375e+00 +1.3503e+00
8100 +1.345427007e+00 +1.345427007e+00 -1.436145730e+02 -1.436145730e+02 +1.4954e+00 +2.5305e-01 +8.5303e-01 -2.8266e+00 +2.4344e-01 +2.6457e+00 -1.5212e+00 +2.2439e+00 -7.5302e-01 +1.3412e+00
8201 +1.273148948e+00 +1.273148948e+00 -1.436868511e+02 -1.436868511e+02 +1.5655e+00 +1.8903e-01 +8.5330e-01 -2.8373e+00 +2.3718e-01 +2.6433e+00 -1.4988e+00 +2.2528e+00 -7.8480e-01 +1.3167e+00
8447 +1.236260086e+00 +1.236260086e+00 -1.437237399e+02 -1.437237399e+02 +1.5133e+00 +1.6052e-01 +8.4332e-01 -2.8077e+00 +2.2482e-01 +2.6611e+00 -1.4635e+00 +2.2863e+00 -7.6208e-01 +1.3010e+00
8725 +1.228927942e+00 +1.228927942e+00 -1.437310721e+02 -1.437310721e+02 +1.4186e+00 +2.1527e-01 +8.8130e-01 -2.8101e+00 +2.9968e-01 +2.7122e+00 -1.4111e+00 +2.2707e+00 -7.6172e-01 +1.3234e+00
8914 +1.183037408e+00 +1.183037408e+00 -1.437769626e+02 -1.437769626e+02 +1.5742e+00 +1.7950e-01 +8.9211e-01 -2.8952e+00 +2.7290e-01 +2.6621e+00 -1.4273e+00 +2.2465e+00 -7.5615e-01 +1.2812e+00
9401 +1.096308807e+00 +1.096308807e+00 -1.438636912e+02 -1.438636912e+02 +1.5038e+00 +2.5151e-01 +8.7460e-01 -2.8494e+00 +2.6172e-01 +2.7168e+00 -1.4442e+00 +2.2759e+00 -7.5953e-01 +1.3042e+00
10310 +1.066064028e+00 +1.066064028e+00 -1.438939360e+02 -1.438939360e+02 +1.5150e+00 +1.9340e-01 +8.8733e-01 -2.8240e+00 +2.5853e-01 +2.6982e+00 -1.4487e+00 +2.2798e+00 -7.6487e-01 +1.3011e+00
12796 +1.046723882e+00 +1.046723882e+00 -1.439132761e+02 -1.439132761e+02 +1.5243e+00 +1.7053e-01 +8.9326e-01 -2.8549e+00 +2.5053e-01 +2.6960e+00 -1.4503e+00 +2.2698e+00 -7.6732e-01 +1.2969e+00
% function evaluation | noise-free fitness - Fopt (-6.300000000000e+00) | best noise-free fitness - Fopt | measured fitness | best measured fitness | x1 | x2...
1 +1.033747614e+04 +1.033747614e+04 +1.033117614e+04 +1.033117614e+04 +0.0000e+00 +0.0000e+00 +0.0000e+00 +0.0000e+00 +0.0000e+00 +0.0000e+00 +0.0000e+00 +0.0000e+00 +0.0000e+00 +0.0000e+00
12 +1.016839498e+04 +1.016839498e+04 +1.016209498e+04 +1.016209498e+04 -6.5458e-01 -6.6681e-01 -1.5805e+00 +5.7791e-01 -1.1748e+00 +5.5376e-01 -9.7959e-01 -1.1833e+00 +3.7499e+00 +1.8829e+00
19 +6.634145335e+03 +6.634145335e+03 +6.627845335e+03 +6.627845335e+03 -1.2456e+00 -1.5325e-01 -2.6447e-01 -1.7699e+00 -4.8465e-01 +4.4928e-01 -7.5848e-01 -1.4100e-01 +2.7598e+00 +7.2667e-01
42 +3.704422341e+03 +3.704422341e+03 +3.698122341e+03 +3.698122341e+03 -8.0901e-01 -1.0708e+00 -3.3557e+00 -1.4947e+00 -1.0770e-01 -5.3961e-01 -8.1508e-01 -2.1213e+00 +1.1005e+00 +2.9250e+00
46 +1.767329188e+03 +1.767329188e+03 +1.761029188e+03 +1.761029188e+03 -4.1799e-01 +2.3868e-01 +5.5814e-01 -1.7770e+00 -3.5228e+00 +9.1820e-02 +5.2210e-01 -1.2761e+00 +1.9331e+00 +1.6826e+00
54 +1.718524619e+03 +1.718524619e+03 +1.712224619e+03 +1.712224619e+03 -1.0279e-01 -3.0335e-01 +7.7499e-01 -1.7136e+00 -1.8713e+00 -2.1395e-01 +1.9968e+00 -1.6371e-01 +2.7728e+00 +1.6739e+00
74 +4.885289493e+02 +4.885289493e+02 +4.822289493e+02 +4.822289493e+02 +1.5505e+00 +2.7312e-01 -1.8401e+00 -1.6036e+00 -1.1558e+00 +3.7622e-01 +1.0379e+00 -1.3683e+00 +2.3100e+00 +5.3714e-01
84 +4.491737577e+02 +4.491737577e+02 +4.428737577e+02 +4.428737577e+02 +2.0281e+00 +2.0132e-01 -1.2128e+00 -1.4367e+00 -9.3722e-01 +1.7164e-01 +3.4027e-01 -2.7609e+00 +1.6342e+00 +1.7525e+00
105 +3.404038559e+02 +3.404038559e+02 +3.341038559e+02 +3.341038559e+02 +1.3114e+00 -1.0638e+00 -3.0782e+00 -1.6695e+00 -1.0991e+00 +1.5951e-01 +3.2427e-01 -2.7260e+00 +1.8581e+00 +2.1225e+00
214 +1.172053022e+02 +1.172053022e+02 +1.109053022e+02 +1.109053022e+02 +3.0305e+00 +1.6776e+00 -1.2224e+00 -4.4309e-01 -1.2084e+00 -4.0418e-01 +2.6007e+00 -6.6624e-01 +1.4116e+00 +2.1893e+00
227 +4.332714795e+00 +4.332714795e+00 -1.967285205e+00 -1.967285205e+00 +1.7730e+00 +6.7346e-01 +3.8468e-01 +9.0946e-01 -7.5089e-01 -3.1572e-02 +1.8060e+00 -1.2214e+00 +1.1224e+00 +2.4526e+00
281 +4.003140036e+00 +4.003140036e+00 -2.296859964e+00 -2.296859964e+00 -7.6490e-01 -1.1999e-01 -2.5158e+00 -6.7501e-01 -2.8336e+00 -4.5228e-01 +2.5654e+00 -4.0567e-01 +1.0160e+00 +1.0717e+00
495 +2.959856670e+00 +2.959856670e+00 -3.340143330e+00 -3.340143330e+00 +2.0174e+00 +3.5579e-01 -2.7311e+00 -9.3517e-01 -2.1594e+00 -1.5424e+00 +8.0527e-01 -2.4528e+00 +1.6369e+00 +1.6925e+00
1284 +2.901969453e+00 +2.901969453e+00 -3.398030547e+00 -3.398030547e+00 +2.0718e+00 -8.3996e-01 +2.0038e-01 +1.0355e+00 -2.1692e+00 -1.5708e+00 +1.7732e+00 -6.8482e-01 +2.0310e+00 +1.0100e+00
1341 +2.861895627e+00 +2.861895627e+00 -3.438104373e+00 -3.438104373e+00 +2.0002e+00 -6.2851e-01 +3.7461e-01 +1.9135e+00 -1.5206e+00 -9.7737e-01 +7.7756e-01 -1.5795e+00 +1.6187e+00 +1.3745e+00
1344 +2.813358425e+00 +2.813358425e+00 -3.486641575e+00 -3.486641575e+00 +4.8699e-02 -5.4730e-01 -3.6017e-01 +1.9271e+00 -1.5288e+00 -8.2000e-01 +7.6985e-01 -1.9518e+00 +2.2181e+00 +2.1289e+00
1405 +2.650020387e+00 +2.650020387e+00 -3.649979613e+00 -3.649979613e+00 -2.4983e+00 -2.0572e+00 -5.6128e-02 +2.5687e+00 -4.8239e-01 -2.4818e+00 +3.4880e-01 -1.8473e+00 +1.8322e+00 +1.3153e+00
1971 +2.246202302e+00 +2.246202302e+00 -4.053797698e+00 -4.053797698e+00 +1.1574e+00 -2.2207e+00 +6.9827e-01 +2.7260e+00 -1.3641e+00 -1.1652e+00 +1.0976e+00 -2.3841e+00 +1.0711e+00 +1.9730e+00
3186 +2.210720982e+00 +2.210720982e+00 -4.089279018e+00 -4.089279018e+00 +3.9373e-01 -2.4396e+00 +1.2811e+00 +2.9692e+00 -1.2364e+00 -2.3060e+00 +2.0170e+00 -1.3840e+00 +2.3419e+00 +2.1128e+00
3288 +1.925580072e+00 +1.925580072e+00 -4.374419928e+00 -4.374419928e+00 +1.8598e+00 -2.1180e+00 +7.7754e-01 +2.6015e+00 -2.0330e+00 -2.4549e-01 +1.6012e+00 -1.1088e+00 +2.3768e+00 +2.0932e+00
6171 +1.893597985e+00 +1.893597985e+00 -4.406402015e+00 -4.406402015e+00 -1.6227e+00 -2.0519e+00 +7.7660e-01 +2.1868e+00 +1.2302e-01 -2.6009e+00 +2.0355e+00 -5.5629e-01 +2.0611e+00 +2.0711e+00
6744 +1.850026914e+00 +1.850026914e+00 -4.449973086e+00 -4.449973086e+00 -1.5058e+00 -2.1077e+00 +7.1145e-01 +2.6806e+00 -4.1244e-01 -2.5138e+00 +2.0433e+00 -6.4987e-01 +1.5032e+00 +1.6984e+00
6855 +1.747279546e+00 +1.747279546e+00 -4.552720454e+00 -4.552720454e+00 -1.5043e+00 -2.0427e+00 +6.0179e-01 +2.7881e+00 -3.0353e-01 -2.6260e+00 +2.0370e+00 -6.0927e-01 +1.4781e+00 +1.3900e+00
7056 +1.727230167e+00 +1.727230167e+00 -4.572769833e+00 -4.572769833e+00 -1.5280e+00 -2.1670e+00 +7.1229e-01 +2.8330e+00 -2.7262e-01 -2.5474e+00 +2.0210e+00 -6.2569e-01 +1.4612e+00 +1.7335e+00
7561 +1.532332172e+00 +1.532332172e+00 -4.767667828e+00 -4.767667828e+00 -1.4452e+00 -2.0435e+00 +6.8517e-01 +2.8216e+00 -8.8127e-01 -2.4378e+00 +2.0330e+00 -5.9514e-01 +1.4625e+00 +1.1089e+00
7649 +1.469353023e+00 +1.469353023e+00 -4.830646977e+00 -4.830646977e+00 -1.6457e+00 -2.0734e+00 +7.4917e-01 +2.7955e+00 -1.2792e+00 -2.2874e+00 +2.1079e+00 -6.1003e-01 +1.5267e+00 +1.1324e+00
7682 +1.326204066e+00 +1.326204066e+00 -4.973795934e+00 -4.973795934e+00 -1.4716e+00 -1.9983e+00 +7.5110e-01 +2.8342e+00 -1.2501e+00 -2.3164e+00 +2.0529e+00 -6.2508e-01 +1.4722e+00 +1.1331e+00
8076 +1.316159778e+00 +1.316159778e+00 -4.983840222e+00 -4.983840222e+00 -1.5702e+00 -2.0053e+00 +6.5963e-01 +2.8187e+00 -1.2826e+00 -2.3126e+00 +2.0375e+00 -6.6417e-01 +1.4607e+00 +1.1005e+00
8147 +1.259390682e+00 +1.259390682e+00 -5.040609318e+00 -5.040609318e+00 -1.5311e+00 -2.0651e+00 +7.1389e-01 +2.7866e+00 -1.3233e+00 -2.2969e+00 +2.0609e+00 -6.4295e-01 +1.4893e+00 +1.1335e+00
8907 +1.253266543e+00 +1.253266543e+00 -5.046733457e+00 -5.046733457e+00 -1.5426e+00 -2.0815e+00 +6.9273e-01 +2.8270e+00 -1.2537e+00 -2.3475e+00 +2.0513e+00 -6.2571e-01 +1.5014e+00 +1.1026e+00
9255 +1.227230113e+00 +1.227230113e+00 -5.072769887e+00 -5.072769887e+00 -1.4809e+00 -2.0525e+00 +7.1068e-01 +2.8231e+00 -1.2822e+00 -2.3060e+00 +2.0576e+00 -6.4967e-01 +1.4918e+00 +1.1226e+00
% function evaluation | noise-free fitness - Fopt (2.796000000000e+01) | best noise-free fitness - Fopt | measured fitness | best measured fitness | x1 | x2...
1 +1.033747614e+04 +1.033747614e+04 +1.036543614e+04 +1.036543614e+04 +0.0000e+00 +0.0000e+00 +0.0000e+00 +0.0000e+00 +0.0000e+00 +0.0000e+00 +0.0000e+00 +0.0000e+00 +0.0000e+00 +0.0000e+00
4 +8.331582869e+03 +8.331582869e+03 +8.359542869e+03 +8.359542869e+03 -2.4022e+00 -7.8306e-01 -2.1889e+00 -1.3056e+00 +4.1231e-01 -5.4768e-01 +1.0833e+00 -1.1904e+00 +8.1683e-01 -1.7030e+00
5 +2.258471419e+03 +2.258471419e+03 +2.286431419e+03 +2.286431419e+03 +2.3398e+00 -3.9742e-04 -1.9408e-01 +6.1213e-02 -9.3195e-01 -9.7552e-01 +2.2199e+00 -5.6359e-01 +1.8024e-02 -1.5878e+00
15 +2.105091567e+03 +2.105091567e+03 +2.133051567e+03 +2.133051567e+03 +3.6343e+00 -9.8819e-01 +7.3041e-01 +1.7341e+00 +1.2185e-01 -2.3401e+00 +1.0086e+00 -1.3024e-01 -1.9505e+00 -1.3335e+00
16 +2.431879850e+02 +2.431879850e+02 +2.711479850e+02 +2.711479850e+02 +1.5907e+00 +1.4442e-01 -3.6486e-01 -2.4844e-02 -1.0753e+00 -9.2236e-01 +2.6166e+00 +9.6135e-02 -7.8123e-01 -1.1446e+00
85 +1.414049841e+01 +1.414049841e+01 +4.210049841e+01 +4.210049841e+01 +1.6288e+00 +1.0074e+00 -3.0325e-02 -6.5437e-01 +3.8838e-01 -1.6229e+00 +7.4327e-01 -6.4445e-01 -1.7968e+00 -2.2705e+00
168 +8.644026095e+00 +8.644026095e+00 +3.660402609e+01 +3.660402609e+01 +1.5926e+00 +2.0943e-01 -4.2667e-02 -1.0728e+00 -2.7617e-01 -1.5166e+00 +9.6306e-01 -1.5684e+00 -2.4196e+00 -1.1467e+00
175 +4.262461091e+00 +4.262461091e+00 +3.222246109e+01 +3.222246109e+01 +2.1606e+00 +1.4196e+00 -5.6344e-01 -9.5320e-01 -9.4883e-01 -2.1632e+00 +1.5269e+00 -1.9795e+00 -1.6916e+00 -1.0351e+00
214 +2.945824209e+00 +2.945824209e+00 +3.090582421e+01 +3.090582421e+01 -9.3492e-01 +1.3212e+00 +1.0700e+00 -1.7051e+00 +1.1150e-02 -5.7376e-01 +1.3858e+00 -1.2766e+00 -2.2798e+00 -2.0817e+00
1837 +2.761890543e+00 +2.761890543e+00 +3.072189054e+01 +3.072189054e+01 -1.1172e+00 +4.1400e-01 +1.7286e+00 -9.6028e-01 -1.3163e+00 -2.3175e+00 +9.5971e-01 -2.4584e+00 -1.0030e+00 -2.0402e+00
3060 +2.519670498e+00 +2.519670498e+00 +3.047967050e+01 +3.047967050e+01 +1.3526e+00 +8.5555e-01 +1.4884e+00 -2.2668e+00 +1.5047e-01 -2.6393e+00 +5.9495e-01 -1.2744e+00 -1.9100e+00 -9.9396e-01
4633 +2.487149920e+00 +2.487149920e+00 +3.044714992e+01 +3.044714992e+01 -2.0159e+00 +1.9815e+00 +6.8618e-01 -1.7055e+00 -1.7522e-01 -5.7818e-01 +1.8961e+00 -6.6524e-01 -1.9927e+00 -1.0202e+00
4857 +2.419545768e+00 +2.419545768e+00 +3.037954577e+01 +3.037954577e+01 -2.3533e+00 +2.0317e+00 -1.3553e-02 -2.0305e+00 -1.0621e-01 -7.0798e-01 +2.4932e+00 -7.4544e-01 -2.4996e+00 -8.9751e-01
4860 +2.387037837e+00 +2.387037837e+00 +3.034703784e+01 +3.034703784e+01 -2.1047e+00 +2.3441e+00 +2.8832e-01 -1.8726e+00 +1.1969e-01 -8.5097e-01 +2.5440e+00 -4.3914e-01 -2.4891e+00 -9.0299e-01
4882 +2.010520795e+00 +2.010520795e+00 +2.997052079e+01 +2.997052079e+01 -1.8640e+00 +2.2605e+00 -9.7593e-02 -1.8924e+00 -5.1755e-02 -6.4219e-01 +1.9051e+00 -2.8172e-01 -2.6092e+00 -8.3034e-01
5439 +1.922159530e+00 +1.922159530e+00 +2.988215953e+01 +2.988215953e+01 -2.1538e+00 +2.0911e+00 -8.4631e-01 -1.0002e+00 -1.9029e-01 -7.6055e-01 +1.8756e+00 -7.3089e-01 -2.4515e+00 -1.9063e+00
5466 +1.898785760e+00 +1.898785760e+00 +2.985878576e+01 +2.985878576e+01 -2.0993e+00 +2.1217e+00 -6.4362e-01 -9.8973e-01 -1.5572e-01 -8.0066e-01 +2.4252e+00 -7.5278e-01 -2.4204e+00 -1.9441e+00
5592 +1.693131690e+00 +1.693131690e+00 +2.965313169e+01 +2.965313169e+01 -2.1574e+00 +2.2456e+00 -7.3432e-01 -1.3500e+00 -9.0226e-02 -5.5778e-01 +2.4050e+00 -5.5489e-01 -2.5292e+00 -2.0427e+00
5991 +1.542518366e+00 +1.542518366e+00 +2.950251837e+01 +2.950251837e+01 -1.7949e+00 +2.1658e+00 -6.5318e-01 -2.8767e+00 +2.5054e-01 -8.4683e-01 +2.4917e+00 -5.5215e-01 -2.5205e+00 -1.4361e+00
6224 +1.466226555e+00 +1.466226555e+00 +2.942622656e+01 +2.942622656e+01 -2.1699e+00 +2.0121e+00 -6.5560e-01 -2.7581e+00 +2.2287e-01 -8.3514e-01 +2.5138e+00 -1.2965e+00 -2.3992e+00 -1.9790e+00
6232 +1.318981735e+00 +1.318981735e+00 +2.927898174e+01 +2.927898174e+01 -2.0837e+00 +2.0762e+00 -6.4192e-01 -2.7471e+00 +1.7173e-01 -7.3934e-01 +2.4000e+00 -1.3220e+00 -2.3183e+00 -1.9443e+00
6269 +1.273987753e+00 +1.273987753e+00 +2.923398775e+01 +2.923398775e+01 -2.0935e+00 +2.2377e+00 -7.4655e-01 -2.8753e+00 +2.6955e-01 -6.9035e-01 +2.5049e+00 -1.5464e+00 -2.2547e+00 -1.9792e+00
6484 +1.164355534e+00 +1.164355534e+00 +2.912435553e+01 +2.912435553e+01 -1.0704e+00 +2.3635e+00 -6.3304e-01 -2.8883e+00 +2.2691e-01 -8.4806e-01 +2.3680e+00 -2.1059e+00 -2.1011e+00 -2.1422e+00
6847 +1.100452574e+00 +1.100452574e+00 +2.906045257e+01 +2.906045257e+01 -3.5830e-01 +2.5640e+00 -7.7679e-01 -2.7440e+00 +2.4336e-01 -7.1373e-01 +2.4013e+00 -2.0889e+00 -2.1246e+00 -2.1289e+00
7059 +1.070538366e+00 +1.070538366e+00 +2.903053837e+01 +2.903053837e+01 -2.0964e-01 +2.4726e+00 -8.6251e-01 -2.8211e+00 +2.1707e-01 -6.9007e-01 +2.4628e+00 -2.0335e+00 -2.1506e+00 -2.0921e+00
7306 +9.501634360e-01 +9.501634360e-01 +2.891016344e+01 +2.891016344e+01 -9.8385e-01 +2.5110e+00 -7.2984e-01 -2.8627e+00 +2.4114e-01 -8.4608e-01 +2.3528e+00 -2.0735e+00 -2.0974e+00 -2.1107e+00
7577 +9.295484037e-01 +9.295484037e-01 +2.888954840e+01 +2.888954840e+01 -1.1005e+00 +2.3361e+00 -7.9170e-01 -2.7460e+00 +2.6505e-01 -7.8362e-01 +2.3877e+00 -1.9758e+00 -2.0978e+00 -2.0956e+00
7601 +8.006442015e-01 +8.006442015e-01 +2.876064420e+01 +2.876064420e+01 -1.0133e+00 +2.4081e+00 -7.0099e-01 -2.7178e+00 +1.9034e-01 -7.9668e-01 +2.4415e+00 -2.0605e+00 -2.1426e+00 -2.0950e+00
7652 +7.615373999e-01 +7.615373999e-01 +2.872153740e+01 +2.872153740e+01 -1.0714e+00 +2.3951e+00 -7.3050e-01 -2.9090e+00 +2.5993e-01 -7.8416e-01 +2.4105e+00 -1.9986e+00 -2.1202e+00 -2.0840e+00
7697 +7.424465555e-01 +7.424465555e-01 +2.870244656e+01 +2.870244656e+01 -1.0639e+00 +2.3411e+00 -6.8483e-01 -2.7909e+00 +2.0222e-01 -7.5295e-01 +2.4732e+00 -1.9797e+00 -2.1135e+00 -2.1214e+00
7825 +7.187470587e-01 +7.187470587e-01 +2.867874706e+01 +2.867874706e+01 -9.8959e-01 +2.4572e+00 -7.5565e-01 -2.8428e+00 +2.3480e-01 -7.5966e-01 +2.4984e+00 -2.0085e+00 -2.1316e+00 -2.1103e+00
7832 +6.727056714e-01 +6.727056714e-01 +2.863270567e+01 +2.863270567e+01 -9.5485e-01 +2.4024e+00 -7.2875e-01 -2.8096e+00 +2.4480e-01 -7.5902e-01 +2.4765e+00 -2.0135e+00 -2.1072e+00 -2.1166e+00
7862 +6.535375972e-01 +6.535375972e-01 +2.861353760e+01 +2.861353760e+01 -1.0462e+00 +2.4274e+00 -7.9229e-01 -2.8171e+00 +2.3641e-01 -7.8724e-01 +2.4446e+00 -2.0336e+00 -2.1359e+00 -2.1239e+00
8337 +6.143566482e-01 +6.143566482e-01 +2.857435665e+01 +2.857435665e+01 -9.9818e-01 +2.3859e+00 -7.4906e-01 -2.7886e+00 +2.1022e-01 -7.4972e-01 +2.4406e+00 -2.0332e+00 -2.1167e+00 -2.0976e+00
9360 +5.944413070e-01 +5.944413070e-01 +2.855444131e+01 +2.855444131e+01 -1.0446e+00 +2.4063e+00 -7.9177e-01 -2.8310e+00 +2.3656e-01 -7.9249e-01 +2.4255e+00 -2.0202e+00 -2.1294e+00 -2.1032e+00
9699 +5.801918878e-01 +5.801918878e-01 +2.854019189e+01 +2.854019189e+01 -1.0335e+00 +2.3764e+00 -7.6464e-01 -2.8304e+00 +2.4112e-01 -7.8271e-01 +2.4299e+00 -2.0302e+00 -2.1142e+00 -2.1044e+00
11052 +5.752300560e-01 +5.752300560e-01 +2.853523006e+01 +2.853523006e+01 -1.0140e+00 +2.3894e+00 -7.6160e-01 -2.8299e+00 +2.5128e-01 -7.8618e-01 +2.4361e+00 -2.0230e+00 -2.1242e+00 -2.0994e+00
% function evaluation | noise-free fitness - Fopt (-6.338000000000e+01) | best noise-free fitness - Fopt | measured fitness | best measured fitness | x1 | x2...
1 +1.033747614e+04 +1.033747614e+04 +1.027409614e+04 +1.027409614e+04 +0.0000e+00 +0.0000e+00 +0.0000e+00 +0.0000e+00 +0.0000e+00 +0.0000e+00 +0.0000e+00 +0.0000e+00 +0.0000e+00 +0.0000e+00
2 +6.890777659e+03 +6.890777659e+03 +6.827397659e+03 +6.827397659e+03 +2.7538e+00 -7.0585e-01 +7.6525e-01 -1.5641e+00 -1.2009e+00 -2.0838e+00 +4.8733e-01 +2.2335e-01 -2.5938e-01 +9.7074e-02
6 +6.335501138e+03 +6.335501138e+03 +6.272121138e+03 +6.272121138e+03 -1.3959e+00 -8.7702e-01 -7.2736e-01 -1.2735e+00 +1.9579e+00 +1.6620e-01 -4.3949e-01 -4.1214e-01 -9.3653e-01 +1.1951e+00
9 +3.819915096e+03 +3.819915096e+03 +3.756535096e+03 +3.756535096e+03 -1.3331e+00 +4.9017e-01 -1.0114e+00 -9.5087e-01 +1.0430e+00 -1.5926e-01 -1.6483e+00 +3.5068e-02 -5.0352e-01 +2.9278e-01
17 +3.443790467e+03 +3.443790467e+03 +3.380410467e+03 +3.380410467e+03 -2.1679e+00 -6.9354e-01 -1.8357e+00 -1.5737e+00 +1.3704e+00 +2.9329e-01 -2.5619e+00 +1.8748e+00 -1.3249e-01 +8.1678e-01
25 +3.114347247e+03 +3.114347247e+03 +3.050967247e+03 +3.050967247e+03 -1.4023e+00 -1.5321e-01 -1.1612e+00 -3.3223e-01 -7.8062e-02 -5.0725e-01 -2.7193e-01 +2.1631e-01 -1.8979e-02 +1.1886e+00
35 +2.420173640e+03 +2.420173640e+03 +2.356793640e+03 +2.356793640e+03 -2.7180e+00 +8.8878e-01 -1.3191e+00 -8.1414e-01 -1.7575e+00 -1.5693e+00 -7.0842e-01 +1.9691e+00 +2.7476e-01 +8.5678e-01
49 +6.364441032e+01 +6.364441032e+01 +2.644103220e-01 +2.644103220e-01 -8.6678e-01 +1.2696e+00 -1.1367e+00 -1.8546e+00 -1.5961e+00 -1.7389e+00 -5.3745e-01 +9.9372e-01 -5.8797e-01 +1.7680e+00
67 +1.086033455e+01 +1.086033455e+01 -5.251966545e+01 -5.251966545e+01 -5.2390e-01 -3.4755e-01 +4.7152e-01 -2.1260e+00 -1.5856e+00 -4.6820e-01 -3.1228e-01 +2.5260e+00 -1.5366e+00 +1.8604e+00
69 +4.168356838e+00 +4.168356838e+00 -5.921164316e+01 -5.921164316e+01 +9.9401e-01 -1.3896e-01 +4.7857e-01 -8.6611e-01 -1.3835e+00 -8.0420e-01 -9.3928e-01 +1.0179e+00 -1.1298e+00 +2.4811e+00
86 +3.479181174e+00 +3.479181174e+00 -5.990081883e+01 -5.990081883e+01 +2.1983e+00 -1.9686e+00 +2.8128e+00 -1.2428e+00 -2.2370e+00 -1.3282e+00 -1.0774e+00 +1.0259e+00 -1.8024e+00 +1.6629e+00
561 +2.984764355e+00 +2.984764355e+00 -6.039523564e+01 -6.039523564e+01 -5.1486e-01 -1.1482e+00 +2.7256e+00 -2.0887e+00 +6.4262e-02 -1.5424e+00 -1.2660e+00 +1.2366e+00 -2.3010e+00 +1.6785e+00
565 +2.931852286e+00 +2.931852286e+00 -6.044814771e+01 -6.044814771e+01 -1.8134e+00 -5.5362e-02 +1.0992e+00 -2.3635e+00 -1.3264e+00 -1.3179e+00 -1.5151e+00 +2.2289e+00 -1.4615e+00 +1.5347e+00
1535 +2.508103857e+00 +2.508103857e+00 -6.087189614e+01 -6.087189614e+01 +8.4050e-01 +1.3851e+00 -4.9780e-01 -8.2659e-01 -3.0512e-01 -6.7947e-01 -1.9575e+00 +1.4654e+00 -1.0002e+00 +1.1688e+00
1944 +2.349750293e+00 +2.349750293e+00 -6.103024971e+01 -6.103024971e+01 +8.1962e-01 +2.5050e+00 -7.4780e-01 -2.7040e+00 +2.5648e-01 -7.0169e-01 -2.4146e+00 +6.2908e-01 -2.4047e+00 +6.6390e-01
2793 +2.047308806e+00 +2.047308806e+00 -6.133269119e+01 -6.133269119e+01 -1.4374e+00 +3.0435e+00 -1.6968e+00 -1.5529e+00 -1.4206e-01 -6.4456e-01 -7.8744e-01 +9.4376e-01 -1.7708e+00 +1.3091e+00
4227 +1.198295050e+00 +1.198295050e+00 -6.218170495e+01 -6.218170495e+01 +2.1228e+00 +2.0707e+00 +2.1461e+00 -3.1286e-01 -2.4745e+00 -2.0193e+00 -1.2865e+00 +2.3069e+00 -1.9844e+00 +2.2016e+00
6176 +9.282369468e-01 +9.282369468e-01 -6.245176305e+01 -6.245176305e+01 +1.9941e+00 +2.1448e+00 +2.1105e+00 -1.9888e+00 +2.0980e-02 -2.7545e+00 -1.5031e+00 +2.2316e+00 -2.0904e+00 +2.0805e+00
7025 +6.539746044e-01 +6.539746044e-01 -6.272602540e+01 -6.272602540e+01 +2.1592e+00 +2.1536e+00 +2.1563e+00 -2.0339e+00 -2.1179e+00 -2.2539e-01 -1.3346e+00 +2.2740e+00 -2.1046e+00 +2.0905e+00
8130 +6.174709566e-01 +6.174709566e-01 -6.276252904e+01 -6.276252904e+01 +2.1804e+00 +2.1166e+00 +2.0983e+00 -2.1375e+00 -2.2066e+00 -1.4691e+00 -6.1030e-01 +2.4925e+00 -2.0239e+00 +2.1446e+00
8573 +5.586735795e-01 +5.586735795e-01 -6.282132642e+01 -6.282132642e+01 +2.0808e+00 +2.1507e+00 +2.1199e+00 -2.1581e+00 -2.1079e+00 -1.5533e+00 -5.4859e-01 +2.5487e+00 -2.0324e+00 +2.1128e+00
9212 +5.352483775e-01 +5.352483775e-01 -6.284475162e+01 -6.284475162e+01 +2.0856e+00 +2.1040e+00 +2.0725e+00 -2.1205e+00 -2.1026e+00 -9.2778e-01 -7.0803e-01 +2.4650e+00 -2.0220e+00 +2.1207e+00
9840 +5.159476484e-01 +5.159476484e-01 -6.286405235e+01 -6.286405235e+01 +2.1231e+00 +2.1582e+00 +2.1128e+00 -2.1145e+00 -2.1022e+00 -1.1588e+00 -6.4995e-01 +2.4620e+00 -2.0088e+00 +2.1389e+00
10360 +5.064341610e-01 +5.064341610e-01 -6.287356584e+01 -6.287356584e+01 +2.0677e+00 +2.0673e+00 +2.1070e+00 -2.1031e+00 -2.0980e+00 -1.1702e+00 -6.5912e-01 +2.4661e+00 -2.0274e+00 +2.1154e+00
10429 +4.989346193e-01 +4.989346193e-01 -6.288106538e+01 -6.288106538e+01 +2.1288e+00 +2.0858e+00 +2.1180e+00 -2.1039e+00 -2.1186e+00 -1.1731e+00 -6.5163e-01 +2.4626e+00 -2.0091e+00 +2.1128e+00
10799 +4.874073015e-01 +4.874073015e-01 -6.289259270e+01 -6.289259270e+01 +2.1007e+00 +2.1303e+00 +2.1096e+00 -2.1025e+00 -2.0956e+00 -1.1715e+00 -6.6768e-01 +2.4585e+00 -2.0160e+00 +2.1365e+00
11776 +4.784919420e-01 +4.784919420e-01 -6.290150806e+01 -6.290150806e+01 +2.1221e+00 +2.1021e+00 +2.1056e+00 -2.1031e+00 -2.1072e+00 -1.1614e+00 -6.5717e-01 +2.4743e+00 -2.0129e+00 +2.1305e+00
% function evaluation | noise-free fitness - Fopt (-1.337200000000e+02) | best noise-free fitness - Fopt | measured fitness | best measured fitness | x1 | x2...
1 +1.033747614e+04 +1.033747614e+04 +1.020375614e+04 +1.020375614e+04 +0.0000e+00 +0.0000e+00 +0.0000e+00 +0.0000e+00 +0.0000e+00 +0.0000e+00 +0.0000e+00 +0.0000e+00 +0.0000e+00 +0.0000e+00
10 +4.715389067e+03 +4.715389067e+03 +4.581669067e+03 +4.581669067e+03 +2.1182e+00 +9.1039e-01 +6.5013e-01 +2.0251e-01 -7.7939e-01 +2.7460e-01 -4.5444e-02 -2.9229e-01 +6.3197e-01 +8.7915e-01
26 +1.521314916e+03 +1.521314916e+03 +1.387594916e+03 +1.387594916e+03 +3.6274e+00 +3.1820e+00 -1.0572e+00 +1.8591e+00 -1.1712e+00 -1.3998e+00 -2.3992e+00 +2.6871e-01 +1.2809e+00 +8.2871e-01
32 +1.203247340e+03 +1.203247340e+03 +1.069527340e+03 +1.069527340e+03 +3.0686e+00 +2.3949e+00 -1.1263e+00 +3.6474e+00 -5.0139e-01 +1.8944e-01 -1.2512e+00 +1.2347e-02 +8.5035e-01 +1.3131e+00
55 +2.463889828e+02 +2.463889828e+02 +1.126689828e+02 +1.126689828e+02 +9.2451e-01 +2.5702e+00 -1.0157e+00 +2.8360e+00 -4.3140e-01 -4.5540e-01 -3.0623e+00 +1.0492e+00 +1.3660e+00 +2.0333e+00
137 +2.071098399e+02 +2.071098399e+02 +7.338983991e+01 +7.338983991e+01 +2.2922e-01 +1.5400e+00 +8.1655e-01 +2.9459e+00 -5.0645e-01 -3.2879e+00 -3.1209e-01 +2.1170e+00 +2.1376e+00 +1.4708e+00
164 +1.406656159e+02 +1.406656159e+02 +6.945615883e+00 +6.945615883e+00 -5.8609e-01 -1.1239e+00 +3.3747e-01 -9.8909e-01 +3.9131e-01 -6.7541e-01 -8.5010e-01 +1.1925e+00 +2.3136e+00 +1.4359e+00
212 +6.251794735e+00 +6.251794735e+00 -1.274682053e+02 -1.274682053e+02 +1.8023e-01 -1.4557e+00 -6.2280e-01 +7.7380e-02 +1.3514e-01 -1.7241e+00 -6.7483e-01 +2.1534e+00 +2.1154e+00 +8.2869e-01
272 +3.605127376e+00 +3.605127376e+00 -1.301148726e+02 -1.301148726e+02 -9.0663e-01 +3.4422e-01 -2.7335e-01 +6.2685e-01 +1.0544e+00 -5.5615e-01 -1.9644e+00 +2.0567e+00 +1.7951e+00 +1.5744e+00
370 +2.335883982e+00 +2.335883982e+00 -1.313841160e+02 -1.313841160e+02 +2.2650e+00 +1.9241e+00 +3.9615e-01 +2.3681e+00 +1.0163e+00 -4.6276e-01 -2.5485e+00 +1.9521e+00 +2.1193e+00 +7.6704e-01
4674 +2.290313056e+00 +2.290313056e+00 -1.314296869e+02 -1.314296869e+02 -1.3389e+00 +2.7839e+00 +1.1056e+00 -6.7609e-02 +3.9611e-01 -2.5493e+00 -9.4121e-01 +1.1629e+00 +1.0915e+00 +2.3164e+00
4675 +2.017090237e+00 +2.017090237e+00 -1.317029098e+02 -1.317029098e+02 -1.7544e+00 +3.0991e+00 +1.6647e+00 -2.1511e-01 +6.0097e-01 -2.3820e+00 -1.4995e+00 +7.4944e-01 +1.1604e+00 +2.2491e+00
4685 +1.832524022e+00 +1.832524022e+00 -1.318874760e+02 -1.318874760e+02 -1.7762e+00 +3.1998e+00 +1.7896e+00 -2.0792e-01 +5.4047e-01 -2.4931e+00 -1.5766e+00 +6.4880e-01 +1.2252e+00 +2.3294e+00
5038 +1.814146096e+00 +1.814146096e+00 -1.319058539e+02 -1.319058539e+02 -1.6859e+00 +2.9367e+00 +1.8662e+00 -3.8400e-01 +6.4834e-01 -2.3750e+00 -2.0294e+00 +1.1635e+00 +1.2929e+00 +2.3081e+00
5530 +1.677880180e+00 +1.677880180e+00 -1.320421198e+02 -1.320421198e+02 -1.6576e+00 +3.1549e+00 +1.7247e+00 -1.5646e-01 +1.3795e+00 -2.3039e+00 -2.1116e+00 +1.1929e+00 +1.0154e+00 +2.3616e+00
5901 +1.510010368e+00 +1.510010368e+00 -1.322099896e+02 -1.322099896e+02 -1.3960e+00 +3.0151e+00 +2.0017e+00 +3.4983e-01 +7.9407e-01 -2.4084e+00 -2.0858e+00 +6.6266e-01 +1.1810e+00 +2.3595e+00
5979 +1.449752178e+00 +1.449752178e+00 -1.322702478e+02 -1.322702478e+02 -1.4698e+00 +2.9916e+00 +1.9443e+00 +2.8376e-01 +1.0568e+00 -2.3328e+00 -2.1163e+00 +6.9628e-01 +1.1557e+00 +2.3691e+00
6104 +1.254340008e+00 +1.254340008e+00 -1.324656600e+02 -1.324656600e+02 -1.4628e+00 +3.1655e+00 +1.7380e+00 -2.1926e-01 +5.4795e-01 -2.4481e+00 -1.9958e+00 +6.5605e-01 +1.2222e+00 +2.2603e+00
6174 +1.154762524e+00 +1.154762524e+00 -1.325652375e+02 -1.325652375e+02 -1.3421e+00 +2.9466e+00 +1.9750e+00 -1.9078e-01 +5.9296e-01 -2.4994e+00 -2.0537e+00 +6.3239e-01 +1.1387e+00 +2.3536e+00
6201 +9.897429011e-01 +9.897429011e-01 -1.327302571e+02 -1.327302571e+02 -1.4414e+00 +3.0586e+00 +1.6831e+00 -2.8690e-01 +5.7247e-01 -2.4365e+00 -2.0200e+00 +6.4056e-01 +1.1836e+00 +2.3489e+00
6493 +9.578243178e-01 +9.578243178e-01 -1.327621757e+02 -1.327621757e+02 -1.5762e+00 +2.9137e+00 +1.8744e+00 -2.7421e-01 +5.6655e-01 -2.4912e+00 -2.0034e+00 +6.4732e-01 +1.1912e+00 +2.4009e+00
6619 +9.132173786e-01 +9.132173786e-01 -1.328067826e+02 -1.328067826e+02 -1.5039e+00 +3.0361e+00 +1.8522e+00 -2.6408e-01 +5.2867e-01 -2.5561e+00 -2.0174e+00 +7.2280e-01 +1.1819e+00 +2.3648e+00
6967 +8.257859248e-01 +8.257859248e-01 -1.328942141e+02 -1.328942141e+02 -1.5063e+00 +2.8818e+00 +1.9208e+00 -2.8296e-01 +5.2401e-01 -2.5555e+00 -1.9560e+00 +6.5101e-01 +1.1395e+00 +2.3486e+00
7088 +8.125187939e-01 +8.125187939e-01 -1.329074812e+02 -1.329074812e+02 -1.4687e+00 +2.8693e+00 +1.8825e+00 -3.0326e-01 +5.0032e-01 -2.4819e+00 -1.9886e+00 +6.2850e-01 +1.1901e+00 +2.3556e+00
7179 +6.482655991e-01 +6.482655991e-01 -1.330717344e+02 -1.330717344e+02 -1.6054e+00 +3.0366e+00 +1.8620e+00 -2.9845e-01 +5.5402e-01 -2.4838e+00 -2.0247e+00 +6.5345e-01 +1.1644e+00 +2.3421e+00
8260 +6.291352069e-01 +6.291352069e-01 -1.330908648e+02 -1.330908648e+02 -1.5143e+00 +3.0102e+00 +1.9077e+00 -3.2789e-01 +5.6137e-01 -2.5082e+00 -2.0007e+00 +6.4934e-01 +1.1484e+00 +2.3445e+00
8749 +6.100321444e-01 +6.100321444e-01 -1.331099679e+02 -1.331099679e+02 -1.5135e+00 +3.0333e+00 +1.8700e+00 -3.2239e-01 +5.6575e-01 -2.4866e+00 -2.0153e+00 +6.5418e-01 +1.1657e+00 +2.3413e+00
9146 +6.011513297e-01 +6.011513297e-01 -1.331188487e+02 -1.331188487e+02 -1.4908e+00 +3.0071e+00 +1.8851e+00 -2.9435e-01 +5.3752e-01 -2.4941e+00 -2.0180e+00 +6.4811e-01 +1.1653e+00 +2.3456e+00
% function evaluation | noise-free fitness - Fopt (-4.039900000000e+02) | best noise-free fitness - Fopt | measured fitness | best measured fitness | x1 | x2...
1 +1.033747614e+04 +1.033747614e+04 +9.933486136e+03 +9.933486136e+03 +0.0000e+00 +0.0000e+00 +0.0000e+00 +0.0000e+00 +0.0000e+00 +0.0000e+00 +0.0000e+00 +0.0000e+00 +0.0000e+00 +0.0000e+00
4 +4.775043748e+03 +4.775043748e+03 +4.371053748e+03 +4.371053748e+03 +2.3233e-01 +1.4498e+00 +2.6090e-01 +3.9264e+00 -1.7407e-01 -1.1365e+00 -1.4975e+00 -1.6179e+00 +1.6039e+00 -1.9350e-01
15 +2.962831912e+03 +2.962831912e+03 +2.558841912e+03 +2.558841912e+03 -9.6063e-02 +1.6810e+00 -2.5593e-01 +3.8959e+00 +2.4956e+00 -1.3547e+00 -2.5382e+00 -2.1484e+00 +1.4268e+00 +7.8110e-01
72 +1.879304288e+03 +1.879304288e+03 +1.475314288e+03 +1.475314288e+03 +2.1205e+00 +2.0486e+00 -1.3186e+00 +2.8328e+00 -4.2320e-01 +1.4582e-01 -9.6664e-01 +1.7566e-01 +3.0205e+00 +1.4798e+00
122 +3.551981010e+00 +3.551981010e+00 -4.004380190e+02 -4.004380190e+02 +1.2906e+00 +9.2444e-01 +2.6783e-01 +2.2133e+00 -1.2990e+00 -2.3571e+00 -1.6451e+00 -1.4233e+00 +1.6718e+00 +2.2551e+00
655 +3.094784327e+00 +3.094784327e+00 -4.008952157e+02 -4.008952157e+02 -1.4575e+00 +1.0214e-01 -1.8879e-01 +1.8411e+00 -6.8006e-01 -2.5448e+00 -1.2762e+00 -1.1483e+00 +1.8498e+00 +1.5794e+00
685 +2.870105318e+00 +2.870105318e+00 -4.011198947e+02 -4.011198947e+02 -2.2903e-01 -2.7253e-01 +9.2706e-01 +2.3636e+00 -2.2283e+00 -9.3507e-01 -1.5621e+00 -1.8804e+00 +2.1473e+00 +2.0502e+00
776 +2.146748198e+00 +2.146748198e+00 -4.018432518e+02 -4.018432518e+02 -1.6268e+00 +1.5243e-01 -1.6504e-01 +1.9695e+00 -2.2473e+00 -8.0912e-01 -2.4176e+00 -2.1113e+00 +1.7021e+00 +1.5626e+00
4617 +2.040595849e+00 +2.040595849e+00 -4.019494042e+02 -4.019494042e+02 +2.0749e+00 +1.1657e+00 +2.9442e+00 +8.6586e-01 -2.1873e-01 -2.0103e+00 -4.9180e-01 -1.1270e+00 +1.5025e+00 +2.2670e+00
5291 +1.903632786e+00 +1.903632786e+00 -4.020863672e+02 -4.020863672e+02 +2.1804e+00 -7.0244e-01 +2.5237e+00 +8.3318e-01 -2.3796e+00 -1.9711e+00 -5.1445e-01 -1.8153e+00 +1.7849e+00 +2.2180e+00
5337 +1.859955795e+00 +1.859955795e+00 -4.021300442e+02 -4.021300442e+02 +2.1620e+00 -4.5753e-01 +2.5845e+00 +1.0383e+00 -2.3696e+00 -2.0413e+00 -5.3183e-01 -1.7728e+00 +1.7798e+00 +2.1543e+00
5580 +1.632636079e+00 +1.632636079e+00 -4.023573639e+02 -4.023573639e+02 +2.1833e+00 +1.8604e-01 +2.6512e+00 +9.3191e-01 -2.3256e+00 -2.0713e+00 -4.1428e-01 -1.7950e+00 +2.1310e+00 +2.0820e+00
5584 +1.522733359e+00 +1.522733359e+00 -4.024672666e+02 -4.024672666e+02 +2.0629e+00 +9.0665e-02 +2.7793e+00 +1.1718e+00 -2.3653e+00 -2.0202e+00 -4.8489e-01 -1.7756e+00 +2.1521e+00 +2.0394e+00
5741 +1.387069061e+00 +1.387069061e+00 -4.026029309e+02 -4.026029309e+02 +2.0735e+00 +2.4625e-01 +2.5354e+00 +8.3883e-01 -2.4842e+00 -1.9494e+00 -5.5224e-01 -2.5471e+00 +1.9738e+00 +2.1313e+00
5961 +1.231415266e+00 +1.231415266e+00 -4.027585847e+02 -4.027585847e+02 +1.9852e+00 +9.9447e-01 +2.8561e+00 +7.3103e-01 -2.3724e+00 -1.9529e+00 -9.7508e-01 -2.3762e+00 +2.0415e+00 +2.1308e+00
6178 +1.209012586e+00 +1.209012586e+00 -4.027809874e+02 -4.027809874e+02 +1.9831e+00 +1.0990e+00 +2.8819e+00 -9.2508e-02 -2.5882e+00 -1.9890e+00 -1.2349e+00 -2.3414e+00 +2.0514e+00 +2.1022e+00
6183 +1.189454113e+00 +1.189454113e+00 -4.028005459e+02 -4.028005459e+02 +2.0674e+00 +9.2494e-01 +2.9178e+00 +1.9970e-01 -2.5914e+00 -2.0163e+00 -1.1010e+00 -2.3805e+00 +2.0153e+00 +2.1250e+00
6279 +1.135212738e+00 +1.135212738e+00 -4.028547873e+02 -4.028547873e+02 +2.1901e+00 +9.5447e-01 +2.9622e+00 +8.6720e-02 -2.6069e+00 -1.9557e+00 -1.3137e+00 -2.3465e+00 +2.0735e+00 +2.1169e+00
6469 +1.045827430e+00 +1.045827430e+00 -4.029441726e+02 -4.029441726e+02 +2.0345e+00 +1.0740e+00 +2.8922e+00 -4.9023e-01 -2.8575e+00 -1.9732e+00 -1.1114e+00 -2.3993e+00 +1.9874e+00 +2.1288e+00
6574 +9.078506050e-01 +9.078506050e-01 -4.030821494e+02 -4.030821494e+02 +2.0726e+00 +1.2898e+00 +2.9780e+00 -5.7923e-01 -2.7751e+00 -1.9423e+00 -1.5843e+00 -2.2686e+00 +2.1029e+00 +2.1161e+00
6658 +7.676834609e-01 +7.676834609e-01 -4.032223165e+02 -4.032223165e+02 +1.9702e+00 +1.0948e+00 +2.9233e+00 -5.6720e-01 -2.7624e+00 -2.0323e+00 -1.6250e+00 -2.2481e+00 +2.0600e+00 +2.0880e+00
7005 +7.079540880e-01 +7.079540880e-01 -4.032820459e+02 -4.032820459e+02 +2.1547e+00 +1.1738e+00 +2.9526e+00 -5.0480e-01 -2.7563e+00 -1.9747e+00 -1.6030e+00 -2.1981e+00 +2.0679e+00 +2.1502e+00
7036 +6.615941394e-01 +6.615941394e-01 -4.033284059e+02 -4.033284059e+02 +2.0909e+00 +1.0684e+00 +2.9322e+00 -6.8171e-01 -2.7984e+00 -1.9459e+00 -1.6390e+00 -2.2089e+00 +2.1078e+00 +2.1236e+00
7060 +5.912889990e-01 +5.912889990e-01 -4.033987110e+02 -4.033987110e+02 +2.1409e+00 +1.0186e+00 +2.8750e+00 -5.5006e-01 -2.7546e+00 -1.9297e+00 -1.6361e+00 -2.2593e+00 +2.0345e+00 +2.1069e+00
7391 +5.613277322e-01 +5.613277322e-01 -4.034286723e+02 -4.034286723e+02 +2.1155e+00 +1.1054e+00 +2.9008e+00 -6.1089e-01 -2.7595e+00 -1.9506e+00 -1.6668e+00 -2.1930e+00 +2.1080e+00 +2.1160e+00
7922 +5.464435478e-01 +5.464435478e-01 -4.034435565e+02 -4.034435565e+02 +2.1248e+00 +1.0559e+00 +2.9025e+00 -6.0585e-01 -2.7715e+00 -1.9551e+00 -1.6129e+00 -2.2244e+00 +2.0960e+00 +2.1279e+00
7973 +4.902269516e-01 +4.902269516e-01 -4.034997730e+02 -4.034997730e+02 +2.1005e+00 +1.1100e+00 +2.8678e+00 -5.5897e-01 -2.7522e+00 -1.9405e+00 -1.6298e+00 -2.2100e+00 +2.0753e+00 +2.1126e+00
8496 +4.896615741e-01 +4.896615741e-01 -4.035003384e+02 -4.035003384e+02 +2.0971e+00 +1.0079e+00 +2.8712e+00 -5.5698e-01 -2.7677e+00 -1.9316e+00 -1.6429e+00 -2.2260e+00 +2.0713e+00 +2.1080e+00
8704 +4.688457318e-01 +4.688457318e-01 -4.035211543e+02 -4.035211543e+02 +2.1159e+00 +1.0799e+00 +2.9294e+00 -5.5566e-01 -2.7623e+00 -1.9454e+00 -1.6268e+00 -2.2284e+00 +2.0737e+00 +2.1122e+00
9239 +4.640782075e-01 +4.640782075e-01 -4.035259218e+02 -4.035259218e+02 +2.1330e+00 +1.0897e+00 +2.9042e+00 -5.4148e-01 -2.7734e+00 -1.9413e+00 -1.6398e+00 -2.2209e+00 +2.0699e+00 +2.1139e+00
10014 +4.563512370e-01 +4.563512370e-01 -4.035336488e+02 -4.035336488e+02 +2.1138e+00 +1.0813e+00 +2.8993e+00 -5.5151e-01 -2.7731e+00 -1.9363e+00 -1.6401e+00 -2.2176e+00 +2.0747e+00 +2.1152e+00
% function evaluation | noise-free fitness - Fopt (1.000000000000e+03) | best noise-free fitness - Fopt | measured fitness | best measured fitness | x1 | x2...
1 +1.033747614e+04 +1.033747614e+04 +1.133747614e+04 +1.133747614e+04 +0.0000e+00 +0.0000e+00 +0.0000e+00 +0.0000e+00 +0.0000e+00 +0.0000e+00 +0.0000e+00 +0.0000e+00 +0.0000e+00 +0.0000e+00
19 +1.922340194e+03 +1.922340194e+03 +2.922340194e+03 +2.922340194e+03 +2.9830e+00 +1.1753e+00 -1.6154e+00 -7.2638e-01 +2.6646e-01 +2.1034e+00 -8.3353e-01 -8.1271e-01 +4.1897e-01 +2.8708e+00
61 +6.432115556e+02 +6.432115556e+02 +1.643211556e+03 +1.643211556e+03 +2.0240e+00 +1.6163e+00 -1.4680e+00 +7.7304e-01 +3.7788e-01 +1.2456e+00 +6.4708e-01 -1.8647e+00 +2.7192e+00 +3.2620e-01
66 +1.964337615e+02 +1.964337615e+02 +1.196433762e+03 +1.196433762e+03 +1.3400e-01 -1.1847e+00 -7.9111e-01 +1.6907e+00 -9.6823e-01 +1.6675e+00 +6.4838e-01 -2.3833e+00 +1.9764e+00 +1.8542e+00
79 +9.262066495e+01 +9.262066495e+01 +1.092620665e+03 +1.092620665e+03 +2.5793e+00 -5.6860e-01 -3.7190e-01 +2.9627e+00 -6.1003e-01 +1.7871e+00 -1.9489e-02 -6.0209e-01 +1.0620e+00 +1.5852e+00
146 +4.109124916e+01 +4.109124916e+01 +1.041091249e+03 +1.041091249e+03 -2.6082e+00 +2.2061e+00 -1.1991e+00 +2.6720e+00 -3.3002e-01 +1.3286e+00 +8.6044e-02 -2.8565e+00 +6.9910e-01 +1.4548e+00
212 +3.136457293e+01 +3.136457293e+01 +1.031364573e+03 +1.031364573e+03 -1.9318e+00 +5.2791e-01 -2.3031e+00 +1.0665e+00 +1.4101e+00 +1.8584e-01 +1.5530e+00 -2.5072e+00 +3.3404e-01 +1.5540e+00
266 +3.826675412e+00 +3.826675412e+00 +1.003826675e+03 +1.003826675e+03 -1.4974e+00 +1.1844e+00 -2.5151e+00 -1.1317e+00 +1.8127e-01 +4.2951e-01 +2.4259e+00 -9.8835e-01 +1.3067e+00 +2.1849e+00
338 +3.215455271e+00 +3.215455271e+00 +1.003215455e+03 +1.003215455e+03 -5.1530e-01 +2.7176e+00 -1.8420e+00 +2.1320e+00 +1.8802e+00 +5.4381e-01 +1.6442e+00 -6.1884e-01 +8.7330e-01 +9.5492e-01
1067 +3.000893008e+00 +3.000893008e+00 +1.003000893e+03 +1.003000893e+03 -1.5347e+00 +6.2708e-01 -5.5640e-01 +1.6687e+00 +2.2010e+00 +8.7737e-01 +1.6993e+00 -1.7679e+00 +7.8633e-01 +1.3341e+00
1277 +2.808779343e+00 +2.808779343e+00 +1.002808779e+03 +1.002808779e+03 -1.5321e+00 -1.5674e-01 +8.4199e-01 +1.1540e+00 +6.9765e-01 +2.4638e+00 +1.4985e+00 -2.3915e+00 +1.5748e+00 +1.6636e+00
1307 +2.691610656e+00 +2.691610656e+00 +1.002691611e+03 +1.002691611e+03 +7.3937e-01 +7.3163e-01 -2.4160e+00 +2.2758e+00 +2.1970e+00 +1.6206e-01 +2.5446e+00 -1.9632e+00 +1.4375e+00 +1.7168e+00
1568 +1.972252198e+00 +1.972252198e+00 +1.001972252e+03 +1.001972252e+03 -9.1023e-04 +1.5156e+00 -2.2549e+00 +8.9899e-01 +1.7968e+00 +2.1813e+00 +2.1924e+00 -2.1103e+00 +8.1407e-01 +1.3217e+00
5166 +1.872261754e+00 +1.872261754e+00 +1.001872262e+03 +1.001872262e+03 +2.1245e-01 -6.2572e-01 -2.5921e+00 +1.9443e+00 +1.3363e-02 +1.1741e+00 +2.2924e+00 -2.0158e+00 +2.2321e+00 +9.5076e-01
5175 +1.767999068e+00 +1.767999068e+00 +1.001767999e+03 +1.001767999e+03 -9.6215e-02 -3.1559e-01 -2.6831e+00 +1.8867e+00 -4.0333e-02 +1.3350e+00 +2.2844e+00 -2.0566e+00 +2.1375e+00 +8.8661e-01
5951 +1.663767348e+00 +1.663767348e+00 +1.001663767e+03 +1.001663767e+03 +2.2606e+00 -3.9212e-01 -2.6952e+00 +1.9892e+00 +5.2988e-01 +1.1466e+00 +2.2581e+00 -2.1116e+00 +2.0481e+00 +9.4628e-01
5953 +1.585257556e+00 +1.585257556e+00 +1.001585258e+03 +1.001585258e+03 +1.9688e+00 -3.8971e-01 -2.7196e+00 +1.9595e+00 +5.0368e-01 +1.4273e+00 +2.2767e+00 -2.0978e+00 +2.0312e+00 +1.0020e+00
6075 +1.438782998e+00 +1.438782998e+00 +1.001438783e+03 +1.001438783e+03 +2.0182e+00 -7.7413e-01 -2.7815e+00 +1.8880e+00 +4.8514e-01 +1.1072e+00 +2.3696e+00 -2.0404e+00 +2.1639e+00 +9.7740e-01
6223 +1.361893006e+00 +1.361893006e+00 +1.001361893e+03 +1.001361893e+03 +2.2071e+00 -8.2333e-01 -2.8873e+00 +1.9540e+00 +3.9333e-02 +1.9743e+00 +2.1779e+00 -2.0677e+00 +2.0889e+00 +9.1664e-01
6455 +1.237079872e+00 +1.237079872e+00 +1.001237080e+03 +1.001237080e+03 +2.2439e+00 -3.8903e-01 -2.7316e+00 +1.9404e+00 +4.2949e-01 +5.4400e-01 +2.4444e+00 -2.0541e+00 +2.1217e+00 +9.7757e-01
6467 +1.199853255e+00 +1.199853255e+00 +1.001199853e+03 +1.001199853e+03 +2.2325e+00 -4.0739e-01 -2.7725e+00 +1.9492e+00 +4.9451e-01 +6.7086e-01 +2.4242e+00 -2.0374e+00 +2.1188e+00 +1.0050e+00
6568 +1.062534424e+00 +1.062534424e+00 +1.001062534e+03 +1.001062534e+03 +2.1125e+00 -2.5487e-01 -2.6685e+00 +1.9265e+00 +1.1232e-01 +6.8697e-01 +2.4623e+00 -2.0657e+00 +2.1330e+00 +9.9559e-01
7124 +9.234108312e-01 +9.234108312e-01 +1.000923411e+03 +1.000923411e+03 +2.0710e+00 -2.8872e-01 -2.6706e+00 +2.0012e+00 -7.0709e-02 +1.1912e+00 +2.3106e+00 -2.0670e+00 +2.0989e+00 +9.4453e-01
8609 +9.095661019e-01 +9.095661019e-01 +1.000909566e+03 +1.000909566e+03 +2.1247e+00 +5.4212e-01 -2.4813e+00 +1.9548e+00 -8.5133e-02 +2.0719e+00 +2.0913e+00 -2.1078e+00 +2.1083e+00 +9.6642e-01
8661 +8.838277056e-01 +8.838277056e-01 +1.000883828e+03 +1.000883828e+03 +2.0846e+00 +5.2391e-01 -2.4567e+00 +2.0010e+00 -2.9214e-02 +2.0477e+00 +2.1343e+00 -2.1120e+00 +2.1044e+00 +9.8647e-01
8712 +8.590818405e-01 +8.590818405e-01 +1.000859082e+03 +1.000859082e+03 +2.0712e+00 +4.9817e-01 -2.4911e+00 +2.0259e+00 -4.4753e-02 +2.0682e+00 +2.1145e+00 -2.0796e+00 +2.1159e+00 +9.4783e-01
8738 +8.496201629e-01 +8.496201629e-01 +1.000849620e+03 +1.000849620e+03 +2.0798e+00 +5.5969e-01 -2.4673e+00 +2.0280e+00 -6.4628e-02 +2.0761e+00 +2.1037e+00 -2.1067e+00 +2.1260e+00 +9.4716e-01
9259 +8.276451227e-01 +8.276451227e-01 +1.000827645e+03 +1.000827645e+03 +2.0894e+00 +5.2437e-01 -2.4919e+00 +2.0216e+00 -5.5817e-02 +2.0827e+00 +2.1160e+00 -2.1025e+00 +2.0928e+00 +9.6659e-01
10634 +8.117347834e-01 +8.117347834e-01 +1.000811735e+03 +1.000811735e+03 +2.1043e+00 +5.2771e-01 -2.4999e+00 +2.0059e+00 -3.5233e-02 +2.0632e+00 +2.1184e+00 -2.1038e+00 +2.1065e+00 +9.6221e-01
% function evaluation | noise-free fitness - Fopt (1.005700000000e+02) | best noise-free fitness - Fopt | measured fitness | best measured fitness | x1 | x2...
1 +1.033747614e+04 +1.033747614e+04 +1.043804614e+04 +1.043804614e+04 +0.0000e+00 +0.0000e+00 +0.0000e+00 +0.0000e+00 +0.0000e+00 +0.0000e+00 +0.0000e+00 +0.0000e+00 +0.0000e+00 +0.0000e+00
6 +8.640018475e+03 +8.640018475e+03 +8.740588475e+03 +8.740588475e+03 +5.1323e-01 +3.5767e+00 -8.7807e-02 -3.8144e+00 +1.2016e+00 +1.5014e+00 -8.5673e-01 +8.8648e-01 +1.8710e-01 -2.5712e-01
8 +8.189243845e+03 +8.189243845e+03 +8.289813845e+03 +8.289813845e+03 +2.2558e+00 +8.3353e-01 +1.6280e+00 -2.9132e+00 +2.6062e+00 +1.9843e+00 -2.3228e-01 +1.8900e+00 +1.5064e+00 +2.6609e-01
28 +6.209328387e+03 +6.209328387e+03 +6.309898387e+03 +6.309898387e+03 +1.2427e+00 -3.5345e-01 +1.4242e+00 -2.6163e+00 -9.9014e-02 +3.7985e+00 -8.1189e-01 +8.6738e-01 +3.7691e+00 -1.2976e+00
76 +5.657248590e+03 +5.657248590e+03 +5.757818590e+03 +5.757818590e+03 +2.0719e+00 -7.2591e-01 -3.5764e+00 -4.4637e+00 -1.6397e+00 +3.1692e+00 -4.1208e-01 +1.8913e+00 +2.0580e+00 -3.3735e-01
85 +9.559269256e+02 +9.559269256e+02 +1.056496926e+03 +1.056496926e+03 +2.0466e+00 -5.8236e-01 -1.8346e+00 -4.1669e+00 -1.6880e+00 +1.7780e+00 +5.5670e-01 +1.7960e+00 +2.3791e+00 -1.0568e+00
102 +8.332168716e+01 +8.332168716e+01 +1.838916872e+02 +1.838916872e+02 +1.4415e+00 +3.4237e-01 -1.0059e+00 -3.4209e+00 +2.3401e-01 +2.5359e+00 +1.1437e+00 +1.5773e+00 +1.6433e+00 -1.5270e+00
117 +3.643905451e+00 +3.643905451e+00 +1.042139055e+02 +1.042139055e+02 +2.3045e+00 -9.0072e-01 -9.3249e-01 -2.7258e+00 +2.5456e-01 +9.1349e-01 +1.4733e+00 +1.6126e+00 +1.2755e+00 -2.3969e+00
525 +3.603955556e+00 +3.603955556e+00 +1.041739556e+02 +1.041739556e+02 +2.2267e-01 -9.9786e-01 +3.1624e-01 -2.2518e+00 -1.8254e+00 -2.4748e-01 +2.6079e+00 +1.9956e+00 +9.6253e-01 -1.6925e+00
534 +2.521590813e+00 +2.521590813e+00 +1.030915908e+02 +1.030915908e+02 +6.5228e-01 -2.4434e+00 +2.1818e+00 -2.1550e+00 -2.0251e+00 +2.4480e-01 +1.1311e+00 +1.2435e+00 +1.9302e+00 -1.4433e+00
1300 +2.462447028e+00 +2.462447028e+00 +1.030324470e+02 +1.030324470e+02 +9.1210e-01 -5.0829e-01 +1.0953e+00 -2.5012e+00 -1.9840e+00 +3.5264e-01 +1.7363e+00 +2.1697e+00 +1.9708e+00 -2.1129e+00
2538 +2.285974634e+00 +2.285974634e+00 +1.028559746e+02 +1.028559746e+02 -1.4424e+00 -2.9410e+00 +1.0840e+00 +6.2257e-02 -1.6318e+00 +2.2224e+00 +2.0371e+00 +9.0038e-01 +1.3829e+00 -1.3653e+00
3974 +1.790623516e+00 +1.790623516e+00 +1.023606235e+02 +1.023606235e+02 -1.6947e+00 -3.0907e+00 -9.2303e-01 -2.8336e+00 +2.9202e-01 +8.2524e-01 +2.4590e+00 +1.2928e+00 +1.3134e+00 -1.8893e+00
5478 +1.770152259e+00 +1.770152259e+00 +1.023401523e+02 +1.023401523e+02 +1.8355e+00 -2.2794e+00 -8.4865e-01 -2.5796e-01 -1.4809e+00 +1.6746e+00 +2.2842e+00 +2.0709e+00 +2.1459e+00 -2.1533e+00
5883 +1.622644453e+00 +1.622644453e+00 +1.021926445e+02 +1.021926445e+02 +1.4104e+00 -2.1809e+00 -2.1318e-01 -2.6287e+00 -2.0250e+00 +2.1505e+00 +2.0273e+00 +2.1177e+00 +8.2013e-01 -2.3885e+00
5970 +1.444551950e+00 +1.444551950e+00 +1.020145519e+02 +1.020145519e+02 +4.2008e-01 -2.4512e+00 -8.3431e-01 -2.8998e+00 -1.9343e+00 +2.2202e+00 +2.1374e+00 +2.1447e+00 +9.1909e-01 -2.4347e+00
6095 +1.335282074e+00 +1.335282074e+00 +1.019052821e+02 +1.019052821e+02 +4.7338e-01 -2.3901e+00 -7.8340e-01 -2.8023e+00 -1.8539e+00 +2.1831e+00 +2.0864e+00 +2.1827e+00 +1.0572e+00 -2.3346e+00
6135 +1.258156824e+00 +1.258156824e+00 +1.018281568e+02 +1.018281568e+02 +4.3766e-01 -2.4470e+00 -7.5050e-01 -2.7921e+00 -1.9084e+00 +2.2867e+00 +2.0865e+00 +2.1400e+00 +7.9557e-01 -2.3628e+00
6173 +1.130891075e+00 +1.130891075e+00 +1.017008911e+02 +1.017008911e+02 +5.0149e-02 -2.5731e+00 -8.4644e-01 -2.8937e+00 -1.8091e+00 +2.1521e+00 +2.1671e+00 +2.1482e+00 +7.5600e-01 -2.4352e+00
6227 +1.072535918e+00 +1.072535918e+00 +1.016425359e+02 +1.016425359e+02 +3.1908e-01 -2.6492e+00 -7.8521e-01 -2.8729e+00 -1.9843e+00 +2.1278e+00 +2.1145e+00 +2.1518e+00 +8.5699e-01 -2.3748e+00
6482 +1.040639552e+00 +1.040639552e+00 +1.016106396e+02 +1.016106396e+02 +1.1000e+00 -2.4434e+00 -8.5868e-01 -2.8282e+00 -1.8635e+00 +2.2552e+00 +2.1060e+00 +2.0649e+00 +8.2457e-01 -2.3631e+00
6486 +9.456595500e-01 +9.456595500e-01 +1.015156595e+02 +1.015156595e+02 +9.3112e-01 -2.5419e+00 -8.1849e-01 -2.9168e+00 -1.9293e+00 +2.1776e+00 +2.1358e+00 +2.0508e+00 +7.6485e-01 -2.4459e+00
6818 +9.048362956e-01 +9.048362956e-01 +1.014748363e+02 +1.014748363e+02 +8.9691e-01 -2.3952e+00 -8.6298e-01 -2.7414e+00 -1.8592e+00 +2.2250e+00 +2.0772e+00 +2.0925e+00 +7.8516e-01 -2.4312e+00
6819 +6.440120353e-01 +6.440120353e-01 +1.012140120e+02 +1.012140120e+02 +9.9758e-01 -2.3663e+00 -7.7848e-01 -2.8364e+00 -1.9224e+00 +2.1418e+00 +2.0918e+00 +2.0788e+00 +8.6479e-01 -2.4470e+00
6831 +6.141441795e-01 +6.141441795e-01 +1.011841442e+02 +1.011841442e+02 +9.8226e-01 -2.3621e+00 -7.8763e-01 -2.7973e+00 -1.8489e+00 +2.1359e+00 +2.0954e+00 +2.1203e+00 +8.0658e-01 -2.4116e+00
7544 +5.341878429e-01 +5.341878429e-01 +1.011041878e+02 +1.011041878e+02 +9.9179e-01 -2.3906e+00 -7.4495e-01 -2.7743e+00 -1.9372e+00 +2.1784e+00 +2.0509e+00 +2.1191e+00 +7.9365e-01 -2.4396e+00
7722 +5.226770017e-01 +5.226770017e-01 +1.010926770e+02 +1.010926770e+02 +1.0381e+00 -2.4046e+00 -7.1863e-01 -2.8134e+00 -1.9503e+00 +2.1519e+00 +2.0848e+00 +2.1157e+00 +7.9119e-01 -2.4126e+00
8398 +5.076583212e-01 +5.076583212e-01 +1.010776583e+02 +1.010776583e+02 +1.0541e+00 -2.3377e+00 -7.1463e-01 -2.8182e+00 -1.9279e+00 +2.1705e+00 +2.0706e+00 +2.1237e+00 +7.9857e-01 -2.4183e+00
8533 +4.992614788e-01 +4.992614788e-01 +1.010692615e+02 +1.010692615e+02 +1.0278e+00 -2.3966e+00 -7.4604e-01 -2.8006e+00 -1.9178e+00 +2.1305e+00 +2.1050e+00 +2.1237e+00 +8.1418e-01 -2.4185e+00
8611 +4.849679643e-01 +4.849679643e-01 +1.010549680e+02 +1.010549680e+02 +1.0510e+00 -2.3886e+00 -7.6013e-01 -2.8033e+00 -1.9409e+00 +2.1587e+00 +2.0862e+00 +2.1140e+00 +7.8565e-01 -2.4413e+00
8723 +4.723176055e-01 +4.723176055e-01 +1.010423176e+02 +1.010423176e+02 +1.0367e+00 -2.4055e+00 -7.9853e-01 -2.8301e+00 -1.9175e+00 +2.1554e+00 +2.0908e+00 +2.1061e+00 +8.0039e-01 -2.4363e+00
9343 +4.637483900e-01 +4.637483900e-01 +1.010337484e+02 +1.010337484e+02 +1.0221e+00 -2.3782e+00 -7.3958e-01 -2.8205e+00 -1.9270e+00 +2.1518e+00 +2.0961e+00 +2.1158e+00 +8.0731e-01 -2.4261e+00
10209 +4.569421053e-01 +4.569421053e-01 +1.010269421e+02 +1.010269421e+02 +1.0279e+00 -2.3722e+00 -7.5634e-01 -2.8275e+00 -1.9207e+00 +2.1575e+00 +2.0899e+00 +2.1117e+00 +8.0205e-01 -2.4286e+00
% function evaluation | noise-free fitness - Fopt (1.149000000000e+01) | best noise-free fitness - Fopt | measured fitness | best measured fitness | x1 | x2...
1 +1.033747614e+04 +1.033747614e+04 +1.034896614e+04 +1.034896614e+04 +0.0000e+00 +0.0000e+00 +0.0000e+00 +0.0000e+00 +0.0000e+00 +0.0000e+00 +0.0000e+00 +0.0000e+00 +0.0000e+00 +0.0000e+00
8 +3.652832222e+03 +3.652832222e+03 +3.664322222e+03 +3.664322222e+03 +2.1699e+00 -8.4236e-01 -1.1313e+00 +1.5023e+00 +1.3803e+00 -2.9444e+00 -1.5870e+00 +1.3260e+00 -1.9745e+00 -1.1766e+00
15 +1.492354016e+02 +1.492354016e+02 +1.607254016e+02 +1.607254016e+02 +2.4027e+00 -1.4903e+00 +2.3611e-01 +3.9662e-01 +6.1330e-01 -3.0022e+00 -1.8929e-01 +1.2195e+00 -8.1202e-01 -1.1431e+00
163 +5.002544626e+01 +5.002544626e+01 +6.151544626e+01 +6.151544626e+01 +2.6125e+00 +1.0701e+00 -2.5197e+00 +1.1010e+00 +1.2818e+00 -1.2425e+00 +1.1314e+00 +2.5626e+00 -1.5247e+00 -7.0117e-01
282 +2.642868244e+01 +2.642868244e+01 +3.791868244e+01 +3.791868244e+01 +2.4263e+00 +1.3128e-02 -1.6070e+00 +9.2158e-02 +2.5566e+00 -6.4596e-01 +2.2509e+00 +4.6392e-01 -7.7544e-01 -1.0823e+00
405 +4.326612545e+00 +4.326612545e+00 +1.581661254e+01 +1.581661254e+01 -2.9885e-01 -1.5308e-01 -1.2108e+00 +6.8472e-02 +2.4476e+00 -2.1118e+00 +1.4076e+00 +2.0034e+00 -9.1525e-01 -1.6866e+00
419 +3.495949496e+00 +3.495949496e+00 +1.498594950e+01 +1.498594950e+01 +1.3060e+00 -1.5501e-02 +1.7930e-01 +2.8403e-02 +2.6102e+00 -1.6232e+00 +7.0288e-01 +2.0396e+00 -1.0127e+00 -2.3534e+00
461 +2.862198560e+00 +2.862198560e+00 +1.435219856e+01 +1.435219856e+01 +8.3074e-01 +7.8632e-01 +4.0735e-01 -1.6975e-01 +2.7387e+00 -1.3052e+00 +1.3097e+00 +2.1834e+00 -2.1085e+00 -2.1013e+00
2191 +2.607136314e+00 +2.607136314e+00 +1.409713631e+01 +1.409713631e+01 -1.5661e+00 +3.1388e+00 +5.1636e-01 +3.4900e-01 +4.1987e-01 -1.7540e+00 +9.4380e-01 +2.3369e+00 -7.8081e-01 -1.7315e+00
3339 +2.522520929e+00 +2.522520929e+00 +1.401252093e+01 +1.401252093e+01 -1.4195e+00 -2.4261e-01 -9.4263e-01 -7.6103e-01 +9.9229e-01 -1.2236e+00 +2.2281e+00 +2.0779e+00 -2.0503e+00 -2.1096e+00
3759 +2.366719366e+00 +2.366719366e+00 +1.385671937e+01 +1.385671937e+01 -6.1915e-01 -4.0117e-01 -1.8437e+00 -2.2058e-01 +1.5773e+00 -2.7859e-01 +1.2211e+00 +2.3086e+00 -1.6216e+00 -1.8409e+00
4371 +2.295107614e+00 +2.295107614e+00 +1.378510761e+01 +1.378510761e+01 -1.3134e+00 -2.9283e-01 -2.7169e+00 -3.4849e-01 +6.5948e-01 -5.9085e-01 +2.5920e+00 +2.0350e+00 -1.2246e+00 -2.0206e+00
4829 +2.079181947e+00 +2.079181947e+00 +1.356918195e+01 +1.356918195e+01 +1.3751e-01 -4.7787e-01 -1.2041e+00 +5.7054e-03 +2.5908e+00 -8.7561e-02 +1.6975e+00 +2.2543e+00 -2.0330e+00 -2.1322e+00
5436 +2.033533311e+00 +2.033533311e+00 +1.352353331e+01 +1.352353331e+01 +8.3355e-01 -8.1984e-01 -7.4576e-01 +5.4620e-01 +2.4374e+00 -1.4973e+00 +6.3418e-01 +2.4402e+00 -1.9498e+00 -2.2108e+00
5557 +1.818361801e+00 +1.818361801e+00 +1.330836180e+01 +1.330836180e+01 +8.6943e-01 -6.6024e-01 -1.2273e+00 +3.3802e-01 +2.5629e+00 -1.9586e+00 +4.4997e-01 +2.5280e+00 -1.9572e+00 -1.7912e+00
6047 +1.231056212e+00 +1.231056212e+00 +1.272105621e+01 +1.272105621e+01 +2.0508e+00 -1.0736e+00 -2.1013e+00 +2.7953e-01 +2.5881e+00 -3.7508e-02 +8.7440e-01 +2.4505e+00 -2.0587e+00 -2.1548e+00
7398 +9.843239672e-01 +9.843239672e-01 +1.247432397e+01 +1.247432397e+01 +2.1662e+00 -1.0347e+00 -2.8257e+00 -4.4576e-01 +2.8022e+00 -1.9245e+00 +3.8591e-01 +2.0548e+00 -2.1172e+00 -2.1041e+00
7823 +8.143138364e-01 +8.143138364e-01 +1.230431384e+01 +1.230431384e+01 +2.1716e+00 -1.1453e+00 -2.8054e+00 -5.1125e-01 +2.7321e+00 -1.8908e+00 +4.9472e-01 +2.0639e+00 -2.1128e+00 -2.1245e+00
7905 +7.957014436e-01 +7.957014436e-01 +1.228570144e+01 +1.228570144e+01 +2.1791e+00 -1.0408e+00 -2.8577e+00 -4.8430e-01 +2.7507e+00 -2.0253e+00 +4.3824e-01 +2.0724e+00 -2.1162e+00 -2.1098e+00
8145 +7.535069160e-01 +7.535069160e-01 +1.224350692e+01 +1.224350692e+01 +1.9976e+00 -1.0284e+00 -2.9330e+00 -5.0161e-01 +2.7423e+00 -1.9451e+00 +4.3536e-01 +2.0514e+00 -2.1135e+00 -2.1184e+00
8167 +7.178952312e-01 +7.178952312e-01 +1.220789523e+01 +1.220789523e+01 +2.0423e+00 -1.1015e+00 -2.8574e+00 -5.7579e-01 +2.7147e+00 -1.9537e+00 +4.7569e-01 +2.1005e+00 -2.0960e+00 -2.1054e+00
8231 +6.976921552e-01 +6.976921552e-01 +1.218769216e+01 +1.218769216e+01 +2.0770e+00 -1.0505e+00 -2.8832e+00 -6.3775e-01 +2.7784e+00 -1.9209e+00 +4.3867e-01 +2.0948e+00 -2.0991e+00 -2.1037e+00
8267 +6.517488423e-01 +6.517488423e-01 +1.214174884e+01 +1.214174884e+01 +2.1854e+00 -1.0642e+00 -2.8911e+00 -5.6202e-01 +2.7740e+00 -1.9015e+00 +4.6050e-01 +2.0736e+00 -2.1219e+00 -2.0899e+00
9014 +6.367697351e-01 +6.367697351e-01 +1.212676974e+01 +1.212676974e+01 +2.1037e+00 -1.0771e+00 -2.9107e+00 -5.8333e-01 +2.7786e+00 -1.9315e+00 +4.6372e-01 +2.0594e+00 -2.1173e+00 -2.1341e+00
9401 +6.208300616e-01 +6.208300616e-01 +1.211083006e+01 +1.211083006e+01 +2.1378e+00 -1.0938e+00 -2.9142e+00 -5.9394e-01 +2.7717e+00 -1.9367e+00 +4.4492e-01 +2.0893e+00 -2.1083e+00 -2.0883e+00
9656 +6.012096574e-01 +6.012096574e-01 +1.209120966e+01 +1.209120966e+01 +2.1084e+00 -1.0514e+00 -2.8904e+00 -5.6379e-01 +2.7813e+00 -1.9643e+00 +4.5901e-01 +2.0878e+00 -2.1089e+00 -2.1033e+00
9821 +5.834742130e-01 +5.834742130e-01 +1.207347421e+01 +1.207347421e+01 +2.0976e+00 -1.0872e+00 -2.9203e+00 -5.5987e-01 +2.7854e+00 -1.9465e+00 +4.6456e-01 +2.0739e+00 -2.1113e+00 -2.0977e+00
11685 +5.745219987e-01 +5.745219987e-01 +1.206452200e+01 +1.206452200e+01 +2.0987e+00 -1.0796e+00 -2.8992e+00 -5.5769e-01 +2.7664e+00 -1.9355e+00 +4.7112e-01 +2.0684e+00 -2.1157e+00 -2.1063e+00
% function evaluation | noise-free fitness - Fopt (7.731000000000e+01) | best noise-free fitness - Fopt | measured fitness | best measured fitness | x1 | x2...
1 +1.033747614e+04 +1.033747614e+04 +1.041478614e+04 +1.041478614e+04 +0.0000e+00 +0.0000e+00 +0.0000e+00 +0.0000e+00 +0.0000e+00 +0.0000e+00 +0.0000e+00 +0.0000e+00 +0.0000e+00 +0.0000e+00
5 +7.401131177e+03 +7.401131177e+03 +7.478441177e+03 +7.478441177e+03 +1.6262e+00 -1.8428e+00 +2.9724e+00 -6.1073e-01 +1.1140e+00 -8.7843e-01 +1.6839e-02 +6.7966e-01 -2.1194e-01 +1.0938e+00
7 +5.984509740e+03 +5.984509740e+03 +6.061819740e+03 +6.061819740e+03 +8.2725e-01 +1.9632e+00 -2.7759e+00 +2.7731e+00 -2.7484e+00 +1.7262e+00 +1.2867e+00 +1.4633e+00 +3.0512e+00 +1.3511e+00
19 +5.673299446e+03 +5.673299446e+03 +5.750609446e+03 +5.750609446e+03 +3.1014e-01 +6.4240e-01 -9.4314e-01 +1.1696e+00 -2.6243e+00 +6.5199e-01 -6.2656e-03 +1.4822e+00 +2.2265e+00 +1.1412e+00
21 +4.159471543e+03 +4.159471543e+03 +4.236781543e+03 +4.236781543e+03 +1.5310e+00 +3.7711e-01 -1.1785e+00 +1.8528e+00 -2.0158e+00 +1.7447e+00 +7.9690e-01 +9.7579e-01 +7.2262e-01 +3.0462e-01
31 +3.097806718e+03 +3.097806718e+03 +3.175116718e+03 +3.175116718e+03 +1.7861e+00 +7.6888e-01 -2.1432e+00 +3.3653e+00 -2.1468e+00 +2.9508e+00 +1.0691e+00 +1.7893e+00 +7.0122e-02 +1.0573e+00
34 +8.799713845e+02 +8.799713845e+02 +9.572813845e+02 +9.572813845e+02 +3.3150e+00 +9.8967e-01 -1.4105e+00 +2.8588e+00 -1.4175e+00 +1.9179e+00 +2.5387e+00 +2.1615e+00 +1.3789e+00 +9.3454e-01
55 +2.585761951e+02 +2.585761951e+02 +3.358861951e+02 +3.358861951e+02 +1.9376e-01 -7.4800e-01 +1.5380e+00 +3.1924e-01 +2.6034e+00 +1.9253e+00 +3.1737e-01 +2.9082e+00 +1.2417e-01 +1.1501e+00
151 +2.357468120e+02 +2.357468120e+02 +3.130568120e+02 +3.130568120e+02 +4.8875e-02 -2.1422e+00 -7.8405e-02 -7.6841e-01 +3.9368e-01 +3.0956e+00 +1.0191e+00 +1.2102e+00 +7.5029e-01 +1.6885e+00
164 +1.892731143e+02 +1.892731143e+02 +2.665831143e+02 +2.665831143e+02 +6.2555e-01 -1.5007e+00 -1.3296e+00 -9.0438e-01 -2.7768e-01 +3.0124e+00 +3.4500e-01 +1.6808e+00 +2.2716e+00 +2.2378e+00
170 +8.162839311e+01 +8.162839311e+01 +1.589383931e+02 +1.589383931e+02 -4.4734e-01 -1.8831e+00 +8.9523e-01 +8.7756e-01 -3.8179e-01 +1.4584e+00 +1.1109e+00 +2.9429e-01 +9.9159e-01 +1.8477e+00
241 +6.038191780e+01 +6.038191780e+01 +1.376919178e+02 +1.376919178e+02 +2.4007e-01 -3.3666e+00 +1.6111e+00 +2.8680e+00 +1.4772e+00 -1.5814e-01 +5.5390e-01 +1.7499e+00 +2.0005e+00 +1.7997e+00
283 +9.432151599e+00 +9.432151599e+00 +8.674215160e+01 +8.674215160e+01 +1.4480e+00 -2.8130e+00 +7.1533e-01 +3.1527e+00 +1.2800e+00 +6.9205e-01 +4.1136e-01 +1.7982e+00 +6.5161e-01 +2.5889e+00
351 +9.132455626e+00 +9.132455626e+00 +8.644245563e+01 +8.644245563e+01 +3.9813e-01 -3.1717e+00 +7.6780e-01 +2.1949e+00 +2.2298e+00 +4.5400e-01 +2.5014e+00 +1.1884e+00 +1.2757e+00 +9.6590e-01
390 +7.592540217e+00 +7.592540217e+00 +8.490254022e+01 +8.490254022e+01 +1.7079e+00 -3.4912e+00 +1.0379e+00 +2.6106e-01 +1.5610e+00 +1.0903e+00 +2.2757e+00 +8.1043e-01 +1.4334e+00 +1.4505e+00
432 +4.755141288e+00 +4.755141288e+00 +8.206514129e+01 +8.206514129e+01 +2.0471e+00 -2.8575e+00 +6.2915e-01 +7.6974e-01 +8.0241e-01 +2.5696e+00 +1.7062e+00 +1.9652e+00 +1.2975e+00 +2.2829e+00
451 +3.462979261e+00 +3.462979261e+00 +8.077297926e+01 +8.077297926e+01 +1.2209e+00 -3.1219e+00 +1.6025e+00 +1.6294e+00 +5.8603e-02 +1.9933e+00 +2.0210e+00 +2.1593e+00 +1.4639e+00 +9.5496e-01
873 +3.149718027e+00 +3.149718027e+00 +8.045971803e+01 +8.045971803e+01 +1.0518e+00 +1.2904e-02 -4.7977e-01 +2.6565e+00 -2.3787e-01 +2.2136e+00 +1.5365e+00 +8.0593e-01 +2.0897e+00 +2.0222e+00
1044 +2.756423769e+00 +2.756423769e+00 +8.006642377e+01 +8.006642377e+01 +1.6390e+00 -2.9633e+00 +1.0947e-02 +1.7380e-01 +1.3910e+00 +2.3666e+00 +7.1441e-01 +1.8115e+00 +9.4409e-01 +2.4627e+00
1294 +2.446074616e+00 +2.446074616e+00 +7.975607462e+01 +7.975607462e+01 -2.3450e-01 -2.5282e+00 +5.4898e-01 +5.0571e-01 +2.6158e-01 +2.4786e+00 +3.4290e-01 +1.1388e+00 +2.3645e+00 +1.2247e+00
3781 +2.353389223e+00 +2.353389223e+00 +7.966338922e+01 +7.966338922e+01 -7.6906e-02 -1.5723e+00 +6.6966e-01 +2.0736e+00 +3.2052e-03 +2.6785e+00 +1.8942e+00 +7.4100e-01 +1.4496e+00 +1.5655e+00
4330 +1.932058753e+00 +1.932058753e+00 +7.924205875e+01 +7.924205875e+01 -1.5066e-01 -2.5046e+00 -2.0532e+00 +2.1096e+00 +2.1998e+00 +6.0196e-01 +1.8566e+00 +7.5193e-01 +1.1903e+00 +2.3762e+00
4851 +1.765373855e+00 +1.765373855e+00 +7.907537386e+01 +7.907537386e+01 +1.1512e+00 -3.0479e+00 -1.9287e+00 +9.6171e-01 +2.3006e-01 +1.1140e+00 +2.3559e+00 +5.4701e-01 +1.1947e+00 +2.3680e+00
5884 +1.726488364e+00 +1.726488364e+00 +7.903648836e+01 +7.903648836e+01 +1.4977e+00 -2.8792e+00 -1.9184e+00 -2.1541e-01 +5.4092e-01 +1.2994e+00 +2.2966e+00 +5.9548e-01 +2.0474e+00 +1.8286e+00
6132 +1.558018833e+00 +1.558018833e+00 +7.886801883e+01 +7.886801883e+01 +1.5555e+00 -2.9378e+00 -1.7952e+00 -2.1220e-01 +5.2287e-01 +1.0671e+00 +2.3582e+00 +5.7147e-01 +2.1395e+00 +1.7063e+00
6192 +1.509567959e+00 +1.509567959e+00 +7.881956796e+01 +7.881956796e+01 +1.5445e+00 -3.0654e+00 -1.7905e+00 -2.8383e-01 +5.7856e-01 +1.0832e+00 +2.3896e+00 +5.7138e-01 +2.0870e+00 +1.5278e+00
6331 +1.303369295e+00 +1.303369295e+00 +7.861336929e+01 +7.861336929e+01 +1.4822e+00 -3.0275e+00 -1.8195e+00 -2.5256e-01 +4.1904e-01 +1.0439e+00 +2.3744e+00 +5.9515e-01 +2.5057e+00 +1.6847e+00
7095 +1.253992608e+00 +1.253992608e+00 +7.856399261e+01 +7.856399261e+01 +1.5785e+00 -2.9114e+00 -1.9066e+00 -3.1754e-01 +4.8821e-01 +1.0792e+00 +2.3907e+00 +5.0363e-01 +2.4870e+00 +1.6783e+00
7402 +1.229394972e+00 +1.229394972e+00 +7.853939497e+01 +7.853939497e+01 +1.5748e+00 -3.1072e+00 -1.8372e+00 -2.7113e-01 +4.8327e-01 +1.3187e+00 +2.3004e+00 +5.9307e-01 +2.5106e+00 +1.6539e+00
7482 +1.147648136e+00 +1.147648136e+00 +7.845764814e+01 +7.845764814e+01 +1.5004e+00 -2.9224e+00 -1.9182e+00 -3.7514e-01 +6.0036e-01 +1.0153e+00 +2.3631e+00 +5.7946e-01 +2.4962e+00 +1.6807e+00
7502 +1.049499800e+00 +1.049499800e+00 +7.835949980e+01 +7.835949980e+01 +1.5521e+00 -2.9703e+00 -1.8989e+00 -2.9308e-01 +5.0351e-01 +1.0716e+00 +2.3511e+00 +5.6907e-01 +2.4933e+00 +1.6822e+00
8014 +1.034780113e+00 +1.034780113e+00 +7.834478011e+01 +7.834478011e+01 +1.5742e+00 -2.9879e+00 -1.9085e+00 -3.0246e-01 +5.6354e-01 +1.0608e+00 +2.3734e+00 +5.6761e-01 +2.4883e+00 +1.6637e+00
8428 +1.017692495e+00 +1.017692495e+00 +7.832769249e+01 +7.832769249e+01 +1.4692e+00 -2.9790e+00 -1.8748e+00 -2.7893e-01 +5.1883e-01 +1.0573e+00 +2.3498e+00 +5.5845e-01 +2.4947e+00 +1.6631e+00
9344 +9.989651862e-01 +9.989651862e-01 +7.830896519e+01 +7.830896519e+01 +1.4968e+00 -3.0158e+00 -1.8699e+00 -2.8292e-01 +5.3468e-01 +1.0694e+00 +2.3581e+00 +5.6306e-01 +2.4935e+00 +1.6575e+00
% function evaluation | noise-free fitness - Fopt (3.207700000000e+02) | best noise-free fitness - Fopt | measured fitness | best measured fitness | x1 | x2...
1 +1.033747614e+04 +1.033747614e+04 +1.065824614e+04 +1.065824614e+04 +0.0000e+00 +0.0000e+00 +0.0000e+00 +0.0000e+00 +0.0000e+00 +0.0000e+00 +0.0000e+00 +0.0000e+00 +0.0000e+00 +0.0000e+00
9 +7.268552080e+03 +7.268552080e+03 +7.589322080e+03 +7.589322080e+03 +2.0027e-02 +4.8247e-01 +2.2456e-01 -1.5159e+00 -1.0919e+00 -1.0416e+00 +6.3301e-01 +4.5048e-01 -7.1884e-01 -5.9580e-01
17 +6.768828091e+03 +6.768828091e+03 +7.089598091e+03 +7.089598091e+03 +4.4677e-01 +2.7138e-01 -4.3157e-01 -2.9330e+00 -1.1891e+00 -1.8562e+00 -2.6927e-01 -6.5312e-01 -2.0952e-01 +5.2016e-02
18 +1.645481227e+03 +1.645481227e+03 +1.966251227e+03 +1.966251227e+03 +3.5589e-01 +2.5680e-01 -1.2917e+00 -1.6156e+00 -4.2846e-01 -6.4293e-01 -8.4928e-02 -1.1108e+00 -2.3689e-02 -1.4806e+00
29 +1.576725045e+03 +1.576725045e+03 +1.897495045e+03 +1.897495045e+03 -2.7280e-01 +8.6432e-01 -2.6571e-01 -2.8392e+00 +3.1752e-01 -1.2994e+00 +3.3254e-01 -1.2008e+00 -4.5133e-01 -5.7486e-01
35 +2.494086291e+02 +2.494086291e+02 +5.701786291e+02 +5.701786291e+02 -6.6098e-01 +1.4989e+00 +3.9855e-01 -3.0444e+00 +2.7677e-01 -2.0720e+00 +7.5542e-03 -2.0197e+00 -2.2127e-01 -1.7372e+00
180 +6.117400143e+01 +6.117400143e+01 +3.819440014e+02 +3.819440014e+02 -4.6815e-01 -3.1378e-01 +2.7076e+00 -2.1357e+00 -6.5474e-01 -2.7428e+00 +3.6882e-01 -2.1513e+00 -4.7766e-01 -2.2584e+00
215 +1.258129442e+01 +1.258129442e+01 +3.333512944e+02 +3.333512944e+02 -2.4770e+00 +2.9885e-01 +2.6095e+00 -1.9867e+00 +8.9826e-01 -1.0937e+00 -2.6081e+00 -1.2984e+00 -1.7722e+00 -1.1649e+00
273 +4.287490711e+00 +4.287490711e+00 +3.250574907e+02 +3.250574907e+02 -2.1561e+00 +7.5306e-01 +8.2022e-01 -1.5851e+00 -1.6839e-01 -1.0749e+00 -2.7651e-01 -1.2877e+00 -1.5630e+00 -1.0420e+00
330 +2.957848158e+00 +2.957848158e+00 +3.237278482e+02 +3.237278482e+02 -2.2032e+00 +1.2240e+00 +2.0660e+00 -2.2914e+00 +1.7968e+00 -2.2518e+00 -1.8403e+00 -1.2369e+00 -2.3362e+00 -1.4553e+00
1126 +2.341500632e+00 +2.341500632e+00 +3.231115006e+02 +3.231115006e+02 -1.2320e+00 -2.1983e+00 -1.4692e+00 -2.2176e+00 +2.1451e+00 -6.8844e-01 -1.9481e+00 -1.2346e+00 -2.2729e+00 -8.7100e-01
2383 +2.119819304e+00 +2.119819304e+00 +3.228898193e+02 +3.228898193e+02 -2.0749e-01 +7.2547e-01 +2.8317e+00 -1.2242e+00 +1.3834e-01 -2.6430e+00 -1.9083e+00 -9.0550e-01 -1.7817e+00 -2.1552e+00
2476 +2.067636286e+00 +2.067636286e+00 +3.228376363e+02 +3.228376363e+02 -2.0144e+00 +1.2517e+00 +2.9640e+00 -1.2179e+00 +5.9135e-02 -2.5863e+00 -1.3500e+00 -7.6275e-01 -1.4894e+00 -2.3125e+00
3994 +1.939124878e+00 +1.939124878e+00 +3.227091249e+02 +3.227091249e+02 -2.0886e+00 +8.0523e-02 +2.7720e+00 -9.6114e-01 +2.3851e+00 -4.5242e-01 -2.5231e+00 -2.0112e+00 -2.1431e+00 -2.1704e+00
4305 +1.700305927e+00 +1.700305927e+00 +3.224703059e+02 +3.224703059e+02 -2.2173e+00 -4.1281e-01 +2.4577e+00 +3.5986e-01 +2.6463e+00 -9.2795e-02 -2.6685e+00 -1.4902e+00 -1.9494e+00 -2.1610e+00
5433 +1.697216844e+00 +1.697216844e+00 +3.224672168e+02 +3.224672168e+02 +8.5424e-01 +2.6662e-01 +1.7693e+00 -2.2084e+00 +2.1599e+00 -8.6672e-01 -2.3641e+00 -1.9750e+00 -2.0967e+00 -2.1130e+00
5535 +1.524415558e+00 +1.524415558e+00 +3.222944156e+02 +3.222944156e+02 +7.9284e-01 +4.2998e-01 +1.9097e+00 -1.4478e+00 +2.2929e+00 -6.9314e-01 -2.5254e+00 -1.9976e+00 -2.1411e+00 -2.0975e+00
5545 +1.498789216e+00 +1.498789216e+00 +3.222687892e+02 +3.222687892e+02 +2.3491e-01 +4.4940e-01 +1.8531e+00 -1.4723e+00 +2.2856e+00 -6.8882e-01 -2.4193e+00 -2.0436e+00 -2.1081e+00 -2.0844e+00
5561 +1.364884186e+00 +1.364884186e+00 +3.221348842e+02 +3.221348842e+02 +6.3746e-01 +5.6073e-01 +1.8123e+00 -2.1615e+00 +2.0343e+00 -6.7278e-01 -2.4043e+00 -2.0238e+00 -2.1476e+00 -2.1112e+00
6989 +1.266124163e+00 +1.266124163e+00 +3.220361242e+02 +3.220361242e+02 +6.3534e-01 +4.0131e-01 +1.8971e+00 -2.2058e+00 +2.1382e+00 -1.5926e+00 -2.2546e+00 -1.6339e+00 -2.2002e+00 -2.0945e+00
7024 +1.193094691e+00 +1.193094691e+00 +3.219630947e+02 +3.219630947e+02 +6.4281e-01 +3.6424e-01 +1.9076e+00 -2.2236e+00 +2.0246e+00 -1.5596e+00 -2.2438e+00 -1.6269e+00 -2.2375e+00 -2.0517e+00
7662 +1.171545521e+00 +1.171545521e+00 +3.219415455e+02 +3.219415455e+02 +7.2737e-01 +4.2452e-01 +1.8541e+00 -2.1686e+00 +2.0966e+00 -1.5191e+00 -2.2276e+00 -1.6280e+00 -2.2210e+00 -2.0731e+00
7732 +1.130590857e+00 +1.130590857e+00 +3.219005909e+02 +3.219005909e+02 +5.7974e-01 +3.8302e-01 +1.9005e+00 -2.1954e+00 +2.1030e+00 -1.5341e+00 -2.2693e+00 -1.6035e+00 -2.2172e+00 -2.0786e+00
7874 +1.096295549e+00 +1.096295549e+00 +3.218662955e+02 +3.218662955e+02 +6.0948e-01 +4.2814e-01 +1.9055e+00 -2.1297e+00 +2.0873e+00 -1.5238e+00 -2.2467e+00 -1.6091e+00 -2.2198e+00 -2.0766e+00
9741 +1.070120458e+00 +1.070120458e+00 +3.218401205e+02 +3.218401205e+02 +6.3419e-01 +3.7892e-01 +1.8821e+00 -2.1600e+00 +2.0879e+00 -1.5419e+00 -2.2466e+00 -1.6217e+00 -2.2284e+00 -2.0705e+00
% function evaluation | noise-free fitness - Fopt (1.893000000000e+01) | best noise-free fitness - Fopt | measured fitness | best measured fitness | x1 | x2...
1 +1.033747614e+04 +1.033747614e+04 +1.035640614e+04 +1.035640614e+04 +0.0000e+00 +0.0000e+00 +0.0000e+00 +0.0000e+00 +0.0000e+00 +0.0000e+00 +0.0000e+00 +0.0000e+00 +0.0000e+00 +0.0000e+00
5 +9.796112467e+03 +9.796112467e+03 +9.815042467e+03 +9.815042467e+03 +1.2898e-01 +1.2272e+00 +4.3461e-01 +1.4145e+00 -1.7866e+00 +5.9055e-01 -3.5288e-01 +3.8470e-02 +9.0680e-02 +1.1957e+00
8 +4.118150707e+03 +4.118150707e+03 +4.137080707e+03 +4.137080707e+03 +9.7910e-01 -2.1376e+00 +6.5737e-02 +1.3939e+00 -6.4718e-02 +1.9610e+00 +7.8615e-02 +1.1117e+00 -1.0876e+00 -6.3701e-03
14 +1.453628870e+03 +1.453628870e+03 +1.472558870e+03 +1.472558870e+03 -1.2830e+00 -2.3940e+00 -3.5541e-01 +1.3778e+00 +8.7872e-01 +2.3035e+00 -9.3565e-01 +1.6304e+00 -6.8684e-01 +5.2342e-01
22 +2.210129426e+02 +2.210129426e+02 +2.399429426e+02 +2.399429426e+02 -6.7207e-01 -1.5626e+00 +1.7054e-01 -3.0509e-01 +3.3726e-01 +2.1258e+00 -1.2029e+00 +3.1936e-01 -1.6833e+00 +5.4383e-01
125 +3.335524520e+00 +3.335524520e+00 +2.226552452e+01 +2.226552452e+01 +1.9704e+00 -1.9787e+00 -1.7362e+00 -2.3420e+00 -1.4855e-01 +1.4594e+00 -1.1600e+00 +1.2827e+00 -1.4128e+00 +1.2070e+00
446 +3.144052805e+00 +3.144052805e+00 +2.207405281e+01 +2.207405281e+01 +1.1785e+00 +9.0235e-01 -2.7608e+00 -1.9777e+00 +7.5253e-02 +2.4030e+00 -8.0564e-01 +8.9817e-01 -2.1843e+00 +1.5957e+00
734 +3.082737936e+00 +3.082737936e+00 +2.201273794e+01 +2.201273794e+01 +1.2097e-01 +1.4377e+00 -2.9777e+00 +5.4928e-01 +4.3541e-01 +8.8244e-01 -1.1347e+00 +2.0104e+00 -2.1313e+00 +1.2832e+00
762 +2.919619335e+00 +2.919619335e+00 +2.184961933e+01 +2.184961933e+01 -1.9961e-01 -1.8638e-01 -2.4477e+00 -3.2217e-01 +2.0517e+00 +2.5504e-01 -2.7230e+00 +1.9389e+00 -8.2126e-01 +1.2218e+00
915 +2.867154123e+00 +2.867154123e+00 +2.179715412e+01 +2.179715412e+01 +1.7493e+00 -2.1898e+00 -2.1211e+00 +8.8357e-01 +1.2978e+00 +1.1901e+00 -7.3970e-01 +9.9267e-01 -1.7539e+00 +1.0365e+00
1006 +2.763571664e+00 +2.763571664e+00 +2.169357166e+01 +2.169357166e+01 -1.1511e+00 -2.0023e+00 -2.0729e+00 -1.0077e+00 +2.3947e+00 +1.9983e+00 -1.5412e+00 +1.5654e+00 -1.6607e+00 +1.1250e+00
2142 +2.404279271e+00 +2.404279271e+00 +2.133427927e+01 +2.133427927e+01 +7.2127e-01 -1.6954e+00 +5.5659e-01 -2.0254e+00 +1.6192e+00 +2.1857e+00 -4.4640e-01 +2.5847e+00 -1.5942e+00 +1.0719e+00
3908 +2.304870508e+00 +2.304870508e+00 +2.123487051e+01 +2.123487051e+01 +2.0820e+00 -1.9624e+00 -1.2702e+00 -1.2436e+00 +2.3306e+00 +9.3049e-01 -2.3128e+00 +1.3058e+00 -9.9366e-01 +1.1639e+00
4838 +2.020081919e+00 +2.020081919e+00 +2.095008192e+01 +2.095008192e+01 +2.0489e+00 -2.1041e+00 -1.2265e+00 +1.1959e-01 +2.6824e+00 +7.3832e-02 -2.7745e+00 +1.1703e+00 -2.4080e+00 +1.4010e+00
5155 +1.930601492e+00 +1.930601492e+00 +2.086060149e+01 +2.086060149e+01 +2.0994e+00 -2.0015e+00 -1.9814e+00 +2.6022e-01 +2.5551e+00 +1.2110e-01 -2.4919e+00 +4.9174e-01 -2.1808e+00 +1.6818e+00
5254 +1.815641211e+00 +1.815641211e+00 +2.074564121e+01 +2.074564121e+01 +1.9422e+00 -2.1315e+00 -1.9108e+00 +2.5438e-01 +2.6984e+00 +1.5613e-02 -2.5147e+00 +6.5533e-01 -2.4392e+00 +1.4386e+00
5635 +1.717332293e+00 +1.717332293e+00 +2.064733229e+01 +2.064733229e+01 +2.2314e+00 -1.9295e+00 -1.2977e+00 +1.5753e-01 +2.6345e+00 -8.6136e-02 -2.5381e+00 +5.1092e-01 -2.4939e+00 +1.1277e+00
5672 +1.446020634e+00 +1.446020634e+00 +2.037602063e+01 +2.037602063e+01 +2.1883e+00 -1.8504e+00 -1.2489e+00 +6.6102e-02 +2.6573e+00 +1.3772e-01 -2.6578e+00 +4.3291e-01 -2.5438e+00 +8.5959e-01
6772 +1.404263697e+00 +1.404263697e+00 +2.033426370e+01 +2.033426370e+01 +2.1875e+00 -2.0822e+00 -1.3256e-01 -6.2718e-01 +2.5001e+00 +9.4113e-02 -2.5795e+00 +5.1581e-01 -2.5026e+00 +1.6276e+00
6802 +1.226043072e+00 +1.226043072e+00 +2.015604307e+01 +2.015604307e+01 +2.1983e+00 -2.0855e+00 -5.8616e-01 -6.0727e-01 +2.4850e+00 +6.3202e-02 -2.6794e+00 +4.7870e-01 -2.5310e+00 +1.9614e+00
6894 +1.057891811e+00 +1.057891811e+00 +1.998789181e+01 +1.998789181e+01 +2.1317e+00 -2.0905e+00 -7.6461e-01 -6.1946e-01 +2.4900e+00 +6.3587e-02 -2.6242e+00 +4.5273e-01 -2.4837e+00 +1.9983e+00
6896 +1.025613372e+00 +1.025613372e+00 +1.995561337e+01 +1.995561337e+01 +1.9868e+00 -2.1668e+00 -6.7087e-01 -5.8798e-01 +2.5064e+00 +8.3237e-02 -2.6271e+00 +5.1492e-01 -2.4980e+00 +1.9878e+00
7846 +1.018682943e+00 +1.018682943e+00 +1.994868294e+01 +1.994868294e+01 +2.1096e+00 -2.0817e+00 -1.2973e+00 -1.1169e+00 +2.3798e+00 +1.6887e-01 -2.6468e+00 +4.9289e-01 -2.5160e+00 +2.0408e+00
7956 +9.853409199e-01 +9.853409199e-01 +1.991534092e+01 +1.991534092e+01 +2.1101e+00 -2.1071e+00 -1.3393e+00 -7.9192e-01 +2.4571e+00 +1.1486e-01 -2.6435e+00 +4.8981e-01 -2.5264e+00 +2.0214e+00
8166 +9.605837049e-01 +9.605837049e-01 +1.989058370e+01 +1.989058370e+01 +2.0816e+00 -2.1127e+00 -1.3252e+00 -1.0549e+00 +2.3742e+00 +1.2480e-01 -2.6168e+00 +5.2262e-01 -2.4575e+00 +2.0029e+00
8215 +9.413771187e-01 +9.413771187e-01 +1.987137712e+01 +1.987137712e+01 +2.1087e+00 -2.1015e+00 -1.2533e+00 -1.0809e+00 +2.3765e+00 +1.6123e-01 -2.6208e+00 +4.5240e-01 -2.4970e+00 +2.0077e+00
8262 +8.501666916e-01 +8.501666916e-01 +1.978016669e+01 +1.978016669e+01 +2.0660e+00 -2.0940e+00 -1.2862e+00 -1.1145e+00 +2.3423e+00 +1.6586e-01 -2.5899e+00 +5.2073e-01 -2.4999e+00 +2.0122e+00
9444 +8.254230441e-01 +8.254230441e-01 +1.975542304e+01 +1.975542304e+01 +2.0875e+00 -2.1334e+00 -1.2460e+00 -1.1012e+00 +2.3591e+00 +1.2839e-01 -2.5968e+00 +4.9562e-01 -2.5135e+00 +1.9933e+00
11197 +8.127141223e-01 +8.127141223e-01 +1.974271412e+01 +1.974271412e+01 +2.1020e+00 -2.0928e+00 -1.2677e+00 -1.0964e+00 +2.3608e+00 +1.3496e-01 -2.5923e+00 +5.0494e-01 -2.5008e+00 +2.0076e+00
