% function evaluation | noise-free fitness - Fopt (1.026100000000e+02) | best noise-free fitness - Fopt | measured fitness | best measured fitness | x1 | x2...
1 +6.851158534e+01 +6.851158534e+01 +1.711215853e+02 +1.711215853e+02 +0.0000e+00 +0.0000e+00 +0.0000e+00
2 +4.496674493e+01 +4.496674493e+01 +1.475767449e+02 +1.475767449e+02 -8.9929e-01 +5.7146e-02 +3.9696e-01
16 +3.134751518e+01 +3.134751518e+01 +1.339575152e+02 +1.339575152e+02 -1.4646e+00 -1.1572e-01 +1.0316e+00
25 +2.547816205e+01 +2.547816205e+01 +1.280881620e+02 +1.280881620e+02 -1.8805e+00 +8.6517e-01 -1.3721e-01
33 +2.445867526e+01 +2.445867526e+01 +1.270686753e+02 +1.270686753e+02 -2.4104e+00 +1.3007e+00 +5.7629e-01
34 +1.848784320e+01 +1.848784320e+01 +1.210978432e+02 +1.210978432e+02 -1.9871e+00 +1.1795e+00 -1.2736e+00
61 +1.578791489e+01 +1.578791489e+01 +1.183979149e+02 +1.183979149e+02 -1.2671e+00 +1.0228e+00 -4.2105e+00
153 +1.375321309e+01 +1.375321309e+01 +1.163632131e+02 +1.163632131e+02 -1.5371e+00 +4.7263e+00 -1.2011e+00
194 +9.869443370e+00 +9.869443370e+00 +1.124794434e+02 +1.124794434e+02 -1.9213e+00 +2.1888e+00 -1.9319e+00
274 +9.459312158e+00 +9.459312158e+00 +1.120693122e+02 +1.120693122e+02 -2.3173e+00 +2.7533e+00 -1.8161e+00
305 +5.029339305e+00 +5.029339305e+00 +1.076393393e+02 +1.076393393e+02 -2.3291e+00 +2.7372e+00 -2.1504e+00
320 +4.781437798e+00 +4.781437798e+00 +1.073914378e+02 +1.073914378e+02 -2.3060e+00 +2.7968e+00 -2.1709e+00
430 +4.492486765e+00 +4.492486765e+00 +1.071024868e+02 +1.071024868e+02 -2.4351e+00 +2.6013e+00 -2.1791e+00
486 +3.960832829e+00 +3.960832829e+00 +1.065708328e+02 +1.065708328e+02 -2.4659e+00 +2.5354e+00 -2.1848e+00
603 +3.630442423e+00 +3.630442423e+00 +1.062404424e+02 +1.062404424e+02 -2.5613e+00 +2.2937e+00 -2.1779e+00
679 +3.332577838e+00 +3.332577838e+00 +1.059425778e+02 +1.059425778e+02 -2.5718e+00 +2.2909e+00 -2.1804e+00
789 +3.286252665e+00 +3.286252665e+00 +1.058962527e+02 +1.058962527e+02 -2.5865e+00 +2.2860e+00 -2.1823e+00
837 +3.228642151e+00 +3.228642151e+00 +1.058386422e+02 +1.058386422e+02 -2.5816e+00 +2.2879e+00 -2.1835e+00
60274 +2.417824817e+00 +2.417824817e+00 +1.050278248e+02 +1.050278248e+02 +8.2948e-01 -6.1918e-01 +1.1530e+00
60406 +2.369075277e+00 +2.369075277e+00 +1.049790753e+02 +1.049790753e+02 +8.2439e-01 -6.1993e-01 +1.1511e+00
% function evaluation | noise-free fitness - Fopt (9.330000000000e+01) | best noise-free fitness - Fopt | measured fitness | best measured fitness | x1 | x2...
1 +4.930053583e+01 +4.930053583e+01 +1.426005358e+02 +1.426005358e+02 +0.0000e+00 +0.0000e+00 +0.0000e+00
2 +4.665652115e+01 +4.665652115e+01 +1.399565212e+02 +1.399565212e+02 -1.0621e+00 +2.1513e+00 +4.7339e-01
5 +4.520659513e+01 +4.520659513e+01 +1.385065951e+02 +1.385065951e+02 -9.8663e-01 -1.9385e+00 +7.4821e-01
7 +3.885862530e+01 +3.885862530e+01 +1.321586253e+02 +1.321586253e+02 -1.2958e+00 +1.9196e+00 -3.4088e+00
19 +3.180190124e+01 +3.180190124e+01 +1.251019012e+02 +1.251019012e+02 +2.5658e-01 +2.7961e+00 -2.1247e+00
31 +2.408362984e+01 +2.408362984e+01 +1.173836298e+02 +1.173836298e+02 +1.9886e+00 +2.1498e+00 -2.7988e+00
45 +1.808859275e+01 +1.808859275e+01 +1.113885927e+02 +1.113885927e+02 +1.6258e-01 +2.5383e+00 -1.2841e+00
184 +1.487536479e+01 +1.487536479e+01 +1.081753648e+02 +1.081753648e+02 +8.8782e-01 +2.2777e+00 -1.3587e+00
192 +8.540377803e+00 +8.540377803e+00 +1.018403778e+02 +1.018403778e+02 +5.0210e-01 +2.2937e+00 -1.4487e+00
202 +7.989930950e+00 +7.989930950e+00 +1.012899310e+02 +1.012899310e+02 +4.0364e-01 +2.2283e+00 -1.4124e+00
395 +7.377166562e+00 +7.377166562e+00 +1.006771666e+02 +1.006771666e+02 +7.2464e-01 +2.5989e+00 -1.1479e+00
467 +7.141348418e+00 +7.141348418e+00 +1.004413484e+02 +1.004413484e+02 +7.2344e-01 +2.6037e+00 -1.1432e+00
485 +7.061166544e+00 +7.061166544e+00 +1.003611665e+02 +1.003611665e+02 +7.2220e-01 +2.6067e+00 -1.1412e+00
537 +6.885650827e+00 +6.885650827e+00 +1.001856508e+02 +1.001856508e+02 +7.1888e-01 +2.6148e+00 -1.1413e+00
41650 +6.209243171e+00 +6.209243171e+00 +9.950924317e+01 +9.950924317e+01 +1.0474e+00 +2.1286e+00 -2.4340e+00
42099 +5.903156220e+00 +5.903156220e+00 +9.920315622e+01 +9.920315622e+01 +1.6298e+00 +1.8667e+00 -2.4690e+00
42256 +5.291155656e+00 +5.291155656e+00 +9.859115566e+01 +9.859115566e+01 +1.7403e+00 +2.8765e+00 -2.8496e+00
43143 +4.774378778e+00 +4.774378778e+00 +9.807437878e+01 +9.807437878e+01 +1.6115e+00 +1.4219e+00 -1.6205e+00
43268 +3.460815670e+00 +3.460815670e+00 +9.676081567e+01 +9.676081567e+01 +1.8707e+00 +1.9330e+00 -2.5440e+00
213724 +3.154433190e+00 +3.154433190e+00 +9.645443319e+01 +9.645443319e+01 -1.6153e+00 -1.2035e+00 +1.2952e+00
213748 +7.534410301e-01 +7.534410301e-01 +9.405344103e+01 +9.405344103e+01 -1.6098e+00 -1.1992e+00 +1.3077e+00
213901 +7.030069989e-01 +7.030069989e-01 +9.400300700e+01 +9.400300700e+01 -1.6090e+00 -1.1920e+00 +1.3185e+00
213904 +6.762798094e-01 +6.762798094e-01 +9.397627981e+01 +9.397627981e+01 -1.6087e+00 -1.1925e+00 +1.3179e+00
213911 +6.083394022e-01 +6.083394022e-01 +9.390833940e+01 +9.390833940e+01 -1.6086e+00 -1.1938e+00 +1.3158e+00
213931 +5.880481924e-01 +5.880481924e-01 +9.388804819e+01 +9.388804819e+01 -1.6088e+00 -1.1944e+00 +1.3148e+00
213946 +5.494753995e-01 +5.494753995e-01 +9.384947540e+01 +9.384947540e+01 -1.6083e+00 -1.1980e+00 +1.3123e+00
214058 +5.368296635e-01 +5.368296635e-01 +9.383682966e+01 +9.383682966e+01 -1.6073e+00 -1.2001e+00 +1.3121e+00
% function evaluation | noise-free fitness - Fopt (1.364000000000e+01) | best noise-free fitness - Fopt | measured fitness | best measured fitness | x1 | x2...
1 +4.938867956e+01 +4.938867956e+01 +6.302867956e+01 +6.302867956e+01 +0.0000e+00 +0.0000e+00 +0.0000e+00
2 +3.442635724e+01 +3.442635724e+01 +4.806635724e+01 +4.806635724e+01 -2.2331e+00 -3.4128e-01 -1.9062e+00
9 +1.516102634e+01 +1.516102634e+01 +2.880102634e+01 +2.880102634e+01 +2.2753e+00 +8.4476e-01 -6.0034e-02
36 +1.415518468e+01 +1.415518468e+01 +2.779518468e+01 +2.779518468e+01 +9.8880e-01 +7.8725e-01 +1.9054e+00
53 +1.357630445e+01 +1.357630445e+01 +2.721630445e+01 +2.721630445e+01 +1.8983e+00 +7.1590e-01 +3.2195e-01
143 +1.086222416e+01 +1.086222416e+01 +2.450222416e+01 +2.450222416e+01 +9.3311e-01 +1.3368e+00 +2.7237e-01
146 +8.729701951e+00 +8.729701951e+00 +2.236970195e+01 +2.236970195e+01 +1.4607e+00 +1.5792e+00 +8.0792e-01
148 +7.850301722e+00 +7.850301722e+00 +2.149030172e+01 +2.149030172e+01 +1.4170e+00 +1.6222e+00 +4.5484e-02
186 +5.358585625e+00 +5.358585625e+00 +1.899858563e+01 +1.899858563e+01 +8.9509e-01 +1.0704e+00 +2.2418e-01
44667 +5.065631526e+00 +5.065631526e+00 +1.870563153e+01 +1.870563153e+01 -2.4265e+00 -2.4553e+00 -2.5167e+00
44691 +4.920633536e+00 +4.920633536e+00 +1.856063354e+01 +1.856063354e+01 -2.4479e+00 -2.4724e+00 -2.5166e+00
44883 +4.588651769e+00 +4.588651769e+00 +1.822865177e+01 +1.822865177e+01 -1.9671e+00 -2.6282e+00 -2.5997e+00
44902 +4.561969495e+00 +4.561969495e+00 +1.820196949e+01 +1.820196949e+01 -1.9290e+00 -2.6100e+00 -2.5974e+00
44922 +4.328946643e+00 +4.328946643e+00 +1.796894664e+01 +1.796894664e+01 -1.9326e+00 -2.6149e+00 -2.6026e+00
44927 +3.561856527e+00 +3.561856527e+00 +1.720185653e+01 +1.720185653e+01 -1.9372e+00 -2.6114e+00 -2.6032e+00
44984 +3.532857808e+00 +3.532857808e+00 +1.717285781e+01 +1.717285781e+01 -1.9405e+00 -2.6137e+00 -2.6041e+00
% function evaluation | noise-free fitness - Fopt (1.948000000000e+02) | best noise-free fitness - Fopt | measured fitness | best measured fitness | x1 | x2...
1 +3.108785943e+01 +3.108785943e+01 +2.258878594e+02 +2.258878594e+02 +0.0000e+00 +0.0000e+00 +0.0000e+00
11 +2.460783247e+01 +2.460783247e+01 +2.194078325e+02 +2.194078325e+02 +3.6600e-01 -4.4670e-01 -8.8918e-02
32 +1.837880683e+01 +1.837880683e+01 +2.131788068e+02 +2.131788068e+02 +7.3182e-01 -1.1965e+00 -1.1109e+00
79 +1.747090593e+01 +1.747090593e+01 +2.122709059e+02 +2.122709059e+02 -2.5568e+00 +3.3891e-01 -1.4245e-01
121 +1.551926772e+01 +1.551926772e+01 +2.103192677e+02 +2.103192677e+02 -4.0459e+00 +7.3049e-01 +7.4618e-01
125 +1.147220269e+01 +1.147220269e+01 +2.062722027e+02 +2.062722027e+02 -3.6919e+00 +1.4604e+00 +9.5210e-01
343 +1.103168373e+01 +1.103168373e+01 +2.058316837e+02 +2.058316837e+02 -3.3152e+00 +2.5075e+00 +3.1183e+00
371 +1.056400615e+01 +1.056400615e+01 +2.053640062e+02 +2.053640062e+02 -3.1179e+00 +1.9247e+00 +1.5901e+00
386 +6.584108703e+00 +6.584108703e+00 +2.013841087e+02 +2.013841087e+02 -1.9600e+00 +1.9278e+00 +2.5091e+00
428 +5.484769223e+00 +5.484769223e+00 +2.002847692e+02 +2.002847692e+02 -2.9723e+00 +1.5993e+00 +2.7291e+00
1865 +4.868438324e+00 +4.868438324e+00 +1.996684383e+02 +1.996684383e+02 -2.6529e+00 +2.5453e+00 +2.1765e+00
1881 +3.912194372e+00 +3.912194372e+00 +1.987121944e+02 +1.987121944e+02 -2.6602e+00 +2.5385e+00 +2.1778e+00
1885 +3.766608611e+00 +3.766608611e+00 +1.985666086e+02 +1.985666086e+02 -2.6791e+00 +2.5396e+00 +2.1809e+00
1917 +3.592507877e+00 +3.592507877e+00 +1.983925079e+02 +1.983925079e+02 -2.6657e+00 +2.5395e+00 +2.1791e+00
1972 +3.543712310e+00 +3.543712310e+00 +1.983437123e+02 +1.983437123e+02 -2.6719e+00 +2.5399e+00 +2.1791e+00
2075 +3.467183835e+00 +3.467183835e+00 +1.982671838e+02 +1.982671838e+02 -2.6775e+00 +2.5364e+00 +2.1790e+00
% function evaluation | noise-free fitness - Fopt (-1.335900000000e+02) | best noise-free fitness - Fopt | measured fitness | best measured fitness | x1 | x2...
1 +5.706690823e+01 +5.706690823e+01 -7.652309177e+01 -7.652309177e+01 +0.0000e+00 +0.0000e+00 +0.0000e+00
5 +3.153193765e+01 +3.153193765e+01 -1.020580624e+02 -1.020580624e+02 +1.7641e+00 -7.3815e-01 +3.5257e-01
8 +2.011930952e+01 +2.011930952e+01 -1.134706905e+02 -1.134706905e+02 -3.5992e-01 +1.4064e+00 -1.3646e-01
36 +6.825101244e+00 +6.825101244e+00 -1.267648988e+02 -1.267648988e+02 -1.5672e+00 +1.3107e+00 +9.6614e-01
71 +6.575844250e+00 +6.575844250e+00 -1.270141558e+02 -1.270141558e+02 -5.6689e-01 +1.0793e+00 +1.4617e+00
186 +4.928414080e+00 +4.928414080e+00 -1.286615859e+02 -1.286615859e+02 -3.0739e-01 +1.6290e+00 +1.4773e+00
595 +3.996328359e+00 +3.996328359e+00 -1.295936716e+02 -1.295936716e+02 -1.5622e+00 +7.3829e-01 +1.0640e+00
79322 +2.968244688e+00 +2.968244688e+00 -1.306217553e+02 -1.306217553e+02 -1.0837e+00 +1.5310e+00 +1.7516e+00
79411 +2.708446482e+00 +2.708446482e+00 -1.308815535e+02 -1.308815535e+02 -1.0431e+00 +1.5467e+00 +1.7745e+00
79416 +2.292937405e+00 +2.292937405e+00 -1.312970626e+02 -1.312970626e+02 -1.0447e+00 +1.5552e+00 +1.7686e+00
79431 +2.152543852e+00 +2.152543852e+00 -1.314374561e+02 -1.314374561e+02 -1.0463e+00 +1.5509e+00 +1.7739e+00
79438 +2.085956194e+00 +2.085956194e+00 -1.315040438e+02 -1.315040438e+02 -1.0464e+00 +1.5542e+00 +1.7712e+00
79447 +1.968186991e+00 +1.968186991e+00 -1.316218130e+02 -1.316218130e+02 -1.0482e+00 +1.5544e+00 +1.7697e+00
79460 +1.812086080e+00 +1.812086080e+00 -1.317779139e+02 -1.317779139e+02 -1.0514e+00 +1.5552e+00 +1.7741e+00
79505 +1.776042978e+00 +1.776042978e+00 -1.318139570e+02 -1.318139570e+02 -1.0540e+00 +1.5558e+00 +1.7764e+00
79531 +1.727486859e+00 +1.727486859e+00 -1.318625131e+02 -1.318625131e+02 -1.0548e+00 +1.5565e+00 +1.7779e+00
79549 +1.697487765e+00 +1.697487765e+00 -1.318925122e+02 -1.318925122e+02 -1.0578e+00 +1.5582e+00 +1.7790e+00
244622 +1.392008469e+00 +1.392008469e+00 -1.321979915e+02 -1.321979915e+02 -1.7475e+00 +1.3197e+00 +1.3321e+00
244727 +1.149538994e+00 +1.149538994e+00 -1.324404610e+02 -1.324404610e+02 -1.7143e+00 +1.3505e+00 +1.3530e+00
244766 +1.082506054e+00 +1.082506054e+00 -1.325074939e+02 -1.325074939e+02 -1.7170e+00 +1.3525e+00 +1.3550e+00
244782 +1.068652895e+00 +1.068652895e+00 -1.325213471e+02 -1.325213471e+02 -1.7200e+00 +1.3530e+00 +1.3570e+00
244791 +1.003753213e+00 +1.003753213e+00 -1.325862468e+02 -1.325862468e+02 -1.7226e+00 +1.3547e+00 +1.3601e+00
244906 +9.983875923e-01 +9.983875923e-01 -1.325916124e+02 -1.325916124e+02 -1.7250e+00 +1.3553e+00 +1.3629e+00
% function evaluation | noise-free fitness - Fopt (1.955000000000e+01) | best noise-free fitness - Fopt | measured fitness | best measured fitness | x1 | x2...
1 +4.972616662e+01 +4.972616662e+01 +6.927616662e+01 +6.927616662e+01 +0.0000e+00 +0.0000e+00 +0.0000e+00
2 +2.926422371e+01 +2.926422371e+01 +4.881422371e+01 +4.881422371e+01 -1.1662e+00 -1.1856e+00 +1.5544e+00
3 +2.881752561e+01 +2.881752561e+01 +4.836752561e+01 +4.836752561e+01 +8.0549e-01 +1.2579e+00 -3.4146e+00
20 +2.709380075e+01 +2.709380075e+01 +4.664380075e+01 +4.664380075e+01 +7.9757e-01 +5.1014e-01 -1.1169e+00
33 +1.842044518e+01 +1.842044518e+01 +3.797044518e+01 +3.797044518e+01 +1.6697e+00 +1.5315e-01 -3.7053e-01
173 +1.494765925e+01 +1.494765925e+01 +3.449765925e+01 +3.449765925e+01 +3.8035e-01 -3.8674e-02 -2.4381e-01
318 +1.111913325e+01 +1.111913325e+01 +3.066913325e+01 +3.066913325e+01 -2.0154e+00 -5.9265e-01 +2.1408e+00
331 +9.896714438e+00 +9.896714438e+00 +2.944671444e+01 +2.944671444e+01 -8.5220e-01 -2.0155e+00 +2.8706e+00
417 +8.559958683e+00 +8.559958683e+00 +2.810995868e+01 +2.810995868e+01 -1.0947e+00 -2.8795e+00 +2.2058e+00
439 +7.244728208e+00 +7.244728208e+00 +2.679472821e+01 +2.679472821e+01 -9.3028e-01 -2.9224e+00 +2.4666e+00
40237 +6.903104052e+00 +6.903104052e+00 +2.645310405e+01 +2.645310405e+01 -2.6822e+00 -2.7668e+00 +2.2004e+00
40252 +6.403913760e+00 +6.403913760e+00 +2.595391376e+01 +2.595391376e+01 -2.6269e+00 -2.7847e+00 +1.9596e+00
40330 +4.207709568e+00 +4.207709568e+00 +2.375770957e+01 +2.375770957e+01 -2.6941e+00 -2.7750e+00 +2.1931e+00
40344 +4.022610908e+00 +4.022610908e+00 +2.357261091e+01 +2.357261091e+01 -2.6898e+00 -2.7726e+00 +2.1860e+00
40372 +3.980824521e+00 +3.980824521e+00 +2.353082452e+01 +2.353082452e+01 -2.6890e+00 -2.7728e+00 +2.1852e+00
40384 +3.844248327e+00 +3.844248327e+00 +2.339424833e+01 +2.339424833e+01 -2.6902e+00 -2.7755e+00 +2.1880e+00
40398 +3.771487193e+00 +3.771487193e+00 +2.332148719e+01 +2.332148719e+01 -2.6916e+00 -2.7753e+00 +2.1875e+00
79833 +3.663084074e+00 +3.663084074e+00 +2.321308407e+01 +2.321308407e+01 -2.0195e+00 -2.1042e+00 +1.4783e+00
79873 +3.619895849e+00 +3.619895849e+00 +2.316989585e+01 +2.316989585e+01 -2.0213e+00 -2.1046e+00 +1.4765e+00
161368 +3.545718786e+00 +3.545718786e+00 +2.309571879e+01 +2.309571879e+01 -2.4181e+00 -1.9187e+00 +2.5116e+00
161374 +3.466897230e+00 +3.466897230e+00 +2.301689723e+01 +2.301689723e+01 -2.4193e+00 -1.9174e+00 +2.5123e+00
161403 +3.366461052e+00 +3.366461052e+00 +2.291646105e+01 +2.291646105e+01 -2.4178e+00 -1.9157e+00 +2.5038e+00
161415 +3.302807623e+00 +3.302807623e+00 +2.285280762e+01 +2.285280762e+01 -2.4211e+00 -1.9175e+00 +2.5044e+00
% function evaluation | noise-free fitness - Fopt (-1.307000000000e+01) | best noise-free fitness - Fopt | measured fitness | best measured fitness | x1 | x2...
1 +6.628000336e+01 +6.628000336e+01 +5.321000336e+01 +5.321000336e+01 +0.0000e+00 +0.0000e+00 +0.0000e+00
4 +3.343644138e+01 +3.343644138e+01 +2.036644138e+01 +2.036644138e+01 +6.4675e-01 +1.1948e-01 -8.8372e-01
34 +3.307695366e+01 +3.307695366e+01 +2.000695366e+01 +2.000695366e+01 +2.2855e-01 +2.4209e-01 -6.7327e-01
36 +2.600789703e+01 +2.600789703e+01 +1.293789703e+01 +1.293789703e+01 -6.3267e-01 -6.5939e-01 +1.1874e+00
51 +1.537784354e+01 +1.537784354e+01 +2.307843537e+00 +2.307843537e+00 +8.6190e-01 -1.4677e+00 +1.7836e+00
99 +1.325058177e+01 +1.325058177e+01 +1.805817742e-01 +1.805817742e-01 +4.9611e-01 -1.6783e+00 +8.3500e-01
186 +1.072037006e+01 +1.072037006e+01 -2.349629937e+00 -2.349629937e+00 +1.5360e+00 -1.0382e+00 +1.2503e+00
224 +8.068911750e+00 +8.068911750e+00 -5.001088250e+00 -5.001088250e+00 +2.4018e+00 -1.8504e+00 +1.5350e+00
245 +6.755966398e+00 +6.755966398e+00 -6.314033602e+00 -6.314033602e+00 +2.0407e+00 -1.4997e+00 +2.1901e+00
354 +6.397718289e+00 +6.397718289e+00 -6.672281711e+00 -6.672281711e+00 +2.1533e+00 -1.2288e+00 +1.9010e+00
571 +5.710107133e+00 +5.710107133e+00 -7.359892867e+00 -7.359892867e+00 +1.9090e+00 -1.3245e+00 +1.8767e+00
611 +5.238110158e+00 +5.238110158e+00 -7.831889842e+00 -7.831889842e+00 +1.9126e+00 -1.3225e+00 +1.8692e+00
651 +4.520252497e+00 +4.520252497e+00 -8.549747503e+00 -8.549747503e+00 +1.9190e+00 -1.3130e+00 +1.8596e+00
658 +4.418856404e+00 +4.418856404e+00 -8.651143596e+00 -8.651143596e+00 +1.9218e+00 -1.3076e+00 +1.8553e+00
680 +4.284809356e+00 +4.284809356e+00 -8.785190644e+00 -8.785190644e+00 +1.9200e+00 -1.3027e+00 +1.8516e+00
683 +4.097198515e+00 +4.097198515e+00 -8.972801485e+00 -8.972801485e+00 +1.9205e+00 -1.2935e+00 +1.8389e+00
759 +4.071039177e+00 +4.071039177e+00 -8.998960823e+00 -8.998960823e+00 +1.9170e+00 -1.3014e+00 +1.8493e+00
84175 +3.787775038e+00 +3.787775038e+00 -9.282224962e+00 -9.282224962e+00 -7.8315e-01 +1.9479e+00 -1.2840e+00
84188 +3.690265992e+00 +3.690265992e+00 -9.379734008e+00 -9.379734008e+00 -7.8427e-01 +1.9493e+00 -1.2854e+00
84244 +3.573039867e+00 +3.573039867e+00 -9.496960133e+00 -9.496960133e+00 -7.8380e-01 +1.9498e+00 -1.2835e+00
84251 +3.499313240e+00 +3.499313240e+00 -9.570686760e+00 -9.570686760e+00 -7.8514e-01 +1.9514e+00 -1.2854e+00
84259 +3.450717237e+00 +3.450717237e+00 -9.619282763e+00 -9.619282763e+00 -7.8440e-01 +1.9523e+00 -1.2878e+00
84269 +3.383234055e+00 +3.383234055e+00 -9.686765945e+00 -9.686765945e+00 -7.8573e-01 +1.9548e+00 -1.2903e+00
84277 +3.273305034e+00 +3.273305034e+00 -9.796694966e+00 -9.796694966e+00 -7.8377e-01 +1.9554e+00 -1.2909e+00
84284 +3.168289478e+00 +3.168289478e+00 -9.901710522e+00 -9.901710522e+00 -7.8251e-01 +1.9575e+00 -1.2930e+00
84296 +3.135181943e+00 +3.135181943e+00 -9.934818057e+00 -9.934818057e+00 -7.7987e-01 +1.9600e+00 -1.2965e+00
84313 +3.066968861e+00 +3.066968861e+00 -1.000303114e+01 -1.000303114e+01 -7.8024e-01 +1.9623e+00 -1.2990e+00
84316 +3.001777059e+00 +3.001777059e+00 -1.006822294e+01 -1.006822294e+01 -7.8087e-01 +1.9635e+00 -1.2991e+00
% function evaluation | noise-free fitness - Fopt (7.965000000000e+01) | best noise-free fitness - Fopt | measured fitness | best measured fitness | x1 | x2...
1 +5.762160733e+01 +5.762160733e+01 +1.372716073e+02 +1.372716073e+02 +0.0000e+00 +0.0000e+00 +0.0000e+00
3 +5.063153331e+01 +5.063153331e+01 +1.302815333e+02 +1.302815333e+02 -3.6689e+00 -5.7936e-01 -2.3919e+00
4 +3.715198598e+01 +3.715198598e+01 +1.168019860e+02 +1.168019860e+02 +1.1107e+00 -2.2602e-03 -3.7853e-01
6 +2.299190292e+01 +2.299190292e+01 +1.026419029e+02 +1.026419029e+02 +1.1120e+00 +4.2117e-01 -6.4115e-01
51 +2.075812704e+01 +2.075812704e+01 +1.004081270e+02 +1.004081270e+02 +1.7770e+00 +1.1391e+00 -5.1198e-01
59 +2.000323741e+01 +2.000323741e+01 +9.965323741e+01 +9.965323741e+01 +1.7844e+00 +1.4560e+00 -1.9811e+00
73 +9.858097419e+00 +9.858097419e+00 +8.950809742e+01 +8.950809742e+01 +1.0581e+00 +3.9864e-01 -8.5997e-01
162 +7.381467554e+00 +7.381467554e+00 +8.703146755e+01 +8.703146755e+01 -1.0798e+00 -1.1292e+00 +1.3409e+00
284 +6.724369686e+00 +6.724369686e+00 +8.637436969e+01 +8.637436969e+01 -1.6525e+00 -1.3742e+00 +1.5720e+00
343 +5.340978291e+00 +5.340978291e+00 +8.499097829e+01 +8.499097829e+01 -1.4555e+00 -1.5122e+00 +1.4313e+00
399 +5.124453255e+00 +5.124453255e+00 +8.477445325e+01 +8.477445325e+01 -1.4468e+00 -1.5000e+00 +1.4402e+00
429 +4.830306141e+00 +4.830306141e+00 +8.448030614e+01 +8.448030614e+01 -1.4524e+00 -1.5062e+00 +1.4369e+00
445 +4.682455147e+00 +4.682455147e+00 +8.433245515e+01 +8.433245515e+01 -1.4488e+00 -1.5142e+00 +1.4316e+00
471 +4.653113278e+00 +4.653113278e+00 +8.430311328e+01 +8.430311328e+01 -1.4480e+00 -1.5126e+00 +1.4334e+00
38013 +4.463955080e+00 +4.463955080e+00 +8.411395508e+01 +8.411395508e+01 +1.9837e+00 +1.4551e+00 -1.9167e+00
38015 +3.182397593e+00 +3.182397593e+00 +8.283239759e+01 +8.283239759e+01 +1.9638e+00 +1.4002e+00 -1.2336e+00
38185 +3.072257108e+00 +3.072257108e+00 +8.272225711e+01 +8.272225711e+01 +1.0582e+00 +1.2089e+00 -4.4822e-01
81900 +2.667380446e+00 +2.667380446e+00 +8.231738045e+01 +8.231738045e+01 +1.8008e+00 +1.3663e+00 -1.4423e+00
82001 +2.553135230e+00 +2.553135230e+00 +8.220313523e+01 +8.220313523e+01 +1.7975e+00 +1.3630e+00 -1.4471e+00
82027 +2.458749043e+00 +2.458749043e+00 +8.210874904e+01 +8.210874904e+01 +1.7955e+00 +1.3654e+00 -1.4462e+00
82030 +2.442295132e+00 +2.442295132e+00 +8.209229513e+01 +8.209229513e+01 +1.7943e+00 +1.3647e+00 -1.4454e+00
82052 +2.322995403e+00 +2.322995403e+00 +8.197299540e+01 +8.197299540e+01 +1.7957e+00 +1.3660e+00 -1.4444e+00
82081 +2.245517023e+00 +2.245517023e+00 +8.189551702e+01 +8.189551702e+01 +1.7952e+00 +1.3674e+00 -1.4441e+00
82085 +2.226103553e+00 +2.226103553e+00 +8.187610355e+01 +8.187610355e+01 +1.7957e+00 +1.3676e+00 -1.4439e+00
82088 +2.155892240e+00 +2.155892240e+00 +8.180589224e+01 +8.180589224e+01 +1.7955e+00 +1.3692e+00 -1.4433e+00
82094 +2.104643568e+00 +2.104643568e+00 +8.175464357e+01 +8.175464357e+01 +1.7955e+00 +1.3699e+00 -1.4428e+00
82097 +2.087357960e+00 +2.087357960e+00 +8.173735796e+01 +8.173735796e+01 +1.7971e+00 +1.3703e+00 -1.4421e+00
82117 +1.996588292e+00 +1.996588292e+00 +8.164658829e+01 +8.164658829e+01 +1.7976e+00 +1.3737e+00 -1.4406e+00
82136 +1.980122796e+00 +1.980122796e+00 +8.163012280e+01 +8.163012280e+01 +1.7902e+00 +1.3746e+00 -1.4390e+00
82142 +1.783637188e+00 +1.783637188e+00 +8.143363719e+01 +8.143363719e+01 +1.7932e+00 +1.3762e+00 -1.4381e+00
82147 +1.550017968e+00 +1.550017968e+00 +8.120001797e+01 +8.120001797e+01 +1.7934e+00 +1.3828e+00 -1.4344e+00
82175 +1.500118295e+00 +1.500118295e+00 +8.115011829e+01 +8.115011829e+01 +1.7897e+00 +1.3867e+00 -1.4325e+00
82188 +1.453391693e+00 +1.453391693e+00 +8.110339169e+01 +8.110339169e+01 +1.7903e+00 +1.3878e+00 -1.4308e+00
82189 +1.434064939e+00 +1.434064939e+00 +8.108406494e+01 +8.108406494e+01 +1.7910e+00 +1.3880e+00 -1.4313e+00
82246 +1.395673657e+00 +1.395673657e+00 +8.104567366e+01 +8.104567366e+01 +1.7903e+00 +1.3913e+00 -1.4288e+00
82328 +1.379676560e+00 +1.379676560e+00 +8.102967656e+01 +8.102967656e+01 +1.7906e+00 +1.3937e+00 -1.4277e+00
% function evaluation | noise-free fitness - Fopt (1.160000000000e+00) | best noise-free fitness - Fopt | measured fitness | best measured fitness | x1 | x2...
1 +6.467102275e+01 +6.467102275e+01 +6.583102275e+01 +6.583102275e+01 +0.0000e+00 +0.0000e+00 +0.0000e+00
2 +3.237425169e+01 +3.237425169e+01 +3.353425169e+01 +3.353425169e+01 -5.7497e-02 +2.0959e+00 +6.3855e-02
12 +2.560000742e+01 +2.560000742e+01 +2.676000742e+01 +2.676000742e+01 +1.8593e-02 +2.9377e+00 -1.7009e+00
26 +2.090056543e+01 +2.090056543e+01 +2.206056543e+01 +2.206056543e+01 +2.0891e+00 +2.3710e+00 -1.5244e+00
62 +5.090922617e+00 +5.090922617e+00 +6.250922617e+00 +6.250922617e+00 +2.3905e+00 +1.8448e+00 -1.3460e+00
42498 +4.676660006e+00 +4.676660006e+00 +5.836660006e+00 +5.836660006e+00 +2.7609e+00 +2.2853e+00 -2.5704e+00
42598 +4.055818279e+00 +4.055818279e+00 +5.215818279e+00 +5.215818279e+00 +2.7494e+00 +2.2817e+00 -2.5724e+00
42620 +3.801797521e+00 +3.801797521e+00 +4.961797521e+00 +4.961797521e+00 +2.7545e+00 +2.2625e+00 -2.5794e+00
42626 +3.705546798e+00 +3.705546798e+00 +4.865546798e+00 +4.865546798e+00 +2.7575e+00 +2.2674e+00 -2.5783e+00
42662 +3.616679892e+00 +3.616679892e+00 +4.776679892e+00 +4.776679892e+00 +2.7558e+00 +2.2703e+00 -2.5779e+00
% function evaluation | noise-free fitness - Fopt (2.407100000000e+02) | best noise-free fitness - Fopt | measured fitness | best measured fitness | x1 | x2...
1 +3.866439910e+01 +3.866439910e+01 +2.793743991e+02 +2.793743991e+02 +0.0000e+00 +0.0000e+00 +0.0000e+00
13 +2.986927862e+01 +2.986927862e+01 +2.705792786e+02 +2.705792786e+02 +8.1112e-01 +1.3658e+00 -1.4289e+00
40 +2.780594480e+01 +2.780594480e+01 +2.685159448e+02 +2.685159448e+02 +1.0313e+00 -1.0667e+00 -9.0777e-01
45 +1.916914917e+01 +1.916914917e+01 +2.598791492e+02 +2.598791492e+02 +3.5574e+00 -3.7758e+00 -6.5805e-01
52 +1.460541327e+01 +1.460541327e+01 +2.553154133e+02 +2.553154133e+02 +3.8248e+00 -3.2707e+00 +1.5713e+00
144 +1.364289005e+01 +1.364289005e+01 +2.543528900e+02 +2.543528900e+02 -2.3537e+00 +1.1320e+00 -1.4814e+00
193 +1.301627053e+01 +1.301627053e+01 +2.537262705e+02 +2.537262705e+02 -1.9596e+00 +4.1303e-01 -9.5449e-01
212 +7.717026174e+00 +7.717026174e+00 +2.484270262e+02 +2.484270262e+02 -8.7705e-01 +1.7399e+00 -5.5643e-01
250 +6.714008529e+00 +6.714008529e+00 +2.474240085e+02 +2.474240085e+02 -6.3924e-01 +1.8270e+00 -8.2695e-01
258 +6.229529453e+00 +6.229529453e+00 +2.469395295e+02 +2.469395295e+02 -1.0774e+00 +1.2920e+00 -9.5025e-01
554 +5.257765758e+00 +5.257765758e+00 +2.459677658e+02 +2.459677658e+02 -2.0281e+00 +1.4138e+00 -1.4364e+00
722 +4.515892590e+00 +4.515892590e+00 +2.452258926e+02 +2.452258926e+02 -2.0654e+00 +1.0787e+00 -1.4775e+00
888 +4.377367292e+00 +4.377367292e+00 +2.450873673e+02 +2.450873673e+02 -2.0845e+00 +1.1632e+00 -1.4603e+00
890 +3.828538819e+00 +3.828538819e+00 +2.445385388e+02 +2.445385388e+02 -2.0785e+00 +1.1635e+00 -1.4554e+00
894 +3.132644481e+00 +3.132644481e+00 +2.438426445e+02 +2.438426445e+02 -2.0704e+00 +1.1628e+00 -1.4411e+00
909 +2.944055369e+00 +2.944055369e+00 +2.436540554e+02 +2.436540554e+02 -2.0668e+00 +1.1643e+00 -1.4346e+00
949 +2.867128543e+00 +2.867128543e+00 +2.435771285e+02 +2.435771285e+02 -2.0553e+00 +1.1646e+00 -1.4194e+00
996 +2.807349490e+00 +2.807349490e+00 +2.435173495e+02 +2.435173495e+02 -2.0553e+00 +1.1667e+00 -1.4255e+00
39949 +2.479106480e+00 +2.479106480e+00 +2.431891065e+02 +2.431891065e+02 -1.4123e+00 +8.8220e-01 -1.5467e+00
40156 +1.739451378e+00 +1.739451378e+00 +2.424494514e+02 +2.424494514e+02 -1.1606e+00 +9.8483e-01 -1.8185e+00
40475 +1.299609128e+00 +1.299609128e+00 +2.420096091e+02 +2.420096091e+02 -1.2863e+00 +1.4879e+00 -1.6986e+00
40553 +1.202446942e+00 +1.202446942e+00 +2.419124469e+02 +2.419124469e+02 -1.2925e+00 +1.4830e+00 -1.6966e+00
40582 +1.038771961e+00 +1.038771961e+00 +2.417487720e+02 +2.417487720e+02 -1.2929e+00 +1.4848e+00 -1.6990e+00
% function evaluation | noise-free fitness - Fopt (-2.707900000000e+02) | best noise-free fitness - Fopt | measured fitness | best measured fitness | x1 | x2...
1 +5.328852837e+01 +5.328852837e+01 -2.175014716e+02 -2.175014716e+02 +0.0000e+00 +0.0000e+00 +0.0000e+00
2 +4.362356957e+01 +4.362356957e+01 -2.271664304e+02 -2.271664304e+02 +1.5399e+00 -1.1074e-01 -1.6239e+00
3 +3.537620974e+01 +3.537620974e+01 -2.354137903e+02 -2.354137903e+02 -1.1350e+00 +1.4870e+00 +2.2567e+00
53 +3.046375636e+01 +3.046375636e+01 -2.403262436e+02 -2.403262436e+02 +2.5985e-01 +2.4744e-01 +2.0370e+00
65 +2.968313348e+01 +2.968313348e+01 -2.411068665e+02 -2.411068665e+02 -1.1988e-01 +8.4936e-01 +2.0689e+00
69 +2.444463169e+01 +2.444463169e+01 -2.463453683e+02 -2.463453683e+02 +3.9065e-01 +2.4543e-01 +7.4482e-01
73 +1.744295760e+01 +1.744295760e+01 -2.533470424e+02 -2.533470424e+02 +7.8496e-01 +3.8727e-01 +1.2684e+00
91 +1.408529513e+01 +1.408529513e+01 -2.567047049e+02 -2.567047049e+02 +3.9969e-01 +3.5050e-01 +8.9062e-01
138 +5.656963889e+00 +5.656963889e+00 -2.651330361e+02 -2.651330361e+02 +1.1844e+00 +4.7864e-01 +9.1233e-01
407 +4.247418816e+00 +4.247418816e+00 -2.665425812e+02 -2.665425812e+02 +4.5386e-01 +7.9707e-01 +1.5756e+00
249461 +4.164815759e+00 +4.164815759e+00 -2.666251842e+02 -2.666251842e+02 -2.6457e+00 -2.0370e+00 -2.8302e+00
249472 +3.998112500e+00 +3.998112500e+00 -2.667918875e+02 -2.667918875e+02 -2.6431e+00 -2.0394e+00 -2.8287e+00
249476 +3.945504896e+00 +3.945504896e+00 -2.668444951e+02 -2.668444951e+02 -2.6456e+00 -2.0411e+00 -2.8220e+00
249514 +3.794959266e+00 +3.794959266e+00 -2.669950407e+02 -2.669950407e+02 -2.6385e+00 -2.0382e+00 -2.8278e+00
% function evaluation | noise-free fitness - Fopt (2.612000000000e+01) | best noise-free fitness - Fopt | measured fitness | best measured fitness | x1 | x2...
1 +5.715366720e+01 +5.715366720e+01 +8.327366720e+01 +8.327366720e+01 +0.0000e+00 +0.0000e+00 +0.0000e+00
2 +5.065825260e+01 +5.065825260e+01 +7.677825260e+01 +7.677825260e+01 -1.0041e+00 +4.2690e-01 -4.0008e-01
4 +1.176523392e+01 +1.176523392e+01 +3.788523392e+01 +3.788523392e+01 -1.2216e+00 -2.5765e-01 +7.5616e-01
43 +1.062287639e+01 +1.062287639e+01 +3.674287639e+01 +3.674287639e+01 -1.5008e+00 -1.2379e+00 +1.5261e+00
117 +6.940523719e+00 +6.940523719e+00 +3.306052372e+01 +3.306052372e+01 -1.8805e+00 -1.6154e+00 +2.3049e+00
39306 +4.262786931e+00 +4.262786931e+00 +3.038278693e+01 +3.038278693e+01 -6.9142e-01 -1.5874e+00 +1.3050e+00
40086 +4.084865129e+00 +4.084865129e+00 +3.020486513e+01 +3.020486513e+01 +1.8016e+00 +1.8441e+00 -1.8565e+00
40111 +3.827028232e+00 +3.827028232e+00 +2.994702823e+01 +2.994702823e+01 +1.7964e+00 +1.8342e+00 -1.8571e+00
40113 +3.637675713e+00 +3.637675713e+00 +2.975767571e+01 +2.975767571e+01 +1.8038e+00 +1.8339e+00 -1.8587e+00
40142 +3.449748173e+00 +3.449748173e+00 +2.956974817e+01 +2.956974817e+01 +1.7971e+00 +1.8247e+00 -1.8597e+00
40189 +3.380227732e+00 +3.380227732e+00 +2.950022773e+01 +2.950022773e+01 +1.7966e+00 +1.8187e+00 -1.8622e+00
81158 +1.920838491e+00 +1.920838491e+00 +2.804083849e+01 +2.804083849e+01 -1.1108e+00 -1.7344e+00 +1.1384e+00
% function evaluation | noise-free fitness - Fopt (-6.252000000000e+01) | best noise-free fitness - Fopt | measured fitness | best measured fitness | x1 | x2...
1 +7.748731709e+01 +7.748731709e+01 +1.496731709e+01 +1.496731709e+01 +0.0000e+00 +0.0000e+00 +0.0000e+00
2 +3.798104444e+01 +3.798104444e+01 -2.453895556e+01 -2.453895556e+01 -8.5209e-01 +3.3658e-01 +2.4917e-01
15 +2.935050578e+01 +2.935050578e+01 -3.316949422e+01 -3.316949422e+01 -1.6218e+00 +3.0715e-01 +5.3734e-01
23 +2.121265339e+01 +2.121265339e+01 -4.130734661e+01 -4.130734661e+01 -9.5944e-01 -4.2666e-01 +3.7395e-01
127 +1.878697082e+01 +1.878697082e+01 -4.373302918e+01 -4.373302918e+01 -2.5710e+00 -4.6738e-01 -1.1492e-01
158 +1.760282752e+01 +1.760282752e+01 -4.491717248e+01 -4.491717248e+01 -2.3617e+00 -6.4156e-01 +1.1308e-01
455 +1.653544388e+01 +1.653544388e+01 -4.598455612e+01 -4.598455612e+01 -2.3801e+00 -3.7493e-01 +2.5081e-01
512 +1.578096495e+01 +1.578096495e+01 -4.673903505e+01 -4.673903505e+01 -2.3634e+00 -3.8876e-01 +2.6401e-01
527 +1.526348434e+01 +1.526348434e+01 -4.725651566e+01 -4.725651566e+01 -2.3686e+00 -3.7702e-01 +2.6515e-01
532 +1.484771704e+01 +1.484771704e+01 -4.767228296e+01 -4.767228296e+01 -2.3680e+00 -3.7956e-01 +2.6202e-01
550 +1.439845085e+01 +1.439845085e+01 -4.812154915e+01 -4.812154915e+01 -2.3746e+00 -3.8132e-01 +2.5717e-01
40734 +1.064828025e+01 +1.064828025e+01 -5.187171975e+01 -5.187171975e+01 -2.1915e+00 +2.2667e+00 +3.9402e+00
40805 +1.005777648e+01 +1.005777648e+01 -5.246222352e+01 -5.246222352e+01 -1.5425e+00 +1.8185e+00 +3.1485e+00
40821 +7.780934843e+00 +7.780934843e+00 -5.473906516e+01 -5.473906516e+01 -1.5668e+00 +1.7423e+00 +3.3132e+00
41019 +7.680562202e+00 +7.680562202e+00 -5.483943780e+01 -5.483943780e+01 -1.0826e+00 +7.5980e-01 +2.5564e+00
41195 +7.341856447e+00 +7.341856447e+00 -5.517814355e+01 -5.517814355e+01 -1.1152e+00 +8.3751e-01 +2.5295e+00
41273 +7.126510564e+00 +7.126510564e+00 -5.539348944e+01 -5.539348944e+01 -1.1199e+00 +8.4600e-01 +2.5328e+00
41298 +6.917947238e+00 +6.917947238e+00 -5.560205276e+01 -5.560205276e+01 -1.1219e+00 +8.4573e-01 +2.5314e+00
41315 +6.610236228e+00 +6.610236228e+00 -5.590976377e+01 -5.590976377e+01 -1.1284e+00 +8.5080e-01 +2.5300e+00
41327 +6.470559168e+00 +6.470559168e+00 -5.604944083e+01 -5.604944083e+01 -1.1334e+00 +8.5452e-01 +2.5310e+00
41342 +6.366488072e+00 +6.366488072e+00 -5.615351193e+01 -5.615351193e+01 -1.1352e+00 +8.5536e-01 +2.5291e+00
41391 +6.287572723e+00 +6.287572723e+00 -5.623242728e+01 -5.623242728e+01 -1.1433e+00 +8.5812e-01 +2.5255e+00
124790 +5.991835771e+00 +5.991835771e+00 -5.652816423e+01 -5.652816423e+01 +1.4039e+00 -7.0927e-01 -8.9912e-01
124874 +3.836417708e+00 +3.836417708e+00 -5.868358229e+01 -5.868358229e+01 +1.1549e+00 -6.3455e-01 -1.0165e+00
124922 +3.409929256e+00 +3.409929256e+00 -5.911007074e+01 -5.911007074e+01 +7.0858e-01 -8.3493e-01 -9.5907e-01
125063 +3.088424058e+00 +3.088424058e+00 -5.943157594e+01 -5.943157594e+01 +1.2165e+00 -1.6144e+00 -1.2108e+00
206971 +2.002088482e+00 +2.002088482e+00 -6.051791152e+01 -6.051791152e+01 +1.3515e+00 -1.6595e+00 -1.6892e+00
206972 +1.750740249e+00 +1.750740249e+00 -6.076925975e+01 -6.076925975e+01 +1.3390e+00 -1.6462e+00 -1.6857e+00
207034 +1.598505589e+00 +1.598505589e+00 -6.092149441e+01 -6.092149441e+01 +1.3344e+00 -1.6466e+00 -1.6926e+00
207041 +1.522566513e+00 +1.522566513e+00 -6.099743349e+01 -6.099743349e+01 +1.3340e+00 -1.6477e+00 -1.6923e+00
207044 +1.459639795e+00 +1.459639795e+00 -6.106036021e+01 -6.106036021e+01 +1.3294e+00 -1.6434e+00 -1.6911e+00
207053 +1.427400087e+00 +1.427400087e+00 -6.109259991e+01 -6.109259991e+01 +1.3307e+00 -1.6431e+00 -1.6902e+00
% function evaluation | noise-free fitness - Fopt (-2.438600000000e+02) | best noise-free fitness - Fopt | measured fitness | best measured fitness | x1 | x2...
1 +5.424237386e+01 +5.424237386e+01 -1.896176261e+02 -1.896176261e+02 +0.0000e+00 +0.0000e+00 +0.0000e+00
2 +3.512054083e+01 +3.512054083e+01 -2.087394592e+02 -2.087394592e+02 -1.6341e+00 -5.7464e-01 +3.4686e+00
3 +1.875716411e+01 +1.875716411e+01 -2.251028359e+02 -2.251028359e+02 -2.9003e-01 +1.1553e+00 -5.2850e-01
21 +1.685870320e+01 +1.685870320e+01 -2.270012968e+02 -2.270012968e+02 -1.3454e+00 +2.2532e+00 +5.2044e-01
33 +1.533818765e+01 +1.533818765e+01 -2.285218123e+02 -2.285218123e+02 -2.5737e+00 +1.6419e+00 +2.0960e+00
61 +1.280242073e+01 +1.280242073e+01 -2.310575793e+02 -2.310575793e+02 -3.1793e+00 +3.7100e-01 +2.9619e+00
87 +1.136465275e+01 +1.136465275e+01 -2.324953472e+02 -2.324953472e+02 -2.5726e+00 +1.0147e+00 +2.5656e+00
226 +9.397974116e+00 +9.397974116e+00 -2.344620259e+02 -2.344620259e+02 -2.8920e+00 +3.6565e+00 +2.3934e+00
289 +7.851393135e+00 +7.851393135e+00 -2.360086069e+02 -2.360086069e+02 -3.2785e+00 +3.2003e+00 +1.6720e+00
308 +6.817165584e+00 +6.817165584e+00 -2.370428344e+02 -2.370428344e+02 -3.1065e+00 +3.1307e+00 +1.5586e+00
504 +5.333320664e+00 +5.333320664e+00 -2.385266793e+02 -2.385266793e+02 -3.1172e+00 +3.0769e+00 +2.1015e+00
512 +5.105638734e+00 +5.105638734e+00 -2.387543613e+02 -2.387543613e+02 -3.1138e+00 +3.0726e+00 +2.1061e+00
601 +4.991338678e+00 +4.991338678e+00 -2.388686613e+02 -2.388686613e+02 -3.1218e+00 +3.0747e+00 +2.1088e+00
83661 +3.519996409e+00 +3.519996409e+00 -2.403400036e+02 -2.403400036e+02 -2.5216e+00 +1.7836e+00 +1.9114e+00
% function evaluation | noise-free fitness - Fopt (-9.475000000000e+02) | best noise-free fitness - Fopt | measured fitness | best measured fitness | x1 | x2...
1 +7.453768857e+01 +7.453768857e+01 -8.729623114e+02 -8.729623114e+02 +0.0000e+00 +0.0000e+00 +0.0000e+00
2 +4.066562970e+01 +4.066562970e+01 -9.068343703e+02 -9.068343703e+02 -3.4998e+00 +3.2926e-01 -1.3066e+00
4 +1.363611432e+01 +1.363611432e+01 -9.338638857e+02 -9.338638857e+02 +1.5718e+00 +3.7485e-01 +3.5951e-01
42 +1.284655933e+01 +1.284655933e+01 -9.346534407e+02 -9.346534407e+02 -2.2506e+00 +3.9270e-01 -1.4351e+00
192 +1.102817231e+01 +1.102817231e+01 -9.364718277e+02 -9.364718277e+02 -1.4139e+00 -1.3640e-01 -2.3775e+00
280 +1.040159419e+01 +1.040159419e+01 -9.370984058e+02 -9.370984058e+02 -2.8518e+00 -1.3383e+00 -1.2675e+00
330 +7.425454013e+00 +7.425454013e+00 -9.400745460e+02 -9.400745460e+02 -2.0631e+00 -2.8276e+00 -1.2933e+00
622 +6.706959848e+00 +6.706959848e+00 -9.407930402e+02 -9.407930402e+02 -1.6180e+00 -1.1044e+00 -1.9857e+00
1311 +6.093731938e+00 +6.093731938e+00 -9.414062681e+02 -9.414062681e+02 -1.1600e+00 -2.3986e+00 -2.3200e+00
1478 +5.653478143e+00 +5.653478143e+00 -9.418465219e+02 -9.418465219e+02 -2.0545e+00 -1.1736e+00 -2.6873e+00
39941 +5.151780450e+00 +5.151780450e+00 -9.423482196e+02 -9.423482196e+02 -2.1682e+00 -1.8291e+00 -3.0176e+00
187109 +3.891582024e+00 +3.891582024e+00 -9.436084180e+02 -9.436084180e+02 -2.8294e+00 -2.0214e+00 -1.8310e+00
