% function evaluation | noise-free fitness - Fopt (1.026100000000e+02) | best noise-free fitness - Fopt | measured fitness | best measured fitness | x1 | x2...
1 +6.885484536e+01 +6.885484536e+01 +1.714648454e+02 +1.714648454e+02 +0.0000e+00 +0.0000e+00 +0.0000e+00 +0.0000e+00 +0.0000e+00
5 +5.581028067e+01 +5.581028067e+01 +1.584202807e+02 +1.584202807e+02 +9.3149e-01 -3.2813e+00 +3.2136e+00 -4.7639e-01 +1.2007e+00
9 +4.965827991e+01 +4.965827991e+01 +1.522682799e+02 +1.522682799e+02 +2.4336e-01 -5.1909e-01 -6.3475e-02 -2.2927e-01 -3.7305e-01
66 +4.739384237e+01 +4.739384237e+01 +1.500038424e+02 +1.500038424e+02 +8.3498e-01 -3.0832e+00 +4.1006e-01 +7.9298e-01 +1.4465e+00
184 +4.539579612e+01 +4.539579612e+01 +1.480057961e+02 +1.480057961e+02 +3.7965e-01 +6.7052e-01 -1.7653e+00 -2.4022e+00 -2.0261e-02
240 +4.460207330e+01 +4.460207330e+01 +1.472120733e+02 +1.472120733e+02 +3.5341e-02 +6.8168e-01 -9.4443e-01 -2.2696e+00 +5.0889e-01
244 +4.351222706e+01 +4.351222706e+01 +1.461222271e+02 +1.461222271e+02 +1.0595e-01 +1.1295e+00 -7.8128e-01 -1.8679e+00 +1.9415e-01
256 +4.257061565e+01 +4.257061565e+01 +1.451806156e+02 +1.451806156e+02 +1.5320e-01 +1.2022e+00 -5.7254e-01 -2.0592e+00 +1.9571e-01
258 +3.665537836e+01 +3.665537836e+01 +1.392653784e+02 +1.392653784e+02 +2.9408e-02 +1.4874e+00 -1.4121e+00 -2.2599e+00 -3.1603e-02
278 +2.745314336e+01 +2.745314336e+01 +1.300631434e+02 +1.300631434e+02 +5.1565e-01 +2.2433e+00 -1.6788e+00 -2.3178e+00 -7.3963e-01
352 +2.034327478e+01 +2.034327478e+01 +1.229532748e+02 +1.229532748e+02 +9.0265e-01 +2.0668e+00 -1.8113e+00 -2.3270e+00 -1.6936e+00
772 +1.542413118e+01 +1.542413118e+01 +1.180341312e+02 +1.180341312e+02 +9.6325e-01 +4.2076e-01 -1.3270e+00 -1.8716e+00 -3.4629e-01
1217 +1.422321647e+01 +1.422321647e+01 +1.168332165e+02 +1.168332165e+02 +1.8864e+00 +4.6055e-01 -1.6986e+00 -2.1386e+00 -6.9970e-01
1225 +1.155995176e+01 +1.155995176e+01 +1.141699518e+02 +1.141699518e+02 +1.8935e+00 +4.5914e-01 -1.6994e+00 -2.1527e+00 -7.0188e-01
1249 +1.120712882e+01 +1.120712882e+01 +1.138171288e+02 +1.138171288e+02 +1.8976e+00 +4.7224e-01 -1.7033e+00 -2.1635e+00 -7.0350e-01
1269 +1.084900740e+01 +1.084900740e+01 +1.134590074e+02 +1.134590074e+02 +1.9014e+00 +4.7302e-01 -1.7045e+00 -2.1618e+00 -6.9869e-01
1292 +1.036707166e+01 +1.036707166e+01 +1.129770717e+02 +1.129770717e+02 +1.9003e+00 +4.7367e-01 -1.6987e+00 -2.1555e+00 -7.0445e-01
1294 +1.010490650e+01 +1.010490650e+01 +1.127149065e+02 +1.127149065e+02 +1.9025e+00 +4.7994e-01 -1.6964e+00 -2.1598e+00 -7.0224e-01
1304 +9.935847817e+00 +9.935847817e+00 +1.125458478e+02 +1.125458478e+02 +1.9034e+00 +4.8079e-01 -1.7006e+00 -2.1620e+00 -7.0508e-01
1444 +9.747847458e+00 +9.747847458e+00 +1.123578475e+02 +1.123578475e+02 +1.9046e+00 +4.8275e-01 -1.6988e+00 -2.1620e+00 -7.0388e-01
1514 +9.534980693e+00 +9.534980693e+00 +1.121449807e+02 +1.121449807e+02 +1.9070e+00 +4.8986e-01 -1.6979e+00 -2.1631e+00 -7.0704e-01
181342 +8.804939364e+00 +8.804939364e+00 +1.114149394e+02 +1.114149394e+02 -1.5955e+00 -2.3214e+00 +1.2567e+00 +1.0738e+00 +1.0868e+00
181362 +7.948003851e+00 +7.948003851e+00 +1.105580039e+02 +1.105580039e+02 -1.5868e+00 -2.3146e+00 +1.2595e+00 +1.0733e+00 +1.0888e+00
181492 +7.766832540e+00 +7.766832540e+00 +1.103768325e+02 +1.103768325e+02 -1.5853e+00 -2.3118e+00 +1.2568e+00 +1.0758e+00 +1.0866e+00
181500 +7.686774217e+00 +7.686774217e+00 +1.102967742e+02 +1.102967742e+02 -1.5893e+00 -2.3148e+00 +1.2569e+00 +1.0788e+00 +1.0864e+00
181550 +7.566998855e+00 +7.566998855e+00 +1.101769989e+02 +1.101769989e+02 -1.5859e+00 -2.3114e+00 +1.2557e+00 +1.0771e+00 +1.0885e+00
242426 +7.309204509e+00 +7.309204509e+00 +1.099192045e+02 +1.099192045e+02 +5.3057e-01 +8.2952e-01 -1.2699e+00 -1.2981e+00 -1.7661e+00
242439 +5.698089833e+00 +5.698089833e+00 +1.083080898e+02 +1.083080898e+02 +5.2837e-01 +8.2581e-01 -1.2656e+00 -1.2981e+00 -1.7593e+00
242457 +5.010555216e+00 +5.010555216e+00 +1.076205552e+02 +1.076205552e+02 +5.2541e-01 +8.1110e-01 -1.2703e+00 -1.2882e+00 -1.7493e+00
242462 +4.609948689e+00 +4.609948689e+00 +1.072199487e+02 +1.072199487e+02 +5.2960e-01 +8.1343e-01 -1.2706e+00 -1.2890e+00 -1.7422e+00
242481 +4.230746193e+00 +4.230746193e+00 +1.068407462e+02 +1.068407462e+02 +5.3063e-01 +8.0296e-01 -1.2753e+00 -1.2884e+00 -1.7338e+00
242578 +4.151240261e+00 +4.151240261e+00 +1.067612403e+02 +1.067612403e+02 +5.2707e-01 +7.9848e-01 -1.2750e+00 -1.2904e+00 -1.7304e+00
242588 +4.025335742e+00 +4.025335742e+00 +1.066353357e+02 +1.066353357e+02 +5.2681e-01 +7.9668e-01 -1.2738e+00 -1.2909e+00 -1.7348e+00
242621 +3.958041917e+00 +3.958041917e+00 +1.065680419e+02 +1.065680419e+02 +5.2671e-01 +7.9712e-01 -1.2737e+00 -1.2913e+00 -1.7341e+00
242657 +3.871370225e+00 +3.871370225e+00 +1.064813702e+02 +1.064813702e+02 +5.2921e-01 +8.0092e-01 -1.2742e+00 -1.2923e+00 -1.7332e+00
% function evaluation | noise-free fitness - Fopt (9.330000000000e+01) | best noise-free fitness - Fopt | measured fitness | best measured fitness | x1 | x2...
1 +7.955373779e+01 +7.955373779e+01 +1.728537378e+02 +1.728537378e+02 +0.0000e+00 +0.0000e+00 +0.0000e+00 +0.0000e+00 +0.0000e+00
3 +6.788398298e+01 +6.788398298e+01 +1.611839830e+02 +1.611839830e+02 -8.7398e-02 +5.2720e-01 +3.0382e-01 +7.9705e-03 -8.3433e-01
16 +6.726810315e+01 +6.726810315e+01 +1.605681032e+02 +1.605681032e+02 +5.9778e-01 +1.6193e+00 -4.4832e-01 +9.0058e-01 -3.2453e-02
17 +5.332376107e+01 +5.332376107e+01 +1.466237611e+02 +1.466237611e+02 +5.0646e-02 -2.8007e-02 +8.0813e-01 +5.4900e-01 -6.9013e-01
60 +4.705124529e+01 +4.705124529e+01 +1.403512453e+02 +1.403512453e+02 -6.3397e-01 +2.1932e-01 +3.0846e-01 +9.9603e-01 -9.8917e-01
80 +3.795178008e+01 +3.795178008e+01 +1.312517801e+02 +1.312517801e+02 +5.4190e-02 -5.3195e-01 +3.7465e-01 +2.9747e-01 -1.6465e+00
182 +3.483062098e+01 +3.483062098e+01 +1.281306210e+02 +1.281306210e+02 +2.4213e-01 -1.1053e+00 -8.0945e-01 -4.6333e-01 -1.5718e+00
204 +3.199899474e+01 +3.199899474e+01 +1.252989947e+02 +1.252989947e+02 +5.9260e-01 -1.2895e+00 +3.7036e-03 -4.7644e-01 -1.4945e+00
235 +2.113997745e+01 +2.113997745e+01 +1.144399774e+02 +1.144399774e+02 +1.5419e+00 -3.5875e-01 +6.7689e-01 -1.4140e+00 -1.8981e+00
238 +1.842910389e+01 +1.842910389e+01 +1.117291039e+02 +1.117291039e+02 +2.0073e+00 -5.4085e-01 +4.9649e-01 -4.1442e-01 -1.7391e+00
747 +1.660724142e+01 +1.660724142e+01 +1.099072414e+02 +1.099072414e+02 +1.8669e+00 -1.5906e+00 +1.8803e+00 -2.3385e+00 -1.8136e+00
1978 +1.569418201e+01 +1.569418201e+01 +1.089941820e+02 +1.089941820e+02 +1.0104e+00 -2.1523e+00 +1.1114e+00 -9.8345e-01 -5.1798e-01
2437 +1.535868878e+01 +1.535868878e+01 +1.086586888e+02 +1.086586888e+02 +5.5791e-01 -2.5023e+00 +6.4756e-02 -1.0620e+00 -1.4008e+00
2453 +1.488631761e+01 +1.488631761e+01 +1.081863176e+02 +1.081863176e+02 +5.6169e-01 -2.5044e+00 +5.3150e-02 -1.0595e+00 -1.4050e+00
2471 +1.450110652e+01 +1.450110652e+01 +1.078011065e+02 +1.078011065e+02 +5.6274e-01 -2.5025e+00 +5.3869e-02 -1.0614e+00 -1.3990e+00
2503 +1.432914608e+01 +1.432914608e+01 +1.076291461e+02 +1.076291461e+02 +5.6402e-01 -2.5023e+00 +5.3103e-02 -1.0690e+00 -1.4049e+00
2864 +1.412515726e+01 +1.412515726e+01 +1.074251573e+02 +1.074251573e+02 +5.6451e-01 -2.5016e+00 +5.3292e-02 -1.0678e+00 -1.4002e+00
121182 +1.218187179e+01 +1.218187179e+01 +1.054818718e+02 +1.054818718e+02 -1.5058e+00 +1.4691e+00 -9.7450e-01 +1.2195e+00 +1.8851e+00
121399 +1.053580855e+01 +1.053580855e+01 +1.038358085e+02 +1.038358085e+02 -1.4341e+00 +1.5790e+00 -1.0908e+00 +1.1796e+00 +1.8685e+00
121466 +1.017182324e+01 +1.017182324e+01 +1.034718232e+02 +1.034718232e+02 -1.4261e+00 +1.5765e+00 -1.1013e+00 +1.1802e+00 +1.8665e+00
121467 +9.964426577e+00 +9.964426577e+00 +1.032644266e+02 +1.032644266e+02 -1.4132e+00 +1.5788e+00 -1.1116e+00 +1.1770e+00 +1.8681e+00
121469 +8.899451537e+00 +8.899451537e+00 +1.021994515e+02 +1.021994515e+02 -1.4219e+00 +1.5742e+00 -1.1134e+00 +1.1786e+00 +1.8635e+00
121481 +8.342495748e+00 +8.342495748e+00 +1.016424957e+02 +1.016424957e+02 -1.4191e+00 +1.5770e+00 -1.1150e+00 +1.1762e+00 +1.8667e+00
121484 +7.955466850e+00 +7.955466850e+00 +1.012554669e+02 +1.012554669e+02 -1.4210e+00 +1.5781e+00 -1.1131e+00 +1.1799e+00 +1.8679e+00
121499 +7.849562093e+00 +7.849562093e+00 +1.011495621e+02 +1.011495621e+02 -1.4229e+00 +1.5763e+00 -1.1116e+00 +1.1807e+00 +1.8698e+00
121503 +7.666206082e+00 +7.666206082e+00 +1.009662061e+02 +1.009662061e+02 -1.4210e+00 +1.5773e+00 -1.1130e+00 +1.1802e+00 +1.8711e+00
121506 +7.398748250e+00 +7.398748250e+00 +1.006987482e+02 +1.006987482e+02 -1.4198e+00 +1.5773e+00 -1.1146e+00 +1.1837e+00 +1.8721e+00
121522 +7.208243612e+00 +7.208243612e+00 +1.005082436e+02 +1.005082436e+02 -1.4147e+00 +1.5772e+00 -1.1194e+00 +1.1886e+00 +1.8761e+00
121540 +7.003022951e+00 +7.003022951e+00 +1.003030230e+02 +1.003030230e+02 -1.4170e+00 +1.5742e+00 -1.1233e+00 +1.1871e+00 +1.8733e+00
121550 +6.907496343e+00 +6.907496343e+00 +1.002074963e+02 +1.002074963e+02 -1.4176e+00 +1.5748e+00 -1.1233e+00 +1.1887e+00 +1.8710e+00
121605 +6.742400342e+00 +6.742400342e+00 +1.000424003e+02 +1.000424003e+02 -1.4150e+00 +1.5748e+00 -1.1265e+00 +1.1885e+00 +1.8723e+00
121616 +6.591846940e+00 +6.591846940e+00 +9.989184694e+01 +9.989184694e+01 -1.4096e+00 +1.5756e+00 -1.1328e+00 +1.1890e+00 +1.8717e+00
121708 +6.405649867e+00 +6.405649867e+00 +9.970564987e+01 +9.970564987e+01 -1.4061e+00 +1.5727e+00 -1.1402e+00 +1.1902e+00 +1.8719e+00
% function evaluation | noise-free fitness - Fopt (1.364000000000e+01) | best noise-free fitness - Fopt | measured fitness | best measured fitness | x1 | x2...
1 +9.630173598e+01 +9.630173598e+01 +1.099417360e+02 +1.099417360e+02 +0.0000e+00 +0.0000e+00 +0.0000e+00 +0.0000e+00 +0.0000e+00
2 +9.463477156e+01 +9.463477156e+01 +1.082747716e+02 +1.082747716e+02 -7.8875e-01 +3.5364e-01 +1.6908e+00 -7.7719e-01 +1.8015e+00
3 +7.062148883e+01 +7.062148883e+01 +8.426148883e+01 +8.426148883e+01 -8.6357e-01 -6.8355e-01 +9.8532e-01 +2.9260e+00 -6.1036e-01
10 +6.510274768e+01 +6.510274768e+01 +7.874274768e+01 +7.874274768e+01 -4.2666e-01 +7.4753e-01 -2.8856e+00 +8.9841e-01 -6.7548e-01
13 +4.750813853e+01 +4.750813853e+01 +6.114813853e+01 +6.114813853e+01 +1.6013e-01 +4.7220e-01 -2.9576e+00 +1.6737e+00 -3.1463e-01
53 +2.884373164e+01 +2.884373164e+01 +4.248373164e+01 +4.248373164e+01 -8.2948e-01 -9.6663e-01 -3.8081e+00 +2.6774e+00 -3.2851e-01
255 +2.628320592e+01 +2.628320592e+01 +3.992320592e+01 +3.992320592e+01 -1.5340e+00 -2.1313e+00 -2.9908e+00 +9.0337e-01 -1.2165e+00
408 +2.422272280e+01 +2.422272280e+01 +3.786272280e+01 +3.786272280e+01 -2.3744e+00 -1.6951e+00 -2.4411e+00 +1.0935e+00 -2.3715e+00
471 +1.802867319e+01 +1.802867319e+01 +3.166867319e+01 +3.166867319e+01 -1.8554e+00 -1.3670e+00 -2.4119e+00 +1.2027e+00 -1.9094e+00
489 +1.638734106e+01 +1.638734106e+01 +3.002734106e+01 +3.002734106e+01 -1.0016e+00 -1.1077e+00 -2.7611e+00 +1.5790e+00 -2.0007e+00
59080 +1.427612646e+01 +1.427612646e+01 +2.791612646e+01 +2.791612646e+01 -1.9668e+00 -1.8524e+00 -2.1665e+00 +1.9878e+00 -3.3048e+00
59471 +1.342306265e+01 +1.342306265e+01 +2.706306265e+01 +2.706306265e+01 -2.4124e+00 -1.7976e+00 -2.4493e+00 +2.0334e+00 -3.1086e+00
59488 +1.217597486e+01 +1.217597486e+01 +2.581597486e+01 +2.581597486e+01 -2.4057e+00 -1.7748e+00 -2.4419e+00 +2.0057e+00 -3.0763e+00
59496 +1.180981091e+01 +1.180981091e+01 +2.544981091e+01 +2.544981091e+01 -2.4043e+00 -1.7848e+00 -2.4446e+00 +2.0203e+00 -3.0931e+00
59509 +1.080064516e+01 +1.080064516e+01 +2.444064516e+01 +2.444064516e+01 -2.4069e+00 -1.7810e+00 -2.4477e+00 +2.0292e+00 -3.0817e+00
59563 +1.049439642e+01 +1.049439642e+01 +2.413439642e+01 +2.413439642e+01 -2.3996e+00 -1.7762e+00 -2.4452e+00 +2.0261e+00 -3.0779e+00
59574 +1.046348745e+01 +1.046348745e+01 +2.410348745e+01 +2.410348745e+01 -2.3996e+00 -1.7800e+00 -2.4439e+00 +2.0290e+00 -3.0826e+00
59633 +1.023013914e+01 +1.023013914e+01 +2.387013914e+01 +2.387013914e+01 -2.3903e+00 -1.7718e+00 -2.4397e+00 +2.0228e+00 -3.0784e+00
125960 +9.891717612e+00 +9.891717612e+00 +2.353171761e+01 +2.353171761e+01 -9.5665e-01 -2.8477e+00 -2.2897e+00 +2.0516e+00 -2.1788e+00
126012 +9.751365387e+00 +9.751365387e+00 +2.339136539e+01 +2.339136539e+01 -9.6563e-01 -2.8474e+00 -2.2909e+00 +2.0439e+00 -2.1719e+00
126101 +9.540357596e+00 +9.540357596e+00 +2.318035760e+01 +2.318035760e+01 -9.5709e-01 -2.8436e+00 -2.2871e+00 +2.0451e+00 -2.1725e+00
429499 +9.328451458e+00 +9.328451458e+00 +2.296845146e+01 +2.296845146e+01 -2.1851e+00 -1.9750e+00 -8.7100e-01 +2.2915e+00 -9.3088e-01
429561 +9.102987680e+00 +9.102987680e+00 +2.274298768e+01 +2.274298768e+01 -2.1906e+00 -1.9777e+00 -8.7128e-01 +2.2910e+00 -9.3155e-01
429643 +8.895155474e+00 +8.895155474e+00 +2.253515547e+01 +2.253515547e+01 -2.1930e+00 -1.9809e+00 -8.7345e-01 +2.2914e+00 -9.3466e-01
429720 +8.656111992e+00 +8.656111992e+00 +2.229611199e+01 +2.229611199e+01 -2.1985e+00 -1.9853e+00 -8.7477e-01 +2.2938e+00 -9.3749e-01
430036 +8.511309376e+00 +8.511309376e+00 +2.215130938e+01 +2.215130938e+01 -2.2040e+00 -1.9892e+00 -8.7702e-01 +2.2970e+00 -9.3893e-01
% function evaluation | noise-free fitness - Fopt (1.948000000000e+02) | best noise-free fitness - Fopt | measured fitness | best measured fitness | x1 | x2...
1 +5.865562670e+01 +5.865562670e+01 +2.534556267e+02 +2.534556267e+02 +0.0000e+00 +0.0000e+00 +0.0000e+00 +0.0000e+00 +0.0000e+00
8 +5.542492871e+01 +5.542492871e+01 +2.502249287e+02 +2.502249287e+02 +1.7427e+00 +2.1927e+00 +2.8090e-01 -5.0674e-01 -4.5569e-01
11 +5.430969828e+01 +5.430969828e+01 +2.491096983e+02 +2.491096983e+02 +2.9038e-01 +3.5733e-01 -1.2189e+00 +1.1176e+00 +4.7482e-01
21 +5.336604907e+01 +5.336604907e+01 +2.481660491e+02 +2.481660491e+02 -9.7040e-01 -1.4816e+00 -1.6239e-01 +1.3538e+00 -1.0402e+00
98 +4.963298411e+01 +4.963298411e+01 +2.444329841e+02 +2.444329841e+02 -9.5223e-01 -6.5439e-01 +1.3945e+00 +1.8953e+00 +1.6889e+00
157 +3.684936546e+01 +3.684936546e+01 +2.316493655e+02 +2.316493655e+02 -5.6560e-01 -1.2696e+00 -8.5721e-01 +7.7528e-01 +1.2304e+00
171 +2.871206986e+01 +2.871206986e+01 +2.235120699e+02 +2.235120699e+02 -2.5902e-02 -1.0399e+00 -2.0047e-01 +1.0379e+00 +1.4293e+00
356 +2.756025026e+01 +2.756025026e+01 +2.223602503e+02 +2.223602503e+02 -1.8481e+00 -4.0657e-01 -8.5222e-01 +1.3611e+00 +8.8857e-01
366 +2.136975255e+01 +2.136975255e+01 +2.161697526e+02 +2.161697526e+02 -1.7183e+00 -4.3099e-01 -7.3589e-01 +1.5702e+00 +1.2686e+00
521 +2.042917806e+01 +2.042917806e+01 +2.152291781e+02 +2.152291781e+02 -2.0451e+00 -1.6593e-01 -6.0997e-01 +1.4341e+00 +1.4969e+00
573 +1.992849991e+01 +1.992849991e+01 +2.147284999e+02 +2.147284999e+02 -1.9985e+00 -1.1391e-01 -7.0153e-01 +1.5060e+00 +1.5102e+00
580 +1.858662003e+01 +1.858662003e+01 +2.133866200e+02 +2.133866200e+02 -2.0401e+00 -1.1993e-01 -6.7591e-01 +1.5103e+00 +1.4866e+00
590 +1.222605723e+01 +1.222605723e+01 +2.070260572e+02 +2.070260572e+02 -1.9875e+00 -9.8263e-02 -7.1584e-01 +1.5309e+00 +1.5079e+00
630 +1.151868653e+01 +1.151868653e+01 +2.063186865e+02 +2.063186865e+02 -1.9901e+00 -8.1274e-02 -7.1821e-01 +1.5399e+00 +1.5020e+00
631 +1.144118651e+01 +1.144118651e+01 +2.062411865e+02 +2.062411865e+02 -1.9945e+00 -8.6083e-02 -7.1535e-01 +1.5303e+00 +1.5048e+00
644 +1.094468666e+01 +1.094468666e+01 +2.057446867e+02 +2.057446867e+02 -1.9940e+00 -8.4031e-02 -7.2303e-01 +1.5286e+00 +1.5028e+00
725 +1.023547678e+01 +1.023547678e+01 +2.050354768e+02 +2.050354768e+02 -1.9970e+00 -9.7688e-02 -7.2175e-01 +1.5445e+00 +1.4996e+00
732 +9.904605027e+00 +9.904605027e+00 +2.047046050e+02 +2.047046050e+02 -1.9970e+00 -1.0009e-01 -7.2526e-01 +1.5391e+00 +1.4971e+00
768 +9.768066689e+00 +9.768066689e+00 +2.045680667e+02 +2.045680667e+02 -2.0088e+00 -1.0233e-01 -7.3402e-01 +1.5564e+00 +1.4938e+00
786 +9.468982460e+00 +9.468982460e+00 +2.042689825e+02 +2.042689825e+02 -2.0021e+00 -9.9137e-02 -7.3208e-01 +1.5456e+00 +1.4943e+00
953 +9.302835490e+00 +9.302835490e+00 +2.041028355e+02 +2.041028355e+02 -2.0046e+00 -1.0130e-01 -7.3168e-01 +1.5478e+00 +1.4931e+00
% function evaluation | noise-free fitness - Fopt (-1.335900000000e+02) | best noise-free fitness - Fopt | measured fitness | best measured fitness | x1 | x2...
1 +9.504320291e+01 +9.504320291e+01 -3.854679709e+01 -3.854679709e+01 +0.0000e+00 +0.0000e+00 +0.0000e+00 +0.0000e+00 +0.0000e+00
2 +6.599666763e+01 +6.599666763e+01 -6.759333237e+01 -6.759333237e+01 +8.7927e-01 -1.7288e+00 +1.2716e-01 -1.0903e+00 +1.8976e+00
10 +4.909265483e+01 +4.909265483e+01 -8.449734517e+01 -8.449734517e+01 +1.5550e+00 +1.2446e-01 +1.9550e+00 -6.6350e-01 +1.0589e+00
44 +4.404591094e+01 +4.404591094e+01 -8.954408906e+01 -8.954408906e+01 +1.5941e+00 -1.0748e+00 +3.0066e+00 -3.6532e-01 +1.3482e+00
74 +4.117671002e+01 +4.117671002e+01 -9.241328998e+01 -9.241328998e+01 +9.2975e-01 -2.4726e-01 +1.6015e+00 +1.2621e+00 +6.1450e-01
96 +3.710839255e+01 +3.710839255e+01 -9.648160745e+01 -9.648160745e+01 +3.4903e-02 -9.3840e-01 +7.5121e-01 +2.3277e+00 +2.5351e+00
100 +3.405190370e+01 +3.405190370e+01 -9.953809630e+01 -9.953809630e+01 +2.7749e-01 -1.3293e-01 +1.4286e+00 +1.6234e+00 +1.6455e+00
139 +3.294422525e+01 +3.294422525e+01 -1.006457747e+02 -1.006457747e+02 +5.4082e-01 -2.3069e-01 +9.8728e-01 +1.1168e+00 +9.8803e-01
140 +1.981036002e+01 +1.981036002e+01 -1.137796400e+02 -1.137796400e+02 +9.4762e-02 -8.2671e-01 +8.2783e-01 +3.0918e-01 +1.0198e+00
156 +1.437486266e+01 +1.437486266e+01 -1.192151373e+02 -1.192151373e+02 +7.5664e-01 -1.4961e+00 +1.1148e+00 +1.6352e+00 +2.7871e-01
112191 +1.229582266e+01 +1.229582266e+01 -1.212941773e+02 -1.212941773e+02 -1.9593e+00 +3.0224e+00 -1.5543e+00 -1.8156e+00 -2.7274e+00
112314 +1.183627175e+01 +1.183627175e+01 -1.217537283e+02 -1.217537283e+02 -1.9466e+00 +3.0367e+00 -1.5515e+00 -1.8283e+00 -2.7310e+00
112322 +1.161294351e+01 +1.161294351e+01 -1.219770565e+02 -1.219770565e+02 -1.9282e+00 +3.0477e+00 -1.5561e+00 -1.8340e+00 -2.7387e+00
112324 +1.078913893e+01 +1.078913893e+01 -1.228008611e+02 -1.228008611e+02 -1.9299e+00 +3.0556e+00 -1.5577e+00 -1.8304e+00 -2.7468e+00
112379 +1.031507446e+01 +1.031507446e+01 -1.232749255e+02 -1.232749255e+02 -1.9420e+00 +3.0506e+00 -1.5554e+00 -1.8209e+00 -2.7426e+00
112461 +1.021909720e+01 +1.021909720e+01 -1.233709028e+02 -1.233709028e+02 -1.9372e+00 +3.0550e+00 -1.5568e+00 -1.8209e+00 -2.7449e+00
351626 +8.621623076e+00 +8.621623076e+00 -1.249683769e+02 -1.249683769e+02 +1.6031e+00 -1.0841e+00 +1.9149e+00 +1.1699e+00 +1.5016e+00
351644 +8.134882788e+00 +8.134882788e+00 -1.254551172e+02 -1.254551172e+02 +1.5960e+00 -1.0792e+00 +1.9213e+00 +1.1755e+00 +1.5036e+00
351654 +7.608199996e+00 +7.608199996e+00 -1.259818000e+02 -1.259818000e+02 +1.5926e+00 -1.0878e+00 +1.9212e+00 +1.1712e+00 +1.5118e+00
351655 +7.028141647e+00 +7.028141647e+00 -1.265618584e+02 -1.265618584e+02 +1.5826e+00 -1.0751e+00 +1.9176e+00 +1.1755e+00 +1.5041e+00
351675 +6.687506084e+00 +6.687506084e+00 -1.269024939e+02 -1.269024939e+02 +1.5724e+00 -1.0732e+00 +1.9244e+00 +1.1704e+00 +1.5067e+00
351695 +6.589301815e+00 +6.589301815e+00 -1.270006982e+02 -1.270006982e+02 +1.5820e+00 -1.0749e+00 +1.9245e+00 +1.1747e+00 +1.5035e+00
351702 +6.327784872e+00 +6.327784872e+00 -1.272622151e+02 -1.272622151e+02 +1.5791e+00 -1.0736e+00 +1.9243e+00 +1.1727e+00 +1.5048e+00
351709 +6.245904470e+00 +6.245904470e+00 -1.273440955e+02 -1.273440955e+02 +1.5788e+00 -1.0747e+00 +1.9245e+00 +1.1722e+00 +1.5066e+00
351724 +6.023246733e+00 +6.023246733e+00 -1.275667533e+02 -1.275667533e+02 +1.5793e+00 -1.0754e+00 +1.9236e+00 +1.1751e+00 +1.5061e+00
351737 +5.835063163e+00 +5.835063163e+00 -1.277549368e+02 -1.277549368e+02 +1.5771e+00 -1.0763e+00 +1.9249e+00 +1.1758e+00 +1.5071e+00
351738 +5.750145522e+00 +5.750145522e+00 -1.278398545e+02 -1.278398545e+02 +1.5712e+00 -1.0749e+00 +1.9257e+00 +1.1756e+00 +1.5083e+00
351744 +5.480764423e+00 +5.480764423e+00 -1.281092356e+02 -1.281092356e+02 +1.5756e+00 -1.0799e+00 +1.9246e+00 +1.1751e+00 +1.5080e+00
351752 +5.314136955e+00 +5.314136955e+00 -1.282758630e+02 -1.282758630e+02 +1.5735e+00 -1.0832e+00 +1.9239e+00 +1.1728e+00 +1.5111e+00
351753 +5.188686192e+00 +5.188686192e+00 -1.284013138e+02 -1.284013138e+02 +1.5698e+00 -1.0821e+00 +1.9263e+00 +1.1739e+00 +1.5100e+00
351784 +5.001958901e+00 +5.001958901e+00 -1.285880411e+02 -1.285880411e+02 +1.5764e+00 -1.0986e+00 +1.9205e+00 +1.1714e+00 +1.5154e+00
351795 +4.748195941e+00 +4.748195941e+00 -1.288418041e+02 -1.288418041e+02 +1.5665e+00 -1.1000e+00 +1.9183e+00 +1.1745e+00 +1.5120e+00
351798 +4.675775102e+00 +4.675775102e+00 -1.289142249e+02 -1.289142249e+02 +1.5673e+00 -1.0990e+00 +1.9197e+00 +1.1733e+00 +1.5169e+00
351808 +4.240382391e+00 +4.240382391e+00 -1.293496176e+02 -1.293496176e+02 +1.5656e+00 -1.1045e+00 +1.9204e+00 +1.1771e+00 +1.5143e+00
351810 +4.040433743e+00 +4.040433743e+00 -1.295495663e+02 -1.295495663e+02 +1.5639e+00 -1.0907e+00 +1.9236e+00 +1.1788e+00 +1.5127e+00
351823 +3.896964090e+00 +3.896964090e+00 -1.296930359e+02 -1.296930359e+02 +1.5556e+00 -1.0896e+00 +1.9268e+00 +1.1800e+00 +1.5160e+00
351828 +3.825146467e+00 +3.825146467e+00 -1.297648535e+02 -1.297648535e+02 +1.5530e+00 -1.0893e+00 +1.9269e+00 +1.1819e+00 +1.5158e+00
351840 +3.651746365e+00 +3.651746365e+00 -1.299382536e+02 -1.299382536e+02 +1.5526e+00 -1.0967e+00 +1.9278e+00 +1.1851e+00 +1.5201e+00
351847 +3.626815488e+00 +3.626815488e+00 -1.299631845e+02 -1.299631845e+02 +1.5521e+00 -1.1043e+00 +1.9291e+00 +1.1809e+00 +1.5240e+00
351849 +3.226725893e+00 +3.226725893e+00 -1.303632741e+02 -1.303632741e+02 +1.5360e+00 -1.1013e+00 +1.9275e+00 +1.1894e+00 +1.5204e+00
351908 +2.944177906e+00 +2.944177906e+00 -1.306458221e+02 -1.306458221e+02 +1.5410e+00 -1.1047e+00 +1.9278e+00 +1.1845e+00 +1.5246e+00
351917 +2.795840053e+00 +2.795840053e+00 -1.307941599e+02 -1.307941599e+02 +1.5367e+00 -1.1076e+00 +1.9286e+00 +1.1858e+00 +1.5246e+00
351928 +2.714543890e+00 +2.714543890e+00 -1.308754561e+02 -1.308754561e+02 +1.5339e+00 -1.1103e+00 +1.9279e+00 +1.1856e+00 +1.5260e+00
351992 +2.663313601e+00 +2.663313601e+00 -1.309266864e+02 -1.309266864e+02 +1.5391e+00 -1.1111e+00 +1.9266e+00 +1.1862e+00 +1.5249e+00
352001 +2.627384215e+00 +2.627384215e+00 -1.309626158e+02 -1.309626158e+02 +1.5386e+00 -1.1114e+00 +1.9261e+00 +1.1855e+00 +1.5251e+00
352149 +2.570370187e+00 +2.570370187e+00 -1.310196298e+02 -1.310196298e+02 +1.5372e+00 -1.1155e+00 +1.9256e+00 +1.1851e+00 +1.5266e+00
% function evaluation | noise-free fitness - Fopt (1.955000000000e+01) | best noise-free fitness - Fopt | measured fitness | best measured fitness | x1 | x2...
1 +7.328360888e+01 +7.328360888e+01 +9.283360888e+01 +9.283360888e+01 +0.0000e+00 +0.0000e+00 +0.0000e+00 +0.0000e+00 +0.0000e+00
7 +3.787905662e+01 +3.787905662e+01 +5.742905662e+01 +5.742905662e+01 -1.4233e+00 -1.5730e+00 -1.0063e+00 -1.0214e-01 -7.7474e-01
256 +2.643859636e+01 +2.643859636e+01 +4.598859636e+01 +4.598859636e+01 -7.9723e-01 -2.2380e+00 -6.2515e-01 +9.5091e-01 -9.7050e-01
270 +2.037003778e+01 +2.037003778e+01 +3.992003778e+01 +3.992003778e+01 -7.7245e-01 -1.6379e+00 -8.3176e-01 +8.3313e-01 -2.0074e-01
497 +1.770600127e+01 +1.770600127e+01 +3.725600127e+01 +3.725600127e+01 -1.1670e+00 -1.1851e+00 +7.1245e-02 +1.6947e+00 -1.0237e+00
506 +1.595652885e+01 +1.595652885e+01 +3.550652885e+01 +3.550652885e+01 -1.3412e+00 -1.0868e+00 -3.1143e-02 +1.6182e+00 -9.6663e-01
555 +1.406587961e+01 +1.406587961e+01 +3.361587961e+01 +3.361587961e+01 -1.7447e+00 -1.3943e+00 -1.8349e-01 +1.5778e+00 -1.4953e+00
1102 +9.169238342e+00 +9.169238342e+00 +2.871923834e+01 +2.871923834e+01 -1.9647e+00 -7.9859e-01 -1.2063e+00 +1.3259e+00 -1.6702e+00
1268 +7.508031799e+00 +7.508031799e+00 +2.705803180e+01 +2.705803180e+01 -1.9210e+00 -1.2354e+00 -8.7916e-01 +1.3862e+00 -1.8120e+00
% function evaluation | noise-free fitness - Fopt (-1.307000000000e+01) | best noise-free fitness - Fopt | measured fitness | best measured fitness | x1 | x2...
1 +8.670286701e+01 +8.670286701e+01 +7.363286701e+01 +7.363286701e+01 +0.0000e+00 +0.0000e+00 +0.0000e+00 +0.0000e+00 +0.0000e+00
4 +5.168142203e+01 +5.168142203e+01 +3.861142203e+01 +3.861142203e+01 -8.3494e-01 -1.5566e+00 +4.3063e-01 -7.3415e-01 +5.9783e-01
16 +4.456330252e+01 +4.456330252e+01 +3.149330252e+01 +3.149330252e+01 +1.4228e+00 -3.5697e-01 -2.2146e-01 -1.9519e+00 +9.1938e-01
49 +3.064427211e+01 +3.064427211e+01 +1.757427211e+01 +1.757427211e+01 +7.0503e-01 -2.0992e+00 -1.0831e+00 -5.5657e-01 -2.1249e+00
147 +2.882188407e+01 +2.882188407e+01 +1.575188407e+01 +1.575188407e+01 +1.1907e+00 +1.0117e+00 -6.5300e-01 -3.3671e-01 -1.9280e+00
199 +2.014387292e+01 +2.014387292e+01 +7.073872917e+00 +7.073872917e+00 +6.0104e-01 -5.6224e-01 -4.2864e-01 -1.7644e+00 -2.0975e+00
967 +1.645899601e+01 +1.645899601e+01 +3.388996007e+00 +3.388996007e+00 +3.1867e+00 -1.7512e+00 -1.6302e+00 -2.0991e+00 -2.5351e+00
1136 +1.522599802e+01 +1.522599802e+01 +2.155998017e+00 +2.155998017e+00 +3.2777e+00 -1.6566e+00 -1.5132e+00 -2.2417e+00 -2.5831e+00
1139 +1.498685137e+01 +1.498685137e+01 +1.916851375e+00 +1.916851375e+00 +3.2817e+00 -1.6548e+00 -1.5170e+00 -2.2623e+00 -2.5844e+00
1146 +1.405993772e+01 +1.405993772e+01 +9.899377167e-01 +9.899377167e-01 +3.2765e+00 -1.6569e+00 -1.5008e+00 -2.2633e+00 -2.5947e+00
1164 +1.288982979e+01 +1.288982979e+01 -1.801702058e-01 -1.801702058e-01 +3.2797e+00 -1.6588e+00 -1.5108e+00 -2.2501e+00 -2.5906e+00
1186 +1.260720690e+01 +1.260720690e+01 -4.627931000e-01 -4.627931000e-01 +3.2782e+00 -1.6536e+00 -1.5094e+00 -2.2539e+00 -2.5942e+00
1188 +1.208766911e+01 +1.208766911e+01 -9.823308869e-01 -9.823308869e-01 +3.2802e+00 -1.6538e+00 -1.5145e+00 -2.2532e+00 -2.5967e+00
1192 +1.185553765e+01 +1.185553765e+01 -1.214462347e+00 -1.214462347e+00 +3.2803e+00 -1.6543e+00 -1.5109e+00 -2.2593e+00 -2.5976e+00
1224 +1.171224289e+01 +1.171224289e+01 -1.357757111e+00 -1.357757111e+00 +3.2817e+00 -1.6581e+00 -1.5108e+00 -2.2610e+00 -2.5991e+00
1299 +1.142631844e+01 +1.142631844e+01 -1.643681558e+00 -1.643681558e+00 +3.2785e+00 -1.6548e+00 -1.5122e+00 -2.2622e+00 -2.6038e+00
186695 +1.100730107e+01 +1.100730107e+01 -2.062698927e+00 -2.062698927e+00 +2.3818e+00 -6.9755e-01 -1.6310e+00 -2.1419e+00 -1.3531e+00
186701 +1.034990474e+01 +1.034990474e+01 -2.720095261e+00 -2.720095261e+00 +2.3830e+00 -6.9746e-01 -1.6334e+00 -2.1407e+00 -1.3575e+00
186724 +1.017804281e+01 +1.017804281e+01 -2.891957193e+00 -2.891957193e+00 +2.3826e+00 -6.9610e-01 -1.6390e+00 -2.1407e+00 -1.3567e+00
186740 +9.908985523e+00 +9.908985523e+00 -3.161014477e+00 -3.161014477e+00 +2.3836e+00 -6.9067e-01 -1.6423e+00 -2.1455e+00 -1.3606e+00
186768 +9.694543231e+00 +9.694543231e+00 -3.375456769e+00 -3.375456769e+00 +2.3798e+00 -6.8302e-01 -1.6445e+00 -2.1492e+00 -1.3593e+00
186780 +9.300615273e+00 +9.300615273e+00 -3.769384727e+00 -3.769384727e+00 +2.3784e+00 -6.8117e-01 -1.6492e+00 -2.1492e+00 -1.3610e+00
186847 +8.859406650e+00 +8.859406650e+00 -4.210593350e+00 -4.210593350e+00 +2.3763e+00 -6.7703e-01 -1.6521e+00 -2.1524e+00 -1.3714e+00
186885 +8.709183603e+00 +8.709183603e+00 -4.360816397e+00 -4.360816397e+00 +2.3762e+00 -6.7481e-01 -1.6569e+00 -2.1490e+00 -1.3730e+00
186928 +8.442700183e+00 +8.442700183e+00 -4.627299817e+00 -4.627299817e+00 +2.3737e+00 -6.7121e-01 -1.6585e+00 -2.1483e+00 -1.3734e+00
187032 +8.315786627e+00 +8.315786627e+00 -4.754213373e+00 -4.754213373e+00 +2.3720e+00 -6.6533e-01 -1.6649e+00 -2.1471e+00 -1.3731e+00
% function evaluation | noise-free fitness - Fopt (7.965000000000e+01) | best noise-free fitness - Fopt | measured fitness | best measured fitness | x1 | x2...
1 +6.421476392e+01 +6.421476392e+01 +1.438647639e+02 +1.438647639e+02 +0.0000e+00 +0.0000e+00 +0.0000e+00 +0.0000e+00 +0.0000e+00
4 +5.096448828e+01 +5.096448828e+01 +1.306144883e+02 +1.306144883e+02 +4.7548e-01 -8.9561e-02 +1.3430e+00 -5.2671e-01 +1.9774e-01
13 +4.567472692e+01 +4.567472692e+01 +1.253247269e+02 +1.253247269e+02 -1.0047e+00 -1.6710e+00 +2.9031e-01 -4.3186e-01 +1.7593e-01
29 +3.991789538e+01 +3.991789538e+01 +1.195678954e+02 +1.195678954e+02 -5.4730e-01 -3.7169e-01 +1.5286e+00 -1.3103e-02 +2.9879e-01
52 +3.643496125e+01 +3.643496125e+01 +1.160849613e+02 +1.160849613e+02 -1.1745e+00 -8.7117e-01 +1.4054e+00 -2.6154e+00 +1.4234e+00
85 +3.361686293e+01 +3.361686293e+01 +1.132668629e+02 +1.132668629e+02 -2.3391e+00 -2.7872e-01 +1.5659e+00 -2.1977e+00 +6.7415e-01
86 +1.420179125e+01 +1.420179125e+01 +9.385179125e+01 +9.385179125e+01 -1.2900e+00 -8.2314e-01 +1.7501e+00 -2.3725e+00 +6.2049e-01
161 +1.162927169e+01 +1.162927169e+01 +9.127927169e+01 +9.127927169e+01 -1.4858e+00 -2.8987e-01 +2.0958e+00 -1.8195e+00 +1.3775e+00
1024 +1.086563294e+01 +1.086563294e+01 +9.051563294e+01 +9.051563294e+01 -5.4576e-01 -1.3278e+00 +1.4711e+00 -2.5598e+00 +1.0788e+00
1183 +8.507185217e+00 +8.507185217e+00 +8.815718522e+01 +8.815718522e+01 -1.0858e+00 -1.0600e+00 +1.8576e+00 -1.2229e+00 +1.1820e+00
1794 +8.252913388e+00 +8.252913388e+00 +8.790291339e+01 +8.790291339e+01 -8.6261e-01 -1.9807e-01 +1.3600e+00 -1.3283e+00 +1.3131e+00
1813 +7.503317264e+00 +7.503317264e+00 +8.715331726e+01 +8.715331726e+01 -8.4061e-01 -2.0318e-01 +1.3703e+00 -1.2918e+00 +1.3132e+00
1826 +7.025788366e+00 +7.025788366e+00 +8.667578837e+01 +8.667578837e+01 -8.3237e-01 -1.9559e-01 +1.3848e+00 -1.2940e+00 +1.3153e+00
1858 +6.080827518e+00 +6.080827518e+00 +8.573082752e+01 +8.573082752e+01 -8.4657e-01 -1.9279e-01 +1.3770e+00 -1.3149e+00 +1.3087e+00
1862 +5.350128193e+00 +5.350128193e+00 +8.500012819e+01 +8.500012819e+01 -8.3833e-01 -1.9783e-01 +1.3766e+00 -1.3117e+00 +1.3058e+00
1956 +5.236499961e+00 +5.236499961e+00 +8.488649996e+01 +8.488649996e+01 -8.3951e-01 -1.9939e-01 +1.3762e+00 -1.3132e+00 +1.3058e+00
% function evaluation | noise-free fitness - Fopt (1.160000000000e+00) | best noise-free fitness - Fopt | measured fitness | best measured fitness | x1 | x2...
1 +6.925855753e+01 +6.925855753e+01 +7.041855753e+01 +7.041855753e+01 +0.0000e+00 +0.0000e+00 +0.0000e+00 +0.0000e+00 +0.0000e+00
11 +6.331801090e+01 +6.331801090e+01 +6.447801090e+01 +6.447801090e+01 -2.2854e+00 -1.1637e+00 -9.1174e-01 +4.4819e-01 +1.2942e+00
12 +5.383057396e+01 +5.383057396e+01 +5.499057396e+01 +5.499057396e+01 -2.6008e+00 -6.4075e-01 +3.5396e-01 +6.5144e-02 -6.6724e-01
30 +5.053508551e+01 +5.053508551e+01 +5.169508551e+01 +5.169508551e+01 -2.7300e+00 -1.3539e+00 -6.1567e-01 -1.0199e+00 -1.1427e+00
33 +4.936213063e+01 +4.936213063e+01 +5.052213063e+01 +5.052213063e+01 -1.7970e+00 -1.6651e+00 -5.6807e-01 +8.1245e-02 -3.6377e-01
36 +4.625546340e+01 +4.625546340e+01 +4.741546340e+01 +4.741546340e+01 -1.3579e+00 -1.7521e+00 -4.2977e-01 -1.2671e+00 -1.6412e+00
43 +4.348558220e+01 +4.348558220e+01 +4.464558220e+01 +4.464558220e+01 -5.2873e-01 -9.5199e-01 -8.5625e-01 -2.1248e+00 -3.4189e+00
58 +4.239448052e+01 +4.239448052e+01 +4.355448052e+01 +4.355448052e+01 -2.8406e+00 -1.2616e+00 +2.2169e-01 -3.0184e-01 +1.1731e+00
106 +4.000805145e+01 +4.000805145e+01 +4.116805145e+01 +4.116805145e+01 -1.8440e+00 -1.1178e+00 -7.8557e-01 -6.3781e-01 -1.9284e+00
114 +3.303455407e+01 +3.303455407e+01 +3.419455407e+01 +3.419455407e+01 -1.6205e+00 -1.4412e+00 -1.1934e+00 -5.8166e-01 -2.2627e+00
153 +3.222129541e+01 +3.222129541e+01 +3.338129541e+01 +3.338129541e+01 -1.6183e+00 -1.3601e+00 -1.4610e+00 -1.4207e+00 -7.3287e-01
182 +2.290193239e+01 +2.290193239e+01 +2.406193239e+01 +2.406193239e+01 -7.9266e-01 -1.6833e+00 -2.1097e+00 -2.4014e+00 -1.5976e+00
337 +2.226104248e+01 +2.226104248e+01 +2.342104248e+01 +2.342104248e+01 -1.1535e+00 -1.6780e+00 -1.7489e+00 -2.0205e+00 -1.1485e+00
405 +1.581046708e+01 +1.581046708e+01 +1.697046708e+01 +1.697046708e+01 -1.2986e+00 -1.7846e+00 -1.5233e+00 -2.2039e+00 -1.0443e+00
1016 +1.260914445e+01 +1.260914445e+01 +1.376914445e+01 +1.376914445e+01 -1.5759e+00 -9.5328e-01 -1.4066e+00 -2.9133e+00 -1.2752e+00
1395 +1.246468675e+01 +1.246468675e+01 +1.362468675e+01 +1.362468675e+01 -1.7471e+00 -9.9052e-01 -1.4659e+00 -2.7528e+00 -1.2095e+00
1440 +1.229411705e+01 +1.229411705e+01 +1.345411705e+01 +1.345411705e+01 -1.7456e+00 -9.9202e-01 -1.4656e+00 -2.7547e+00 -1.2086e+00
1472 +1.200087121e+01 +1.200087121e+01 +1.316087121e+01 +1.316087121e+01 -1.7532e+00 -9.9228e-01 -1.4682e+00 -2.7588e+00 -1.2131e+00
1483 +1.165174305e+01 +1.165174305e+01 +1.281174305e+01 +1.281174305e+01 -1.7536e+00 -9.9410e-01 -1.4683e+00 -2.7633e+00 -1.2122e+00
1495 +1.134042161e+01 +1.134042161e+01 +1.250042161e+01 +1.250042161e+01 -1.7524e+00 -9.9555e-01 -1.4662e+00 -2.7640e+00 -1.2110e+00
1502 +1.103682298e+01 +1.103682298e+01 +1.219682298e+01 +1.219682298e+01 -1.7528e+00 -9.9608e-01 -1.4639e+00 -2.7648e+00 -1.2076e+00
1517 +1.037192588e+01 +1.037192588e+01 +1.153192588e+01 +1.153192588e+01 -1.7540e+00 -9.9878e-01 -1.4610e+00 -2.7732e+00 -1.2065e+00
1527 +1.002315106e+01 +1.002315106e+01 +1.118315106e+01 +1.118315106e+01 -1.7588e+00 -9.9934e-01 -1.4558e+00 -2.7827e+00 -1.2061e+00
1529 +9.577306670e+00 +9.577306670e+00 +1.073730667e+01 +1.073730667e+01 -1.7601e+00 -1.0031e+00 -1.4575e+00 -2.7878e+00 -1.2058e+00
1535 +9.409540512e+00 +9.409540512e+00 +1.056954051e+01 +1.056954051e+01 -1.7661e+00 -1.0084e+00 -1.4569e+00 -2.7987e+00 -1.2071e+00
1572 +8.785311175e+00 +8.785311175e+00 +9.945311175e+00 +9.945311175e+00 -1.7718e+00 -1.0060e+00 -1.4501e+00 -2.8021e+00 -1.2019e+00
1615 +8.709216835e+00 +8.709216835e+00 +9.869216835e+00 +9.869216835e+00 -1.7798e+00 -1.0075e+00 -1.4479e+00 -2.8108e+00 -1.2002e+00
425780 +7.774037963e+00 +7.774037963e+00 +8.934037963e+00 +8.934037963e+00 +8.1628e-01 +1.9436e+00 +1.0075e+00 +1.1416e+00 +1.4063e+00
425788 +6.314077476e+00 +6.314077476e+00 +7.474077476e+00 +7.474077476e+00 +8.3046e-01 +1.9406e+00 +1.0015e+00 +1.1452e+00 +1.3980e+00
425791 +6.019450077e+00 +6.019450077e+00 +7.179450077e+00 +7.179450077e+00 +8.2594e-01 +1.9402e+00 +1.0013e+00 +1.1509e+00 +1.4014e+00
425798 +5.743326640e+00 +5.743326640e+00 +6.903326640e+00 +6.903326640e+00 +8.2963e-01 +1.9404e+00 +1.0043e+00 +1.1459e+00 +1.4009e+00
425802 +5.478756837e+00 +5.478756837e+00 +6.638756837e+00 +6.638756837e+00 +8.3632e-01 +1.9424e+00 +1.0026e+00 +1.1589e+00 +1.4025e+00
425804 +4.949108087e+00 +4.949108087e+00 +6.109108087e+00 +6.109108087e+00 +8.3927e-01 +1.9363e+00 +1.0006e+00 +1.1453e+00 +1.4021e+00
425809 +4.689964664e+00 +4.689964664e+00 +5.849964664e+00 +5.849964664e+00 +8.4572e-01 +1.9305e+00 +1.0060e+00 +1.1448e+00 +1.4081e+00
425825 +4.185372190e+00 +4.185372190e+00 +5.345372190e+00 +5.345372190e+00 +8.4801e-01 +1.9299e+00 +1.0037e+00 +1.1394e+00 +1.4118e+00
425831 +3.785772017e+00 +3.785772017e+00 +4.945772017e+00 +4.945772017e+00 +8.4326e-01 +1.9319e+00 +1.0039e+00 +1.1422e+00 +1.4146e+00
425846 +3.546004282e+00 +3.546004282e+00 +4.706004282e+00 +4.706004282e+00 +8.5099e-01 +1.9285e+00 +1.0029e+00 +1.1453e+00 +1.4139e+00
425852 +3.121161341e+00 +3.121161341e+00 +4.281161341e+00 +4.281161341e+00 +8.5216e-01 +1.9267e+00 +9.9983e-01 +1.1451e+00 +1.4167e+00
425882 +3.051740144e+00 +3.051740144e+00 +4.211740144e+00 +4.211740144e+00 +8.5176e-01 +1.9277e+00 +9.9771e-01 +1.1462e+00 +1.4167e+00
425896 +2.941667618e+00 +2.941667618e+00 +4.101667618e+00 +4.101667618e+00 +8.5342e-01 +1.9279e+00 +9.9664e-01 +1.1473e+00 +1.4143e+00
426004 +2.878922253e+00 +2.878922253e+00 +4.038922253e+00 +4.038922253e+00 +8.5495e-01 +1.9270e+00 +9.9510e-01 +1.1486e+00 +1.4143e+00
% function evaluation | noise-free fitness - Fopt (2.407100000000e+02) | best noise-free fitness - Fopt | measured fitness | best measured fitness | x1 | x2...
1 +1.067245377e+02 +1.067245377e+02 +3.474345377e+02 +3.474345377e+02 +0.0000e+00 +0.0000e+00 +0.0000e+00 +0.0000e+00 +0.0000e+00
5 +7.463380533e+01 +7.463380533e+01 +3.153438053e+02 +3.153438053e+02 -2.4737e+00 +4.2967e-01 +1.1932e+00 -4.8503e-01 -1.2787e+00
13 +7.139144871e+01 +7.139144871e+01 +3.121014487e+02 +3.121014487e+02 -1.9167e+00 +1.4494e+00 +7.2948e-01 -3.7486e-01 -7.1646e-01
27 +6.544947273e+01 +6.544947273e+01 +3.061594727e+02 +3.061594727e+02 -7.3018e-01 +2.0676e+00 +8.5142e-01 -9.3631e-01 -2.0434e+00
30 +4.624103291e+01 +4.624103291e+01 +2.869510329e+02 +2.869510329e+02 -1.7429e+00 +9.9095e-01 +6.6060e-01 -2.5465e+00 -1.3796e+00
39 +3.506909646e+01 +3.506909646e+01 +2.757790965e+02 +2.757790965e+02 -1.0367e+00 +9.2798e-01 +7.9384e-01 -1.5624e+00 -9.8129e-01
45 +2.941836076e+01 +2.941836076e+01 +2.701283608e+02 +2.701283608e+02 -1.1581e+00 +9.2755e-01 +1.3166e+00 -1.1317e+00 -8.9182e-01
60 +2.635331479e+01 +2.635331479e+01 +2.670633148e+02 +2.670633148e+02 -1.0563e+00 +1.2126e+00 +1.9330e+00 -1.7326e+00 -1.3875e+00
98 +1.303431991e+01 +1.303431991e+01 +2.537443199e+02 +2.537443199e+02 -6.9817e-01 +1.3729e+00 +8.6848e-01 -1.4205e+00 -1.2827e+00
418 +1.006294302e+01 +1.006294302e+01 +2.507729430e+02 +2.507729430e+02 -1.2945e+00 +5.1480e-01 +1.7651e+00 -8.8764e-01 -7.1493e-01
118562 +9.889528718e+00 +9.889528718e+00 +2.505995287e+02 +2.505995287e+02 +9.6450e-01 -2.2975e+00 -2.6136e+00 +1.5549e+00 +2.4521e+00
118575 +9.659359054e+00 +9.659359054e+00 +2.503693591e+02 +2.503693591e+02 +9.6754e-01 -2.3094e+00 -2.6126e+00 +1.5549e+00 +2.4462e+00
118604 +9.369263872e+00 +9.369263872e+00 +2.500792639e+02 +2.500792639e+02 +9.7150e-01 -2.3069e+00 -2.6103e+00 +1.5511e+00 +2.4494e+00
118619 +9.234324770e+00 +9.234324770e+00 +2.499443248e+02 +2.499443248e+02 +9.7382e-01 -2.3087e+00 -2.6141e+00 +1.5489e+00 +2.4480e+00
118669 +9.117290362e+00 +9.117290362e+00 +2.498272904e+02 +2.498272904e+02 +9.7283e-01 -2.3146e+00 -2.6081e+00 +1.5485e+00 +2.4472e+00
231796 +8.902175697e+00 +8.902175697e+00 +2.496121757e+02 +2.496121757e+02 +1.8533e+00 -7.2594e-01 -1.7872e+00 +8.9090e-01 +2.1350e+00
231839 +8.572236507e+00 +8.572236507e+00 +2.492822365e+02 +2.492822365e+02 +1.8600e+00 -7.3035e-01 -1.7851e+00 +8.8605e-01 +2.1369e+00
231905 +8.494266975e+00 +8.494266975e+00 +2.492042670e+02 +2.492042670e+02 +1.8732e+00 -7.3992e-01 -1.7884e+00 +8.7916e-01 +2.1351e+00
289915 +8.114748449e+00 +8.114748449e+00 +2.488247484e+02 +2.488247484e+02 +2.4505e-02 +1.2191e+00 +1.5308e+00 -1.3794e+00 -1.0680e+00
290275 +7.819438147e+00 +7.819438147e+00 +2.485294381e+02 +2.485294381e+02 +2.5788e-02 +1.2202e+00 +1.5242e+00 -1.3711e+00 -1.0647e+00
290311 +7.285077630e+00 +7.285077630e+00 +2.479950776e+02 +2.479950776e+02 +3.0732e-02 +1.2193e+00 +1.5234e+00 -1.3768e+00 -1.0598e+00
290372 +7.204033589e+00 +7.204033589e+00 +2.479140336e+02 +2.479140336e+02 +3.3040e-02 +1.2160e+00 +1.5245e+00 -1.3785e+00 -1.0627e+00
% function evaluation | noise-free fitness - Fopt (-2.707900000000e+02) | best noise-free fitness - Fopt | measured fitness | best measured fitness | x1 | x2...
1 +7.023862490e+01 +7.023862490e+01 -2.005513751e+02 -2.005513751e+02 +0.0000e+00 +0.0000e+00 +0.0000e+00 +0.0000e+00 +0.0000e+00
21 +6.754240384e+01 +6.754240384e+01 -2.032475962e+02 -2.032475962e+02 +1.3925e+00 -3.3733e-01 -8.6859e-02 +2.0521e-01 +9.0727e-01
40 +5.438046706e+01 +5.438046706e+01 -2.164095329e+02 -2.164095329e+02 +1.2917e+00 +5.8313e-01 +5.3638e-01 -2.4357e-01 +2.1616e+00
46 +4.915282458e+01 +4.915282458e+01 -2.216371754e+02 -2.216371754e+02 -3.6868e-01 -1.2038e+00 +7.5057e-01 -4.8850e-02 -1.3700e-01
63 +4.685700125e+01 +4.685700125e+01 -2.239329987e+02 -2.239329987e+02 -6.9366e-01 -3.7362e-01 +4.9047e-01 -1.0685e+00 +1.4868e+00
80 +2.793498400e+01 +2.793498400e+01 -2.428550160e+02 -2.428550160e+02 -5.0293e-01 -9.4508e-01 +1.1523e+00 -1.0634e+00 +1.1822e+00
185 +2.173977040e+01 +2.173977040e+01 -2.490502296e+02 -2.490502296e+02 +6.6644e-01 +1.8026e-01 +6.3159e-01 -2.6764e-01 +1.3021e+00
507 +1.481269669e+01 +1.481269669e+01 -2.559773033e+02 -2.559773033e+02 -1.1692e+00 +1.2807e+00 -2.1886e-01 +1.9431e+00 -1.1733e+00
1169 +1.457037394e+01 +1.457037394e+01 -2.562196261e+02 -2.562196261e+02 -2.8620e+00 +1.2344e+00 -1.4278e+00 +6.8132e-01 -2.5636e+00
65384 +1.144033498e+01 +1.144033498e+01 -2.593496650e+02 -2.593496650e+02 +1.6528e+00 -1.4657e+00 +1.5466e+00 -1.9581e+00 +1.2475e+00
65452 +9.566230498e+00 +9.566230498e+00 -2.612237695e+02 -2.612237695e+02 +1.5596e+00 -1.5098e+00 +1.0851e+00 -2.2815e+00 +5.5988e-01
66191 +9.460299401e+00 +9.460299401e+00 -2.613297006e+02 -2.613297006e+02 +1.2117e+00 -2.1570e+00 +1.3719e+00 -1.5334e+00 +1.9569e+00
66206 +9.271480271e+00 +9.271480271e+00 -2.615185197e+02 -2.615185197e+02 +1.2117e+00 -2.1588e+00 +1.3710e+00 -1.5341e+00 +1.9605e+00
66214 +9.009186717e+00 +9.009186717e+00 -2.617808133e+02 -2.617808133e+02 +1.2102e+00 -2.1601e+00 +1.3689e+00 -1.5353e+00 +1.9586e+00
66239 +8.794198101e+00 +8.794198101e+00 -2.619958019e+02 -2.619958019e+02 +1.2094e+00 -2.1675e+00 +1.3663e+00 -1.5393e+00 +1.9623e+00
66290 +8.564567640e+00 +8.564567640e+00 -2.622254324e+02 -2.622254324e+02 +1.2044e+00 -2.1652e+00 +1.3671e+00 -1.5384e+00 +1.9563e+00
66305 +8.416061989e+00 +8.416061989e+00 -2.623739380e+02 -2.623739380e+02 +1.2035e+00 -2.1646e+00 +1.3721e+00 -1.5395e+00 +1.9593e+00
66312 +8.314746766e+00 +8.314746766e+00 -2.624752532e+02 -2.624752532e+02 +1.2024e+00 -2.1650e+00 +1.3691e+00 -1.5369e+00 +1.9587e+00
66320 +8.032680086e+00 +8.032680086e+00 -2.627573199e+02 -2.627573199e+02 +1.2004e+00 -2.1670e+00 +1.3704e+00 -1.5406e+00 +1.9586e+00
66339 +7.839555389e+00 +7.839555389e+00 -2.629504446e+02 -2.629504446e+02 +1.2005e+00 -2.1689e+00 +1.3698e+00 -1.5427e+00 +1.9601e+00
66352 +7.756219767e+00 +7.756219767e+00 -2.630337802e+02 -2.630337802e+02 +1.2030e+00 -2.1710e+00 +1.3719e+00 -1.5434e+00 +1.9617e+00
66372 +7.571457456e+00 +7.571457456e+00 -2.632185425e+02 -2.632185425e+02 +1.2016e+00 -2.1726e+00 +1.3698e+00 -1.5454e+00 +1.9635e+00
66394 +7.368804415e+00 +7.368804415e+00 -2.634211956e+02 -2.634211956e+02 +1.1984e+00 -2.1766e+00 +1.3680e+00 -1.5498e+00 +1.9602e+00
66404 +7.226300638e+00 +7.226300638e+00 -2.635636994e+02 -2.635636994e+02 +1.1983e+00 -2.1777e+00 +1.3692e+00 -1.5498e+00 +1.9612e+00
66426 +6.939255996e+00 +6.939255996e+00 -2.638507440e+02 -2.638507440e+02 +1.1965e+00 -2.1827e+00 +1.3654e+00 -1.5550e+00 +1.9644e+00
66434 +6.880338195e+00 +6.880338195e+00 -2.639096618e+02 -2.639096618e+02 +1.1973e+00 -2.1828e+00 +1.3674e+00 -1.5553e+00 +1.9646e+00
66492 +6.686011960e+00 +6.686011960e+00 -2.641039880e+02 -2.641039880e+02 +1.1941e+00 -2.1839e+00 +1.3686e+00 -1.5555e+00 +1.9644e+00
66523 +6.530893474e+00 +6.530893474e+00 -2.642591065e+02 -2.642591065e+02 +1.1925e+00 -2.1873e+00 +1.3708e+00 -1.5579e+00 +1.9669e+00
66548 +6.433544171e+00 +6.433544171e+00 -2.643564558e+02 -2.643564558e+02 +1.1905e+00 -2.1893e+00 +1.3685e+00 -1.5594e+00 +1.9659e+00
66634 +6.307889924e+00 +6.307889924e+00 -2.644821101e+02 -2.644821101e+02 +1.1881e+00 -2.1933e+00 +1.3687e+00 -1.5627e+00 +1.9673e+00
% function evaluation | noise-free fitness - Fopt (2.612000000000e+01) | best noise-free fitness - Fopt | measured fitness | best measured fitness | x1 | x2...
1 +7.969886865e+01 +7.969886865e+01 +1.058188687e+02 +1.058188687e+02 +0.0000e+00 +0.0000e+00 +0.0000e+00 +0.0000e+00 +0.0000e+00
2 +6.506612748e+01 +6.506612748e+01 +9.118612748e+01 +9.118612748e+01 +8.2610e-01 -3.4302e-01 -1.1407e-01 +1.2252e+00 +3.9392e-01
5 +4.489589014e+01 +4.489589014e+01 +7.101589014e+01 +7.101589014e+01 +1.1739e+00 -2.6412e+00 -2.6662e-01 -1.4710e+00 -6.3167e-01
7 +3.280625170e+01 +3.280625170e+01 +5.892625170e+01 +5.892625170e+01 +1.4254e+00 -1.0495e+00 +6.4955e-01 -1.4663e+00 -1.7765e+00
194 +2.778632427e+01 +2.778632427e+01 +5.390632427e+01 +5.390632427e+01 +9.3019e-01 -1.9901e+00 +7.6444e-01 -8.0230e-01 -1.5030e+00
211 +2.698365536e+01 +2.698365536e+01 +5.310365536e+01 +5.310365536e+01 +2.0381e+00 -1.1444e+00 +9.1067e-01 -6.1316e-01 -1.5653e+00
274 +2.515067851e+01 +2.515067851e+01 +5.127067851e+01 +5.127067851e+01 +9.4644e-01 -9.7134e-01 +1.4985e+00 -9.1804e-01 -2.3249e+00
338 +1.960444358e+01 +1.960444358e+01 +4.572444358e+01 +4.572444358e+01 +1.9307e+00 -1.1388e+00 +1.4089e+00 -1.6116e+00 -1.0629e+00
395 +1.029281481e+01 +1.029281481e+01 +3.641281481e+01 +3.641281481e+01 +1.6229e+00 -1.7463e+00 +1.1191e+00 -1.5480e+00 -1.3041e+00
180175 +1.019808003e+01 +1.019808003e+01 +3.631808003e+01 +3.631808003e+01 -2.2596e+00 +3.1738e+00 -1.5288e+00 +1.4645e+00 +2.2764e+00
180348 +9.983216862e+00 +9.983216862e+00 +3.610321686e+01 +3.610321686e+01 -2.2544e+00 +3.1661e+00 -1.5277e+00 +1.4692e+00 +2.2718e+00
354751 +9.748858049e+00 +9.748858049e+00 +3.586885805e+01 +3.586885805e+01 -1.1521e+00 +1.8473e+00 -1.9354e+00 +2.2533e+00 +4.1263e-01
354758 +9.376352572e+00 +9.376352572e+00 +3.549635257e+01 +3.549635257e+01 -1.1541e+00 +1.8476e+00 -1.9365e+00 +2.2520e+00 +4.1358e-01
354771 +9.329929270e+00 +9.329929270e+00 +3.544992927e+01 +3.544992927e+01 -1.1544e+00 +1.8444e+00 -1.9384e+00 +2.2549e+00 +4.1556e-01
% function evaluation | noise-free fitness - Fopt (-6.252000000000e+01) | best noise-free fitness - Fopt | measured fitness | best measured fitness | x1 | x2...
1 +9.628387555e+01 +9.628387555e+01 +3.376387555e+01 +3.376387555e+01 +0.0000e+00 +0.0000e+00 +0.0000e+00 +0.0000e+00 +0.0000e+00
3 +6.724048580e+01 +6.724048580e+01 +4.720485798e+00 +4.720485798e+00 +7.9599e-01 +2.0013e-01 +1.1965e+00 -1.0432e+00 +4.4915e-01
6 +5.997924044e+01 +5.997924044e+01 -2.540759559e+00 -2.540759559e+00 +1.6890e-01 +3.9440e-01 -2.7946e-01 -6.5871e-01 +7.2644e-01
20 +4.948952350e+01 +4.948952350e+01 -1.303047650e+01 -1.303047650e+01 -1.2253e-01 -1.6303e-01 +9.5523e-01 -1.5299e+00 -1.0001e+00
29 +4.589344641e+01 +4.589344641e+01 -1.662655359e+01 -1.662655359e+01 -5.0374e-01 +6.8453e-01 +1.8748e+00 -2.6496e+00 -1.7800e+00
38 +4.085140785e+01 +4.085140785e+01 -2.166859215e+01 -2.166859215e+01 -8.8977e-01 +1.8428e+00 +3.0650e+00 -2.2582e+00 -2.6742e+00
95 +2.533933364e+01 +2.533933364e+01 -3.718066636e+01 -3.718066636e+01 -1.0174e+00 +6.9122e-01 +2.1532e+00 -4.9954e-01 -1.4777e+00
393 +2.487523899e+01 +2.487523899e+01 -3.764476101e+01 -3.764476101e+01 -1.7711e+00 -6.2502e-02 +1.9404e+00 -1.0609e+00 -1.5269e+00
447 +2.399214702e+01 +2.399214702e+01 -3.852785298e+01 -3.852785298e+01 -1.6395e+00 -1.2667e-01 +2.2107e+00 -1.3046e+00 -1.6969e+00
479 +2.158143446e+01 +2.158143446e+01 -4.093856554e+01 -4.093856554e+01 -1.7249e+00 -1.7647e-01 +2.3078e+00 -1.3303e+00 -1.6896e+00
669 +2.119087908e+01 +2.119087908e+01 -4.132912092e+01 -4.132912092e+01 -1.7891e+00 -1.2784e-01 +2.1759e+00 -1.1956e+00 -1.8093e+00
720 +1.992618993e+01 +1.992618993e+01 -4.259381007e+01 -4.259381007e+01 -1.8246e+00 -1.0627e-01 +2.1853e+00 -1.1773e+00 -1.8209e+00
721 +1.901500965e+01 +1.901500965e+01 -4.350499035e+01 -4.350499035e+01 -1.8072e+00 -1.0489e-01 +2.1959e+00 -1.1700e+00 -1.8248e+00
736 +1.825432292e+01 +1.825432292e+01 -4.426567708e+01 -4.426567708e+01 -1.8006e+00 -1.1960e-01 +2.1880e+00 -1.1732e+00 -1.8181e+00
745 +1.652656149e+01 +1.652656149e+01 -4.599343851e+01 -4.599343851e+01 -1.8095e+00 -1.0693e-01 +2.1915e+00 -1.1693e+00 -1.8207e+00
770 +1.522059059e+01 +1.522059059e+01 -4.729940941e+01 -4.729940941e+01 -1.8203e+00 -1.0982e-01 +2.1970e+00 -1.1709e+00 -1.8285e+00
813 +1.512017405e+01 +1.512017405e+01 -4.739982595e+01 -4.739982595e+01 -1.8262e+00 -1.0988e-01 +2.2007e+00 -1.1686e+00 -1.8249e+00
849 +1.458968662e+01 +1.458968662e+01 -4.793031338e+01 -4.793031338e+01 -1.8352e+00 -1.1018e-01 +2.2034e+00 -1.1706e+00 -1.8321e+00
876 +1.440139551e+01 +1.440139551e+01 -4.811860449e+01 -4.811860449e+01 -1.8397e+00 -1.0947e-01 +2.2039e+00 -1.1728e+00 -1.8352e+00
973 +1.411822252e+01 +1.411822252e+01 -4.840177748e+01 -4.840177748e+01 -1.8440e+00 -1.1274e-01 +2.2045e+00 -1.1794e+00 -1.8437e+00
58996 +1.340244500e+01 +1.340244500e+01 -4.911755500e+01 -4.911755500e+01 +6.6624e-01 -2.1038e+00 -1.2701e+00 +1.6428e+00 +1.9372e+00
59067 +1.297119740e+01 +1.297119740e+01 -4.954880260e+01 -4.954880260e+01 +6.6205e-01 -2.1051e+00 -1.2625e+00 +1.6378e+00 +1.9248e+00
59070 +1.150297195e+01 +1.150297195e+01 -5.101702805e+01 -5.101702805e+01 +6.7190e-01 -2.1072e+00 -1.2670e+00 +1.6347e+00 +1.9232e+00
59074 +1.115498992e+01 +1.115498992e+01 -5.136501008e+01 -5.136501008e+01 +6.6949e-01 -2.1011e+00 -1.2690e+00 +1.6292e+00 +1.9213e+00
59080 +1.046175457e+01 +1.046175457e+01 -5.205824543e+01 -5.205824543e+01 +6.6578e-01 -2.1048e+00 -1.2675e+00 +1.6315e+00 +1.9166e+00
59084 +1.006063666e+01 +1.006063666e+01 -5.245936334e+01 -5.245936334e+01 +6.6665e-01 -2.1015e+00 -1.2700e+00 +1.6290e+00 +1.9161e+00
59089 +9.704599509e+00 +9.704599509e+00 -5.281540049e+01 -5.281540049e+01 +6.7440e-01 -2.1056e+00 -1.2738e+00 +1.6318e+00 +1.9169e+00
59101 +9.198935077e+00 +9.198935077e+00 -5.332106492e+01 -5.332106492e+01 +6.7354e-01 -2.1012e+00 -1.2708e+00 +1.6349e+00 +1.9179e+00
59108 +9.023444983e+00 +9.023444983e+00 -5.349655502e+01 -5.349655502e+01 +6.8195e-01 -2.0972e+00 -1.2753e+00 +1.6345e+00 +1.9178e+00
59181 +8.457249306e+00 +8.457249306e+00 -5.406275069e+01 -5.406275069e+01 +6.8114e-01 -2.0848e+00 -1.2715e+00 +1.6603e+00 +1.9253e+00
59203 +8.082750917e+00 +8.082750917e+00 -5.443724908e+01 -5.443724908e+01 +6.9040e-01 -2.0867e+00 -1.2759e+00 +1.6612e+00 +1.9377e+00
59239 +7.828335580e+00 +7.828335580e+00 -5.469166442e+01 -5.469166442e+01 +6.9394e-01 -2.0870e+00 -1.2780e+00 +1.6603e+00 +1.9334e+00
59251 +7.718360511e+00 +7.718360511e+00 -5.480163949e+01 -5.480163949e+01 +6.9514e-01 -2.0867e+00 -1.2793e+00 +1.6591e+00 +1.9342e+00
59362 +7.581250527e+00 +7.581250527e+00 -5.493874947e+01 -5.493874947e+01 +6.9589e-01 -2.0887e+00 -1.2798e+00 +1.6544e+00 +1.9331e+00
% function evaluation | noise-free fitness - Fopt (-2.438600000000e+02) | best noise-free fitness - Fopt | measured fitness | best measured fitness | x1 | x2...
1 +6.214432870e+01 +6.214432870e+01 -1.817156713e+02 -1.817156713e+02 +0.0000e+00 +0.0000e+00 +0.0000e+00 +0.0000e+00 +0.0000e+00
8 +5.684933123e+01 +5.684933123e+01 -1.870106688e+02 -1.870106688e+02 -8.5034e-01 +3.2075e-01 +8.7068e-01 -1.8276e+00 -2.4024e-01
9 +4.157283586e+01 +4.157283586e+01 -2.022871641e+02 -2.022871641e+02 -1.2312e-01 -2.1309e-01 -2.0191e+00 +1.3593e+00 -2.2427e+00
32 +4.033495140e+01 +4.033495140e+01 -2.035250486e+02 -2.035250486e+02 +4.2777e+00 -2.3685e+00 -4.0456e+00 +1.4653e+00 -1.2420e+00
37 +3.599653214e+01 +3.599653214e+01 -2.078634679e+02 -2.078634679e+02 +8.2702e-01 -2.1928e+00 -3.0118e+00 +1.5155e+00 -2.7875e+00
53 +2.234878024e+01 +2.234878024e+01 -2.215112198e+02 -2.215112198e+02 +1.2134e+00 -2.4151e+00 -3.5827e+00 +1.2795e+00 -2.4082e+00
86 +2.085911163e+01 +2.085911163e+01 -2.230008884e+02 -2.230008884e+02 +1.4053e+00 -2.1092e+00 -2.8463e+00 +8.0927e-01 -1.2467e+00
806 +1.718193397e+01 +1.718193397e+01 -2.266780660e+02 -2.266780660e+02 +2.6114e+00 -1.2561e+00 -1.6950e+00 +8.0773e-01 -2.3129e+00
2256 +1.539552851e+01 +1.539552851e+01 -2.284644715e+02 -2.284644715e+02 +1.9928e+00 -1.6833e+00 -1.8746e+00 +1.4393e+00 -1.1756e+00
2366 +1.177339572e+01 +1.177339572e+01 -2.320866043e+02 -2.320866043e+02 +2.1566e+00 -1.6756e+00 -1.8329e+00 +1.5357e+00 -7.9862e-01
2381 +1.122114020e+01 +1.122114020e+01 -2.326388598e+02 -2.326388598e+02 +2.1514e+00 -1.6553e+00 -1.8262e+00 +1.5264e+00 -7.8446e-01
2412 +1.111137023e+01 +1.111137023e+01 -2.327486298e+02 -2.327486298e+02 +2.1665e+00 -1.6507e+00 -1.8291e+00 +1.5000e+00 -7.8865e-01
2417 +9.043765084e+00 +9.043765084e+00 -2.348162349e+02 -2.348162349e+02 +2.1653e+00 -1.6591e+00 -1.8557e+00 +1.5109e+00 -8.1446e-01
2422 +8.437816080e+00 +8.437816080e+00 -2.354221839e+02 -2.354221839e+02 +2.1759e+00 -1.6728e+00 -1.8624e+00 +1.5058e+00 -8.0914e-01
2439 +7.278468756e+00 +7.278468756e+00 -2.365815312e+02 -2.365815312e+02 +2.1674e+00 -1.6548e+00 -1.8508e+00 +1.5024e+00 -8.0484e-01
2465 +7.157295969e+00 +7.157295969e+00 -2.367027040e+02 -2.367027040e+02 +2.1562e+00 -1.6463e+00 -1.8373e+00 +1.5041e+00 -8.0478e-01
2652 +7.079121202e+00 +7.079121202e+00 -2.367808788e+02 -2.367808788e+02 +2.1656e+00 -1.6539e+00 -1.8470e+00 +1.5016e+00 -8.0805e-01
% function evaluation | noise-free fitness - Fopt (-9.475000000000e+02) | best noise-free fitness - Fopt | measured fitness | best measured fitness | x1 | x2...
1 +9.621206697e+01 +9.621206697e+01 -8.512879330e+02 -8.512879330e+02 +0.0000e+00 +0.0000e+00 +0.0000e+00 +0.0000e+00 +0.0000e+00
5 +6.905177524e+01 +6.905177524e+01 -8.784482248e+02 -8.784482248e+02 +1.3557e+00 +9.9565e-01 -1.0323e+00 +1.1687e+00 +1.5742e-01
43 +6.026797154e+01 +6.026797154e+01 -8.872320285e+02 -8.872320285e+02 -1.9124e-01 +8.2936e-01 -4.5139e-01 -2.0313e+00 +2.1718e+00
54 +5.629201074e+01 +5.629201074e+01 -8.912079893e+02 -8.912079893e+02 -8.0501e-01 +1.8068e+00 -1.2153e+00 -2.2431e+00 +2.0350e+00
57 +5.583086944e+01 +5.583086944e+01 -8.916691306e+02 -8.916691306e+02 +1.2695e+00 +3.4504e-01 +1.3649e-01 -2.6564e+00 +2.0491e+00
62 +5.282265407e+01 +5.282265407e+01 -8.946773459e+02 -8.946773459e+02 -9.6439e-03 +1.5849e+00 -5.7047e-01 -2.4376e+00 +2.2435e+00
71 +4.910394005e+01 +4.910394005e+01 -8.983960599e+02 -8.983960599e+02 +1.4595e-01 +6.8810e-01 -1.9555e-01 -2.4346e+00 +2.3329e+00
74 +3.380599951e+01 +3.380599951e+01 -9.136940005e+02 -9.136940005e+02 +4.4944e-02 +2.2535e-01 -6.4732e-01 -2.4506e+00 +2.0847e+00
80 +2.904006328e+01 +2.904006328e+01 -9.184599367e+02 -9.184599367e+02 -7.3791e-01 +8.7569e-01 -1.6917e-01 -2.0278e+00 +2.2459e+00
130 +2.489537124e+01 +2.489537124e+01 -9.226046288e+02 -9.226046288e+02 -1.0556e+00 +1.0123e+00 -5.6315e-01 -1.5998e+00 +2.8164e+00
155 +2.269953780e+01 +2.269953780e+01 -9.248004622e+02 -9.248004622e+02 -1.6603e+00 +6.2993e-01 -4.7118e-01 -1.3510e+00 +2.5844e+00
308 +1.867009435e+01 +1.867009435e+01 -9.288299057e+02 -9.288299057e+02 -2.0466e+00 +1.8655e+00 -5.0887e-01 -2.5042e+00 +2.0373e+00
552 +1.674782145e+01 +1.674782145e+01 -9.307521786e+02 -9.307521786e+02 -1.8274e+00 +2.0087e+00 -6.2797e-01 -2.5949e+00 +2.0683e+00
564 +1.646795542e+01 +1.646795542e+01 -9.310320446e+02 -9.310320446e+02 -1.8374e+00 +1.9998e+00 -6.3724e-01 -2.5928e+00 +2.0524e+00
573 +1.142934376e+01 +1.142934376e+01 -9.360706562e+02 -9.360706562e+02 -1.8284e+00 +2.0083e+00 -6.1824e-01 -2.6141e+00 +2.0642e+00
628 +1.045038168e+01 +1.045038168e+01 -9.370496183e+02 -9.370496183e+02 -1.8264e+00 +2.0078e+00 -6.1789e-01 -2.6133e+00 +2.0625e+00
642 +1.012826772e+01 +1.012826772e+01 -9.373717323e+02 -9.373717323e+02 -1.8264e+00 +2.0103e+00 -6.0913e-01 -2.6190e+00 +2.0638e+00
661 +9.927436385e+00 +9.927436385e+00 -9.375725636e+02 -9.375725636e+02 -1.8380e+00 +2.0176e+00 -6.0345e-01 -2.6103e+00 +2.0604e+00
664 +9.634755457e+00 +9.634755457e+00 -9.378652445e+02 -9.378652445e+02 -1.8407e+00 +2.0222e+00 -5.9684e-01 -2.6136e+00 +2.0620e+00
673 +9.293885753e+00 +9.293885753e+00 -9.382061142e+02 -9.382061142e+02 -1.8392e+00 +2.0220e+00 -5.9947e-01 -2.6201e+00 +2.0596e+00
891 +9.120003158e+00 +9.120003158e+00 -9.383799968e+02 -9.383799968e+02 -1.8425e+00 +2.0244e+00 -5.9504e-01 -2.6254e+00 +2.0600e+00
357816 +7.869937318e+00 +7.869937318e+00 -9.396300627e+02 -9.396300627e+02 -2.0485e+00 +2.1712e+00 -1.5342e+00 -2.1219e+00 +1.6200e+00
357872 +7.502509391e+00 +7.502509391e+00 -9.399974906e+02 -9.399974906e+02 -2.0242e+00 +2.1677e+00 -1.5343e+00 -2.1243e+00 +1.6273e+00
357880 +7.345795244e+00 +7.345795244e+00 -9.401542048e+02 -9.401542048e+02 -2.0275e+00 +2.1585e+00 -1.5402e+00 -2.1213e+00 +1.6271e+00
357887 +7.154031823e+00 +7.154031823e+00 -9.403459682e+02 -9.403459682e+02 -2.0237e+00 +2.1639e+00 -1.5397e+00 -2.1200e+00 +1.6245e+00
357892 +6.559194798e+00 +6.559194798e+00 -9.409408052e+02 -9.409408052e+02 -2.0233e+00 +2.1619e+00 -1.5417e+00 -2.1135e+00 +1.6278e+00
357905 +6.279567162e+00 +6.279567162e+00 -9.412204328e+02 -9.412204328e+02 -2.0275e+00 +2.1565e+00 -1.5506e+00 -2.1083e+00 +1.6280e+00
357946 +5.969495834e+00 +5.969495834e+00 -9.415305042e+02 -9.415305042e+02 -2.0212e+00 +2.1543e+00 -1.5564e+00 -2.1059e+00 +1.6274e+00
358008 +5.882551630e+00 +5.882551630e+00 -9.416174484e+02 -9.416174484e+02 -2.0153e+00 +2.1509e+00 -1.5610e+00 -2.1053e+00 +1.6267e+00
