% function evaluation | noise-free fitness - Fopt (-2.098800000000e+02) | best noise-free fitness - Fopt | measured fitness | best measured fitness | x1 | x2...
1 +1.254483477e+07 +1.254483477e+07 +1.254462489e+07 +1.254462489e+07 +0.0000e+00 +0.0000e+00 +0.0000e+00
4 +4.292516323e+06 +4.292516323e+06 +4.292306443e+06 +4.292306443e+06 -8.5081e-01 -1.4599e+00 +1.4855e+00
7 +3.827895221e+06 +3.827895221e+06 +3.827685341e+06 +3.827685341e+06 -1.3806e+00 -5.6682e-01 +1.6462e+00
8 +1.413803072e+06 +1.413803072e+06 +1.413593192e+06 +1.413593192e+06 +1.5761e+00 +7.1336e-02 +2.4225e+00
13 +1.230585357e+05 +1.230585357e+05 +1.228486557e+05 +1.228486557e+05 +9.6560e-01 +1.0447e+00 +3.9055e+00
15 +1.087274947e+05 +1.087274947e+05 +1.085176147e+05 +1.085176147e+05 +1.4853e-01 -1.8693e+00 +3.2382e+00
42 +5.794070575e+03 +5.794070575e+03 +5.584190575e+03 +5.584190575e+03 -1.4964e+00 -6.7171e-01 +3.4814e+00
131 +4.047182860e+03 +4.047182860e+03 +3.837302860e+03 +3.837302860e+03 -6.1797e+00 +6.0542e-01 +3.4858e+00
160 +3.983013311e+02 +3.983013311e+02 +1.884213311e+02 +1.884213311e+02 -5.8050e+00 -1.4545e-01 +3.5612e+00
509 +7.802910434e+01 +7.802910434e+01 -1.318508957e+02 -1.318508957e+02 -4.2488e+00 +2.8436e-01 +3.5503e+00
593 +3.716370083e+01 +3.716370083e+01 -1.727162992e+02 -1.727162992e+02 -1.5836e+00 +6.2068e-01 +3.5542e+00
596 +3.080543545e+01 +3.080543545e+01 -1.790745646e+02 -1.790745646e+02 -4.2498e+00 +4.7888e-01 +3.5529e+00
810 +1.808512322e+01 +1.808512322e+01 -1.917948768e+02 -1.917948768e+02 -1.9060e+00 +3.5698e-01 +3.5557e+00
1320 +6.656219789e+00 +6.656219789e+00 -2.032237802e+02 -2.032237802e+02 -1.1162e+00 +4.7742e-01 +3.5536e+00
1325 +4.534947209e+00 +4.534947209e+00 -2.053450528e+02 -2.053450528e+02 -6.3162e-01 +4.2753e-01 +3.5551e+00
1334 +3.317431913e+00 +3.317431913e+00 -2.065625681e+02 -2.065625681e+02 +1.0464e+00 +4.5311e-01 +3.5525e+00
1470 +3.121612976e+00 +3.121612976e+00 -2.067583870e+02 -2.067583870e+02 +2.5743e-01 +4.0523e-01 +3.5540e+00
1496 +1.140250083e+00 +1.140250083e+00 -2.087397499e+02 -2.087397499e+02 +4.8517e-01 +4.2291e-01 +3.5541e+00
1545 +1.036975440e+00 +1.036975440e+00 -2.088430246e+02 -2.088430246e+02 +9.0957e-01 +4.6118e-01 +3.5553e+00
1570 +4.462049401e-01 +4.462049401e-01 -2.094337951e+02 -2.094337951e+02 +1.7543e+00 +4.5328e-01 +3.5541e+00
1573 +3.025331392e-01 +3.025331392e-01 -2.095774669e+02 -2.095774669e+02 +1.5205e+00 +4.4235e-01 +3.5540e+00
1811 +7.611860295e-02 +7.611860295e-02 -2.098038814e+02 -2.098038814e+02 +1.0908e+00 +4.4472e-01 +3.5546e+00
1875 +5.714103311e-02 +5.714103311e-02 -2.098228590e+02 -2.098228590e+02 +1.1901e+00 +4.5419e-01 +3.5543e+00
1894 +1.913241252e-02 +1.913241252e-02 -2.098608676e+02 -2.098608676e+02 +1.3270e+00 +4.4812e-01 +3.5543e+00
2205 +1.801935561e-02 +1.801935561e-02 -2.098619806e+02 -2.098619806e+02 +1.2610e+00 +4.4906e-01 +3.5545e+00
2219 +1.119827836e-02 +1.119827836e-02 -2.098688017e+02 -2.098688017e+02 +1.2958e+00 +4.4647e-01 +3.5544e+00
2279 +9.643317828e-03 +9.643317828e-03 -2.098703567e+02 -2.098703567e+02 +1.2683e+00 +4.4846e-01 +3.5543e+00
2302 +7.796513774e-03 +7.796513774e-03 -2.098722035e+02 -2.098722035e+02 +1.2044e+00 +4.4519e-01 +3.5544e+00
2658 +4.186418366e-03 +4.186418366e-03 -2.098758136e+02 -2.098758136e+02 +1.1808e+00 +4.4799e-01 +3.5543e+00
2720 +3.336197423e-03 +3.336197423e-03 -2.098766638e+02 -2.098766638e+02 +1.1905e+00 +4.4977e-01 +3.5544e+00
2746 +2.343339311e-03 +2.343339311e-03 -2.098776567e+02 -2.098776567e+02 +1.1684e+00 +4.4865e-01 +3.5544e+00
2829 +1.301541251e-03 +1.301541251e-03 -2.098786985e+02 -2.098786985e+02 +1.2103e+00 +4.4874e-01 +3.5544e+00
2877 +1.050763157e-03 +1.050763157e-03 -2.098789492e+02 -2.098789492e+02 +1.1802e+00 +4.4848e-01 +3.5544e+00
2882 +4.459400626e-04 +4.459400626e-04 -2.098795541e+02 -2.098795541e+02 +1.2155e+00 +4.4844e-01 +3.5544e+00
2972 +2.422825406e-04 +2.422825406e-04 -2.098797577e+02 -2.098797577e+02 +1.2126e+00 +4.4834e-01 +3.5544e+00
3103 +1.516347103e-04 +1.516347103e-04 -2.098798484e+02 -2.098798484e+02 +1.2036e+00 +4.4765e-01 +3.5544e+00
3139 +2.023937739e-05 +2.023937739e-05 -2.098799798e+02 -2.098799798e+02 +1.2086e+00 +4.4809e-01 +3.5544e+00
3656 +8.040787463e-06 +8.040787463e-06 -2.098799920e+02 -2.098799920e+02 +1.2060e+00 +4.4808e-01 +3.5544e+00
3814 +5.618376804e-06 +5.618376804e-06 -2.098799944e+02 -2.098799944e+02 +1.2059e+00 +4.4797e-01 +3.5544e+00
3827 +2.629771444e-06 +2.629771444e-06 -2.098799974e+02 -2.098799974e+02 +1.2071e+00 +4.4797e-01 +3.5544e+00
4077 +2.221691119e-06 +2.221691119e-06 -2.098799978e+02 -2.098799978e+02 +1.2066e+00 +4.4804e-01 +3.5544e+00
4171 +9.704404818e-07 +9.704404818e-07 -2.098799990e+02 -2.098799990e+02 +1.2076e+00 +4.4800e-01 +3.5544e+00
4431 +5.220981905e-07 +5.220981905e-07 -2.098799995e+02 -2.098799995e+02 +1.2078e+00 +4.4800e-01 +3.5544e+00
4469 +4.124389648e-07 +4.124389648e-07 -2.098799996e+02 -2.098799996e+02 +1.2068e+00 +4.4801e-01 +3.5544e+00
4476 +3.251190037e-07 +3.251190037e-07 -2.098799997e+02 -2.098799997e+02 +1.2076e+00 +4.4799e-01 +3.5544e+00
4539 +2.014511438e-07 +2.014511438e-07 -2.098799998e+02 -2.098799998e+02 +1.2073e+00 +4.4801e-01 +3.5544e+00
4605 +1.519399291e-07 +1.519399291e-07 -2.098799998e+02 -2.098799998e+02 +1.2073e+00 +4.4799e-01 +3.5544e+00
4664 +1.341757923e-07 +1.341757923e-07 -2.098799999e+02 -2.098799999e+02 +1.2072e+00 +4.4801e-01 +3.5544e+00
4687 +4.320418157e-08 +4.320418157e-08 -2.098800000e+02 -2.098800000e+02 +1.2071e+00 +4.4800e-01 +3.5544e+00
5332 +3.940147053e-08 +3.940147053e-08 -2.098800000e+02 -2.098800000e+02 +1.2072e+00 +4.4800e-01 +3.5544e+00
5430 +3.588965569e-08 +3.588965569e-08 -2.098800000e+02 -2.098800000e+02 +1.2072e+00 +4.4800e-01 +3.5544e+00
5456 +2.406292765e-08 +2.406292765e-08 -2.098800000e+02 -2.098800000e+02 +1.2072e+00 +4.4800e-01 +3.5544e+00
5468 +6.510191497e-09 +6.510191497e-09 -2.098800000e+02 -2.098800000e+02 +1.2072e+00 +4.4800e-01 +3.5544e+00
8391 +0.000000000e+00 +0.000000000e+00 -2.098800000e+02 -2.098800000e+02 +1.2072e+00 +4.4800e-01 +3.5544e+00
% function evaluation | noise-free fitness - Fopt (-9.209000000000e+01) | best noise-free fitness - Fopt | measured fitness | best measured fitness | x1 | x2...
1 +1.346713392e+04 +1.346713392e+04 +1.337504392e+04 +1.337504392e+04 +0.0000e+00 +0.0000e+00 +0.0000e+00
56 +1.260488978e+04 +1.260488978e+04 +1.251279978e+04 +1.251279978e+04 +3.2934e+00 -9.0140e-01 +1.0842e-01
112 +1.135451618e+04 +1.135451618e+04 +1.126242618e+04 +1.126242618e+04 +4.1021e+00 -7.0501e-01 +6.7305e-02
114 +7.302065532e+03 +7.302065532e+03 +7.209975532e+03 +7.209975532e+03 +3.6434e+00 +1.8864e-01 +5.1768e-02
148 +7.231069307e+03 +7.231069307e+03 +7.138979307e+03 +7.138979307e+03 +6.0458e+00 +1.0756e+00 +1.7554e-02
212 +6.797131480e+03 +6.797131480e+03 +6.705041480e+03 +6.705041480e+03 +3.1291e+00 +5.0099e-01 +4.4466e-02
257 +4.545005721e+03 +4.545005721e+03 +4.452915721e+03 +4.452915721e+03 +4.1546e+00 +1.0291e+00 +5.3204e-02
259 +1.799918986e+03 +1.799918986e+03 +1.707828986e+03 +1.707828986e+03 +6.4326e+00 +2.1016e+00 +5.4013e-02
278 +5.879074377e+02 +5.879074377e+02 +4.958174377e+02 +4.958174377e+02 +5.9932e+00 +1.8224e+00 +9.4094e-02
290 +2.839435355e+02 +2.839435355e+02 +1.918535355e+02 +1.918535355e+02 +6.9157e+00 +2.6430e+00 +1.0635e-01
319 +1.538979178e+02 +1.538979178e+02 +6.180791777e+01 +6.180791777e+01 +6.2261e+00 +2.9298e+00 +8.5972e-02
551 +6.210147207e+01 +6.210147207e+01 -2.998852793e+01 -2.998852793e+01 +3.8596e+00 +2.6058e+00 +9.7673e-02
714 +3.480109562e+01 +3.480109562e+01 -5.728890438e+01 -5.728890438e+01 +3.2853e+00 +2.6879e+00 +9.4931e-02
723 +2.149121920e+01 +2.149121920e+01 -7.059878080e+01 -7.059878080e+01 +1.9035e+00 +2.6291e+00 +9.4518e-02
745 +6.515391221e+00 +6.515391221e+00 -8.557460878e+01 -8.557460878e+01 +1.1700e+00 +2.5396e+00 +9.1281e-02
851 +5.777319561e+00 +5.777319561e+00 -8.631268044e+01 -8.631268044e+01 -1.6911e-01 +2.6765e+00 +8.9144e-02
899 +5.252005155e+00 +5.252005155e+00 -8.683799484e+01 -8.683799484e+01 +2.2807e+00 +2.5656e+00 +9.0102e-02
938 +1.342549142e+00 +1.342549142e+00 -9.074745086e+01 -9.074745086e+01 +1.1024e+00 +2.6199e+00 +8.9276e-02
1229 +1.284525996e+00 +1.284525996e+00 -9.080547400e+01 -9.080547400e+01 +1.6934e+00 +2.6022e+00 +9.0253e-02
1241 +7.834097998e-01 +7.834097998e-01 -9.130659020e+01 -9.130659020e+01 +1.2884e+00 +2.6192e+00 +9.1043e-02
1557 +2.323090050e-01 +2.323090050e-01 -9.185769099e+01 -9.185769099e+01 +5.6711e-01 +2.6084e+00 +9.0239e-02
1751 +1.614375235e-01 +1.614375235e-01 -9.192856248e+01 -9.192856248e+01 +1.0968e+00 +2.6251e+00 +9.0545e-02
1786 +1.096554743e-01 +1.096554743e-01 -9.198034453e+01 -9.198034453e+01 +6.1231e-01 +2.6245e+00 +9.0704e-02
1989 +5.756942416e-02 +5.756942416e-02 -9.203243058e+01 -9.203243058e+01 +8.4312e-01 +2.6165e+00 +9.0285e-02
2074 +4.496888510e-02 +4.496888510e-02 -9.204503111e+01 -9.204503111e+01 +5.9556e-01 +2.6203e+00 +9.0242e-02
2146 +2.004533691e-03 +2.004533691e-03 -9.208799547e+01 -9.208799547e+01 +7.3345e-01 +2.6228e+00 +9.0419e-02
2355 +5.489977449e-04 +5.489977449e-04 -9.208945100e+01 -9.208945100e+01 +7.1571e-01 +2.6218e+00 +9.0421e-02
2768 +1.771277527e-04 +1.771277527e-04 -9.208982287e+01 -9.208982287e+01 +7.3494e-01 +2.6213e+00 +9.0396e-02
2942 +1.061768116e-04 +1.061768116e-04 -9.208989382e+01 -9.208989382e+01 +7.2073e-01 +2.6217e+00 +9.0392e-02
2947 +9.265700632e-05 +9.265700632e-05 -9.208990734e+01 -9.208990734e+01 +7.3213e-01 +2.6218e+00 +9.0398e-02
3347 +6.328020574e-05 +6.328020574e-05 -9.208993672e+01 -9.208993672e+01 +7.3144e-01 +2.6217e+00 +9.0404e-02
3440 +9.334824611e-06 +9.334824611e-06 -9.208999067e+01 -9.208999067e+01 +7.2663e-01 +2.6217e+00 +9.0402e-02
3790 +7.476159894e-06 +7.476159894e-06 -9.208999252e+01 -9.208999252e+01 +7.2385e-01 +2.6216e+00 +9.0402e-02
3824 +2.248139197e-06 +2.248139197e-06 -9.208999775e+01 -9.208999775e+01 +7.2721e-01 +2.6216e+00 +9.0400e-02
4314 +8.356304448e-07 +8.356304448e-07 -9.208999916e+01 -9.208999916e+01 +7.2628e-01 +2.6216e+00 +9.0400e-02
4559 +4.451704427e-07 +4.451704427e-07 -9.208999955e+01 -9.208999955e+01 +7.2585e-01 +2.6216e+00 +9.0400e-02
4560 +2.292177186e-07 +2.292177186e-07 -9.208999977e+01 -9.208999977e+01 +7.2603e-01 +2.6216e+00 +9.0400e-02
4863 +2.212417769e-07 +2.212417769e-07 -9.208999978e+01 -9.208999978e+01 +7.2524e-01 +2.6216e+00 +9.0400e-02
4884 +2.133515977e-07 +2.133515977e-07 -9.208999979e+01 -9.208999979e+01 +7.2564e-01 +2.6216e+00 +9.0400e-02
4914 +1.918500629e-07 +1.918500629e-07 -9.208999981e+01 -9.208999981e+01 +7.2588e-01 +2.6216e+00 +9.0400e-02
4957 +1.220024899e-07 +1.220024899e-07 -9.208999988e+01 -9.208999988e+01 +7.2578e-01 +2.6216e+00 +9.0400e-02
5002 +5.989014085e-08 +5.989014085e-08 -9.208999994e+01 -9.208999994e+01 +7.2562e-01 +2.6216e+00 +9.0400e-02
5133 +8.659654327e-09 +8.659654327e-09 -9.208999999e+01 -9.208999999e+01 +7.2552e-01 +2.6216e+00 +9.0400e-02
8960 +0.000000000e+00 +0.000000000e+00 -9.209000000e+01 -9.209000000e+01 +7.2560e-01 +2.6216e+00 +9.0400e-02
% function evaluation | noise-free fitness - Fopt (-8.789000000000e+01) | best noise-free fitness - Fopt | measured fitness | best measured fitness | x1 | x2...
1 +1.835926024e+06 +1.835926024e+06 +1.835838134e+06 +1.835838134e+06 +0.0000e+00 +0.0000e+00 +0.0000e+00
4 +6.714498797e+02 +6.714498797e+02 +5.835598797e+02 +5.835598797e+02 +1.2698e+00 +3.8443e+00 +1.2244e+00
9 +4.607879416e+02 +4.607879416e+02 +3.728979416e+02 +3.728979416e+02 +6.9214e-01 +2.9373e+00 +1.2429e+00
29 +3.845820122e+02 +3.845820122e+02 +2.966920122e+02 +2.966920122e+02 +1.0176e+00 +3.2591e+00 +1.2646e+00
125 +4.671011738e+01 +4.671011738e+01 -4.117988262e+01 -4.117988262e+01 +1.8763e+00 +3.4664e+00 +1.2529e+00
504 +2.002134130e+01 +2.002134130e+01 -6.786865870e+01 -6.786865870e+01 +3.8589e+00 +3.6200e+00 +1.2524e+00
733 +1.687157776e+01 +1.687157776e+01 -7.101842224e+01 -7.101842224e+01 +1.0574e+00 +3.5226e+00 +1.2500e+00
746 +3.154247934e+00 +3.154247934e+00 -8.473575207e+01 -8.473575207e+01 -6.6241e-01 +3.6221e+00 +1.2482e+00
860 +2.318472782e+00 +2.318472782e+00 -8.557152722e+01 -8.557152722e+01 -7.3475e-01 +3.6803e+00 +1.2490e+00
917 +2.113142428e+00 +2.113142428e+00 -8.577685757e+01 -8.577685757e+01 +2.9722e-02 +3.6524e+00 +1.2511e+00
929 +8.153148373e-01 +8.153148373e-01 -8.707468516e+01 -8.707468516e+01 +7.5072e-01 +3.6395e+00 +1.2489e+00
1257 +3.855569918e-01 +3.855569918e-01 -8.750444301e+01 -8.750444301e+01 +6.5145e-01 +3.6589e+00 +1.2498e+00
1358 +1.670446642e-01 +1.670446642e-01 -8.772295534e+01 -8.772295534e+01 +4.8376e-01 +3.6527e+00 +1.2499e+00
1532 +8.475298845e-02 +8.475298845e-02 -8.780524701e+01 -8.780524701e+01 +2.7223e-01 +3.6378e+00 +1.2498e+00
1638 +6.085137291e-02 +6.085137291e-02 -8.782914863e+01 -8.782914863e+01 +9.4448e-02 +3.6432e+00 +1.2498e+00
1643 +2.767198411e-02 +2.767198411e-02 -8.786232802e+01 -8.786232802e+01 +8.6054e-02 +3.6449e+00 +1.2496e+00
1741 +2.275011258e-02 +2.275011258e-02 -8.786724989e+01 -8.786724989e+01 +1.6414e-01 +3.6447e+00 +1.2495e+00
1774 +1.353679993e-02 +1.353679993e-02 -8.787646320e+01 -8.787646320e+01 +2.3764e-01 +3.6471e+00 +1.2497e+00
2070 +7.201256250e-03 +7.201256250e-03 -8.788279874e+01 -8.788279874e+01 +2.4037e-01 +3.6484e+00 +1.2496e+00
2078 +7.058228306e-03 +7.058228306e-03 -8.788294177e+01 -8.788294177e+01 +2.5410e-01 +3.6480e+00 +1.2496e+00
2267 +5.321933340e-03 +5.321933340e-03 -8.788467807e+01 -8.788467807e+01 +1.7534e-01 +3.6458e+00 +1.2496e+00
2361 +2.705239475e-03 +2.705239475e-03 -8.788729476e+01 -8.788729476e+01 +2.2628e-01 +3.6458e+00 +1.2496e+00
2465 +2.349705444e-03 +2.349705444e-03 -8.788765029e+01 -8.788765029e+01 +2.2491e-01 +3.6460e+00 +1.2496e+00
2641 +1.654461988e-03 +1.654461988e-03 -8.788834554e+01 -8.788834554e+01 +2.7795e-01 +3.6451e+00 +1.2496e+00
2714 +7.175630019e-04 +7.175630019e-04 -8.788928244e+01 -8.788928244e+01 +2.2948e-01 +3.6456e+00 +1.2496e+00
2735 +2.886437499e-04 +2.886437499e-04 -8.788971136e+01 -8.788971136e+01 +2.5189e-01 +3.6453e+00 +1.2496e+00
3036 +7.595317135e-05 +7.595317135e-05 -8.788992405e+01 -8.788992405e+01 +2.4749e-01 +3.6456e+00 +1.2496e+00
3039 +6.864527124e-05 +6.864527124e-05 -8.788993135e+01 -8.788993135e+01 +2.4363e-01 +3.6454e+00 +1.2496e+00
3355 +6.256202717e-05 +6.256202717e-05 -8.788993744e+01 -8.788993744e+01 +2.3630e-01 +3.6455e+00 +1.2496e+00
3383 +3.862842100e-05 +3.862842100e-05 -8.788996137e+01 -8.788996137e+01 +2.4537e-01 +3.6456e+00 +1.2496e+00
3653 +2.211705863e-05 +2.211705863e-05 -8.788997788e+01 -8.788997788e+01 +2.3534e-01 +3.6456e+00 +1.2496e+00
3733 +1.872748405e-05 +1.872748405e-05 -8.788998127e+01 -8.788998127e+01 +2.4160e-01 +3.6457e+00 +1.2496e+00
3759 +1.716923239e-05 +1.716923239e-05 -8.788998283e+01 -8.788998283e+01 +2.3936e-01 +3.6455e+00 +1.2496e+00
3771 +1.163435027e-05 +1.163435027e-05 -8.788998837e+01 -8.788998837e+01 +2.3724e-01 +3.6456e+00 +1.2496e+00
3783 +8.961722330e-06 +8.961722330e-06 -8.788999104e+01 -8.788999104e+01 +2.3628e-01 +3.6456e+00 +1.2496e+00
3786 +6.734521961e-06 +6.734521961e-06 -8.788999327e+01 -8.788999327e+01 +2.4025e-01 +3.6456e+00 +1.2496e+00
3817 +4.905829442e-06 +4.905829442e-06 -8.788999509e+01 -8.788999509e+01 +2.4022e-01 +3.6456e+00 +1.2496e+00
3982 +1.344925622e-06 +1.344925622e-06 -8.788999866e+01 -8.788999866e+01 +2.3950e-01 +3.6456e+00 +1.2496e+00
4154 +5.049273000e-07 +5.049273000e-07 -8.788999950e+01 -8.788999950e+01 +2.3878e-01 +3.6456e+00 +1.2496e+00
4290 +2.173503759e-07 +2.173503759e-07 -8.788999978e+01 -8.788999978e+01 +2.3885e-01 +3.6456e+00 +1.2496e+00
4362 +2.007376025e-07 +2.007376025e-07 -8.788999980e+01 -8.788999980e+01 +2.3896e-01 +3.6456e+00 +1.2496e+00
4394 +4.261696063e-08 +4.261696063e-08 -8.788999996e+01 -8.788999996e+01 +2.3924e-01 +3.6456e+00 +1.2496e+00
4678 +2.417468181e-08 +2.417468181e-08 -8.788999998e+01 -8.788999998e+01 +2.3909e-01 +3.6456e+00 +1.2496e+00
5034 +1.221332013e-08 +1.221332013e-08 -8.788999999e+01 -8.788999999e+01 +2.3929e-01 +3.6456e+00 +1.2496e+00
5173 +6.511740480e-09 +6.511740480e-09 -8.788999999e+01 -8.788999999e+01 +2.3918e-01 +3.6456e+00 +1.2496e+00
8846 +0.000000000e+00 +0.000000000e+00 -8.789000000e+01 -8.789000000e+01 +2.3920e-01 +3.6456e+00 +1.2496e+00
% function evaluation | noise-free fitness - Fopt (3.201900000000e+02) | best noise-free fitness - Fopt | measured fitness | best measured fitness | x1 | x2...
1 +2.360873310e+06 +2.360873310e+06 +2.361193500e+06 +2.361193500e+06 +0.0000e+00 +0.0000e+00 +0.0000e+00
2 +1.928080281e+04 +1.928080281e+04 +1.960099281e+04 +1.960099281e+04 +1.0315e+00 +2.0094e+00 +1.3916e+00
54 +7.762866002e+03 +7.762866002e+03 +8.083056002e+03 +8.083056002e+03 -2.5527e+00 +2.0132e-01 +1.3792e+00
90 +7.240145014e+03 +7.240145014e+03 +7.560335014e+03 +7.560335014e+03 -5.6594e+00 -4.2452e-02 +1.4404e+00
104 +4.048212735e+03 +4.048212735e+03 +4.368402735e+03 +4.368402735e+03 -3.5733e+00 -1.3650e+00 +1.3469e+00
115 +3.374234784e+03 +3.374234784e+03 +3.694424784e+03 +3.694424784e+03 -2.9630e+00 -5.0856e-01 +1.3865e+00
216 +1.835450498e+03 +1.835450498e+03 +2.155640498e+03 +2.155640498e+03 +5.9355e+00 -1.3437e+00 +1.4283e+00
272 +4.050526752e+02 +4.050526752e+02 +7.252426752e+02 +7.252426752e+02 +9.8769e+00 -2.0570e+00 +1.4178e+00
289 +3.817351812e+02 +3.817351812e+02 +7.019251812e+02 +7.019251812e+02 +1.0115e+01 -1.9113e+00 +1.4132e+00
292 +2.023678094e+02 +2.023678094e+02 +5.225578094e+02 +5.225578094e+02 +1.1395e+01 -2.5979e+00 +1.4051e+00
915 +1.508709749e+02 +1.508709749e+02 +4.710609749e+02 +4.710609749e+02 +9.5773e+00 -2.1970e+00 +1.3969e+00
945 +7.821327189e+01 +7.821327189e+01 +3.984032719e+02 +3.984032719e+02 +6.7745e+00 -2.4548e+00 +1.3997e+00
970 +2.856592997e+01 +2.856592997e+01 +3.487559300e+02 +3.487559300e+02 +3.0120e+00 -2.2245e+00 +1.4028e+00
978 +2.129934707e+00 +2.129934707e+00 +3.223199347e+02 +3.223199347e+02 +6.6663e-01 -2.3787e+00 +1.4038e+00
1104 +1.604955488e+00 +1.604955488e+00 +3.217949555e+02 +3.217949555e+02 +4.7620e-01 -2.3657e+00 +1.4041e+00
1162 +6.925090869e-01 +6.925090869e-01 +3.208825091e+02 +3.208825091e+02 -1.0745e+00 -2.3719e+00 +1.4028e+00
1425 +4.336332255e-01 +4.336332255e-01 +3.206236332e+02 +3.206236332e+02 +5.0872e-02 -2.3612e+00 +1.4028e+00
1609 +3.154293145e-01 +3.154293145e-01 +3.205054293e+02 +3.205054293e+02 -1.8149e-01 -2.3446e+00 +1.4033e+00
1611 +3.041301951e-01 +3.041301951e-01 +3.204941302e+02 +3.204941302e+02 +6.9880e-02 -2.3656e+00 +1.4031e+00
1631 +2.491450705e-01 +2.491450705e-01 +3.204391451e+02 +3.204391451e+02 -2.0958e-01 -2.3591e+00 +1.4036e+00
1716 +1.033834156e-01 +1.033834156e-01 +3.202933834e+02 +3.202933834e+02 -4.9065e-01 -2.3697e+00 +1.4030e+00
1803 +6.709974504e-02 +6.709974504e-02 +3.202570997e+02 +3.202570997e+02 -3.3063e-01 -2.3667e+00 +1.4033e+00
1876 +5.632087286e-02 +5.632087286e-02 +3.202463209e+02 +3.202463209e+02 -2.6266e-01 -2.3653e+00 +1.4033e+00
2183 +1.373578968e-02 +1.373578968e-02 +3.202037358e+02 +3.202037358e+02 -4.9569e-01 -2.3634e+00 +1.4033e+00
2282 +1.106942002e-02 +1.106942002e-02 +3.202010694e+02 +3.202010694e+02 -4.9250e-01 -2.3577e+00 +1.4032e+00
2648 +6.432591017e-03 +6.432591017e-03 +3.201964326e+02 +3.201964326e+02 -4.6457e-01 -2.3616e+00 +1.4031e+00
2702 +9.911044009e-04 +9.911044009e-04 +3.201909911e+02 +3.201909911e+02 -4.1595e-01 -2.3610e+00 +1.4032e+00
2823 +3.706221897e-04 +3.706221897e-04 +3.201903706e+02 +3.201903706e+02 -4.1484e-01 -2.3607e+00 +1.4032e+00
3134 +2.595372949e-04 +2.595372949e-04 +3.201902595e+02 +3.201902595e+02 -4.2171e-01 -2.3611e+00 +1.4032e+00
3155 +1.625450701e-04 +1.625450701e-04 +3.201901625e+02 +3.201901625e+02 -4.4157e-01 -2.3605e+00 +1.4032e+00
3202 +7.358085924e-05 +7.358085924e-05 +3.201900736e+02 +3.201900736e+02 -4.3560e-01 -2.3611e+00 +1.4032e+00
3492 +1.795742156e-05 +1.795742156e-05 +3.201900180e+02 +3.201900180e+02 -4.3474e-01 -2.3609e+00 +1.4032e+00
3679 +1.650151574e-05 +1.650151574e-05 +3.201900165e+02 +3.201900165e+02 -4.3461e-01 -2.3609e+00 +1.4032e+00
3842 +1.248847985e-05 +1.248847985e-05 +3.201900125e+02 +3.201900125e+02 -4.3397e-01 -2.3607e+00 +1.4032e+00
3975 +3.082958926e-06 +3.082958926e-06 +3.201900031e+02 +3.201900031e+02 -4.3175e-01 -2.3608e+00 +1.4032e+00
4325 +1.517696660e-06 +1.517696660e-06 +3.201900015e+02 +3.201900015e+02 -4.3192e-01 -2.3608e+00 +1.4032e+00
4409 +2.949274176e-07 +2.949274176e-07 +3.201900003e+02 +3.201900003e+02 -4.3254e-01 -2.3608e+00 +1.4032e+00
4849 +2.489687176e-07 +2.489687176e-07 +3.201900002e+02 +3.201900002e+02 -4.3321e-01 -2.3608e+00 +1.4032e+00
4854 +2.260730980e-08 +2.260730980e-08 +3.201900000e+02 +3.201900000e+02 -4.3267e-01 -2.3608e+00 +1.4032e+00
5123 +1.072726263e-08 +1.072726263e-08 +3.201900000e+02 +3.201900000e+02 -4.3287e-01 -2.3608e+00 +1.4032e+00
5442 +8.751101177e-09 +8.751101177e-09 +3.201900000e+02 +3.201900000e+02 -4.3276e-01 -2.3608e+00 +1.4032e+00
8417 +0.000000000e+00 +0.000000000e+00 +3.201900000e+02 +3.201900000e+02 -4.3280e-01 -2.3608e+00 +1.4032e+00
% function evaluation | noise-free fitness - Fopt (-1.042400000000e+02) | best noise-free fitness - Fopt | measured fitness | best measured fitness | x1 | x2...
1 +2.062769976e+06 +2.062769976e+06 +2.062665736e+06 +2.062665736e+06 +0.0000e+00 +0.0000e+00 +0.0000e+00
6 +2.305376721e+05 +2.305376721e+05 +2.304334321e+05 +2.304334321e+05 -4.5977e-01 -1.4880e+00 +1.7953e+00
20 +1.570983791e+05 +1.570983791e+05 +1.569941391e+05 +1.569941391e+05 -2.1111e+00 -1.6250e+00 +9.3745e-01
24 +2.307421505e+04 +2.307421505e+04 +2.296997505e+04 +2.296997505e+04 -4.4273e+00 -2.7791e+00 +1.1750e+00
44 +5.384654177e+03 +5.384654177e+03 +5.280414177e+03 +5.280414177e+03 -2.9531e+00 -3.5319e+00 +1.3911e+00
103 +2.578792749e+03 +2.578792749e+03 +2.474552749e+03 +2.474552749e+03 +1.0406e+00 -2.3769e+00 +1.3350e+00
150 +1.048936340e+03 +1.048936340e+03 +9.446963400e+02 +9.446963400e+02 +8.2982e-01 -3.2795e+00 +1.3366e+00
191 +3.532620246e+02 +3.532620246e+02 +2.490220246e+02 +2.490220246e+02 +2.6451e+00 -3.9559e+00 +1.2951e+00
315 +6.870571684e+01 +6.870571684e+01 -3.553428316e+01 -3.553428316e+01 -3.5286e-01 -4.1529e+00 +1.3173e+00
350 +2.584383748e+01 +2.584383748e+01 -7.839616252e+01 -7.839616252e+01 -1.0140e+00 -3.7853e+00 +1.3163e+00
603 +1.705862217e+01 +1.705862217e+01 -8.718137783e+01 -8.718137783e+01 -3.4052e+00 -3.8752e+00 +1.3142e+00
651 +1.488921007e+01 +1.488921007e+01 -8.935078993e+01 -8.935078993e+01 -1.8919e+00 -4.0185e+00 +1.3125e+00
735 +1.300925177e+01 +1.300925177e+01 -9.123074823e+01 -9.123074823e+01 -6.8877e-01 -3.8274e+00 +1.3152e+00
874 +9.656415999e-01 +9.656415999e-01 -1.032743584e+02 -1.032743584e+02 +1.8848e-01 -3.8915e+00 +1.3133e+00
1339 +6.927582414e-01 +6.927582414e-01 -1.035472418e+02 -1.035472418e+02 +5.3278e-01 -3.9439e+00 +1.3139e+00
1450 +5.299484061e-01 +5.299484061e-01 -1.037100516e+02 -1.037100516e+02 +4.4008e-01 -3.9181e+00 +1.3129e+00
1461 +6.329573525e-02 +6.329573525e-02 -1.041767043e+02 -1.041767043e+02 +2.0511e-01 -3.9153e+00 +1.3136e+00
1642 +5.141990592e-02 +5.141990592e-02 -1.041885801e+02 -1.041885801e+02 +3.9752e-01 -3.9130e+00 +1.3135e+00
1850 +2.927673555e-02 +2.927673555e-02 -1.042107233e+02 -1.042107233e+02 +2.4584e-01 -3.9181e+00 +1.3136e+00
2136 +1.096058699e-02 +1.096058699e-02 -1.042290394e+02 -1.042290394e+02 +3.8767e-01 -3.9223e+00 +1.3137e+00
2202 +7.070020418e-03 +7.070020418e-03 -1.042329300e+02 -1.042329300e+02 +3.4621e-01 -3.9207e+00 +1.3135e+00
2213 +4.011898515e-03 +4.011898515e-03 -1.042359881e+02 -1.042359881e+02 +4.5705e-01 -3.9205e+00 +1.3136e+00
2571 +2.176380183e-03 +2.176380183e-03 -1.042378236e+02 -1.042378236e+02 +3.5899e-01 -3.9201e+00 +1.3136e+00
2623 +2.121565090e-03 +2.121565090e-03 -1.042378784e+02 -1.042378784e+02 +4.3590e-01 -3.9206e+00 +1.3136e+00
2665 +1.128762876e-03 +1.128762876e-03 -1.042388712e+02 -1.042388712e+02 +3.6384e-01 -3.9200e+00 +1.3136e+00
2724 +4.010198834e-04 +4.010198834e-04 -1.042395990e+02 -1.042395990e+02 +3.8062e-01 -3.9198e+00 +1.3136e+00
3006 +2.747122373e-04 +2.747122373e-04 -1.042397253e+02 -1.042397253e+02 +3.9060e-01 -3.9203e+00 +1.3136e+00
3053 +1.227399025e-04 +1.227399025e-04 -1.042398773e+02 -1.042398773e+02 +3.8608e-01 -3.9200e+00 +1.3136e+00
3183 +4.431659204e-05 +4.431659204e-05 -1.042399557e+02 -1.042399557e+02 +3.9964e-01 -3.9199e+00 +1.3136e+00
3384 +5.105434809e-06 +5.105434809e-06 -1.042399949e+02 -1.042399949e+02 +3.9363e-01 -3.9200e+00 +1.3136e+00
4063 +3.693215959e-06 +3.693215959e-06 -1.042399963e+02 -1.042399963e+02 +3.9596e-01 -3.9200e+00 +1.3136e+00
4136 +2.414396704e-06 +2.414396704e-06 -1.042399976e+02 -1.042399976e+02 +3.9448e-01 -3.9200e+00 +1.3136e+00
4140 +9.828369230e-07 +9.828369230e-07 -1.042399990e+02 -1.042399990e+02 +3.9456e-01 -3.9200e+00 +1.3136e+00
4305 +6.166287818e-07 +6.166287818e-07 -1.042399994e+02 -1.042399994e+02 +3.9452e-01 -3.9200e+00 +1.3136e+00
4419 +1.179543005e-07 +1.179543005e-07 -1.042399999e+02 -1.042399999e+02 +3.9467e-01 -3.9200e+00 +1.3136e+00
4863 +7.149334635e-08 +7.149334635e-08 -1.042399999e+02 -1.042399999e+02 +3.9461e-01 -3.9200e+00 +1.3136e+00
5068 +5.233772526e-08 +5.233772526e-08 -1.042399999e+02 -1.042399999e+02 +3.9444e-01 -3.9200e+00 +1.3136e+00
5184 +4.722548397e-08 +4.722548397e-08 -1.042400000e+02 -1.042400000e+02 +3.9457e-01 -3.9200e+00 +1.3136e+00
5241 +2.401179700e-08 +2.401179700e-08 -1.042400000e+02 -1.042400000e+02 +3.9427e-01 -3.9200e+00 +1.3136e+00
5242 +2.000915345e-08 +2.000915345e-08 -1.042400000e+02 -1.042400000e+02 +3.9439e-01 -3.9200e+00 +1.3136e+00
5483 +6.918057238e-09 +6.918057238e-09 -1.042400000e+02 -1.042400000e+02 +3.9447e-01 -3.9200e+00 +1.3136e+00
8560 +0.000000000e+00 +0.000000000e+00 -1.042400000e+02 -1.042400000e+02 +3.9440e-01 -3.9200e+00 +1.3136e+00
% function evaluation | noise-free fitness - Fopt (-1.843100000000e+02) | best noise-free fitness - Fopt | measured fitness | best measured fitness | x1 | x2...
1 +4.672130694e+04 +4.672130694e+04 +4.653699694e+04 +4.653699694e+04 +0.0000e+00 +0.0000e+00 +0.0000e+00
60 +2.539902220e+04 +2.539902220e+04 +2.521471220e+04 +2.521471220e+04 -8.8596e-01 +1.9881e+00 -5.9865e-02
63 +4.387840018e+03 +4.387840018e+03 +4.203530018e+03 +4.203530018e+03 -1.4691e+00 +5.2618e-01 -1.4353e-01
64 +3.497849453e+03 +3.497849453e+03 +3.313539453e+03 +3.313539453e+03 -1.8918e+00 +1.4863e+00 -2.5262e-01
304 +2.907573925e+03 +2.907573925e+03 +2.723263925e+03 +2.723263925e+03 -2.7457e+00 +1.2708e+00 -2.5371e-01
307 +3.369419511e+02 +3.369419511e+02 +1.526319511e+02 +1.526319511e+02 -3.1327e+00 +5.6342e-01 -2.0137e-01
378 +2.703519895e+02 +2.703519895e+02 +8.604198954e+01 +8.604198954e+01 -4.5230e-01 +6.9026e-01 -2.0737e-01
419 +2.075258191e+02 +2.075258191e+02 +2.321581911e+01 +2.321581911e+01 -5.2268e-01 +1.4723e-01 -2.0132e-01
429 +9.859977306e+01 +9.859977306e+01 -8.571022694e+01 -8.571022694e+01 -1.8450e+00 +4.4222e-01 -2.2140e-01
579 +3.701460699e+01 +3.701460699e+01 -1.472953930e+02 -1.472953930e+02 +9.5480e-01 +1.1934e-01 -2.1032e-01
609 +1.843194004e+00 +1.843194004e+00 -1.824668060e+02 -1.824668060e+02 +1.2307e+00 +1.9421e-01 -2.1594e-01
1232 +1.065282168e+00 +1.065282168e+00 -1.832447178e+02 -1.832447178e+02 +1.5743e+00 +1.9588e-01 -2.1486e-01
1249 +3.989943128e-01 +3.989943128e-01 -1.839110057e+02 -1.839110057e+02 +1.3252e+00 +2.2513e-01 -2.1484e-01
1362 +3.309774603e-01 +3.309774603e-01 -1.839790225e+02 -1.839790225e+02 +1.9349e+00 +2.4156e-01 -2.1546e-01
1488 +1.055903795e-01 +1.055903795e-01 -1.842044096e+02 -1.842044096e+02 +1.9322e+00 +2.1459e-01 -2.1514e-01
1561 +8.918044025e-02 +8.918044025e-02 -1.842208196e+02 -1.842208196e+02 +1.5725e+00 +2.2476e-01 -2.1532e-01
1822 +7.827813869e-02 +7.827813869e-02 -1.842317219e+02 -1.842317219e+02 +1.8345e+00 +2.3084e-01 -2.1500e-01
1861 +7.167499730e-02 +7.167499730e-02 -1.842383250e+02 -1.842383250e+02 +1.9016e+00 +2.1967e-01 -2.1502e-01
1938 +2.120054995e-02 +2.120054995e-02 -1.842887995e+02 -1.842887995e+02 +1.9026e+00 +2.2190e-01 -2.1530e-01
2044 +1.810874991e-03 +1.810874991e-03 -1.843081891e+02 -1.843081891e+02 +1.8762e+00 +2.2571e-01 -2.1520e-01
2574 +1.199413083e-03 +1.199413083e-03 -1.843088006e+02 -1.843088006e+02 +1.8760e+00 +2.2474e-01 -2.1518e-01
2620 +8.474718195e-04 +8.474718195e-04 -1.843091525e+02 -1.843091525e+02 +1.8639e+00 +2.2422e-01 -2.1521e-01
2834 +3.359173963e-04 +3.359173963e-04 -1.843096641e+02 -1.843096641e+02 +1.8621e+00 +2.2485e-01 -2.1520e-01
2922 +8.977225596e-05 +8.977225596e-05 -1.843099102e+02 -1.843099102e+02 +1.8405e+00 +2.2451e-01 -2.1520e-01
2932 +4.034301477e-05 +4.034301477e-05 -1.843099597e+02 -1.843099597e+02 +1.8389e+00 +2.2491e-01 -2.1520e-01
3559 +2.837289586e-05 +2.837289586e-05 -1.843099716e+02 -1.843099716e+02 +1.8385e+00 +2.2485e-01 -2.1520e-01
3647 +1.657108118e-05 +1.657108118e-05 -1.843099834e+02 -1.843099834e+02 +1.8446e+00 +2.2492e-01 -2.1520e-01
3676 +7.776685010e-06 +7.776685010e-06 -1.843099922e+02 -1.843099922e+02 +1.8433e+00 +2.2474e-01 -2.1520e-01
3722 +3.652418144e-06 +3.652418144e-06 -1.843099963e+02 -1.843099963e+02 +1.8418e+00 +2.2476e-01 -2.1520e-01
4218 +1.042010638e-06 +1.042010638e-06 -1.843099990e+02 -1.843099990e+02 +1.8438e+00 +2.2477e-01 -2.1520e-01
4392 +6.862345288e-07 +6.862345288e-07 -1.843099993e+02 -1.843099993e+02 +1.8428e+00 +2.2479e-01 -2.1520e-01
4499 +2.682715206e-07 +2.682715206e-07 -1.843099997e+02 -1.843099997e+02 +1.8432e+00 +2.2479e-01 -2.1520e-01
4606 +7.307198757e-08 +7.307198757e-08 -1.843099999e+02 -1.843099999e+02 +1.8430e+00 +2.2480e-01 -2.1520e-01
4931 +2.364859597e-08 +2.364859597e-08 -1.843100000e+02 -1.843100000e+02 +1.8432e+00 +2.2480e-01 -2.1520e-01
5173 +1.333526711e-08 +1.333526711e-08 -1.843100000e+02 -1.843100000e+02 +1.8432e+00 +2.2480e-01 -2.1520e-01
5341 +1.797275218e-09 +1.797275218e-09 -1.843100000e+02 -1.843100000e+02 +1.8432e+00 +2.2480e-01 -2.1520e-01
8723 +0.000000000e+00 +0.000000000e+00 -1.843100000e+02 -1.843100000e+02 +1.8432e+00 +2.2480e-01 -2.1520e-01
% function evaluation | noise-free fitness - Fopt (5.684000000000e+01) | best noise-free fitness - Fopt | measured fitness | best measured fitness | x1 | x2...
1 +1.233309017e+07 +1.233309017e+07 +1.233314701e+07 +1.233314701e+07 +0.0000e+00 +0.0000e+00 +0.0000e+00
2 +8.375895992e+06 +8.375895992e+06 +8.375952832e+06 +8.375952832e+06 +1.0164e+00 +1.6431e+00 -6.7678e-01
8 +2.744461402e+06 +2.744461402e+06 +2.744518242e+06 +2.744518242e+06 -1.0766e+00 +1.8163e+00 -1.8067e+00
12 +5.556332972e+05 +5.556332972e+05 +5.556901372e+05 +5.556901372e+05 -1.7710e+00 +3.3919e+00 -4.3657e+00
35 +4.980250812e+05 +4.980250812e+05 +4.980819212e+05 +4.980819212e+05 -4.6407e-01 +1.6458e+00 -2.9220e+00
48 +3.657163380e+05 +3.657163380e+05 +3.657731780e+05 +3.657731780e+05 +8.2494e-01 +4.9097e-01 -4.2313e+00
53 +2.586009432e+05 +2.586009432e+05 +2.586577832e+05 +2.586577832e+05 -3.7421e-01 -8.3960e-02 -4.0936e+00
56 +1.089464180e+05 +1.089464180e+05 +1.090032580e+05 +1.090032580e+05 -1.9026e+00 -9.5495e-01 -3.9036e+00
59 +2.509830124e+04 +2.509830124e+04 +2.515514124e+04 +2.515514124e+04 +5.9212e-01 +5.8155e-01 -3.4535e+00
97 +8.793343844e+03 +8.793343844e+03 +8.850183844e+03 +8.850183844e+03 -1.0903e+00 -1.6316e-01 -3.6310e+00
109 +1.872690786e+03 +1.872690786e+03 +1.929530786e+03 +1.929530786e+03 -8.6503e-01 -1.2852e+00 -3.5877e+00
248 +1.499296491e+03 +1.499296491e+03 +1.556136491e+03 +1.556136491e+03 -9.4755e+00 -1.7833e+00 -3.5540e+00
353 +1.037239835e+03 +1.037239835e+03 +1.094079835e+03 +1.094079835e+03 -9.5141e+00 -3.4739e+00 -3.5925e+00
377 +3.407123124e+02 +3.407123124e+02 +3.975523124e+02 +3.975523124e+02 -1.0157e+01 -2.8866e+00 -3.5748e+00
442 +2.447978188e+02 +2.447978188e+02 +3.016378188e+02 +3.016378188e+02 -8.9100e+00 -2.2678e+00 -3.5929e+00
471 +1.441776525e+02 +1.441776525e+02 +2.010176525e+02 +2.010176525e+02 -8.5994e+00 -2.7694e+00 -3.5846e+00
548 +1.147543015e+02 +1.147543015e+02 +1.715943015e+02 +1.715943015e+02 -8.9233e+00 -2.3948e+00 -3.5812e+00
974 +1.114463122e+02 +1.114463122e+02 +1.682863122e+02 +1.682863122e+02 -9.3133e+00 -2.6108e+00 -3.5845e+00
1002 +8.573194550e+01 +8.573194550e+01 +1.425719455e+02 +1.425719455e+02 -8.4831e+00 -2.4633e+00 -3.5836e+00
1026 +7.656486201e+01 +7.656486201e+01 +1.334048620e+02 +1.334048620e+02 -7.6009e+00 -2.6293e+00 -3.5856e+00
1049 +6.929122439e+01 +6.929122439e+01 +1.261312244e+02 +1.261312244e+02 -7.2590e+00 -2.4215e+00 -3.5840e+00
1061 +5.976206615e+01 +5.976206615e+01 +1.166020661e+02 +1.166020661e+02 -6.5729e+00 -2.4092e+00 -3.5827e+00
1095 +3.858795535e+01 +3.858795535e+01 +9.542795535e+01 +9.542795535e+01 -6.0493e+00 -2.5361e+00 -3.5836e+00
1103 +3.755296713e+01 +3.755296713e+01 +9.439296713e+01 +9.439296713e+01 -5.8907e+00 -2.5028e+00 -3.5836e+00
1113 +3.617186174e+01 +3.617186174e+01 +9.301186174e+01 +9.301186174e+01 -5.3976e+00 -2.5864e+00 -3.5844e+00
1122 +3.063069383e+01 +3.063069383e+01 +8.747069383e+01 +8.747069383e+01 -4.7507e+00 -2.4599e+00 -3.5826e+00
1132 +2.757785273e+01 +2.757785273e+01 +8.441785273e+01 +8.441785273e+01 -4.4752e+00 -2.5544e+00 -3.5815e+00
1133 +2.315302859e+01 +2.315302859e+01 +7.999302859e+01 +7.999302859e+01 -3.5668e+00 -2.5418e+00 -3.5857e+00
1146 +2.200662080e+01 +2.200662080e+01 +7.884662080e+01 +7.884662080e+01 -3.6155e+00 -2.5852e+00 -3.5819e+00
1155 +1.302783769e+01 +1.302783769e+01 +6.986783769e+01 +6.986783769e+01 -3.0164e+00 -2.5240e+00 -3.5825e+00
1220 +1.175818195e+01 +1.175818195e+01 +6.859818195e+01 +6.859818195e+01 -2.4534e+00 -2.4769e+00 -3.5831e+00
1243 +8.236171182e+00 +8.236171182e+00 +6.507617118e+01 +6.507617118e+01 -1.7862e+00 -2.5686e+00 -3.5821e+00
1245 +5.847453016e+00 +5.847453016e+00 +6.268745302e+01 +6.268745302e+01 -1.4216e+00 -2.5637e+00 -3.5825e+00
1254 +2.909586515e+00 +2.909586515e+00 +5.974958651e+01 +5.974958651e+01 -3.6093e-01 -2.5722e+00 -3.5834e+00
1257 +1.005886953e+00 +1.005886953e+00 +5.784588695e+01 +5.784588695e+01 -4.6037e-01 -2.5316e+00 -3.5833e+00
1520 +8.464469154e-01 +8.464469154e-01 +5.768644692e+01 +5.768644692e+01 -3.9577e-01 -2.5249e+00 -3.5833e+00
1582 +6.128501122e-01 +6.128501122e-01 +5.745285011e+01 +5.745285011e+01 +1.2704e-01 -2.5316e+00 -3.5825e+00
1586 +1.621536949e-01 +1.621536949e-01 +5.700215369e+01 +5.700215369e+01 +4.4102e-01 -2.5242e+00 -3.5835e+00
1639 +8.397514841e-02 +8.397514841e-02 +5.692397515e+01 +5.692397515e+01 +6.6002e-01 -2.5370e+00 -3.5831e+00
2149 +1.860353936e-02 +1.860353936e-02 +5.685860354e+01 +5.685860354e+01 +6.3542e-01 -2.5302e+00 -3.5833e+00
2160 +1.485851815e-02 +1.485851815e-02 +5.685485852e+01 +5.685485852e+01 +4.4282e-01 -2.5307e+00 -3.5833e+00
2311 +8.858277544e-03 +8.858277544e-03 +5.684885828e+01 +5.684885828e+01 +5.9568e-01 -2.5281e+00 -3.5833e+00
2672 +3.257908581e-03 +3.257908581e-03 +5.684325791e+01 +5.684325791e+01 +5.5824e-01 -2.5300e+00 -3.5832e+00
2789 +2.012584562e-03 +2.012584562e-03 +5.684201258e+01 +5.684201258e+01 +5.5968e-01 -2.5279e+00 -3.5832e+00
2889 +4.394981406e-04 +4.394981406e-04 +5.684043950e+01 +5.684043950e+01 +5.5109e-01 -2.5291e+00 -3.5832e+00
3481 +3.828293818e-04 +3.828293818e-04 +5.684038283e+01 +5.684038283e+01 +5.4105e-01 -2.5285e+00 -3.5832e+00
3487 +2.687317894e-04 +2.687317894e-04 +5.684026873e+01 +5.684026873e+01 +5.3674e-01 -2.5292e+00 -3.5832e+00
3505 +2.582392369e-04 +2.582392369e-04 +5.684025824e+01 +5.684025824e+01 +5.3590e-01 -2.5284e+00 -3.5832e+00
3573 +9.279681306e-05 +9.279681306e-05 +5.684009280e+01 +5.684009280e+01 +5.2327e-01 -2.5287e+00 -3.5832e+00
3628 +3.429050501e-05 +3.429050501e-05 +5.684003429e+01 +5.684003429e+01 +5.2762e-01 -2.5288e+00 -3.5832e+00
3773 +2.290617883e-05 +2.290617883e-05 +5.684002291e+01 +5.684002291e+01 +5.3482e-01 -2.5287e+00 -3.5832e+00
3786 +1.871251406e-05 +1.871251406e-05 +5.684001871e+01 +5.684001871e+01 +5.3543e-01 -2.5289e+00 -3.5832e+00
3849 +9.765078701e-07 +9.765078701e-07 +5.684000098e+01 +5.684000098e+01 +5.3363e-01 -2.5288e+00 -3.5832e+00
4866 +4.970337883e-07 +4.970337883e-07 +5.684000050e+01 +5.684000050e+01 +5.3315e-01 -2.5288e+00 -3.5832e+00
5062 +4.326077914e-07 +4.326077914e-07 +5.684000043e+01 +5.684000043e+01 +5.3227e-01 -2.5288e+00 -3.5832e+00
5144 +1.462637513e-07 +1.462637513e-07 +5.684000015e+01 +5.684000015e+01 +5.3252e-01 -2.5288e+00 -3.5832e+00
5289 +3.133032322e-08 +3.133032322e-08 +5.684000003e+01 +5.684000003e+01 +5.3293e-01 -2.5288e+00 -3.5832e+00
5504 +2.815192346e-08 +2.815192346e-08 +5.684000003e+01 +5.684000003e+01 +5.3290e-01 -2.5288e+00 -3.5832e+00
5929 +2.324757276e-08 +2.324757276e-08 +5.684000002e+01 +5.684000002e+01 +5.3271e-01 -2.5288e+00 -3.5832e+00
6069 +6.015852705e-09 +6.015852705e-09 +5.684000001e+01 +5.684000001e+01 +5.3282e-01 -2.5288e+00 -3.5832e+00
9717 +0.000000000e+00 +0.000000000e+00 +5.684000000e+01 +5.684000000e+01 +5.3280e-01 -2.5288e+00 -3.5832e+00
% function evaluation | noise-free fitness - Fopt (-1.897300000000e+02) | best noise-free fitness - Fopt | measured fitness | best measured fitness | x1 | x2...
1 +1.546126791e+06 +1.546126791e+06 +1.545937061e+06 +1.545937061e+06 +0.0000e+00 +0.0000e+00 +0.0000e+00
4 +7.704482825e+04 +7.704482825e+04 +7.685509825e+04 +7.685509825e+04 -3.8053e+00 -6.1286e-01 -1.4145e+00
8 +5.372366039e+04 +5.372366039e+04 +5.353393039e+04 +5.353393039e+04 +3.2788e-01 -1.7746e+00 -9.0755e-01
13 +1.289583635e+04 +1.289583635e+04 +1.270610635e+04 +1.270610635e+04 -2.3677e-01 -3.8956e+00 -1.0781e+00
96 +1.127571311e+04 +1.127571311e+04 +1.108598311e+04 +1.108598311e+04 -1.4878e+00 -3.5778e+00 -1.0691e+00
101 +9.006331079e+03 +9.006331079e+03 +8.816601079e+03 +8.816601079e+03 +3.0076e-01 -1.6398e+00 -1.0486e+00
125 +8.852894004e+03 +8.852894004e+03 +8.663164004e+03 +8.663164004e+03 -2.2469e+00 -3.8189e+00 -1.1289e+00
164 +5.539039907e+03 +5.539039907e+03 +5.349309907e+03 +5.349309907e+03 -8.3783e+00 -2.1558e+00 -1.0861e+00
167 +5.449728855e+03 +5.449728855e+03 +5.259998855e+03 +5.259998855e+03 -8.6097e+00 -2.0643e+00 -1.1996e+00
173 +2.181777214e+03 +2.181777214e+03 +1.992047214e+03 +1.992047214e+03 -9.2947e+00 -2.0785e+00 -1.1274e+00
182 +1.398223772e+03 +1.398223772e+03 +1.208493772e+03 +1.208493772e+03 -7.0809e+00 -9.7854e-01 -1.0989e+00
215 +9.735851063e+02 +9.735851063e+02 +7.838551063e+02 +7.838551063e+02 -3.8341e+00 -6.1544e-01 -1.1059e+00
231 +3.815930793e+02 +3.815930793e+02 +1.918630793e+02 +1.918630793e+02 -5.5900e+00 -2.4004e-01 -1.1394e+00
289 +2.726159294e+02 +2.726159294e+02 +8.288592937e+01 +8.288592937e+01 -4.3031e+00 -5.5555e-01 -1.1239e+00
340 +2.356406055e+02 +2.356406055e+02 +4.591060555e+01 +4.591060555e+01 -2.0506e+00 -6.9739e-01 -1.1228e+00
418 +1.372571882e+02 +1.372571882e+02 -5.247281182e+01 -5.247281182e+01 -1.4662e+00 -1.1348e+00 -1.1400e+00
527 +6.859119993e+01 +6.859119993e+01 -1.211388001e+02 -1.211388001e+02 -2.2645e+00 -9.6755e-01 -1.1421e+00
563 +3.933074003e+01 +3.933074003e+01 -1.503992600e+02 -1.503992600e+02 -2.2740e+00 -9.1511e-01 -1.1340e+00
755 +3.303745143e+01 +3.303745143e+01 -1.566925486e+02 -1.566925486e+02 +8.0019e-01 -9.6210e-01 -1.1375e+00
894 +2.437168778e+01 +2.437168778e+01 -1.653583122e+02 -1.653583122e+02 +7.5707e-01 -9.2416e-01 -1.1397e+00
916 +1.635483570e+01 +1.635483570e+01 -1.733751643e+02 -1.733751643e+02 -2.3643e-01 -6.7014e-01 -1.1383e+00
924 +7.865809789e+00 +7.865809789e+00 -1.818641902e+02 -1.818641902e+02 -8.5977e-01 -7.3292e-01 -1.1367e+00
930 +6.918506298e+00 +6.918506298e+00 -1.828114937e+02 -1.828114937e+02 +3.1422e-01 -7.9460e-01 -1.1350e+00
1010 +6.530670940e+00 +6.530670940e+00 -1.831993291e+02 -1.831993291e+02 -4.3718e-01 -7.8094e-01 -1.1398e+00
1018 +4.547371407e+00 +4.547371407e+00 -1.851826286e+02 -1.851826286e+02 +3.8531e-01 -7.6970e-01 -1.1397e+00
1127 +3.968072518e+00 +3.968072518e+00 -1.857619275e+02 -1.857619275e+02 +5.6929e-01 -8.5547e-01 -1.1374e+00
1138 +1.415158179e+00 +1.415158179e+00 -1.883148418e+02 -1.883148418e+02 +7.3164e-01 -7.5576e-01 -1.1369e+00
1330 +1.016804628e+00 +1.016804628e+00 -1.887131954e+02 -1.887131954e+02 +1.7139e+00 -7.8596e-01 -1.1383e+00
1444 +3.498540998e-01 +3.498540998e-01 -1.893801459e+02 -1.893801459e+02 +1.2919e+00 -7.8809e-01 -1.1371e+00
1475 +1.198449512e-01 +1.198449512e-01 -1.896101550e+02 -1.896101550e+02 +1.0464e+00 -7.9526e-01 -1.1379e+00
1555 +5.777674938e-02 +5.777674938e-02 -1.896722233e+02 -1.896722233e+02 +1.0294e+00 -7.8244e-01 -1.1375e+00
1819 +2.206762428e-02 +2.206762428e-02 -1.897079324e+02 -1.897079324e+02 +1.0163e+00 -7.9149e-01 -1.1376e+00
2441 +6.968962811e-03 +6.968962811e-03 -1.897230310e+02 -1.897230310e+02 +9.3214e-01 -7.9098e-01 -1.1376e+00
2524 +2.081362023e-03 +2.081362023e-03 -1.897279186e+02 -1.897279186e+02 +9.0291e-01 -7.8749e-01 -1.1376e+00
2686 +4.156294222e-04 +4.156294222e-04 -1.897295844e+02 -1.897295844e+02 +8.9388e-01 -7.8942e-01 -1.1376e+00
3279 +2.703832794e-04 +2.703832794e-04 -1.897297296e+02 -1.897297296e+02 +8.8416e-01 -7.8899e-01 -1.1376e+00
3599 +1.577989304e-04 +1.577989304e-04 -1.897298422e+02 -1.897298422e+02 +8.8297e-01 -7.8901e-01 -1.1376e+00
3652 +1.092127727e-04 +1.092127727e-04 -1.897298908e+02 -1.897298908e+02 +8.8594e-01 -7.8889e-01 -1.1376e+00
3837 +9.876693579e-05 +9.876693579e-05 -1.897299012e+02 -1.897299012e+02 +8.9404e-01 -7.8857e-01 -1.1376e+00
3846 +3.416028269e-05 +3.416028269e-05 -1.897299658e+02 -1.897299658e+02 +8.8852e-01 -7.8882e-01 -1.1376e+00
4162 +2.228978192e-05 +2.228978192e-05 -1.897299777e+02 -1.897299777e+02 +8.9040e-01 -7.8894e-01 -1.1376e+00
4271 +6.867655628e-06 +6.867655628e-06 -1.897299931e+02 -1.897299931e+02 +8.9083e-01 -7.8873e-01 -1.1376e+00
4304 +3.870589211e-06 +3.870589211e-06 -1.897299961e+02 -1.897299961e+02 +8.9339e-01 -7.8884e-01 -1.1376e+00
4652 +1.258047405e-06 +1.258047405e-06 -1.897299987e+02 -1.897299987e+02 +8.9139e-01 -7.8883e-01 -1.1376e+00
4694 +1.027319797e-06 +1.027319797e-06 -1.897299990e+02 -1.897299990e+02 +8.9276e-01 -7.8882e-01 -1.1376e+00
5017 +9.508503922e-07 +9.508503922e-07 -1.897299990e+02 -1.897299990e+02 +8.9292e-01 -7.8879e-01 -1.1376e+00
5136 +3.911941349e-07 +3.911941349e-07 -1.897299996e+02 -1.897299996e+02 +8.9223e-01 -7.8882e-01 -1.1376e+00
5173 +3.516258289e-07 +3.516258289e-07 -1.897299996e+02 -1.897299996e+02 +8.9148e-01 -7.8880e-01 -1.1376e+00
5425 +1.042947702e-07 +1.042947702e-07 -1.897299999e+02 -1.897299999e+02 +8.9212e-01 -7.8881e-01 -1.1376e+00
5456 +7.410926628e-08 +7.410926628e-08 -1.897299999e+02 -1.897299999e+02 +8.9181e-01 -7.8880e-01 -1.1376e+00
5596 +2.857808568e-08 +2.857808568e-08 -1.897300000e+02 -1.897300000e+02 +8.9206e-01 -7.8879e-01 -1.1376e+00
5627 +1.724404797e-08 +1.724404797e-08 -1.897300000e+02 -1.897300000e+02 +8.9207e-01 -7.8880e-01 -1.1376e+00
5775 +7.163862392e-09 +7.163862392e-09 -1.897300000e+02 -1.897300000e+02 +8.9200e-01 -7.8880e-01 -1.1376e+00
9709 +0.000000000e+00 +0.000000000e+00 -1.897300000e+02 -1.897300000e+02 +8.9200e-01 -7.8880e-01 -1.1376e+00
% function evaluation | noise-free fitness - Fopt (4.659700000000e+02) | best noise-free fitness - Fopt | measured fitness | best measured fitness | x1 | x2...
1 +4.720755508e+05 +4.720755508e+05 +4.725415208e+05 +4.725415208e+05 +0.0000e+00 +0.0000e+00 +0.0000e+00
3 +1.804654147e+05 +1.804654147e+05 +1.809313847e+05 +1.809313847e+05 -1.2431e+00 -5.3074e-01 +3.3721e-01
4 +1.069471488e+05 +1.069471488e+05 +1.074131188e+05 +1.074131188e+05 -9.9189e-01 +3.6644e+00 +4.5025e-01
14 +9.593785316e+04 +9.593785316e+04 +9.640382316e+04 +9.640382316e+04 -2.7383e+00 +1.0922e+00 +4.4681e-01
15 +9.540799846e+03 +9.540799846e+03 +1.000676985e+04 +1.000676985e+04 -9.6618e-01 +2.6963e+00 +7.8226e-01
59 +8.210057319e+03 +8.210057319e+03 +8.676027319e+03 +8.676027319e+03 -4.7206e-01 +2.3831e+00 +7.2347e-01
78 +5.798029171e+03 +5.798029171e+03 +6.263999171e+03 +6.263999171e+03 -3.2056e-01 +1.3596e+00 +6.8646e-01
84 +2.473678985e+03 +2.473678985e+03 +2.939648985e+03 +2.939648985e+03 -3.3287e-01 +1.3850e+00 +7.3759e-01
198 +7.434530706e+01 +7.434530706e+01 +5.403153071e+02 +5.403153071e+02 +3.0142e+00 -1.0822e-01 +7.4514e-01
479 +4.837440941e+01 +4.837440941e+01 +5.143444094e+02 +5.143444094e+02 -6.2846e+00 -2.7847e-01 +7.4453e-01
537 +2.964962752e+01 +2.964962752e+01 +4.956196275e+02 +4.956196275e+02 +1.1558e+00 -1.8383e-01 +7.4628e-01
545 +2.229910247e+01 +2.229910247e+01 +4.882691025e+02 +4.882691025e+02 +8.3863e-01 -1.8502e-01 +7.4702e-01
553 +1.671953348e+01 +1.671953348e+01 +4.826895335e+02 +4.826895335e+02 -8.5609e-01 -1.8255e-01 +7.5208e-01
745 +2.110849023e+00 +2.110849023e+00 +4.680808490e+02 +4.680808490e+02 -1.3776e+00 -2.4714e-01 +7.4857e-01
1275 +4.444666573e-01 +4.444666573e-01 +4.664144667e+02 +4.664144667e+02 -2.1559e+00 -2.9161e-01 +7.4935e-01
1500 +1.339597227e-01 +1.339597227e-01 +4.661039597e+02 +4.661039597e+02 -2.2639e+00 -2.7250e-01 +7.4962e-01
1597 +1.167939601e-01 +1.167939601e-01 +4.660867940e+02 +4.660867940e+02 -2.2425e+00 -2.7228e-01 +7.4960e-01
1747 +1.139027223e-01 +1.139027223e-01 +4.660839027e+02 +4.660839027e+02 -2.0368e+00 -2.7081e-01 +7.4929e-01
1753 +3.020130496e-02 +3.020130496e-02 +4.660002013e+02 +4.660002013e+02 -1.9982e+00 -2.7361e-01 +7.4975e-01
1859 +6.719836152e-03 +6.719836152e-03 +4.659767198e+02 +4.659767198e+02 -1.9916e+00 -2.7292e-01 +7.4963e-01
2001 +1.833693661e-03 +1.833693661e-03 +4.659718337e+02 +4.659718337e+02 -1.8830e+00 -2.7404e-01 +7.4957e-01
2308 +4.022734813e-04 +4.022734813e-04 +4.659704023e+02 +4.659704023e+02 -1.9212e+00 -2.7308e-01 +7.4959e-01
2894 +1.932012678e-04 +1.932012678e-04 +4.659701932e+02 +4.659701932e+02 -1.9209e+00 -2.7355e-01 +7.4961e-01
2924 +1.645400146e-04 +1.645400146e-04 +4.659701645e+02 +4.659701645e+02 -1.9017e+00 -2.7384e-01 +7.4960e-01
3132 +1.302375778e-04 +1.302375778e-04 +4.659701302e+02 +4.659701302e+02 -1.9180e+00 -2.7351e-01 +7.4961e-01
3165 +9.116849475e-05 +9.116849475e-05 +4.659700912e+02 +4.659700912e+02 -1.9124e+00 -2.7384e-01 +7.4961e-01
3298 +5.641265659e-05 +5.641265659e-05 +4.659700564e+02 +4.659700564e+02 -1.9160e+00 -2.7378e-01 +7.4960e-01
3396 +1.286558859e-05 +1.286558859e-05 +4.659700129e+02 +4.659700129e+02 -1.9099e+00 -2.7370e-01 +7.4960e-01
3430 +1.355338213e-06 +1.355338213e-06 +4.659700014e+02 +4.659700014e+02 -1.9105e+00 -2.7357e-01 +7.4960e-01
3961 +1.878981948e-07 +1.878981948e-07 +4.659700002e+02 +4.659700002e+02 -1.9108e+00 -2.7360e-01 +7.4960e-01
4471 +1.772814358e-07 +1.772814358e-07 +4.659700002e+02 +4.659700002e+02 -1.9111e+00 -2.7360e-01 +7.4960e-01
4605 +1.571351049e-07 +1.571351049e-07 +4.659700002e+02 +4.659700002e+02 -1.9114e+00 -2.7360e-01 +7.4960e-01
4883 +6.896499372e-08 +6.896499372e-08 +4.659700001e+02 +4.659700001e+02 -1.9110e+00 -2.7359e-01 +7.4960e-01
4955 +6.060628266e-08 +6.060628266e-08 +4.659700001e+02 +4.659700001e+02 -1.9114e+00 -2.7360e-01 +7.4960e-01
4996 +5.125230018e-08 +5.125230018e-08 +4.659700001e+02 +4.659700001e+02 -1.9112e+00 -2.7360e-01 +7.4960e-01
5006 +2.897400009e-08 +2.897400009e-08 +4.659700000e+02 +4.659700000e+02 -1.9113e+00 -2.7360e-01 +7.4960e-01
5072 +9.119787592e-09 +9.119787592e-09 +4.659700000e+02 +4.659700000e+02 -1.9111e+00 -2.7360e-01 +7.4960e-01
8259 +0.000000000e+00 +0.000000000e+00 +4.659700000e+02 +4.659700000e+02 -1.9112e+00 -2.7360e-01 +7.4960e-01
% function evaluation | noise-free fitness - Fopt (2.574000000000e+01) | best noise-free fitness - Fopt | measured fitness | best measured fitness | x1 | x2...
1 +4.601010646e+03 +4.601010646e+03 +4.626750646e+03 +4.626750646e+03 +0.0000e+00 +0.0000e+00 +0.0000e+00
11 +3.710792296e+03 +3.710792296e+03 +3.736532296e+03 +3.736532296e+03 +2.6804e+00 +1.2429e+00 -3.2477e-02
37 +4.903543671e+02 +4.903543671e+02 +5.160943671e+02 +5.160943671e+02 +4.9832e+00 +1.2277e+00 +3.6577e-02
57 +3.204073909e+02 +3.204073909e+02 +3.461473909e+02 +3.461473909e+02 +3.1602e+00 +2.1212e+00 +4.4393e-02
504 +9.183395816e+01 +9.183395816e+01 +1.175739582e+02 +1.175739582e+02 +1.1729e+00 +1.6323e+00 +3.1931e-02
612 +6.739932179e+01 +6.739932179e+01 +9.313932179e+01 +9.313932179e+01 +4.0121e+00 +1.9124e+00 +2.1076e-02
622 +5.530049953e+01 +5.530049953e+01 +8.104049953e+01 +8.104049953e+01 +2.8623e+00 +1.7117e+00 +2.5834e-02
870 +3.190512963e+01 +3.190512963e+01 +5.764512963e+01 +5.764512963e+01 +3.7561e+00 +1.9493e+00 +2.5346e-02
932 +2.496336350e+01 +2.496336350e+01 +5.070336350e+01 +5.070336350e+01 +1.7374e+00 +1.7754e+00 +2.9420e-02
949 +2.408819777e+01 +2.408819777e+01 +4.982819777e+01 +4.982819777e+01 -2.7358e-01 +1.8181e+00 +3.2021e-02
950 +2.342898065e+01 +2.342898065e+01 +4.916898065e+01 +4.916898065e+01 +6.6444e-01 +1.8953e+00 +3.2242e-02
980 +9.213453086e+00 +9.213453086e+00 +3.495345309e+01 +3.495345309e+01 -4.9544e-01 +1.9437e+00 +3.0451e-02
982 +2.142381140e+00 +2.142381140e+00 +2.788238114e+01 +2.788238114e+01 -1.1021e+00 +1.8869e+00 +2.6576e-02
1142 +1.353341664e+00 +1.353341664e+00 +2.709334166e+01 +2.709334166e+01 -1.4109e+00 +1.9212e+00 +2.8679e-02
1209 +1.094138456e+00 +1.094138456e+00 +2.683413846e+01 +2.683413846e+01 -5.3891e-01 +1.9083e+00 +2.7055e-02
1285 +3.796863623e-01 +3.796863623e-01 +2.611968636e+01 +2.611968636e+01 -8.2283e-01 +1.8903e+00 +2.7473e-02
1597 +2.954818465e-01 +2.954818465e-01 +2.603548185e+01 +2.603548185e+01 -1.0867e+00 +1.9136e+00 +2.7900e-02
1709 +1.186699087e-01 +1.186699087e-01 +2.585866991e+01 +2.585866991e+01 -1.2086e+00 +1.8968e+00 +2.7759e-02
1807 +6.260053271e-02 +6.260053271e-02 +2.580260053e+01 +2.580260053e+01 -7.2958e-01 +1.8988e+00 +2.8096e-02
1856 +5.730324877e-02 +5.730324877e-02 +2.579730325e+01 +2.579730325e+01 -9.2033e-01 +1.8886e+00 +2.7986e-02
1985 +4.031947449e-02 +4.031947449e-02 +2.578031947e+01 +2.578031947e+01 -7.9066e-01 +1.8943e+00 +2.8116e-02
1996 +1.589470576e-02 +1.589470576e-02 +2.575589471e+01 +2.575589471e+01 -1.0666e+00 +1.8963e+00 +2.7987e-02
2264 +4.239523777e-03 +4.239523777e-03 +2.574423952e+01 +2.574423952e+01 -8.8674e-01 +1.8973e+00 +2.8020e-02
2459 +3.781837819e-03 +3.781837819e-03 +2.574378184e+01 +2.574378184e+01 -1.0004e+00 +1.8961e+00 +2.8017e-02
2672 +1.619735180e-03 +1.619735180e-03 +2.574161974e+01 +2.574161974e+01 -9.2936e-01 +1.8965e+00 +2.7964e-02
2754 +1.096988605e-03 +1.096988605e-03 +2.574109699e+01 +2.574109699e+01 -9.6283e-01 +1.8977e+00 +2.8001e-02
2878 +7.724074332e-04 +7.724074332e-04 +2.574077241e+01 +2.574077241e+01 -9.4438e-01 +1.8959e+00 +2.8006e-02
2976 +4.801302810e-04 +4.801302810e-04 +2.574048013e+01 +2.574048013e+01 -9.6146e-01 +1.8971e+00 +2.8013e-02
3387 +4.291553351e-04 +4.291553351e-04 +2.574042916e+01 +2.574042916e+01 -9.6524e-01 +1.8969e+00 +2.7994e-02
3466 +3.743403449e-04 +3.743403449e-04 +2.574037434e+01 +2.574037434e+01 -9.4830e-01 +1.8972e+00 +2.7987e-02
3468 +2.580992565e-04 +2.580992565e-04 +2.574025810e+01 +2.574025810e+01 -9.5091e-01 +1.8964e+00 +2.8005e-02
3472 +1.154254428e-04 +1.154254428e-04 +2.574011543e+01 +2.574011543e+01 -9.3708e-01 +1.8966e+00 +2.8002e-02
3560 +9.724110176e-05 +9.724110176e-05 +2.574009724e+01 +2.574009724e+01 -9.4092e-01 +1.8966e+00 +2.8006e-02
3601 +5.308770255e-05 +5.308770255e-05 +2.574005309e+01 +2.574005309e+01 -9.4418e-01 +1.8970e+00 +2.8000e-02
3783 +3.813232263e-05 +3.813232263e-05 +2.574003813e+01 +2.574003813e+01 -9.4698e-01 +1.8966e+00 +2.8002e-02
3785 +2.613819540e-05 +2.613819540e-05 +2.574002614e+01 +2.574002614e+01 -9.4268e-01 +1.8967e+00 +2.8002e-02
3819 +2.155067494e-05 +2.155067494e-05 +2.574002155e+01 +2.574002155e+01 -9.4280e-01 +1.8969e+00 +2.8000e-02
3883 +2.704171816e-06 +2.704171816e-06 +2.574000270e+01 +2.574000270e+01 -9.4413e-01 +1.8968e+00 +2.8000e-02
4291 +1.506406644e-06 +1.506406644e-06 +2.574000151e+01 +2.574000151e+01 -9.4472e-01 +1.8968e+00 +2.8001e-02
4340 +9.808998236e-07 +9.808998236e-07 +2.574000098e+01 +2.574000098e+01 -9.4593e-01 +1.8968e+00 +2.8001e-02
4347 +9.208251051e-07 +9.208251051e-07 +2.574000092e+01 +2.574000092e+01 -9.4629e-01 +1.8968e+00 +2.8001e-02
4375 +3.878196324e-07 +3.878196324e-07 +2.574000039e+01 +2.574000039e+01 -9.4505e-01 +1.8968e+00 +2.8000e-02
4476 +8.059577183e-08 +8.059577183e-08 +2.574000008e+01 +2.574000008e+01 -9.4579e-01 +1.8968e+00 +2.8000e-02
4521 +1.053732746e-08 +1.053732746e-08 +2.574000001e+01 +2.574000001e+01 -9.4561e-01 +1.8968e+00 +2.8000e-02
5030 +8.579320365e-09 +8.579320365e-09 +2.574000001e+01 +2.574000001e+01 -9.4552e-01 +1.8968e+00 +2.8000e-02
8901 +0.000000000e+00 +0.000000000e+00 +2.574000000e+01 +2.574000000e+01 -9.4560e-01 +1.8968e+00 +2.8000e-02
% function evaluation | noise-free fitness - Fopt (4.167000000000e+01) | best noise-free fitness - Fopt | measured fitness | best measured fitness | x1 | x2...
1 +8.722701760e+06 +8.722701760e+06 +8.722743430e+06 +8.722743430e+06 +0.0000e+00 +0.0000e+00 +0.0000e+00
4 +5.801224090e+06 +5.801224090e+06 +5.801265760e+06 +5.801265760e+06 -6.7367e-01 +4.6737e+00 -5.4829e+00
5 +3.653503835e+06 +3.653503835e+06 +3.653545505e+06 +3.653545505e+06 -6.0383e-01 +3.5733e+00 -4.8426e+00
9 +1.802035213e+05 +1.802035213e+05 +1.802451913e+05 +1.802451913e+05 +2.2559e+00 +3.4733e+00 -3.4097e+00
14 +1.056437692e+05 +1.056437692e+05 +1.056854392e+05 +1.056854392e+05 +3.1133e+00 +4.0828e+00 -2.6819e+00
15 +5.351949279e+04 +5.351949279e+04 +5.356116279e+04 +5.356116279e+04 +2.2297e+00 +4.7040e+00 -2.7701e+00
17 +4.825582715e+04 +4.825582715e+04 +4.829749715e+04 +4.829749715e+04 -1.2827e-01 +3.8761e+00 -3.2154e+00
28 +7.816038695e+03 +7.816038695e+03 +7.857708695e+03 +7.857708695e+03 -2.6044e+00 +1.4457e+00 -2.9341e+00
38 +5.592204532e+03 +5.592204532e+03 +5.633874532e+03 +5.633874532e+03 -1.7809e+00 +1.0188e+00 -2.9920e+00
48 +4.735189917e+03 +4.735189917e+03 +4.776859917e+03 +4.776859917e+03 -8.1603e-01 +1.2912e+00 -3.0106e+00
166 +2.943481581e+03 +2.943481581e+03 +2.985151581e+03 +2.985151581e+03 -4.4377e+00 +2.2295e+00 -3.0305e+00
168 +2.468463070e+03 +2.468463070e+03 +2.510133070e+03 +2.510133070e+03 -2.5050e+00 +2.2390e+00 -3.0252e+00
191 +1.773234177e+03 +1.773234177e+03 +1.814904177e+03 +1.814904177e+03 -1.1869e+00 +2.2525e+00 -2.9858e+00
248 +2.822124418e+02 +2.822124418e+02 +3.238824418e+02 +3.238824418e+02 -4.4027e+00 +3.1290e+00 -3.0090e+00
348 +1.061727000e+02 +1.061727000e+02 +1.478427000e+02 +1.478427000e+02 -1.9918e+00 +3.4444e+00 -3.0071e+00
451 +7.070961708e+01 +7.070961708e+01 +1.123796171e+02 +1.123796171e+02 +3.6995e+00 +3.3859e+00 -2.9896e+00
452 +1.757951327e+01 +1.757951327e+01 +5.924951327e+01 +5.924951327e+01 +6.7333e+00 +3.4509e+00 -2.9947e+00
524 +1.439206253e+01 +1.439206253e+01 +5.606206253e+01 +5.606206253e+01 +3.8131e+00 +3.5191e+00 -2.9943e+00
802 +1.271106784e+01 +1.271106784e+01 +5.438106784e+01 +5.438106784e+01 +5.6715e+00 +3.3522e+00 -2.9978e+00
928 +1.193395144e+01 +1.193395144e+01 +5.360395144e+01 +5.360395144e+01 +3.2754e+00 +3.5345e+00 -2.9992e+00
953 +6.031390858e+00 +6.031390858e+00 +4.770139086e+01 +4.770139086e+01 +4.7290e+00 +3.3967e+00 -2.9962e+00
997 +2.458662801e-01 +2.458662801e-01 +4.191586628e+01 +4.191586628e+01 +3.5303e+00 +3.4463e+00 -2.9971e+00
1658 +2.450155956e-01 +2.450155956e-01 +4.191501560e+01 +4.191501560e+01 +3.0764e+00 +3.4312e+00 -2.9975e+00
1734 +1.406579856e-01 +1.406579856e-01 +4.181065799e+01 +4.181065799e+01 +3.7605e+00 +3.4457e+00 -2.9977e+00
1824 +1.297748185e-01 +1.297748185e-01 +4.179977482e+01 +4.179977482e+01 +3.7265e+00 +3.4389e+00 -2.9975e+00
1990 +1.207562409e-01 +1.207562409e-01 +4.179075624e+01 +4.179075624e+01 +3.3014e+00 +3.4334e+00 -2.9974e+00
2001 +7.900397093e-02 +7.900397093e-02 +4.174900397e+01 +4.174900397e+01 +3.5094e+00 +3.4505e+00 -2.9976e+00
2007 +6.667597315e-02 +6.667597315e-02 +4.173667597e+01 +4.173667597e+01 +3.2327e+00 +3.4372e+00 -2.9976e+00
2093 +2.668158007e-02 +2.668158007e-02 +4.169668158e+01 +4.169668158e+01 +3.4711e+00 +3.4435e+00 -2.9974e+00
2102 +1.450582792e-02 +1.450582792e-02 +4.168450583e+01 +4.168450583e+01 +3.4634e+00 +3.4425e+00 -2.9975e+00
2129 +3.237446706e-03 +3.237446706e-03 +4.167323745e+01 +4.167323745e+01 +3.4204e+00 +3.4411e+00 -2.9976e+00
2346 +2.462411811e-03 +2.462411811e-03 +4.167246241e+01 +4.167246241e+01 +3.3834e+00 +3.4436e+00 -2.9976e+00
2420 +1.406864723e-03 +1.406864723e-03 +4.167140686e+01 +4.167140686e+01 +3.4416e+00 +3.4417e+00 -2.9976e+00
2611 +7.838542199e-04 +7.838542199e-04 +4.167078385e+01 +4.167078385e+01 +3.3920e+00 +3.4428e+00 -2.9976e+00
2667 +1.203448655e-04 +1.203448655e-04 +4.167012034e+01 +4.167012034e+01 +3.4054e+00 +3.4423e+00 -2.9976e+00
3191 +8.748872204e-05 +8.748872204e-05 +4.167008749e+01 +4.167008749e+01 +3.4202e+00 +3.4424e+00 -2.9976e+00
3453 +5.922688146e-05 +5.922688146e-05 +4.167005923e+01 +4.167005923e+01 +3.4162e+00 +3.4422e+00 -2.9976e+00
3509 +3.906156749e-05 +3.906156749e-05 +4.167003906e+01 +4.167003906e+01 +3.4103e+00 +3.4424e+00 -2.9976e+00
3665 +1.450929630e-05 +1.450929630e-05 +4.167001451e+01 +4.167001451e+01 +3.4136e+00 +3.4423e+00 -2.9976e+00
3690 +4.926772590e-06 +4.926772590e-06 +4.167000493e+01 +4.167000493e+01 +3.4117e+00 +3.4424e+00 -2.9976e+00
3771 +4.893411834e-06 +4.893411834e-06 +4.167000489e+01 +4.167000489e+01 +3.4149e+00 +3.4424e+00 -2.9976e+00
3858 +2.956427487e-06 +2.956427487e-06 +4.167000296e+01 +4.167000296e+01 +3.4153e+00 +3.4424e+00 -2.9976e+00
4171 +8.772329991e-07 +8.772329991e-07 +4.167000088e+01 +4.167000088e+01 +3.4140e+00 +3.4424e+00 -2.9976e+00
4249 +3.944205460e-07 +3.944205460e-07 +4.167000039e+01 +4.167000039e+01 +3.4132e+00 +3.4424e+00 -2.9976e+00
4749 +1.032503150e-07 +1.032503150e-07 +4.167000010e+01 +4.167000010e+01 +3.4139e+00 +3.4424e+00 -2.9976e+00
5002 +6.952812015e-08 +6.952812015e-08 +4.167000007e+01 +4.167000007e+01 +3.4136e+00 +3.4424e+00 -2.9976e+00
5359 +1.632878366e-08 +1.632878366e-08 +4.167000002e+01 +4.167000002e+01 +3.4136e+00 +3.4424e+00 -2.9976e+00
5773 +1.004622163e-08 +1.004622163e-08 +4.167000001e+01 +4.167000001e+01 +3.4135e+00 +3.4424e+00 -2.9976e+00
5832 +8.320860445e-09 +8.320860445e-09 +4.167000001e+01 +4.167000001e+01 +3.4136e+00 +3.4424e+00 -2.9976e+00
8777 +0.000000000e+00 +0.000000000e+00 +4.167000000e+01 +4.167000000e+01 +3.4136e+00 +3.4424e+00 -2.9976e+00
% function evaluation | noise-free fitness - Fopt (-1.909500000000e+02) | best noise-free fitness - Fopt | measured fitness | best measured fitness | x1 | x2...
1 +7.601072053e+06 +7.601072053e+06 +7.600881103e+06 +7.600881103e+06 +0.0000e+00 +0.0000e+00 +0.0000e+00
2 +6.504239778e+06 +6.504239778e+06 +6.504048828e+06 +6.504048828e+06 -3.5256e+00 -7.5870e+00 -2.7854e-01
4 +2.623212561e+06 +2.623212561e+06 +2.623021611e+06 +2.623021611e+06 +1.3644e+00 +1.1493e+00 -9.3095e-01
12 +1.634459245e+05 +1.634459245e+05 +1.632549745e+05 +1.632549745e+05 +2.4647e+00 -1.1729e+00 -2.2515e+00
23 +1.533989476e+05 +1.533989476e+05 +1.532079976e+05 +1.532079976e+05 +2.1453e+00 -2.6121e+00 -2.2622e+00
36 +3.854870966e+02 +3.854870966e+02 +1.945370966e+02 +1.945370966e+02 +2.4202e+00 -2.9217e+00 -2.6581e+00
207 +1.749806200e+02 +1.749806200e+02 -1.596938005e+01 -1.596938005e+01 +3.7389e+00 -2.5055e+00 -2.6819e+00
209 +3.500835019e+01 +3.500835019e+01 -1.559416498e+02 -1.559416498e+02 +2.6136e+00 -2.8726e+00 -2.6801e+00
1005 +2.225580209e+01 +2.225580209e+01 -1.686941979e+02 -1.686941979e+02 +1.2413e+00 -2.8908e+00 -2.6797e+00
1007 +1.873493951e+01 +1.873493951e+01 -1.722150605e+02 -1.722150605e+02 +1.6532e+00 -2.8428e+00 -2.6778e+00
1037 +1.779441385e+01 +1.779441385e+01 -1.731555862e+02 -1.731555862e+02 +9.8818e-01 -2.7694e+00 -2.6765e+00
1046 +1.554818177e+01 +1.554818177e+01 -1.754018182e+02 -1.754018182e+02 +1.3047e+00 -2.8216e+00 -2.6775e+00
1091 +3.892234398e+00 +3.892234398e+00 -1.870577656e+02 -1.870577656e+02 -1.0274e+00 -2.7881e+00 -2.6777e+00
1219 +3.425431886e+00 +3.425431886e+00 -1.875245681e+02 -1.875245681e+02 -1.5484e+00 -2.8193e+00 -2.6761e+00
1236 +1.640436945e+00 +1.640436945e+00 -1.893095631e+02 -1.893095631e+02 -1.6663e+00 -2.8167e+00 -2.6784e+00
1245 +1.025879250e+00 +1.025879250e+00 -1.899241207e+02 -1.899241207e+02 -1.9598e+00 -2.8285e+00 -2.6768e+00
1284 +8.408185760e-01 +8.408185760e-01 -1.901091814e+02 -1.901091814e+02 -2.0305e+00 -2.8317e+00 -2.6782e+00
1293 +2.187431837e-01 +2.187431837e-01 -1.907312568e+02 -1.907312568e+02 -2.1724e+00 -2.8264e+00 -2.6776e+00
1528 +1.493068106e-01 +1.493068106e-01 -1.908006932e+02 -1.908006932e+02 -2.3274e+00 -2.8235e+00 -2.6775e+00
1557 +3.211962592e-02 +3.211962592e-02 -1.909178804e+02 -1.909178804e+02 -2.5636e+00 -2.8340e+00 -2.6777e+00
2033 +9.998616713e-04 +9.998616713e-04 -1.909490001e+02 -1.909490001e+02 -2.6172e+00 -2.8295e+00 -2.6776e+00
2596 +3.249761963e-04 +3.249761963e-04 -1.909496750e+02 -1.909496750e+02 -2.6488e+00 -2.8292e+00 -2.6776e+00
2811 +2.254583279e-04 +2.254583279e-04 -1.909497745e+02 -1.909497745e+02 -2.6467e+00 -2.8297e+00 -2.6776e+00
3115 +1.108235327e-04 +1.108235327e-04 -1.909498892e+02 -1.909498892e+02 -2.6376e+00 -2.8299e+00 -2.6776e+00
3280 +5.950752436e-05 +5.950752436e-05 -1.909499405e+02 -1.909499405e+02 -2.6411e+00 -2.8294e+00 -2.6776e+00
3439 +3.580682576e-05 +3.580682576e-05 -1.909499642e+02 -1.909499642e+02 -2.6461e+00 -2.8297e+00 -2.6776e+00
3709 +2.581867599e-05 +2.581867599e-05 -1.909499742e+02 -1.909499742e+02 -2.6395e+00 -2.8297e+00 -2.6776e+00
3738 +2.345550683e-05 +2.345550683e-05 -1.909499765e+02 -1.909499765e+02 -2.6428e+00 -2.8296e+00 -2.6776e+00
3787 +4.612367405e-06 +4.612367405e-06 -1.909499954e+02 -1.909499954e+02 -2.6421e+00 -2.8296e+00 -2.6776e+00
4151 +1.681286079e-06 +1.681286079e-06 -1.909499983e+02 -1.909499983e+02 -2.6443e+00 -2.8296e+00 -2.6776e+00
4281 +5.181139784e-07 +5.181139784e-07 -1.909499995e+02 -1.909499995e+02 -2.6426e+00 -2.8296e+00 -2.6776e+00
4443 +2.815740743e-07 +2.815740743e-07 -1.909499997e+02 -1.909499997e+02 -2.6435e+00 -2.8296e+00 -2.6776e+00
4822 +7.760615972e-08 +7.760615972e-08 -1.909499999e+02 -1.909499999e+02 -2.6432e+00 -2.8296e+00 -2.6776e+00
5158 +6.132526664e-08 +6.132526664e-08 -1.909499999e+02 -1.909499999e+02 -2.6432e+00 -2.8296e+00 -2.6776e+00
5580 +2.571820801e-08 +2.571820801e-08 -1.909500000e+02 -1.909500000e+02 -2.6432e+00 -2.8296e+00 -2.6776e+00
5627 +9.318682714e-09 +9.318682714e-09 -1.909500000e+02 -1.909500000e+02 -2.6432e+00 -2.8296e+00 -2.6776e+00
8580 +0.000000000e+00 +0.000000000e+00 -1.909500000e+02 -1.909500000e+02 -2.6432e+00 -2.8296e+00 -2.6776e+00
% function evaluation | noise-free fitness - Fopt (1.370000000000e+00) | best noise-free fitness - Fopt | measured fitness | best measured fitness | x1 | x2...
1 +1.513121172e+07 +1.513121172e+07 +1.513121309e+07 +1.513121309e+07 +0.0000e+00 +0.0000e+00 +0.0000e+00
3 +1.030922419e+07 +1.030922419e+07 +1.030922556e+07 +1.030922556e+07 +8.1329e-01 +8.8348e-01 +6.2394e-01
5 +9.585986836e+06 +9.585986836e+06 +9.585988206e+06 +9.585988206e+06 +5.8056e-01 +5.3001e-01 +7.2710e-01
12 +4.329720052e+06 +4.329720052e+06 +4.329721422e+06 +4.329721422e+06 -2.0642e-02 +5.2703e+00 +1.8009e+00
18 +2.164646621e+05 +2.164646621e+05 +2.164660321e+05 +2.164660321e+05 -9.9525e-01 -4.8424e+00 +3.4744e+00
23 +1.240645449e+05 +1.240645449e+05 +1.240659149e+05 +1.240659149e+05 +1.9914e-01 -5.3891e+00 +3.6063e+00
36 +9.452807544e+04 +9.452807544e+04 +9.452944544e+04 +9.452944544e+04 -2.5259e-02 -5.7354e+00 +4.0774e+00
37 +7.469668150e+04 +7.469668150e+04 +7.469805150e+04 +7.469805150e+04 +2.3363e-01 -6.5980e+00 +3.8242e+00
46 +5.564117992e+04 +5.564117992e+04 +5.564254992e+04 +5.564254992e+04 -9.9731e-01 -5.3147e+00 +3.9671e+00
90 +4.802713901e+04 +4.802713901e+04 +4.802850901e+04 +4.802850901e+04 -2.7007e-01 -5.1897e+00 +3.8385e+00
149 +4.323889262e+04 +4.323889262e+04 +4.324026262e+04 +4.324026262e+04 +1.0947e+00 -4.7996e+00 +3.9257e+00
155 +3.684415356e+04 +3.684415356e+04 +3.684552356e+04 +3.684552356e+04 +9.0481e-01 -3.9749e+00 +3.8039e+00
176 +3.096752186e+04 +3.096752186e+04 +3.096889186e+04 +3.096889186e+04 -2.5774e-01 -3.8154e+00 +3.8620e+00
184 +3.038154546e+04 +3.038154546e+04 +3.038291546e+04 +3.038291546e+04 -2.3472e-02 -2.9487e+00 +3.7906e+00
208 +4.587278263e+03 +4.587278263e+03 +4.588648263e+03 +4.588648263e+03 -4.8792e-01 +2.0689e-01 +3.8484e+00
284 +3.730669701e+03 +3.730669701e+03 +3.732039701e+03 +3.732039701e+03 -1.5503e+00 +7.0094e-01 +3.9220e+00
289 +3.711232683e+02 +3.711232683e+02 +3.724932683e+02 +3.724932683e+02 -1.1930e+00 +1.3540e+00 +3.8802e+00
318 +1.395894958e+02 +1.395894958e+02 +1.409594958e+02 +1.409594958e+02 -8.2874e-01 +2.2803e+00 +3.8746e+00
523 +1.110091912e+02 +1.110091912e+02 +1.123791912e+02 +1.123791912e+02 +1.2213e-01 +1.6889e+00 +3.8819e+00
606 +1.012840393e+02 +1.012840393e+02 +1.026540393e+02 +1.026540393e+02 +2.0613e+00 +2.1996e+00 +3.8720e+00
750 +7.553217424e+01 +7.553217424e+01 +7.690217424e+01 +7.690217424e+01 +4.6905e+00 +1.9572e+00 +3.8883e+00
782 +5.549367263e+01 +5.549367263e+01 +5.686367263e+01 +5.686367263e+01 +3.5605e+00 +2.1340e+00 +3.8739e+00
910 +1.035501207e+01 +1.035501207e+01 +1.172501207e+01 +1.172501207e+01 +1.8347e+00 +1.9612e+00 +3.8775e+00
966 +1.823955810e+00 +1.823955810e+00 +3.193955810e+00 +3.193955810e+00 +3.4288e+00 +1.9532e+00 +3.8800e+00
967 +1.655090045e+00 +1.655090045e+00 +3.025090045e+00 +3.025090045e+00 +4.1659e+00 +2.0053e+00 +3.8788e+00
1145 +1.364599510e+00 +1.364599510e+00 +2.734599510e+00 +2.734599510e+00 +4.4586e+00 +2.0194e+00 +3.8802e+00
1376 +4.796152468e-01 +4.796152468e-01 +1.849615247e+00 +1.849615247e+00 +3.4266e+00 +2.0052e+00 +3.8805e+00
1778 +4.677885393e-01 +4.677885393e-01 +1.837788539e+00 +1.837788539e+00 +3.6502e+00 +1.9948e+00 +3.8793e+00
1915 +4.372430755e-01 +4.372430755e-01 +1.807243075e+00 +1.807243075e+00 +4.0151e+00 +1.9736e+00 +3.8801e+00
1963 +1.227988786e-01 +1.227988786e-01 +1.492798879e+00 +1.492798879e+00 +3.9833e+00 +1.9926e+00 +3.8802e+00
2071 +1.138480603e-01 +1.138480603e-01 +1.483848060e+00 +1.483848060e+00 +3.7563e+00 +2.0007e+00 +3.8798e+00
2073 +9.370963715e-02 +9.370963715e-02 +1.463709637e+00 +1.463709637e+00 +3.9162e+00 +1.9960e+00 +3.8798e+00
2088 +6.764938851e-02 +6.764938851e-02 +1.437649389e+00 +1.437649389e+00 +3.5382e+00 +1.9909e+00 +3.8798e+00
2280 +6.365292538e-02 +6.365292538e-02 +1.433652925e+00 +1.433652925e+00 +3.5033e+00 +1.9887e+00 +3.8799e+00
2290 +2.396174797e-02 +2.396174797e-02 +1.393961748e+00 +1.393961748e+00 +3.6293e+00 +1.9958e+00 +3.8800e+00
2483 +5.913250096e-03 +5.913250096e-03 +1.375913250e+00 +1.375913250e+00 +3.7914e+00 +1.9909e+00 +3.8800e+00
3031 +2.470580538e-03 +2.470580538e-03 +1.372470581e+00 +1.372470581e+00 +3.6850e+00 +1.9910e+00 +3.8800e+00
3207 +4.156958975e-04 +4.156958975e-04 +1.370415696e+00 +1.370415696e+00 +3.7395e+00 +1.9923e+00 +3.8800e+00
3282 +1.018191005e-04 +1.018191005e-04 +1.370101819e+00 +1.370101819e+00 +3.7148e+00 +1.9922e+00 +3.8800e+00
3709 +8.285156376e-05 +8.285156376e-05 +1.370082852e+00 +1.370082852e+00 +3.7297e+00 +1.9921e+00 +3.8800e+00
3716 +2.598565011e-05 +2.598565011e-05 +1.370025986e+00 +1.370025986e+00 +3.7189e+00 +1.9919e+00 +3.8800e+00
3870 +2.111446893e-05 +2.111446893e-05 +1.370021114e+00 +1.370021114e+00 +3.7200e+00 +1.9921e+00 +3.8800e+00
3932 +4.203492166e-06 +4.203492166e-06 +1.370004203e+00 +1.370004203e+00 +3.7223e+00 +1.9920e+00 +3.8800e+00
4289 +1.940773819e-06 +1.940773819e-06 +1.370001941e+00 +1.370001941e+00 +3.7208e+00 +1.9920e+00 +3.8800e+00
4439 +2.778363044e-07 +2.778363044e-07 +1.370000278e+00 +1.370000278e+00 +3.7215e+00 +1.9920e+00 +3.8800e+00
4570 +5.843183271e-08 +5.843183271e-08 +1.370000058e+00 +1.370000058e+00 +3.7217e+00 +1.9920e+00 +3.8800e+00
5287 +9.267369316e-09 +9.267369316e-09 +1.370000009e+00 +1.370000009e+00 +3.7217e+00 +1.9920e+00 +3.8800e+00
10152 +0.000000000e+00 +0.000000000e+00 +1.370000000e+00 +1.370000000e+00 +3.7216e+00 +1.9920e+00 +3.8800e+00
% function evaluation | noise-free fitness - Fopt (-1.645800000000e+02) | best noise-free fitness - Fopt | measured fitness | best measured fitness | x1 | x2...
1 +7.791149787e+06 +7.791149787e+06 +7.790985207e+06 +7.790985207e+06 +0.0000e+00 +0.0000e+00 +0.0000e+00
2 +4.173790851e+04 +4.173790851e+04 +4.157332851e+04 +4.157332851e+04 +1.1524e-01 -1.1263e+00 -2.9348e+00
13 +2.225082030e+04 +2.225082030e+04 +2.208624030e+04 +2.208624030e+04 -6.3843e-01 -3.8614e+00 -2.6520e+00
22 +2.102387893e+04 +2.102387893e+04 +2.085929893e+04 +2.085929893e+04 -1.0975e+00 -2.4058e+00 -2.6099e+00
37 +4.323779507e+03 +4.323779507e+03 +4.159199507e+03 +4.159199507e+03 +6.9649e-01 +3.3910e-01 -2.8093e+00
58 +3.981292900e+03 +3.981292900e+03 +3.816712900e+03 +3.816712900e+03 -1.1683e+00 -1.9870e+00 -2.7321e+00
74 +3.174415548e+03 +3.174415548e+03 +3.009835548e+03 +3.009835548e+03 -1.2421e+00 -1.6868e+00 -2.7310e+00
184 +1.241827921e+03 +1.241827921e+03 +1.077247921e+03 +1.077247921e+03 +6.1626e+00 +1.0026e+00 -2.7446e+00
196 +8.115743143e+02 +8.115743143e+02 +6.469943143e+02 +6.469943143e+02 +7.7913e+00 +3.9134e-01 -2.7626e+00
209 +3.764519269e+02 +3.764519269e+02 +2.118719269e+02 +2.118719269e+02 +8.2963e+00 -1.2545e-01 -2.7553e+00
360 +1.769257857e+02 +1.769257857e+02 +1.234578565e+01 +1.234578565e+01 +9.8613e+00 +5.7030e-02 -2.7305e+00
634 +1.422948700e+02 +1.422948700e+02 -2.228512999e+01 -2.228512999e+01 +8.8421e+00 +1.2318e-01 -2.7445e+00
708 +1.337571990e+02 +1.337571990e+02 -3.082280104e+01 -3.082280104e+01 +9.9569e+00 -4.3688e-02 -2.7328e+00
713 +1.131792220e+02 +1.131792220e+02 -5.140077802e+01 -5.140077802e+01 +9.5896e+00 -1.3213e-01 -2.7415e+00
934 +8.806020658e+01 +8.806020658e+01 -7.651979342e+01 -7.651979342e+01 +8.6497e+00 +1.6152e-02 -2.7361e+00
1034 +8.673256721e+01 +8.673256721e+01 -7.784743279e+01 -7.784743279e+01 +6.9416e+00 -2.2510e-02 -2.7340e+00
1050 +8.403350262e+01 +8.403350262e+01 -8.054649738e+01 -8.054649738e+01 +8.0193e+00 -1.3880e-01 -2.7398e+00
1053 +8.279733646e+01 +8.279733646e+01 -8.178266354e+01 -8.178266354e+01 +8.4201e+00 -4.2272e-02 -2.7356e+00
1093 +7.844298889e+01 +7.844298889e+01 -8.613701111e+01 -8.613701111e+01 +6.1989e+00 +7.3468e-02 -2.7416e+00
1095 +6.963095870e+01 +6.963095870e+01 -9.494904130e+01 -9.494904130e+01 +6.9820e+00 -7.0045e-02 -2.7364e+00
1097 +6.567523953e+01 +6.567523953e+01 -9.890476047e+01 -9.890476047e+01 +5.4900e+00 +7.1161e-02 -2.7350e+00
1106 +5.344969081e+01 +5.344969081e+01 -1.111303092e+02 -1.111303092e+02 +5.1202e+00 -2.0848e-02 -2.7422e+00
1131 +1.423808311e+01 +1.423808311e+01 -1.503419169e+02 -1.503419169e+02 +2.6653e+00 -5.1857e-02 -2.7368e+00
1153 +6.063092237e+00 +6.063092237e+00 -1.585169078e+02 -1.585169078e+02 +1.4906e+00 -4.2907e-02 -2.7385e+00
1173 +3.405481438e+00 +3.405481438e+00 -1.611745186e+02 -1.611745186e+02 +7.2897e-01 -6.5042e-02 -2.7390e+00
1319 +3.013146711e+00 +3.013146711e+00 -1.615668533e+02 -1.615668533e+02 -1.6021e+00 -1.4322e-02 -2.7369e+00
1322 +1.509210924e+00 +1.509210924e+00 -1.630707891e+02 -1.630707891e+02 -1.1005e+00 -5.8752e-02 -2.7375e+00
1335 +1.045888090e+00 +1.045888090e+00 -1.635341119e+02 -1.635341119e+02 -5.6597e-01 -3.6772e-03 -2.7382e+00
1412 +7.279989612e-01 +7.279989612e-01 -1.638520010e+02 -1.638520010e+02 -7.9836e-01 -3.9060e-02 -2.7393e+00
1542 +3.883478274e-01 +3.883478274e-01 -1.641916522e+02 -1.641916522e+02 -4.5545e-01 -2.8829e-02 -2.7388e+00
1625 +1.530369584e-01 +1.530369584e-01 -1.644269630e+02 -1.644269630e+02 -7.3208e-01 -2.4352e-02 -2.7383e+00
1635 +1.221352935e-01 +1.221352935e-01 -1.644578647e+02 -1.644578647e+02 -6.1263e-01 -3.0338e-02 -2.7382e+00
1893 +1.044506881e-01 +1.044506881e-01 -1.644755493e+02 -1.644755493e+02 -9.8552e-01 -4.1449e-02 -2.7386e+00
1903 +3.461183761e-02 +3.461183761e-02 -1.645453882e+02 -1.645453882e+02 -6.9145e-01 -3.6832e-02 -2.7385e+00
1918 +2.901370373e-02 +2.901370373e-02 -1.645509863e+02 -1.645509863e+02 -8.3773e-01 -3.1453e-02 -2.7385e+00
2194 +1.805588427e-02 +1.805588427e-02 -1.645619441e+02 -1.645619441e+02 -7.1167e-01 -3.5647e-02 -2.7383e+00
2219 +1.571654707e-02 +1.571654707e-02 -1.645642835e+02 -1.645642835e+02 -8.7212e-01 -3.5050e-02 -2.7383e+00
2289 +1.413249006e-02 +1.413249006e-02 -1.645658675e+02 -1.645658675e+02 -8.2158e-01 -3.2506e-02 -2.7383e+00
2458 +8.507446604e-03 +8.507446604e-03 -1.645714926e+02 -1.645714926e+02 -9.0696e-01 -3.5014e-02 -2.7384e+00
2513 +4.711927719e-03 +4.711927719e-03 -1.645752881e+02 -1.645752881e+02 -7.6850e-01 -3.7121e-02 -2.7384e+00
2530 +8.987557594e-04 +8.987557594e-04 -1.645791012e+02 -1.645791012e+02 -8.4300e-01 -3.5755e-02 -2.7384e+00
2582 +6.009941580e-04 +6.009941580e-04 -1.645793990e+02 -1.645793990e+02 -8.3592e-01 -3.6200e-02 -2.7384e+00
2981 +4.428921452e-04 +4.428921452e-04 -1.645795571e+02 -1.645795571e+02 -8.2937e-01 -3.6019e-02 -2.7384e+00
3351 +3.261259389e-04 +3.261259389e-04 -1.645796739e+02 -1.645796739e+02 -8.2964e-01 -3.6321e-02 -2.7384e+00
3482 +1.286773441e-04 +1.286773441e-04 -1.645798713e+02 -1.645798713e+02 -8.2401e-01 -3.5811e-02 -2.7384e+00
3597 +8.876892139e-05 +8.876892139e-05 -1.645799112e+02 -1.645799112e+02 -8.2007e-01 -3.5906e-02 -2.7384e+00
3598 +8.222590481e-05 +8.222590481e-05 -1.645799178e+02 -1.645799178e+02 -8.2364e-01 -3.6027e-02 -2.7384e+00
3603 +5.990164630e-05 +5.990164630e-05 -1.645799401e+02 -1.645799401e+02 -8.1817e-01 -3.6161e-02 -2.7384e+00
3657 +2.234471577e-05 +2.234471577e-05 -1.645799777e+02 -1.645799777e+02 -8.2279e-01 -3.5976e-02 -2.7384e+00
3744 +1.602997142e-05 +1.602997142e-05 -1.645799840e+02 -1.645799840e+02 -8.1886e-01 -3.5949e-02 -2.7384e+00
3866 +5.073941821e-06 +5.073941821e-06 -1.645799949e+02 -1.645799949e+02 -8.2127e-01 -3.6057e-02 -2.7384e+00
4136 +3.310460613e-06 +3.310460613e-06 -1.645799967e+02 -1.645799967e+02 -8.2249e-01 -3.5939e-02 -2.7384e+00
4236 +8.309260409e-07 +8.309260409e-07 -1.645799992e+02 -1.645799992e+02 -8.2278e-01 -3.5976e-02 -2.7384e+00
4600 +2.843770801e-07 +2.843770801e-07 -1.645799997e+02 -1.645799997e+02 -8.2246e-01 -3.6015e-02 -2.7384e+00
4639 +2.161339978e-07 +2.161339978e-07 -1.645799998e+02 -1.645799998e+02 -8.2222e-01 -3.6010e-02 -2.7384e+00
5003 +4.000452236e-08 +4.000452236e-08 -1.645800000e+02 -1.645800000e+02 -8.2249e-01 -3.6005e-02 -2.7384e+00
5268 +3.910756163e-08 +3.910756163e-08 -1.645800000e+02 -1.645800000e+02 -8.2253e-01 -3.5995e-02 -2.7384e+00
5390 +1.412138317e-08 +1.412138317e-08 -1.645800000e+02 -1.645800000e+02 -8.2247e-01 -3.6003e-02 -2.7384e+00
5632 +1.037486186e-08 +1.037486186e-08 -1.645800000e+02 -1.645800000e+02 -8.2249e-01 -3.6001e-02 -2.7384e+00
5645 +7.457629181e-09 +7.457629181e-09 -1.645800000e+02 -1.645800000e+02 -8.2239e-01 -3.5998e-02 -2.7384e+00
8589 +0.000000000e+00 +0.000000000e+00 -1.645800000e+02 -1.645800000e+02 -8.2240e-01 -3.6000e-02 -2.7384e+00
% function evaluation | noise-free fitness - Fopt (-1.803800000000e+02) | best noise-free fitness - Fopt | measured fitness | best measured fitness | x1 | x2...
1 +6.352950106e+06 +6.352950106e+06 +6.352769726e+06 +6.352769726e+06 +0.0000e+00 +0.0000e+00 +0.0000e+00
5 +5.318238948e+06 +5.318238948e+06 +5.318058568e+06 +5.318058568e+06 +2.1803e+00 -1.9276e+00 +2.4121e-01
15 +3.676613537e+06 +3.676613537e+06 +3.676433157e+06 +3.676433157e+06 +3.8597e+00 -1.6747e+00 +7.5894e-01
18 +2.764928442e+06 +2.764928442e+06 +2.764748062e+06 +2.764748062e+06 +5.5478e+00 -5.6002e+00 +1.0990e+00
22 +7.331937529e+05 +7.331937529e+05 +7.330133729e+05 +7.330133729e+05 +9.6848e+00 -8.8629e+00 +3.4153e+00
25 +2.635170289e+05 +2.635170289e+05 +2.633366489e+05 +2.633366489e+05 +1.0597e+01 -9.0059e+00 +2.3301e+00
32 +2.465372766e+05 +2.465372766e+05 +2.463568966e+05 +2.463568966e+05 +1.2917e+01 -1.0903e+01 +2.5844e+00
40 +1.258985311e+05 +1.258985311e+05 +1.257181511e+05 +1.257181511e+05 +7.1746e+00 -6.7487e+00 +2.4978e+00
86 +9.243776182e+04 +9.243776182e+04 +9.225738182e+04 +9.225738182e+04 +1.8620e+00 -5.8434e+00 +2.5449e+00
109 +5.122973657e+04 +5.122973657e+04 +5.104935657e+04 +5.104935657e+04 +5.2178e+00 -3.9980e+00 +2.6343e+00
145 +2.903839957e+04 +2.903839957e+04 +2.885801957e+04 +2.885801957e+04 +7.4034e+00 -1.5220e+00 +2.5250e+00
148 +2.736408874e+04 +2.736408874e+04 +2.718370874e+04 +2.718370874e+04 +7.2771e+00 +7.9713e-01 +2.4672e+00
151 +1.321174123e+04 +1.321174123e+04 +1.303136123e+04 +1.303136123e+04 +6.0206e+00 -1.6068e-01 +2.6083e+00
168 +1.128392433e+04 +1.128392433e+04 +1.110354433e+04 +1.110354433e+04 +6.7127e+00 +5.9002e-01 +2.5420e+00
183 +6.405720144e+03 +6.405720144e+03 +6.225340144e+03 +6.225340144e+03 +4.4320e+00 +1.1913e+00 +2.5682e+00
215 +6.161818488e+03 +6.161818488e+03 +5.981438488e+03 +5.981438488e+03 +7.4461e-01 +9.9082e-01 +2.5834e+00
237 +5.020755514e+03 +5.020755514e+03 +4.840375514e+03 +4.840375514e+03 +9.3753e-01 +1.2414e+00 +2.5889e+00
251 +3.799839002e+03 +3.799839002e+03 +3.619459002e+03 +3.619459002e+03 +3.8743e+00 +1.7267e+00 +2.5839e+00
325 +2.831690434e+03 +2.831690434e+03 +2.651310434e+03 +2.651310434e+03 -1.1903e+00 +3.0652e+00 +2.5530e+00
332 +4.570227871e+02 +4.570227871e+02 +2.766427871e+02 +2.766427871e+02 -7.4118e-01 +3.5495e+00 +2.5821e+00
337 +8.536196382e+01 +8.536196382e+01 -9.501803618e+01 -9.501803618e+01 -1.5098e+00 +3.6095e+00 +2.5948e+00
489 +7.130716909e+01 +7.130716909e+01 -1.090728309e+02 -1.090728309e+02 +2.4625e+00 +3.4818e+00 +2.6087e+00
670 +6.862428057e+01 +6.862428057e+01 -1.117557194e+02 -1.117557194e+02 +8.9237e-01 +3.4204e+00 +2.5962e+00
705 +3.055279984e+01 +3.055279984e+01 -1.498272002e+02 -1.498272002e+02 +4.4945e-01 +3.5294e+00 +2.6004e+00
803 +3.522704037e+00 +3.522704037e+00 -1.768572960e+02 -1.768572960e+02 -2.6530e+00 +3.4625e+00 +2.6045e+00
1167 +1.664946619e+00 +1.664946619e+00 -1.787150534e+02 -1.787150534e+02 -4.4683e+00 +3.4312e+00 +2.6035e+00
1182 +6.619283461e-01 +6.619283461e-01 -1.797180717e+02 -1.797180717e+02 -3.6683e+00 +3.4834e+00 +2.6027e+00
1419 +2.514701233e-01 +2.514701233e-01 -1.801285299e+02 -1.801285299e+02 -4.1297e+00 +3.4514e+00 +2.6033e+00
1849 +2.108522527e-01 +2.108522527e-01 -1.801691477e+02 -1.801691477e+02 -3.9730e+00 +3.4623e+00 +2.6028e+00
1858 +7.189127497e-03 +7.189127497e-03 -1.803728109e+02 -1.803728109e+02 -3.9002e+00 +3.4662e+00 +2.6031e+00
2491 +6.034641274e-03 +6.034641274e-03 -1.803739654e+02 -1.803739654e+02 -3.8444e+00 +3.4660e+00 +2.6032e+00
2714 +3.308994131e-03 +3.308994131e-03 -1.803766910e+02 -1.803766910e+02 -3.8648e+00 +3.4653e+00 +2.6032e+00
2913 +2.560547941e-03 +2.560547941e-03 -1.803774395e+02 -1.803774395e+02 -3.9150e+00 +3.4642e+00 +2.6032e+00
3025 +1.748357708e-03 +1.748357708e-03 -1.803782516e+02 -1.803782516e+02 -3.8520e+00 +3.4652e+00 +2.6032e+00
3181 +8.319472590e-04 +8.319472590e-04 -1.803791681e+02 -1.803791681e+02 -3.9056e+00 +3.4641e+00 +2.6032e+00
3203 +6.178733396e-04 +6.178733396e-04 -1.803793821e+02 -1.803793821e+02 -3.8820e+00 +3.4643e+00 +2.6032e+00
3277 +3.026811953e-04 +3.026811953e-04 -1.803796973e+02 -1.803796973e+02 -3.9041e+00 +3.4646e+00 +2.6032e+00
3384 +2.205551476e-04 +2.205551476e-04 -1.803797794e+02 -1.803797794e+02 -3.9015e+00 +3.4645e+00 +2.6032e+00
3743 +1.527824503e-04 +1.527824503e-04 -1.803798472e+02 -1.803798472e+02 -3.8986e+00 +3.4650e+00 +2.6032e+00
3862 +1.085792450e-04 +1.085792450e-04 -1.803798914e+02 -1.803798914e+02 -3.8842e+00 +3.4648e+00 +2.6032e+00
3888 +7.615045908e-05 +7.615045908e-05 -1.803799238e+02 -1.803799238e+02 -3.8852e+00 +3.4648e+00 +2.6032e+00
4006 +6.568559684e-05 +6.568559684e-05 -1.803799343e+02 -1.803799343e+02 -3.8859e+00 +3.4647e+00 +2.6032e+00
4057 +2.292361719e-05 +2.292361719e-05 -1.803799771e+02 -1.803799771e+02 -3.8913e+00 +3.4647e+00 +2.6032e+00
4202 +1.317703416e-05 +1.317703416e-05 -1.803799868e+02 -1.803799868e+02 -3.8938e+00 +3.4649e+00 +2.6032e+00
4342 +9.239788852e-06 +9.239788852e-06 -1.803799908e+02 -1.803799908e+02 -3.8904e+00 +3.4648e+00 +2.6032e+00
4485 +2.662533461e-06 +2.662533461e-06 -1.803799973e+02 -1.803799973e+02 -3.8930e+00 +3.4648e+00 +2.6032e+00
4576 +1.287549310e-06 +1.287549310e-06 -1.803799987e+02 -1.803799987e+02 -3.8929e+00 +3.4648e+00 +2.6032e+00
4759 +8.682006296e-07 +8.682006296e-07 -1.803799991e+02 -1.803799991e+02 -3.8924e+00 +3.4648e+00 +2.6032e+00
4962 +4.828446265e-07 +4.828446265e-07 -1.803799995e+02 -1.803799995e+02 -3.8929e+00 +3.4648e+00 +2.6032e+00
5295 +2.092781415e-07 +2.092781415e-07 -1.803799998e+02 -1.803799998e+02 -3.8925e+00 +3.4648e+00 +2.6032e+00
5587 +9.830577596e-08 +9.830577596e-08 -1.803799999e+02 -1.803799999e+02 -3.8929e+00 +3.4648e+00 +2.6032e+00
5591 +8.225293868e-08 +8.225293868e-08 -1.803799999e+02 -1.803799999e+02 -3.8931e+00 +3.4648e+00 +2.6032e+00
5633 +5.803613590e-08 +5.803613590e-08 -1.803799999e+02 -1.803799999e+02 -3.8929e+00 +3.4648e+00 +2.6032e+00
5719 +4.826995337e-08 +4.826995337e-08 -1.803800000e+02 -1.803800000e+02 -3.8928e+00 +3.4648e+00 +2.6032e+00
5779 +2.979817282e-08 +2.979817282e-08 -1.803800000e+02 -1.803800000e+02 -3.8926e+00 +3.4648e+00 +2.6032e+00
6126 +2.577186820e-08 +2.577186820e-08 -1.803800000e+02 -1.803800000e+02 -3.8929e+00 +3.4648e+00 +2.6032e+00
6147 +9.340425322e-09 +9.340425322e-09 -1.803800000e+02 -1.803800000e+02 -3.8928e+00 +3.4648e+00 +2.6032e+00
8925 +0.000000000e+00 +0.000000000e+00 -1.803800000e+02 -1.803800000e+02 -3.8928e+00 +3.4648e+00 +2.6032e+00
