% function evaluation | noise-free fitness - Fopt (-9.210000000000e+00) | best noise-free fitness - Fopt | measured fitness | best measured fitness | x1 | x2...
1 +7.899082053e+02 +7.899082053e+02 +7.806982053e+02 +7.806982053e+02
2 +7.740484397e+02 +7.740484397e+02 +7.648384397e+02 +7.648384397e+02
9 +7.516391987e+02 +7.516391987e+02 +7.424291987e+02 +7.424291987e+02
13 +7.028332693e+02 +7.028332693e+02 +6.936232693e+02 +6.936232693e+02
27 +6.866536686e+02 +6.866536686e+02 +6.774436686e+02 +6.774436686e+02
36 +6.527971436e+02 +6.527971436e+02 +6.435871436e+02 +6.435871436e+02
37 +6.370197522e+02 +6.370197522e+02 +6.278097522e+02 +6.278097522e+02
42 +6.213365826e+02 +6.213365826e+02 +6.121265826e+02 +6.121265826e+02
46 +6.010132227e+02 +6.010132227e+02 +5.918032227e+02 +5.918032227e+02
58 +5.855886066e+02 +5.855886066e+02 +5.763786066e+02 +5.763786066e+02
62 +5.747175676e+02 +5.747175676e+02 +5.655075676e+02 +5.655075676e+02
76 +5.217773084e+02 +5.217773084e+02 +5.125673084e+02 +5.125673084e+02
82 +5.037330267e+02 +5.037330267e+02 +4.945230267e+02 +4.945230267e+02
87 +4.744787573e+02 +4.744787573e+02 +4.652687573e+02 +4.652687573e+02
92 +4.512836164e+02 +4.512836164e+02 +4.420736164e+02 +4.420736164e+02
96 +4.222625871e+02 +4.222625871e+02 +4.130525871e+02 +4.130525871e+02
102 +4.096722036e+02 +4.096722036e+02 +4.004622036e+02 +4.004622036e+02
110 +3.916124597e+02 +3.916124597e+02 +3.824024597e+02 +3.824024597e+02
115 +3.874325611e+02 +3.874325611e+02 +3.782225611e+02 +3.782225611e+02
119 +3.699158232e+02 +3.699158232e+02 +3.607058232e+02 +3.607058232e+02
122 +3.520764755e+02 +3.520764755e+02 +3.428664755e+02 +3.428664755e+02
138 +3.356053835e+02 +3.356053835e+02 +3.263953835e+02 +3.263953835e+02
142 +3.253148000e+02 +3.253148000e+02 +3.161048000e+02 +3.161048000e+02
146 +3.124725212e+02 +3.124725212e+02 +3.032625212e+02 +3.032625212e+02
155 +2.787054802e+02 +2.787054802e+02 +2.694954802e+02 +2.694954802e+02
165 +2.699760559e+02 +2.699760559e+02 +2.607660559e+02 +2.607660559e+02
168 +2.541085669e+02 +2.541085669e+02 +2.448985669e+02 +2.448985669e+02
175 +2.427201874e+02 +2.427201874e+02 +2.335101874e+02 +2.335101874e+02
179 +2.259746046e+02 +2.259746046e+02 +2.167646046e+02 +2.167646046e+02
188 +2.192520193e+02 +2.192520193e+02 +2.100420193e+02 +2.100420193e+02
198 +2.093434346e+02 +2.093434346e+02 +2.001334346e+02 +2.001334346e+02
199 +1.998505777e+02 +1.998505777e+02 +1.906405777e+02 +1.906405777e+02
204 +1.926052672e+02 +1.926052672e+02 +1.833952672e+02 +1.833952672e+02
220 +1.878618543e+02 +1.878618543e+02 +1.786518543e+02 +1.786518543e+02
235 +1.781103214e+02 +1.781103214e+02 +1.689003214e+02 +1.689003214e+02
237 +1.748258419e+02 +1.748258419e+02 +1.656158419e+02 +1.656158419e+02
245 +1.732325441e+02 +1.732325441e+02 +1.640225441e+02 +1.640225441e+02
255 +1.670192596e+02 +1.670192596e+02 +1.578092596e+02 +1.578092596e+02
258 +1.552809398e+02 +1.552809398e+02 +1.460709398e+02 +1.460709398e+02
267 +1.542804935e+02 +1.542804935e+02 +1.450704935e+02 +1.450704935e+02
284 +1.446332938e+02 +1.446332938e+02 +1.354232938e+02 +1.354232938e+02
289 +1.365747254e+02 +1.365747254e+02 +1.273647254e+02 +1.273647254e+02
299 +1.309105865e+02 +1.309105865e+02 +1.217005865e+02 +1.217005865e+02
304 +1.238341076e+02 +1.238341076e+02 +1.146241076e+02 +1.146241076e+02
319 +1.173475075e+02 +1.173475075e+02 +1.081375075e+02 +1.081375075e+02
330 +1.101404339e+02 +1.101404339e+02 +1.009304339e+02 +1.009304339e+02
332 +1.037741934e+02 +1.037741934e+02 +9.456419338e+01 +9.456419338e+01
339 +9.462952428e+01 +9.462952428e+01 +8.541952428e+01 +8.541952428e+01
379 +9.188025575e+01 +9.188025575e+01 +8.267025575e+01 +8.267025575e+01
387 +8.650494867e+01 +8.650494867e+01 +7.729494867e+01 +7.729494867e+01
402 +7.865560875e+01 +7.865560875e+01 +6.944560875e+01 +6.944560875e+01
410 +7.429030025e+01 +7.429030025e+01 +6.508030025e+01 +6.508030025e+01
413 +7.151055109e+01 +7.151055109e+01 +6.230055109e+01 +6.230055109e+01
414 +7.030102108e+01 +7.030102108e+01 +6.109102108e+01 +6.109102108e+01
420 +6.327334132e+01 +6.327334132e+01 +5.406334132e+01 +5.406334132e+01
423 +6.110957295e+01 +6.110957295e+01 +5.189957295e+01 +5.189957295e+01
438 +5.929283297e+01 +5.929283297e+01 +5.008283297e+01 +5.008283297e+01
442 +5.861110324e+01 +5.861110324e+01 +4.940110324e+01 +4.940110324e+01
447 +5.440957950e+01 +5.440957950e+01 +4.519957950e+01 +4.519957950e+01
458 +4.836052115e+01 +4.836052115e+01 +3.915052115e+01 +3.915052115e+01
463 +4.615470615e+01 +4.615470615e+01 +3.694470615e+01 +3.694470615e+01
465 +4.144515892e+01 +4.144515892e+01 +3.223515892e+01 +3.223515892e+01
467 +4.010459138e+01 +4.010459138e+01 +3.089459138e+01 +3.089459138e+01
472 +3.880444567e+01 +3.880444567e+01 +2.959444567e+01 +2.959444567e+01
480 +3.775050971e+01 +3.775050971e+01 +2.854050971e+01 +2.854050971e+01
495 +2.733326028e+01 +2.733326028e+01 +1.812326028e+01 +1.812326028e+01
503 +2.665861270e+01 +2.665861270e+01 +1.744861270e+01 +1.744861270e+01
512 +2.207598074e+01 +2.207598074e+01 +1.286598074e+01 +1.286598074e+01
527 +2.055328973e+01 +2.055328973e+01 +1.134328973e+01 +1.134328973e+01
537 +2.010987700e+01 +2.010987700e+01 +1.089987700e+01 +1.089987700e+01
543 +1.888682055e+01 +1.888682055e+01 +9.676820550e+00 +9.676820550e+00
552 +1.346733578e+01 +1.346733578e+01 +4.257335784e+00 +4.257335784e+00
571 +1.109317519e+01 +1.109317519e+01 +1.883175186e+00 +1.883175186e+00
576 +1.001576714e+01 +1.001576714e+01 +8.057671429e-01 +8.057671429e-01
580 +9.750985621e+00 +9.750985621e+00 +5.409856213e-01 +5.409856213e-01
583 +8.733450039e+00 +8.733450039e+00 -4.765499607e-01 -4.765499607e-01
592 +8.296454534e+00 +8.296454534e+00 -9.135454657e-01 -9.135454657e-01
603 +6.253500240e+00 +6.253500240e+00 -2.956499760e+00 -2.956499760e+00
605 +5.583988013e+00 +5.583988013e+00 -3.626011987e+00 -3.626011987e+00
612 +4.768402923e+00 +4.768402923e+00 -4.441597077e+00 -4.441597077e+00
621 +3.445338265e+00 +3.445338265e+00 -5.764661735e+00 -5.764661735e+00
628 +3.150062920e+00 +3.150062920e+00 -6.059937080e+00 -6.059937080e+00
641 +1.943793961e+00 +1.943793961e+00 -7.266206039e+00 -7.266206039e+00
643 +1.891733303e+00 +1.891733303e+00 -7.318266697e+00 -7.318266697e+00
646 +1.850852335e+00 +1.850852335e+00 -7.359147665e+00 -7.359147665e+00
653 +0.000000000e+00 +0.000000000e+00 -9.210000000e+00 -9.210000000e+00
% function evaluation | noise-free fitness - Fopt (6.559900000000e+02) | best noise-free fitness - Fopt | measured fitness | best measured fitness | x1 | x2...
1 +7.899082053e+02 +7.899082053e+02 +1.445898205e+03 +1.445898205e+03
4 +6.778139401e+02 +6.778139401e+02 +1.333803940e+03 +1.333803940e+03
8 +6.647806299e+02 +6.647806299e+02 +1.320770630e+03 +1.320770630e+03
12 +6.572422929e+02 +6.572422929e+02 +1.313232293e+03 +1.313232293e+03
15 +6.253475992e+02 +6.253475992e+02 +1.281337599e+03 +1.281337599e+03
23 +5.796929945e+02 +5.796929945e+02 +1.235682994e+03 +1.235682994e+03
33 +5.585870611e+02 +5.585870611e+02 +1.214577061e+03 +1.214577061e+03
43 +5.449353390e+02 +5.449353390e+02 +1.200925339e+03 +1.200925339e+03
53 +5.267720548e+02 +5.267720548e+02 +1.182762055e+03 +1.182762055e+03
55 +5.089055149e+02 +5.089055149e+02 +1.164895515e+03 +1.164895515e+03
62 +5.010133519e+02 +5.010133519e+02 +1.157003352e+03 +1.157003352e+03
73 +4.895518813e+02 +4.895518813e+02 +1.145541881e+03 +1.145541881e+03
75 +4.577007118e+02 +4.577007118e+02 +1.113690712e+03 +1.113690712e+03
82 +4.361010040e+02 +4.361010040e+02 +1.092091004e+03 +1.092091004e+03
92 +4.130804967e+02 +4.130804967e+02 +1.069070497e+03 +1.069070497e+03
102 +3.965300968e+02 +3.965300968e+02 +1.052520097e+03 +1.052520097e+03
112 +3.846094309e+02 +3.846094309e+02 +1.040599431e+03 +1.040599431e+03
120 +3.789693732e+02 +3.789693732e+02 +1.034959373e+03 +1.034959373e+03
132 +3.574185032e+02 +3.574185032e+02 +1.013408503e+03 +1.013408503e+03
136 +3.480873416e+02 +3.480873416e+02 +1.004077342e+03 +1.004077342e+03
142 +3.349176236e+02 +3.349176236e+02 +9.909076236e+02 +9.909076236e+02
147 +3.205856366e+02 +3.205856366e+02 +9.765756366e+02 +9.765756366e+02
157 +3.124154267e+02 +3.124154267e+02 +9.684054267e+02 +9.684054267e+02
181 +3.081849877e+02 +3.081849877e+02 +9.641749877e+02 +9.641749877e+02
182 +2.878845211e+02 +2.878845211e+02 +9.438745211e+02 +9.438745211e+02
185 +2.776347279e+02 +2.776347279e+02 +9.336247279e+02 +9.336247279e+02
194 +2.633923184e+02 +2.633923184e+02 +9.193823184e+02 +9.193823184e+02
196 +2.515711546e+02 +2.515711546e+02 +9.075611546e+02 +9.075611546e+02
202 +2.471985076e+02 +2.471985076e+02 +9.031885076e+02 +9.031885076e+02
205 +2.379340141e+02 +2.379340141e+02 +8.939240141e+02 +8.939240141e+02
211 +2.324472155e+02 +2.324472155e+02 +8.884372155e+02 +8.884372155e+02
214 +2.132270229e+02 +2.132270229e+02 +8.692170229e+02 +8.692170229e+02
230 +2.068538440e+02 +2.068538440e+02 +8.628438440e+02 +8.628438440e+02
236 +1.995008077e+02 +1.995008077e+02 +8.554908077e+02 +8.554908077e+02
243 +1.737568511e+02 +1.737568511e+02 +8.297468511e+02 +8.297468511e+02
257 +1.496767148e+02 +1.496767148e+02 +8.056667148e+02 +8.056667148e+02
264 +1.355279941e+02 +1.355279941e+02 +7.915179941e+02 +7.915179941e+02
273 +1.275677650e+02 +1.275677650e+02 +7.835577650e+02 +7.835577650e+02
278 +1.243315478e+02 +1.243315478e+02 +7.803215478e+02 +7.803215478e+02
297 +1.215504586e+02 +1.215504586e+02 +7.775404586e+02 +7.775404586e+02
299 +1.088254376e+02 +1.088254376e+02 +7.648154376e+02 +7.648154376e+02
310 +1.037793988e+02 +1.037793988e+02 +7.597693988e+02 +7.597693988e+02
329 +9.229739315e+01 +9.229739315e+01 +7.482873931e+02 +7.482873931e+02
361 +7.663215855e+01 +7.663215855e+01 +7.326221586e+02 +7.326221586e+02
368 +7.293765406e+01 +7.293765406e+01 +7.289276541e+02 +7.289276541e+02
372 +6.547761509e+01 +6.547761509e+01 +7.214676151e+02 +7.214676151e+02
389 +4.751765475e+01 +4.751765475e+01 +7.035076547e+02 +7.035076547e+02
415 +4.594988661e+01 +4.594988661e+01 +7.019398866e+02 +7.019398866e+02
419 +4.510872382e+01 +4.510872382e+01 +7.010987238e+02 +7.010987238e+02
427 +4.321262696e+01 +4.321262696e+01 +6.992026270e+02 +6.992026270e+02
436 +4.231837805e+01 +4.231837805e+01 +6.983083780e+02 +6.983083780e+02
443 +4.050899295e+01 +4.050899295e+01 +6.964989930e+02 +6.964989930e+02
452 +3.507774800e+01 +3.507774800e+01 +6.910677480e+02 +6.910677480e+02
456 +3.405700348e+01 +3.405700348e+01 +6.900470035e+02 +6.900470035e+02
552 +3.378180244e+01 +3.378180244e+01 +6.897718024e+02 +6.897718024e+02
558 +3.155702792e+01 +3.155702792e+01 +6.875470279e+02 +6.875470279e+02
572 +2.997045620e+01 +2.997045620e+01 +6.859604562e+02 +6.859604562e+02
583 +2.928639884e+01 +2.928639884e+01 +6.852763988e+02 +6.852763988e+02
590 +2.810194596e+01 +2.810194596e+01 +6.840919460e+02 +6.840919460e+02
621 +2.502589386e+01 +2.502589386e+01 +6.810158939e+02 +6.810158939e+02
642 +2.385828953e+01 +2.385828953e+01 +6.798482895e+02 +6.798482895e+02
655 +2.054852854e+01 +2.054852854e+01 +6.765385285e+02 +6.765385285e+02
657 +2.014628863e+01 +2.014628863e+01 +6.761362886e+02 +6.761362886e+02
662 +1.831240969e+01 +1.831240969e+01 +6.743024097e+02 +6.743024097e+02
664 +1.816142318e+01 +1.816142318e+01 +6.741514232e+02 +6.741514232e+02
676 +1.551642172e+01 +1.551642172e+01 +6.715064217e+02 +6.715064217e+02
708 +1.527281130e+01 +1.527281130e+01 +6.712628113e+02 +6.712628113e+02
712 +1.384440592e+01 +1.384440592e+01 +6.698344059e+02 +6.698344059e+02
713 +1.287758563e+01 +1.287758563e+01 +6.688675856e+02 +6.688675856e+02
727 +9.448767968e+00 +9.448767968e+00 +6.654387680e+02 +6.654387680e+02
728 +8.526448873e+00 +8.526448873e+00 +6.645164489e+02 +6.645164489e+02
739 +7.125797735e+00 +7.125797735e+00 +6.631157977e+02 +6.631157977e+02
758 +4.193218781e+00 +4.193218781e+00 +6.601832188e+02 +6.601832188e+02
766 +2.592439270e+00 +2.592439270e+00 +6.585824393e+02 +6.585824393e+02
822 +3.968443305e-01 +3.968443305e-01 +6.563868443e+02 +6.563868443e+02
949 +0.000000000e+00 +0.000000000e+00 +6.559900000e+02 +6.559900000e+02
% function evaluation | noise-free fitness - Fopt (6.671000000000e+01) | best noise-free fitness - Fopt | measured fitness | best measured fitness | x1 | x2...
1 +7.899082053e+02 +7.899082053e+02 +8.566182053e+02 +8.566182053e+02
4 +7.469781096e+02 +7.469781096e+02 +8.136881096e+02 +8.136881096e+02
5 +7.057817823e+02 +7.057817823e+02 +7.724917823e+02 +7.724917823e+02
12 +6.873978722e+02 +6.873978722e+02 +7.541078722e+02 +7.541078722e+02
13 +6.506385983e+02 +6.506385983e+02 +7.173485983e+02 +7.173485983e+02
24 +6.169137170e+02 +6.169137170e+02 +6.836237170e+02 +6.836237170e+02
34 +5.939042718e+02 +5.939042718e+02 +6.606142718e+02 +6.606142718e+02
42 +5.757607504e+02 +5.757607504e+02 +6.424707504e+02 +6.424707504e+02
43 +5.723220444e+02 +5.723220444e+02 +6.390320444e+02 +6.390320444e+02
47 +5.235754303e+02 +5.235754303e+02 +5.902854303e+02 +5.902854303e+02
60 +4.626033977e+02 +4.626033977e+02 +5.293133977e+02 +5.293133977e+02
67 +4.548069994e+02 +4.548069994e+02 +5.215169994e+02 +5.215169994e+02
69 +4.458127805e+02 +4.458127805e+02 +5.125227805e+02 +5.125227805e+02
75 +4.154528475e+02 +4.154528475e+02 +4.821628475e+02 +4.821628475e+02
83 +3.959734834e+02 +3.959734834e+02 +4.626834834e+02 +4.626834834e+02
84 +3.663678715e+02 +3.663678715e+02 +4.330778715e+02 +4.330778715e+02
94 +3.597519670e+02 +3.597519670e+02 +4.264619670e+02 +4.264619670e+02
107 +3.391149921e+02 +3.391149921e+02 +4.058249921e+02 +4.058249921e+02
130 +3.345089911e+02 +3.345089911e+02 +4.012189911e+02 +4.012189911e+02
136 +3.188565025e+02 +3.188565025e+02 +3.855665025e+02 +3.855665025e+02
137 +3.146846136e+02 +3.146846136e+02 +3.813946136e+02 +3.813946136e+02
139 +3.046022041e+02 +3.046022041e+02 +3.713122041e+02 +3.713122041e+02
144 +2.966985252e+02 +2.966985252e+02 +3.634085252e+02 +3.634085252e+02
145 +2.871951381e+02 +2.871951381e+02 +3.539051381e+02 +3.539051381e+02
152 +2.631228297e+02 +2.631228297e+02 +3.298328297e+02 +3.298328297e+02
163 +2.562370322e+02 +2.562370322e+02 +3.229470322e+02 +3.229470322e+02
171 +2.487667505e+02 +2.487667505e+02 +3.154767505e+02 +3.154767505e+02
184 +2.234195537e+02 +2.234195537e+02 +2.901295537e+02 +2.901295537e+02
195 +2.100182724e+02 +2.100182724e+02 +2.767282724e+02 +2.767282724e+02
196 +2.035127763e+02 +2.035127763e+02 +2.702227763e+02 +2.702227763e+02
231 +1.959980420e+02 +1.959980420e+02 +2.627080420e+02 +2.627080420e+02
233 +1.922549201e+02 +1.922549201e+02 +2.589649201e+02 +2.589649201e+02
241 +1.892564584e+02 +1.892564584e+02 +2.559664584e+02 +2.559664584e+02
243 +1.837682438e+02 +1.837682438e+02 +2.504782438e+02 +2.504782438e+02
247 +1.731291014e+02 +1.731291014e+02 +2.398391014e+02 +2.398391014e+02
262 +1.632831808e+02 +1.632831808e+02 +2.299931808e+02 +2.299931808e+02
267 +1.597869043e+02 +1.597869043e+02 +2.264969043e+02 +2.264969043e+02
294 +1.544115199e+02 +1.544115199e+02 +2.211215199e+02 +2.211215199e+02
310 +1.418674431e+02 +1.418674431e+02 +2.085774431e+02 +2.085774431e+02
316 +1.339913485e+02 +1.339913485e+02 +2.007013485e+02 +2.007013485e+02
322 +1.302897598e+02 +1.302897598e+02 +1.969997598e+02 +1.969997598e+02
326 +1.245165744e+02 +1.245165744e+02 +1.912265744e+02 +1.912265744e+02
337 +1.123948439e+02 +1.123948439e+02 +1.791048439e+02 +1.791048439e+02
345 +9.359074869e+01 +9.359074869e+01 +1.603007487e+02 +1.603007487e+02
348 +9.165131707e+01 +9.165131707e+01 +1.583613171e+02 +1.583613171e+02
353 +8.969963134e+01 +8.969963134e+01 +1.564096313e+02 +1.564096313e+02
356 +8.008267515e+01 +8.008267515e+01 +1.467926751e+02 +1.467926751e+02
368 +7.922167083e+01 +7.922167083e+01 +1.459316708e+02 +1.459316708e+02
379 +7.346390644e+01 +7.346390644e+01 +1.401739064e+02 +1.401739064e+02
410 +5.413503645e+01 +5.413503645e+01 +1.208450365e+02 +1.208450365e+02
417 +4.951258057e+01 +4.951258057e+01 +1.162225806e+02 +1.162225806e+02
422 +4.779509062e+01 +4.779509062e+01 +1.145050906e+02 +1.145050906e+02
440 +3.936502743e+01 +3.936502743e+01 +1.060750274e+02 +1.060750274e+02
446 +3.805083852e+01 +3.805083852e+01 +1.047608385e+02 +1.047608385e+02
453 +3.674599107e+01 +3.674599107e+01 +1.034559911e+02 +1.034559911e+02
458 +3.212679338e+01 +3.212679338e+01 +9.883679338e+01 +9.883679338e+01
463 +3.154751630e+01 +3.154751630e+01 +9.825751630e+01 +9.825751630e+01
465 +2.591903990e+01 +2.591903990e+01 +9.262903990e+01 +9.262903990e+01
476 +2.486012183e+01 +2.486012183e+01 +9.157012183e+01 +9.157012183e+01
483 +1.992412602e+01 +1.992412602e+01 +8.663412602e+01 +8.663412602e+01
507 +1.949322769e+01 +1.949322769e+01 +8.620322769e+01 +8.620322769e+01
514 +1.897695059e+01 +1.897695059e+01 +8.568695059e+01 +8.568695059e+01
517 +1.579388233e+01 +1.579388233e+01 +8.250388233e+01 +8.250388233e+01
529 +1.324035171e+01 +1.324035171e+01 +7.995035171e+01 +7.995035171e+01
535 +9.106388442e+00 +9.106388442e+00 +7.581638844e+01 +7.581638844e+01
544 +8.810911548e+00 +8.810911548e+00 +7.552091155e+01 +7.552091155e+01
548 +4.347205537e+00 +4.347205537e+00 +7.105720554e+01 +7.105720554e+01
564 +2.177852450e+00 +2.177852450e+00 +6.888785245e+01 +6.888785245e+01
574 +1.342436448e+00 +1.342436448e+00 +6.805243645e+01 +6.805243645e+01
583 +0.000000000e+00 +0.000000000e+00 +6.671000000e+01 +6.671000000e+01
% function evaluation | noise-free fitness - Fopt (9.416700000000e+02) | best noise-free fitness - Fopt | measured fitness | best measured fitness | x1 | x2...
1 +7.899082053e+02 +7.899082053e+02 +1.731578205e+03 +1.731578205e+03
7 +7.758916943e+02 +7.758916943e+02 +1.717561694e+03 +1.717561694e+03
12 +7.023121347e+02 +7.023121347e+02 +1.643982135e+03 +1.643982135e+03
25 +6.311111235e+02 +6.311111235e+02 +1.572781124e+03 +1.572781124e+03
37 +6.291429552e+02 +6.291429552e+02 +1.570812955e+03 +1.570812955e+03
46 +5.857031190e+02 +5.857031190e+02 +1.527373119e+03 +1.527373119e+03
53 +5.484824531e+02 +5.484824531e+02 +1.490152453e+03 +1.490152453e+03
62 +5.301959666e+02 +5.301959666e+02 +1.471865967e+03 +1.471865967e+03
68 +5.164963629e+02 +5.164963629e+02 +1.458166363e+03 +1.458166363e+03
70 +5.081111338e+02 +5.081111338e+02 +1.449781134e+03 +1.449781134e+03
82 +4.801137764e+02 +4.801137764e+02 +1.421783776e+03 +1.421783776e+03
91 +4.700031769e+02 +4.700031769e+02 +1.411673177e+03 +1.411673177e+03
95 +4.663905218e+02 +4.663905218e+02 +1.408060522e+03 +1.408060522e+03
99 +4.416221566e+02 +4.416221566e+02 +1.383292157e+03 +1.383292157e+03
103 +4.270025976e+02 +4.270025976e+02 +1.368672598e+03 +1.368672598e+03
105 +4.243955984e+02 +4.243955984e+02 +1.366065598e+03 +1.366065598e+03
107 +4.159868071e+02 +4.159868071e+02 +1.357656807e+03 +1.357656807e+03
115 +3.926987050e+02 +3.926987050e+02 +1.334368705e+03 +1.334368705e+03
129 +3.665449048e+02 +3.665449048e+02 +1.308214905e+03 +1.308214905e+03
136 +3.379944108e+02 +3.379944108e+02 +1.279664411e+03 +1.279664411e+03
145 +3.193026307e+02 +3.193026307e+02 +1.260972631e+03 +1.260972631e+03
147 +2.944500383e+02 +2.944500383e+02 +1.236120038e+03 +1.236120038e+03
164 +2.812481966e+02 +2.812481966e+02 +1.222918197e+03 +1.222918197e+03
167 +2.743461153e+02 +2.743461153e+02 +1.216016115e+03 +1.216016115e+03
172 +2.611375204e+02 +2.611375204e+02 +1.202807520e+03 +1.202807520e+03
183 +2.439411562e+02 +2.439411562e+02 +1.185611156e+03 +1.185611156e+03
196 +2.249123973e+02 +2.249123973e+02 +1.166582397e+03 +1.166582397e+03
210 +2.156866341e+02 +2.156866341e+02 +1.157356634e+03 +1.157356634e+03
221 +2.013148344e+02 +2.013148344e+02 +1.142984834e+03 +1.142984834e+03
225 +1.876980709e+02 +1.876980709e+02 +1.129368071e+03 +1.129368071e+03
242 +1.821802960e+02 +1.821802960e+02 +1.123850296e+03 +1.123850296e+03
244 +1.741997999e+02 +1.741997999e+02 +1.115869800e+03 +1.115869800e+03
248 +1.673246349e+02 +1.673246349e+02 +1.108994635e+03 +1.108994635e+03
256 +1.536589975e+02 +1.536589975e+02 +1.095328997e+03 +1.095328997e+03
264 +1.467322438e+02 +1.467322438e+02 +1.088402244e+03 +1.088402244e+03
267 +1.367112159e+02 +1.367112159e+02 +1.078381216e+03 +1.078381216e+03
277 +1.308010009e+02 +1.308010009e+02 +1.072471001e+03 +1.072471001e+03
278 +1.129656810e+02 +1.129656810e+02 +1.054635681e+03 +1.054635681e+03
282 +1.113849741e+02 +1.113849741e+02 +1.053054974e+03 +1.053054974e+03
285 +1.095627221e+02 +1.095627221e+02 +1.051232722e+03 +1.051232722e+03
291 +1.063968852e+02 +1.063968852e+02 +1.048066885e+03 +1.048066885e+03
294 +9.717674713e+01 +9.717674713e+01 +1.038846747e+03 +1.038846747e+03
300 +9.227239599e+01 +9.227239599e+01 +1.033942396e+03 +1.033942396e+03
302 +8.783076481e+01 +8.783076481e+01 +1.029500765e+03 +1.029500765e+03
306 +8.607345645e+01 +8.607345645e+01 +1.027743456e+03 +1.027743456e+03
312 +8.209560371e+01 +8.209560371e+01 +1.023765604e+03 +1.023765604e+03
319 +7.522009516e+01 +7.522009516e+01 +1.016890095e+03 +1.016890095e+03
337 +6.540334815e+01 +6.540334815e+01 +1.007073348e+03 +1.007073348e+03
346 +5.578564569e+01 +5.578564569e+01 +9.974556457e+02 +9.974556457e+02
356 +5.102897960e+01 +5.102897960e+01 +9.926989796e+02 +9.926989796e+02
361 +4.625925832e+01 +4.625925832e+01 +9.879292583e+02 +9.879292583e+02
365 +4.274914131e+01 +4.274914131e+01 +9.844191413e+02 +9.844191413e+02
368 +4.200700958e+01 +4.200700958e+01 +9.836770096e+02 +9.836770096e+02
369 +3.540255873e+01 +3.540255873e+01 +9.770725587e+02 +9.770725587e+02
372 +3.301194856e+01 +3.301194856e+01 +9.746819486e+02 +9.746819486e+02
375 +3.184835157e+01 +3.184835157e+01 +9.735183516e+02 +9.735183516e+02
376 +3.024586733e+01 +3.024586733e+01 +9.719158673e+02 +9.719158673e+02
378 +2.896780379e+01 +2.896780379e+01 +9.706378038e+02 +9.706378038e+02
383 +2.603443016e+01 +2.603443016e+01 +9.677044302e+02 +9.677044302e+02
392 +2.213569645e+01 +2.213569645e+01 +9.638056965e+02 +9.638056965e+02
405 +2.142428000e+01 +2.142428000e+01 +9.630942800e+02 +9.630942800e+02
413 +2.001289769e+01 +2.001289769e+01 +9.616828977e+02 +9.616828977e+02
418 +1.892438111e+01 +1.892438111e+01 +9.605943811e+02 +9.605943811e+02
424 +1.212465102e+01 +1.212465102e+01 +9.537946510e+02 +9.537946510e+02
433 +1.152452712e+01 +1.152452712e+01 +9.531945271e+02 +9.531945271e+02
438 +9.753782682e+00 +9.753782682e+00 +9.514237827e+02 +9.514237827e+02
443 +5.530648663e+00 +5.530648663e+00 +9.472006487e+02 +9.472006487e+02
463 +2.611503620e+00 +2.611503620e+00 +9.442815036e+02 +9.442815036e+02
473 +9.554081728e-01 +9.554081728e-01 +9.426254082e+02 +9.426254082e+02
487 +0.000000000e+00 +0.000000000e+00 +9.416700000e+02 +9.416700000e+02
% function evaluation | noise-free fitness - Fopt (-3.745000000000e+01) | best noise-free fitness - Fopt | measured fitness | best measured fitness | x1 | x2...
1 +7.899082053e+02 +7.899082053e+02 +7.524582053e+02 +7.524582053e+02
2 +7.255714129e+02 +7.255714129e+02 +6.881214129e+02 +6.881214129e+02
6 +7.138259876e+02 +7.138259876e+02 +6.763759876e+02 +6.763759876e+02
12 +7.060622026e+02 +7.060622026e+02 +6.686122026e+02 +6.686122026e+02
14 +6.788331930e+02 +6.788331930e+02 +6.413831930e+02 +6.413831930e+02
22 +6.628559817e+02 +6.628559817e+02 +6.254059817e+02 +6.254059817e+02
27 +6.558070345e+02 +6.558070345e+02 +6.183570345e+02 +6.183570345e+02
29 +6.405446622e+02 +6.405446622e+02 +6.030946622e+02 +6.030946622e+02
32 +6.131288799e+02 +6.131288799e+02 +5.756788799e+02 +5.756788799e+02
43 +5.973523760e+02 +5.973523760e+02 +5.599023760e+02 +5.599023760e+02
49 +5.845748093e+02 +5.845748093e+02 +5.471248093e+02 +5.471248093e+02
57 +5.620762164e+02 +5.620762164e+02 +5.246262164e+02 +5.246262164e+02
59 +5.206775008e+02 +5.206775008e+02 +4.832275008e+02 +4.832275008e+02
62 +4.851940870e+02 +4.851940870e+02 +4.477440870e+02 +4.477440870e+02
78 +4.565698448e+02 +4.565698448e+02 +4.191198448e+02 +4.191198448e+02
83 +4.328430369e+02 +4.328430369e+02 +3.953930369e+02 +3.953930369e+02
99 +4.255590674e+02 +4.255590674e+02 +3.881090674e+02 +3.881090674e+02
102 +4.083501878e+02 +4.083501878e+02 +3.709001878e+02 +3.709001878e+02
105 +4.029312620e+02 +4.029312620e+02 +3.654812620e+02 +3.654812620e+02
113 +3.934593260e+02 +3.934593260e+02 +3.560093260e+02 +3.560093260e+02
114 +3.609277086e+02 +3.609277086e+02 +3.234777086e+02 +3.234777086e+02
123 +3.363375438e+02 +3.363375438e+02 +2.988875438e+02 +2.988875438e+02
134 +3.257392426e+02 +3.257392426e+02 +2.882892426e+02 +2.882892426e+02
148 +3.138351991e+02 +3.138351991e+02 +2.763851991e+02 +2.763851991e+02
151 +2.708507657e+02 +2.708507657e+02 +2.334007657e+02 +2.334007657e+02
158 +2.449153138e+02 +2.449153138e+02 +2.074653138e+02 +2.074653138e+02
165 +2.365931357e+02 +2.365931357e+02 +1.991431357e+02 +1.991431357e+02
186 +2.234088413e+02 +2.234088413e+02 +1.859588413e+02 +1.859588413e+02
194 +2.138475311e+02 +2.138475311e+02 +1.763975311e+02 +1.763975311e+02
204 +1.981062946e+02 +1.981062946e+02 +1.606562946e+02 +1.606562946e+02
214 +1.892869913e+02 +1.892869913e+02 +1.518369913e+02 +1.518369913e+02
221 +1.860272158e+02 +1.860272158e+02 +1.485772158e+02 +1.485772158e+02
223 +1.663180236e+02 +1.663180236e+02 +1.288680236e+02 +1.288680236e+02
233 +1.598121754e+02 +1.598121754e+02 +1.223621754e+02 +1.223621754e+02
246 +1.469685048e+02 +1.469685048e+02 +1.095185048e+02 +1.095185048e+02
252 +1.407896025e+02 +1.407896025e+02 +1.033396025e+02 +1.033396025e+02
269 +1.357471167e+02 +1.357471167e+02 +9.829711674e+01 +9.829711674e+01
270 +1.239568330e+02 +1.239568330e+02 +8.650683299e+01 +8.650683299e+01
277 +1.213987499e+02 +1.213987499e+02 +8.394874992e+01 +8.394874992e+01
282 +1.164545825e+02 +1.164545825e+02 +7.900458250e+01 +7.900458250e+01
291 +1.095312673e+02 +1.095312673e+02 +7.208126732e+01 +7.208126732e+01
298 +9.926822798e+01 +9.926822798e+01 +6.181822798e+01 +6.181822798e+01
302 +9.266394802e+01 +9.266394802e+01 +5.521394802e+01 +5.521394802e+01
323 +8.719963022e+01 +8.719963022e+01 +4.974963022e+01 +4.974963022e+01
325 +7.170347282e+01 +7.170347282e+01 +3.425347282e+01 +3.425347282e+01
337 +6.762434927e+01 +6.762434927e+01 +3.017434927e+01 +3.017434927e+01
343 +6.698889185e+01 +6.698889185e+01 +2.953889185e+01 +2.953889185e+01
383 +6.404715819e+01 +6.404715819e+01 +2.659715819e+01 +2.659715819e+01
395 +5.740435790e+01 +5.740435790e+01 +1.995435790e+01 +1.995435790e+01
403 +5.147423359e+01 +5.147423359e+01 +1.402423359e+01 +1.402423359e+01
412 +4.886043258e+01 +4.886043258e+01 +1.141043258e+01 +1.141043258e+01
418 +4.490977085e+01 +4.490977085e+01 +7.459770851e+00 +7.459770851e+00
435 +4.025990395e+01 +4.025990395e+01 +2.809903953e+00 +2.809903953e+00
444 +3.176511940e+01 +3.176511940e+01 -5.684880604e+00 -5.684880604e+00
456 +3.063442513e+01 +3.063442513e+01 -6.815574875e+00 -6.815574875e+00
458 +2.919854725e+01 +2.919854725e+01 -8.251452751e+00 -8.251452751e+00
462 +2.745618470e+01 +2.745618470e+01 -9.993815300e+00 -9.993815300e+00
476 +2.598331909e+01 +2.598331909e+01 -1.146668091e+01 -1.146668091e+01
487 +2.330155769e+01 +2.330155769e+01 -1.414844231e+01 -1.414844231e+01
498 +2.247270839e+01 +2.247270839e+01 -1.497729161e+01 -1.497729161e+01
540 +2.224649740e+01 +2.224649740e+01 -1.520350260e+01 -1.520350260e+01
542 +2.175954672e+01 +2.175954672e+01 -1.569045328e+01 -1.569045328e+01
543 +1.939526220e+01 +1.939526220e+01 -1.805473780e+01 -1.805473780e+01
546 +1.786543386e+01 +1.786543386e+01 -1.958456614e+01 -1.958456614e+01
547 +1.555053830e+01 +1.555053830e+01 -2.189946170e+01 -2.189946170e+01
585 +1.534679493e+01 +1.534679493e+01 -2.210320507e+01 -2.210320507e+01
588 +1.463970159e+01 +1.463970159e+01 -2.281029841e+01 -2.281029841e+01
594 +1.303669329e+01 +1.303669329e+01 -2.441330671e+01 -2.441330671e+01
598 +1.072460422e+01 +1.072460422e+01 -2.672539578e+01 -2.672539578e+01
604 +7.566590563e+00 +7.566590563e+00 -2.988340944e+01 -2.988340944e+01
613 +6.558824307e+00 +6.558824307e+00 -3.089117569e+01 -3.089117569e+01
622 +6.375640835e+00 +6.375640835e+00 -3.107435917e+01 -3.107435917e+01
625 +5.923508327e+00 +5.923508327e+00 -3.152649167e+01 -3.152649167e+01
626 +3.672472359e+00 +3.672472359e+00 -3.377752764e+01 -3.377752764e+01
632 +2.937875068e+00 +2.937875068e+00 -3.451212493e+01 -3.451212493e+01
633 +2.139490340e+00 +2.139490340e+00 -3.531050966e+01 -3.531050966e+01
637 +2.051188687e+00 +2.051188687e+00 -3.539881131e+01 -3.539881131e+01
646 +1.956732960e+00 +1.956732960e+00 -3.549326704e+01 -3.549326704e+01
647 +4.509028099e-01 +4.509028099e-01 -3.699909719e+01 -3.699909719e+01
670 +1.419798484e-01 +1.419798484e-01 -3.730802015e+01 -3.730802015e+01
671 +0.000000000e+00 +0.000000000e+00 -3.745000000e+01 -3.745000000e+01
% function evaluation | noise-free fitness - Fopt (3.680300000000e+02) | best noise-free fitness - Fopt | measured fitness | best measured fitness | x1 | x2...
1 +7.899082053e+02 +7.899082053e+02 +1.157938205e+03 +1.157938205e+03
3 +7.637572081e+02 +7.637572081e+02 +1.131787208e+03 +1.131787208e+03
6 +6.930367831e+02 +6.930367831e+02 +1.061066783e+03 +1.061066783e+03
15 +6.799093704e+02 +6.799093704e+02 +1.047939370e+03 +1.047939370e+03
17 +6.705846866e+02 +6.705846866e+02 +1.038614687e+03 +1.038614687e+03
23 +6.137627239e+02 +6.137627239e+02 +9.817927239e+02 +9.817927239e+02
35 +6.014199910e+02 +6.014199910e+02 +9.694499910e+02 +9.694499910e+02
36 +5.714926675e+02 +5.714926675e+02 +9.395226675e+02 +9.395226675e+02
42 +5.152984774e+02 +5.152984774e+02 +8.833284774e+02 +8.833284774e+02
53 +5.073284271e+02 +5.073284271e+02 +8.753584271e+02 +8.753584271e+02
58 +4.965001644e+02 +4.965001644e+02 +8.645301644e+02 +8.645301644e+02
63 +4.007955436e+02 +4.007955436e+02 +7.688255436e+02 +7.688255436e+02
73 +3.778746278e+02 +3.778746278e+02 +7.459046278e+02 +7.459046278e+02
86 +3.343282310e+02 +3.343282310e+02 +7.023582310e+02 +7.023582310e+02
97 +3.295727660e+02 +3.295727660e+02 +6.976027660e+02 +6.976027660e+02
113 +3.114919520e+02 +3.114919520e+02 +6.795219520e+02 +6.795219520e+02
123 +3.059276618e+02 +3.059276618e+02 +6.739576618e+02 +6.739576618e+02
125 +3.009194004e+02 +3.009194004e+02 +6.689494004e+02 +6.689494004e+02
129 +2.917720984e+02 +2.917720984e+02 +6.598020984e+02 +6.598020984e+02
134 +2.869255407e+02 +2.869255407e+02 +6.549555407e+02 +6.549555407e+02
142 +2.763839950e+02 +2.763839950e+02 +6.444139950e+02 +6.444139950e+02
143 +2.749193577e+02 +2.749193577e+02 +6.429493577e+02 +6.429493577e+02
145 +2.649543178e+02 +2.649543178e+02 +6.329843178e+02 +6.329843178e+02
148 +2.601824425e+02 +2.601824425e+02 +6.282124425e+02 +6.282124425e+02
157 +2.396811508e+02 +2.396811508e+02 +6.077111508e+02 +6.077111508e+02
170 +2.286467563e+02 +2.286467563e+02 +5.966767563e+02 +5.966767563e+02
177 +2.131575401e+02 +2.131575401e+02 +5.811875401e+02 +5.811875401e+02
179 +1.950790334e+02 +1.950790334e+02 +5.631090334e+02 +5.631090334e+02
194 +1.924154229e+02 +1.924154229e+02 +5.604454229e+02 +5.604454229e+02
205 +1.757205865e+02 +1.757205865e+02 +5.437505865e+02 +5.437505865e+02
224 +1.483610322e+02 +1.483610322e+02 +5.163910322e+02 +5.163910322e+02
245 +1.468775903e+02 +1.468775903e+02 +5.149075903e+02 +5.149075903e+02
248 +1.367154775e+02 +1.367154775e+02 +5.047454775e+02 +5.047454775e+02
252 +1.312219560e+02 +1.312219560e+02 +4.992519560e+02 +4.992519560e+02
264 +1.224425071e+02 +1.224425071e+02 +4.904725071e+02 +4.904725071e+02
292 +1.198053251e+02 +1.198053251e+02 +4.878353251e+02 +4.878353251e+02
293 +1.160190582e+02 +1.160190582e+02 +4.840490582e+02 +4.840490582e+02
297 +1.109014314e+02 +1.109014314e+02 +4.789314314e+02 +4.789314314e+02
306 +1.033863824e+02 +1.033863824e+02 +4.714163824e+02 +4.714163824e+02
318 +9.267983148e+01 +9.267983148e+01 +4.607098315e+02 +4.607098315e+02
327 +9.117388146e+01 +9.117388146e+01 +4.592038815e+02 +4.592038815e+02
335 +8.359862783e+01 +8.359862783e+01 +4.516286278e+02 +4.516286278e+02
363 +6.798497998e+01 +6.798497998e+01 +4.360149800e+02 +4.360149800e+02
381 +6.339245842e+01 +6.339245842e+01 +4.314224584e+02 +4.314224584e+02
384 +5.812180577e+01 +5.812180577e+01 +4.261518058e+02 +4.261518058e+02
407 +5.561691607e+01 +5.561691607e+01 +4.236469161e+02 +4.236469161e+02
417 +4.727238993e+01 +4.727238993e+01 +4.153023899e+02 +4.153023899e+02
427 +4.439049251e+01 +4.439049251e+01 +4.124204925e+02 +4.124204925e+02
439 +3.606155882e+01 +3.606155882e+01 +4.040915588e+02 +4.040915588e+02
444 +3.121840231e+01 +3.121840231e+01 +3.992484023e+02 +3.992484023e+02
515 +2.981889390e+01 +2.981889390e+01 +3.978488939e+02 +3.978488939e+02
531 +2.874826519e+01 +2.874826519e+01 +3.967782652e+02 +3.967782652e+02
550 +2.515932608e+01 +2.515932608e+01 +3.931893261e+02 +3.931893261e+02
552 +2.443650806e+01 +2.443650806e+01 +3.924665081e+02 +3.924665081e+02
560 +2.215443543e+01 +2.215443543e+01 +3.901844354e+02 +3.901844354e+02
561 +1.874604916e+01 +1.874604916e+01 +3.867760492e+02 +3.867760492e+02
586 +1.583540709e+01 +1.583540709e+01 +3.838654071e+02 +3.838654071e+02
593 +7.538407172e+00 +7.538407172e+00 +3.755684072e+02 +3.755684072e+02
603 +1.628622604e+00 +1.628622604e+00 +3.696586226e+02 +3.696586226e+02
629 +1.497223408e+00 +1.497223408e+00 +3.695272234e+02 +3.695272234e+02
662 +1.013915925e+00 +1.013915925e+00 +3.690439159e+02 +3.690439159e+02
682 +6.893238655e-01 +6.893238655e-01 +3.687193239e+02 +3.687193239e+02
691 +0.000000000e+00 +0.000000000e+00 +3.680300000e+02 +3.680300000e+02
% function evaluation | noise-free fitness - Fopt (1.426000000000e+01) | best noise-free fitness - Fopt | measured fitness | best measured fitness | x1 | x2...
1 +7.899082053e+02 +7.899082053e+02 +8.041682053e+02 +8.041682053e+02
2 +7.559998296e+02 +7.559998296e+02 +7.702598296e+02 +7.702598296e+02
9 +7.216816240e+02 +7.216816240e+02 +7.359416240e+02 +7.359416240e+02
22 +6.897632309e+02 +6.897632309e+02 +7.040232309e+02 +7.040232309e+02
32 +6.606224651e+02 +6.606224651e+02 +6.748824651e+02 +6.748824651e+02
45 +6.381446470e+02 +6.381446470e+02 +6.524046470e+02 +6.524046470e+02
55 +6.172416267e+02 +6.172416267e+02 +6.315016267e+02 +6.315016267e+02
64 +5.673281972e+02 +5.673281972e+02 +5.815881972e+02 +5.815881972e+02
75 +5.481437021e+02 +5.481437021e+02 +5.624037021e+02 +5.624037021e+02
76 +5.162651784e+02 +5.162651784e+02 +5.305251784e+02 +5.305251784e+02
87 +5.100487428e+02 +5.100487428e+02 +5.243087428e+02 +5.243087428e+02
89 +4.701346228e+02 +4.701346228e+02 +4.843946228e+02 +4.843946228e+02
90 +4.562832750e+02 +4.562832750e+02 +4.705432750e+02 +4.705432750e+02
92 +4.411981175e+02 +4.411981175e+02 +4.554581175e+02 +4.554581175e+02
95 +4.309755075e+02 +4.309755075e+02 +4.452355075e+02 +4.452355075e+02
96 +4.157310515e+02 +4.157310515e+02 +4.299910515e+02 +4.299910515e+02
103 +4.027295461e+02 +4.027295461e+02 +4.169895461e+02 +4.169895461e+02
107 +3.952524276e+02 +3.952524276e+02 +4.095124276e+02 +4.095124276e+02
113 +3.800833906e+02 +3.800833906e+02 +3.943433906e+02 +3.943433906e+02
115 +3.410532287e+02 +3.410532287e+02 +3.553132287e+02 +3.553132287e+02
125 +3.111182850e+02 +3.111182850e+02 +3.253782850e+02 +3.253782850e+02
132 +2.889013535e+02 +2.889013535e+02 +3.031613535e+02 +3.031613535e+02
144 +2.802504862e+02 +2.802504862e+02 +2.945104862e+02 +2.945104862e+02
158 +2.638363840e+02 +2.638363840e+02 +2.780963840e+02 +2.780963840e+02
168 +2.537042171e+02 +2.537042171e+02 +2.679642171e+02 +2.679642171e+02
174 +2.351445232e+02 +2.351445232e+02 +2.494045232e+02 +2.494045232e+02
176 +2.228767627e+02 +2.228767627e+02 +2.371367627e+02 +2.371367627e+02
185 +2.110979421e+02 +2.110979421e+02 +2.253579421e+02 +2.253579421e+02
195 +2.083590463e+02 +2.083590463e+02 +2.226190463e+02 +2.226190463e+02
199 +1.928131571e+02 +1.928131571e+02 +2.070731571e+02 +2.070731571e+02
224 +1.861249990e+02 +1.861249990e+02 +2.003849990e+02 +2.003849990e+02
235 +1.769967888e+02 +1.769967888e+02 +1.912567888e+02 +1.912567888e+02
249 +1.676395465e+02 +1.676395465e+02 +1.818995465e+02 +1.818995465e+02
256 +1.643243891e+02 +1.643243891e+02 +1.785843891e+02 +1.785843891e+02
258 +1.533620984e+02 +1.533620984e+02 +1.676220984e+02 +1.676220984e+02
263 +1.438363806e+02 +1.438363806e+02 +1.580963806e+02 +1.580963806e+02
271 +1.372388453e+02 +1.372388453e+02 +1.514988453e+02 +1.514988453e+02
279 +1.268623252e+02 +1.268623252e+02 +1.411223252e+02 +1.411223252e+02
285 +1.171291368e+02 +1.171291368e+02 +1.313891368e+02 +1.313891368e+02
289 +1.105535969e+02 +1.105535969e+02 +1.248135969e+02 +1.248135969e+02
292 +1.055698650e+02 +1.055698650e+02 +1.198298650e+02 +1.198298650e+02
314 +9.108250594e+01 +9.108250594e+01 +1.053425059e+02 +1.053425059e+02
325 +8.109975211e+01 +8.109975211e+01 +9.535975211e+01 +9.535975211e+01
327 +7.527995339e+01 +7.527995339e+01 +8.953995339e+01 +8.953995339e+01
349 +7.026396765e+01 +7.026396765e+01 +8.452396765e+01 +8.452396765e+01
369 +6.845431118e+01 +6.845431118e+01 +8.271431118e+01 +8.271431118e+01
378 +6.039907309e+01 +6.039907309e+01 +7.465907309e+01 +7.465907309e+01
391 +5.157634370e+01 +5.157634370e+01 +6.583634370e+01 +6.583634370e+01
392 +5.004752703e+01 +5.004752703e+01 +6.430752703e+01 +6.430752703e+01
411 +4.601976902e+01 +4.601976902e+01 +6.027976902e+01 +6.027976902e+01
418 +3.247226453e+01 +3.247226453e+01 +4.673226453e+01 +4.673226453e+01
432 +2.981462220e+01 +2.981462220e+01 +4.407462220e+01 +4.407462220e+01
442 +2.608420088e+01 +2.608420088e+01 +4.034420088e+01 +4.034420088e+01
452 +2.561774491e+01 +2.561774491e+01 +3.987774491e+01 +3.987774491e+01
455 +2.162871197e+01 +2.162871197e+01 +3.588871197e+01 +3.588871197e+01
466 +1.881714047e+01 +1.881714047e+01 +3.307714047e+01 +3.307714047e+01
479 +1.703808608e+01 +1.703808608e+01 +3.129808608e+01 +3.129808608e+01
482 +1.575757651e+01 +1.575757651e+01 +3.001757651e+01 +3.001757651e+01
490 +1.511138746e+01 +1.511138746e+01 +2.937138746e+01 +2.937138746e+01
516 +1.287302736e+01 +1.287302736e+01 +2.713302736e+01 +2.713302736e+01
529 +1.045867238e+01 +1.045867238e+01 +2.471867238e+01 +2.471867238e+01
530 +7.407722547e+00 +7.407722547e+00 +2.166772255e+01 +2.166772255e+01
545 +6.921370333e+00 +6.921370333e+00 +2.118137033e+01 +2.118137033e+01
558 +5.600215363e+00 +5.600215363e+00 +1.986021536e+01 +1.986021536e+01
563 +4.984881839e+00 +4.984881839e+00 +1.924488184e+01 +1.924488184e+01
590 +4.812147272e+00 +4.812147272e+00 +1.907214727e+01 +1.907214727e+01
595 +4.046442518e+00 +4.046442518e+00 +1.830644252e+01 +1.830644252e+01
607 +1.511023171e+00 +1.511023171e+00 +1.577102317e+01 +1.577102317e+01
612 +7.709554743e-02 +7.709554743e-02 +1.433709555e+01 +1.433709555e+01
688 +0.000000000e+00 +0.000000000e+00 +1.426000000e+01 +1.426000000e+01
% function evaluation | noise-free fitness - Fopt (6.240000000000e+01) | best noise-free fitness - Fopt | measured fitness | best measured fitness | x1 | x2...
1 +7.899082053e+02 +7.899082053e+02 +8.523082053e+02 +8.523082053e+02
2 +7.715285742e+02 +7.715285742e+02 +8.339285742e+02 +8.339285742e+02
7 +7.542298341e+02 +7.542298341e+02 +8.166298341e+02 +8.166298341e+02
13 +7.229461865e+02 +7.229461865e+02 +7.853461865e+02 +7.853461865e+02
16 +6.984995030e+02 +6.984995030e+02 +7.608995030e+02 +7.608995030e+02
22 +6.895402026e+02 +6.895402026e+02 +7.519402026e+02 +7.519402026e+02
31 +6.493434161e+02 +6.493434161e+02 +7.117434161e+02 +7.117434161e+02
33 +6.047728710e+02 +6.047728710e+02 +6.671728710e+02 +6.671728710e+02
41 +5.928123693e+02 +5.928123693e+02 +6.552123693e+02 +6.552123693e+02
45 +5.711080161e+02 +5.711080161e+02 +6.335080161e+02 +6.335080161e+02
53 +5.609357799e+02 +5.609357799e+02 +6.233357799e+02 +6.233357799e+02
54 +5.336202683e+02 +5.336202683e+02 +5.960202683e+02 +5.960202683e+02
59 +5.169527649e+02 +5.169527649e+02 +5.793527649e+02 +5.793527649e+02
64 +5.028384075e+02 +5.028384075e+02 +5.652384075e+02 +5.652384075e+02
75 +4.827634070e+02 +4.827634070e+02 +5.451634070e+02 +5.451634070e+02
84 +4.431787202e+02 +4.431787202e+02 +5.055787202e+02 +5.055787202e+02
95 +4.048086374e+02 +4.048086374e+02 +4.672086374e+02 +4.672086374e+02
106 +3.642052073e+02 +3.642052073e+02 +4.266052073e+02 +4.266052073e+02
114 +3.460802246e+02 +3.460802246e+02 +4.084802246e+02 +4.084802246e+02
124 +2.890493303e+02 +2.890493303e+02 +3.514493303e+02 +3.514493303e+02
134 +2.681702380e+02 +2.681702380e+02 +3.305702380e+02 +3.305702380e+02
142 +2.296664023e+02 +2.296664023e+02 +2.920664023e+02 +2.920664023e+02
152 +2.244919925e+02 +2.244919925e+02 +2.868919925e+02 +2.868919925e+02
159 +2.035478375e+02 +2.035478375e+02 +2.659478375e+02 +2.659478375e+02
164 +1.955707390e+02 +1.955707390e+02 +2.579707390e+02 +2.579707390e+02
170 +1.916250505e+02 +1.916250505e+02 +2.540250505e+02 +2.540250505e+02
172 +1.854163702e+02 +1.854163702e+02 +2.478163702e+02 +2.478163702e+02
201 +1.815661455e+02 +1.815661455e+02 +2.439661455e+02 +2.439661455e+02
202 +1.742376456e+02 +1.742376456e+02 +2.366376456e+02 +2.366376456e+02
204 +1.693539197e+02 +1.693539197e+02 +2.317539197e+02 +2.317539197e+02
271 +1.641188552e+02 +1.641188552e+02 +2.265188552e+02 +2.265188552e+02
277 +1.600429245e+02 +1.600429245e+02 +2.224429245e+02 +2.224429245e+02
279 +1.579019913e+02 +1.579019913e+02 +2.203019913e+02 +2.203019913e+02
295 +1.525305879e+02 +1.525305879e+02 +2.149305879e+02 +2.149305879e+02
310 +1.501509199e+02 +1.501509199e+02 +2.125509199e+02 +2.125509199e+02
313 +1.450088526e+02 +1.450088526e+02 +2.074088526e+02 +2.074088526e+02
330 +1.398444242e+02 +1.398444242e+02 +2.022444242e+02 +2.022444242e+02
334 +1.376486668e+02 +1.376486668e+02 +2.000486668e+02 +2.000486668e+02
340 +1.336394533e+02 +1.336394533e+02 +1.960394533e+02 +1.960394533e+02
341 +1.315711332e+02 +1.315711332e+02 +1.939711332e+02 +1.939711332e+02
343 +1.264451480e+02 +1.264451480e+02 +1.888451480e+02 +1.888451480e+02
344 +1.157835960e+02 +1.157835960e+02 +1.781835960e+02 +1.781835960e+02
358 +1.100606614e+02 +1.100606614e+02 +1.724606614e+02 +1.724606614e+02
363 +1.096076768e+02 +1.096076768e+02 +1.720076768e+02 +1.720076768e+02
369 +1.064701026e+02 +1.064701026e+02 +1.688701026e+02 +1.688701026e+02
382 +1.010172220e+02 +1.010172220e+02 +1.634172220e+02 +1.634172220e+02
386 +9.660529093e+01 +9.660529093e+01 +1.590052909e+02 +1.590052909e+02
399 +9.159497003e+01 +9.159497003e+01 +1.539949700e+02 +1.539949700e+02
402 +8.193459868e+01 +8.193459868e+01 +1.443345987e+02 +1.443345987e+02
412 +7.934917820e+01 +7.934917820e+01 +1.417491782e+02 +1.417491782e+02
436 +7.228198290e+01 +7.228198290e+01 +1.346819829e+02 +1.346819829e+02
442 +6.869817164e+01 +6.869817164e+01 +1.310981716e+02 +1.310981716e+02
461 +6.751227976e+01 +6.751227976e+01 +1.299122798e+02 +1.299122798e+02
462 +6.494559684e+01 +6.494559684e+01 +1.273455968e+02 +1.273455968e+02
478 +6.170582171e+01 +6.170582171e+01 +1.241058217e+02 +1.241058217e+02
488 +5.486694072e+01 +5.486694072e+01 +1.172669407e+02 +1.172669407e+02
514 +5.135096766e+01 +5.135096766e+01 +1.137509677e+02 +1.137509677e+02
516 +5.020151820e+01 +5.020151820e+01 +1.126015182e+02 +1.126015182e+02
522 +4.969975756e+01 +4.969975756e+01 +1.120997576e+02 +1.120997576e+02
523 +4.800555497e+01 +4.800555497e+01 +1.104055550e+02 +1.104055550e+02
525 +4.780482839e+01 +4.780482839e+01 +1.102048284e+02 +1.102048284e+02
534 +3.799999622e+01 +3.799999622e+01 +1.003999962e+02 +1.003999962e+02
544 +3.521293945e+01 +3.521293945e+01 +9.761293945e+01 +9.761293945e+01
546 +2.972588176e+01 +2.972588176e+01 +9.212588176e+01 +9.212588176e+01
559 +2.941063454e+01 +2.941063454e+01 +9.181063454e+01 +9.181063454e+01
564 +2.862295357e+01 +2.862295357e+01 +9.102295357e+01 +9.102295357e+01
565 +2.693523908e+01 +2.693523908e+01 +8.933523908e+01 +8.933523908e+01
567 +2.552510344e+01 +2.552510344e+01 +8.792510344e+01 +8.792510344e+01
573 +2.033731214e+01 +2.033731214e+01 +8.273731214e+01 +8.273731214e+01
585 +1.863776375e+01 +1.863776375e+01 +8.103776375e+01 +8.103776375e+01
586 +1.816120276e+01 +1.816120276e+01 +8.056120276e+01 +8.056120276e+01
587 +1.512681174e+01 +1.512681174e+01 +7.752681174e+01 +7.752681174e+01
594 +5.940088535e+00 +5.940088535e+00 +6.834008853e+01 +6.834008853e+01
602 +4.077992336e+00 +4.077992336e+00 +6.647799234e+01 +6.647799234e+01
619 +3.723700909e+00 +3.723700909e+00 +6.612370091e+01 +6.612370091e+01
623 +3.141947917e+00 +3.141947917e+00 +6.554194792e+01 +6.554194792e+01
625 +1.455805070e+00 +1.455805070e+00 +6.385580507e+01 +6.385580507e+01
635 +1.706762715e-02 +1.706762715e-02 +6.241706763e+01 +6.241706763e+01
640 +0.000000000e+00 +0.000000000e+00 +6.240000000e+01 +6.240000000e+01
% function evaluation | noise-free fitness - Fopt (1.145900000000e+02) | best noise-free fitness - Fopt | measured fitness | best measured fitness | x1 | x2...
1 +7.899082053e+02 +7.899082053e+02 +9.044982053e+02 +9.044982053e+02
3 +7.452549659e+02 +7.452549659e+02 +8.598449659e+02 +8.598449659e+02
11 +6.917542220e+02 +6.917542220e+02 +8.063442220e+02 +8.063442220e+02
12 +6.641249345e+02 +6.641249345e+02 +7.787149345e+02 +7.787149345e+02
25 +6.446962330e+02 +6.446962330e+02 +7.592862330e+02 +7.592862330e+02
28 +5.998789900e+02 +5.998789900e+02 +7.144689900e+02 +7.144689900e+02
34 +5.595096538e+02 +5.595096538e+02 +6.740996538e+02 +6.740996538e+02
59 +5.396442736e+02 +5.396442736e+02 +6.542342736e+02 +6.542342736e+02
60 +5.323905598e+02 +5.323905598e+02 +6.469805598e+02 +6.469805598e+02
71 +5.195250517e+02 +5.195250517e+02 +6.341150517e+02 +6.341150517e+02
73 +5.013410610e+02 +5.013410610e+02 +6.159310610e+02 +6.159310610e+02
74 +4.832697735e+02 +4.832697735e+02 +5.978597735e+02 +5.978597735e+02
82 +4.522377662e+02 +4.522377662e+02 +5.668277662e+02 +5.668277662e+02
94 +4.410067151e+02 +4.410067151e+02 +5.555967151e+02 +5.555967151e+02
95 +4.166171273e+02 +4.166171273e+02 +5.312071273e+02 +5.312071273e+02
104 +3.737117106e+02 +3.737117106e+02 +4.883017106e+02 +4.883017106e+02
115 +3.701192422e+02 +3.701192422e+02 +4.847092422e+02 +4.847092422e+02
116 +3.452033634e+02 +3.452033634e+02 +4.597933634e+02 +4.597933634e+02
127 +3.372287157e+02 +3.372287157e+02 +4.518187157e+02 +4.518187157e+02
132 +3.207367204e+02 +3.207367204e+02 +4.353267204e+02 +4.353267204e+02
146 +3.032212625e+02 +3.032212625e+02 +4.178112625e+02 +4.178112625e+02
154 +2.834266637e+02 +2.834266637e+02 +3.980166637e+02 +3.980166637e+02
161 +2.796100671e+02 +2.796100671e+02 +3.942000671e+02 +3.942000671e+02
162 +2.579775710e+02 +2.579775710e+02 +3.725675710e+02 +3.725675710e+02
173 +2.549561844e+02 +2.549561844e+02 +3.695461844e+02 +3.695461844e+02
184 +2.510067887e+02 +2.510067887e+02 +3.655967887e+02 +3.655967887e+02
206 +2.194365413e+02 +2.194365413e+02 +3.340265413e+02 +3.340265413e+02
234 +2.014105413e+02 +2.014105413e+02 +3.160005413e+02 +3.160005413e+02
242 +1.895597033e+02 +1.895597033e+02 +3.041497033e+02 +3.041497033e+02
263 +1.781645892e+02 +1.781645892e+02 +2.927545892e+02 +2.927545892e+02
268 +1.729913140e+02 +1.729913140e+02 +2.875813140e+02 +2.875813140e+02
278 +1.599146207e+02 +1.599146207e+02 +2.745046207e+02 +2.745046207e+02
284 +1.532928836e+02 +1.532928836e+02 +2.678828836e+02 +2.678828836e+02
305 +1.366192108e+02 +1.366192108e+02 +2.512092108e+02 +2.512092108e+02
317 +1.344386049e+02 +1.344386049e+02 +2.490286049e+02 +2.490286049e+02
358 +1.289376626e+02 +1.289376626e+02 +2.435276626e+02 +2.435276626e+02
359 +1.266220415e+02 +1.266220415e+02 +2.412120415e+02 +2.412120415e+02
362 +1.213876841e+02 +1.213876841e+02 +2.359776841e+02 +2.359776841e+02
369 +1.197202597e+02 +1.197202597e+02 +2.343102597e+02 +2.343102597e+02
373 +1.125251896e+02 +1.125251896e+02 +2.271151896e+02 +2.271151896e+02
377 +1.116972649e+02 +1.116972649e+02 +2.262872649e+02 +2.262872649e+02
380 +1.094575905e+02 +1.094575905e+02 +2.240475905e+02 +2.240475905e+02
385 +9.904594114e+01 +9.904594114e+01 +2.136359411e+02 +2.136359411e+02
397 +9.520451199e+01 +9.520451199e+01 +2.097945120e+02 +2.097945120e+02
413 +9.242494337e+01 +9.242494337e+01 +2.070149434e+02 +2.070149434e+02
417 +8.484559156e+01 +8.484559156e+01 +1.994355916e+02 +1.994355916e+02
425 +8.195202569e+01 +8.195202569e+01 +1.965420257e+02 +1.965420257e+02
445 +8.099786321e+01 +8.099786321e+01 +1.955878632e+02 +1.955878632e+02
447 +7.689614000e+01 +7.689614000e+01 +1.914861400e+02 +1.914861400e+02
452 +7.463094182e+01 +7.463094182e+01 +1.892209418e+02 +1.892209418e+02
457 +7.080790135e+01 +7.080790135e+01 +1.853979013e+02 +1.853979013e+02
464 +6.524366507e+01 +6.524366507e+01 +1.798336651e+02 +1.798336651e+02
480 +5.710274004e+01 +5.710274004e+01 +1.716927400e+02 +1.716927400e+02
484 +4.746741992e+01 +4.746741992e+01 +1.620574199e+02 +1.620574199e+02
493 +4.615446852e+01 +4.615446852e+01 +1.607444685e+02 +1.607444685e+02
503 +4.204506217e+01 +4.204506217e+01 +1.566350622e+02 +1.566350622e+02
517 +4.038134758e+01 +4.038134758e+01 +1.549713476e+02 +1.549713476e+02
531 +3.878550839e+01 +3.878550839e+01 +1.533755084e+02 +1.533755084e+02
538 +3.769943111e+01 +3.769943111e+01 +1.522894311e+02 +1.522894311e+02
539 +3.162972758e+01 +3.162972758e+01 +1.462197276e+02 +1.462197276e+02
544 +2.931362356e+01 +2.931362356e+01 +1.439036236e+02 +1.439036236e+02
566 +2.564735541e+01 +2.564735541e+01 +1.402373554e+02 +1.402373554e+02
579 +2.373528404e+01 +2.373528404e+01 +1.383252840e+02 +1.383252840e+02
605 +2.326764306e+01 +2.326764306e+01 +1.378576431e+02 +1.378576431e+02
617 +2.123399385e+01 +2.123399385e+01 +1.358239938e+02 +1.358239938e+02
630 +1.875025644e+01 +1.875025644e+01 +1.333402564e+02 +1.333402564e+02
633 +1.129074032e+01 +1.129074032e+01 +1.258807403e+02 +1.258807403e+02
642 +8.765978659e+00 +8.765978659e+00 +1.233559787e+02 +1.233559787e+02
644 +7.705835202e+00 +7.705835202e+00 +1.222958352e+02 +1.222958352e+02
657 +6.768273933e+00 +6.768273933e+00 +1.213582739e+02 +1.213582739e+02
663 +6.121496655e+00 +6.121496655e+00 +1.207114967e+02 +1.207114967e+02
672 +4.115796965e+00 +4.115796965e+00 +1.187057970e+02 +1.187057970e+02
688 +3.114206969e+00 +3.114206969e+00 +1.177042070e+02 +1.177042070e+02
692 +7.119752410e-01 +7.119752410e-01 +1.153019752e+02 +1.153019752e+02
704 +0.000000000e+00 +0.000000000e+00 +1.145900000e+02 +1.145900000e+02
% function evaluation | noise-free fitness - Fopt (-3.698300000000e+02) | best noise-free fitness - Fopt | measured fitness | best measured fitness | x1 | x2...
1 +7.899082053e+02 +7.899082053e+02 +4.200782053e+02 +4.200782053e+02
2 +7.430954658e+02 +7.430954658e+02 +3.732654658e+02 +3.732654658e+02
6 +7.336519341e+02 +7.336519341e+02 +3.638219341e+02 +3.638219341e+02
12 +7.050428663e+02 +7.050428663e+02 +3.352128663e+02 +3.352128663e+02
24 +6.917704218e+02 +6.917704218e+02 +3.219404218e+02 +3.219404218e+02
32 +6.743337826e+02 +6.743337826e+02 +3.045037826e+02 +3.045037826e+02
33 +6.398994475e+02 +6.398994475e+02 +2.700694475e+02 +2.700694475e+02
45 +5.995393533e+02 +5.995393533e+02 +2.297093533e+02 +2.297093533e+02
54 +5.873836589e+02 +5.873836589e+02 +2.175536589e+02 +2.175536589e+02
62 +5.548880300e+02 +5.548880300e+02 +1.850580300e+02 +1.850580300e+02
72 +5.342610131e+02 +5.342610131e+02 +1.644310131e+02 +1.644310131e+02
75 +5.160043658e+02 +5.160043658e+02 +1.461743658e+02 +1.461743658e+02
82 +4.825323015e+02 +4.825323015e+02 +1.127023015e+02 +1.127023015e+02
93 +4.567192134e+02 +4.567192134e+02 +8.688921335e+01 +8.688921335e+01
109 +4.454229224e+02 +4.454229224e+02 +7.559292236e+01 +7.559292236e+01
113 +4.259574407e+02 +4.259574407e+02 +5.612744073e+01 +5.612744073e+01
118 +4.078591706e+02 +4.078591706e+02 +3.802917063e+01 +3.802917063e+01
129 +3.902670586e+02 +3.902670586e+02 +2.043705865e+01 +2.043705865e+01
136 +3.725754620e+02 +3.725754620e+02 +2.745462044e+00 +2.745462044e+00
145 +3.705027966e+02 +3.705027966e+02 +6.727965895e-01 +6.727965895e-01
151 +3.354380321e+02 +3.354380321e+02 -3.439196790e+01 -3.439196790e+01
157 +3.232391827e+02 +3.232391827e+02 -4.659081725e+01 -4.659081725e+01
170 +3.151892594e+02 +3.151892594e+02 -5.464074061e+01 -5.464074061e+01
174 +3.033173862e+02 +3.033173862e+02 -6.651261384e+01 -6.651261384e+01
176 +2.967470572e+02 +2.967470572e+02 -7.308294282e+01 -7.308294282e+01
191 +2.825788031e+02 +2.825788031e+02 -8.725119691e+01 -8.725119691e+01
193 +2.567643138e+02 +2.567643138e+02 -1.130656862e+02 -1.130656862e+02
210 +2.411292061e+02 +2.411292061e+02 -1.287007939e+02 -1.287007939e+02
214 +2.328392336e+02 +2.328392336e+02 -1.369907664e+02 -1.369907664e+02
216 +2.256471829e+02 +2.256471829e+02 -1.441828171e+02 -1.441828171e+02
223 +2.186707175e+02 +2.186707175e+02 -1.511592825e+02 -1.511592825e+02
225 +1.987524917e+02 +1.987524917e+02 -1.710775083e+02 -1.710775083e+02
233 +1.918154970e+02 +1.918154970e+02 -1.780145030e+02 -1.780145030e+02
242 +1.871008766e+02 +1.871008766e+02 -1.827291234e+02 -1.827291234e+02
248 +1.648387999e+02 +1.648387999e+02 -2.049912001e+02 -2.049912001e+02
256 +1.621482822e+02 +1.621482822e+02 -2.076817178e+02 -2.076817178e+02
261 +1.537422134e+02 +1.537422134e+02 -2.160877866e+02 -2.160877866e+02
264 +1.360689616e+02 +1.360689616e+02 -2.337610384e+02 -2.337610384e+02
273 +1.307847699e+02 +1.307847699e+02 -2.390452301e+02 -2.390452301e+02
283 +1.235508399e+02 +1.235508399e+02 -2.462791601e+02 -2.462791601e+02
291 +1.190611567e+02 +1.190611567e+02 -2.507688433e+02 -2.507688433e+02
293 +1.163443027e+02 +1.163443027e+02 -2.534856973e+02 -2.534856973e+02
311 +1.104532091e+02 +1.104532091e+02 -2.593767909e+02 -2.593767909e+02
312 +1.075810090e+02 +1.075810090e+02 -2.622489910e+02 -2.622489910e+02
325 +1.001462672e+02 +1.001462672e+02 -2.696837328e+02 -2.696837328e+02
339 +9.956638423e+01 +9.956638423e+01 -2.702636158e+02 -2.702636158e+02
344 +9.149770655e+01 +9.149770655e+01 -2.783322935e+02 -2.783322935e+02
354 +8.881891243e+01 +8.881891243e+01 -2.810110876e+02 -2.810110876e+02
361 +8.193799635e+01 +8.193799635e+01 -2.878920036e+02 -2.878920036e+02
368 +7.657794487e+01 +7.657794487e+01 -2.932520551e+02 -2.932520551e+02
374 +7.301622014e+01 +7.301622014e+01 -2.968137799e+02 -2.968137799e+02
383 +7.109880588e+01 +7.109880588e+01 -2.987311941e+02 -2.987311941e+02
413 +6.996308175e+01 +6.996308175e+01 -2.998669182e+02 -2.998669182e+02
414 +6.436574573e+01 +6.436574573e+01 -3.054642543e+02 -3.054642543e+02
422 +5.821586891e+01 +5.821586891e+01 -3.116141311e+02 -3.116141311e+02
465 +5.383902685e+01 +5.383902685e+01 -3.159909731e+02 -3.159909731e+02
471 +5.275728973e+01 +5.275728973e+01 -3.170727103e+02 -3.170727103e+02
474 +4.839931484e+01 +4.839931484e+01 -3.214306852e+02 -3.214306852e+02
476 +4.659315332e+01 +4.659315332e+01 -3.232368467e+02 -3.232368467e+02
477 +4.330744975e+01 +4.330744975e+01 -3.265225502e+02 -3.265225502e+02
492 +4.203778127e+01 +4.203778127e+01 -3.277922187e+02 -3.277922187e+02
516 +4.015081530e+01 +4.015081530e+01 -3.296791847e+02 -3.296791847e+02
519 +3.814855357e+01 +3.814855357e+01 -3.316814464e+02 -3.316814464e+02
527 +3.633807014e+01 +3.633807014e+01 -3.334919299e+02 -3.334919299e+02
541 +3.442155596e+01 +3.442155596e+01 -3.354084440e+02 -3.354084440e+02
552 +3.381885405e+01 +3.381885405e+01 -3.360111459e+02 -3.360111459e+02
553 +3.272828406e+01 +3.272828406e+01 -3.371017159e+02 -3.371017159e+02
555 +2.908602713e+01 +2.908602713e+01 -3.407439729e+02 -3.407439729e+02
562 +2.656822841e+01 +2.656822841e+01 -3.432617716e+02 -3.432617716e+02
565 +2.538293270e+01 +2.538293270e+01 -3.444470673e+02 -3.444470673e+02
567 +2.239146480e+01 +2.239146480e+01 -3.474385352e+02 -3.474385352e+02
572 +1.874036792e+01 +1.874036792e+01 -3.510896321e+02 -3.510896321e+02
573 +1.672163452e+01 +1.672163452e+01 -3.531083655e+02 -3.531083655e+02
578 +1.555330467e+01 +1.555330467e+01 -3.542766953e+02 -3.542766953e+02
582 +1.305089365e+01 +1.305089365e+01 -3.567791064e+02 -3.567791064e+02
597 +9.326617557e+00 +9.326617557e+00 -3.605033824e+02 -3.605033824e+02
599 +9.039344758e+00 +9.039344758e+00 -3.607906552e+02 -3.607906552e+02
604 +7.973699300e+00 +7.973699300e+00 -3.618563007e+02 -3.618563007e+02
605 +6.660978686e+00 +6.660978686e+00 -3.631690213e+02 -3.631690213e+02
607 +6.029952342e+00 +6.029952342e+00 -3.638000477e+02 -3.638000477e+02
613 +5.718548783e+00 +5.718548783e+00 -3.641114512e+02 -3.641114512e+02
615 +5.109218645e+00 +5.109218645e+00 -3.647207814e+02 -3.647207814e+02
623 +2.751372663e+00 +2.751372663e+00 -3.670786273e+02 -3.670786273e+02
624 +9.029961324e-01 +9.029961324e-01 -3.689270039e+02 -3.689270039e+02
632 +0.000000000e+00 +0.000000000e+00 -3.698300000e+02 -3.698300000e+02
% function evaluation | noise-free fitness - Fopt (1.531800000000e+02) | best noise-free fitness - Fopt | measured fitness | best measured fitness | x1 | x2...
1 +7.899082053e+02 +7.899082053e+02 +9.430882053e+02 +9.430882053e+02
3 +7.646094367e+02 +7.646094367e+02 +9.177894367e+02 +9.177894367e+02
4 +7.353144115e+02 +7.353144115e+02 +8.884944115e+02 +8.884944115e+02
15 +6.698756267e+02 +6.698756267e+02 +8.230556267e+02 +8.230556267e+02
25 +6.502598149e+02 +6.502598149e+02 +8.034398149e+02 +8.034398149e+02
34 +6.356676788e+02 +6.356676788e+02 +7.888476788e+02 +7.888476788e+02
38 +6.232357947e+02 +6.232357947e+02 +7.764157947e+02 +7.764157947e+02
44 +5.952013707e+02 +5.952013707e+02 +7.483813707e+02 +7.483813707e+02
54 +5.532269331e+02 +5.532269331e+02 +7.064069331e+02 +7.064069331e+02
67 +5.368238329e+02 +5.368238329e+02 +6.900038329e+02 +6.900038329e+02
73 +5.110271424e+02 +5.110271424e+02 +6.642071424e+02 +6.642071424e+02
82 +4.962057330e+02 +4.962057330e+02 +6.493857330e+02 +6.493857330e+02
84 +4.859979824e+02 +4.859979824e+02 +6.391779824e+02 +6.391779824e+02
93 +4.536742798e+02 +4.536742798e+02 +6.068542798e+02 +6.068542798e+02
102 +4.267405153e+02 +4.267405153e+02 +5.799205153e+02 +5.799205153e+02
109 +4.198420660e+02 +4.198420660e+02 +5.730220660e+02 +5.730220660e+02
112 +4.054679254e+02 +4.054679254e+02 +5.586479254e+02 +5.586479254e+02
116 +3.772245163e+02 +3.772245163e+02 +5.304045163e+02 +5.304045163e+02
122 +3.647776721e+02 +3.647776721e+02 +5.179576721e+02 +5.179576721e+02
134 +3.496241394e+02 +3.496241394e+02 +5.028041394e+02 +5.028041394e+02
135 +3.321953804e+02 +3.321953804e+02 +4.853753804e+02 +4.853753804e+02
144 +3.259962057e+02 +3.259962057e+02 +4.791762057e+02 +4.791762057e+02
145 +3.208578054e+02 +3.208578054e+02 +4.740378054e+02 +4.740378054e+02
153 +3.148992909e+02 +3.148992909e+02 +4.680792909e+02 +4.680792909e+02
165 +3.019645509e+02 +3.019645509e+02 +4.551445509e+02 +4.551445509e+02
171 +2.870136568e+02 +2.870136568e+02 +4.401936568e+02 +4.401936568e+02
174 +2.627511609e+02 +2.627511609e+02 +4.159311609e+02 +4.159311609e+02
189 +2.551866401e+02 +2.551866401e+02 +4.083666401e+02 +4.083666401e+02
206 +2.475293894e+02 +2.475293894e+02 +4.007093894e+02 +4.007093894e+02
214 +2.287452348e+02 +2.287452348e+02 +3.819252348e+02 +3.819252348e+02
252 +2.155423903e+02 +2.155423903e+02 +3.687223903e+02 +3.687223903e+02
267 +1.996700199e+02 +1.996700199e+02 +3.528500199e+02 +3.528500199e+02
272 +1.929047841e+02 +1.929047841e+02 +3.460847841e+02 +3.460847841e+02
284 +1.853577242e+02 +1.853577242e+02 +3.385377242e+02 +3.385377242e+02
292 +1.788553469e+02 +1.788553469e+02 +3.320353469e+02 +3.320353469e+02
294 +1.723492249e+02 +1.723492249e+02 +3.255292249e+02 +3.255292249e+02
303 +1.556199669e+02 +1.556199669e+02 +3.087999669e+02 +3.087999669e+02
315 +1.529811535e+02 +1.529811535e+02 +3.061611535e+02 +3.061611535e+02
322 +1.414251166e+02 +1.414251166e+02 +2.946051166e+02 +2.946051166e+02
333 +1.343347031e+02 +1.343347031e+02 +2.875147031e+02 +2.875147031e+02
334 +1.266634966e+02 +1.266634966e+02 +2.798434966e+02 +2.798434966e+02
348 +1.169876126e+02 +1.169876126e+02 +2.701676126e+02 +2.701676126e+02
358 +1.146788723e+02 +1.146788723e+02 +2.678588723e+02 +2.678588723e+02
362 +1.074041041e+02 +1.074041041e+02 +2.605841041e+02 +2.605841041e+02
368 +1.012086391e+02 +1.012086391e+02 +2.543886391e+02 +2.543886391e+02
396 +8.668460431e+01 +8.668460431e+01 +2.398646043e+02 +2.398646043e+02
398 +8.138931190e+01 +8.138931190e+01 +2.345693119e+02 +2.345693119e+02
404 +8.093608084e+01 +8.093608084e+01 +2.341160808e+02 +2.341160808e+02
405 +7.594837829e+01 +7.594837829e+01 +2.291283783e+02 +2.291283783e+02
413 +7.416972384e+01 +7.416972384e+01 +2.273497238e+02 +2.273497238e+02
415 +6.775602834e+01 +6.775602834e+01 +2.209360283e+02 +2.209360283e+02
424 +6.297557793e+01 +6.297557793e+01 +2.161555779e+02 +2.161555779e+02
425 +5.883711339e+01 +5.883711339e+01 +2.120171134e+02 +2.120171134e+02
460 +5.546971030e+01 +5.546971030e+01 +2.086497103e+02 +2.086497103e+02
494 +5.281159572e+01 +5.281159572e+01 +2.059915957e+02 +2.059915957e+02
507 +5.140337920e+01 +5.140337920e+01 +2.045833792e+02 +2.045833792e+02
510 +5.057601494e+01 +5.057601494e+01 +2.037560149e+02 +2.037560149e+02
516 +4.968911562e+01 +4.968911562e+01 +2.028691156e+02 +2.028691156e+02
519 +4.087961046e+01 +4.087961046e+01 +1.940596105e+02 +1.940596105e+02
524 +3.831773437e+01 +3.831773437e+01 +1.914977344e+02 +1.914977344e+02
539 +3.120534176e+01 +3.120534176e+01 +1.843853418e+02 +1.843853418e+02
550 +2.862791521e+01 +2.862791521e+01 +1.818079152e+02 +1.818079152e+02
557 +2.528807636e+01 +2.528807636e+01 +1.784680764e+02 +1.784680764e+02
563 +2.475813662e+01 +2.475813662e+01 +1.779381366e+02 +1.779381366e+02
570 +1.695692065e+01 +1.695692065e+01 +1.701369207e+02 +1.701369207e+02
576 +1.613085647e+01 +1.613085647e+01 +1.693108565e+02 +1.693108565e+02
584 +1.537750850e+01 +1.537750850e+01 +1.685575085e+02 +1.685575085e+02
585 +1.266041499e+01 +1.266041499e+01 +1.658404150e+02 +1.658404150e+02
598 +1.158845756e+01 +1.158845756e+01 +1.647684576e+02 +1.647684576e+02
603 +1.056643419e+01 +1.056643419e+01 +1.637464342e+02 +1.637464342e+02
617 +9.532337283e+00 +9.532337283e+00 +1.627123373e+02 +1.627123373e+02
625 +9.309136106e+00 +9.309136106e+00 +1.624891361e+02 +1.624891361e+02
631 +8.532162512e+00 +8.532162512e+00 +1.617121625e+02 +1.617121625e+02
636 +8.409557484e+00 +8.409557484e+00 +1.615895575e+02 +1.615895575e+02
639 +6.938117216e+00 +6.938117216e+00 +1.601181172e+02 +1.601181172e+02
646 +6.415815786e+00 +6.415815786e+00 +1.595958158e+02 +1.595958158e+02
650 +4.006593461e+00 +4.006593461e+00 +1.571865935e+02 +1.571865935e+02
652 +3.805114282e+00 +3.805114282e+00 +1.569851143e+02 +1.569851143e+02
654 +3.398058111e+00 +3.398058111e+00 +1.565780581e+02 +1.565780581e+02
656 +2.721392372e+00 +2.721392372e+00 +1.559013924e+02 +1.559013924e+02
661 +1.071317124e+00 +1.071317124e+00 +1.542513171e+02 +1.542513171e+02
665 +2.229171578e-01 +2.229171578e-01 +1.534029172e+02 +1.534029172e+02
683 +0.000000000e+00 +0.000000000e+00 +1.531800000e+02 +1.531800000e+02
% function evaluation | noise-free fitness - Fopt (-7.088000000000e+02) | best noise-free fitness - Fopt | measured fitness | best measured fitness | x1 | x2...
1 +7.899082053e+02 +7.899082053e+02 +8.110820529e+01 +8.110820529e+01
2 +7.585504628e+02 +7.585504628e+02 +4.975046279e+01 +4.975046279e+01
5 +6.985057117e+02 +6.985057117e+02 -1.029428827e+01 -1.029428827e+01
12 +6.797956643e+02 +6.797956643e+02 -2.900433566e+01 -2.900433566e+01
14 +6.738658322e+02 +6.738658322e+02 -3.493416777e+01 -3.493416777e+01
26 +6.445496303e+02 +6.445496303e+02 -6.425036974e+01 -6.425036974e+01
37 +6.183349607e+02 +6.183349607e+02 -9.046503934e+01 -9.046503934e+01
40 +6.156648183e+02 +6.156648183e+02 -9.313518170e+01 -9.313518170e+01
43 +5.938528886e+02 +5.938528886e+02 -1.149471114e+02 -1.149471114e+02
56 +5.589057493e+02 +5.589057493e+02 -1.498942507e+02 -1.498942507e+02
62 +5.449738493e+02 +5.449738493e+02 -1.638261507e+02 -1.638261507e+02
81 +5.068649801e+02 +5.068649801e+02 -2.019350199e+02 -2.019350199e+02
83 +4.982744129e+02 +4.982744129e+02 -2.105255871e+02 -2.105255871e+02
84 +4.827110582e+02 +4.827110582e+02 -2.260889418e+02 -2.260889418e+02
99 +4.607649844e+02 +4.607649844e+02 -2.480350156e+02 -2.480350156e+02
108 +4.424073568e+02 +4.424073568e+02 -2.663926432e+02 -2.663926432e+02
115 +4.250804139e+02 +4.250804139e+02 -2.837195861e+02 -2.837195861e+02
122 +4.049448530e+02 +4.049448530e+02 -3.038551470e+02 -3.038551470e+02
128 +3.834351492e+02 +3.834351492e+02 -3.253648508e+02 -3.253648508e+02
135 +3.675357883e+02 +3.675357883e+02 -3.412642117e+02 -3.412642117e+02
141 +3.453835417e+02 +3.453835417e+02 -3.634164583e+02 -3.634164583e+02
150 +3.385319021e+02 +3.385319021e+02 -3.702680979e+02 -3.702680979e+02
151 +3.070759406e+02 +3.070759406e+02 -4.017240594e+02 -4.017240594e+02
163 +2.994612801e+02 +2.994612801e+02 -4.093387199e+02 -4.093387199e+02
164 +2.915986100e+02 +2.915986100e+02 -4.172013900e+02 -4.172013900e+02
175 +2.791051884e+02 +2.791051884e+02 -4.296948116e+02 -4.296948116e+02
186 +2.738089185e+02 +2.738089185e+02 -4.349910815e+02 -4.349910815e+02
192 +2.650441661e+02 +2.650441661e+02 -4.437558339e+02 -4.437558339e+02
205 +2.497230782e+02 +2.497230782e+02 -4.590769218e+02 -4.590769218e+02
209 +2.343079266e+02 +2.343079266e+02 -4.744920734e+02 -4.744920734e+02
215 +2.144223255e+02 +2.144223255e+02 -4.943776745e+02 -4.943776745e+02
219 +2.100786486e+02 +2.100786486e+02 -4.987213514e+02 -4.987213514e+02
222 +1.982247067e+02 +1.982247067e+02 -5.105752933e+02 -5.105752933e+02
232 +1.933044673e+02 +1.933044673e+02 -5.154955327e+02 -5.154955327e+02
255 +1.891124087e+02 +1.891124087e+02 -5.196875913e+02 -5.196875913e+02
262 +1.714439757e+02 +1.714439757e+02 -5.373560243e+02 -5.373560243e+02
272 +1.618957990e+02 +1.618957990e+02 -5.469042010e+02 -5.469042010e+02
283 +1.575231599e+02 +1.575231599e+02 -5.512768401e+02 -5.512768401e+02
285 +1.500155061e+02 +1.500155061e+02 -5.587844939e+02 -5.587844939e+02
296 +1.419147127e+02 +1.419147127e+02 -5.668852873e+02 -5.668852873e+02
302 +1.380588628e+02 +1.380588628e+02 -5.707411372e+02 -5.707411372e+02
305 +1.367752815e+02 +1.367752815e+02 -5.720247185e+02 -5.720247185e+02
308 +1.284095854e+02 +1.284095854e+02 -5.803904146e+02 -5.803904146e+02
315 +1.241436670e+02 +1.241436670e+02 -5.846563330e+02 -5.846563330e+02
317 +1.226702879e+02 +1.226702879e+02 -5.861297121e+02 -5.861297121e+02
328 +1.195369912e+02 +1.195369912e+02 -5.892630088e+02 -5.892630088e+02
330 +1.087903310e+02 +1.087903310e+02 -6.000096690e+02 -6.000096690e+02
352 +1.061251864e+02 +1.061251864e+02 -6.026748136e+02 -6.026748136e+02
360 +8.679519569e+01 +8.679519569e+01 -6.220048043e+02 -6.220048043e+02
374 +8.136531995e+01 +8.136531995e+01 -6.274346800e+02 -6.274346800e+02
376 +8.058315851e+01 +8.058315851e+01 -6.282168415e+02 -6.282168415e+02
382 +7.435195935e+01 +7.435195935e+01 -6.344480407e+02 -6.344480407e+02
404 +7.356908172e+01 +7.356908172e+01 -6.352309183e+02 -6.352309183e+02
411 +6.353651243e+01 +6.353651243e+01 -6.452634876e+02 -6.452634876e+02
412 +6.092527680e+01 +6.092527680e+01 -6.478747232e+02 -6.478747232e+02
437 +5.399866969e+01 +5.399866969e+01 -6.548013303e+02 -6.548013303e+02
442 +5.197386163e+01 +5.197386163e+01 -6.568261384e+02 -6.568261384e+02
447 +4.927588039e+01 +4.927588039e+01 -6.595241196e+02 -6.595241196e+02
453 +4.868953640e+01 +4.868953640e+01 -6.601104636e+02 -6.601104636e+02
459 +4.302806196e+01 +4.302806196e+01 -6.657719380e+02 -6.657719380e+02
462 +3.974360305e+01 +3.974360305e+01 -6.690563969e+02 -6.690563969e+02
465 +3.607759636e+01 +3.607759636e+01 -6.727224036e+02 -6.727224036e+02
474 +2.796708962e+01 +2.796708962e+01 -6.808329104e+02 -6.808329104e+02
490 +2.534066543e+01 +2.534066543e+01 -6.834593346e+02 -6.834593346e+02
496 +2.425945760e+01 +2.425945760e+01 -6.845405424e+02 -6.845405424e+02
502 +2.321026607e+01 +2.321026607e+01 -6.855897339e+02 -6.855897339e+02
504 +2.261412845e+01 +2.261412845e+01 -6.861858715e+02 -6.861858715e+02
508 +2.188193574e+01 +2.188193574e+01 -6.869180643e+02 -6.869180643e+02
515 +1.614412477e+01 +1.614412477e+01 -6.926558752e+02 -6.926558752e+02
522 +1.442175054e+01 +1.442175054e+01 -6.943782495e+02 -6.943782495e+02
525 +1.335027544e+01 +1.335027544e+01 -6.954497246e+02 -6.954497246e+02
535 +5.540278490e+00 +5.540278490e+00 -7.032597215e+02 -7.032597215e+02
545 +4.554994133e+00 +4.554994133e+00 -7.042450059e+02 -7.042450059e+02
547 +1.760282646e+00 +1.760282646e+00 -7.070397174e+02 -7.070397174e+02
549 +1.572434319e+00 +1.572434319e+00 -7.072275657e+02 -7.072275657e+02
552 +2.806875603e-03 +2.806875603e-03 -7.087971931e+02 -7.087971931e+02
562 +0.000000000e+00 +0.000000000e+00 -7.088000000e+02 -7.088000000e+02
% function evaluation | noise-free fitness - Fopt (8.793000000000e+01) | best noise-free fitness - Fopt | measured fitness | best measured fitness | x1 | x2...
1 +7.899082053e+02 +7.899082053e+02 +8.778382053e+02 +8.778382053e+02
3 +7.682257546e+02 +7.682257546e+02 +8.561557546e+02 +8.561557546e+02
5 +7.139882573e+02 +7.139882573e+02 +8.019182573e+02 +8.019182573e+02
12 +7.039336041e+02 +7.039336041e+02 +7.918636041e+02 +7.918636041e+02
19 +6.401443367e+02 +6.401443367e+02 +7.280743367e+02 +7.280743367e+02
28 +6.309543793e+02 +6.309543793e+02 +7.188843793e+02 +7.188843793e+02
35 +6.081880987e+02 +6.081880987e+02 +6.961180987e+02 +6.961180987e+02
36 +5.967331885e+02 +5.967331885e+02 +6.846631885e+02 +6.846631885e+02
50 +5.786265153e+02 +5.786265153e+02 +6.665565153e+02 +6.665565153e+02
53 +5.652987677e+02 +5.652987677e+02 +6.532287677e+02 +6.532287677e+02
64 +5.616771690e+02 +5.616771690e+02 +6.496071690e+02 +6.496071690e+02
70 +5.370125314e+02 +5.370125314e+02 +6.249425314e+02 +6.249425314e+02
74 +4.956971480e+02 +4.956971480e+02 +5.836271480e+02 +5.836271480e+02
82 +4.839570943e+02 +4.839570943e+02 +5.718870943e+02 +5.718870943e+02
87 +4.715028514e+02 +4.715028514e+02 +5.594328514e+02 +5.594328514e+02
92 +4.618527733e+02 +4.618527733e+02 +5.497827733e+02 +5.497827733e+02
101 +4.493299161e+02 +4.493299161e+02 +5.372599161e+02 +5.372599161e+02
104 +4.246968106e+02 +4.246968106e+02 +5.126268106e+02 +5.126268106e+02
121 +3.861629320e+02 +3.861629320e+02 +4.740929320e+02 +4.740929320e+02
130 +3.769195786e+02 +3.769195786e+02 +4.648495786e+02 +4.648495786e+02
137 +3.643535573e+02 +3.643535573e+02 +4.522835573e+02 +4.522835573e+02
154 +3.390559659e+02 +3.390559659e+02 +4.269859659e+02 +4.269859659e+02
166 +3.201648028e+02 +3.201648028e+02 +4.080948028e+02 +4.080948028e+02
172 +3.045221989e+02 +3.045221989e+02 +3.924521989e+02 +3.924521989e+02
182 +3.010450019e+02 +3.010450019e+02 +3.889750019e+02 +3.889750019e+02
191 +2.913931172e+02 +2.913931172e+02 +3.793231172e+02 +3.793231172e+02
198 +2.808413587e+02 +2.808413587e+02 +3.687713587e+02 +3.687713587e+02
205 +2.717902139e+02 +2.717902139e+02 +3.597202139e+02 +3.597202139e+02
208 +2.662021858e+02 +2.662021858e+02 +3.541321858e+02 +3.541321858e+02
209 +2.586132514e+02 +2.586132514e+02 +3.465432514e+02 +3.465432514e+02
212 +2.433803330e+02 +2.433803330e+02 +3.313103330e+02 +3.313103330e+02
220 +2.372465494e+02 +2.372465494e+02 +3.251765494e+02 +3.251765494e+02
224 +2.227010102e+02 +2.227010102e+02 +3.106310102e+02 +3.106310102e+02
232 +2.115253256e+02 +2.115253256e+02 +2.994553256e+02 +2.994553256e+02
242 +1.902089740e+02 +1.902089740e+02 +2.781389740e+02 +2.781389740e+02
254 +1.624338963e+02 +1.624338963e+02 +2.503638963e+02 +2.503638963e+02
262 +1.488342165e+02 +1.488342165e+02 +2.367642165e+02 +2.367642165e+02
269 +1.362907895e+02 +1.362907895e+02 +2.242207895e+02 +2.242207895e+02
272 +1.273189722e+02 +1.273189722e+02 +2.152489722e+02 +2.152489722e+02
286 +1.212947459e+02 +1.212947459e+02 +2.092247459e+02 +2.092247459e+02
294 +1.200765971e+02 +1.200765971e+02 +2.080065971e+02 +2.080065971e+02
296 +1.102322102e+02 +1.102322102e+02 +1.981622102e+02 +1.981622102e+02
320 +1.040354142e+02 +1.040354142e+02 +1.919654142e+02 +1.919654142e+02
325 +1.020905530e+02 +1.020905530e+02 +1.900205530e+02 +1.900205530e+02
332 +9.560458857e+01 +9.560458857e+01 +1.835345886e+02 +1.835345886e+02
343 +9.230990112e+01 +9.230990112e+01 +1.802399011e+02 +1.802399011e+02
348 +8.657663525e+01 +8.657663525e+01 +1.745066352e+02 +1.745066352e+02
359 +8.311413698e+01 +8.311413698e+01 +1.710441370e+02 +1.710441370e+02
360 +7.775775392e+01 +7.775775392e+01 +1.656877539e+02 +1.656877539e+02
363 +7.447256472e+01 +7.447256472e+01 +1.624025647e+02 +1.624025647e+02
372 +7.042179469e+01 +7.042179469e+01 +1.583517947e+02 +1.583517947e+02
382 +6.814939365e+01 +6.814939365e+01 +1.560793937e+02 +1.560793937e+02
388 +6.067530593e+01 +6.067530593e+01 +1.486053059e+02 +1.486053059e+02
392 +5.506416665e+01 +5.506416665e+01 +1.429941666e+02 +1.429941666e+02
399 +5.179331197e+01 +5.179331197e+01 +1.397233120e+02 +1.397233120e+02
404 +4.693376064e+01 +4.693376064e+01 +1.348637606e+02 +1.348637606e+02
405 +4.537057050e+01 +4.537057050e+01 +1.333005705e+02 +1.333005705e+02
407 +4.304032087e+01 +4.304032087e+01 +1.309703209e+02 +1.309703209e+02
412 +3.519309745e+01 +3.519309745e+01 +1.231230975e+02 +1.231230975e+02
423 +3.439415208e+01 +3.439415208e+01 +1.223241521e+02 +1.223241521e+02
424 +3.228742422e+01 +3.228742422e+01 +1.202174242e+02 +1.202174242e+02
434 +3.000926767e+01 +3.000926767e+01 +1.179392677e+02 +1.179392677e+02
442 +2.917535647e+01 +2.917535647e+01 +1.171053565e+02 +1.171053565e+02
444 +2.795389870e+01 +2.795389870e+01 +1.158838987e+02 +1.158838987e+02
449 +2.388072747e+01 +2.388072747e+01 +1.118107275e+02 +1.118107275e+02
452 +2.330221766e+01 +2.330221766e+01 +1.112322177e+02 +1.112322177e+02
455 +2.140614096e+01 +2.140614096e+01 +1.093361410e+02 +1.093361410e+02
464 +1.998784562e+01 +1.998784562e+01 +1.079178456e+02 +1.079178456e+02
474 +1.788841797e+01 +1.788841797e+01 +1.058184180e+02 +1.058184180e+02
481 +1.751365539e+01 +1.751365539e+01 +1.054436554e+02 +1.054436554e+02
488 +1.679976290e+01 +1.679976290e+01 +1.047297629e+02 +1.047297629e+02
497 +1.478509419e+01 +1.478509419e+01 +1.027150942e+02 +1.027150942e+02
502 +1.227327293e+01 +1.227327293e+01 +1.002032729e+02 +1.002032729e+02
516 +1.002386522e+01 +1.002386522e+01 +9.795386522e+01 +9.795386522e+01
523 +8.404192175e+00 +8.404192175e+00 +9.633419218e+01 +9.633419218e+01
533 +7.552963931e+00 +7.552963931e+00 +9.548296393e+01 +9.548296393e+01
534 +4.988739807e+00 +4.988739807e+00 +9.291873981e+01 +9.291873981e+01
543 +3.751631299e+00 +3.751631299e+00 +9.168163130e+01 +9.168163130e+01
546 +3.397539516e+00 +3.397539516e+00 +9.132753952e+01 +9.132753952e+01
552 +3.212452369e+00 +3.212452369e+00 +9.114245237e+01 +9.114245237e+01
555 +2.979833409e+00 +2.979833409e+00 +9.090983341e+01 +9.090983341e+01
564 +1.290698061e+00 +1.290698061e+00 +8.922069806e+01 +8.922069806e+01
569 +1.163574710e+00 +1.163574710e+00 +8.909357471e+01 +8.909357471e+01
572 +0.000000000e+00 +0.000000000e+00 +8.793000000e+01 +8.793000000e+01
% function evaluation | noise-free fitness - Fopt (3.370000000000e+01) | best noise-free fitness - Fopt | measured fitness | best measured fitness | x1 | x2...
1 +7.899082053e+02 +7.899082053e+02 +8.236082053e+02 +8.236082053e+02
3 +7.648476002e+02 +7.648476002e+02 +7.985476002e+02 +7.985476002e+02
5 +6.978061652e+02 +6.978061652e+02 +7.315061652e+02 +7.315061652e+02
12 +6.792610807e+02 +6.792610807e+02 +7.129610807e+02 +7.129610807e+02
14 +6.746506152e+02 +6.746506152e+02 +7.083506152e+02 +7.083506152e+02
19 +6.589298659e+02 +6.589298659e+02 +6.926298659e+02 +6.926298659e+02
24 +5.987969335e+02 +5.987969335e+02 +6.324969335e+02 +6.324969335e+02
34 +5.856284107e+02 +5.856284107e+02 +6.193284107e+02 +6.193284107e+02
37 +5.566199524e+02 +5.566199524e+02 +5.903199524e+02 +5.903199524e+02
42 +5.103795029e+02 +5.103795029e+02 +5.440795029e+02 +5.440795029e+02
52 +4.935367227e+02 +4.935367227e+02 +5.272367227e+02 +5.272367227e+02
62 +4.809181026e+02 +4.809181026e+02 +5.146181026e+02 +5.146181026e+02
67 +4.706560097e+02 +4.706560097e+02 +5.043560097e+02 +5.043560097e+02
72 +4.491108916e+02 +4.491108916e+02 +4.828108916e+02 +4.828108916e+02
77 +4.448956458e+02 +4.448956458e+02 +4.785956458e+02 +4.785956458e+02
83 +4.352836837e+02 +4.352836837e+02 +4.689836837e+02 +4.689836837e+02
87 +4.219464541e+02 +4.219464541e+02 +4.556464541e+02 +4.556464541e+02
92 +4.115981743e+02 +4.115981743e+02 +4.452981743e+02 +4.452981743e+02
94 +3.940988847e+02 +3.940988847e+02 +4.277988847e+02 +4.277988847e+02
103 +3.871430872e+02 +3.871430872e+02 +4.208430872e+02 +4.208430872e+02
114 +3.724734599e+02 +3.724734599e+02 +4.061734599e+02 +4.061734599e+02
123 +3.633366008e+02 +3.633366008e+02 +3.970366008e+02 +3.970366008e+02
124 +3.275532149e+02 +3.275532149e+02 +3.612532149e+02 +3.612532149e+02
135 +3.110396514e+02 +3.110396514e+02 +3.447396514e+02 +3.447396514e+02
142 +3.062219639e+02 +3.062219639e+02 +3.399219639e+02 +3.399219639e+02
143 +2.878698165e+02 +2.878698165e+02 +3.215698165e+02 +3.215698165e+02
154 +2.801079444e+02 +2.801079444e+02 +3.138079444e+02 +3.138079444e+02
160 +2.545583453e+02 +2.545583453e+02 +2.882583453e+02 +2.882583453e+02
165 +2.477622568e+02 +2.477622568e+02 +2.814622568e+02 +2.814622568e+02
166 +2.424827610e+02 +2.424827610e+02 +2.761827610e+02 +2.761827610e+02
173 +2.384324305e+02 +2.384324305e+02 +2.721324305e+02 +2.721324305e+02
175 +2.195339695e+02 +2.195339695e+02 +2.532339695e+02 +2.532339695e+02
181 +2.185994215e+02 +2.185994215e+02 +2.522994215e+02 +2.522994215e+02
183 +2.060506013e+02 +2.060506013e+02 +2.397506013e+02 +2.397506013e+02
192 +1.800699869e+02 +1.800699869e+02 +2.137699869e+02 +2.137699869e+02
203 +1.634894494e+02 +1.634894494e+02 +1.971894494e+02 +1.971894494e+02
225 +1.618803838e+02 +1.618803838e+02 +1.955803838e+02 +1.955803838e+02
227 +1.496562533e+02 +1.496562533e+02 +1.833562533e+02 +1.833562533e+02
239 +1.460967275e+02 +1.460967275e+02 +1.797967275e+02 +1.797967275e+02
242 +1.383379715e+02 +1.383379715e+02 +1.720379715e+02 +1.720379715e+02
253 +1.300633251e+02 +1.300633251e+02 +1.637633251e+02 +1.637633251e+02
257 +1.249979576e+02 +1.249979576e+02 +1.586979576e+02 +1.586979576e+02
266 +1.202889256e+02 +1.202889256e+02 +1.539889256e+02 +1.539889256e+02
273 +1.193234914e+02 +1.193234914e+02 +1.530234914e+02 +1.530234914e+02
279 +1.155757175e+02 +1.155757175e+02 +1.492757175e+02 +1.492757175e+02
282 +1.100301343e+02 +1.100301343e+02 +1.437301343e+02 +1.437301343e+02
285 +1.095536766e+02 +1.095536766e+02 +1.432536766e+02 +1.432536766e+02
323 +1.068810453e+02 +1.068810453e+02 +1.405810453e+02 +1.405810453e+02
325 +1.007155546e+02 +1.007155546e+02 +1.344155546e+02 +1.344155546e+02
331 +9.867197200e+01 +9.867197200e+01 +1.323719720e+02 +1.323719720e+02
332 +8.957863118e+01 +8.957863118e+01 +1.232786312e+02 +1.232786312e+02
353 +8.443311187e+01 +8.443311187e+01 +1.181331119e+02 +1.181331119e+02
364 +8.159550555e+01 +8.159550555e+01 +1.152955055e+02 +1.152955055e+02
375 +7.612196211e+01 +7.612196211e+01 +1.098219621e+02 +1.098219621e+02
379 +7.379583715e+01 +7.379583715e+01 +1.074958372e+02 +1.074958372e+02
389 +5.838097570e+01 +5.838097570e+01 +9.208097570e+01 +9.208097570e+01
400 +5.484838152e+01 +5.484838152e+01 +8.854838152e+01 +8.854838152e+01
402 +5.286972244e+01 +5.286972244e+01 +8.656972244e+01 +8.656972244e+01
411 +4.982430166e+01 +4.982430166e+01 +8.352430166e+01 +8.352430166e+01
412 +4.770121763e+01 +4.770121763e+01 +8.140121763e+01 +8.140121763e+01
417 +4.132327272e+01 +4.132327272e+01 +7.502327272e+01 +7.502327272e+01
425 +3.092757255e+01 +3.092757255e+01 +6.462757255e+01 +6.462757255e+01
444 +2.674193617e+01 +2.674193617e+01 +6.044193617e+01 +6.044193617e+01
454 +2.579347026e+01 +2.579347026e+01 +5.949347026e+01 +5.949347026e+01
456 +2.086541670e+01 +2.086541670e+01 +5.456541670e+01 +5.456541670e+01
462 +1.921136339e+01 +1.921136339e+01 +5.291136339e+01 +5.291136339e+01
470 +1.875067548e+01 +1.875067548e+01 +5.245067548e+01 +5.245067548e+01
476 +1.752134169e+01 +1.752134169e+01 +5.122134169e+01 +5.122134169e+01
480 +1.392338821e+01 +1.392338821e+01 +4.762338821e+01 +4.762338821e+01
487 +1.319034308e+01 +1.319034308e+01 +4.689034308e+01 +4.689034308e+01
490 +1.217657733e+01 +1.217657733e+01 +4.587657733e+01 +4.587657733e+01
509 +1.190015229e+01 +1.190015229e+01 +4.560015229e+01 +4.560015229e+01
515 +1.111033778e+01 +1.111033778e+01 +4.481033778e+01 +4.481033778e+01
526 +8.124899644e+00 +8.124899644e+00 +4.182489964e+01 +4.182489964e+01
540 +7.472627680e+00 +7.472627680e+00 +4.117262768e+01 +4.117262768e+01
583 +5.220833190e+00 +5.220833190e+00 +3.892083319e+01 +3.892083319e+01
606 +4.306006359e+00 +4.306006359e+00 +3.800600636e+01 +3.800600636e+01
612 +4.244627397e+00 +4.244627397e+00 +3.794462740e+01 +3.794462740e+01
617 +3.297014419e+00 +3.297014419e+00 +3.699701442e+01 +3.699701442e+01
630 +2.416938161e+00 +2.416938161e+00 +3.611693816e+01 +3.611693816e+01
631 +1.376355417e+00 +1.376355417e+00 +3.507635542e+01 +3.507635542e+01
633 +6.922135548e-01 +6.922135548e-01 +3.439221355e+01 +3.439221355e+01
640 +3.282903675e-01 +3.282903675e-01 +3.402829037e+01 +3.402829037e+01
650 +0.000000000e+00 +0.000000000e+00 +3.370000000e+01 +3.370000000e+01
% function evaluation | noise-free fitness - Fopt (-1.618300000000e+02) | best noise-free fitness - Fopt | measured fitness | best measured fitness | x1 | x2...
1 +7.899082053e+02 +7.899082053e+02 +6.280782053e+02 +6.280782053e+02
3 +7.600622426e+02 +7.600622426e+02 +5.982322426e+02 +5.982322426e+02
6 +7.571393054e+02 +7.571393054e+02 +5.953093054e+02 +5.953093054e+02
13 +7.327575646e+02 +7.327575646e+02 +5.709275646e+02 +5.709275646e+02
17 +7.078331917e+02 +7.078331917e+02 +5.460031917e+02 +5.460031917e+02
26 +6.906821398e+02 +6.906821398e+02 +5.288521398e+02 +5.288521398e+02
35 +6.507229141e+02 +6.507229141e+02 +4.888929141e+02 +4.888929141e+02
40 +6.398017614e+02 +6.398017614e+02 +4.779717614e+02 +4.779717614e+02
42 +6.232482715e+02 +6.232482715e+02 +4.614182715e+02 +4.614182715e+02
48 +6.135681992e+02 +6.135681992e+02 +4.517381992e+02 +4.517381992e+02
56 +6.022444564e+02 +6.022444564e+02 +4.404144564e+02 +4.404144564e+02
67 +5.862035363e+02 +5.862035363e+02 +4.243735363e+02 +4.243735363e+02
78 +5.485425544e+02 +5.485425544e+02 +3.867125544e+02 +3.867125544e+02
85 +5.118329170e+02 +5.118329170e+02 +3.500029170e+02 +3.500029170e+02
99 +4.712868319e+02 +4.712868319e+02 +3.094568319e+02 +3.094568319e+02
102 +4.427760460e+02 +4.427760460e+02 +2.809460460e+02 +2.809460460e+02
113 +4.217600299e+02 +4.217600299e+02 +2.599300299e+02 +2.599300299e+02
118 +3.914228271e+02 +3.914228271e+02 +2.295928271e+02 +2.295928271e+02
122 +3.782571024e+02 +3.782571024e+02 +2.164271024e+02 +2.164271024e+02
127 +3.610023184e+02 +3.610023184e+02 +1.991723184e+02 +1.991723184e+02
137 +3.370193533e+02 +3.370193533e+02 +1.751893533e+02 +1.751893533e+02
151 +3.286695266e+02 +3.286695266e+02 +1.668395266e+02 +1.668395266e+02
152 +2.929036835e+02 +2.929036835e+02 +1.310736835e+02 +1.310736835e+02
162 +2.847259542e+02 +2.847259542e+02 +1.228959542e+02 +1.228959542e+02
164 +2.775108398e+02 +2.775108398e+02 +1.156808398e+02 +1.156808398e+02
170 +2.676936030e+02 +2.676936030e+02 +1.058636030e+02 +1.058636030e+02
177 +2.611183312e+02 +2.611183312e+02 +9.928833117e+01 +9.928833117e+01
182 +2.499294607e+02 +2.499294607e+02 +8.809946066e+01 +8.809946066e+01
188 +2.447074484e+02 +2.447074484e+02 +8.287744836e+01 +8.287744836e+01
194 +2.368827413e+02 +2.368827413e+02 +7.505274130e+01 +7.505274130e+01
202 +2.286842377e+02 +2.286842377e+02 +6.685423768e+01 +6.685423768e+01
216 +2.166586522e+02 +2.166586522e+02 +5.482865216e+01 +5.482865216e+01
239 +2.130205527e+02 +2.130205527e+02 +5.119055265e+01 +5.119055265e+01
241 +1.882179395e+02 +1.882179395e+02 +2.638793953e+01 +2.638793953e+01
252 +1.675590498e+02 +1.675590498e+02 +5.729049831e+00 +5.729049831e+00
265 +1.634356025e+02 +1.634356025e+02 +1.605602496e+00 +1.605602496e+00
280 +1.530528134e+02 +1.530528134e+02 -8.777186613e+00 -8.777186613e+00
294 +1.506634199e+02 +1.506634199e+02 -1.116658009e+01 -1.116658009e+01
302 +1.446999981e+02 +1.446999981e+02 -1.713000187e+01 -1.713000187e+01
317 +1.383814964e+02 +1.383814964e+02 -2.344850363e+01 -2.344850363e+01
322 +1.359702212e+02 +1.359702212e+02 -2.585977879e+01 -2.585977879e+01
327 +1.258921569e+02 +1.258921569e+02 -3.593784310e+01 -3.593784310e+01
341 +1.229902173e+02 +1.229902173e+02 -3.883978267e+01 -3.883978267e+01
348 +1.163712085e+02 +1.163712085e+02 -4.545879149e+01 -4.545879149e+01
349 +1.127980642e+02 +1.127980642e+02 -4.903193579e+01 -4.903193579e+01
362 +9.651653521e+01 +9.651653521e+01 -6.531346479e+01 -6.531346479e+01
372 +9.456627325e+01 +9.456627325e+01 -6.726372675e+01 -6.726372675e+01
375 +9.251302671e+01 +9.251302671e+01 -6.931697329e+01 -6.931697329e+01
379 +8.861940930e+01 +8.861940930e+01 -7.321059070e+01 -7.321059070e+01
384 +8.519439219e+01 +8.519439219e+01 -7.663560781e+01 -7.663560781e+01
386 +8.225808551e+01 +8.225808551e+01 -7.957191449e+01 -7.957191449e+01
399 +7.922319438e+01 +7.922319438e+01 -8.260680562e+01 -8.260680562e+01
401 +7.204133336e+01 +7.204133336e+01 -8.978866664e+01 -8.978866664e+01
402 +6.779944841e+01 +6.779944841e+01 -9.403055159e+01 -9.403055159e+01
412 +6.755036529e+01 +6.755036529e+01 -9.427963471e+01 -9.427963471e+01
417 +5.978378941e+01 +5.978378941e+01 -1.020462106e+02 -1.020462106e+02
424 +5.621291432e+01 +5.621291432e+01 -1.056170857e+02 -1.056170857e+02
434 +5.376250052e+01 +5.376250052e+01 -1.080674995e+02 -1.080674995e+02
441 +5.001685806e+01 +5.001685806e+01 -1.118131419e+02 -1.118131419e+02
442 +4.834299833e+01 +4.834299833e+01 -1.134870017e+02 -1.134870017e+02
460 +4.554770906e+01 +4.554770906e+01 -1.162822909e+02 -1.162822909e+02
464 +4.239505975e+01 +4.239505975e+01 -1.194349402e+02 -1.194349402e+02
475 +3.868348778e+01 +3.868348778e+01 -1.231465122e+02 -1.231465122e+02
484 +3.787232214e+01 +3.787232214e+01 -1.239576779e+02 -1.239576779e+02
506 +3.625329553e+01 +3.625329553e+01 -1.255767045e+02 -1.255767045e+02
508 +3.276859624e+01 +3.276859624e+01 -1.290614038e+02 -1.290614038e+02
512 +3.158916712e+01 +3.158916712e+01 -1.302408329e+02 -1.302408329e+02
523 +2.907260004e+01 +2.907260004e+01 -1.327574000e+02 -1.327574000e+02
534 +2.831267614e+01 +2.831267614e+01 -1.335173239e+02 -1.335173239e+02
538 +2.807825186e+01 +2.807825186e+01 -1.337517481e+02 -1.337517481e+02
544 +2.658140262e+01 +2.658140262e+01 -1.352485974e+02 -1.352485974e+02
580 +2.572532747e+01 +2.572532747e+01 -1.361046725e+02 -1.361046725e+02
643 +2.485188500e+01 +2.485188500e+01 -1.369781150e+02 -1.369781150e+02
657 +2.453843129e+01 +2.453843129e+01 -1.372915687e+02 -1.372915687e+02
690 +2.383425039e+01 +2.383425039e+01 -1.379957496e+02 -1.379957496e+02
700 +2.218952471e+01 +2.218952471e+01 -1.396404753e+02 -1.396404753e+02
705 +2.136330448e+01 +2.136330448e+01 -1.404666955e+02 -1.404666955e+02
716 +1.900693731e+01 +1.900693731e+01 -1.428230627e+02 -1.428230627e+02
723 +1.157621689e+01 +1.157621689e+01 -1.502537831e+02 -1.502537831e+02
732 +8.509805221e+00 +8.509805221e+00 -1.533201948e+02 -1.533201948e+02
742 +7.679302069e+00 +7.679302069e+00 -1.541506979e+02 -1.541506979e+02
751 +7.225929463e+00 +7.225929463e+00 -1.546040705e+02 -1.546040705e+02
752 +6.984876524e+00 +6.984876524e+00 -1.548451235e+02 -1.548451235e+02
758 +5.466127718e+00 +5.466127718e+00 -1.563638723e+02 -1.563638723e+02
763 +4.957858872e+00 +4.957858872e+00 -1.568721411e+02 -1.568721411e+02
772 +4.579176430e+00 +4.579176430e+00 -1.572508236e+02 -1.572508236e+02
773 +4.358515683e+00 +4.358515683e+00 -1.574714843e+02 -1.574714843e+02
774 +3.361183654e+00 +3.361183654e+00 -1.584688163e+02 -1.584688163e+02
785 +2.474115601e+00 +2.474115601e+00 -1.593558844e+02 -1.593558844e+02
792 +5.727624342e-01 +5.727624342e-01 -1.612572376e+02 -1.612572376e+02
803 +0.000000000e+00 +0.000000000e+00 -1.618300000e+02 -1.618300000e+02
