% function evaluation | noise-free fitness - Fopt (-4.620900000000e+02) | best noise-free fitness - Fopt | measured fitness | best measured fitness | x1 | x2...
1 +8.291370946e+01 +8.291370946e+01 -3.791762905e+02 -3.791762905e+02 +0.0000e+00 +0.0000e+00 +0.0000e+00
16 +5.235499072e+01 +5.235499072e+01 -4.097350093e+02 -4.097350093e+02 +1.4379e+00 -1.0248e-02 +1.1286e+00
51 +3.419396162e+01 +3.419396162e+01 -4.278960384e+02 -4.278960384e+02 +8.8439e-01 +7.4915e-01 +1.5411e+00
59 +3.316760298e+01 +3.316760298e+01 -4.289223970e+02 -4.289223970e+02 +5.5618e-01 +1.4143e+00 +1.5382e+00
60 +2.766478987e+01 +2.766478987e+01 -4.344252101e+02 -4.344252101e+02 +3.9097e-01 +7.4823e-01 +1.2138e+00
65 +1.514550810e+01 +1.514550810e+01 -4.469444919e+02 -4.469444919e+02 +5.0173e-01 +1.5927e+00 +1.5438e+00
73 +1.320026219e+01 +1.320026219e+01 -4.488897378e+02 -4.488897378e+02 +5.0604e-01 +2.9057e+00 +2.1880e+00
79 +6.286784726e+00 +6.286784726e+00 -4.558032153e+02 -4.558032153e+02 +4.0901e-01 +1.6778e+00 +1.9079e+00
40843 +4.454886398e+00 +4.454886398e+00 -4.576351136e+02 -4.576351136e+02 +1.3433e+00 +2.3505e+00 +2.1855e+00
40981 +3.459985777e+00 +3.459985777e+00 -4.586300142e+02 -4.586300142e+02 +2.3208e+00 +1.7612e+00 +2.2435e+00
40982 +2.717370241e+00 +2.717370241e+00 -4.593726298e+02 -4.593726298e+02 +2.2537e+00 +1.7369e+00 +2.2038e+00
40983 +1.390229629e+00 +1.390229629e+00 -4.606997704e+02 -4.606997704e+02 +2.2992e+00 +1.7022e+00 +2.2123e+00
41031 +1.250087950e+00 +1.250087950e+00 -4.608399120e+02 -4.608399120e+02 +2.3164e+00 +1.7252e+00 +2.2115e+00
41047 +1.172136159e+00 +1.172136159e+00 -4.609178638e+02 -4.609178638e+02 +2.3209e+00 +1.7187e+00 +2.2097e+00
41070 +1.143738170e+00 +1.143738170e+00 -4.609462618e+02 -4.609462618e+02 +2.3342e+00 +1.7257e+00 +2.2122e+00
41091 +1.116739507e+00 +1.116739507e+00 -4.609732605e+02 -4.609732605e+02 +2.3232e+00 +1.7065e+00 +2.2086e+00
41100 +1.089345688e+00 +1.089345688e+00 -4.610006543e+02 -4.610006543e+02 +2.3205e+00 +1.7076e+00 +2.2113e+00
41106 +1.061124444e+00 +1.061124444e+00 -4.610288756e+02 -4.610288756e+02 +2.3322e+00 +1.7014e+00 +2.2089e+00
41131 +1.017650563e+00 +1.017650563e+00 -4.610723494e+02 -4.610723494e+02 +2.3299e+00 +1.7048e+00 +2.2132e+00
41176 +9.996789794e-01 +9.996789794e-01 -4.610903210e+02 -4.610903210e+02 +2.3377e+00 +1.7044e+00 +2.2124e+00
% function evaluation | noise-free fitness - Fopt (7.766000000000e+01) | best noise-free fitness - Fopt | measured fitness | best measured fitness | x1 | x2...
1 +7.513059916e+01 +7.513059916e+01 +1.527905992e+02 +1.527905992e+02 +0.0000e+00 +0.0000e+00 +0.0000e+00
2 +4.888318991e+01 +4.888318991e+01 +1.265431899e+02 +1.265431899e+02 -1.5139e+00 -9.7104e-01 +4.4730e-01
8 +3.873744059e+01 +3.873744059e+01 +1.163974406e+02 +1.163974406e+02 +6.6570e-01 -1.2104e+00 +3.5077e-01
14 +1.363925324e+01 +1.363925324e+01 +9.129925324e+01 +9.129925324e+01 +2.3309e+00 -2.4652e+00 +9.8391e-01
139 +1.242050812e+01 +1.242050812e+01 +9.008050812e+01 +9.008050812e+01 +5.6606e-01 -1.4698e+00 +6.2382e-01
180 +1.105535849e+01 +1.105535849e+01 +8.871535849e+01 +8.871535849e+01 +4.2227e-01 -1.5747e+00 +1.2555e+00
221 +9.297332574e+00 +9.297332574e+00 +8.695733257e+01 +8.695733257e+01 +4.2261e-01 -1.4382e+00 +5.9810e-01
443 +9.117213004e+00 +9.117213004e+00 +8.677721300e+01 +8.677721300e+01 +4.8056e-01 -1.4562e+00 +5.8801e-01
170102 +6.291401342e+00 +6.291401342e+00 +8.395140134e+01 +8.395140134e+01 +3.7998e-01 -1.3962e+00 +1.2670e+00
170135 +6.020110324e+00 +6.020110324e+00 +8.368011032e+01 +8.368011032e+01 +3.7790e-01 -1.4348e+00 +1.2558e+00
170143 +5.724510735e+00 +5.724510735e+00 +8.338451074e+01 +8.338451074e+01 +4.5443e-01 -1.4979e+00 +1.2675e+00
170158 +5.607708027e+00 +5.607708027e+00 +8.326770803e+01 +8.326770803e+01 +4.7379e-01 -1.4685e+00 +1.2572e+00
170171 +5.339882543e+00 +5.339882543e+00 +8.299988254e+01 +8.299988254e+01 +5.0200e-01 -1.4589e+00 +1.2704e+00
170217 +5.227733173e+00 +5.227733173e+00 +8.288773317e+01 +8.288773317e+01 +4.8516e-01 -1.4465e+00 +1.2664e+00
170235 +5.077433035e+00 +5.077433035e+00 +8.273743303e+01 +8.273743303e+01 +4.6458e-01 -1.4391e+00 +1.2704e+00
170260 +5.006710797e+00 +5.006710797e+00 +8.266671080e+01 +8.266671080e+01 +4.4088e-01 -1.4619e+00 +1.2710e+00
253960 +1.482348112e+00 +1.482348112e+00 +7.914234811e+01 +7.914234811e+01 +2.3225e+00 -8.8168e-01 +1.2627e+00
253992 +1.191921875e-01 +1.191921875e-01 +7.777919219e+01 +7.777919219e+01 +2.3856e+00 -8.5086e-01 +1.2661e+00
254054 +1.046344397e-01 +1.046344397e-01 +7.776463444e+01 +7.776463444e+01 +2.3825e+00 -8.5307e-01 +1.2675e+00
254108 +8.953722910e-02 +8.953722910e-02 +7.774953723e+01 +7.774953723e+01 +2.3838e+00 -8.5336e-01 +1.2678e+00
254114 +6.151214274e-03 +6.151214274e-03 +7.766615121e+01 +7.766615121e+01 +2.3971e+00 -8.5408e-01 +1.2707e+00
254247 +5.323923314e-03 +5.323923314e-03 +7.766532392e+01 +7.766532392e+01 +2.3937e+00 -8.5564e-01 +1.2718e+00
254253 +9.243699689e-04 +9.243699689e-04 +7.766092437e+01 +7.766092437e+01 +2.3964e+00 -8.5605e-01 +1.2717e+00
254275 +7.115896640e-04 +7.115896640e-04 +7.766071159e+01 +7.766071159e+01 +2.3965e+00 -8.5574e-01 +1.2719e+00
254391 +6.986798196e-04 +6.986798196e-04 +7.766069868e+01 +7.766069868e+01 +2.3965e+00 -8.5577e-01 +1.2720e+00
254399 +3.793467175e-04 +3.793467175e-04 +7.766037935e+01 +7.766037935e+01 +2.3971e+00 -8.5603e-01 +1.2718e+00
254408 +2.005872569e-04 +2.005872569e-04 +7.766020059e+01 +7.766020059e+01 +2.3976e+00 -8.5624e-01 +1.2718e+00
254418 +1.582377945e-04 +1.582377945e-04 +7.766015824e+01 +7.766015824e+01 +2.3979e+00 -8.5619e-01 +1.2718e+00
254436 +1.358128986e-04 +1.358128986e-04 +7.766013581e+01 +7.766013581e+01 +2.3978e+00 -8.5630e-01 +1.2719e+00
254445 +4.716408681e-05 +4.716408681e-05 +7.766004716e+01 +7.766004716e+01 +2.3982e+00 -8.5614e-01 +1.2719e+00
254456 +3.652151329e-05 +3.652151329e-05 +7.766003652e+01 +7.766003652e+01 +2.3984e+00 -8.5576e-01 +1.2720e+00
254479 +3.517412249e-05 +3.517412249e-05 +7.766003517e+01 +7.766003517e+01 +2.3980e+00 -8.5601e-01 +1.2720e+00
254494 +2.749077268e-05 +2.749077268e-05 +7.766002749e+01 +7.766002749e+01 +2.3980e+00 -8.5596e-01 +1.2720e+00
254498 +2.609500758e-05 +2.609500758e-05 +7.766002610e+01 +7.766002610e+01 +2.3981e+00 -8.5596e-01 +1.2720e+00
254502 +7.340113640e-06 +7.340113640e-06 +7.766000734e+01 +7.766000734e+01 +2.3982e+00 -8.5597e-01 +1.2720e+00
254523 +5.512861748e-06 +5.512861748e-06 +7.766000551e+01 +7.766000551e+01 +2.3982e+00 -8.5600e-01 +1.2720e+00
254545 +4.711685818e-06 +4.711685818e-06 +7.766000471e+01 +7.766000471e+01 +2.3983e+00 -8.5606e-01 +1.2720e+00
254548 +4.626364230e-06 +4.626364230e-06 +7.766000463e+01 +7.766000463e+01 +2.3984e+00 -8.5601e-01 +1.2720e+00
254558 +2.614275033e-06 +2.614275033e-06 +7.766000261e+01 +7.766000261e+01 +2.3984e+00 -8.5606e-01 +1.2720e+00
254562 +2.470388978e-07 +2.470388978e-07 +7.766000025e+01 +7.766000025e+01 +2.3984e+00 -8.5601e-01 +1.2720e+00
254639 +2.026614538e-07 +2.026614538e-07 +7.766000020e+01 +7.766000020e+01 +2.3984e+00 -8.5600e-01 +1.2720e+00
254641 +1.924795185e-07 +1.924795185e-07 +7.766000019e+01 +7.766000019e+01 +2.3984e+00 -8.5599e-01 +1.2720e+00
254645 +1.261615949e-07 +1.261615949e-07 +7.766000013e+01 +7.766000013e+01 +2.3984e+00 -8.5600e-01 +1.2720e+00
254660 +2.615155381e-08 +2.615155381e-08 +7.766000003e+01 +7.766000003e+01 +2.3984e+00 -8.5600e-01 +1.2720e+00
254702 +1.199694566e-09 +1.199694566e-09 +7.766000000e+01 +7.766000000e+01 +2.3984e+00 -8.5600e-01 +1.2720e+00
255189 +0.000000000e+00 +0.000000000e+00 +7.766000000e+01 +7.766000000e+01 +2.3984e+00 -8.5600e-01 +1.2720e+00
% function evaluation | noise-free fitness - Fopt (1.156800000000e+02) | best noise-free fitness - Fopt | measured fitness | best measured fitness | x1 | x2...
1 +3.277339865e+01 +3.277339865e+01 +1.484533986e+02 +1.484533986e+02 +0.0000e+00 +0.0000e+00 +0.0000e+00
16 +2.674149750e+01 +2.674149750e+01 +1.424214975e+02 +1.424214975e+02 +2.1106e+00 -2.0565e-01 -3.4936e-01
33 +2.211537501e+01 +2.211537501e+01 +1.377953750e+02 +1.377953750e+02 +1.9819e-01 +6.4108e-03 -4.6337e-01
84 +2.118781489e+01 +2.118781489e+01 +1.368678149e+02 +1.368678149e+02 +2.2216e+00 -1.0147e+00 -7.0441e-02
104 +1.168756533e+01 +1.168756533e+01 +1.273675653e+02 +1.273675653e+02 +2.1369e+00 -1.4038e+00 +2.1444e-01
115 +7.815572301e+00 +7.815572301e+00 +1.234955723e+02 +1.234955723e+02 +2.1827e+00 -1.6130e+00 -1.1118e-01
243 +7.319411536e+00 +7.319411536e+00 +1.229994115e+02 +1.229994115e+02 +1.2894e+00 -1.5820e+00 -7.7329e-02
269 +7.063730431e+00 +7.063730431e+00 +1.227437304e+02 +1.227437304e+02 +1.2387e+00 -1.4869e+00 -5.0379e-02
300 +5.355349080e+00 +5.355349080e+00 +1.210353491e+02 +1.210353491e+02 +1.2212e+00 -1.5019e+00 -5.7650e-02
303 +4.999949421e+00 +4.999949421e+00 +1.206799494e+02 +1.206799494e+02 +1.2180e+00 -1.5249e+00 -4.8593e-02
309 +4.222268080e+00 +4.222268080e+00 +1.199022681e+02 +1.199022681e+02 +1.1977e+00 -1.6336e+00 -7.2958e-02
312 +3.551623458e+00 +3.551623458e+00 +1.192316235e+02 +1.192316235e+02 +1.1894e+00 -1.6011e+00 -5.2662e-02
328 +3.155232160e+00 +3.155232160e+00 +1.188352322e+02 +1.188352322e+02 +1.1781e+00 -1.5567e+00 -6.2488e-02
373 +3.070044643e+00 +3.070044643e+00 +1.187500446e+02 +1.187500446e+02 +1.1832e+00 -1.5945e+00 -6.2860e-02
442 +2.994939517e+00 +2.994939517e+00 +1.186749395e+02 +1.186749395e+02 +1.1857e+00 -1.5819e+00 -6.4139e-02
53838 +1.381262508e+00 +1.381262508e+00 +1.170612625e+02 +1.170612625e+02 +2.1435e+00 -9.5133e-01 +2.2863e-01
53899 +1.187872187e+00 +1.187872187e+00 +1.168678722e+02 +1.168678722e+02 +2.1687e+00 -1.0188e+00 +2.3269e-01
53907 +1.164146452e+00 +1.164146452e+00 +1.168441465e+02 +1.168441465e+02 +2.1833e+00 -1.0049e+00 +2.3129e-01
53911 +8.080365546e-01 +8.080365546e-01 +1.164880366e+02 +1.164880366e+02 +2.1675e+00 -1.0135e+00 +2.3470e-01
53924 +6.282096357e-01 +6.282096357e-01 +1.163082096e+02 +1.163082096e+02 +2.1762e+00 -1.0132e+00 +2.4082e-01
53935 +5.813285720e-01 +5.813285720e-01 +1.162613286e+02 +1.162613286e+02 +2.1653e+00 -9.9953e-01 +2.3125e-01
53941 +4.320578942e-01 +4.320578942e-01 +1.161120579e+02 +1.161120579e+02 +2.1646e+00 -1.0081e+00 +2.4259e-01
53954 +3.851367120e-01 +3.851367120e-01 +1.160651367e+02 +1.160651367e+02 +2.1465e+00 -9.6983e-01 +2.4016e-01
53962 +2.552686575e-01 +2.552686575e-01 +1.159352687e+02 +1.159352687e+02 +2.1565e+00 -9.7750e-01 +2.3563e-01
53974 +1.620220384e-01 +1.620220384e-01 +1.158420220e+02 +1.158420220e+02 +2.1604e+00 -9.8667e-01 +2.3775e-01
53979 +1.512693677e-01 +1.512693677e-01 +1.158312694e+02 +1.158312694e+02 +2.1544e+00 -9.8982e-01 +2.4214e-01
53987 +1.325619590e-01 +1.325619590e-01 +1.158125620e+02 +1.158125620e+02 +2.1586e+00 -9.9066e-01 +2.4142e-01
53988 +1.174515085e-01 +1.174515085e-01 +1.157974515e+02 +1.157974515e+02 +2.1596e+00 -9.8684e-01 +2.4086e-01
54007 +5.887413041e-02 +5.887413041e-02 +1.157388741e+02 +1.157388741e+02 +2.1649e+00 -9.7851e-01 +2.4303e-01
54020 +5.492692259e-02 +5.492692259e-02 +1.157349269e+02 +1.157349269e+02 +2.1630e+00 -9.8196e-01 +2.4320e-01
54025 +4.898403972e-02 +4.898403972e-02 +1.157289840e+02 +1.157289840e+02 +2.1641e+00 -9.7972e-01 +2.4475e-01
54033 +4.597515190e-02 +4.597515190e-02 +1.157259752e+02 +1.157259752e+02 +2.1660e+00 -9.7855e-01 +2.4470e-01
54038 +3.290725639e-02 +3.290725639e-02 +1.157129073e+02 +1.157129073e+02 +2.1662e+00 -9.8110e-01 +2.4443e-01
54073 +2.719439126e-02 +2.719439126e-02 +1.157071944e+02 +1.157071944e+02 +2.1681e+00 -9.7987e-01 +2.4374e-01
54077 +1.519159980e-02 +1.519159980e-02 +1.156951916e+02 +1.156951916e+02 +2.1738e+00 -9.8416e-01 +2.4249e-01
54115 +1.372466792e-02 +1.372466792e-02 +1.156937247e+02 +1.156937247e+02 +2.1701e+00 -9.8328e-01 +2.4373e-01
54124 +8.742681114e-03 +8.742681114e-03 +1.156887427e+02 +1.156887427e+02 +2.1715e+00 -9.8279e-01 +2.4460e-01
54202 +7.166367683e-03 +7.166367683e-03 +1.156871664e+02 +1.156871664e+02 +2.1737e+00 -9.8250e-01 +2.4489e-01
54216 +6.519854791e-03 +6.519854791e-03 +1.156865199e+02 +1.156865199e+02 +2.1733e+00 -9.8254e-01 +2.4438e-01
54244 +6.311706479e-03 +6.311706479e-03 +1.156863117e+02 +1.156863117e+02 +2.1733e+00 -9.8285e-01 +2.4441e-01
54248 +5.424384154e-03 +5.424384154e-03 +1.156854244e+02 +1.156854244e+02 +2.1754e+00 -9.8108e-01 +2.4447e-01
54260 +2.998057989e-03 +2.998057989e-03 +1.156829981e+02 +1.156829981e+02 +2.1753e+00 -9.8185e-01 +2.4475e-01
54265 +2.896014938e-03 +2.896014938e-03 +1.156828960e+02 +1.156828960e+02 +2.1757e+00 -9.8174e-01 +2.4441e-01
54275 +2.595854577e-03 +2.595854577e-03 +1.156825959e+02 +1.156825959e+02 +2.1759e+00 -9.8160e-01 +2.4468e-01
54286 +2.430073420e-03 +2.430073420e-03 +1.156824301e+02 +1.156824301e+02 +2.1757e+00 -9.8241e-01 +2.4486e-01
54293 +1.556954213e-03 +1.556954213e-03 +1.156815570e+02 +1.156815570e+02 +2.1756e+00 -9.8312e-01 +2.4478e-01
54306 +9.831610023e-04 +9.831610023e-04 +1.156809832e+02 +1.156809832e+02 +2.1763e+00 -9.8338e-01 +2.4450e-01
54314 +5.087079914e-04 +5.087079914e-04 +1.156805087e+02 +1.156805087e+02 +2.1768e+00 -9.8301e-01 +2.4481e-01
54367 +4.064369654e-04 +4.064369654e-04 +1.156804064e+02 +1.156804064e+02 +2.1770e+00 -9.8340e-01 +2.4475e-01
54369 +3.549488164e-04 +3.549488164e-04 +1.156803549e+02 +1.156803549e+02 +2.1775e+00 -9.8365e-01 +2.4464e-01
54373 +1.740682768e-04 +1.740682768e-04 +1.156801741e+02 +1.156801741e+02 +2.1779e+00 -9.8315e-01 +2.4482e-01
54387 +1.575319485e-04 +1.575319485e-04 +1.156801575e+02 +1.156801575e+02 +2.1782e+00 -9.8289e-01 +2.4458e-01
54390 +8.210612411e-05 +8.210612411e-05 +1.156800821e+02 +1.156800821e+02 +2.1780e+00 -9.8298e-01 +2.4475e-01
54403 +7.118607768e-05 +7.118607768e-05 +1.156800712e+02 +1.156800712e+02 +2.1779e+00 -9.8321e-01 +2.4473e-01
54406 +1.930620765e-05 +1.930620765e-05 +1.156800193e+02 +1.156800193e+02 +2.1782e+00 -9.8316e-01 +2.4472e-01
54451 +1.459935075e-05 +1.459935075e-05 +1.156800146e+02 +1.156800146e+02 +2.1784e+00 -9.8335e-01 +2.4480e-01
54458 +5.426183961e-06 +5.426183961e-06 +1.156800054e+02 +1.156800054e+02 +2.1783e+00 -9.8316e-01 +2.4476e-01
54463 +4.948186657e-06 +4.948186657e-06 +1.156800049e+02 +1.156800049e+02 +2.1783e+00 -9.8315e-01 +2.4478e-01
54479 +4.815345065e-06 +4.815345065e-06 +1.156800048e+02 +1.156800048e+02 +2.1783e+00 -9.8327e-01 +2.4478e-01
54491 +3.178171355e-06 +3.178171355e-06 +1.156800032e+02 +1.156800032e+02 +2.1783e+00 -9.8316e-01 +2.4480e-01
54506 +1.359508047e-06 +1.359508047e-06 +1.156800014e+02 +1.156800014e+02 +2.1783e+00 -9.8320e-01 +2.4479e-01
54516 +5.261144764e-07 +5.261144764e-07 +1.156800005e+02 +1.156800005e+02 +2.1784e+00 -9.8321e-01 +2.4479e-01
54534 +2.354477431e-07 +2.354477431e-07 +1.156800002e+02 +1.156800002e+02 +2.1784e+00 -9.8320e-01 +2.4479e-01
54563 +8.423062070e-08 +8.423062070e-08 +1.156800001e+02 +1.156800001e+02 +2.1784e+00 -9.8320e-01 +2.4480e-01
54580 +4.408393295e-08 +4.408393295e-08 +1.156800000e+02 +1.156800000e+02 +2.1784e+00 -9.8321e-01 +2.4480e-01
54587 +3.899157264e-08 +3.899157264e-08 +1.156800000e+02 +1.156800000e+02 +2.1784e+00 -9.8320e-01 +2.4480e-01
54633 +3.200700860e-08 +3.200700860e-08 +1.156800000e+02 +1.156800000e+02 +2.1784e+00 -9.8320e-01 +2.4480e-01
54644 +1.421383899e-08 +1.421383899e-08 +1.156800000e+02 +1.156800000e+02 +2.1784e+00 -9.8320e-01 +2.4480e-01
54654 +1.369978975e-08 +1.369978975e-08 +1.156800000e+02 +1.156800000e+02 +2.1784e+00 -9.8320e-01 +2.4480e-01
54667 +6.497472782e-09 +6.497472782e-09 +1.156800000e+02 +1.156800000e+02 +2.1784e+00 -9.8320e-01 +2.4480e-01
55056 +0.000000000e+00 +0.000000000e+00 +1.156800000e+02 +1.156800000e+02 +2.1784e+00 -9.8320e-01 +2.4480e-01
% function evaluation | noise-free fitness - Fopt (-3.710000000000e+00) | best noise-free fitness - Fopt | measured fitness | best measured fitness | x1 | x2...
1 +7.982158397e+01 +7.982158397e+01 +7.611158397e+01 +7.611158397e+01 +0.0000e+00 +0.0000e+00 +0.0000e+00
9 +5.664518648e+01 +5.664518648e+01 +5.293518648e+01 +5.293518648e+01 -1.7837e+00 -6.2453e-02 +1.1163e+00
35 +4.696552355e+01 +4.696552355e+01 +4.325552355e+01 +4.325552355e+01 +7.7782e-01 -2.4695e+00 +1.5724e+00
38 +2.862696692e+01 +2.862696692e+01 +2.491696692e+01 +2.491696692e+01 -9.4633e-02 -1.6619e+00 +1.1217e+00
90 +2.215976848e+01 +2.215976848e+01 +1.844976848e+01 +1.844976848e+01 +9.5227e-01 -1.8095e+00 +8.2697e-01
124 +1.931324886e+01 +1.931324886e+01 +1.560324886e+01 +1.560324886e+01 +1.9446e+00 -2.9041e+00 +1.0542e+00
146 +1.169657645e+01 +1.169657645e+01 +7.986576454e+00 +7.986576454e+00 +2.9458e+00 -2.8484e+00 +1.1104e+00
206 +6.622775115e+00 +6.622775115e+00 +2.912775115e+00 +2.912775115e+00 +1.1802e+00 -2.9350e+00 +1.4747e+00
303 +5.940746940e+00 +5.940746940e+00 +2.230746940e+00 +2.230746940e+00 +1.0989e+00 -2.9110e+00 +1.7690e+00
321 +5.700290527e+00 +5.700290527e+00 +1.990290527e+00 +1.990290527e+00 +1.1284e+00 -2.8952e+00 +1.7661e+00
323 +5.051379429e+00 +5.051379429e+00 +1.341379429e+00 +1.341379429e+00 +1.1847e+00 -2.8955e+00 +1.7836e+00
373 +5.009863902e+00 +5.009863902e+00 +1.299863902e+00 +1.299863902e+00 +1.1537e+00 -2.8865e+00 +1.7803e+00
79720 +4.764220732e+00 +4.764220732e+00 +1.054220732e+00 +1.054220732e+00 +1.0914e+00 -2.2768e+00 +1.7780e+00
79815 +4.555399688e+00 +4.555399688e+00 +8.453996881e-01 +8.453996881e-01 +1.1852e+00 -2.3218e+00 +1.7762e+00
79817 +4.344298317e+00 +4.344298317e+00 +6.342983166e-01 +6.342983166e-01 +1.2068e+00 -2.2885e+00 +1.7736e+00
79886 +4.184557422e+00 +4.184557422e+00 +4.745574220e-01 +4.745574220e-01 +1.1847e+00 -2.3066e+00 +1.7763e+00
79923 +4.088113367e+00 +4.088113367e+00 +3.781133668e-01 +3.781133668e-01 +1.1966e+00 -2.2928e+00 +1.7827e+00
79944 +4.014338640e+00 +4.014338640e+00 +3.043386395e-01 +3.043386395e-01 +1.1674e+00 -2.2996e+00 +1.7802e+00
80059 +3.980524840e+00 +3.980524840e+00 +2.705248396e-01 +2.705248396e-01 +1.1616e+00 -2.2955e+00 +1.7832e+00
117720 +1.782822802e+00 +1.782822802e+00 -1.927177198e+00 -1.927177198e+00 +3.1249e+00 -2.3100e+00 +1.4661e+00
160232 +1.337885598e+00 +1.337885598e+00 -2.372114402e+00 -2.372114402e+00 +2.1105e+00 -2.2828e+00 +1.7732e+00
160234 +1.316015890e+00 +1.316015890e+00 -2.393984110e+00 -2.393984110e+00 +2.1063e+00 -2.2793e+00 +1.7786e+00
160258 +1.220271231e+00 +1.220271231e+00 -2.489728769e+00 -2.489728769e+00 +2.1263e+00 -2.3081e+00 +1.7749e+00
160278 +1.161697619e+00 +1.161697619e+00 -2.548302381e+00 -2.548302381e+00 +2.1381e+00 -2.3045e+00 +1.7793e+00
160291 +1.055994438e+00 +1.055994438e+00 -2.654005562e+00 -2.654005562e+00 +2.1179e+00 -2.2929e+00 +1.7789e+00
160339 +1.020745345e+00 +1.020745345e+00 -2.689254655e+00 -2.689254655e+00 +2.1183e+00 -2.2911e+00 +1.7820e+00
160427 +9.972129220e-01 +9.972129220e-01 -2.712787078e+00 -2.712787078e+00 +2.1229e+00 -2.2941e+00 +1.7824e+00
% function evaluation | noise-free fitness - Fopt (1.321800000000e+02) | best noise-free fitness - Fopt | measured fitness | best measured fitness | x1 | x2...
1 +1.554324192e+02 +1.554324192e+02 +2.876124192e+02 +2.876124192e+02 +0.0000e+00 +0.0000e+00 +0.0000e+00
4 +1.147371310e+02 +1.147371310e+02 +2.469171310e+02 +2.469171310e+02 -1.5882e+00 +2.7743e+00 +1.3159e+00
5 +7.853356724e+01 +7.853356724e+01 +2.107135672e+02 +2.107135672e+02 -1.4036e+00 +2.9048e+00 +2.4213e+00
12 +2.699225550e+01 +2.699225550e+01 +1.591722555e+02 +1.591722555e+02 +8.8763e-01 +2.1003e+00 +3.1153e+00
69 +1.595748321e+01 +1.595748321e+01 +1.481374832e+02 +1.481374832e+02 +1.7704e+00 +3.2481e+00 +3.1334e+00
208 +1.477155931e+01 +1.477155931e+01 +1.469515593e+02 +1.469515593e+02 +7.5000e-01 +1.9994e+00 +2.7713e+00
381 +1.137343636e+01 +1.137343636e+01 +1.435534364e+02 +1.435534364e+02 +1.7321e+00 +8.7271e-01 +3.5191e+00
382 +9.977829682e+00 +9.977829682e+00 +1.421578297e+02 +1.421578297e+02 +1.8087e+00 +9.0697e-01 +3.5246e+00
391 +5.901502556e+00 +5.901502556e+00 +1.380815026e+02 +1.380815026e+02 +1.7568e+00 +8.4512e-01 +3.4534e+00
453 +5.872205055e+00 +5.872205055e+00 +1.380522051e+02 +1.380522051e+02 +1.7544e+00 +8.4671e-01 +3.4539e+00
456 +5.495895092e+00 +5.495895092e+00 +1.376758951e+02 +1.376758951e+02 +1.7474e+00 +8.7764e-01 +3.4529e+00
474 +5.483000163e+00 +5.483000163e+00 +1.376630002e+02 +1.376630002e+02 +1.7692e+00 +9.1568e-01 +3.4535e+00
496 +5.054657521e+00 +5.054657521e+00 +1.372346575e+02 +1.372346575e+02 +1.7895e+00 +8.8309e-01 +3.4574e+00
515 +4.992290390e+00 +4.992290390e+00 +1.371722904e+02 +1.371722904e+02 +1.7996e+00 +8.9173e-01 +3.4606e+00
44136 +4.880668528e+00 +4.880668528e+00 +1.370606685e+02 +1.370606685e+02 +2.7208e+00 +2.0388e+00 +3.1602e+00
44151 +3.870737551e+00 +3.870737551e+00 +1.360507376e+02 +1.360507376e+02 +2.8066e+00 +2.0293e+00 +3.1526e+00
44174 +3.533704916e+00 +3.533704916e+00 +1.357137049e+02 +1.357137049e+02 +2.7516e+00 +2.0165e+00 +3.1649e+00
44194 +3.335993303e+00 +3.335993303e+00 +1.355159933e+02 +1.355159933e+02 +2.7585e+00 +2.0108e+00 +3.1416e+00
44196 +3.175667856e+00 +3.175667856e+00 +1.353556679e+02 +1.353556679e+02 +2.7669e+00 +2.0242e+00 +3.1464e+00
44203 +3.034250230e+00 +3.034250230e+00 +1.352142502e+02 +1.352142502e+02 +2.7663e+00 +2.0110e+00 +3.1533e+00
44232 +3.017934047e+00 +3.017934047e+00 +1.351979340e+02 +1.351979340e+02 +2.7610e+00 +2.0167e+00 +3.1494e+00
164615 +2.436654973e+00 +2.436654973e+00 +1.346166550e+02 +1.346166550e+02 +3.7090e+00 +8.8620e-01 +3.4405e+00
164630 +2.080450420e+00 +2.080450420e+00 +1.342604504e+02 +1.342604504e+02 +3.7231e+00 +8.4718e-01 +3.4508e+00
164632 +1.704269379e+00 +1.704269379e+00 +1.338842694e+02 +1.338842694e+02 +3.7329e+00 +9.2822e-01 +3.4594e+00
164662 +1.289394301e+00 +1.289394301e+00 +1.334693943e+02 +1.334693943e+02 +3.7461e+00 +9.0653e-01 +3.4535e+00
164672 +1.278267545e+00 +1.278267545e+00 +1.334582675e+02 +1.334582675e+02 +3.7421e+00 +8.8872e-01 +3.4513e+00
164685 +1.130542090e+00 +1.130542090e+00 +1.333105421e+02 +1.333105421e+02 +3.7486e+00 +8.9457e-01 +3.4559e+00
164696 +1.100946507e+00 +1.100946507e+00 +1.332809465e+02 +1.332809465e+02 +3.7529e+00 +8.9102e-01 +3.4552e+00
164701 +1.030161468e+00 +1.030161468e+00 +1.332101615e+02 +1.332101615e+02 +3.7577e+00 +8.8692e-01 +3.4620e+00
164705 +1.001000490e+00 +1.001000490e+00 +1.331810005e+02 +1.331810005e+02 +3.7599e+00 +8.8807e-01 +3.4608e+00
164809 +9.999121992e-01 +9.999121992e-01 +1.331799122e+02 +1.331799122e+02 +3.7600e+00 +8.8454e-01 +3.4616e+00
% function evaluation | noise-free fitness - Fopt (6.438000000000e+01) | best noise-free fitness - Fopt | measured fitness | best measured fitness | x1 | x2...
1 +1.094329665e+02 +1.094329665e+02 +1.738129665e+02 +1.738129665e+02 +0.0000e+00 +0.0000e+00 +0.0000e+00
7 +8.647582015e+01 +8.647582015e+01 +1.508558201e+02 +1.508558201e+02 -5.9881e-01 -9.6241e-03 +1.3260e+00
8 +6.359386158e+01 +6.359386158e+01 +1.279738616e+02 +1.279738616e+02 +1.0567e+00 +1.0328e+00 +5.9701e-01
13 +5.895161735e+01 +5.895161735e+01 +1.233316173e+02 +1.233316173e+02 -3.2410e-01 +1.9344e+00 +1.9566e+00
19 +5.737213998e+01 +5.737213998e+01 +1.217521400e+02 +1.217521400e+02 -1.0518e+00 +3.0389e-01 +1.7019e+00
23 +4.445374974e+01 +4.445374974e+01 +1.088337497e+02 +1.088337497e+02 +8.0617e-01 +1.0749e+00 +1.3981e+00
52 +2.440211539e+01 +2.440211539e+01 +8.878211539e+01 +8.878211539e+01 +7.7887e-01 +2.1819e+00 +1.5850e+00
75 +1.865336956e+01 +1.865336956e+01 +8.303336956e+01 +8.303336956e+01 +1.2829e+00 +2.5748e+00 +2.0631e+00
98 +1.823865343e+01 +1.823865343e+01 +8.261865343e+01 +8.261865343e+01 +9.4020e-01 +2.1319e+00 +2.2663e+00
116 +1.490934002e+01 +1.490934002e+01 +7.928934002e+01 +7.928934002e+01 +9.5720e-01 +2.6133e+00 +1.6863e+00
142 +1.066257829e+01 +1.066257829e+01 +7.504257829e+01 +7.504257829e+01 +9.9673e-01 +3.2102e+00 +1.6220e+00
265 +9.790095011e+00 +9.790095011e+00 +7.417009501e+01 +7.417009501e+01 +1.0395e+00 +2.1735e+00 +2.0250e+00
277 +9.741703548e+00 +9.741703548e+00 +7.412170355e+01 +7.412170355e+01 +1.0145e+00 +2.1700e+00 +2.0027e+00
296 +9.203252356e+00 +9.203252356e+00 +7.358325236e+01 +7.358325236e+01 +1.0573e+00 +2.1795e+00 +2.0183e+00
297 +9.025397722e+00 +9.025397722e+00 +7.340539772e+01 +7.340539772e+01 +1.0810e+00 +2.1883e+00 +2.0112e+00
116452 +7.982945391e+00 +7.982945391e+00 +7.236294539e+01 +7.236294539e+01 +1.1488e+00 +2.7436e+00 +2.3534e+00
116479 +7.610897798e+00 +7.610897798e+00 +7.199089780e+01 +7.199089780e+01 +1.1053e+00 +2.7128e+00 +2.2887e+00
116491 +7.031077545e+00 +7.031077545e+00 +7.141107755e+01 +7.141107755e+01 +1.1046e+00 +2.6257e+00 +2.2929e+00
116496 +6.754183062e+00 +6.754183062e+00 +7.113418306e+01 +7.113418306e+01 +1.0516e+00 +2.6204e+00 +2.2980e+00
116504 +6.125853199e+00 +6.125853199e+00 +7.050585320e+01 +7.050585320e+01 +9.8924e-01 +2.6898e+00 +2.3120e+00
116511 +5.874405597e+00 +5.874405597e+00 +7.025440560e+01 +7.025440560e+01 +1.0319e+00 +2.6489e+00 +2.3217e+00
116524 +5.695232592e+00 +5.695232592e+00 +7.007523259e+01 +7.007523259e+01 +1.0405e+00 +2.6750e+00 +2.3042e+00
116534 +5.080541595e+00 +5.080541595e+00 +6.946054160e+01 +6.946054160e+01 +1.0736e+00 +2.6859e+00 +2.3193e+00
116551 +5.008903971e+00 +5.008903971e+00 +6.938890397e+01 +6.938890397e+01 +1.0717e+00 +2.6758e+00 +2.3196e+00
% function evaluation | noise-free fitness - Fopt (2.824800000000e+02) | best noise-free fitness - Fopt | measured fitness | best measured fitness | x1 | x2...
1 +9.592139438e+01 +9.592139438e+01 +3.784013944e+02 +3.784013944e+02 +0.0000e+00 +0.0000e+00 +0.0000e+00
3 +8.589436413e+01 +8.589436413e+01 +3.683743641e+02 +3.683743641e+02 -2.7116e+00 -9.2491e-01 +1.8534e+00
14 +5.126958574e+01 +5.126958574e+01 +3.337495857e+02 +3.337495857e+02 -4.9328e+00 -3.3409e+00 +1.5518e+00
47 +2.804068277e+01 +2.804068277e+01 +3.105206828e+02 +3.105206828e+02 -1.5633e+00 -4.5313e+00 +1.0480e+00
55 +1.723130699e+01 +1.723130699e+01 +2.997113070e+02 +2.997113070e+02 +1.2733e+00 -3.9338e+00 +1.7096e+00
113 +1.666518719e+01 +1.666518719e+01 +2.991451872e+02 +2.991451872e+02 -3.4474e-01 -4.3583e+00 +1.7706e+00
144 +1.593473716e+01 +1.593473716e+01 +2.984147372e+02 +2.984147372e+02 -1.5456e+00 -3.4370e+00 +1.8422e+00
173 +1.197521244e+01 +1.197521244e+01 +2.944552124e+02 +2.944552124e+02 -1.4875e+00 -3.4046e+00 +1.4726e+00
210 +1.145068879e+01 +1.145068879e+01 +2.939306888e+02 +2.939306888e+02 -1.4694e+00 -3.3754e+00 +1.4540e+00
222 +1.112621469e+01 +1.112621469e+01 +2.936062147e+02 +2.936062147e+02 -1.5097e+00 -3.3954e+00 +1.4571e+00
322 +1.050042424e+01 +1.050042424e+01 +2.929804242e+02 +2.929804242e+02 -1.4985e+00 -3.3773e+00 +1.4691e+00
330 +1.043040978e+01 +1.043040978e+01 +2.929104098e+02 +2.929104098e+02 -1.4968e+00 -3.3716e+00 +1.4611e+00
331 +1.019254599e+01 +1.019254599e+01 +2.926725460e+02 +2.926725460e+02 -1.5143e+00 -3.3709e+00 +1.4705e+00
334 +9.996978037e+00 +9.996978037e+00 +2.924769780e+02 +2.924769780e+02 -1.5437e+00 -3.3683e+00 +1.4667e+00
42487 +9.667820691e+00 +9.667820691e+00 +2.921478207e+02 +2.921478207e+02 +5.2000e-01 -3.2862e+00 +1.1268e+00
42493 +6.859601086e+00 +6.859601086e+00 +2.893396011e+02 +2.893396011e+02 +5.2261e-01 -3.3821e+00 +1.1235e+00
42545 +5.500090437e+00 +5.500090437e+00 +2.879800904e+02 +2.879800904e+02 +4.8516e-01 -3.3544e+00 +1.0922e+00
42603 +5.087041639e+00 +5.087041639e+00 +2.875670416e+02 +2.875670416e+02 +5.3632e-01 -3.3622e+00 +1.0880e+00
42630 +5.008101747e+00 +5.008101747e+00 +2.874881017e+02 +2.874881017e+02 +5.1128e-01 -3.3581e+00 +1.0869e+00
177965 +3.591643464e+00 +3.591643464e+00 +2.860716435e+02 +2.860716435e+02 +4.8633e-01 -3.9602e+00 +1.8076e+00
177993 +2.978428818e+00 +2.978428818e+00 +2.854584288e+02 +2.854584288e+02 +1.4619e+00 -3.9465e+00 +1.8058e+00
% function evaluation | noise-free fitness - Fopt (4.826100000000e+02) | best noise-free fitness - Fopt | measured fitness | best measured fitness | x1 | x2...
1 +7.480961083e+01 +7.480961083e+01 +5.574196108e+02 +5.574196108e+02 +0.0000e+00 +0.0000e+00 +0.0000e+00
3 +4.638659463e+01 +4.638659463e+01 +5.289965946e+02 +5.289965946e+02 -2.4061e-01 +7.3103e-01 +2.2348e-01
15 +4.453059210e+01 +4.453059210e+01 +5.271405921e+02 +5.271405921e+02 +6.7250e-01 +2.9020e+00 +2.9523e-01
18 +2.787485632e+01 +2.787485632e+01 +5.104848563e+02 +5.104848563e+02 -2.7398e-01 +2.4424e+00 +1.4701e+00
35 +1.193970126e+01 +1.193970126e+01 +4.945497013e+02 +4.945497013e+02 -2.1039e-01 +2.0804e+00 +7.7214e-01
251 +1.163177965e+01 +1.163177965e+01 +4.942417796e+02 +4.942417796e+02 -1.7795e-01 +9.9422e-01 +1.1051e+00
286 +1.127606321e+01 +1.127606321e+01 +4.938860632e+02 +4.938860632e+02 -1.9979e-01 +9.9472e-01 +1.1034e+00
384 +1.100516481e+01 +1.100516481e+01 +4.936151648e+02 +4.936151648e+02 -2.2472e-01 +9.9852e-01 +1.1112e+00
422 +1.095935954e+01 +1.095935954e+01 +4.935693595e+02 +4.935693595e+02 -2.1566e-01 +1.0070e+00 +1.1110e+00
81059 +7.212081144e+00 +7.212081144e+00 +4.898220811e+02 +4.898220811e+02 -1.9035e-01 +1.9643e+00 +1.3708e+00
81213 +6.875968712e+00 +6.875968712e+00 +4.894859687e+02 +4.894859687e+02 -1.1610e+00 +2.6158e+00 +1.4048e+00
81229 +4.458377562e+00 +4.458377562e+00 +4.870683776e+02 +4.870683776e+02 -1.2411e+00 +2.5557e+00 +1.4208e+00
81266 +4.043225222e+00 +4.043225222e+00 +4.866532252e+02 +4.866532252e+02 -1.1735e+00 +2.5611e+00 +1.4217e+00
81516 +3.980788106e+00 +3.980788106e+00 +4.865907881e+02 +4.865907881e+02 -1.1709e+00 +2.5513e+00 +1.4224e+00
202606 +3.050723519e+00 +3.050723519e+00 +4.856607235e+02 +4.856607235e+02 +7.7878e-01 +2.0406e+00 +1.4166e+00
202621 +2.282081445e+00 +2.282081445e+00 +4.848920814e+02 +4.848920814e+02 +7.8063e-01 +2.0204e+00 +1.4142e+00
202681 +1.892571293e+00 +1.892571293e+00 +4.845025713e+02 +4.845025713e+02 +7.6779e-01 +2.0097e+00 +1.4191e+00
202709 +1.436703477e+00 +1.436703477e+00 +4.840467035e+02 +4.840467035e+02 +7.5865e-01 +1.9892e+00 +1.4216e+00
202718 +1.373287175e+00 +1.373287175e+00 +4.839832872e+02 +4.839832872e+02 +7.5675e-01 +1.9806e+00 +1.4171e+00
202739 +1.244646888e+00 +1.244646888e+00 +4.838546469e+02 +4.838546469e+02 +7.7620e-01 +1.9805e+00 +1.4174e+00
202740 +1.179786821e+00 +1.179786821e+00 +4.837897868e+02 +4.837897868e+02 +7.5792e-01 +1.9689e+00 +1.4198e+00
202741 +1.134022986e+00 +1.134022986e+00 +4.837440230e+02 +4.837440230e+02 +7.6042e-01 +1.9570e+00 +1.4181e+00
202755 +1.110381103e+00 +1.110381103e+00 +4.837203811e+02 +4.837203811e+02 +7.7325e-01 +1.9492e+00 +1.4231e+00
202757 +1.050419533e+00 +1.050419533e+00 +4.836604195e+02 +4.836604195e+02 +7.6638e-01 +1.9527e+00 +1.4219e+00
202838 +1.019691188e+00 +1.019691188e+00 +4.836296912e+02 +4.836296912e+02 +7.7819e-01 +1.9624e+00 +1.4208e+00
202874 +9.992286872e-01 +9.992286872e-01 +4.836092287e+02 +4.836092287e+02 +7.8011e-01 +1.9584e+00 +1.4221e+00
% function evaluation | noise-free fitness - Fopt (7.177000000000e+01) | best noise-free fitness - Fopt | measured fitness | best measured fitness | x1 | x2...
1 +6.680064899e+01 +6.680064899e+01 +1.385706490e+02 +1.385706490e+02 +0.0000e+00 +0.0000e+00 +0.0000e+00
2 +6.426675959e+01 +6.426675959e+01 +1.360367596e+02 +1.360367596e+02 +2.4873e+00 +3.6359e+00 -3.1531e-01
8 +4.756822321e+01 +4.756822321e+01 +1.193382232e+02 +1.193382232e+02 +1.8761e+00 +2.0230e+00 +8.1137e-01
14 +3.382465377e+01 +3.382465377e+01 +1.055946538e+02 +1.055946538e+02 +2.4234e+00 +2.3850e+00 +1.2580e+00
16 +2.678410290e+01 +2.678410290e+01 +9.855410290e+01 +9.855410290e+01 +1.3529e+00 +2.6955e+00 +1.4435e+00
30 +2.580198614e+01 +2.580198614e+01 +9.757198614e+01 +9.757198614e+01 +1.2600e+00 +2.6069e+00 +1.0904e+00
33 +7.406971998e+00 +7.406971998e+00 +7.917697200e+01 +7.917697200e+01 +2.2302e+00 +1.2671e+00 +1.5130e+00
189 +7.182479681e+00 +7.182479681e+00 +7.895247968e+01 +7.895247968e+01 +1.2113e+00 +1.1648e+00 +1.1228e+00
207 +6.475106259e+00 +6.475106259e+00 +7.824510626e+01 +7.824510626e+01 +1.3326e+00 +1.2125e+00 +1.1320e+00
239 +6.316110248e+00 +6.316110248e+00 +7.808611025e+01 +7.808611025e+01 +1.3226e+00 +1.1893e+00 +1.1337e+00
282 +6.083049437e+00 +6.083049437e+00 +7.785304944e+01 +7.785304944e+01 +1.2470e+00 +1.2075e+00 +1.1410e+00
322 +5.977348836e+00 +5.977348836e+00 +7.774734884e+01 +7.774734884e+01 +1.2717e+00 +1.2004e+00 +1.1381e+00
136027 +4.398776414e+00 +4.398776414e+00 +7.616877641e+01 +7.616877641e+01 +3.2007e+00 +1.7814e+00 +7.4835e-01
136191 +4.219931943e+00 +4.219931943e+00 +7.598993194e+01 +7.598993194e+01 +3.1924e+00 +1.8027e+00 +7.5874e-01
136201 +4.144373177e+00 +4.144373177e+00 +7.591437318e+01 +7.591437318e+01 +3.1993e+00 +1.8006e+00 +7.6371e-01
136209 +4.043076903e+00 +4.043076903e+00 +7.581307690e+01 +7.581307690e+01 +3.2181e+00 +1.8053e+00 +7.5920e-01
136333 +3.981008654e+00 +3.981008654e+00 +7.575100865e+01 +7.575100865e+01 +3.2240e+00 +1.7975e+00 +7.5910e-01
% function evaluation | noise-free fitness - Fopt (8.448800000000e+02) | best noise-free fitness - Fopt | measured fitness | best measured fitness | x1 | x2...
1 +1.555206682e+02 +1.555206682e+02 +1.000400668e+03 +1.000400668e+03 +0.0000e+00 +0.0000e+00 +0.0000e+00
9 +9.504468757e+01 +9.504468757e+01 +9.399246876e+02 +9.399246876e+02 +1.0960e-01 -1.2952e+00 +1.4658e+00
14 +6.236168278e+01 +6.236168278e+01 +9.072416828e+02 +9.072416828e+02 -2.5022e-01 -1.5327e+00 +3.6532e+00
17 +4.082527946e+01 +4.082527946e+01 +8.857052795e+02 +8.857052795e+02 +2.1374e+00 +5.4227e-01 +2.2931e+00
22 +3.182647962e+01 +3.182647962e+01 +8.767064796e+02 +8.767064796e+02 +1.6092e+00 +1.1596e+00 +3.5378e+00
27 +2.703033368e+01 +2.703033368e+01 +8.719103337e+02 +8.719103337e+02 +9.8715e-01 +1.1681e+00 +3.2174e+00
62 +1.191692355e+01 +1.191692355e+01 +8.567969236e+02 +8.567969236e+02 +1.0922e+00 +1.0205e+00 +3.2305e+00
185 +9.351482355e+00 +9.351482355e+00 +8.542314824e+02 +8.542314824e+02 +2.1262e+00 +9.6579e-01 +3.5805e+00
212 +4.550866294e+00 +4.550866294e+00 +8.494308663e+02 +8.494308663e+02 +2.1942e+00 +1.0193e+00 +3.2879e+00
254 +4.341833797e+00 +4.341833797e+00 +8.492218338e+02 +8.492218338e+02 +2.1312e+00 +1.0390e+00 +3.2530e+00
255 +4.241509201e+00 +4.241509201e+00 +8.491215092e+02 +8.491215092e+02 +2.2146e+00 +1.0366e+00 +3.2708e+00
303 +3.565017355e+00 +3.565017355e+00 +8.484450174e+02 +8.484450174e+02 +2.1721e+00 +1.0420e+00 +3.2863e+00
308 +3.545894555e+00 +3.545894555e+00 +8.484258946e+02 +8.484258946e+02 +2.1530e+00 +1.0314e+00 +3.2876e+00
314 +3.395904161e+00 +3.395904161e+00 +8.482759042e+02 +8.482759042e+02 +2.1506e+00 +1.0498e+00 +3.2680e+00
330 +3.028015309e+00 +3.028015309e+00 +8.479080153e+02 +8.479080153e+02 +2.1624e+00 +1.0386e+00 +3.2761e+00
344 +3.019344287e+00 +3.019344287e+00 +8.478993443e+02 +8.478993443e+02 +2.1557e+00 +1.0316e+00 +3.2729e+00
82166 +2.665744683e+00 +2.665744683e+00 +8.475457447e+02 +8.475457447e+02 +3.1607e+00 +5.2268e-01 +3.2602e+00
82177 +1.456350352e+00 +1.456350352e+00 +8.463363504e+02 +8.463363504e+02 +3.1488e+00 +5.1710e-01 +3.2623e+00
82202 +1.140299852e+00 +1.140299852e+00 +8.460202999e+02 +8.460202999e+02 +3.1279e+00 +5.0511e-01 +3.2713e+00
82205 +1.000835998e+00 +1.000835998e+00 +8.458808360e+02 +8.458808360e+02 +3.1530e+00 +5.0273e-01 +3.2748e+00
82246 +9.982843265e-01 +9.982843265e-01 +8.458782843e+02 +8.458782843e+02 +3.1505e+00 +5.0253e-01 +3.2726e+00
% function evaluation | noise-free fitness - Fopt (-4.222000000000e+01) | best noise-free fitness - Fopt | measured fitness | best measured fitness | x1 | x2...
1 +1.245173841e+02 +1.245173841e+02 +8.229738410e+01 +8.229738410e+01 +0.0000e+00 +0.0000e+00 +0.0000e+00
2 +8.222412953e+01 +8.222412953e+01 +4.000412953e+01 +4.000412953e+01 +1.8959e+00 -1.7406e+00 +4.6173e-01
3 +5.327315960e+01 +5.327315960e+01 +1.105315960e+01 +1.105315960e+01 -1.4909e+00 -4.0392e-01 +1.7254e+00
22 +4.643348758e+01 +4.643348758e+01 +4.213487582e+00 +4.213487582e+00 -9.6217e-01 -5.0122e+00 +8.1850e-01
32 +2.815777134e+01 +2.815777134e+01 -1.406222866e+01 -1.406222866e+01 -1.5723e+00 -4.5686e+00 +1.2369e+00
60 +2.014979858e+01 +2.014979858e+01 -2.207020142e+01 -2.207020142e+01 -1.0159e-01 -2.8528e+00 +1.3350e+00
83 +1.130073853e+01 +1.130073853e+01 -3.091926147e+01 -3.091926147e+01 +1.4247e+00 -3.8823e+00 +1.7404e+00
154 +5.378405345e+00 +5.378405345e+00 -3.684159465e+01 -3.684159465e+01 +5.9024e-01 -3.9315e+00 +1.3406e+00
263 +5.163824557e+00 +5.163824557e+00 -3.705617544e+01 -3.705617544e+01 +5.6843e-01 -3.9517e+00 +1.3320e+00
327 +5.099026047e+00 +5.099026047e+00 -3.712097395e+01 -3.712097395e+01 +5.8117e-01 -3.9322e+00 +1.3188e+00
328 +4.988555681e+00 +4.988555681e+00 -3.723144432e+01 -3.723144432e+01 +5.8415e-01 -3.9378e+00 +1.3243e+00
83386 +2.876516648e+00 +2.876516648e+00 -3.934348335e+01 -3.934348335e+01 +5.6170e-01 -3.9675e+00 +1.6922e+00
170727 +2.687181312e+00 +2.687181312e+00 -3.953281869e+01 -3.953281869e+01 +1.5541e+00 -3.4064e+00 +1.7179e+00
170778 +2.441046354e+00 +2.441046354e+00 -3.977895365e+01 -3.977895365e+01 +1.5394e+00 -3.4112e+00 +1.7087e+00
170779 +2.275023738e+00 +2.275023738e+00 -3.994497626e+01 -3.994497626e+01 +1.5747e+00 -3.3984e+00 +1.6961e+00
170797 +2.073544717e+00 +2.073544717e+00 -4.014645528e+01 -4.014645528e+01 +1.5589e+00 -3.4076e+00 +1.7047e+00
170814 +2.028034250e+00 +2.028034250e+00 -4.019196575e+01 -4.019196575e+01 +1.5685e+00 -3.4047e+00 +1.7035e+00
170943 +1.995029442e+00 +1.995029442e+00 -4.022497056e+01 -4.022497056e+01 +1.5786e+00 -3.4095e+00 +1.7024e+00
248159 +1.899668162e+00 +1.899668162e+00 -4.032033184e+01 -4.032033184e+01 +1.4915e+00 -3.9060e+00 +2.0112e+00
248171 +8.425418625e-01 +8.425418625e-01 -4.137745814e+01 -4.137745814e+01 +1.5595e+00 -3.9209e+00 +1.9971e+00
248199 +6.579817397e-01 +6.579817397e-01 -4.156201826e+01 -4.156201826e+01 +1.5829e+00 -3.9470e+00 +2.0028e+00
248208 +3.607667027e-01 +3.607667027e-01 -4.185923330e+01 -4.185923330e+01 +1.5611e+00 -3.9629e+00 +2.0096e+00
248216 +2.225588530e-01 +2.225588530e-01 -4.199744115e+01 -4.199744115e+01 +1.5787e+00 -3.9561e+00 +2.0134e+00
248219 +1.236923501e-01 +1.236923501e-01 -4.209630765e+01 -4.209630765e+01 +1.5788e+00 -3.9511e+00 +2.0069e+00
248240 +1.005237493e-01 +1.005237493e-01 -4.211947625e+01 -4.211947625e+01 +1.5734e+00 -3.9445e+00 +2.0056e+00
248264 +1.720031324e-02 +1.720031324e-02 -4.220279969e+01 -4.220279969e+01 +1.5730e+00 -3.9445e+00 +2.0111e+00
248270 +1.234799148e-02 +1.234799148e-02 -4.220765201e+01 -4.220765201e+01 +1.5776e+00 -3.9393e+00 +2.0107e+00
248281 +9.776582864e-03 +9.776582864e-03 -4.221022342e+01 -4.221022342e+01 +1.5758e+00 -3.9441e+00 +2.0112e+00
248282 +9.130301786e-03 +9.130301786e-03 -4.221086970e+01 -4.221086970e+01 +1.5748e+00 -3.9447e+00 +2.0127e+00
248316 +8.293430408e-03 +8.293430408e-03 -4.221170657e+01 -4.221170657e+01 +1.5776e+00 -3.9414e+00 +2.0107e+00
248325 +5.727397381e-03 +5.727397381e-03 -4.221427260e+01 -4.221427260e+01 +1.5769e+00 -3.9384e+00 +2.0126e+00
248328 +1.106251679e-03 +1.106251679e-03 -4.221889375e+01 -4.221889375e+01 +1.5769e+00 -3.9420e+00 +2.0123e+00
248338 +5.786733527e-04 +5.786733527e-04 -4.221942133e+01 -4.221942133e+01 +1.5770e+00 -3.9413e+00 +2.0125e+00
248484 +4.834126056e-04 +4.834126056e-04 -4.221951659e+01 -4.221951659e+01 +1.5771e+00 -3.9418e+00 +2.0125e+00
248488 +1.443416016e-04 +1.443416016e-04 -4.221985566e+01 -4.221985566e+01 +1.5777e+00 -3.9418e+00 +2.0127e+00
248496 +8.998955506e-05 +8.998955506e-05 -4.221991001e+01 -4.221991001e+01 +1.5778e+00 -3.9416e+00 +2.0127e+00
248499 +4.345633301e-05 +4.345633301e-05 -4.221995654e+01 -4.221995654e+01 +1.5782e+00 -3.9418e+00 +2.0127e+00
248539 +2.480503532e-05 +2.480503532e-05 -4.221997519e+01 -4.221997519e+01 +1.5782e+00 -3.9416e+00 +2.0127e+00
248562 +2.128612167e-05 +2.128612167e-05 -4.221997871e+01 -4.221997871e+01 +1.5783e+00 -3.9417e+00 +2.0127e+00
248568 +1.951488417e-05 +1.951488417e-05 -4.221998049e+01 -4.221998049e+01 +1.5782e+00 -3.9416e+00 +2.0128e+00
248571 +8.533383522e-06 +8.533383522e-06 -4.221999147e+01 -4.221999147e+01 +1.5784e+00 -3.9416e+00 +2.0127e+00
248573 +8.299670121e-06 +8.299670121e-06 -4.221999170e+01 -4.221999170e+01 +1.5783e+00 -3.9417e+00 +2.0128e+00
248594 +2.465454841e-06 +2.465454841e-06 -4.221999753e+01 -4.221999753e+01 +1.5783e+00 -3.9416e+00 +2.0128e+00
248619 +1.650926436e-07 +1.650926436e-07 -4.221999983e+01 -4.221999983e+01 +1.5784e+00 -3.9416e+00 +2.0128e+00
248673 +4.532086706e-08 +4.532086706e-08 -4.221999995e+01 -4.221999995e+01 +1.5784e+00 -3.9416e+00 +2.0128e+00
248771 +2.858905646e-08 +2.858905646e-08 -4.221999997e+01 -4.221999997e+01 +1.5784e+00 -3.9416e+00 +2.0128e+00
248794 +1.534951366e-08 +1.534951366e-08 -4.221999998e+01 -4.221999998e+01 +1.5784e+00 -3.9416e+00 +2.0128e+00
248803 +2.168818014e-09 +2.168818014e-09 -4.222000000e+01 -4.222000000e+01 +1.5784e+00 -3.9416e+00 +2.0128e+00
249244 +0.000000000e+00 +0.000000000e+00 -4.222000000e+01 -4.222000000e+01 +1.5784e+00 -3.9416e+00 +2.0128e+00
% function evaluation | noise-free fitness - Fopt (-9.179000000000e+01) | best noise-free fitness - Fopt | measured fitness | best measured fitness | x1 | x2...
1 +1.508090708e+02 +1.508090708e+02 +5.901907078e+01 +5.901907078e+01 +0.0000e+00 +0.0000e+00 +0.0000e+00
2 +8.353579365e+01 +8.353579365e+01 -8.254206350e+00 -8.254206350e+00 -3.1837e+00 -1.8916e+00 +3.2533e+00
7 +5.803200467e+01 +5.803200467e+01 -3.375799533e+01 -3.375799533e+01 -2.6907e+00 -1.1854e+00 +3.1020e+00
17 +5.111099730e+01 +5.111099730e+01 -4.067900270e+01 -4.067900270e+01 -1.9275e+00 +8.1019e-01 +1.7242e+00
18 +4.800499709e+01 +4.800499709e+01 -4.378500291e+01 -4.378500291e+01 -1.2920e+00 +6.1583e-01 +2.9087e+00
26 +2.916526475e+01 +2.916526475e+01 -6.262473525e+01 -6.262473525e+01 -2.9063e+00 +7.9455e-01 +3.0256e+00
29 +1.492394967e+01 +1.492394967e+01 -7.686605033e+01 -7.686605033e+01 -8.3071e-01 +1.9354e-01 +3.1445e+00
92 +1.165397890e+01 +1.165397890e+01 -8.013602110e+01 -8.013602110e+01 -8.9240e-02 +1.2794e+00 +3.3703e+00
113 +1.054738523e+01 +1.054738523e+01 -8.124261477e+01 -8.124261477e+01 -8.3412e-01 +6.8289e-01 +3.0888e+00
117 +6.963588890e+00 +6.963588890e+00 -8.482641111e+01 -8.482641111e+01 +6.3194e-02 +8.2336e-01 +3.4052e+00
156 +5.990129403e+00 +5.990129403e+00 -8.579987060e+01 -8.579987060e+01 +3.5197e-02 +8.0923e-01 +3.1523e+00
184 +5.560716742e+00 +5.560716742e+00 -8.622928326e+01 -8.622928326e+01 +3.6276e-02 +7.2286e-01 +3.3838e+00
191 +4.808727294e+00 +4.808727294e+00 -8.698127271e+01 -8.698127271e+01 -9.0131e-04 +6.5128e-01 +3.1232e+00
213 +3.471212206e+00 +3.471212206e+00 -8.831878779e+01 -8.831878779e+01 +3.9105e-03 +7.5490e-01 +3.1034e+00
234 +2.147116491e+00 +2.147116491e+00 -8.964288351e+01 -8.964288351e+01 +4.2514e-02 +7.5142e-01 +3.1179e+00
269 +2.115872324e+00 +2.115872324e+00 -8.967412768e+01 -8.967412768e+01 +4.0447e-02 +7.3476e-01 +3.1275e+00
300 +2.046137118e+00 +2.046137118e+00 -8.974386288e+01 -8.974386288e+01 +4.0265e-02 +7.2220e-01 +3.1208e+00
318 +2.023566439e+00 +2.023566439e+00 -8.976643356e+01 -8.976643356e+01 +4.5093e-02 +7.2305e-01 +3.1207e+00
348 +1.993773483e+00 +1.993773483e+00 -8.979622652e+01 -8.979622652e+01 +5.0156e-02 +7.3517e-01 +3.1216e+00
% function evaluation | noise-free fitness - Fopt (-1.277000000000e+01) | best noise-free fitness - Fopt | measured fitness | best measured fitness | x1 | x2...
1 +9.351824688e+01 +9.351824688e+01 +8.074824688e+01 +8.074824688e+01 +0.0000e+00 +0.0000e+00 +0.0000e+00
5 +9.057617729e+01 +9.057617729e+01 +7.780617729e+01 +7.780617729e+01 +9.2324e-01 -2.8830e-01 +2.6796e-01
7 +7.330342453e+01 +7.330342453e+01 +6.053342453e+01 +6.053342453e+01 -1.2295e+00 +1.5093e+00 +2.7883e-01
21 +6.034457402e+01 +6.034457402e+01 +4.757457402e+01 +4.757457402e+01 -2.5634e+00 +1.6471e+00 +1.5593e+00
34 +5.819251602e+01 +5.819251602e+01 +4.542251602e+01 +4.542251602e+01 +1.0492e+00 +4.2278e+00 +2.1094e+00
77 +3.881947519e+01 +3.881947519e+01 +2.604947519e+01 +2.604947519e+01 +1.6792e-01 +1.3946e+00 +1.4978e+00
94 +2.090809529e+01 +2.090809529e+01 +8.138095285e+00 +8.138095285e+00 +8.0158e-01 +2.0100e+00 +1.4999e+00
219 +2.037044619e+01 +2.037044619e+01 +7.600446189e+00 +7.600446189e+00 -1.9800e-01 +2.0167e+00 +1.8658e+00
260 +1.956611992e+01 +1.956611992e+01 +6.796119923e+00 +6.796119923e+00 -2.1526e-01 +1.9963e+00 +1.8640e+00
279 +1.921229622e+01 +1.921229622e+01 +6.442296218e+00 +6.442296218e+00 -3.1970e-01 +1.9801e+00 +1.8803e+00
291 +1.825294866e+01 +1.825294866e+01 +5.482948658e+00 +5.482948658e+00 -3.4048e-01 +2.0039e+00 +1.8646e+00
398 +1.809808036e+01 +1.809808036e+01 +5.328080359e+00 +5.328080359e+00 -3.2613e-01 +2.0053e+00 +1.8746e+00
41060 +8.806418215e+00 +8.806418215e+00 -3.963581785e+00 -3.963581785e+00 +2.6692e+00 +1.5354e+00 +1.4603e+00
41241 +8.259117911e+00 +8.259117911e+00 -4.510882089e+00 -4.510882089e+00 +1.5912e+00 +8.9308e-01 +2.2077e+00
41292 +7.740996185e+00 +7.740996185e+00 -5.029003815e+00 -5.029003815e+00 +1.6981e+00 +8.0613e-01 +2.1541e+00
41312 +5.633934396e+00 +5.633934396e+00 -7.136065604e+00 -7.136065604e+00 +1.7184e+00 +8.3102e-01 +2.1737e+00
41349 +5.336537587e+00 +5.336537587e+00 -7.433462413e+00 -7.433462413e+00 +1.6854e+00 +8.4445e-01 +2.1754e+00
41377 +5.215430615e+00 +5.215430615e+00 -7.554569385e+00 -7.554569385e+00 +1.7045e+00 +8.6244e-01 +2.1687e+00
41385 +5.008262547e+00 +5.008262547e+00 -7.761737453e+00 -7.761737453e+00 +1.7256e+00 +8.7542e-01 +2.1772e+00
290385 +4.597195039e+00 +4.597195039e+00 -8.172804961e+00 -8.172804961e+00 +3.6512e+00 +2.5482e+00 +2.1716e+00
290426 +4.363043099e+00 +4.363043099e+00 -8.406956901e+00 -8.406956901e+00 +3.6668e+00 +2.5391e+00 +2.1803e+00
290435 +4.012763897e+00 +4.012763897e+00 -8.757236103e+00 -8.757236103e+00 +3.6638e+00 +2.5291e+00 +2.1781e+00
290624 +3.980768576e+00 +3.980768576e+00 -8.789231424e+00 -8.789231424e+00 +3.6649e+00 +2.5323e+00 +2.1789e+00
% function evaluation | noise-free fitness - Fopt (-1.000000000000e+03) | best noise-free fitness - Fopt | measured fitness | best measured fitness | x1 | x2...
1 +9.135651573e+01 +9.135651573e+01 -9.086434843e+02 -9.086434843e+02 +0.0000e+00 +0.0000e+00 +0.0000e+00
5 +3.148143176e+01 +3.148143176e+01 -9.685185682e+02 -9.685185682e+02 +1.8826e-02 -9.1363e-01 +2.4824e+00
32 +2.677723630e+01 +2.677723630e+01 -9.732227637e+02 -9.732227637e+02 -4.1656e-01 -2.7572e+00 +2.2362e+00
50 +1.726632999e+01 +1.726632999e+01 -9.827336700e+02 -9.827336700e+02 -1.0770e+00 -1.6757e+00 +2.2733e+00
145 +1.696998504e+01 +1.696998504e+01 -9.830300150e+02 -9.830300150e+02 +6.5090e-02 -3.3226e+00 +2.4829e+00
174 +3.520601198e+00 +3.520601198e+00 -9.964793988e+02 -9.964793988e+02 +2.8213e-02 -3.4050e+00 +2.5516e+00
% function evaluation | noise-free fitness - Fopt (-1.000000000000e+03) | best noise-free fitness - Fopt | measured fitness | best measured fitness | x1 | x2...
1 +4.311418802e+01 +4.311418802e+01 -9.568858120e+02 -9.568858120e+02 +0.0000e+00 +0.0000e+00 +0.0000e+00
5 +3.388286030e+01 +3.388286030e+01 -9.661171397e+02 -9.661171397e+02 +1.1852e+00 -2.1338e+00 +1.5674e+00
54 +2.737021946e+01 +2.737021946e+01 -9.726297805e+02 -9.726297805e+02 +3.6683e-01 -1.6318e+00 +7.8747e-01
85 +2.466166631e+01 +2.466166631e+01 -9.753383337e+02 -9.753383337e+02 +1.8600e-01 -1.6334e+00 +8.3610e-01
105 +1.986736239e+01 +1.986736239e+01 -9.801326376e+02 -9.801326376e+02 +3.5413e-01 -9.4822e-01 +1.1649e+00
140 +1.162270826e+01 +1.162270826e+01 -9.883772917e+02 -9.883772917e+02 +1.3444e-01 +6.4353e-01 +7.7267e-01
163 +8.002772652e+00 +8.002772652e+00 -9.919972273e+02 -9.919972273e+02 +2.9747e-01 +6.1084e-01 +1.2043e+00
78407 +4.488354527e+00 +4.488354527e+00 -9.955116455e+02 -9.955116455e+02 +1.1131e+00 +4.9683e-02 +1.1963e+00
78436 +4.312941605e+00 +4.312941605e+00 -9.956870584e+02 -9.956870584e+02 +1.1891e+00 +2.2554e-02 +1.1796e+00
78486 +3.045518947e+00 +3.045518947e+00 -9.969544811e+02 -9.969544811e+02 +1.2152e+00 +9.9340e-02 +1.4967e+00
78501 +2.082090529e+00 +2.082090529e+00 -9.979179095e+02 -9.979179095e+02 +1.1727e+00 +8.3487e-02 +1.4970e+00
78751 +2.032039712e+00 +2.032039712e+00 -9.979679603e+02 -9.979679603e+02 +1.1642e+00 +8.1498e-02 +1.5005e+00
78817 +1.993448816e+00 +1.993448816e+00 -9.980065512e+02 -9.980065512e+02 +1.1703e+00 +7.2617e-02 +1.5003e+00
