% function evaluation | noise-free fitness - Fopt (-4.620900000000e+02) | best noise-free fitness - Fopt | measured fitness | best measured fitness | x1 | x2...
1 +1.181909657e+02 +1.181909657e+02 -3.438990343e+02 -3.438990343e+02 +0.0000e+00 +0.0000e+00 +0.0000e+00 +0.0000e+00 +0.0000e+00
3 +1.072164773e+02 +1.072164773e+02 -3.548735227e+02 -3.548735227e+02 +1.1531e+00 +2.7618e+00 +1.3917e+00 +5.6918e-01 +9.6656e-01
12 +5.962093132e+01 +5.962093132e+01 -4.024690687e+02 -4.024690687e+02 +1.3172e+00 +1.1590e+00 +1.7358e+00 +1.1156e+00 +9.0862e-01
43 +5.434168831e+01 +5.434168831e+01 -4.077483117e+02 -4.077483117e+02 -4.3229e-01 +1.1437e+00 +1.5907e+00 +1.0748e+00 +2.3548e+00
68 +4.581545385e+01 +4.581545385e+01 -4.162745462e+02 -4.162745462e+02 +7.3813e-01 +7.8541e-01 +7.6492e-01 +1.1396e+00 +1.9562e+00
80 +3.138565629e+01 +3.138565629e+01 -4.307043437e+02 -4.307043437e+02 +4.6087e-01 +1.3311e+00 +1.4882e+00 +1.2166e+00 +1.9975e+00
89 +2.790705023e+01 +2.790705023e+01 -4.341829498e+02 -4.341829498e+02 +5.9073e-01 +1.3618e+00 +1.5500e+00 +6.8090e-01 +2.2441e+00
336 +2.422293761e+01 +2.422293761e+01 -4.378670624e+02 -4.378670624e+02 +4.7210e-01 +2.3798e+00 +7.3094e-01 +3.5475e-01 +1.6218e+00
386 +2.280749098e+01 +2.280749098e+01 -4.392825090e+02 -4.392825090e+02 +5.6292e-01 +2.3370e+00 +7.0151e-01 +3.0051e-01 +1.5947e+00
414 +2.000864522e+01 +2.000864522e+01 -4.420813548e+02 -4.420813548e+02 +4.8230e-01 +2.3423e+00 +6.5313e-01 +3.0225e-01 +1.6224e+00
431 +1.912015815e+01 +1.912015815e+01 -4.429698419e+02 -4.429698419e+02 +4.2617e-01 +2.2635e+00 +6.8748e-01 +3.1072e-01 +1.6017e+00
442 +1.875971249e+01 +1.875971249e+01 -4.433302875e+02 -4.433302875e+02 +4.4749e-01 +2.2805e+00 +6.6489e-01 +3.1152e-01 +1.6252e+00
444 +1.805212453e+01 +1.805212453e+01 -4.440378755e+02 -4.440378755e+02 +3.9702e-01 +2.2968e+00 +6.7522e-01 +3.1971e-01 +1.6191e+00
115085 +1.547424550e+01 +1.547424550e+01 -4.466157545e+02 -4.466157545e+02 +1.3143e+00 +3.8809e+00 +1.5502e+00 +7.5369e-01 +1.5708e+00
115135 +1.350634600e+01 +1.350634600e+01 -4.485836540e+02 -4.485836540e+02 +1.3819e+00 +3.8879e+00 +1.5957e+00 +7.6115e-01 +1.6490e+00
115146 +1.274548537e+01 +1.274548537e+01 -4.493445146e+02 -4.493445146e+02 +1.3254e+00 +3.8756e+00 +1.6064e+00 +7.6851e-01 +1.5892e+00
115155 +1.239138127e+01 +1.239138127e+01 -4.496986187e+02 -4.496986187e+02 +1.3539e+00 +3.8752e+00 +1.5903e+00 +7.5938e-01 +1.6393e+00
115166 +1.208515934e+01 +1.208515934e+01 -4.500048407e+02 -4.500048407e+02 +1.3611e+00 +3.9146e+00 +1.5473e+00 +7.2511e-01 +1.5970e+00
115170 +1.162246672e+01 +1.162246672e+01 -4.504675333e+02 -4.504675333e+02 +1.3482e+00 +3.8509e+00 +1.5624e+00 +7.4052e-01 +1.6185e+00
115171 +1.144871132e+01 +1.144871132e+01 -4.506412887e+02 -4.506412887e+02 +1.3610e+00 +3.9165e+00 +1.5950e+00 +7.5785e-01 +1.6254e+00
115200 +1.041900664e+01 +1.041900664e+01 -4.516709934e+02 -4.516709934e+02 +1.3562e+00 +3.8990e+00 +1.5993e+00 +7.3296e-01 +1.6254e+00
115296 +1.013794507e+01 +1.013794507e+01 -4.519520549e+02 -4.519520549e+02 +1.3521e+00 +3.9222e+00 +1.6131e+00 +7.3261e-01 +1.6030e+00
115360 +9.990751164e+00 +9.990751164e+00 -4.520992488e+02 -4.520992488e+02 +1.3442e+00 +3.9075e+00 +1.6267e+00 +7.2654e-01 +1.6095e+00
191861 +8.033736935e+00 +8.033736935e+00 -4.540562631e+02 -4.540562631e+02 +2.2105e+00 +1.5539e+00 +2.1792e+00 +7.4020e-01 +2.2740e+00
191988 +7.163958816e+00 +7.163958816e+00 -4.549260412e+02 -4.549260412e+02 +2.2755e+00 +1.4808e+00 +2.1842e+00 +7.0965e-01 +2.3646e+00
192006 +5.927652172e+00 +5.927652172e+00 -4.561623478e+02 -4.561623478e+02 +2.2725e+00 +1.5195e+00 +2.1901e+00 +6.8124e-01 +2.3335e+00
192020 +4.797793990e+00 +4.797793990e+00 -4.572922060e+02 -4.572922060e+02 +2.2809e+00 +1.4996e+00 +2.2032e+00 +6.9097e-01 +2.3352e+00
192031 +4.706308092e+00 +4.706308092e+00 -4.573836919e+02 -4.573836919e+02 +2.2606e+00 +1.4562e+00 +2.2136e+00 +7.0809e-01 +2.3288e+00
192048 +4.196615696e+00 +4.196615696e+00 -4.578933843e+02 -4.578933843e+02 +2.2960e+00 +1.5016e+00 +2.1990e+00 +7.2653e-01 +2.3366e+00
192060 +3.736407161e+00 +3.736407161e+00 -4.583535928e+02 -4.583535928e+02 +2.2815e+00 +1.4750e+00 +2.2090e+00 +7.1163e-01 +2.3284e+00
192139 +3.149114465e+00 +3.149114465e+00 -4.589408855e+02 -4.589408855e+02 +2.3372e+00 +1.4633e+00 +2.2101e+00 +7.2896e-01 +2.3357e+00
192155 +2.923646582e+00 +2.923646582e+00 -4.591663534e+02 -4.591663534e+02 +2.3406e+00 +1.4743e+00 +2.2007e+00 +7.3391e-01 +2.3284e+00
192170 +2.705608156e+00 +2.705608156e+00 -4.593843918e+02 -4.593843918e+02 +2.3320e+00 +1.4693e+00 +2.2055e+00 +7.3420e-01 +2.3303e+00
192178 +2.472147344e+00 +2.472147344e+00 -4.596178527e+02 -4.596178527e+02 +2.3305e+00 +1.4689e+00 +2.2112e+00 +7.3081e-01 +2.3346e+00
192182 +2.436003295e+00 +2.436003295e+00 -4.596539967e+02 -4.596539967e+02 +2.3400e+00 +1.4744e+00 +2.2098e+00 +7.3421e-01 +2.3348e+00
192203 +2.347214217e+00 +2.347214217e+00 -4.597427858e+02 -4.597427858e+02 +2.3351e+00 +1.4680e+00 +2.2116e+00 +7.3019e-01 +2.3334e+00
192215 +2.268292163e+00 +2.268292163e+00 -4.598217078e+02 -4.598217078e+02 +2.3274e+00 +1.4758e+00 +2.2028e+00 +7.2732e-01 +2.3332e+00
192234 +2.200582795e+00 +2.200582795e+00 -4.598894172e+02 -4.598894172e+02 +2.3306e+00 +1.4770e+00 +2.2126e+00 +7.3234e-01 +2.3329e+00
192250 +2.185221959e+00 +2.185221959e+00 -4.599047780e+02 -4.599047780e+02 +2.3338e+00 +1.4792e+00 +2.2095e+00 +7.3498e-01 +2.3331e+00
192262 +2.110810432e+00 +2.110810432e+00 -4.599791896e+02 -4.599791896e+02 +2.3324e+00 +1.4811e+00 +2.2121e+00 +7.3196e-01 +2.3335e+00
192288 +2.050759993e+00 +2.050759993e+00 -4.600392400e+02 -4.600392400e+02 +2.3281e+00 +1.4927e+00 +2.2138e+00 +7.3213e-01 +2.3333e+00
192299 +2.041390540e+00 +2.041390540e+00 -4.600486095e+02 -4.600486095e+02 +2.3282e+00 +1.4909e+00 +2.2125e+00 +7.3028e-01 +2.3332e+00
192376 +1.994187091e+00 +1.994187091e+00 -4.600958129e+02 -4.600958129e+02 +2.3380e+00 +1.4952e+00 +2.2121e+00 +7.2779e-01 +2.3333e+00
% function evaluation | noise-free fitness - Fopt (7.766000000000e+01) | best noise-free fitness - Fopt | measured fitness | best measured fitness | x1 | x2...
1 +1.918840342e+02 +1.918840342e+02 +2.695440342e+02 +2.695440342e+02 +0.0000e+00 +0.0000e+00 +0.0000e+00 +0.0000e+00 +0.0000e+00
5 +1.316048467e+02 +1.316048467e+02 +2.092648467e+02 +2.092648467e+02 -7.8868e-01 +9.9985e-01 -8.7699e-01 +8.1923e-01 +1.0883e+00
8 +1.036009284e+02 +1.036009284e+02 +1.812609284e+02 +1.812609284e+02 +9.3994e-02 -8.0229e-01 -9.5858e-01 +1.1888e+00 +7.5932e-01
16 +9.742870468e+01 +9.742870468e+01 +1.750887047e+02 +1.750887047e+02 -1.4957e+00 +3.3361e-01 -1.2187e+00 +1.6606e+00 +2.0844e+00
28 +8.109918356e+01 +8.109918356e+01 +1.587591836e+02 +1.587591836e+02 -9.7753e-01 -1.5046e+00 +1.7354e-01 +7.8882e-01 +2.1796e+00
32 +7.330843036e+01 +7.330843036e+01 +1.509684304e+02 +1.509684304e+02 -1.6744e+00 +1.2425e+00 +6.7506e-02 +1.7632e+00 +1.8505e+00
39 +3.478638160e+01 +3.478638160e+01 +1.124463816e+02 +1.124463816e+02 -4.7679e-01 -7.7453e-01 -3.6669e-01 +2.8675e+00 +2.4325e+00
213 +2.884662228e+01 +2.884662228e+01 +1.065066223e+02 +1.065066223e+02 -7.4274e-01 -7.8301e-01 +1.7886e-01 +3.6277e+00 +2.4943e+00
479 +2.228916679e+01 +2.228916679e+01 +9.994916679e+01 +9.994916679e+01 +1.4533e+00 -1.1713e-01 +6.1823e-01 +4.1367e+00 +1.7907e+00
517 +2.058747888e+01 +2.058747888e+01 +9.824747888e+01 +9.824747888e+01 +4.8072e-01 +4.6102e-01 +6.3289e-01 +3.3815e+00 +1.7876e+00
642 +2.029465330e+01 +2.029465330e+01 +9.795465330e+01 +9.795465330e+01 +5.7481e-01 +6.1163e-01 +1.6200e-01 +3.3031e+00 +1.7780e+00
648 +1.844345711e+01 +1.844345711e+01 +9.610345711e+01 +9.610345711e+01 +5.0817e-01 +6.0498e-01 +2.0350e-01 +3.3111e+00 +1.7627e+00
650 +1.755645992e+01 +1.755645992e+01 +9.521645992e+01 +9.521645992e+01 +4.1666e-01 +6.6625e-01 +1.7103e-01 +3.3078e+00 +1.7866e+00
702 +1.702149854e+01 +1.702149854e+01 +9.468149854e+01 +9.468149854e+01 +3.9364e-01 +6.9810e-01 +2.0704e-01 +3.3150e+00 +1.7775e+00
713 +1.629990795e+01 +1.629990795e+01 +9.395990795e+01 +9.395990795e+01 +4.2303e-01 +7.0980e-01 +1.8733e-01 +3.3223e+00 +1.7698e+00
739 +1.616512926e+01 +1.616512926e+01 +9.382512926e+01 +9.382512926e+01 +4.3009e-01 +7.3057e-01 +1.9919e-01 +3.3233e+00 +1.7779e+00
63534 +1.428201527e+01 +1.428201527e+01 +9.194201527e+01 +9.194201527e+01 +2.2800e+00 +6.3926e-01 +7.2477e-01 +3.7242e+00 +2.1328e+00
63538 +1.182542330e+01 +1.182542330e+01 +8.948542330e+01 +8.948542330e+01 +2.3445e+00 +6.1167e-01 +7.2317e-01 +3.7342e+00 +2.1321e+00
63548 +8.718888022e+00 +8.718888022e+00 +8.637888802e+01 +8.637888802e+01 +2.3577e+00 +6.6852e-01 +6.6941e-01 +3.7607e+00 +2.1389e+00
63586 +8.368095555e+00 +8.368095555e+00 +8.602809555e+01 +8.602809555e+01 +2.3409e+00 +6.6632e-01 +6.7919e-01 +3.7666e+00 +2.1499e+00
63610 +8.142694718e+00 +8.142694718e+00 +8.580269472e+01 +8.580269472e+01 +2.3629e+00 +6.6446e-01 +6.9628e-01 +3.7642e+00 +2.1520e+00
63613 +8.079531352e+00 +8.079531352e+00 +8.573953135e+01 +8.573953135e+01 +2.3646e+00 +6.9515e-01 +7.0938e-01 +3.7652e+00 +2.1611e+00
63616 +7.601268207e+00 +7.601268207e+00 +8.526126821e+01 +8.526126821e+01 +2.3772e+00 +7.3446e-01 +6.9974e-01 +3.7793e+00 +2.1563e+00
63635 +7.532821466e+00 +7.532821466e+00 +8.519282147e+01 +8.519282147e+01 +2.3811e+00 +7.8519e-01 +7.0737e-01 +3.7673e+00 +2.1597e+00
63667 +7.119922246e+00 +7.119922246e+00 +8.477992225e+01 +8.477992225e+01 +2.3981e+00 +7.4086e-01 +6.8941e-01 +3.7597e+00 +2.1532e+00
63702 +7.042250950e+00 +7.042250950e+00 +8.470225095e+01 +8.470225095e+01 +2.3982e+00 +7.6963e-01 +6.8632e-01 +3.7626e+00 +2.1549e+00
% function evaluation | noise-free fitness - Fopt (1.156800000000e+02) | best noise-free fitness - Fopt | measured fitness | best measured fitness | x1 | x2...
1 +2.457187506e+02 +2.457187506e+02 +3.613987506e+02 +3.613987506e+02 +0.0000e+00 +0.0000e+00 +0.0000e+00 +0.0000e+00 +0.0000e+00
4 +1.367076366e+02 +1.367076366e+02 +2.523876366e+02 +2.523876366e+02 +1.2656e+00 +2.1488e+00 -3.2608e-01 -4.5456e-01 +2.4894e+00
6 +1.204773852e+02 +1.204773852e+02 +2.361573852e+02 +2.361573852e+02 +2.4105e+00 +2.8931e+00 +1.0404e-01 +8.0163e-01 +3.4813e+00
28 +1.005336700e+02 +1.005336700e+02 +2.162136700e+02 +2.162136700e+02 +1.1939e+00 +1.6033e+00 -2.9134e+00 +2.7636e+00 +3.5201e+00
39 +8.804394471e+01 +8.804394471e+01 +2.037239447e+02 +2.037239447e+02 +4.3386e-01 -1.5811e-01 -6.7682e-01 +5.3297e-01 +3.4445e+00
51 +8.153102856e+01 +8.153102856e+01 +1.972110286e+02 +1.972110286e+02 +1.4215e+00 -1.0741e+00 -1.6850e-01 +1.1456e+00 +3.0774e+00
63 +7.240495584e+01 +7.240495584e+01 +1.880849558e+02 +1.880849558e+02 -4.4046e-01 +7.3498e-01 -1.3994e+00 +1.5074e+00 +2.9899e+00
77 +6.206884307e+01 +6.206884307e+01 +1.777488431e+02 +1.777488431e+02 +1.2581e-01 -3.2327e-01 -1.7104e+00 +2.9989e+00 +2.4158e+00
91 +5.862556108e+01 +5.862556108e+01 +1.743055611e+02 +1.743055611e+02 +1.1453e+00 -3.8979e-02 -1.4880e+00 +1.8749e+00 +2.5974e+00
132 +4.629372307e+01 +4.629372307e+01 +1.619737231e+02 +1.619737231e+02 +2.3712e+00 +2.3287e-01 -5.5264e-01 +2.2004e+00 +2.6707e+00
176 +4.405739286e+01 +4.405739286e+01 +1.597373929e+02 +1.597373929e+02 +1.2377e+00 +1.8948e-02 -3.0655e-01 +2.4671e+00 +2.9376e+00
186 +2.574037423e+01 +2.574037423e+01 +1.414203742e+02 +1.414203742e+02 +2.1059e+00 -5.8701e-02 +9.1847e-02 +2.6028e+00 +3.5807e+00
209 +2.311791612e+01 +2.311791612e+01 +1.387979161e+02 +1.387979161e+02 +1.1202e+00 +5.0854e-01 -4.1203e-01 +2.6904e+00 +3.6136e+00
328 +2.265762938e+01 +2.265762938e+01 +1.383376294e+02 +1.383376294e+02 +1.0950e+00 +3.5517e-01 +1.7244e-01 +2.6251e+00 +3.2491e+00
355 +1.827902543e+01 +1.827902543e+01 +1.339590254e+02 +1.339590254e+02 +1.0804e+00 +6.9918e-01 +1.6051e-01 +2.6351e+00 +3.2755e+00
357 +1.261462283e+01 +1.261462283e+01 +1.282946228e+02 +1.282946228e+02 +1.1839e+00 +5.1379e-01 +3.4780e-01 +2.6967e+00 +3.2840e+00
371 +1.085958737e+01 +1.085958737e+01 +1.265395874e+02 +1.265395874e+02 +1.2056e+00 +4.8728e-01 +2.0079e-01 +2.7091e+00 +3.3046e+00
441 +9.942062369e+00 +9.942062369e+00 +1.256220624e+02 +1.256220624e+02 +1.1195e+00 +6.1053e-01 +2.4304e-01 +2.7171e+00 +3.2964e+00
452 +8.722752685e+00 +8.722752685e+00 +1.244027527e+02 +1.244027527e+02 +1.1500e+00 +5.8306e-01 +2.2945e-01 +2.7045e+00 +3.2828e+00
487 +7.737953778e+00 +7.737953778e+00 +1.234179538e+02 +1.234179538e+02 +1.1485e+00 +6.0343e-01 +2.3805e-01 +2.6941e+00 +3.2907e+00
512 +7.448846974e+00 +7.448846974e+00 +1.231288470e+02 +1.231288470e+02 +1.1502e+00 +6.2456e-01 +2.3827e-01 +2.6885e+00 +3.2936e+00
513 +7.298043049e+00 +7.298043049e+00 +1.229780430e+02 +1.229780430e+02 +1.1582e+00 +6.3442e-01 +2.4037e-01 +2.6843e+00 +3.3006e+00
552 +7.099370199e+00 +7.099370199e+00 +1.227793702e+02 +1.227793702e+02 +1.1703e+00 +6.2403e-01 +2.4445e-01 +2.6733e+00 +3.2958e+00
555 +7.071075902e+00 +7.071075902e+00 +1.227510759e+02 +1.227510759e+02 +1.1766e+00 +6.2708e-01 +2.3912e-01 +2.6758e+00 +3.2913e+00
301867 +5.812060298e+00 +5.812060298e+00 +1.214920603e+02 +1.214920603e+02 +1.2209e+00 -2.1364e-01 -3.9984e-01 +3.5228e+00 +3.5967e+00
301890 +5.624230810e+00 +5.624230810e+00 +1.213042308e+02 +1.213042308e+02 +1.1874e+00 -1.4048e-01 -3.7448e-01 +3.5072e+00 +3.5872e+00
301903 +5.332206385e+00 +5.332206385e+00 +1.210122064e+02 +1.210122064e+02 +1.1787e+00 -1.6585e-01 -3.8558e-01 +3.5189e+00 +3.5853e+00
301907 +5.055144708e+00 +5.055144708e+00 +1.207351447e+02 +1.207351447e+02 +1.1839e+00 -1.9873e-01 -3.7971e-01 +3.5369e+00 +3.5872e+00
301947 +4.896293411e+00 +4.896293411e+00 +1.205762934e+02 +1.205762934e+02 +1.2120e+00 -1.2773e-01 -3.7704e-01 +3.5325e+00 +3.6035e+00
301948 +4.722010727e+00 +4.722010727e+00 +1.204020107e+02 +1.204020107e+02 +1.1711e+00 -2.0395e-01 -3.7913e-01 +3.5275e+00 +3.5935e+00
301968 +4.281126501e+00 +4.281126501e+00 +1.199611265e+02 +1.199611265e+02 +1.1946e+00 -1.8485e-01 -3.6551e-01 +3.5252e+00 +3.6003e+00
301988 +4.240676189e+00 +4.240676189e+00 +1.199206762e+02 +1.199206762e+02 +1.1890e+00 -1.7276e-01 -3.7216e-01 +3.5297e+00 +3.5979e+00
302002 +4.167557855e+00 +4.167557855e+00 +1.198475579e+02 +1.198475579e+02 +1.1883e+00 -1.7057e-01 -3.6954e-01 +3.5350e+00 +3.6006e+00
302039 +4.045072565e+00 +4.045072565e+00 +1.197250726e+02 +1.197250726e+02 +1.1837e+00 -1.5885e-01 -3.6372e-01 +3.5327e+00 +3.6025e+00
302188 +3.980026236e+00 +3.980026236e+00 +1.196600262e+02 +1.196600262e+02 +1.1815e+00 -1.6412e-01 -3.5106e-01 +3.5317e+00 +3.6047e+00
% function evaluation | noise-free fitness - Fopt (-3.710000000000e+00) | best noise-free fitness - Fopt | measured fitness | best measured fitness | x1 | x2...
1 +2.580895641e+02 +2.580895641e+02 +2.543795641e+02 +2.543795641e+02 +0.0000e+00 +0.0000e+00 +0.0000e+00 +0.0000e+00 +0.0000e+00
3 +2.531426878e+02 +2.531426878e+02 +2.494326878e+02 +2.494326878e+02 -2.0491e-01 -3.2777e-01 +1.8689e+00 -7.4020e-01 +1.0688e+00
4 +1.789352968e+02 +1.789352968e+02 +1.752252968e+02 +1.752252968e+02 -1.2242e+00 -3.3184e+00 +1.1782e+00 +1.0867e+00 +8.0087e-01
8 +8.399035163e+01 +8.399035163e+01 +8.028035163e+01 +8.028035163e+01 +1.3885e+00 -1.3462e+00 +1.3504e+00 +2.3677e+00 +1.4274e+00
22 +5.978587203e+01 +5.978587203e+01 +5.607587203e+01 +5.607587203e+01 +3.0934e+00 -3.8667e-02 +7.9160e-01 +3.1205e+00 +2.7419e+00
58 +5.433054102e+01 +5.433054102e+01 +5.062054102e+01 +5.062054102e+01 +4.0883e-01 -1.5786e+00 +1.7895e+00 +2.4273e+00 +3.2073e+00
60 +5.200558661e+01 +5.200558661e+01 +4.829558661e+01 +4.829558661e+01 -7.1668e-02 -1.3042e+00 +3.9680e-02 +3.5190e+00 +3.1464e+00
102 +3.652282265e+01 +3.652282265e+01 +3.281282265e+01 +3.281282265e+01 +1.8316e-01 -1.4603e+00 +1.2250e+00 +3.1061e+00 +2.9133e+00
283 +2.964193301e+01 +2.964193301e+01 +2.593193301e+01 +2.593193301e+01 +9.7435e-01 -6.1807e-01 +1.0752e+00 +3.8292e+00 +2.5080e+00
344 +2.676708264e+01 +2.676708264e+01 +2.305708264e+01 +2.305708264e+01 +1.0829e+00 -7.5097e-01 +1.1902e+00 +3.8314e+00 +2.3961e+00
364 +1.913627826e+01 +1.913627826e+01 +1.542627826e+01 +1.542627826e+01 +1.0011e+00 -6.8355e-01 +1.2267e+00 +4.3716e+00 +2.4997e+00
571 +1.862807609e+01 +1.862807609e+01 +1.491807609e+01 +1.491807609e+01 +1.2337e+00 -8.1128e-01 +1.1734e+00 +4.8127e+00 +2.4630e+00
575 +1.857301287e+01 +1.857301287e+01 +1.486301287e+01 +1.486301287e+01 +1.2172e+00 -8.1859e-01 +1.1714e+00 +4.8150e+00 +2.4584e+00
660 +1.815971958e+01 +1.815971958e+01 +1.444971958e+01 +1.444971958e+01 +1.1622e+00 -8.1465e-01 +1.1759e+00 +4.8161e+00 +2.4689e+00
766 +1.771933665e+01 +1.771933665e+01 +1.400933665e+01 +1.400933665e+01 +1.1323e+00 -7.5152e-01 +1.1655e+00 +4.8187e+00 +2.4707e+00
803 +1.734823207e+01 +1.734823207e+01 +1.363823207e+01 +1.363823207e+01 +1.1452e+00 -7.1414e-01 +1.1637e+00 +4.8212e+00 +2.4690e+00
834 +1.695856495e+01 +1.695856495e+01 +1.324856495e+01 +1.324856495e+01 +1.1768e+00 -6.7767e-01 +1.1781e+00 +4.8152e+00 +2.4652e+00
58807 +1.264846141e+01 +1.264846141e+01 +8.938461409e+00 +8.938461409e+00 +1.2189e+00 -6.2942e-01 +1.1627e+00 +3.8741e+00 +2.8406e+00
58873 +1.254318265e+01 +1.254318265e+01 +8.833182652e+00 +8.833182652e+00 +1.3117e+00 -6.9350e-01 +1.2060e+00 +3.9006e+00 +2.8539e+00
58898 +1.178637621e+01 +1.178637621e+01 +8.076376208e+00 +8.076376208e+00 +1.2752e+00 -7.2661e-01 +1.2030e+00 +3.9230e+00 +2.8353e+00
58933 +1.133076917e+01 +1.133076917e+01 +7.620769174e+00 +7.620769174e+00 +1.1446e+00 -6.4119e-01 +1.1529e+00 +3.9284e+00 +2.8319e+00
58936 +1.039421516e+01 +1.039421516e+01 +6.684215165e+00 +6.684215165e+00 +1.1750e+00 -7.3997e-01 +1.1901e+00 +3.9034e+00 +2.8448e+00
58996 +1.020300180e+01 +1.020300180e+01 +6.493001796e+00 +6.493001796e+00 +1.1797e+00 -7.1189e-01 +1.1858e+00 +3.9075e+00 +2.8367e+00
59120 +9.982359990e+00 +9.982359990e+00 +6.272359990e+00 +6.272359990e+00 +1.1695e+00 -6.8374e-01 +1.1785e+00 +3.9093e+00 +2.8415e+00
238690 +6.545068079e+00 +6.545068079e+00 +2.835068079e+00 +2.835068079e+00 +3.0679e+00 -2.3220e+00 +1.7696e+00 +3.9496e+00 +2.4765e+00
238816 +6.352172776e+00 +6.352172776e+00 +2.642172776e+00 +2.642172776e+00 +3.0420e+00 -2.2800e+00 +1.7437e+00 +3.8977e+00 +2.4702e+00
238818 +6.097953093e+00 +6.097953093e+00 +2.387953093e+00 +2.387953093e+00 +3.0255e+00 -2.2984e+00 +1.7537e+00 +3.9093e+00 +2.4617e+00
238827 +6.003581025e+00 +6.003581025e+00 +2.293581025e+00 +2.293581025e+00 +3.0414e+00 -2.3131e+00 +1.7514e+00 +3.9188e+00 +2.4759e+00
238836 +5.796159402e+00 +5.796159402e+00 +2.086159402e+00 +2.086159402e+00 +3.0611e+00 -2.3119e+00 +1.7456e+00 +3.9187e+00 +2.4648e+00
238850 +5.124299165e+00 +5.124299165e+00 +1.414299165e+00 +1.414299165e+00 +3.0618e+00 -2.2889e+00 +1.7580e+00 +3.8998e+00 +2.4652e+00
238861 +4.860726312e+00 +4.860726312e+00 +1.150726312e+00 +1.150726312e+00 +3.0821e+00 -2.2795e+00 +1.7615e+00 +3.9003e+00 +2.4730e+00
238896 +4.361019185e+00 +4.361019185e+00 +6.510191851e-01 +6.510191851e-01 +3.0987e+00 -2.2879e+00 +1.7727e+00 +3.9038e+00 +2.4764e+00
238922 +4.119404538e+00 +4.119404538e+00 +4.094045380e-01 +4.094045380e-01 +3.1120e+00 -2.2800e+00 +1.7777e+00 +3.9073e+00 +2.4690e+00
238928 +4.063787095e+00 +4.063787095e+00 +3.537870952e-01 +3.537870952e-01 +3.1069e+00 -2.2848e+00 +1.7822e+00 +3.9098e+00 +2.4628e+00
239166 +3.980820315e+00 +3.980820315e+00 +2.708203155e-01 +2.708203155e-01 +3.1187e+00 -2.2952e+00 +1.7826e+00 +3.9109e+00 +2.4659e+00
477097 +3.807648234e+00 +3.807648234e+00 +9.764823381e-02 +9.764823381e-02 +3.0834e+00 -1.4570e+00 +1.7666e+00 +3.4869e+00 +2.8429e+00
477101 +3.223893874e+00 +3.223893874e+00 -4.861061262e-01 -4.861061262e-01 +3.0964e+00 -1.4566e+00 +1.7766e+00 +3.5016e+00 +2.8454e+00
477117 +3.091967911e+00 +3.091967911e+00 -6.180320891e-01 -6.180320891e-01 +3.1032e+00 -1.4648e+00 +1.7820e+00 +3.5034e+00 +2.8459e+00
477128 +3.078530006e+00 +3.078530006e+00 -6.314699941e-01 -6.314699941e-01 +3.1025e+00 -1.4692e+00 +1.7806e+00 +3.5074e+00 +2.8419e+00
477179 +3.014462636e+00 +3.014462636e+00 -6.955373639e-01 -6.955373639e-01 +3.1108e+00 -1.4744e+00 +1.7807e+00 +3.5026e+00 +2.8410e+00
% function evaluation | noise-free fitness - Fopt (1.321800000000e+02) | best noise-free fitness - Fopt | measured fitness | best measured fitness | x1 | x2...
1 +1.867275087e+02 +1.867275087e+02 +3.189075087e+02 +3.189075087e+02 +0.0000e+00 +0.0000e+00 +0.0000e+00 +0.0000e+00 +0.0000e+00
4 +1.705170113e+02 +1.705170113e+02 +3.026970113e+02 +3.026970113e+02 +2.6009e+00 -3.4271e+00 +3.2489e-01 -2.5337e-01 +1.4580e+00
5 +1.502171082e+02 +1.502171082e+02 +2.823971082e+02 +2.823971082e+02 -5.0737e-01 -8.4777e-01 +6.0949e-01 +3.5696e-01 +8.0772e-01
6 +1.413582934e+02 +1.413582934e+02 +2.735382934e+02 +2.735382934e+02 -1.2715e+00 +1.2968e+00 +2.3460e+00 -6.1131e-01 -1.0353e-02
15 +1.376233560e+02 +1.376233560e+02 +2.698033560e+02 +2.698033560e+02 -1.9898e+00 +8.9686e-01 +1.7685e+00 -1.6500e+00 +8.3686e-01
20 +9.898006276e+01 +9.898006276e+01 +2.311600628e+02 +2.311600628e+02 -4.6968e-02 +1.0710e+00 +1.4678e+00 -2.4405e+00 +1.6800e+00
27 +9.033469168e+01 +9.033469168e+01 +2.225146917e+02 +2.225146917e+02 -1.6018e+00 +1.5523e+00 +1.2535e+00 -3.5638e+00 +2.3257e+00
45 +6.647922498e+01 +6.647922498e+01 +1.986592250e+02 +1.986592250e+02 -9.7469e-02 +2.0143e+00 +1.1759e+00 -2.0635e+00 +1.4983e+00
56 +5.120013194e+01 +5.120013194e+01 +1.833801319e+02 +1.833801319e+02 +1.6916e+00 +1.0335e+00 +2.3325e+00 -2.5577e+00 +2.4396e+00
62 +4.541558971e+01 +4.541558971e+01 +1.775955897e+02 +1.775955897e+02 +1.6561e+00 +9.6798e-01 +3.2269e+00 -2.8403e+00 +2.1881e+00
70 +3.351209147e+01 +3.351209147e+01 +1.656920915e+02 +1.656920915e+02 +1.9974e+00 +1.4211e+00 +3.4769e+00 -2.8819e+00 +1.7573e+00
211 +3.160517858e+01 +3.160517858e+01 +1.637851786e+02 +1.637851786e+02 +1.7138e+00 +1.4191e+00 +3.3594e+00 -2.1049e+00 +2.1474e+00
386 +1.972877981e+01 +1.972877981e+01 +1.519087798e+02 +1.519087798e+02 +1.7742e+00 -8.6780e-01 +2.9087e+00 -1.4931e+00 +2.1680e+00
438 +1.777276684e+01 +1.777276684e+01 +1.499527668e+02 +1.499527668e+02 +1.8069e+00 -8.5931e-01 +2.9195e+00 -1.5091e+00 +2.1847e+00
477 +1.702422545e+01 +1.702422545e+01 +1.492042255e+02 +1.492042255e+02 +1.7207e+00 -8.2474e-01 +2.8890e+00 -1.5155e+00 +2.1818e+00
494 +1.672530309e+01 +1.672530309e+01 +1.489053031e+02 +1.489053031e+02 +1.7558e+00 -8.4571e-01 +2.8493e+00 -1.5192e+00 +2.1784e+00
502 +1.635301155e+01 +1.635301155e+01 +1.485330115e+02 +1.485330115e+02 +1.7470e+00 -8.0972e-01 +2.8636e+00 -1.5184e+00 +2.1791e+00
533 +1.610430473e+01 +1.610430473e+01 +1.482843047e+02 +1.482843047e+02 +1.7745e+00 -8.0490e-01 +2.8609e+00 -1.5200e+00 +2.1776e+00
134979 +1.527400945e+01 +1.527400945e+01 +1.474540094e+02 +1.474540094e+02 +3.6193e+00 +3.1299e+00 +2.9017e+00 -1.0729e+00 +2.1768e+00
134993 +1.490838535e+01 +1.490838535e+01 +1.470883853e+02 +1.470883853e+02 +3.7102e+00 +3.1217e+00 +2.8069e+00 -1.0257e+00 +2.1860e+00
135033 +1.298992818e+01 +1.298992818e+01 +1.451699282e+02 +1.451699282e+02 +3.7045e+00 +2.9624e+00 +2.8083e+00 -1.0629e+00 +2.1883e+00
135082 +1.185170854e+01 +1.185170854e+01 +1.440317085e+02 +1.440317085e+02 +3.7518e+00 +2.9748e+00 +2.8365e+00 -1.0685e+00 +2.1698e+00
135084 +1.168691798e+01 +1.168691798e+01 +1.438669180e+02 +1.438669180e+02 +3.7359e+00 +3.0317e+00 +2.8550e+00 -1.0833e+00 +2.1877e+00
135097 +1.105333264e+01 +1.105333264e+01 +1.432333326e+02 +1.432333326e+02 +3.7611e+00 +3.0506e+00 +2.8483e+00 -1.0784e+00 +2.1758e+00
135103 +1.081933285e+01 +1.081933285e+01 +1.429993329e+02 +1.429993329e+02 +3.7365e+00 +3.0353e+00 +2.8681e+00 -1.0707e+00 +2.1762e+00
135144 +1.051277725e+01 +1.051277725e+01 +1.426927772e+02 +1.426927772e+02 +3.7603e+00 +3.0346e+00 +2.8692e+00 -1.0630e+00 +2.1893e+00
135152 +1.043988348e+01 +1.043988348e+01 +1.426198835e+02 +1.426198835e+02 +3.7556e+00 +3.0440e+00 +2.8470e+00 -1.0571e+00 +2.1783e+00
135186 +1.018963954e+01 +1.018963954e+01 +1.423696395e+02 +1.423696395e+02 +3.7653e+00 +3.0654e+00 +2.8556e+00 -1.0641e+00 +2.1790e+00
135233 +9.973003250e+00 +9.973003250e+00 +1.421530032e+02 +1.421530032e+02 +3.7577e+00 +3.0866e+00 +2.8628e+00 -1.0604e+00 +2.1815e+00
193088 +9.671788971e+00 +9.671788971e+00 +1.418517890e+02 +1.418517890e+02 +2.8743e+00 +1.4924e+00 +2.3812e+00 -1.9694e+00 +2.4726e+00
193136 +9.256081405e+00 +9.256081405e+00 +1.414360814e+02 +1.414360814e+02 +2.8299e+00 +1.4694e+00 +2.3517e+00 -1.9348e+00 +2.4711e+00
193142 +8.993789585e+00 +8.993789585e+00 +1.411737896e+02 +1.411737896e+02 +2.8466e+00 +1.5111e+00 +2.3660e+00 -1.9382e+00 +2.4793e+00
193148 +7.238805724e+00 +7.238805724e+00 +1.394188057e+02 +1.394188057e+02 +2.8425e+00 +1.4791e+00 +2.3793e+00 -1.9521e+00 +2.4919e+00
193157 +6.652718612e+00 +6.652718612e+00 +1.388327186e+02 +1.388327186e+02 +2.8209e+00 +1.4820e+00 +2.3903e+00 -1.9645e+00 +2.4776e+00
193164 +6.605524870e+00 +6.605524870e+00 +1.387855249e+02 +1.387855249e+02 +2.7865e+00 +1.4594e+00 +2.3959e+00 -1.9770e+00 +2.4719e+00
193171 +5.717462766e+00 +5.717462766e+00 +1.378974628e+02 +1.378974628e+02 +2.8015e+00 +1.4729e+00 +2.3871e+00 -1.9772e+00 +2.4884e+00
193174 +5.365318327e+00 +5.365318327e+00 +1.375453183e+02 +1.375453183e+02 +2.7651e+00 +1.5047e+00 +2.3891e+00 -1.9642e+00 +2.4869e+00
193264 +5.164309609e+00 +5.164309609e+00 +1.373443096e+02 +1.373443096e+02 +2.7777e+00 +1.4768e+00 +2.3837e+00 -1.9594e+00 +2.4926e+00
193283 +5.117975601e+00 +5.117975601e+00 +1.372979756e+02 +1.372979756e+02 +2.7621e+00 +1.4775e+00 +2.3788e+00 -1.9585e+00 +2.4863e+00
193322 +4.996377501e+00 +4.996377501e+00 +1.371763775e+02 +1.371763775e+02 +2.7645e+00 +1.4770e+00 +2.3770e+00 -1.9642e+00 +2.4913e+00
% function evaluation | noise-free fitness - Fopt (6.438000000000e+01) | best noise-free fitness - Fopt | measured fitness | best measured fitness | x1 | x2...
1 +3.005416784e+02 +3.005416784e+02 +3.649216784e+02 +3.649216784e+02 +0.0000e+00 +0.0000e+00 +0.0000e+00 +0.0000e+00 +0.0000e+00
2 +2.700345551e+02 +2.700345551e+02 +3.344145551e+02 +3.344145551e+02 +2.8743e-02 +6.0550e-02 -8.2936e-01 -3.8822e-01 +5.7299e-01
7 +2.275502366e+02 +2.275502366e+02 +2.919302366e+02 +2.919302366e+02 +3.4840e+00 +5.8352e-01 -5.8238e-01 +1.0082e+00 +2.6495e+00
15 +2.199263884e+02 +2.199263884e+02 +2.843063884e+02 +2.843063884e+02 +8.5707e-01 -3.6099e+00 -9.2331e-01 -1.3108e+00 +1.8663e+00
17 +1.876220509e+02 +1.876220509e+02 +2.520020509e+02 +2.520020509e+02 +2.7169e+00 +3.4236e-01 -2.8085e-01 -6.5533e-01 +3.9118e+00
38 +1.412591508e+02 +1.412591508e+02 +2.056391508e+02 +2.056391508e+02 +1.3797e+00 -8.5122e-01 +1.6646e+00 -1.5515e+00 +1.4073e+00
47 +7.188017048e+01 +7.188017048e+01 +1.362601705e+02 +1.362601705e+02 +1.4806e+00 -4.9931e-01 +1.7217e+00 -2.8390e+00 +3.1171e+00
77 +5.819166046e+01 +5.819166046e+01 +1.225716605e+02 +1.225716605e+02 +9.1664e-01 -4.3496e-01 +2.0706e+00 -4.0151e+00 +3.7495e+00
82 +5.500757578e+01 +5.500757578e+01 +1.193875758e+02 +1.193875758e+02 +9.2914e-01 -1.3904e-01 +2.2869e+00 -3.7206e+00 +3.6459e+00
223 +4.986586800e+01 +4.986586800e+01 +1.142458680e+02 +1.142458680e+02 +1.9768e+00 -3.5908e-01 +6.6380e-01 -4.0647e+00 +3.4028e+00
231 +4.342413057e+01 +4.342413057e+01 +1.078041306e+02 +1.078041306e+02 +2.0754e+00 -4.5448e-01 +6.9091e-01 -3.7021e+00 +3.3531e+00
377 +3.317185925e+01 +3.317185925e+01 +9.755185925e+01 +9.755185925e+01 +2.0406e+00 +2.7549e-01 +7.6701e-01 -3.6306e+00 +2.9644e+00
390 +3.220330210e+01 +3.220330210e+01 +9.658330210e+01 +9.658330210e+01 +2.0872e+00 +2.6155e-01 +8.0412e-01 -3.6516e+00 +2.9896e+00
480 +3.150750427e+01 +3.150750427e+01 +9.588750427e+01 +9.588750427e+01 +2.0867e+00 +1.8439e-01 +7.4509e-01 -3.6346e+00 +2.9855e+00
486 +3.083174358e+01 +3.083174358e+01 +9.521174358e+01 +9.521174358e+01 +2.0824e+00 +2.0303e-01 +7.6618e-01 -3.6373e+00 +2.9817e+00
530 +3.008534598e+01 +3.008534598e+01 +9.446534598e+01 +9.446534598e+01 +2.0253e+00 +2.2429e-01 +7.6868e-01 -3.6404e+00 +2.9965e+00
57906 +1.996327229e+01 +1.996327229e+01 +8.434327229e+01 +8.434327229e+01 +2.8610e+00 +1.8994e+00 +1.2238e+00 -3.6820e+00 +2.9943e+00
58585 +1.993461940e+01 +1.993461940e+01 +8.431461940e+01 +8.431461940e+01 +2.0447e+00 +9.6711e-01 +2.3195e+00 -4.8258e+00 +3.3744e+00
173344 +1.787714950e+01 +1.787714950e+01 +8.225714950e+01 +8.225714950e+01 +9.6741e-01 +4.0662e+00 +1.2859e+00 -4.0338e+00 +3.4031e+00
173354 +1.654148984e+01 +1.654148984e+01 +8.092148984e+01 +8.092148984e+01 +9.3449e-01 +4.0756e+00 +1.2834e+00 -4.0639e+00 +3.3878e+00
173365 +1.563567578e+01 +1.563567578e+01 +8.001567578e+01 +8.001567578e+01 +9.6314e-01 +4.1236e+00 +1.2063e+00 -4.0233e+00 +3.3883e+00
173394 +1.441774696e+01 +1.441774696e+01 +7.879774696e+01 +7.879774696e+01 +9.6949e-01 +3.9888e+00 +1.2370e+00 -4.0378e+00 +3.3963e+00
173396 +1.270605196e+01 +1.270605196e+01 +7.708605196e+01 +7.708605196e+01 +1.1434e+00 +3.9392e+00 +1.2532e+00 -4.0365e+00 +3.3737e+00
173425 +1.186586612e+01 +1.186586612e+01 +7.624586612e+01 +7.624586612e+01 +1.1415e+00 +4.0434e+00 +1.2290e+00 -4.0378e+00 +3.3789e+00
173445 +1.155473708e+01 +1.155473708e+01 +7.593473708e+01 +7.593473708e+01 +1.1048e+00 +3.9796e+00 +1.2396e+00 -4.0531e+00 +3.3731e+00
173494 +1.142239788e+01 +1.142239788e+01 +7.580239788e+01 +7.580239788e+01 +1.1050e+00 +4.0181e+00 +1.2332e+00 -4.0461e+00 +3.3696e+00
173514 +1.119876241e+01 +1.119876241e+01 +7.557876241e+01 +7.557876241e+01 +1.0753e+00 +4.0533e+00 +1.2343e+00 -4.0519e+00 +3.3658e+00
173631 +1.096035968e+01 +1.096035968e+01 +7.534035968e+01 +7.534035968e+01 +1.0785e+00 +4.0777e+00 +1.2390e+00 -4.0512e+00 +3.3721e+00
310174 +1.067916567e+01 +1.067916567e+01 +7.505916567e+01 +7.505916567e+01 +2.9814e+00 +2.4555e+00 +1.7319e+00 -2.7462e+00 +2.9939e+00
310198 +1.044495081e+01 +1.044495081e+01 +7.482495081e+01 +7.482495081e+01 +2.9982e+00 +2.4539e+00 +1.7352e+00 -2.7452e+00 +2.9949e+00
310220 +1.019208941e+01 +1.019208941e+01 +7.457208941e+01 +7.457208941e+01 +3.0132e+00 +2.4471e+00 +1.7330e+00 -2.7418e+00 +2.9971e+00
310288 +9.970999795e+00 +9.970999795e+00 +7.435099979e+01 +7.435099979e+01 +3.0322e+00 +2.4583e+00 +1.7193e+00 -2.7390e+00 +2.9952e+00
366008 +9.344205347e+00 +9.344205347e+00 +7.372420535e+01 +7.372420535e+01 +1.1910e+00 +4.0357e+00 +1.6941e+00 -4.0608e+00 +3.6638e+00
366041 +9.201021973e+00 +9.201021973e+00 +7.358102197e+01 +7.358102197e+01 +1.1826e+00 +3.9760e+00 +1.7397e+00 -4.0478e+00 +3.6647e+00
366052 +8.688019369e+00 +8.688019369e+00 +7.306801937e+01 +7.306801937e+01 +1.1565e+00 +3.9439e+00 +1.7006e+00 -4.0651e+00 +3.6740e+00
366078 +8.331187449e+00 +8.331187449e+00 +7.271118745e+01 +7.271118745e+01 +1.1102e+00 +3.9747e+00 +1.7226e+00 -4.0777e+00 +3.6734e+00
366083 +8.093850996e+00 +8.093850996e+00 +7.247385100e+01 +7.247385100e+01 +1.1415e+00 +3.9474e+00 +1.7282e+00 -4.0597e+00 +3.6805e+00
366127 +7.830347960e+00 +7.830347960e+00 +7.221034796e+01 +7.221034796e+01 +1.1229e+00 +3.9648e+00 +1.7090e+00 -4.0488e+00 +3.6818e+00
366170 +7.723793869e+00 +7.723793869e+00 +7.210379387e+01 +7.210379387e+01 +1.1119e+00 +3.9611e+00 +1.7183e+00 -4.0565e+00 +3.6812e+00
366220 +7.571800466e+00 +7.571800466e+00 +7.195180047e+01 +7.195180047e+01 +1.1050e+00 +3.9793e+00 +1.7227e+00 -4.0514e+00 +3.6825e+00
366260 +7.373973201e+00 +7.373973201e+00 +7.175397320e+01 +7.175397320e+01 +1.0971e+00 +4.0132e+00 +1.7191e+00 -4.0519e+00 +3.6812e+00
366281 +7.223818584e+00 +7.223818584e+00 +7.160381858e+01 +7.160381858e+01 +1.0920e+00 +4.0359e+00 +1.7167e+00 -4.0534e+00 +3.6817e+00
366299 +7.002756016e+00 +7.002756016e+00 +7.138275602e+01 +7.138275602e+01 +1.0897e+00 +4.0756e+00 +1.7195e+00 -4.0496e+00 +3.6801e+00
427621 +6.560003676e+00 +6.560003676e+00 +7.094000368e+01 +7.094000368e+01 +1.1346e+00 +2.4435e+00 +1.7342e+00 -3.6328e+00 +3.6799e+00
427642 +6.411860963e+00 +6.411860963e+00 +7.079186096e+01 +7.079186096e+01 +1.1288e+00 +2.4566e+00 +1.7386e+00 -3.6355e+00 +3.6768e+00
427683 +6.160935885e+00 +6.160935885e+00 +7.054093589e+01 +7.054093589e+01 +1.0685e+00 +2.4679e+00 +1.7191e+00 -3.6365e+00 +3.6788e+00
427754 +6.013729244e+00 +6.013729244e+00 +7.039372924e+01 +7.039372924e+01 +1.0755e+00 +2.4617e+00 +1.7222e+00 -3.6505e+00 +3.6816e+00
% function evaluation | noise-free fitness - Fopt (2.824800000000e+02) | best noise-free fitness - Fopt | measured fitness | best measured fitness | x1 | x2...
1 +1.960923970e+02 +1.960923970e+02 +4.785723970e+02 +4.785723970e+02 +0.0000e+00 +0.0000e+00 +0.0000e+00 +0.0000e+00 +0.0000e+00
2 +1.092088801e+02 +1.092088801e+02 +3.916888801e+02 +3.916888801e+02 -2.0346e+00 +1.1118e+00 -3.9587e-01 +2.2347e-02 +2.5294e+00
15 +6.771874397e+01 +6.771874397e+01 +3.501987440e+02 +3.501987440e+02 -5.6119e-01 -1.1283e+00 +1.1647e+00 +7.6812e-01 +2.1614e+00
30 +5.092555028e+01 +5.092555028e+01 +3.334055503e+02 +3.334055503e+02 +1.8918e-01 -3.4204e+00 +1.1216e+00 +1.2753e+00 +2.2588e+00
36 +4.682335641e+01 +4.682335641e+01 +3.293033564e+02 +3.293033564e+02 +2.2557e-01 -1.2025e+00 +1.7369e+00 +1.6692e+00 +2.5375e+00
119 +2.710546640e+01 +2.710546640e+01 +3.095854664e+02 +3.095854664e+02 -4.1735e-01 -2.5400e+00 +2.1539e-01 +1.0691e+00 +2.4876e+00
309 +1.971097345e+01 +1.971097345e+01 +3.021909734e+02 +3.021909734e+02 +4.0130e-01 -2.5168e+00 +1.1855e+00 +1.0186e+00 +2.9388e+00
354 +1.519769896e+01 +1.519769896e+01 +2.976776990e+02 +2.976776990e+02 +6.2481e-01 -2.5382e+00 +6.4739e-01 +1.1078e+00 +2.9256e+00
369 +1.432266031e+01 +1.432266031e+01 +2.968026603e+02 +2.968026603e+02 +5.8429e-01 -2.6396e+00 +7.2175e-01 +1.1450e+00 +3.1842e+00
430 +1.374998560e+01 +1.374998560e+01 +2.962299856e+02 +2.962299856e+02 +4.7497e-01 -2.6043e+00 +7.0039e-01 +1.0920e+00 +3.2544e+00
432 +9.641217932e+00 +9.641217932e+00 +2.921212179e+02 +2.921212179e+02 +4.9887e-01 -2.5815e+00 +6.7173e-01 +1.0917e+00 +3.2290e+00
483 +8.532127379e+00 +8.532127379e+00 +2.910121274e+02 +2.910121274e+02 +5.0549e-01 -2.6008e+00 +7.0672e-01 +1.1634e+00 +3.2182e+00
496 +7.857813004e+00 +7.857813004e+00 +2.903378130e+02 +2.903378130e+02 +5.2325e-01 -2.6025e+00 +6.8017e-01 +1.1514e+00 +3.2187e+00
537 +7.376771387e+00 +7.376771387e+00 +2.898567714e+02 +2.898567714e+02 +5.0692e-01 -2.5635e+00 +7.0645e-01 +1.1416e+00 +3.2271e+00
559 +7.235612760e+00 +7.235612760e+00 +2.897156128e+02 +2.897156128e+02 +5.0209e-01 -2.5579e+00 +6.9756e-01 +1.1405e+00 +3.2234e+00
605 +7.056589736e+00 +7.056589736e+00 +2.895365897e+02 +2.895365897e+02 +5.1337e-01 -2.5318e+00 +6.9260e-01 +1.1341e+00 +3.2246e+00
373566 +5.983165856e+00 +5.983165856e+00 +2.884631659e+02 +2.884631659e+02 +5.5946e-01 -2.6024e+00 +1.1339e+00 +1.5344e+00 +2.9295e+00
373571 +5.514798214e+00 +5.514798214e+00 +2.879947982e+02 +2.879947982e+02 +5.6177e-01 -2.5872e+00 +1.1526e+00 +1.5464e+00 +2.9065e+00
373592 +5.150975311e+00 +5.150975311e+00 +2.876309753e+02 +2.876309753e+02 +4.8802e-01 -2.6380e+00 +1.1514e+00 +1.5433e+00 +2.9181e+00
373612 +5.093478372e+00 +5.093478372e+00 +2.875734784e+02 +2.875734784e+02 +4.9268e-01 -2.5939e+00 +1.1754e+00 +1.5561e+00 +2.9315e+00
373654 +4.845362402e+00 +4.845362402e+00 +2.873253624e+02 +2.873253624e+02 +5.4316e-01 -2.6251e+00 +1.1577e+00 +1.5484e+00 +2.9223e+00
373698 +4.711574511e+00 +4.711574511e+00 +2.871915745e+02 +2.871915745e+02 +5.1793e-01 -2.6479e+00 +1.1622e+00 +1.5484e+00 +2.9144e+00
373701 +4.672530288e+00 +4.672530288e+00 +2.871525303e+02 +2.871525303e+02 +5.2275e-01 -2.6574e+00 +1.1721e+00 +1.5457e+00 +2.9234e+00
373729 +4.537612509e+00 +4.537612509e+00 +2.870176125e+02 +2.870176125e+02 +5.2467e-01 -2.6268e+00 +1.1741e+00 +1.5411e+00 +2.9235e+00
373740 +4.432728506e+00 +4.432728506e+00 +2.869127285e+02 +2.869127285e+02 +5.2068e-01 -2.6098e+00 +1.1891e+00 +1.5377e+00 +2.9198e+00
373751 +4.355385880e+00 +4.355385880e+00 +2.868353859e+02 +2.868353859e+02 +5.2235e-01 -2.5978e+00 +1.1912e+00 +1.5412e+00 +2.9216e+00
373780 +4.178661161e+00 +4.178661161e+00 +2.866586612e+02 +2.866586612e+02 +5.1622e-01 -2.5797e+00 +1.1807e+00 +1.5486e+00 +2.9202e+00
373784 +4.166205667e+00 +4.166205667e+00 +2.866462057e+02 +2.866462057e+02 +5.1325e-01 -2.5757e+00 +1.1835e+00 +1.5476e+00 +2.9168e+00
373819 +4.033361748e+00 +4.033361748e+00 +2.865133617e+02 +2.865133617e+02 +5.1976e-01 -2.5464e+00 +1.1762e+00 +1.5515e+00 +2.9186e+00
373958 +3.980457364e+00 +3.980457364e+00 +2.864604574e+02 +2.864604574e+02 +5.1874e-01 -2.5404e+00 +1.1799e+00 +1.5447e+00 +2.9189e+00
% function evaluation | noise-free fitness - Fopt (4.826100000000e+02) | best noise-free fitness - Fopt | measured fitness | best measured fitness | x1 | x2...
1 +1.430388634e+02 +1.430388634e+02 +6.256488634e+02 +6.256488634e+02 +0.0000e+00 +0.0000e+00 +0.0000e+00 +0.0000e+00 +0.0000e+00
8 +1.198899448e+02 +1.198899448e+02 +6.024999448e+02 +6.024999448e+02 -1.4120e+00 +1.1442e+00 +1.0025e+00 -2.8795e-01 -5.3906e-01
19 +9.516136339e+01 +9.516136339e+01 +5.777713634e+02 +5.777713634e+02 -9.0133e-01 +1.0593e+00 -8.7214e-02 -5.5040e-01 +1.0626e-01
22 +9.331554716e+01 +9.331554716e+01 +5.759255472e+02 +5.759255472e+02 -6.8540e-01 +1.4078e+00 +3.4621e-01 -5.9737e-01 +1.0264e+00
35 +6.309873683e+01 +6.309873683e+01 +5.457087368e+02 +5.457087368e+02 -3.7712e-01 +1.8542e+00 -3.0241e-01 -9.9653e-01 +1.2535e+00
41 +6.303619963e+01 +6.303619963e+01 +5.456461996e+02 +5.456461996e+02 -9.7595e-01 +2.6813e+00 +1.2711e-02 -1.6647e+00 +6.2904e-01
43 +5.753438499e+01 +5.753438499e+01 +5.401443850e+02 +5.401443850e+02 -8.2992e-01 +2.9913e+00 -2.3564e-01 -1.9201e+00 +1.2814e+00
72 +5.050030352e+01 +5.050030352e+01 +5.331103035e+02 +5.331103035e+02 -2.0987e+00 +1.7251e+00 +8.5566e-01 -2.7275e+00 -1.5160e-01
108 +4.334066716e+01 +4.334066716e+01 +5.259506672e+02 +5.259506672e+02 -2.2529e+00 +2.5762e+00 +6.7280e-01 -3.3324e+00 +3.2501e-01
130 +3.006757092e+01 +3.006757092e+01 +5.126775709e+02 +5.126775709e+02 -1.0819e+00 +3.3741e+00 +7.2327e-01 -3.0909e+00 +7.3950e-01
266 +1.517587121e+01 +1.517587121e+01 +4.977858712e+02 +4.977858712e+02 -1.1494e+00 +1.7222e+00 +1.4080e+00 -3.9297e+00 +5.6869e-01
366 +1.453951132e+01 +1.453951132e+01 +4.971495113e+02 +4.971495113e+02 -1.2196e+00 +1.7638e+00 +1.3810e+00 -3.9285e+00 +6.0020e-01
381 +1.443157185e+01 +1.443157185e+01 +4.970415718e+02 +4.970415718e+02 -1.2368e+00 +1.7457e+00 +1.3912e+00 -3.9175e+00 +6.0470e-01
403 +1.356723392e+01 +1.356723392e+01 +4.961772339e+02 +4.961772339e+02 -1.1890e+00 +1.7500e+00 +1.4105e+00 -3.9161e+00 +6.0272e-01
433 +1.323148359e+01 +1.323148359e+01 +4.958414836e+02 +4.958414836e+02 -1.2042e+00 +1.7434e+00 +1.4059e+00 -3.9312e+00 +6.0548e-01
491 +1.312640150e+01 +1.312640150e+01 +4.957364015e+02 +4.957364015e+02 -1.1739e+00 +1.7471e+00 +1.4094e+00 -3.9364e+00 +6.0910e-01
116974 +1.274509397e+01 +1.274509397e+01 +4.953550940e+02 +4.953550940e+02 -2.9791e-01 +3.3483e+00 +8.5193e-01 -3.0673e+00 +1.2246e+00
117024 +1.185155782e+01 +1.185155782e+01 +4.944615578e+02 +4.944615578e+02 -2.8376e-01 +3.1496e+00 +8.7289e-01 -3.0391e+00 +1.0094e+00
117077 +1.125948241e+01 +1.125948241e+01 +4.938694824e+02 +4.938694824e+02 -2.0695e-01 +3.1809e+00 +7.0867e-01 -3.0303e+00 +9.8706e-01
117083 +1.097628953e+01 +1.097628953e+01 +4.935862895e+02 +4.935862895e+02 -2.1270e-01 +3.2535e+00 +7.3125e-01 -3.0406e+00 +1.0157e+00
117097 +7.670262854e+00 +7.670262854e+00 +4.902802629e+02 +4.902802629e+02 -1.7149e-01 +3.3374e+00 +7.5946e-01 -3.0158e+00 +9.8853e-01
117109 +7.094746435e+00 +7.094746435e+00 +4.897047464e+02 +4.897047464e+02 -2.4238e-01 +3.2622e+00 +7.6673e-01 -3.0774e+00 +9.8979e-01
117111 +6.681703650e+00 +6.681703650e+00 +4.892917037e+02 +4.892917037e+02 -1.5425e-01 +3.2231e+00 +8.2409e-01 -3.0718e+00 +9.8415e-01
117131 +6.525997211e+00 +6.525997211e+00 +4.891359972e+02 +4.891359972e+02 -2.5228e-01 +3.3340e+00 +7.6119e-01 -3.0341e+00 +9.7480e-01
117135 +5.398218137e+00 +5.398218137e+00 +4.880082181e+02 +4.880082181e+02 -2.0887e-01 +3.3283e+00 +8.2150e-01 -3.0736e+00 +9.9575e-01
117136 +5.224093003e+00 +5.224093003e+00 +4.878340930e+02 +4.878340930e+02 -2.3751e-01 +3.3310e+00 +8.1667e-01 -3.0295e+00 +9.9011e-01
117176 +4.779988441e+00 +4.779988441e+00 +4.873899884e+02 +4.873899884e+02 -2.3273e-01 +3.2675e+00 +8.3123e-01 -3.0421e+00 +9.8016e-01
117198 +4.646907200e+00 +4.646907200e+00 +4.872569072e+02 +4.872569072e+02 -2.2019e-01 +3.2796e+00 +8.1682e-01 -3.0554e+00 +9.8608e-01
117205 +4.415119592e+00 +4.415119592e+00 +4.870251196e+02 +4.870251196e+02 -2.1907e-01 +3.2956e+00 +8.3285e-01 -3.0503e+00 +9.8052e-01
117231 +4.362454665e+00 +4.362454665e+00 +4.869724547e+02 +4.869724547e+02 -2.1523e-01 +3.3083e+00 +8.3033e-01 -3.0537e+00 +9.8350e-01
117249 +4.253918493e+00 +4.253918493e+00 +4.868639185e+02 +4.868639185e+02 -2.0975e-01 +3.3260e+00 +8.3935e-01 -3.0497e+00 +9.7947e-01
117275 +4.163406451e+00 +4.163406451e+00 +4.867734065e+02 +4.867734065e+02 -2.1891e-01 +3.3453e+00 +8.4036e-01 -3.0557e+00 +9.7900e-01
117293 +4.057375921e+00 +4.057375921e+00 +4.866673759e+02 +4.866673759e+02 -2.1147e-01 +3.3524e+00 +8.1767e-01 -3.0510e+00 +9.7889e-01
117436 +3.980869357e+00 +3.980869357e+00 +4.865908694e+02 +4.865908694e+02 -2.1318e-01 +3.3690e+00 +8.2560e-01 -3.0510e+00 +9.7965e-01
% function evaluation | noise-free fitness - Fopt (7.177000000000e+01) | best noise-free fitness - Fopt | measured fitness | best measured fitness | x1 | x2...
1 +9.181556655e+01 +9.181556655e+01 +1.635855666e+02 +1.635855666e+02 +0.0000e+00 +0.0000e+00 +0.0000e+00 +0.0000e+00 +0.0000e+00
9 +7.017636368e+01 +7.017636368e+01 +1.419463637e+02 +1.419463637e+02 +1.3091e+00 +9.5689e-02 +3.2671e-01 +1.4276e+00 +6.5591e-01
18 +3.402776411e+01 +3.402776411e+01 +1.057977641e+02 +1.057977641e+02 +8.4848e-02 +1.5851e+00 -1.0483e-01 +4.0155e-01 +1.1132e+00
88 +3.134493210e+01 +3.134493210e+01 +1.031149321e+02 +1.031149321e+02 +1.1696e+00 +4.1421e-01 +7.8247e-01 +7.7901e-01 +4.1648e-01
388 +2.216819353e+01 +2.216819353e+01 +9.393819353e+01 +9.393819353e+01 +2.1693e+00 +1.6338e+00 +8.3251e-01 +1.9565e+00 +1.1191e+00
478 +1.431778948e+01 +1.431778948e+01 +8.608778948e+01 +8.608778948e+01 +2.2353e+00 +1.8202e+00 +8.3414e-01 +1.6703e+00 +1.0817e+00
576 +1.331647151e+01 +1.331647151e+01 +8.508647151e+01 +8.508647151e+01 +2.2379e+00 +1.8921e+00 +7.6699e-01 +1.7180e+00 +1.1314e+00
622 +1.174996084e+01 +1.174996084e+01 +8.351996084e+01 +8.351996084e+01 +2.2482e+00 +1.8818e+00 +7.9476e-01 +1.7082e+00 +1.1004e+00
623 +9.005345374e+00 +9.005345374e+00 +8.077534537e+01 +8.077534537e+01 +2.2694e+00 +1.8491e+00 +8.7076e-01 +1.7139e+00 +1.1230e+00
646 +8.474221928e+00 +8.474221928e+00 +8.024422193e+01 +8.024422193e+01 +2.2156e+00 +1.8214e+00 +8.0269e-01 +1.7146e+00 +1.1063e+00
712 +8.290377612e+00 +8.290377612e+00 +8.006037761e+01 +8.006037761e+01 +2.2211e+00 +1.7761e+00 +8.1037e-01 +1.7333e+00 +1.1131e+00
755 +7.930613609e+00 +7.930613609e+00 +7.970061361e+01 +7.970061361e+01 +2.2142e+00 +1.8114e+00 +8.0293e-01 +1.7130e+00 +1.1218e+00
774 +7.669514891e+00 +7.669514891e+00 +7.943951489e+01 +7.943951489e+01 +2.2148e+00 +1.8015e+00 +8.1276e-01 +1.7239e+00 +1.1250e+00
781 +7.485639236e+00 +7.485639236e+00 +7.925563924e+01 +7.925563924e+01 +2.2191e+00 +1.8003e+00 +8.2420e-01 +1.7099e+00 +1.1259e+00
784 +7.290247756e+00 +7.290247756e+00 +7.906024776e+01 +7.906024776e+01 +2.2142e+00 +1.8014e+00 +8.3011e-01 +1.7107e+00 +1.1196e+00
805 +7.189505255e+00 +7.189505255e+00 +7.895950526e+01 +7.895950526e+01 +2.2135e+00 +1.7889e+00 +8.4410e-01 +1.7242e+00 +1.1156e+00
863 +7.030720291e+00 +7.030720291e+00 +7.880072029e+01 +7.880072029e+01 +2.2233e+00 +1.7909e+00 +8.3803e-01 +1.7189e+00 +1.1188e+00
% function evaluation | noise-free fitness - Fopt (8.448800000000e+02) | best noise-free fitness - Fopt | measured fitness | best measured fitness | x1 | x2...
1 +2.296446648e+02 +2.296446648e+02 +1.074524665e+03 +1.074524665e+03 +0.0000e+00 +0.0000e+00 +0.0000e+00 +0.0000e+00 +0.0000e+00
2 +1.953916833e+02 +1.953916833e+02 +1.040271683e+03 +1.040271683e+03 -1.5379e+00 -1.0823e+00 +3.6125e+00 -3.9391e-02 +9.3082e-02
5 +9.909606909e+01 +9.909606909e+01 +9.439760691e+02 +9.439760691e+02 -1.8574e+00 +1.4452e+00 +1.2885e+00 -1.0549e-02 +2.0919e+00
21 +8.230681825e+01 +8.230681825e+01 +9.271868182e+02 +9.271868182e+02 -1.1041e+00 +9.7977e-01 +1.6113e+00 +6.6321e-01 +3.3581e+00
66 +7.870893470e+01 +7.870893470e+01 +9.235889347e+02 +9.235889347e+02 -1.9435e+00 +1.5096e+00 +1.2774e+00 +9.4008e-01 +3.0569e+00
118 +6.857476500e+01 +6.857476500e+01 +9.134547650e+02 +9.134547650e+02 -3.3469e+00 +5.1866e-01 +1.2735e+00 +3.0204e-01 +3.1323e+00
135 +6.693991054e+01 +6.693991054e+01 +9.118199105e+02 +9.118199105e+02 -4.0873e+00 +1.2382e+00 +2.4423e+00 +7.3160e-01 +3.3103e+00
182 +6.276165192e+01 +6.276165192e+01 +9.076416519e+02 +9.076416519e+02 -2.1457e-02 -1.1319e+00 +3.0585e+00 -6.4709e-01 +3.2326e+00
187 +5.914589079e+01 +5.914589079e+01 +9.040258908e+02 +9.040258908e+02 -1.7328e-01 -1.0260e+00 +3.0419e+00 -9.6700e-01 +3.4291e+00
294 +5.397561840e+01 +5.397561840e+01 +8.988556184e+02 +8.988556184e+02 -1.2516e+00 +1.8952e+00 +2.9544e+00 +3.1679e-01 +3.2872e+00
312 +4.829136659e+01 +4.829136659e+01 +8.931713666e+02 +8.931713666e+02 -8.6011e-01 +2.0303e+00 +3.4582e+00 +5.9009e-01 +3.1139e+00
335 +3.554901416e+01 +3.554901416e+01 +8.804290142e+02 +8.804290142e+02 -8.0652e-01 +2.5893e+00 +2.9207e+00 +7.5820e-01 +3.3399e+00
580 +3.513872721e+01 +3.513872721e+01 +8.800187272e+02 +8.800187272e+02 -8.9044e-01 +2.0883e+00 +2.0457e+00 +1.1890e+00 +3.0550e+00
631 +3.407088790e+01 +3.407088790e+01 +8.789508879e+02 +8.789508879e+02 -8.3795e-01 +2.0970e+00 +2.0381e+00 +1.1826e+00 +3.0495e+00
860 +3.388141519e+01 +3.388141519e+01 +8.787614152e+02 +8.787614152e+02 -8.2195e-01 +2.1114e+00 +2.0358e+00 +1.1889e+00 +3.0514e+00
70260 +3.001157670e+01 +3.001157670e+01 +8.748915767e+02 +8.748915767e+02 +3.0545e+00 -1.6231e+00 +2.0042e+00 +7.2474e-01 +2.6712e+00
70444 +2.609526724e+01 +2.609526724e+01 +8.709752672e+02 +8.709752672e+02 +3.1052e+00 -1.7351e+00 +2.0037e+00 +7.0367e-01 +2.7070e+00
70530 +2.403553536e+01 +2.403553536e+01 +8.689155354e+02 +8.689155354e+02 +3.1014e+00 -1.7863e+00 +2.0268e+00 +7.0556e-01 +2.6870e+00
70562 +2.379298103e+01 +2.379298103e+01 +8.686729810e+02 +8.686729810e+02 +3.1464e+00 -1.7521e+00 +2.0186e+00 +7.0733e-01 +2.6879e+00
70608 +2.331043886e+01 +2.331043886e+01 +8.681904389e+02 +8.681904389e+02 +3.1377e+00 -1.7794e+00 +2.0567e+00 +7.1765e-01 +2.6838e+00
70769 +2.289606409e+01 +2.289606409e+01 +8.677760641e+02 +8.677760641e+02 +3.1470e+00 -1.7841e+00 +2.0376e+00 +7.2334e-01 +2.6771e+00
223296 +2.158957046e+01 +2.158957046e+01 +8.664695705e+02 +8.664695705e+02 -7.7641e-01 +1.1641e+00 +3.0098e+00 +7.3459e-01 +3.0484e+00
223343 +2.058154367e+01 +2.058154367e+01 +8.654615437e+02 +8.654615437e+02 -8.3400e-01 +1.2178e+00 +2.9909e+00 +7.2751e-01 +3.0571e+00
223470 +2.035581180e+01 +2.035581180e+01 +8.652358118e+02 +8.652358118e+02 -8.1330e-01 +1.2411e+00 +2.9861e+00 +7.2282e-01 +3.0519e+00
223547 +1.994745289e+01 +1.994745289e+01 +8.648274529e+02 +8.648274529e+02 -8.0883e-01 +1.3093e+00 +2.9817e+00 +7.2391e-01 +3.0526e+00
282459 +1.665762646e+01 +1.665762646e+01 +8.615376265e+02 +8.615376265e+02 +1.1646e+00 +1.9625e+00 +3.0324e+00 -9.1727e-02 +3.0853e+00
282509 +1.593350063e+01 +1.593350063e+01 +8.608135006e+02 +8.608135006e+02 +1.3188e+00 +2.0124e+00 +2.9841e+00 +3.3605e-01 +3.0578e+00
282518 +1.510113644e+01 +1.510113644e+01 +8.599811364e+02 +8.599811364e+02 +1.2996e+00 +2.0742e+00 +2.9737e+00 +3.3905e-01 +3.0611e+00
282535 +1.292046506e+01 +1.292046506e+01 +8.578004651e+02 +8.578004651e+02 +1.2253e+00 +2.1454e+00 +2.9040e+00 +2.6527e-01 +3.0585e+00
282551 +1.266561028e+01 +1.266561028e+01 +8.575456103e+02 +8.575456103e+02 +1.3235e+00 +2.0690e+00 +2.9949e+00 +2.5305e-01 +3.0588e+00
282615 +1.234913375e+01 +1.234913375e+01 +8.572291338e+02 +8.572291338e+02 +1.2783e+00 +2.0798e+00 +3.0145e+00 +2.5393e-01 +3.0391e+00
282622 +1.179524100e+01 +1.179524100e+01 +8.566752410e+02 +8.566752410e+02 +1.2762e+00 +2.1070e+00 +3.0132e+00 +2.6956e-01 +3.0731e+00
282624 +1.150978873e+01 +1.150978873e+01 +8.563897887e+02 +8.563897887e+02 +1.2426e+00 +2.1044e+00 +3.0377e+00 +2.6465e-01 +3.0429e+00
282628 +1.102480032e+01 +1.102480032e+01 +8.559048003e+02 +8.559048003e+02 +1.2502e+00 +2.0858e+00 +3.0131e+00 +2.7888e-01 +3.0404e+00
282645 +1.051478535e+01 +1.051478535e+01 +8.553947853e+02 +8.553947853e+02 +1.2387e+00 +2.0879e+00 +2.9861e+00 +2.9769e-01 +3.0531e+00
282653 +1.043286186e+01 +1.043286186e+01 +8.553128619e+02 +8.553128619e+02 +1.2367e+00 +2.1146e+00 +2.9665e+00 +2.7387e-01 +3.0618e+00
282679 +1.019893640e+01 +1.019893640e+01 +8.550789364e+02 +8.550789364e+02 +1.2308e+00 +2.1204e+00 +3.0070e+00 +2.7677e-01 +3.0548e+00
282732 +9.989088781e+00 +9.989088781e+00 +8.548690888e+02 +8.548690888e+02 +1.2043e+00 +2.1268e+00 +2.9883e+00 +2.8251e-01 +3.0520e+00
% function evaluation | noise-free fitness - Fopt (-4.222000000000e+01) | best noise-free fitness - Fopt | measured fitness | best measured fitness | x1 | x2...
1 +1.518624990e+02 +1.518624990e+02 +1.096424990e+02 +1.096424990e+02 +0.0000e+00 +0.0000e+00 +0.0000e+00 +0.0000e+00 +0.0000e+00
4 +1.206873811e+02 +1.206873811e+02 +7.846738114e+01 +7.846738114e+01 +1.3565e+00 +6.2139e-01 -1.4137e-01 -2.0001e-01 +5.9973e-01
7 +1.195595056e+02 +1.195595056e+02 +7.733950556e+01 +7.733950556e+01 +1.2867e+00 -6.9505e-01 -1.8561e+00 -1.2104e-01 +1.1765e+00
13 +1.093333814e+02 +1.093333814e+02 +6.711338144e+01 +6.711338144e+01 +1.8484e+00 -1.7870e+00 -2.1363e+00 -6.9582e-01 +1.8466e+00
20 +9.381615402e+01 +9.381615402e+01 +5.159615402e+01 +5.159615402e+01 +1.7898e+00 -7.0753e-01 -1.0438e+00 +4.4481e-01 +1.4254e+00
24 +9.053526322e+01 +9.053526322e+01 +4.831526322e+01 +4.831526322e+01 -1.4961e-01 -1.1267e+00 -1.3493e+00 +8.1894e-01 +1.4603e+00
27 +8.730640435e+01 +8.730640435e+01 +4.508640435e+01 +4.508640435e+01 +1.5001e+00 -1.3779e-02 -3.4419e-01 -1.5774e-01 +2.0376e+00
33 +7.880853607e+01 +7.880853607e+01 +3.658853607e+01 +3.658853607e+01 +1.8013e+00 -5.7703e-01 +4.5747e-01 -6.3443e-01 +1.8317e+00
113 +7.028431443e+01 +7.028431443e+01 +2.806431443e+01 +2.806431443e+01 +1.4891e+00 +6.1115e-01 +1.3081e+00 +1.0703e+00 +2.0309e+00
158 +6.916235666e+01 +6.916235666e+01 +2.694235666e+01 +2.694235666e+01 +1.5739e+00 -6.7587e-01 +4.3173e-01 +3.6220e-01 +1.7845e+00
159 +4.195324016e+01 +4.195324016e+01 -2.667598408e-01 -2.667598408e-01 +1.5055e+00 -1.3727e+00 +1.4045e+00 +2.1685e-01 +2.1391e+00
194 +3.623458610e+01 +3.623458610e+01 -5.985413904e+00 -5.985413904e+00 +1.0183e+00 -2.2466e+00 +1.4166e+00 +5.8776e-02 +1.5088e+00
207 +2.128431107e+01 +2.128431107e+01 -2.093568893e+01 -2.093568893e+01 +1.4639e+00 -2.3924e+00 +1.3268e+00 +5.1598e-01 +1.5326e+00
415 +2.018061703e+01 +2.018061703e+01 -2.203938297e+01 -2.203938297e+01 +1.5592e+00 -1.7777e+00 +1.4225e+00 -2.7519e-01 +1.2192e+00
516 +1.994781879e+01 +1.994781879e+01 -2.227218121e+01 -2.227218121e+01 +1.5753e+00 -1.7923e+00 +1.4150e+00 -2.7433e-01 +1.2126e+00
61948 +1.791307215e+01 +1.791307215e+01 -2.430692785e+01 -2.430692785e+01 -4.5501e-01 -3.0911e+00 +1.3608e+00 +2.1668e-01 +1.4774e+00
61956 +1.695848525e+01 +1.695848525e+01 -2.526151475e+01 -2.526151475e+01 -4.3847e-01 -3.0812e+00 +1.3889e+00 +1.6533e-01 +1.4302e+00
61984 +1.636584890e+01 +1.636584890e+01 -2.585415110e+01 -2.585415110e+01 -3.9481e-01 -3.2757e+00 +1.4008e+00 +1.9625e-01 +1.5220e+00
61987 +1.619841287e+01 +1.619841287e+01 -2.602158713e+01 -2.602158713e+01 -4.4388e-01 -3.2226e+00 +1.4383e+00 +1.6262e-01 +1.5479e+00
61993 +1.444452517e+01 +1.444452517e+01 -2.777547483e+01 -2.777547483e+01 -5.0079e-01 -3.3010e+00 +1.4248e+00 +1.7268e-01 +1.5032e+00
62001 +1.197982259e+01 +1.197982259e+01 -3.024017741e+01 -3.024017741e+01 -3.2853e-01 -3.1973e+00 +1.3679e+00 +1.4063e-01 +1.5070e+00
62003 +1.133631168e+01 +1.133631168e+01 -3.088368832e+01 -3.088368832e+01 -3.6236e-01 -3.2351e+00 +1.4160e+00 +1.6049e-01 +1.4865e+00
62008 +1.099465319e+01 +1.099465319e+01 -3.122534681e+01 -3.122534681e+01 -3.5744e-01 -3.1948e+00 +1.3799e+00 +1.3451e-01 +1.4756e+00
62011 +1.076542168e+01 +1.076542168e+01 -3.145457832e+01 -3.145457832e+01 -2.9528e-01 -3.1120e+00 +1.3989e+00 +1.3030e-01 +1.4873e+00
62017 +1.064991592e+01 +1.064991592e+01 -3.157008408e+01 -3.157008408e+01 -3.3412e-01 -3.1958e+00 +1.4197e+00 +1.2620e-01 +1.4898e+00
62082 +1.019364287e+01 +1.019364287e+01 -3.202635713e+01 -3.202635713e+01 -3.5599e-01 -3.1128e+00 +1.4277e+00 +1.2441e-01 +1.4857e+00
62146 +9.972505714e+00 +9.972505714e+00 -3.224749429e+01 -3.224749429e+01 -3.6811e-01 -3.1273e+00 +1.4151e+00 +1.3368e-01 +1.4848e+00
242395 +9.688481904e+00 +9.688481904e+00 -3.253151810e+01 -3.253151810e+01 -3.9979e-01 -3.9048e+00 +2.0139e+00 +5.6679e-01 +1.4878e+00
242423 +9.495303653e+00 +9.495303653e+00 -3.272469635e+01 -3.272469635e+01 -3.9428e-01 -3.9597e+00 +2.0057e+00 +5.9326e-01 +1.4885e+00
242454 +9.304253886e+00 +9.304253886e+00 -3.291574611e+01 -3.291574611e+01 -3.7200e-01 -3.9445e+00 +1.9992e+00 +5.7323e-01 +1.4754e+00
242458 +9.035340208e+00 +9.035340208e+00 -3.318465979e+01 -3.318465979e+01 -3.7649e-01 -3.9419e+00 +2.0021e+00 +5.8165e-01 +1.4849e+00
% function evaluation | noise-free fitness - Fopt (-9.179000000000e+01) | best noise-free fitness - Fopt | measured fitness | best measured fitness | x1 | x2...
1 +2.475668759e+02 +2.475668759e+02 +1.557768759e+02 +1.557768759e+02 +0.0000e+00 +0.0000e+00 +0.0000e+00 +0.0000e+00 +0.0000e+00
2 +1.917044054e+02 +1.917044054e+02 +9.991440540e+01 +9.991440540e+01 +7.0328e-01 +1.1483e+00 +2.4466e+00 +1.1805e+00 +2.2500e+00
14 +1.789411126e+02 +1.789411126e+02 +8.715111258e+01 +8.715111258e+01 -6.1582e-01 +6.5723e-01 -3.2567e-01 +9.0465e-01 +2.3739e+00
15 +1.421438226e+02 +1.421438226e+02 +5.035382264e+01 +5.035382264e+01 -1.0627e-01 +3.9978e-01 +1.4058e+00 +3.2022e-01 +1.8716e+00
18 +1.401329870e+02 +1.401329870e+02 +4.834298705e+01 +4.834298705e+01 -1.3820e-01 +1.0671e+00 +3.1801e+00 +5.8869e-01 +2.1705e+00
19 +6.391730705e+01 +6.391730705e+01 -2.787269295e+01 -2.787269295e+01 +1.5783e-02 +1.1458e+00 +1.6709e+00 -5.7759e-01 +3.6490e+00
27 +5.949823267e+01 +5.949823267e+01 -3.229176733e+01 -3.229176733e+01 -7.5465e-01 +2.5961e+00 +1.7160e+00 -1.1943e+00 +3.0145e+00
44 +2.921842503e+01 +2.921842503e+01 -6.257157497e+01 -6.257157497e+01 -8.2646e-01 +1.5096e+00 +2.3713e+00 -2.4753e+00 +3.3128e+00
114 +2.362608366e+01 +2.362608366e+01 -6.816391634e+01 -6.816391634e+01 -7.2391e-01 +5.2058e-01 +2.8328e+00 -1.1377e+00 +3.2835e+00
182450 +1.403333600e+01 +1.403333600e+01 -7.775666400e+01 -7.775666400e+01 -1.8412e+00 +3.1256e-02 +2.8368e+00 -2.0293e+00 +3.9156e+00
182630 +1.247928596e+01 +1.247928596e+01 -7.931071404e+01 -7.931071404e+01 -2.0534e+00 -5.5449e-02 +2.8403e+00 -2.0331e+00 +3.6329e+00
182638 +1.205340952e+01 +1.205340952e+01 -7.973659048e+01 -7.973659048e+01 -1.9940e+00 -8.5680e-02 +2.8297e+00 -2.0360e+00 +3.6493e+00
182647 +1.055291371e+01 +1.055291371e+01 -8.123708629e+01 -8.123708629e+01 -1.9583e+00 -4.4838e-02 +2.8306e+00 -2.0283e+00 +3.6499e+00
182679 +1.036905125e+01 +1.036905125e+01 -8.142094875e+01 -8.142094875e+01 -1.8669e+00 -5.1524e-02 +2.8184e+00 -2.0321e+00 +3.6334e+00
182757 +1.002604215e+01 +1.002604215e+01 -8.176395785e+01 -8.176395785e+01 -1.8902e+00 -3.0160e-02 +2.8396e+00 -2.0294e+00 +3.6365e+00
182814 +9.985446695e+00 +9.985446695e+00 -8.180455330e+01 -8.180455330e+01 -1.8930e+00 -3.3958e-02 +2.8278e+00 -2.0296e+00 +3.6404e+00
365398 +9.025878487e+00 +9.025878487e+00 -8.276412151e+01 -8.276412151e+01 +3.8775e-02 -2.0508e-03 +3.4080e+00 -2.0407e+00 +3.2620e+00
365452 +8.332349165e+00 +8.332349165e+00 -8.345765083e+01 -8.345765083e+01 +3.0973e-02 -3.8186e-02 +3.4227e+00 -2.0314e+00 +3.2757e+00
365474 +8.263114874e+00 +8.263114874e+00 -8.352688513e+01 -8.352688513e+01 +4.5233e-02 -2.4752e-02 +3.4159e+00 -2.0249e+00 +3.2575e+00
365526 +8.115693472e+00 +8.115693472e+00 -8.367430653e+01 -8.367430653e+01 +3.0089e-02 -3.8356e-02 +3.4320e+00 -2.0265e+00 +3.2615e+00
483962 +6.318077097e+00 +6.318077097e+00 -8.547192290e+01 -8.547192290e+01 -5.2554e-02 +2.1429e+00 +2.8665e+00 -2.4435e+00 +3.6368e+00
483973 +6.239049639e+00 +6.239049639e+00 -8.555095036e+01 -8.555095036e+01 -2.0676e-02 +2.1532e+00 +2.8417e+00 -2.4347e+00 +3.6166e+00
483981 +5.567369526e+00 +5.567369526e+00 -8.622263047e+01 -8.622263047e+01 -3.2621e-03 +2.1445e+00 +2.8625e+00 -2.4510e+00 +3.6551e+00
484001 +5.402937564e+00 +5.402937564e+00 -8.638706244e+01 -8.638706244e+01 -1.0465e-02 +2.1176e+00 +2.8752e+00 -2.4503e+00 +3.6377e+00
484002 +5.102271457e+00 +5.102271457e+00 -8.668772854e+01 -8.668772854e+01 +4.6427e-03 +2.1295e+00 +2.8380e+00 -2.4572e+00 +3.6489e+00
484015 +4.937438750e+00 +4.937438750e+00 -8.685256125e+01 -8.685256125e+01 +2.7071e-02 +2.1512e+00 +2.8388e+00 -2.4513e+00 +3.6556e+00
484020 +4.688172204e+00 +4.688172204e+00 -8.710182780e+01 -8.710182780e+01 +1.4924e-02 +2.1416e+00 +2.8249e+00 -2.4561e+00 +3.6363e+00
484039 +4.645512278e+00 +4.645512278e+00 -8.714448772e+01 -8.714448772e+01 +1.2227e-02 +2.1542e+00 +2.8218e+00 -2.4532e+00 +3.6385e+00
484063 +4.453253726e+00 +4.453253726e+00 -8.733674627e+01 -8.733674627e+01 +2.6498e-02 +2.1436e+00 +2.8463e+00 -2.4246e+00 +3.6325e+00
484066 +4.245902981e+00 +4.245902981e+00 -8.754409702e+01 -8.754409702e+01 +2.2008e-02 +2.1579e+00 +2.8340e+00 -2.4312e+00 +3.6422e+00
484071 +4.164042381e+00 +4.164042381e+00 -8.762595762e+01 -8.762595762e+01 +3.5665e-02 +2.1649e+00 +2.8387e+00 -2.4373e+00 +3.6351e+00
484095 +4.068824647e+00 +4.068824647e+00 -8.772117535e+01 -8.772117535e+01 +3.8593e-02 +2.1582e+00 +2.8429e+00 -2.4351e+00 +3.6412e+00
484251 +3.981021444e+00 +3.981021444e+00 -8.780897856e+01 -8.780897856e+01 +5.1377e-02 +2.1465e+00 +2.8361e+00 -2.4370e+00 +3.6392e+00
% function evaluation | noise-free fitness - Fopt (-1.277000000000e+01) | best noise-free fitness - Fopt | measured fitness | best measured fitness | x1 | x2...
1 +1.267747535e+02 +1.267747535e+02 +1.140047535e+02 +1.140047535e+02 +0.0000e+00 +0.0000e+00 +0.0000e+00 +0.0000e+00 +0.0000e+00
4 +1.062913404e+02 +1.062913404e+02 +9.352134045e+01 +9.352134045e+01 +3.2120e+00 -6.2605e-01 -1.2057e+00 -1.2781e+00 +7.2006e-01
7 +7.251431763e+01 +7.251431763e+01 +5.974431763e+01 +5.974431763e+01 +2.1226e+00 -5.7639e-01 -5.4271e-02 -6.6489e-01 +7.2439e-01
35 +6.605831636e+01 +6.605831636e+01 +5.328831636e+01 +5.328831636e+01 +1.8490e+00 +9.9006e-01 -6.6339e-01 +4.7367e-01 +1.3000e+00
41 +5.393605164e+01 +5.393605164e+01 +4.116605164e+01 +4.116605164e+01 +6.1976e-01 +8.8319e-01 -8.4358e-02 +8.5036e-02 +1.0157e+00
50 +5.366427591e+01 +5.366427591e+01 +4.089427591e+01 +4.089427591e+01 +6.4288e-01 +1.3823e+00 +1.1141e+00 +2.7003e-02 +1.5104e+00
56 +4.517949802e+01 +4.517949802e+01 +3.240949802e+01 +3.240949802e+01 +1.4588e+00 +1.9265e+00 +1.4697e+00 +1.2495e-01 +1.5760e+00
59 +4.247715587e+01 +4.247715587e+01 +2.970715587e+01 +2.970715587e+01 +1.3852e+00 +1.4394e+00 +1.4659e+00 +3.5497e-01 +9.7257e-01
67 +2.618389900e+01 +2.618389900e+01 +1.341389900e+01 +1.341389900e+01 +1.4302e+00 +2.3002e+00 +1.5541e+00 +6.5508e-01 +1.0340e+00
339 +2.350831618e+01 +2.350831618e+01 +1.073831618e+01 +1.073831618e+01 +6.5769e-01 +2.9847e+00 +1.5953e+00 +1.1050e+00 +9.5329e-01
469 +2.326860964e+01 +2.326860964e+01 +1.049860964e+01 +1.049860964e+01 +6.4441e-01 +3.0886e+00 +1.6159e+00 +1.1098e+00 +9.4269e-01
472 +2.270843346e+01 +2.270843346e+01 +9.938433455e+00 +9.938433455e+00 +6.5725e-01 +3.0764e+00 +1.6079e+00 +1.0848e+00 +9.5590e-01
500 +2.220899734e+01 +2.220899734e+01 +9.438997338e+00 +9.438997338e+00 +6.4488e-01 +3.0658e+00 +1.5765e+00 +1.0930e+00 +9.5936e-01
56996 +1.753794050e+01 +1.753794050e+01 +4.767940499e+00 +4.767940499e+00 +2.5544e+00 +2.3398e+00 +1.1115e+00 -7.0203e-01 +1.3448e+00
57051 +1.421165159e+01 +1.421165159e+01 +1.441651587e+00 +1.441651587e+00 +2.6862e+00 +2.1149e+00 +1.0660e+00 -6.7394e-01 +1.3260e+00
57075 +1.324270043e+01 +1.324270043e+01 +4.727004306e-01 +4.727004306e-01 +2.6696e+00 +2.2625e+00 +1.1046e+00 -6.6946e-01 +1.3115e+00
57088 +1.214671540e+01 +1.214671540e+01 -6.232846015e-01 -6.232846015e-01 +2.6752e+00 +2.2251e+00 +1.1194e+00 -6.8662e-01 +1.3268e+00
57095 +1.186773217e+01 +1.186773217e+01 -9.022678330e-01 -9.022678330e-01 +2.6759e+00 +2.2317e+00 +1.1167e+00 -6.9478e-01 +1.3375e+00
57134 +1.127462897e+01 +1.127462897e+01 -1.495371031e+00 -1.495371031e+00 +2.6823e+00 +2.2491e+00 +1.0932e+00 -6.9299e-01 +1.3376e+00
57189 +1.119106237e+01 +1.119106237e+01 -1.578937634e+00 -1.578937634e+00 +2.6744e+00 +2.2469e+00 +1.0952e+00 -6.8890e-01 +1.3335e+00
57293 +1.095955402e+01 +1.095955402e+01 -1.810445975e+00 -1.810445975e+00 +2.6686e+00 +2.2875e+00 +1.0959e+00 -6.9049e-01 +1.3319e+00
444268 +1.071338509e+01 +1.071338509e+01 -2.056614906e+00 -2.056614906e+00 +3.6570e+00 +1.6178e+00 +1.6315e+00 +1.5537e-01 +1.3444e+00
444327 +1.019444854e+01 +1.019444854e+01 -2.575551463e+00 -2.575551463e+00 +3.6100e+00 +1.5809e+00 +1.5749e+00 +1.4371e-01 +1.3159e+00
444340 +9.588091951e+00 +9.588091951e+00 -3.181908049e+00 -3.181908049e+00 +3.6573e+00 +1.5728e+00 +1.5770e+00 +1.3744e-01 +1.3485e+00
444348 +9.395521737e+00 +9.395521737e+00 -3.374478263e+00 -3.374478263e+00 +3.6646e+00 +1.5986e+00 +1.5812e+00 +1.5675e-01 +1.3535e+00
444371 +7.596857068e+00 +7.596857068e+00 -5.173142932e+00 -5.173142932e+00 +3.6508e+00 +1.6043e+00 +1.6023e+00 +1.8180e-01 +1.3283e+00
444391 +6.853100604e+00 +6.853100604e+00 -5.916899396e+00 -5.916899396e+00 +3.6118e+00 +1.5749e+00 +1.6030e+00 +1.9100e-01 +1.3354e+00
444440 +5.701577174e+00 +5.701577174e+00 -7.068422826e+00 -7.068422826e+00 +3.5993e+00 +1.5398e+00 +1.6076e+00 +1.8190e-01 +1.3098e+00
444443 +5.493490060e+00 +5.493490060e+00 -7.276509940e+00 -7.276509940e+00 +3.6303e+00 +1.5613e+00 +1.6054e+00 +1.9028e-01 +1.3312e+00
444449 +5.126169163e+00 +5.126169163e+00 -7.643830837e+00 -7.643830837e+00 +3.6195e+00 +1.5508e+00 +1.6045e+00 +2.0935e-01 +1.3347e+00
444451 +4.724426901e+00 +4.724426901e+00 -8.045573099e+00 -8.045573099e+00 +3.6340e+00 +1.5500e+00 +1.6156e+00 +2.0238e-01 +1.3337e+00
444456 +4.229298397e+00 +4.229298397e+00 -8.540701603e+00 -8.540701603e+00 +3.6676e+00 +1.5447e+00 +1.6148e+00 +1.8974e-01 +1.3234e+00
444462 +3.616413626e+00 +3.616413626e+00 -9.153586374e+00 -9.153586374e+00 +3.6441e+00 +1.5261e+00 +1.6147e+00 +1.8724e-01 +1.3353e+00
444496 +3.122607156e+00 +3.122607156e+00 -9.647392844e+00 -9.647392844e+00 +3.6164e+00 +1.5075e+00 +1.5976e+00 +1.7772e-01 +1.3310e+00
444504 +3.015758413e+00 +3.015758413e+00 -9.754241587e+00 -9.754241587e+00 +3.6284e+00 +1.5074e+00 +1.6011e+00 +1.7595e-01 +1.3310e+00
444511 +2.933944319e+00 +2.933944319e+00 -9.836055681e+00 -9.836055681e+00 +3.6269e+00 +1.5000e+00 +1.5976e+00 +1.8693e-01 +1.3233e+00
444518 +2.630682091e+00 +2.630682091e+00 -1.013931791e+01 -1.013931791e+01 +3.6371e+00 +1.4959e+00 +1.5977e+00 +1.7799e-01 +1.3303e+00
444519 +2.613588263e+00 +2.613588263e+00 -1.015641174e+01 -1.015641174e+01 +3.6477e+00 +1.5026e+00 +1.6001e+00 +1.8833e-01 +1.3252e+00
444522 +2.358783791e+00 +2.358783791e+00 -1.041121621e+01 -1.041121621e+01 +3.6486e+00 +1.4843e+00 +1.5984e+00 +1.7864e-01 +1.3277e+00
444523 +2.318208791e+00 +2.318208791e+00 -1.045179121e+01 -1.045179121e+01 +3.6348e+00 +1.4658e+00 +1.5942e+00 +1.8601e-01 +1.3380e+00
444529 +2.088414155e+00 +2.088414155e+00 -1.068158584e+01 -1.068158584e+01 +3.6464e+00 +1.4636e+00 +1.5895e+00 +1.8857e-01 +1.3328e+00
444622 +2.041464893e+00 +2.041464893e+00 -1.072853511e+01 -1.072853511e+01 +3.6574e+00 +1.4734e+00 +1.5934e+00 +1.8692e-01 +1.3326e+00
444852 +1.994111859e+00 +1.994111859e+00 -1.077588814e+01 -1.077588814e+01 +3.6641e+00 +1.4671e+00 +1.5853e+00 +1.8924e-01 +1.3326e+00
% function evaluation | noise-free fitness - Fopt (-1.000000000000e+03) | best noise-free fitness - Fopt | measured fitness | best measured fitness | x1 | x2...
1 +1.069906532e+02 +1.069906532e+02 -8.930093468e+02 -8.930093468e+02 +0.0000e+00 +0.0000e+00 +0.0000e+00 +0.0000e+00 +0.0000e+00
4 +3.993287295e+01 +3.993287295e+01 -9.600671270e+02 -9.600671270e+02 -7.7086e-01 -1.4424e+00 +1.9646e+00 +6.4677e-01 +2.6951e-01
71 +2.760856061e+01 +2.760856061e+01 -9.723914394e+02 -9.723914394e+02 -9.6685e-01 -1.1605e+00 +2.6275e+00 +1.9806e+00 +1.1185e+00
280 +2.665443343e+01 +2.665443343e+01 -9.733455666e+02 -9.733455666e+02 -1.9659e+00 -3.5035e+00 +1.8989e+00 +1.8894e-01 +1.4546e+00
283 +2.318936465e+01 +2.318936465e+01 -9.768106354e+02 -9.768106354e+02 -2.2168e+00 -3.5177e+00 +2.0740e+00 +6.0640e-01 +1.4003e+00
354 +2.006467226e+01 +2.006467226e+01 -9.799353277e+02 -9.799353277e+02 -2.2326e+00 -3.6508e+00 +2.5254e+00 -2.4660e-01 +1.4052e+00
419 +1.904195212e+01 +1.904195212e+01 -9.809580479e+02 -9.809580479e+02 -2.1015e+00 -3.5103e+00 +2.5211e+00 +2.0544e-01 +1.4463e+00
421 +1.580543234e+01 +1.580543234e+01 -9.841945677e+02 -9.841945677e+02 -2.0914e+00 -3.5510e+00 +2.6214e+00 +1.7678e-01 +1.3997e+00
452 +1.493080892e+01 +1.493080892e+01 -9.850691911e+02 -9.850691911e+02 -2.0395e+00 -3.5130e+00 +2.5753e+00 +1.4018e-01 +1.3899e+00
528 +1.339079753e+01 +1.339079753e+01 -9.866092025e+02 -9.866092025e+02 -2.0553e+00 -3.5609e+00 +2.6351e+00 +1.6037e-01 +1.4018e+00
534 +1.231604874e+01 +1.231604874e+01 -9.876839513e+02 -9.876839513e+02 -2.0724e+00 -3.5763e+00 +2.6262e+00 +1.4554e-01 +1.3976e+00
584 +1.167518783e+01 +1.167518783e+01 -9.883248122e+02 -9.883248122e+02 -2.0824e+00 -3.5820e+00 +2.6254e+00 +1.6733e-01 +1.4036e+00
596 +1.147827027e+01 +1.147827027e+01 -9.885217297e+02 -9.885217297e+02 -2.0808e+00 -3.5808e+00 +2.6256e+00 +1.6409e-01 +1.4077e+00
647 +1.111895966e+01 +1.111895966e+01 -9.888810403e+02 -9.888810403e+02 -2.0663e+00 -3.5954e+00 +2.6256e+00 +1.5748e-01 +1.4094e+00
835 +1.096348355e+01 +1.096348355e+01 -9.890365165e+02 -9.890365165e+02 -2.0675e+00 -3.6064e+00 +2.6260e+00 +1.5905e-01 +1.4135e+00
131768 +1.046161572e+01 +1.046161572e+01 -9.895383843e+02 -9.895383843e+02 +7.0548e-03 -4.1790e+00 +1.9653e+00 -7.2115e-01 +1.4021e+00
131776 +1.021252497e+01 +1.021252497e+01 -9.897874750e+02 -9.897874750e+02 +9.0694e-03 -4.1643e+00 +1.9978e+00 -7.2281e-01 +1.4103e+00
131954 +9.993619224e+00 +9.993619224e+00 -9.900063808e+02 -9.900063808e+02 -2.6053e-03 -4.1661e+00 +1.9693e+00 -7.2105e-01 +1.4138e+00
% function evaluation | noise-free fitness - Fopt (-1.000000000000e+03) | best noise-free fitness - Fopt | measured fitness | best measured fitness | x1 | x2...
1 +1.240986520e+02 +1.240986520e+02 -8.759013480e+02 -8.759013480e+02 +0.0000e+00 +0.0000e+00 +0.0000e+00 +0.0000e+00 +0.0000e+00
2 +1.081771679e+02 +1.081771679e+02 -8.918228321e+02 -8.918228321e+02 +3.6781e-01 -2.7927e+00 -9.9756e-01 +1.7781e+00 +8.1495e-01
28 +1.044814249e+02 +1.044814249e+02 -8.955185751e+02 -8.955185751e+02 -5.5938e-01 +1.0923e-01 -2.4060e-01 +1.2722e+00 -1.7906e-01
40 +8.000696307e+01 +8.000696307e+01 -9.199930369e+02 -9.199930369e+02 -2.0566e-01 +9.0640e-01 +5.2885e-01 +2.0043e+00 +5.8781e-01
42 +5.169091217e+01 +5.169091217e+01 -9.483090878e+02 -9.483090878e+02 +2.7357e-02 +2.1144e+00 +7.5062e-01 +2.7799e+00 +7.5674e-01
58 +3.883725824e+01 +3.883725824e+01 -9.611627418e+02 -9.611627418e+02 +8.6919e-01 +2.2148e+00 +3.6550e-01 +3.4399e+00 +8.8825e-01
88 +3.548568967e+01 +3.548568967e+01 -9.645143103e+02 -9.645143103e+02 +6.0788e-01 -1.3716e-02 +9.7867e-01 +2.3163e+00 +8.0242e-01
100 +3.547480477e+01 +3.547480477e+01 -9.645251952e+02 -9.645251952e+02 +4.4431e-01 +3.9466e-02 +8.3127e-01 +3.5299e+00 +6.7923e-02
204 +3.083689537e+01 +3.083689537e+01 -9.691631046e+02 -9.691631046e+02 +6.6487e-01 +6.4055e-01 +9.3974e-01 +3.0066e+00 +1.0276e-01
217 +2.577424046e+01 +2.577424046e+01 -9.742257595e+02 -9.742257595e+02 +2.8005e-01 +1.4238e+00 +7.2481e-01 +3.4459e+00 +1.7429e-01
226 +1.823844956e+01 +1.823844956e+01 -9.817615504e+02 -9.817615504e+02 +2.5271e-01 +1.4877e+00 +8.2965e-01 +3.9231e+00 +7.9459e-02
292 +1.602730162e+01 +1.602730162e+01 -9.839726984e+02 -9.839726984e+02 +2.6044e-01 +1.3873e+00 +9.8597e-01 +3.8919e+00 +1.7197e-01
300 +1.358486400e+01 +1.358486400e+01 -9.864151360e+02 -9.864151360e+02 +1.8386e-01 +1.3312e+00 +8.8836e-01 +3.8817e+00 +1.3491e-01
330 +1.245269014e+01 +1.245269014e+01 -9.875473099e+02 -9.875473099e+02 +2.3152e-01 +1.3731e+00 +8.6293e-01 +3.9156e+00 +1.4918e-01
381 +1.192852312e+01 +1.192852312e+01 -9.880714769e+02 -9.880714769e+02 +2.1413e-01 +1.4844e+00 +8.5385e-01 +3.9157e+00 +1.3073e-01
386 +1.145093925e+01 +1.145093925e+01 -9.885490608e+02 -9.885490608e+02 +2.2103e-01 +1.4342e+00 +8.9010e-01 +3.9113e+00 +1.3919e-01
413 +1.114115269e+01 +1.114115269e+01 -9.888588473e+02 -9.888588473e+02 +2.0242e-01 +1.4705e+00 +9.1697e-01 +3.9285e+00 +1.4072e-01
618 +1.096051990e+01 +1.096051990e+01 -9.890394801e+02 -9.890394801e+02 +2.1620e-01 +1.4914e+00 +9.0479e-01 +3.9222e+00 +1.3916e-01
157354 +9.489632907e+00 +9.489632907e+00 -9.905103671e+02 -9.905103671e+02 +1.1836e+00 +6.7453e-01 +1.4875e+00 +3.3857e+00 +5.1349e-01
157355 +5.709236476e+00 +5.709236476e+00 -9.942907635e+02 -9.942907635e+02 +1.1349e+00 +6.7315e-01 +1.5495e+00 +3.5052e+00 +5.0094e-01
157373 +3.024075287e+00 +3.024075287e+00 -9.969759247e+02 -9.969759247e+02 +1.1464e+00 +7.0111e-01 +1.4915e+00 +3.4969e+00 +5.1942e-01
157423 +2.346416672e+00 +2.346416672e+00 -9.976535833e+02 -9.976535833e+02 +1.1504e+00 +6.7870e-01 +1.4957e+00 +3.4891e+00 +5.1197e-01
157448 +2.241144301e+00 +2.241144301e+00 -9.977588557e+02 -9.977588557e+02 +1.1631e+00 +6.8453e-01 +1.4910e+00 +3.4723e+00 +5.1042e-01
157456 +2.134180927e+00 +2.134180927e+00 -9.978658191e+02 -9.978658191e+02 +1.1590e+00 +6.8019e-01 +1.4957e+00 +3.4819e+00 +5.1588e-01
157494 +2.053594952e+00 +2.053594952e+00 -9.979464050e+02 -9.979464050e+02 +1.1679e+00 +6.7641e-01 +1.5002e+00 +3.4733e+00 +5.1477e-01
157532 +2.036146221e+00 +2.036146221e+00 -9.979638538e+02 -9.979638538e+02 +1.1717e+00 +6.7654e-01 +1.5008e+00 +3.4747e+00 +5.1406e-01
157638 +1.992969153e+00 +1.992969153e+00 -9.980070308e+02 -9.980070308e+02 +1.1713e+00 +6.6951e-01 +1.5001e+00 +3.4783e+00 +5.1443e-01
