% function evaluation | noise-free fitness - Fopt (6.870000000000e+00) | best noise-free fitness - Fopt | measured fitness | best measured fitness | x1 | x2...
1 +1.054960818e+01 +1.054960818e+01 +1.741960818e+01 +1.741960818e+01
16 +8.401548007e+00 +8.401548007e+00 +1.527154801e+01 +1.527154801e+01
17 +7.703487582e+00 +7.703487582e+00 +1.457348758e+01 +1.457348758e+01
739 +6.684274746e+00 +6.684274746e+00 +1.355427475e+01 +1.355427475e+01
10534 +5.519426699e+00 +5.519426699e+00 +1.238942670e+01 +1.238942670e+01
42126 +5.166412370e+00 +5.166412370e+00 +1.203641237e+01 +1.203641237e+01
50079 +4.070854900e+00 +4.070854900e+00 +1.094085490e+01 +1.094085490e+01
88932 +3.721815776e+00 +3.721815776e+00 +1.059181578e+01 +1.059181578e+01
191555 +3.354227262e+00 +3.354227262e+00 +1.022422726e+01 +1.022422726e+01
% function evaluation | noise-free fitness - Fopt (1.000000000000e-02) | best noise-free fitness - Fopt | measured fitness | best measured fitness | x1 | x2...
1 +1.185308916e+01 +1.185308916e+01 +1.186308916e+01 +1.186308916e+01
3 +1.168895731e+01 +1.168895731e+01 +1.169895731e+01 +1.169895731e+01
5 +6.750708728e+00 +6.750708728e+00 +6.760708728e+00 +6.760708728e+00
8684 +6.411785766e+00 +6.411785766e+00 +6.421785766e+00 +6.421785766e+00
20266 +6.205303192e+00 +6.205303192e+00 +6.215303192e+00 +6.215303192e+00
26673 +6.109161158e+00 +6.109161158e+00 +6.119161158e+00 +6.119161158e+00
27973 +4.948271481e+00 +4.948271481e+00 +4.958271481e+00 +4.958271481e+00
46174 +4.666121248e+00 +4.666121248e+00 +4.676121248e+00 +4.676121248e+00
86780 +4.567679572e+00 +4.567679572e+00 +4.577679572e+00 +4.577679572e+00
245238 +4.276892898e+00 +4.276892898e+00 +4.286892898e+00 +4.286892898e+00
384478 +3.881290338e+00 +3.881290338e+00 +3.891290338e+00 +3.891290338e+00
% function evaluation | noise-free fitness - Fopt (-1.306100000000e+02) | best noise-free fitness - Fopt | measured fitness | best measured fitness | x1 | x2...
1 +1.451380668e+01 +1.451380668e+01 -1.160961933e+02 -1.160961933e+02
2 +1.059381183e+01 +1.059381183e+01 -1.200161882e+02 -1.200161882e+02
5 +9.069330285e+00 +9.069330285e+00 -1.215406697e+02 -1.215406697e+02
18 +8.278478504e+00 +8.278478504e+00 -1.223315215e+02 -1.223315215e+02
662 +5.259733011e+00 +5.259733011e+00 -1.253502670e+02 -1.253502670e+02
2337 +4.840420323e+00 +4.840420323e+00 -1.257695797e+02 -1.257695797e+02
40498 +4.464484572e+00 +4.464484572e+00 -1.261455154e+02 -1.261455154e+02
63905 +4.276405408e+00 +4.276405408e+00 -1.263335946e+02 -1.263335946e+02
74332 +4.048652731e+00 +4.048652731e+00 -1.265613473e+02 -1.265613473e+02
358048 +3.971143946e+00 +3.971143946e+00 -1.266388561e+02 -1.266388561e+02
% function evaluation | noise-free fitness - Fopt (-2.231200000000e+02) | best noise-free fitness - Fopt | measured fitness | best measured fitness | x1 | x2...
1 +1.305576870e+01 +1.305576870e+01 -2.100642313e+02 -2.100642313e+02
2 +1.209130790e+01 +1.209130790e+01 -2.110286921e+02 -2.110286921e+02
17 +9.071167235e+00 +9.071167235e+00 -2.140488328e+02 -2.140488328e+02
79 +8.740456272e+00 +8.740456272e+00 -2.143795437e+02 -2.143795437e+02
748 +7.633231099e+00 +7.633231099e+00 -2.154867689e+02 -2.154867689e+02
4334 +6.567933653e+00 +6.567933653e+00 -2.165520663e+02 -2.165520663e+02
16199 +5.704301518e+00 +5.704301518e+00 -2.174156985e+02 -2.174156985e+02
24152 +4.905169046e+00 +4.905169046e+00 -2.182148310e+02 -2.182148310e+02
60910 +4.413218143e+00 +4.413218143e+00 -2.187067819e+02 -2.187067819e+02
160017 +2.986231305e+00 +2.986231305e+00 -2.201337687e+02 -2.201337687e+02
% function evaluation | noise-free fitness - Fopt (-4.443000000000e+01) | best noise-free fitness - Fopt | measured fitness | best measured fitness | x1 | x2...
1 +1.214614794e+01 +1.214614794e+01 -3.228385206e+01 -3.228385206e+01
6 +9.442294064e+00 +9.442294064e+00 -3.498770594e+01 -3.498770594e+01
12 +7.731212025e+00 +7.731212025e+00 -3.669878798e+01 -3.669878798e+01
45 +7.386574046e+00 +7.386574046e+00 -3.704342595e+01 -3.704342595e+01
9815 +6.858602080e+00 +6.858602080e+00 -3.757139792e+01 -3.757139792e+01
12026 +6.515967923e+00 +6.515967923e+00 -3.791403208e+01 -3.791403208e+01
13515 +6.419052692e+00 +6.419052692e+00 -3.801094731e+01 -3.801094731e+01
19161 +5.973656204e+00 +5.973656204e+00 -3.845634380e+01 -3.845634380e+01
20637 +5.848632184e+00 +5.848632184e+00 -3.858136782e+01 -3.858136782e+01
42441 +5.652851312e+00 +5.652851312e+00 -3.877714869e+01 -3.877714869e+01
44209 +4.883064156e+00 +4.883064156e+00 -3.954693584e+01 -3.954693584e+01
65529 +4.779615818e+00 +4.779615818e+00 -3.965038418e+01 -3.965038418e+01
71450 +3.844337508e+00 +3.844337508e+00 -4.058566249e+01 -4.058566249e+01
118605 +3.581203355e+00 +3.581203355e+00 -4.084879665e+01 -4.084879665e+01
% function evaluation | noise-free fitness - Fopt (-3.845400000000e+02) | best noise-free fitness - Fopt | measured fitness | best measured fitness | x1 | x2...
1 +1.669869368e+01 +1.669869368e+01 -3.678413063e+02 -3.678413063e+02
5 +1.383821977e+01 +1.383821977e+01 -3.707017802e+02 -3.707017802e+02
6 +1.376529599e+01 +1.376529599e+01 -3.707747040e+02 -3.707747040e+02
7 +7.147175277e+00 +7.147175277e+00 -3.773928247e+02 -3.773928247e+02
18 +6.907816566e+00 +6.907816566e+00 -3.776321834e+02 -3.776321834e+02
25 +6.148754719e+00 +6.148754719e+00 -3.783912453e+02 -3.783912453e+02
10352 +5.866420814e+00 +5.866420814e+00 -3.786735792e+02 -3.786735792e+02
15021 +5.576841669e+00 +5.576841669e+00 -3.789631583e+02 -3.789631583e+02
29283 +4.245949801e+00 +4.245949801e+00 -3.802940502e+02 -3.802940502e+02
293977 +4.137089274e+00 +4.137089274e+00 -3.804029107e+02 -3.804029107e+02
% function evaluation | noise-free fitness - Fopt (-6.071200000000e+02) | best noise-free fitness - Fopt | measured fitness | best measured fitness | x1 | x2...
1 +1.755210557e+01 +1.755210557e+01 -5.895678944e+02 -5.895678944e+02
8 +1.698999711e+01 +1.698999711e+01 -5.901300029e+02 -5.901300029e+02
11 +1.130827824e+01 +1.130827824e+01 -5.958117218e+02 -5.958117218e+02
15 +9.601458537e+00 +9.601458537e+00 -5.975185415e+02 -5.975185415e+02
46 +9.334049130e+00 +9.334049130e+00 -5.977859509e+02 -5.977859509e+02
64 +7.495777749e+00 +7.495777749e+00 -5.996242223e+02 -5.996242223e+02
2041 +7.046380770e+00 +7.046380770e+00 -6.000736192e+02 -6.000736192e+02
14332 +5.706302819e+00 +5.706302819e+00 -6.014136972e+02 -6.014136972e+02
28567 +4.604135333e+00 +4.604135333e+00 -6.025158647e+02 -6.025158647e+02
56046 +3.791767734e+00 +3.791767734e+00 -6.033282323e+02 -6.033282323e+02
244957 +3.073839490e+00 +3.073839490e+00 -6.040461605e+02 -6.040461605e+02
% function evaluation | noise-free fitness - Fopt (-2.955000000000e+01) | best noise-free fitness - Fopt | measured fitness | best measured fitness | x1 | x2...
1 +1.199245673e+01 +1.199245673e+01 -1.755754327e+01 -1.755754327e+01
12 +9.977875325e+00 +9.977875325e+00 -1.957212467e+01 -1.957212467e+01
19 +9.212344942e+00 +9.212344942e+00 -2.033765506e+01 -2.033765506e+01
852 +7.769224511e+00 +7.769224511e+00 -2.178077549e+01 -2.178077549e+01
3617 +7.475928393e+00 +7.475928393e+00 -2.207407161e+01 -2.207407161e+01
6791 +7.190981534e+00 +7.190981534e+00 -2.235901847e+01 -2.235901847e+01
8300 +6.376631929e+00 +6.376631929e+00 -2.317336807e+01 -2.317336807e+01
13756 +5.823154772e+00 +5.823154772e+00 -2.372684523e+01 -2.372684523e+01
17548 +5.583401227e+00 +5.583401227e+00 -2.396659877e+01 -2.396659877e+01
24603 +5.284387742e+00 +5.284387742e+00 -2.426561226e+01 -2.426561226e+01
26690 +5.109825024e+00 +5.109825024e+00 -2.444017498e+01 -2.444017498e+01
58177 +4.817404091e+00 +4.817404091e+00 -2.473259591e+01 -2.473259591e+01
84393 +4.342806621e+00 +4.342806621e+00 -2.520719338e+01 -2.520719338e+01
130634 +4.216409592e+00 +4.216409592e+00 -2.533359041e+01 -2.533359041e+01
141944 +3.385769835e+00 +3.385769835e+00 -2.616423017e+01 -2.616423017e+01
% function evaluation | noise-free fitness - Fopt (1.000000000000e+03) | best noise-free fitness - Fopt | measured fitness | best measured fitness | x1 | x2...
1 +1.500843381e+01 +1.500843381e+01 +1.015008434e+03 +1.015008434e+03
4 +1.392046499e+01 +1.392046499e+01 +1.013920465e+03 +1.013920465e+03
5 +1.316231143e+01 +1.316231143e+01 +1.013162311e+03 +1.013162311e+03
12 +9.768616009e+00 +9.768616009e+00 +1.009768616e+03 +1.009768616e+03
18 +6.749593226e+00 +6.749593226e+00 +1.006749593e+03 +1.006749593e+03
40 +6.539161699e+00 +6.539161699e+00 +1.006539162e+03 +1.006539162e+03
9307 +6.136666414e+00 +6.136666414e+00 +1.006136666e+03 +1.006136666e+03
14296 +5.852624887e+00 +5.852624887e+00 +1.005852625e+03 +1.005852625e+03
21872 +5.148809483e+00 +5.148809483e+00 +1.005148809e+03 +1.005148809e+03
35918 +4.079034646e+00 +4.079034646e+00 +1.004079035e+03 +1.004079035e+03
55314 +4.055297782e+00 +4.055297782e+00 +1.004055298e+03 +1.004055298e+03
379173 +3.811537079e+00 +3.811537079e+00 +1.003811537e+03 +1.003811537e+03
% function evaluation | noise-free fitness - Fopt (-4.456000000000e+01) | best noise-free fitness - Fopt | measured fitness | best measured fitness | x1 | x2...
1 +9.898852845e+00 +9.898852845e+00 -3.466114716e+01 -3.466114716e+01
5 +9.247421572e+00 +9.247421572e+00 -3.531257843e+01 -3.531257843e+01
14 +6.876676612e+00 +6.876676612e+00 -3.768332339e+01 -3.768332339e+01
4357 +5.773711719e+00 +5.773711719e+00 -3.878628828e+01 -3.878628828e+01
8618 +5.719111346e+00 +5.719111346e+00 -3.884088865e+01 -3.884088865e+01
13014 +5.509182415e+00 +5.509182415e+00 -3.905081758e+01 -3.905081758e+01
67449 +5.388805423e+00 +5.388805423e+00 -3.917119458e+01 -3.917119458e+01
75859 +5.282396080e+00 +5.282396080e+00 -3.927760392e+01 -3.927760392e+01
81876 +4.568338455e+00 +4.568338455e+00 -3.999166155e+01 -3.999166155e+01
158428 +4.327433506e+00 +4.327433506e+00 -4.023256649e+01 -4.023256649e+01
173936 +4.242436477e+00 +4.242436477e+00 -4.031756352e+01 -4.031756352e+01
361580 +3.409880044e+00 +3.409880044e+00 -4.115011996e+01 -4.115011996e+01
% function evaluation | noise-free fitness - Fopt (6.442000000000e+01) | best noise-free fitness - Fopt | measured fitness | best measured fitness | x1 | x2...
1 +1.031158799e+01 +1.031158799e+01 +7.473158799e+01 +7.473158799e+01
19 +7.597006159e+00 +7.597006159e+00 +7.201700616e+01 +7.201700616e+01
3909 +7.140601583e+00 +7.140601583e+00 +7.156060158e+01 +7.156060158e+01
4252 +7.027158359e+00 +7.027158359e+00 +7.144715836e+01 +7.144715836e+01
7749 +6.066646671e+00 +6.066646671e+00 +7.048664667e+01 +7.048664667e+01
11545 +5.731536160e+00 +5.731536160e+00 +7.015153616e+01 +7.015153616e+01
14147 +5.288198813e+00 +5.288198813e+00 +6.970819881e+01 +6.970819881e+01
42559 +5.011610057e+00 +5.011610057e+00 +6.943161006e+01 +6.943161006e+01
43848 +4.642489729e+00 +4.642489729e+00 +6.906248973e+01 +6.906248973e+01
71384 +3.831427709e+00 +3.831427709e+00 +6.825142771e+01 +6.825142771e+01
315903 +3.556359191e+00 +3.556359191e+00 +6.797635919e+01 +6.797635919e+01
% function evaluation | noise-free fitness - Fopt (7.514000000000e+01) | best noise-free fitness - Fopt | measured fitness | best measured fitness | x1 | x2...
1 +9.039327850e+00 +9.039327850e+00 +8.417932785e+01 +8.417932785e+01
20 +4.935030213e+00 +4.935030213e+00 +8.007503021e+01 +8.007503021e+01
45253 +4.163620621e+00 +4.163620621e+00 +7.930362062e+01 +7.930362062e+01
126162 +3.461668984e+00 +3.461668984e+00 +7.860166898e+01 +7.860166898e+01
% function evaluation | noise-free fitness - Fopt (1.042500000000e+02) | best noise-free fitness - Fopt | measured fitness | best measured fitness | x1 | x2...
1 +9.649598314e+00 +9.649598314e+00 +1.138995983e+02 +1.138995983e+02
13 +8.744717493e+00 +8.744717493e+00 +1.129947175e+02 +1.129947175e+02
69 +6.151000984e+00 +6.151000984e+00 +1.104010010e+02 +1.104010010e+02
3670 +5.403668314e+00 +5.403668314e+00 +1.096536683e+02 +1.096536683e+02
16275 +5.284704367e+00 +5.284704367e+00 +1.095347044e+02 +1.095347044e+02
47544 +4.595844848e+00 +4.595844848e+00 +1.088458448e+02 +1.088458448e+02
53251 +4.477808368e+00 +4.477808368e+00 +1.087278084e+02 +1.087278084e+02
59500 +4.063080545e+00 +4.063080545e+00 +1.083130805e+02 +1.083130805e+02
148705 +3.666476822e+00 +3.666476822e+00 +1.079164768e+02 +1.079164768e+02
% function evaluation | noise-free fitness - Fopt (-8.550000000000e+00) | best noise-free fitness - Fopt | measured fitness | best measured fitness | x1 | x2...
1 +1.240224746e+01 +1.240224746e+01 +3.852247456e+00 +3.852247456e+00
2 +1.203699150e+01 +1.203699150e+01 +3.486991500e+00 +3.486991500e+00
5 +9.432212526e+00 +9.432212526e+00 +8.822125256e-01 +8.822125256e-01
51 +8.214653778e+00 +8.214653778e+00 -3.353462216e-01 -3.353462216e-01
3675 +7.452060312e+00 +7.452060312e+00 -1.097939688e+00 -1.097939688e+00
4445 +7.232759780e+00 +7.232759780e+00 -1.317240220e+00 -1.317240220e+00
4889 +5.699565541e+00 +5.699565541e+00 -2.850434459e+00 -2.850434459e+00
17099 +5.392125368e+00 +5.392125368e+00 -3.157874632e+00 -3.157874632e+00
17161 +4.307015281e+00 +4.307015281e+00 -4.242984719e+00 -4.242984719e+00
269537 +3.632163572e+00 +3.632163572e+00 -4.917836428e+00 -4.917836428e+00
% function evaluation | noise-free fitness - Fopt (-1.014500000000e+02) | best noise-free fitness - Fopt | measured fitness | best measured fitness | x1 | x2...
1 +1.042201165e+01 +1.042201165e+01 -9.102798835e+01 -9.102798835e+01
2 +7.656540326e+00 +7.656540326e+00 -9.379345967e+01 -9.379345967e+01
16 +7.432825450e+00 +7.432825450e+00 -9.401717455e+01 -9.401717455e+01
21 +6.567400392e+00 +6.567400392e+00 -9.488259961e+01 -9.488259961e+01
110 +6.397333136e+00 +6.397333136e+00 -9.505266686e+01 -9.505266686e+01
12161 +6.164712851e+00 +6.164712851e+00 -9.528528715e+01 -9.528528715e+01
17024 +5.408869704e+00 +5.408869704e+00 -9.604113030e+01 -9.604113030e+01
38679 +5.203049719e+00 +5.203049719e+00 -9.624695028e+01 -9.624695028e+01
86637 +3.787473696e+00 +3.787473696e+00 -9.766252630e+01 -9.766252630e+01
127082 +3.525574610e+00 +3.525574610e+00 -9.792442539e+01 -9.792442539e+01
