% function evaluation | noise-free fitness - Fopt (-1.000000000000e+03) | best noise-free fitness - Fopt | measured fitness | best measured fitness | x1 | x2...
1 +7.527861790e+01 +7.527861790e+01 -9.247213821e+02 -9.247213821e+02 +0.0000e+00 +0.0000e+00 +0.0000e+00 +0.0000e+00 +0.0000e+00 +0.0000e+00 +0.0000e+00 +0.0000e+00 +0.0000e+00 +0.0000e+00
6 +6.911650046e+01 +6.911650046e+01 -9.308834995e+02 -9.308834995e+02 +1.3227e+00 +1.2603e+00 -4.2909e-01 +1.6239e+00 +6.8514e-01 +5.5209e-02 -1.5437e+00 +9.1895e-01 +3.7861e-01 +2.2639e+00
11 +6.625576269e+01 +6.625576269e+01 -9.337442373e+02 -9.337442373e+02 +2.7094e+00 -2.5690e+00 -4.7387e-01 +1.7975e+00 -9.9730e-01 -5.0311e-01 -1.7252e-01 -6.5899e-02 +9.5506e-01 +2.2411e-01
18 +2.532780584e+01 +2.532780584e+01 -9.746721942e+02 -9.746721942e+02 +2.0996e+00 -2.5450e+00 -2.9547e-01 +2.7724e+00 -1.4164e+00 -1.6557e-01 -2.7918e-01 -1.3299e-01 +1.1229e+00 +9.3951e-01
138 +2.316313397e+01 +2.316313397e+01 -9.768368660e+02 -9.768368660e+02 +1.3164e+00 +8.1347e-01 +1.0612e+00 +2.5933e+00 +1.4282e+00 -3.6742e-03 +4.2316e-01 +4.5389e+00 +3.3032e+00 +1.4973e-01
140 +2.042479765e+01 +2.042479765e+01 -9.795752024e+02 -9.795752024e+02 +4.8639e-02 -5.7111e-02 +7.0010e-01 +2.8228e+00 +1.6389e+00 -9.6178e-01 +1.6791e-02 +3.6950e+00 +2.2509e+00 -1.0250e-02
176 +1.610120179e+01 +1.610120179e+01 -9.838987982e+02 -9.838987982e+02 +3.3329e-01 +1.7374e-01 -1.2124e-01 +2.9981e+00 +2.9163e+00 -1.3827e+00 +1.1325e+00 +4.9150e+00 +3.3725e+00 +1.0307e-01
260 +1.568060661e+01 +1.568060661e+01 -9.843193934e+02 -9.843193934e+02 +1.2151e+00 +1.7151e-01 +1.6018e+00 +2.3715e+00 +2.7491e+00 +6.1632e-01 +5.9878e-01 +1.7846e+00 +3.2678e+00 +8.6714e-01
263 +1.341278794e+01 +1.341278794e+01 -9.865872121e+02 -9.865872121e+02 +1.1903e+00 +1.4930e-01 +7.6615e-01 +2.5341e+00 +2.0585e+00 -5.9844e-01 +7.0947e-01 +2.1623e+00 +2.9066e+00 -1.2992e-01
279 +1.302533852e+01 +1.302533852e+01 -9.869746615e+02 -9.869746615e+02 +1.9123e+00 +1.5420e+00 +7.5673e-01 +3.7208e+00 +2.4230e+00 -1.3964e+00 +8.5651e-01 +2.0905e+00 +3.0444e+00 +1.8137e-01
330 +7.657395326e+00 +7.657395326e+00 -9.923426047e+02 -9.923426047e+02 +1.8327e+00 +2.3163e-01 -9.8413e-01 +3.8544e+00 +2.8092e+00 -1.0972e+00 +1.4786e-01 +2.9869e+00 +3.5223e+00 +1.0887e+00
337 +4.861765251e+00 +4.861765251e+00 -9.951382347e+02 -9.951382347e+02 +1.5197e+00 -2.9208e-01 -3.4823e-01 +4.0015e+00 +3.7254e+00 -1.1540e+00 +1.0433e+00 +3.5069e+00 +3.5419e+00 +7.6228e-01
338 +3.088020167e+00 +3.088020167e+00 -9.969119798e+02 -9.969119798e+02 +1.1676e+00 +1.0321e-01 +5.6330e-01 +3.1921e+00 +3.6664e+00 -1.6862e+00 +1.0651e+00 +3.1178e+00 +3.4235e+00 +1.7046e+00
583 +2.932127670e+00 +2.932127670e+00 -9.970678723e+02 -9.970678723e+02 +1.5799e+00 +1.2318e-01 +4.2615e-01 +3.5373e+00 +3.9851e+00 -9.5936e-01 +9.4880e-01 +3.0231e+00 +4.0566e+00 +1.8776e+00
1217 +2.506758522e+00 +2.506758522e+00 -9.974932415e+02 -9.974932415e+02 +6.6514e-01 +5.7323e-01 -4.6663e-01 +3.2811e+00 +3.7675e+00 -9.8002e-01 +8.5518e-01 +2.4858e+00 +3.4417e+00 +8.0112e-01
1418 +2.055683755e+00 +2.055683755e+00 -9.979443162e+02 -9.979443162e+02 +1.2873e+00 +7.3838e-01 -1.1876e-02 +3.6387e+00 +3.6540e+00 -1.1508e+00 +9.2978e-01 +2.7220e+00 +3.8446e+00 +1.4031e+00
2273 +2.004056589e+00 +2.004056589e+00 -9.979959434e+02 -9.979959434e+02 +1.3805e+00 +2.0424e-01 +4.0885e-02 +3.5593e+00 +3.8072e+00 -1.1814e+00 +1.1076e+00 +2.4266e+00 +3.5927e+00 +1.3030e+00
2647 +1.980504463e+00 +1.980504463e+00 -9.980194955e+02 -9.980194955e+02 +1.0985e+00 +3.7730e-01 +1.8355e-01 +3.4448e+00 +3.7213e+00 -1.2049e+00 +1.0413e+00 +2.7108e+00 +3.8936e+00 +1.0756e+00
% function evaluation | noise-free fitness - Fopt (1.000000000000e+03) | best noise-free fitness - Fopt | measured fitness | best measured fitness | x1 | x2...
1 +8.066044435e+01 +8.066044435e+01 +1.080660444e+03 +1.080660444e+03 +0.0000e+00 +0.0000e+00 +0.0000e+00 +0.0000e+00 +0.0000e+00 +0.0000e+00 +0.0000e+00 +0.0000e+00 +0.0000e+00 +0.0000e+00
3 +7.589194384e+01 +7.589194384e+01 +1.075891944e+03 +1.075891944e+03 -1.5669e+00 -2.6488e+00 +1.6836e+00 +5.9317e-01 +1.0841e+00 +1.2616e+00 -5.3429e-01 +4.4416e-01 +1.1374e+00 -2.3991e+00
10 +7.492475456e+01 +7.492475456e+01 +1.074924755e+03 +1.074924755e+03 -7.6499e-01 -1.6168e-01 -4.7776e-01 -1.1325e+00 -2.5875e-01 -4.8029e-02 +3.5748e-02 -1.1597e+00 -1.0379e+00 +4.1502e-01
14 +6.723097142e+01 +6.723097142e+01 +1.067230971e+03 +1.067230971e+03 -2.5149e+00 -1.0719e+00 +6.1747e-01 -1.3376e+00 -1.8747e+00 -3.6968e-01 -9.5755e-03 +7.8247e-01 -6.6192e-01 +1.5553e+00
25 +6.482917246e+01 +6.482917246e+01 +1.064829172e+03 +1.064829172e+03 -1.3925e+00 +1.2988e+00 -8.0898e-01 -3.5612e+00 -2.0164e+00 -1.6955e+00 -3.3222e-01 +5.0593e-01 -1.0575e+00 +2.1101e+00
27 +5.610004552e+01 +5.610004552e+01 +1.056100046e+03 +1.056100046e+03 -2.0678e+00 +8.6079e-02 -3.6811e-01 -3.1689e+00 -1.7385e+00 +6.3068e-01 -7.4831e-02 +2.7361e-01 -1.9165e+00 +2.5283e+00
52 +5.001756304e+01 +5.001756304e+01 +1.050017563e+03 +1.050017563e+03 -2.8594e+00 +7.7835e-01 +4.2178e-01 -2.2468e+00 -2.7104e+00 -5.1419e-02 -4.0851e-01 -1.2120e+00 -3.8639e-01 +3.3213e+00
68 +4.522755804e+01 +4.522755804e+01 +1.045227558e+03 +1.045227558e+03 -1.0547e+00 +1.0569e+00 +1.0350e+00 -3.2380e+00 -3.3512e+00 -1.8340e-01 -5.0929e-01 -7.4897e-01 -2.2367e-02 +4.1272e+00
89 +4.338810733e+01 +4.338810733e+01 +1.043388107e+03 +1.043388107e+03 -1.4404e+00 +2.1455e+00 +8.7071e-01 -2.6236e+00 -4.1655e+00 +1.7532e+00 -6.6845e-02 +1.3344e-01 +4.0826e-01 +4.1456e+00
115 +3.789754251e+01 +3.789754251e+01 +1.037897543e+03 +1.037897543e+03 -1.6262e+00 +2.9114e+00 +2.8666e+00 -1.0665e+00 -2.9642e+00 +1.8195e+00 +9.3371e-02 -7.0871e-01 +1.2561e-01 +3.5180e+00
117 +3.166242990e+01 +3.166242990e+01 +1.031662430e+03 +1.031662430e+03 -2.8395e+00 +1.3329e+00 +2.2568e+00 -2.2585e+00 -4.1822e+00 +9.4886e-01 -2.4370e-01 -3.4021e-01 +6.7733e-01 +4.0963e+00
123 +1.815490427e+01 +1.815490427e+01 +1.018154904e+03 +1.018154904e+03 -2.6570e+00 +2.2835e+00 +3.1197e+00 -1.6541e+00 -3.6078e+00 +8.3056e-01 -2.4979e+00 -8.5349e-01 +2.5537e-01 +2.9044e+00
1486 +1.772397637e+01 +1.772397637e+01 +1.017723976e+03 +1.017723976e+03 -1.6355e+00 +2.3444e+00 +2.6317e+00 -1.5267e+00 -4.5671e+00 +1.7525e-01 -1.4832e+00 -4.0566e-01 +5.9751e-01 +2.8351e+00
1501 +1.661048623e+01 +1.661048623e+01 +1.016610486e+03 +1.016610486e+03 -1.9131e+00 +2.3936e+00 +3.4293e+00 -1.3380e+00 -4.2756e+00 +7.0948e-01 -1.7554e+00 -4.1589e-01 +5.0928e-01 +2.5080e+00
1719 +1.597937960e+01 +1.597937960e+01 +1.015979380e+03 +1.015979380e+03 -1.9219e+00 +2.1382e+00 +3.1790e+00 -1.3586e+00 -4.8676e+00 +1.1084e+00 -2.0459e+00 -4.7067e-02 +4.7527e-01 +2.6302e+00
2393 +1.579708523e+01 +1.579708523e+01 +1.015797085e+03 +1.015797085e+03 -2.0016e+00 +2.0360e+00 +3.0637e+00 -1.3705e+00 -5.4993e+00 +9.4874e-01 -1.8933e+00 -7.5890e-01 +7.4454e-01 +2.4886e+00
2538 +1.537157806e+01 +1.537157806e+01 +1.015371578e+03 +1.015371578e+03 -2.3045e+00 +1.7806e+00 +3.0214e+00 -1.0364e+00 -4.9334e+00 +6.0570e-01 -2.0335e+00 -6.3054e-01 +6.3701e-01 +2.9460e+00
3149 +1.475373375e+01 +1.475373375e+01 +1.014753734e+03 +1.014753734e+03 -2.1460e+00 +2.2382e+00 +2.9957e+00 -1.3141e+00 -4.9073e+00 +7.5573e-01 -2.1507e+00 -4.9475e-01 +5.9161e-01 +2.5515e+00
% function evaluation | noise-free fitness - Fopt (-4.913000000000e+01) | best noise-free fitness - Fopt | measured fitness | best measured fitness | x1 | x2...
1 +8.394616385e+01 +8.394616385e+01 +3.481616385e+01 +3.481616385e+01 +0.0000e+00 +0.0000e+00 +0.0000e+00 +0.0000e+00 +0.0000e+00 +0.0000e+00 +0.0000e+00 +0.0000e+00 +0.0000e+00 +0.0000e+00
6 +8.113472213e+01 +8.113472213e+01 +3.200472213e+01 +3.200472213e+01 -1.3307e+00 -2.0365e+00 -8.1706e-01 -4.6898e-01 +2.3283e+00 +1.1442e+00 -5.4055e-01 +4.0721e-01 -4.3074e-02 +2.5922e+00
8 +7.907905750e+01 +7.907905750e+01 +2.994905750e+01 +2.994905750e+01 -2.0787e+00 -9.4890e-02 -3.0035e-02 +1.9241e+00 -3.9830e-01 +5.3473e-01 -1.7963e-01 -4.1032e+00 +9.4868e-02 -4.4999e-01
11 +7.332281539e+01 +7.332281539e+01 +2.419281539e+01 +2.419281539e+01 +1.1739e+00 -1.5709e+00 +1.1893e-01 +8.2808e-01 -4.2770e-01 +1.1186e+00 +5.8434e-02 +6.9058e-01 -1.5823e+00 +5.5045e-01
13 +3.963047434e+01 +3.963047434e+01 -9.499525656e+00 -9.499525656e+00 +1.7810e+00 -1.3984e+00 +3.6245e-01 +2.3411e+00 -1.3572e+00 +2.6408e-01 -1.0045e-01 +4.9517e-01 -3.8667e-01 +1.1130e+00
64 +2.311151915e+01 +2.311151915e+01 -2.601848085e+01 -2.601848085e+01 +9.8013e-01 -1.6831e+00 +1.6557e+00 +3.8660e+00 -1.0309e+00 +3.2810e-01 +3.8331e-01 -1.2791e+00 -1.8890e-01 +3.7116e+00
142 +1.545151037e+01 +1.545151037e+01 -3.367848963e+01 -3.367848963e+01 +2.6703e+00 -1.2733e+00 +1.5656e+00 -3.5634e-02 -9.0848e-01 +1.8339e+00 -1.7980e+00 -1.5824e+00 +1.2839e+00 +1.7499e-02
887 +1.402505311e+01 +1.402505311e+01 -3.510494689e+01 -3.510494689e+01 +2.2138e+00 -3.3477e-01 +1.9461e+00 +1.7475e+00 -4.2017e-03 +1.1497e+00 +1.5622e+00 +5.5139e-01 +9.2044e-01 +3.4583e-01
902 +9.864085123e+00 +9.864085123e+00 -3.926591488e+01 -3.926591488e+01 +2.4888e+00 +7.2215e-01 +2.0865e+00 +2.6964e+00 -2.2213e-01 +1.0277e+00 +1.2755e+00 +5.3054e-01 +1.1796e+00 +1.5163e+00
1211 +6.948685378e+00 +6.948685378e+00 -4.218131462e+01 -4.218131462e+01 +2.5189e+00 +7.1005e-01 +1.4772e+00 +7.4863e-01 +4.4583e-01 +3.0485e+00 -9.0225e-01 -1.5914e-01 +9.4245e-01 -1.1721e+00
1373 +3.917992340e+00 +3.917992340e+00 -4.521200766e+01 -4.521200766e+01 +2.2053e+00 +2.3045e+00 +1.8654e+00 +1.3412e+00 +1.9200e+00 +3.9012e+00 -1.6812e+00 +2.2722e+00 +1.4632e+00 -2.2359e+00
1506 +2.485837125e+00 +2.485837125e+00 -4.664416287e+01 -4.664416287e+01 +3.8568e+00 +3.9957e+00 +2.8775e+00 +4.1080e-01 +1.1430e+00 +3.7908e+00 -8.8209e-01 +3.1407e+00 +2.5756e+00 -2.7510e+00
1581 +1.974535119e+00 +1.974535119e+00 -4.715546488e+01 -4.715546488e+01 +3.9374e+00 +3.9982e+00 +2.6168e+00 -3.2568e-01 +6.0078e-01 +3.7482e+00 -2.3531e+00 +3.5335e+00 +2.3874e+00 -3.1475e+00
1661 +1.880900052e+00 +1.880900052e+00 -4.724909995e+01 -4.724909995e+01 +4.1485e+00 +3.3366e+00 +2.7929e+00 +3.2971e-01 +5.2439e-01 +3.0354e+00 -1.1468e+00 +2.8973e+00 +2.2039e+00 -2.8000e+00
1796 +5.071745563e-01 +5.071745563e-01 -4.862282544e+01 -4.862282544e+01 +4.1838e+00 +2.5907e+00 +3.3374e+00 +1.5923e-01 +4.0520e-01 +2.4361e+00 -5.7757e-01 +2.1888e+00 +2.4937e+00 -1.5941e+00
2203 +1.910395104e-01 +1.910395104e-01 -4.893896049e+01 -4.893896049e+01 +4.7677e+00 +2.5257e+00 +2.3882e+00 -2.9128e-01 -4.8483e-01 +2.4029e+00 -9.5424e-01 +2.1481e+00 +2.1615e+00 -2.0458e+00
2540 +1.144363479e-01 +1.144363479e-01 -4.901556365e+01 -4.901556365e+01 +4.8236e+00 +1.6914e+00 +2.4094e+00 -1.0515e+00 -1.5363e-03 +2.0183e+00 +3.2578e-01 +2.0593e+00 +2.8325e+00 -2.7011e+00
3462 +5.744897946e-02 +5.744897946e-02 -4.907255102e+01 -4.907255102e+01 +3.7469e+00 +2.7902e+00 +2.8988e+00 +3.0932e-01 +1.1047e+00 +2.7038e+00 +2.5463e-01 +2.8550e+00 +2.6009e+00 -2.1637e+00
4034 +5.529637874e-02 +5.529637874e-02 -4.907470362e+01 -4.907470362e+01 +3.2325e+00 +2.9486e+00 +3.4937e+00 +5.9861e-01 +1.7512e+00 +2.1494e+00 +1.5587e+00 +4.3456e+00 +3.3267e+00 -2.0254e+00
4158 +1.499727394e-02 +1.499727394e-02 -4.911500273e+01 -4.911500273e+01 +3.3732e+00 +2.8206e+00 +3.5290e+00 +2.1909e-01 +1.5968e+00 +1.9833e+00 +2.1496e+00 +3.7304e+00 +3.6036e+00 -2.0201e+00
4281 +1.057992599e-02 +1.057992599e-02 -4.911942007e+01 -4.911942007e+01 +3.3480e+00 +2.7003e+00 +3.6093e+00 +2.1399e-01 +1.7100e+00 +2.1206e+00 +2.0295e+00 +3.6316e+00 +3.5654e+00 -2.0571e+00
4328 +8.780754925e-03 +8.780754925e-03 -4.912121925e+01 -4.912121925e+01 +3.3849e+00 +2.8039e+00 +3.5852e+00 +1.8069e-01 +1.5241e+00 +2.1452e+00 +1.5978e+00 +3.6786e+00 +3.6105e+00 -2.1003e+00
4341 +4.229937059e-03 +4.229937059e-03 -4.912577006e+01 -4.912577006e+01 +3.4297e+00 +2.6723e+00 +3.5908e+00 +1.4861e-01 +1.6183e+00 +2.1642e+00 +1.7001e+00 +3.4289e+00 +3.5524e+00 -2.0642e+00
5222 +3.668600468e-03 +3.668600468e-03 -4.912633140e+01 -4.912633140e+01 +3.4288e+00 +2.9821e+00 +3.7806e+00 +4.5515e-01 +1.2885e+00 +1.9085e+00 +1.7775e+00 +3.7196e+00 +3.4316e+00 -1.5002e+00
5351 +3.351609778e-03 +3.351609778e-03 -4.912664839e+01 -4.912664839e+01 +3.3194e+00 +2.9287e+00 +3.7712e+00 +4.1399e-01 +1.3654e+00 +1.9417e+00 +1.8047e+00 +3.6379e+00 +3.5391e+00 -1.6489e+00
5388 +3.282032576e-03 +3.282032576e-03 -4.912671797e+01 -4.912671797e+01 +3.2808e+00 +2.9727e+00 +3.8433e+00 +5.2726e-01 +1.3564e+00 +1.9242e+00 +1.6259e+00 +3.6566e+00 +3.4086e+00 -1.4764e+00
5502 +3.125139265e-03 +3.125139265e-03 -4.912687486e+01 -4.912687486e+01 +3.1910e+00 +2.8948e+00 +3.7658e+00 +5.2257e-01 +1.2960e+00 +1.9343e+00 +1.5403e+00 +3.5777e+00 +3.3893e+00 -1.4285e+00
5603 +1.589420766e-03 +1.589420766e-03 -4.912841058e+01 -4.912841058e+01 +3.2768e+00 +3.0281e+00 +3.7874e+00 +5.5980e-01 +1.3966e+00 +1.9900e+00 +1.5386e+00 +3.8411e+00 +3.3827e+00 -1.6032e+00
6247 +9.059526179e-04 +9.059526179e-04 -4.912909405e+01 -4.912909405e+01 +3.2851e+00 +2.6768e+00 +3.5270e+00 +4.8721e-01 +1.3142e+00 +1.9585e+00 +1.5602e+00 +3.4970e+00 +3.2561e+00 -1.6677e+00
6257 +8.771538783e-04 +8.771538783e-04 -4.912912285e+01 -4.912912285e+01 +3.2678e+00 +2.7117e+00 +3.6119e+00 +4.4895e-01 +1.3193e+00 +1.9293e+00 +1.6344e+00 +3.4698e+00 +3.3283e+00 -1.5935e+00
6309 +8.515244782e-04 +8.515244782e-04 -4.912914848e+01 -4.912914848e+01 +3.2997e+00 +2.7287e+00 +3.5865e+00 +4.7194e-01 +1.2418e+00 +1.9629e+00 +1.4476e+00 +3.3992e+00 +3.2960e+00 -1.5655e+00
6321 +5.995676652e-04 +5.995676652e-04 -4.912940043e+01 -4.912940043e+01 +3.3288e+00 +2.7078e+00 +3.5582e+00 +4.4432e-01 +1.1986e+00 +1.9907e+00 +1.2948e+00 +3.3996e+00 +3.2524e+00 -1.5917e+00
6360 +5.140212929e-04 +5.140212929e-04 -4.912948598e+01 -4.912948598e+01 +3.3696e+00 +2.6944e+00 +3.5710e+00 +3.5595e-01 +1.3171e+00 +1.9541e+00 +1.6521e+00 +3.4298e+00 +3.3547e+00 -1.6960e+00
7684 +4.360335428e-04 +4.360335428e-04 -4.912956397e+01 -4.912956397e+01 +3.2570e+00 +2.7977e+00 +3.5932e+00 +5.0254e-01 +1.2811e+00 +2.0059e+00 +1.4602e+00 +3.4675e+00 +3.2588e+00 -1.5435e+00
7710 +3.739838414e-04 +3.739838414e-04 -4.912962602e+01 -4.912962602e+01 +3.2318e+00 +2.7519e+00 +3.5688e+00 +4.9791e-01 +1.2810e+00 +2.0399e+00 +1.3263e+00 +3.4234e+00 +3.2302e+00 -1.5745e+00
7762 +3.614326780e-04 +3.614326780e-04 -4.912963857e+01 -4.912963857e+01 +3.2837e+00 +2.7448e+00 +3.5412e+00 +4.9482e-01 +1.2913e+00 +2.0258e+00 +1.3865e+00 +3.4142e+00 +3.2366e+00 -1.6057e+00
7780 +2.974922695e-04 +2.974922695e-04 -4.912970251e+01 -4.912970251e+01 +3.2997e+00 +2.7494e+00 +3.5261e+00 +4.7494e-01 +1.2959e+00 +2.0329e+00 +1.4349e+00 +3.4064e+00 +3.2419e+00 -1.6327e+00
7976 +2.523725403e-04 +2.523725403e-04 -4.912974763e+01 -4.912974763e+01 +3.3176e+00 +2.7829e+00 +3.5406e+00 +4.3869e-01 +1.2474e+00 +2.0600e+00 +1.3400e+00 +3.3654e+00 +3.2363e+00 -1.5976e+00
8024 +2.432848018e-04 +2.432848018e-04 -4.912975672e+01 -4.912975672e+01 +3.3638e+00 +2.7862e+00 +3.5146e+00 +4.5532e-01 +1.2279e+00 +2.0541e+00 +1.2950e+00 +3.3693e+00 +3.1714e+00 -1.6302e+00
8027 +1.999089256e-04 +1.999089256e-04 -4.912980009e+01 -4.912980009e+01 +3.3242e+00 +2.7729e+00 +3.5070e+00 +4.8162e-01 +1.2007e+00 +2.0740e+00 +1.2592e+00 +3.3340e+00 +3.1685e+00 -1.5815e+00
8479 +1.800147254e-04 +1.800147254e-04 -4.912981999e+01 -4.912981999e+01 +3.3653e+00 +2.7172e+00 +3.4772e+00 +4.5164e-01 +1.1621e+00 +2.0388e+00 +1.2769e+00 +3.3050e+00 +3.1727e+00 -1.5845e+00
8549 +1.764451103e-04 +1.764451103e-04 -4.912982355e+01 -4.912982355e+01 +3.3662e+00 +2.7139e+00 +3.4783e+00 +4.2497e-01 +1.1612e+00 +2.0215e+00 +1.3031e+00 +3.3214e+00 +3.1817e+00 -1.6212e+00
8568 +1.478329280e-04 +1.478329280e-04 -4.912985217e+01 -4.912985217e+01 +3.3957e+00 +2.7168e+00 +3.4763e+00 +3.9978e-01 +1.1633e+00 +2.0212e+00 +1.3049e+00 +3.3280e+00 +3.1925e+00 -1.6461e+00
8572 +1.179524043e-04 +1.179524043e-04 -4.912988205e+01 -4.912988205e+01 +3.4249e+00 +2.6878e+00 +3.4744e+00 +3.9597e-01 +1.1611e+00 +2.0211e+00 +1.3128e+00 +3.3291e+00 +3.1991e+00 -1.6617e+00
8593 +9.970952538e-05 +9.970952538e-05 -4.912990029e+01 -4.912990029e+01 +3.4317e+00 +2.6986e+00 +3.4773e+00 +3.3167e-01 +1.1436e+00 +2.0317e+00 +1.2992e+00 +3.3370e+00 +3.2123e+00 -1.6809e+00
8615 +8.669466617e-05 +8.669466617e-05 -4.912991331e+01 -4.912991331e+01 +3.4539e+00 +2.6841e+00 +3.4700e+00 +3.4172e-01 +1.1293e+00 +2.0408e+00 +1.2725e+00 +3.3067e+00 +3.2079e+00 -1.6890e+00
8626 +6.066876831e-05 +6.066876831e-05 -4.912993933e+01 -4.912993933e+01 +3.4684e+00 +2.7091e+00 +3.4707e+00 +3.3104e-01 +1.1634e+00 +2.0574e+00 +1.2893e+00 +3.3184e+00 +3.2095e+00 -1.7113e+00
9097 +3.944074954e-05 +3.944074954e-05 -4.912996056e+01 -4.912996056e+01 +3.4780e+00 +2.7378e+00 +3.4641e+00 +3.0474e-01 +1.1534e+00 +2.0713e+00 +1.2776e+00 +3.3180e+00 +3.2202e+00 -1.7590e+00
9251 +3.271723678e-05 +3.271723678e-05 -4.912996728e+01 -4.912996728e+01 +3.5003e+00 +2.7326e+00 +3.4573e+00 +2.7478e-01 +1.1283e+00 +2.0697e+00 +1.2235e+00 +3.3191e+00 +3.2370e+00 -1.7622e+00
9274 +2.947743278e-05 +2.947743278e-05 -4.912997052e+01 -4.912997052e+01 +3.4940e+00 +2.6943e+00 +3.4428e+00 +2.7431e-01 +1.1363e+00 +2.0686e+00 +1.2416e+00 +3.2996e+00 +3.2311e+00 -1.7645e+00
9316 +1.934495378e-05 +1.934495378e-05 -4.912998066e+01 -4.912998066e+01 +3.5305e+00 +2.6804e+00 +3.4309e+00 +2.3110e-01 +1.1188e+00 +2.0642e+00 +1.2647e+00 +3.2845e+00 +3.2452e+00 -1.8052e+00
9811 +1.707520507e-05 +1.707520507e-05 -4.912998292e+01 -4.912998292e+01 +3.5592e+00 +2.6466e+00 +3.3768e+00 +2.2503e-01 +1.0533e+00 +2.0515e+00 +1.2654e+00 +3.2284e+00 +3.2029e+00 -1.7865e+00
9845 +1.660103326e-05 +1.660103326e-05 -4.912998340e+01 -4.912998340e+01 +3.5524e+00 +2.6705e+00 +3.4049e+00 +2.2811e-01 +1.0736e+00 +2.0594e+00 +1.2178e+00 +3.2424e+00 +3.2092e+00 -1.7856e+00
9867 +1.394079598e-05 +1.394079598e-05 -4.912998606e+01 -4.912998606e+01 +3.5536e+00 +2.6869e+00 +3.4000e+00 +2.3851e-01 +1.0944e+00 +2.0722e+00 +1.2456e+00 +3.2474e+00 +3.2085e+00 -1.7941e+00
9926 +1.372153727e-05 +1.372153727e-05 -4.912998628e+01 -4.912998628e+01 +3.5567e+00 +2.6802e+00 +3.3759e+00 +2.1357e-01 +1.0663e+00 +2.0679e+00 +1.2414e+00 +3.2728e+00 +3.2094e+00 -1.8016e+00
10001 +1.016986643e-05 +1.016986643e-05 -4.912998983e+01 -4.912998983e+01 +3.5849e+00 +2.6639e+00 +3.3946e+00 +2.0746e-01 +1.0631e+00 +2.0619e+00 +1.2231e+00 +3.2637e+00 +3.2198e+00 -1.8149e+00
10004 +7.731870717e-06 +7.731870717e-06 -4.912999227e+01 -4.912999227e+01 +3.5777e+00 +2.6925e+00 +3.3993e+00 +2.1729e-01 +1.0757e+00 +2.0698e+00 +1.2290e+00 +3.2630e+00 +3.2190e+00 -1.8083e+00
10268 +6.591821403e-06 +6.591821403e-06 -4.912999341e+01 -4.912999341e+01 +3.6239e+00 +2.6659e+00 +3.3642e+00 +1.6719e-01 +9.8730e-01 +2.0726e+00 +1.1448e+00 +3.2093e+00 +3.1945e+00 -1.8218e+00
10392 +5.964299945e-06 +5.964299945e-06 -4.912999404e+01 -4.912999404e+01 +3.6290e+00 +2.6679e+00 +3.3696e+00 +1.5890e-01 +1.0063e+00 +2.0672e+00 +1.1952e+00 +3.2075e+00 +3.2042e+00 -1.8253e+00
10416 +5.636059953e-06 +5.636059953e-06 -4.912999436e+01 -4.912999436e+01 +3.6258e+00 +2.6860e+00 +3.3746e+00 +1.4561e-01 +1.0043e+00 +2.0726e+00 +1.1870e+00 +3.2054e+00 +3.2170e+00 -1.8326e+00
10479 +4.523256074e-06 +4.523256074e-06 -4.912999548e+01 -4.912999548e+01 +3.6588e+00 +2.7051e+00 +3.3639e+00 +1.3763e-01 +9.8514e-01 +2.0747e+00 +1.1973e+00 +3.1958e+00 +3.2191e+00 -1.8417e+00
10721 +3.811034880e-06 +3.811034880e-06 -4.912999619e+01 -4.912999619e+01 +3.6600e+00 +2.6419e+00 +3.3308e+00 +1.3366e-01 +9.8912e-01 +2.0782e+00 +1.1816e+00 +3.1577e+00 +3.1937e+00 -1.8445e+00
10723 +3.400256318e-06 +3.400256318e-06 -4.912999660e+01 -4.912999660e+01 +3.6562e+00 +2.6425e+00 +3.3254e+00 +1.2424e-01 +9.9136e-01 +2.0842e+00 +1.1791e+00 +3.1475e+00 +3.1994e+00 -1.8607e+00
10741 +2.619740080e-06 +2.619740080e-06 -4.912999738e+01 -4.912999738e+01 +3.6586e+00 +2.6381e+00 +3.3242e+00 +1.2823e-01 +9.7607e-01 +2.0801e+00 +1.1733e+00 +3.1584e+00 +3.2015e+00 -1.8571e+00
10806 +2.275917460e-06 +2.275917460e-06 -4.912999772e+01 -4.912999772e+01 +3.6580e+00 +2.6380e+00 +3.3208e+00 +1.1806e-01 +9.7980e-01 +2.0854e+00 +1.1848e+00 +3.1437e+00 +3.2027e+00 -1.8589e+00
10962 +1.824539090e-06 +1.824539090e-06 -4.912999818e+01 -4.912999818e+01 +3.6653e+00 +2.6283e+00 +3.3286e+00 +1.1470e-01 +1.0016e+00 +2.0760e+00 +1.2039e+00 +3.1663e+00 +3.2107e+00 -1.8856e+00
11106 +1.738727001e-06 +1.738727001e-06 -4.912999826e+01 -4.912999826e+01 +3.6685e+00 +2.6252e+00 +3.3228e+00 +1.1075e-01 +9.9922e-01 +2.0826e+00 +1.1934e+00 +3.1705e+00 +3.2103e+00 -1.8817e+00
11109 +1.726510611e-06 +1.726510611e-06 -4.912999827e+01 -4.912999827e+01 +3.6683e+00 +2.6363e+00 +3.3257e+00 +1.1440e-01 +9.8919e-01 +2.0862e+00 +1.1826e+00 +3.1638e+00 +3.2109e+00 -1.8816e+00
11116 +1.675366754e-06 +1.675366754e-06 -4.912999832e+01 -4.912999832e+01 +3.6655e+00 +2.6338e+00 +3.3274e+00 +1.0136e-01 +9.9071e-01 +2.0869e+00 +1.1879e+00 +3.1721e+00 +3.2142e+00 -1.8822e+00
11128 +1.435997618e-06 +1.435997618e-06 -4.912999856e+01 -4.912999856e+01 +3.6641e+00 +2.6288e+00 +3.3246e+00 +1.0069e-01 +9.9079e-01 +2.0820e+00 +1.1905e+00 +3.1744e+00 +3.2190e+00 -1.8883e+00
11145 +1.325278419e-06 +1.325278419e-06 -4.912999867e+01 -4.912999867e+01 +3.6800e+00 +2.6312e+00 +3.3326e+00 +9.8930e-02 +9.8836e-01 +2.0782e+00 +1.1999e+00 +3.1656e+00 +3.2201e+00 -1.8884e+00
11164 +1.174571899e-06 +1.174571899e-06 -4.912999883e+01 -4.912999883e+01 +3.6793e+00 +2.6477e+00 +3.3316e+00 +9.8280e-02 +9.8325e-01 +2.0792e+00 +1.1895e+00 +3.1819e+00 +3.2232e+00 -1.9008e+00
11183 +8.656153128e-07 +8.656153128e-07 -4.912999913e+01 -4.912999913e+01 +3.6829e+00 +2.6429e+00 +3.3296e+00 +9.6413e-02 +9.7873e-01 +2.0783e+00 +1.1860e+00 +3.1804e+00 +3.2167e+00 -1.8868e+00
11437 +7.524021086e-07 +7.524021086e-07 -4.912999925e+01 -4.912999925e+01 +3.6913e+00 +2.6510e+00 +3.3246e+00 +7.4438e-02 +9.8372e-01 +2.0956e+00 +1.1676e+00 +3.1723e+00 +3.2200e+00 -1.9161e+00
11566 +6.951679055e-07 +6.951679055e-07 -4.912999930e+01 -4.912999930e+01 +3.6949e+00 +2.6400e+00 +3.3254e+00 +6.6458e-02 +9.8456e-01 +2.0902e+00 +1.1953e+00 +3.1604e+00 +3.2308e+00 -1.9244e+00
11620 +6.776227082e-07 +6.776227082e-07 -4.912999932e+01 -4.912999932e+01 +3.6888e+00 +2.6461e+00 +3.3303e+00 +7.8983e-02 +9.8842e-01 +2.0843e+00 +1.1823e+00 +3.1825e+00 +3.2315e+00 -1.9215e+00
11639 +6.615899153e-07 +6.615899153e-07 -4.912999934e+01 -4.912999934e+01 +3.6911e+00 +2.6617e+00 +3.3384e+00 +8.0741e-02 +9.8947e-01 +2.0812e+00 +1.1869e+00 +3.2052e+00 +3.2404e+00 -1.9191e+00
11662 +6.603047780e-07 +6.603047780e-07 -4.912999934e+01 -4.912999934e+01 +3.6913e+00 +2.6557e+00 +3.3421e+00 +7.6659e-02 +9.8739e-01 +2.0796e+00 +1.1941e+00 +3.2136e+00 +3.2401e+00 -1.9126e+00
11666 +4.173259072e-07 +4.173259072e-07 -4.912999958e+01 -4.912999958e+01 +3.6913e+00 +2.6611e+00 +3.3411e+00 +8.0712e-02 +9.8429e-01 +2.0771e+00 +1.1987e+00 +3.2124e+00 +3.2385e+00 -1.9090e+00
11770 +3.897555203e-07 +3.897555203e-07 -4.912999961e+01 -4.912999961e+01 +3.6875e+00 +2.6607e+00 +3.3348e+00 +7.4921e-02 +9.9127e-01 +2.0853e+00 +1.1916e+00 +3.2035e+00 +3.2410e+00 -1.9181e+00
11881 +3.703692713e-07 +3.703692713e-07 -4.912999963e+01 -4.912999963e+01 +3.6828e+00 +2.6609e+00 +3.3417e+00 +7.5231e-02 +9.9368e-01 +2.0825e+00 +1.1993e+00 +3.2100e+00 +3.2442e+00 -1.9132e+00
11895 +3.026400961e-07 +3.026400961e-07 -4.912999970e+01 -4.912999970e+01 +3.6859e+00 +2.6524e+00 +3.3431e+00 +6.8026e-02 +1.0035e+00 +2.0783e+00 +1.2186e+00 +3.1950e+00 +3.2514e+00 -1.9208e+00
11958 +2.932680943e-07 +2.932680943e-07 -4.912999971e+01 -4.912999971e+01 +3.6939e+00 +2.6668e+00 +3.3446e+00 +7.9265e-02 +9.9507e-01 +2.0865e+00 +1.2081e+00 +3.1963e+00 +3.2444e+00 -1.9077e+00
12013 +2.322174879e-07 +2.322174879e-07 -4.912999977e+01 -4.912999977e+01 +3.7187e+00 +2.6583e+00 +3.3346e+00 +6.1306e-02 +9.6943e-01 +2.0804e+00 +1.1978e+00 +3.1838e+00 +3.2422e+00 -1.9146e+00
12014 +2.201048943e-07 +2.201048943e-07 -4.912999978e+01 -4.912999978e+01 +3.7129e+00 +2.6581e+00 +3.3369e+00 +6.3286e-02 +9.7768e-01 +2.0774e+00 +1.2083e+00 +3.1919e+00 +3.2469e+00 -1.9124e+00
12019 +2.142847109e-07 +2.142847109e-07 -4.912999979e+01 -4.912999979e+01 +3.7097e+00 +2.6701e+00 +3.3381e+00 +6.6221e-02 +9.7505e-01 +2.0842e+00 +1.2028e+00 +3.1903e+00 +3.2467e+00 -1.9172e+00
12028 +2.060594753e-07 +2.060594753e-07 -4.912999979e+01 -4.912999979e+01 +3.7102e+00 +2.6566e+00 +3.3355e+00 +6.5066e-02 +9.7937e-01 +2.0780e+00 +1.2021e+00 +3.1916e+00 +3.2452e+00 -1.9204e+00
12098 +1.587835570e-07 +1.587835570e-07 -4.912999984e+01 -4.912999984e+01 +3.7279e+00 +2.6572e+00 +3.3275e+00 +4.7472e-02 +9.7083e-01 +2.0779e+00 +1.2102e+00 +3.1807e+00 +3.2456e+00 -1.9286e+00
12103 +1.528159430e-07 +1.528159430e-07 -4.912999985e+01 -4.912999985e+01 +3.7207e+00 +2.6593e+00 +3.3334e+00 +4.4742e-02 +9.6670e-01 +2.0793e+00 +1.2097e+00 +3.1738e+00 +3.2495e+00 -1.9326e+00
12110 +1.124740905e-07 +1.124740905e-07 -4.912999989e+01 -4.912999989e+01 +3.7235e+00 +2.6477e+00 +3.3260e+00 +5.1745e-02 +9.7167e-01 +2.0799e+00 +1.2084e+00 +3.1699e+00 +3.2428e+00 -1.9299e+00
12423 +7.814249869e-08 +7.814249869e-08 -4.912999992e+01 -4.912999992e+01 +3.7129e+00 +2.6601e+00 +3.3377e+00 +5.6542e-02 +9.7300e-01 +2.0773e+00 +1.2159e+00 +3.1837e+00 +3.2501e+00 -1.9170e+00
12476 +7.664877444e-08 +7.664877444e-08 -4.912999992e+01 -4.912999992e+01 +3.7244e+00 +2.6371e+00 +3.3332e+00 +4.1190e-02 +9.6722e-01 +2.0687e+00 +1.2186e+00 +3.1659e+00 +3.2520e+00 -1.9249e+00
12490 +5.003968084e-08 +5.003968084e-08 -4.912999995e+01 -4.912999995e+01 +3.7228e+00 +2.6414e+00 +3.3294e+00 +4.3665e-02 +9.7089e-01 +2.0742e+00 +1.2191e+00 +3.1683e+00 +3.2511e+00 -1.9244e+00
12501 +4.786102892e-08 +4.786102892e-08 -4.912999995e+01 -4.912999995e+01 +3.7265e+00 +2.6517e+00 +3.3306e+00 +4.3946e-02 +9.6694e-01 +2.0745e+00 +1.2177e+00 +3.1786e+00 +3.2538e+00 -1.9258e+00
13088 +3.299887652e-08 +3.299887652e-08 -4.912999997e+01 -4.912999997e+01 +3.7266e+00 +2.6459e+00 +3.3331e+00 +3.9700e-02 +9.7012e-01 +2.0723e+00 +1.2214e+00 +3.1769e+00 +3.2567e+00 -1.9306e+00
13268 +1.515426362e-08 +1.515426362e-08 -4.912999998e+01 -4.912999998e+01 +3.7362e+00 +2.6518e+00 +3.3274e+00 +2.6271e-02 +9.6237e-01 +2.0771e+00 +1.2111e+00 +3.1804e+00 +3.2604e+00 -1.9475e+00
13540 +1.342007749e-08 +1.342007749e-08 -4.912999999e+01 -4.912999999e+01 +3.7457e+00 +2.6485e+00 +3.3249e+00 +2.5164e-02 +9.5822e-01 +2.0744e+00 +1.2258e+00 +3.1659e+00 +3.2594e+00 -1.9430e+00
13676 +1.229967950e-08 +1.229967950e-08 -4.912999999e+01 -4.912999999e+01 +3.7390e+00 +2.6429e+00 +3.3254e+00 +2.6223e-02 +9.6657e-01 +2.0724e+00 +1.2357e+00 +3.1744e+00 +3.2615e+00 -1.9397e+00
13686 +1.050994314e-08 +1.050994314e-08 -4.912999999e+01 -4.912999999e+01 +3.7371e+00 +2.6376e+00 +3.3244e+00 +2.3328e-02 +9.6854e-01 +2.0712e+00 +1.2381e+00 +3.1754e+00 +3.2638e+00 -1.9441e+00
13749 +6.122341745e-09 +6.122341745e-09 -4.912999999e+01 -4.912999999e+01 +3.7361e+00 +2.6448e+00 +3.3280e+00 +2.7813e-02 +9.7014e-01 +2.0731e+00 +1.2355e+00 +3.1781e+00 +3.2636e+00 -1.9441e+00
22379 +0.000000000e+00 +0.000000000e+00 -4.913000000e+01 -4.913000000e+01 +3.7597e+00 +2.6399e+00 +3.3238e+00 -4.3394e-03 +9.6002e-01 +2.0690e+00 +1.2488e+00 +3.1731e+00 +3.2798e+00 -1.9683e+00
% function evaluation | noise-free fitness - Fopt (2.977300000000e+02) | best noise-free fitness - Fopt | measured fitness | best measured fitness | x1 | x2...
1 +8.080596070e+01 +8.080596070e+01 +3.785359607e+02 +3.785359607e+02 +0.0000e+00 +0.0000e+00 +0.0000e+00 +0.0000e+00 +0.0000e+00 +0.0000e+00 +0.0000e+00 +0.0000e+00 +0.0000e+00 +0.0000e+00
2 +7.907546030e+01 +7.907546030e+01 +3.768054603e+02 +3.768054603e+02 +5.0784e-01 +1.1794e+00 -1.7894e+00 -1.1408e+00 -2.3050e+00 -6.5435e-01 +1.5182e+00 -9.7958e-01 +2.3047e+00 -3.8479e-01
3 +7.622799032e+01 +7.622799032e+01 +3.739579903e+02 +3.739579903e+02 +1.3064e+00 -1.2519e-01 +1.4220e-01 -6.2341e-01 +1.3068e-01 +2.0308e-01 -3.5562e-01 -8.2533e-01 -2.0096e+00 -4.7035e-01
8 +7.565857242e+01 +7.565857242e+01 +3.733885724e+02 +3.733885724e+02 +2.4269e-01 +1.4237e-01 -1.3590e+00 +7.7610e-01 +3.8566e-01 -5.6437e-01 +1.7178e+00 +6.1697e-01 +1.2343e+00 -3.7742e-01
14 +7.378480604e+01 +7.378480604e+01 +3.715148060e+02 +3.715148060e+02 +4.1347e-03 -5.2636e-01 -7.5910e-02 +1.7816e-01 +5.0660e-01 -6.7148e-02 +1.9319e+00 +1.9872e+00 -1.3304e+00 +3.4889e-01
15 +7.177083115e+01 +7.177083115e+01 +3.695008312e+02 +3.695008312e+02 -2.7247e-01 +6.4341e-01 -2.1105e-02 +1.5250e+00 +2.9944e-01 -1.9311e+00 +7.0641e-01 +8.2456e-01 +1.0756e+00 +7.0029e-01
17 +6.737544675e+01 +6.737544675e+01 +3.651054468e+02 +3.651054468e+02 +2.3733e-01 +5.0635e-01 -1.8223e+00 +2.1996e+00 -8.3692e-01 -1.0849e+00 +2.1087e+00 +1.5300e+00 +3.3884e+00 +5.8861e-01
29 +6.271910275e+01 +6.271910275e+01 +3.604491027e+02 +3.604491027e+02 +4.7939e-01 +1.4454e+00 -2.3942e+00 +3.3439e+00 -1.9318e-01 -7.3047e-01 +1.0260e+00 +1.8433e+00 +4.5842e+00 +2.2589e+00
47 +5.445458529e+01 +5.445458529e+01 +3.521845853e+02 +3.521845853e+02 +1.2168e+00 +1.9096e+00 -2.4112e+00 +1.8478e+00 -1.2047e+00 -3.2693e-02 +2.8340e-01 +1.2056e+00 +3.3675e+00 +3.2604e+00
50 +5.268390074e+01 +5.268390074e+01 +3.504139007e+02 +3.504139007e+02 +1.7822e-01 +1.7385e+00 -1.1894e-01 +3.0685e+00 -9.1594e-01 +1.3923e+00 +1.4140e+00 +3.4061e+00 +1.5574e+00 +1.8070e+00
61 +1.847892042e+01 +1.847892042e+01 +3.162089204e+02 +3.162089204e+02 +7.4527e-01 +5.3933e-01 +5.6735e-01 +2.4665e+00 -8.0090e-01 +1.4007e+00 +2.0512e+00 +2.4452e+00 +1.7236e+00 +2.4974e+00
73 +1.083908565e+01 +1.083908565e+01 +3.085690857e+02 +3.085690857e+02 +1.3625e+00 +2.3167e+00 -3.8208e-01 +1.0708e+00 -7.0468e-01 +7.6879e-01 +1.7255e+00 +2.1964e+00 +4.0669e+00 +3.4147e+00
197 +1.014309820e+01 +1.014309820e+01 +3.078730982e+02 +3.078730982e+02 +4.5415e+00 +3.1311e+00 +1.1994e+00 +5.6325e-01 +1.8365e+00 +1.9449e+00 +1.2241e+00 +2.4620e+00 +4.5277e+00 +4.6673e+00
346 +7.617868635e+00 +7.617868635e+00 +3.053478686e+02 +3.053478686e+02 +3.2934e+00 +1.0091e+00 +1.3270e+00 +1.5651e+00 +5.8745e-01 +1.9497e+00 +1.8296e+00 +3.7918e+00 +3.7482e+00 +3.6056e+00
405 +7.305276743e+00 +7.305276743e+00 +3.050352767e+02 +3.050352767e+02 +3.1256e+00 +3.1166e-01 +4.3282e-01 +1.0312e+00 -5.8090e-01 +2.1718e+00 +9.0271e-01 +3.4787e+00 +2.8502e+00 +4.2873e+00
459 +6.775651726e+00 +6.775651726e+00 +3.045056517e+02 +3.045056517e+02 +3.2360e+00 +1.6706e+00 +8.9264e-01 +1.5830e+00 +3.1628e-02 +2.9406e+00 +1.1648e+00 +2.8511e+00 +3.7717e+00 +4.1576e+00
673 +6.056552418e+00 +6.056552418e+00 +3.037865524e+02 +3.037865524e+02 +3.2269e+00 +1.0662e+00 -1.4467e-01 +1.7851e+00 +5.0611e-01 +1.1103e+00 +2.1590e+00 +2.7169e+00 +3.1954e+00 +3.7113e+00
681 +3.888968214e+00 +3.888968214e+00 +3.016189682e+02 +3.016189682e+02 +3.8609e+00 +2.4606e+00 +7.4073e-01 +2.8759e-01 +1.2324e+00 +1.8902e+00 +1.5209e+00 +2.6632e+00 +4.3613e+00 +5.0860e+00
1034 +2.844574579e+00 +2.844574579e+00 +3.005745746e+02 +3.005745746e+02 +2.6001e+00 +1.5106e+00 +1.6987e-01 +1.2742e+00 -2.6963e-01 +7.4429e-01 +2.2871e+00 +3.2136e+00 +4.2275e+00 +3.9806e+00
1559 +2.419744256e+00 +2.419744256e+00 +3.001497443e+02 +3.001497443e+02 +3.5686e+00 +1.6337e+00 +4.0805e-01 +1.5798e+00 +1.5458e-01 +5.8003e-01 +1.2310e+00 +3.1091e+00 +3.8004e+00 +4.3606e+00
1698 +2.046064226e+00 +2.046064226e+00 +2.997760642e+02 +2.997760642e+02 +3.1112e+00 +1.3251e+00 +1.7992e-01 +1.2828e+00 +2.9331e-01 +7.9286e-01 +1.6536e+00 +3.0392e+00 +3.4524e+00 +4.4569e+00
1801 +2.026527171e+00 +2.026527171e+00 +2.997565272e+02 +2.997565272e+02 +3.3314e+00 +1.6033e+00 +1.7821e-01 +1.6562e+00 +1.1920e-03 +1.1648e+00 +1.5983e+00 +2.9428e+00 +3.8943e+00 +4.3222e+00
2630 +1.993047069e+00 +1.993047069e+00 +2.997230471e+02 +2.997230471e+02 +3.5022e+00 +1.6946e+00 +3.1197e-01 +1.2987e+00 +4.8605e-01 +9.4523e-01 +1.4633e+00 +2.8919e+00 +3.9173e+00 +4.5665e+00
% function evaluation | noise-free fitness - Fopt (5.157000000000e+01) | best noise-free fitness - Fopt | measured fitness | best measured fitness | x1 | x2...
1 +7.649556673e+01 +7.649556673e+01 +1.280655667e+02 +1.280655667e+02 +0.0000e+00 +0.0000e+00 +0.0000e+00 +0.0000e+00 +0.0000e+00 +0.0000e+00 +0.0000e+00 +0.0000e+00 +0.0000e+00 +0.0000e+00
2 +7.579458213e+01 +7.579458213e+01 +1.273645821e+02 +1.273645821e+02 +6.5262e-01 +1.4893e+00 +4.7748e-02 +6.4078e-01 -8.1542e-01 +2.0760e+00 +8.6223e-01 -1.2422e-01 +6.8293e-01 +5.0676e-01
18 +7.177954507e+01 +7.177954507e+01 +1.233495451e+02 +1.233495451e+02 +1.4827e+00 +8.6710e-01 +3.2721e-01 +1.4925e+00 -3.7215e-01 +1.4080e+00 -7.8363e-01 +1.3799e+00 +2.5760e+00 -2.1361e+00
45 +7.034159724e+01 +7.034159724e+01 +1.219115972e+02 +1.219115972e+02 -1.0238e+00 +2.3135e+00 -2.8389e+00 -2.4986e-01 +1.1784e+00 -1.0659e+00 -1.6122e+00 +3.4913e-01 +1.6007e+00 +6.2213e-01
59 +6.694288053e+01 +6.694288053e+01 +1.185128805e+02 +1.185128805e+02 +1.7287e-01 +1.5561e+00 -2.7457e+00 -2.1926e+00 +1.2478e+00 -1.7060e+00 -2.1372e+00 -8.5442e-02 +1.7256e+00 +1.2466e+00
74 +6.579723161e+01 +6.579723161e+01 +1.173672316e+02 +1.173672316e+02 -1.1001e+00 +1.2265e+00 -1.7180e+00 -1.5003e+00 +3.8499e-02 -1.4921e+00 -3.0766e+00 -1.2492e+00 -6.3042e-01 +1.7090e+00
78 +6.081092539e+01 +6.081092539e+01 +1.123809254e+02 +1.123809254e+02 -1.2775e+00 +1.1024e+00 -9.0100e-01 -1.7510e+00 +9.7222e-01 -1.6863e+00 -3.2281e+00 -2.1194e+00 +9.2910e-01 +2.4149e+00
88 +5.619428445e+01 +5.619428445e+01 +1.077642845e+02 +1.077642845e+02 -8.6841e-01 -3.7083e-01 +2.1282e-01 -3.2875e+00 +8.2745e-01 -1.4685e+00 -2.7270e+00 -2.9526e+00 +1.3002e+00 +3.3063e+00
89 +4.462852537e+01 +4.462852537e+01 +9.619852537e+01 +9.619852537e+01 -2.1745e+00 +8.3541e-01 -4.9146e-01 -1.2314e+00 +1.3867e+00 -1.2455e-02 -1.0827e+00 -2.1169e+00 -4.7309e-01 +2.0209e+00
130 +4.089213927e+01 +4.089213927e+01 +9.246213927e+01 +9.246213927e+01 -1.0416e+00 +6.3577e-01 -4.6988e-02 -1.2017e+00 +1.6131e+00 -3.9333e-01 -7.1210e-01 -1.3962e+00 -2.5531e+00 +5.4675e+00
160 +3.539378712e+01 +3.539378712e+01 +8.696378712e+01 +8.696378712e+01 -2.1061e+00 +9.9398e-01 +8.2029e-01 -1.9587e+00 +2.7503e-01 +1.0454e+00 +2.4554e-01 -3.1993e+00 -2.3605e+00 +5.2202e+00
170 +3.409171294e+01 +3.409171294e+01 +8.566171294e+01 +8.566171294e+01 -2.2986e+00 +1.5783e+00 -7.8111e-02 -1.9524e+00 +8.4276e-01 -1.2056e-02 -8.5005e-01 -3.0150e+00 -8.8882e-01 +4.0673e+00
206 +2.710050970e+01 +2.710050970e+01 +7.867050970e+01 +7.867050970e+01 -1.1878e+00 +5.8533e-01 -8.7677e-01 -9.7044e-01 +8.5723e-01 +4.4762e-01 +4.9743e-02 -2.7710e+00 -1.6950e+00 +4.6723e+00
552 +2.591874423e+01 +2.591874423e+01 +7.748874423e+01 +7.748874423e+01 -2.2314e+00 +1.0811e-01 -1.8633e-01 -2.7390e+00 -8.4361e-01 +5.8378e-02 -1.5667e-01 -9.1579e-01 -1.0231e+00 +4.4703e+00
608 +2.566518053e+01 +2.566518053e+01 +7.723518053e+01 +7.723518053e+01 -1.8613e+00 +3.7114e-01 -9.1578e-02 -1.7244e+00 +5.4456e-01 -2.9711e-01 +2.2732e-01 -1.4053e+00 -1.1314e+00 +4.2548e+00
637 +2.477269647e+01 +2.477269647e+01 +7.634269647e+01 +7.634269647e+01 -1.5031e+00 +2.2083e-01 -6.7341e-01 -1.2698e+00 +2.9711e-02 -8.7904e-02 -6.8286e-01 -2.7017e+00 -1.2853e+00 +4.4397e+00
782 +2.320404206e+01 +2.320404206e+01 +7.477404206e+01 +7.477404206e+01 -2.4083e+00 +4.9115e-01 -5.8679e-01 -2.0349e+00 +8.3411e-02 +3.2412e-01 -8.0072e-01 -1.4754e+00 -1.5025e+00 +4.0156e+00
917 +1.987985607e+01 +1.987985607e+01 +7.144985607e+01 +7.144985607e+01 -1.8749e+00 +2.5556e-01 -7.3031e-01 -2.4441e+00 -2.9718e-01 -3.6295e-01 +2.0272e-01 -2.1342e+00 -1.0080e+00 +4.3374e+00
1995 +1.897140667e+01 +1.897140667e+01 +7.054140667e+01 +7.054140667e+01 -2.0221e+00 +3.7805e-01 -1.0903e+00 -2.2444e+00 -3.0960e-01 +4.1390e-01 +1.3172e-01 -2.0066e+00 -1.3080e+00 +4.8605e+00
3310 +1.851714663e+01 +1.851714663e+01 +7.008714663e+01 +7.008714663e+01 -1.9320e+00 +7.6638e-03 -1.2496e+00 -2.5079e+00 -2.5393e-01 +2.8204e-02 +1.7964e-01 -2.1576e+00 -1.3899e+00 +4.8352e+00
% function evaluation | noise-free fitness - Fopt (-4.870000000000e+00) | best noise-free fitness - Fopt | measured fitness | best measured fitness | x1 | x2...
1 +2.729605879e+01 +2.729605879e+01 +2.242605879e+01 +2.242605879e+01 +0.0000e+00 +0.0000e+00 +0.0000e+00 +0.0000e+00 +0.0000e+00 +0.0000e+00 +0.0000e+00 +0.0000e+00 +0.0000e+00 +0.0000e+00
18 +2.205750278e+01 +2.205750278e+01 +1.718750278e+01 +1.718750278e+01 -5.9389e-01 +1.7284e+00 -2.8174e-01 -3.1004e+00 -9.0842e-01 +3.7056e-01 +1.4676e+00 +1.0067e+00 -2.6185e+00 +1.0656e-02
132 +1.448511660e+01 +1.448511660e+01 +9.615116595e+00 +9.615116595e+00 +8.9243e-01 +2.5384e+00 +9.9536e-01 -3.8553e+00 -2.3022e+00 -1.1520e+00 +1.7532e+00 +2.1928e+00 -2.7159e+00 -3.5643e-02
134 +1.422627673e+01 +1.422627673e+01 +9.356276730e+00 +9.356276730e+00 +1.0674e+00 +2.4250e+00 +1.7534e-01 -2.0314e+00 -2.4410e+00 -1.0200e+00 +9.7671e-01 +3.0032e+00 -2.3220e+00 +1.4233e+00
259 +1.024096561e+01 +1.024096561e+01 +5.370965613e+00 +5.370965613e+00 +1.4278e+00 +6.8741e-01 +6.4169e-01 -9.3296e-01 -9.4126e-01 -2.2401e+00 +5.5679e-01 +1.4590e+00 -1.6544e+00 -1.2798e-01
263 +7.789169327e+00 +7.789169327e+00 +2.919169327e+00 +2.919169327e+00 +1.3263e+00 +1.3789e+00 +1.2160e+00 -1.3117e+00 -3.7792e-01 -2.6709e+00 +1.8483e+00 +8.3368e-01 -1.9751e+00 -2.3805e-01
339 +6.357157879e+00 +6.357157879e+00 +1.487157879e+00 +1.487157879e+00 +8.4997e-01 +2.4882e-01 -9.1021e-01 -1.1990e+00 +6.7619e-01 -2.0637e+00 +1.6666e-01 +1.5001e+00 -1.7674e+00 +8.1660e-02
633 +5.953347033e+00 +5.953347033e+00 +1.083347033e+00 +1.083347033e+00 +3.0829e+00 +1.0919e+00 -1.1764e+00 -1.4462e+00 +2.2932e+00 -2.5437e+00 +3.5332e-01 +4.8813e-01 -3.1986e+00 -4.6818e-01
1118 +4.690415891e+00 +4.690415891e+00 -1.795841090e-01 -1.795841090e-01 +3.7032e+00 +1.6071e+00 +1.6730e-01 -1.4840e+00 +2.9953e+00 -1.7594e+00 +1.8949e+00 -2.3026e+00 -3.5170e+00 +1.0316e-01
1123 +3.464239210e+00 +3.464239210e+00 -1.405760790e+00 -1.405760790e+00 +3.0908e+00 +1.5963e+00 +1.2713e-01 -1.8056e+00 +2.6672e+00 -1.6155e+00 +1.3871e+00 -1.8035e+00 -3.5426e+00 -2.7531e-01
1332 +2.537584846e+00 +2.537584846e+00 -2.332415154e+00 -2.332415154e+00 +3.5756e+00 +9.1611e-01 -5.7226e-01 -1.3861e+00 +2.4294e+00 -2.2285e+00 +1.0671e+00 -9.4308e-01 -3.4981e+00 -2.3608e-01
1520 +2.105295742e+00 +2.105295742e+00 -2.764704258e+00 -2.764704258e+00 +3.3082e+00 +8.8955e-01 -5.5786e-01 -1.6173e+00 +3.0017e+00 -2.0176e+00 +5.7974e-01 -1.1555e+00 -3.3087e+00 -5.5095e-01
1592 +2.047819676e+00 +2.047819676e+00 -2.822180324e+00 -2.822180324e+00 +3.3249e+00 +1.5668e+00 +1.6777e-01 -1.4936e+00 +1.9785e+00 -2.1845e+00 +8.2171e-01 -7.6706e-01 -2.7753e+00 -8.9972e-02
2086 +2.028231067e+00 +2.028231067e+00 -2.841768933e+00 -2.841768933e+00 +2.2202e+00 +1.2883e+00 +3.6274e-01 -1.2328e+00 +1.6602e+00 -1.5235e+00 +1.4770e+00 -1.2465e+00 -2.6166e+00 -3.3342e-01
2101 +1.988877831e+00 +1.988877831e+00 -2.881122169e+00 -2.881122169e+00 +2.4522e+00 +1.1205e+00 +1.5960e-01 -1.4049e+00 +1.8678e+00 -2.0411e+00 +1.7857e+00 -7.7434e-01 -3.6031e+00 -2.6391e-01
2282 +1.811389218e+00 +1.811389218e+00 -3.058610782e+00 -3.058610782e+00 +2.2905e+00 +1.3030e+00 -1.5220e-01 -1.1346e+00 +1.5112e+00 -1.9035e+00 +1.9600e+00 -8.9230e-01 -2.8642e+00 -2.9412e-01
2321 +1.632255252e+00 +1.632255252e+00 -3.237744748e+00 -3.237744748e+00 +1.8673e+00 +1.0558e+00 +1.3389e-01 -1.0630e+00 +9.7047e-01 -1.8475e+00 +1.5193e+00 -6.2736e-01 -2.8861e+00 -4.9770e-03
2490 +9.848159465e-01 +9.848159465e-01 -3.885184054e+00 -3.885184054e+00 +1.9745e+00 +1.1516e+00 -7.0329e-02 -1.3399e+00 +1.2900e+00 -1.8560e+00 +1.5430e+00 -3.3062e-01 -3.0953e+00 -1.5625e-01
2927 +9.427676213e-01 +9.427676213e-01 -3.927232379e+00 -3.927232379e+00 +2.5398e+00 +1.6183e+00 -2.2064e-01 -1.9784e+00 +1.1913e+00 -1.9716e+00 +1.4310e+00 -1.4426e-01 -3.0339e+00 +1.5831e-01
2970 +9.189846954e-01 +9.189846954e-01 -3.951015305e+00 -3.951015305e+00 +1.9460e+00 +1.2335e+00 -2.2412e-01 -1.6979e+00 +8.3854e-01 -1.7851e+00 +1.2801e+00 -2.7902e-03 -2.7527e+00 -2.5118e-01
3175 +8.868396378e-01 +8.868396378e-01 -3.983160362e+00 -3.983160362e+00 +1.9540e+00 +1.1645e+00 -4.6431e-01 -1.3969e+00 +1.2856e+00 -1.5732e+00 +1.1368e+00 -2.3696e-01 -2.8005e+00 -6.4624e-02
4037 +8.210586135e-01 +8.210586135e-01 -4.048941387e+00 -4.048941387e+00 +2.1354e+00 +1.1711e+00 -1.8718e-01 -1.5445e+00 +9.9470e-01 -1.9212e+00 +1.0670e+00 +1.8547e-02 -2.8297e+00 -1.4558e-01
4058 +7.846975639e-01 +7.846975639e-01 -4.085302436e+00 -4.085302436e+00 +2.0873e+00 +1.1402e+00 -3.3991e-01 -1.4569e+00 +1.3793e+00 -1.7160e+00 +1.2502e+00 -3.1143e-01 -2.8509e+00 -5.7182e-02
4093 +7.669182152e-01 +7.669182152e-01 -4.103081785e+00 -4.103081785e+00 +1.8485e+00 +1.0513e+00 -3.5592e-01 -1.3357e+00 +1.1766e+00 -1.6860e+00 +1.3276e+00 -2.2131e-01 -2.8786e+00 -1.0825e-01
4120 +7.452496524e-01 +7.452496524e-01 -4.124750348e+00 -4.124750348e+00 +1.9299e+00 +1.2487e+00 -2.8387e-01 -1.5163e+00 +1.0742e+00 -1.6717e+00 +1.3644e+00 -2.8738e-01 -2.8633e+00 -1.2929e-01
4456 +7.237249039e-01 +7.237249039e-01 -4.146275096e+00 -4.146275096e+00 +2.0272e+00 +1.2505e+00 -2.3219e-01 -1.6192e+00 +9.4659e-01 -1.7558e+00 +1.4733e+00 -1.0681e-01 -2.9836e+00 -1.8552e-01
6453 +7.068388009e-01 +7.068388009e-01 -4.163161199e+00 -4.163161199e+00 +1.9631e+00 +1.2489e+00 -2.6427e-01 -1.5673e+00 +9.7403e-01 -1.7925e+00 +1.3852e+00 -9.2512e-03 -2.8671e+00 -9.7273e-02
% function evaluation | noise-free fitness - Fopt (1.511400000000e+02) | best noise-free fitness - Fopt | measured fitness | best measured fitness | x1 | x2...
1 +7.798189699e+01 +7.798189699e+01 +2.291218970e+02 +2.291218970e+02 +0.0000e+00 +0.0000e+00 +0.0000e+00 +0.0000e+00 +0.0000e+00 +0.0000e+00 +0.0000e+00 +0.0000e+00 +0.0000e+00 +0.0000e+00
5 +7.582541065e+01 +7.582541065e+01 +2.269654107e+02 +2.269654107e+02 -1.0084e+00 +1.8700e+00 -1.3268e+00 -2.9230e+00 -1.4952e+00 +1.3280e+00 +2.8348e-01 +2.2780e+00 -4.6173e-01 -1.2341e-02
7 +7.215731505e+01 +7.215731505e+01 +2.232973150e+02 +2.232973150e+02 -2.9263e+00 -4.5140e-01 +9.0053e-01 +1.3236e+00 +3.2177e-01 -1.6497e+00 +1.1039e+00 +4.2891e-02 -2.1866e+00 +2.0291e-01
12 +6.795730057e+01 +6.795730057e+01 +2.190973006e+02 +2.190973006e+02 -2.7688e+00 -7.4205e-01 +1.7755e+00 +1.2496e+00 +8.6746e-01 -7.0054e-01 +1.9512e+00 -9.5403e-01 -2.6966e+00 +5.9467e-01
42 +6.649099606e+01 +6.649099606e+01 +2.176309961e+02 +2.176309961e+02 -1.5097e+00 +2.2679e+00 -1.4197e+00 -1.3318e+00 +9.0614e-01 +4.2006e-01 -2.4373e-01 -1.4874e-01 -3.1024e+00 +4.9439e-01
60 +5.190185249e+01 +5.190185249e+01 +2.030418525e+02 +2.030418525e+02 -7.2298e-01 +1.5331e+00 -1.0315e+00 -1.6500e+00 +2.1079e+00 +6.8889e-01 -1.8059e+00 -5.1002e-01 -4.1380e+00 +9.0212e-01
141 +3.776283379e+01 +3.776283379e+01 +1.889028338e+02 +1.889028338e+02 -3.3862e+00 +1.8974e+00 -6.1822e-01 +1.0341e+00 +2.8319e+00 +1.6296e+00 -1.3861e+00 +1.2974e+00 -1.0824e+00 +2.7370e+00
202 +2.866702157e+01 +2.866702157e+01 +1.798070216e+02 +1.798070216e+02 -8.6365e-01 +1.9577e+00 -2.5132e-02 +9.6106e-01 +3.5275e+00 +2.3828e+00 -2.4311e-01 -1.6730e-01 -3.1035e+00 +8.4621e-01
269 +1.674193409e+01 +1.674193409e+01 +1.678819341e+02 +1.678819341e+02 -1.0078e+00 +3.3155e+00 -8.7502e-01 -1.5517e-01 +2.9834e+00 +3.0884e+00 -9.2840e-01 -4.1975e-01 -5.8483e-01 +2.1971e+00
386 +1.093339867e+01 +1.093339867e+01 +1.620733987e+02 +1.620733987e+02 -4.7385e-01 +2.3232e+00 -6.3715e-01 +7.7577e-01 +3.9882e+00 +2.0026e+00 +1.7569e-01 -6.1005e-01 +7.4244e-01 +3.8799e+00
411 +7.489293963e+00 +7.489293963e+00 +1.586292940e+02 +1.586292940e+02 -1.6190e+00 +2.3322e+00 -4.6220e-01 +6.2208e-01 +3.3611e+00 +2.0045e+00 +6.9194e-02 -6.3337e-01 -3.4892e-01 +3.1190e+00
712 +7.018382241e+00 +7.018382241e+00 +1.581583822e+02 +1.581583822e+02 -3.4589e+00 +1.4430e+00 +2.4644e+00 +2.8256e+00 +3.0558e+00 +3.9380e+00 -2.3930e+00 +6.3295e-01 +5.0928e-01 +2.5151e+00
756 +6.452562585e+00 +6.452562585e+00 +1.575925626e+02 +1.575925626e+02 -2.5912e+00 +2.2449e+00 +1.7128e+00 +1.8092e+00 +3.3417e+00 +3.7301e+00 -1.9284e+00 -1.1151e+00 +1.4784e+00 +2.9239e+00
876 +5.682480386e+00 +5.682480386e+00 +1.568224804e+02 +1.568224804e+02 -2.8821e+00 +2.3834e+00 +1.1988e+00 +1.6006e+00 +3.2001e+00 +3.3179e+00 -2.5111e+00 -9.6294e-01 -1.9652e-01 +1.4249e+00
1253 +2.118893428e+00 +2.118893428e+00 +1.532588934e+02 +1.532588934e+02 -3.1709e+00 +2.0043e+00 +1.5137e+00 +1.4471e+00 +3.2043e+00 +3.6533e+00 -1.6433e+00 -5.1277e-01 +3.4712e-01 +2.7298e+00
1472 +2.063389788e+00 +2.063389788e+00 +1.532033898e+02 +1.532033898e+02 -2.4746e+00 +1.5675e+00 +1.9122e+00 +1.6993e+00 +3.4136e+00 +3.7884e+00 -7.9548e-02 -5.3376e-01 +3.5798e-01 +2.4066e+00
1769 +1.903653344e+00 +1.903653344e+00 +1.530436533e+02 +1.530436533e+02 -2.7386e+00 +1.8602e+00 +1.9659e+00 +6.8977e-01 +3.2067e+00 +3.8205e+00 +1.1569e+00 -1.4589e+00 -7.6104e-01 +1.8467e+00
2202 +1.803437954e+00 +1.803437954e+00 +1.529434380e+02 +1.529434380e+02 -2.4023e+00 +2.3085e+00 +1.8514e+00 +1.7019e+00 +2.8187e+00 +3.6882e+00 -5.2639e-01 -9.3704e-01 +3.9703e-02 +1.3941e+00
3082 +1.600569112e+00 +1.600569112e+00 +1.527405691e+02 +1.527405691e+02 -2.2423e+00 +2.9924e+00 +7.9508e-01 +1.1057e+00 +2.4428e+00 +3.3663e+00 -5.0368e-01 -8.2622e-01 -1.8027e-01 +1.1840e+00
3545 +1.226821518e+00 +1.226821518e+00 +1.523668215e+02 +1.523668215e+02 -2.3788e+00 +3.1974e+00 +6.8840e-01 +1.1855e+00 +2.5449e+00 +3.1434e+00 -8.7565e-01 -1.2045e+00 +4.7330e-02 +1.6296e+00
3639 +1.184226852e+00 +1.184226852e+00 +1.523242269e+02 +1.523242269e+02 -2.4388e+00 +2.9672e+00 +6.3705e-01 +9.1084e-01 +2.7183e+00 +3.2573e+00 -6.7099e-01 -1.1032e+00 +1.7020e-01 +1.8278e+00
3698 +1.141011675e+00 +1.141011675e+00 +1.522810117e+02 +1.522810117e+02 -1.7126e+00 +2.7450e+00 +8.0502e-01 +1.4336e+00 +3.1373e+00 +3.0931e+00 -2.8043e-01 -1.0879e+00 +7.1996e-01 +2.0879e+00
3764 +8.944780171e-01 +8.944780171e-01 +1.520344780e+02 +1.520344780e+02 -1.9603e+00 +2.8842e+00 +9.9227e-01 +9.2033e-01 +2.8702e+00 +3.1746e+00 +5.3640e-01 -1.3321e+00 +6.4281e-02 +1.7217e+00
4756 +8.677182563e-01 +8.677182563e-01 +1.520077183e+02 +1.520077183e+02 -2.3595e+00 +2.8051e+00 +1.0291e+00 +9.6088e-01 +2.7469e+00 +3.2593e+00 -1.6460e-01 -1.1368e+00 -1.4216e-01 +1.5831e+00
4900 +8.381913198e-01 +8.381913198e-01 +1.519781913e+02 +1.519781913e+02 -2.1362e+00 +2.6613e+00 +1.3685e+00 +1.3218e+00 +2.7997e+00 +3.4526e+00 +9.7393e-02 -1.0447e+00 -8.5748e-03 +1.4519e+00
5184 +7.701717688e-01 +7.701717688e-01 +1.519101718e+02 +1.519101718e+02 -2.0513e+00 +2.8225e+00 +1.2052e+00 +1.1144e+00 +2.7470e+00 +3.4005e+00 +2.3413e-01 -1.2456e+00 +2.4909e-01 +1.5658e+00
5878 +7.567869006e-01 +7.567869006e-01 +1.518967869e+02 +1.518967869e+02 -2.0170e+00 +2.7925e+00 +1.0884e+00 +1.1876e+00 +2.8330e+00 +3.1982e+00 +1.0589e-01 -1.0586e+00 +2.5455e-01 +1.6587e+00
6064 +7.390928657e-01 +7.390928657e-01 +1.518790929e+02 +1.518790929e+02 -2.0418e+00 +2.9196e+00 +9.2390e-01 +1.0437e+00 +2.7765e+00 +3.2185e+00 +1.1194e-01 -1.1988e+00 +1.6434e-01 +1.5837e+00
6075 +7.184313286e-01 +7.184313286e-01 +1.518584313e+02 +1.518584313e+02 -2.0418e+00 +2.9290e+00 +9.0768e-01 +1.1002e+00 +2.7941e+00 +3.1985e+00 +1.0089e-02 -1.2813e+00 +1.9425e-01 +1.5504e+00
7582 +7.056240086e-01 +7.056240086e-01 +1.518456240e+02 +1.518456240e+02 -2.0613e+00 +2.8619e+00 +9.0386e-01 +1.0902e+00 +2.8246e+00 +3.1441e+00 +2.2830e-02 -1.1942e+00 +1.9135e-01 +1.6828e+00
% function evaluation | noise-free fitness - Fopt (-1.332700000000e+02) | best noise-free fitness - Fopt | measured fitness | best measured fitness | x1 | x2...
1 +7.575177581e+01 +7.575177581e+01 -5.751822419e+01 -5.751822419e+01 +0.0000e+00 +0.0000e+00 +0.0000e+00 +0.0000e+00 +0.0000e+00 +0.0000e+00 +0.0000e+00 +0.0000e+00 +0.0000e+00 +0.0000e+00
17 +7.170156993e+01 +7.170156993e+01 -6.156843007e+01 -6.156843007e+01 +1.9639e+00 +1.9530e+00 +1.3998e+00 -4.6821e-01 +2.1714e+00 -3.8884e-01 -2.5345e-02 -5.4473e-01 -1.6624e+00 +3.5854e-01
20 +6.760759447e+01 +6.760759447e+01 -6.566240553e+01 -6.566240553e+01 +4.2714e-01 +2.0912e+00 -3.4398e-01 +6.9164e-01 +2.9027e+00 -1.8054e+00 -9.3263e-01 -1.4704e+00 -1.0567e+00 +2.3632e+00
43 +6.412914488e+01 +6.412914488e+01 -6.914085512e+01 -6.914085512e+01 -1.4591e-02 +3.0736e+00 +5.9847e-01 +4.5880e-01 +3.1889e+00 -6.6058e-01 -1.0670e+00 -1.3735e-01 -1.3387e+00 +1.7504e+00
51 +6.042797542e+01 +6.042797542e+01 -7.284202458e+01 -7.284202458e+01 +1.1214e+00 +1.2106e+00 +1.8685e+00 +4.7223e-02 +2.5572e+00 -7.8081e-01 +9.9313e-01 -1.0992e+00 -3.1040e+00 +3.0260e+00
95 +5.859133840e+01 +5.859133840e+01 -7.467866160e+01 -7.467866160e+01 +9.6993e-01 +1.2812e+00 +7.1085e-01 +1.8638e+00 +4.1517e+00 -5.8067e-02 -5.0263e-01 -1.1196e+00 -2.2607e+00 +3.0089e+00
98 +5.644525284e+01 +5.644525284e+01 -7.682474716e+01 -7.682474716e+01 +1.0235e+00 +2.0444e+00 +2.0497e+00 +7.8980e-01 +3.1053e+00 +7.5412e-02 -9.9219e-01 +1.1863e-01 -2.4862e+00 +5.1178e+00
116 +3.663129971e+01 +3.663129971e+01 -9.663870029e+01 -9.663870029e+01 -7.9732e-01 +1.3936e+00 +1.5821e+00 +8.7753e-01 +4.0695e+00 +1.1653e+00 -3.0365e-01 -1.2408e+00 -3.2374e+00 +3.5502e+00
180 +3.277104871e+01 +3.277104871e+01 -1.004989513e+02 -1.004989513e+02 -3.9809e-02 +2.4869e-01 +2.1075e-02 +1.5401e+00 +2.8582e+00 -1.2933e+00 -3.7205e-01 -1.9701e+00 -4.5432e+00 +4.7577e+00
182 +2.997089195e+01 +2.997089195e+01 -1.032991080e+02 -1.032991080e+02 -1.2433e-01 +1.8316e+00 -1.0114e-01 +1.7101e+00 +4.0190e+00 -1.6412e+00 -1.7991e+00 -5.1175e-01 -5.0097e+00 +3.9807e+00
203 +2.301378035e+01 +2.301378035e+01 -1.102562197e+02 -1.102562197e+02 -3.7189e-01 +1.4845e+00 +3.8029e-01 +1.9685e+00 +3.2347e+00 -3.6439e-01 -1.0253e+00 -2.0608e+00 -4.1046e+00 +3.4203e+00
220 +2.122217953e+01 +2.122217953e+01 -1.120478205e+02 -1.120478205e+02 +3.0977e-01 +1.7682e+00 -1.2325e+00 +1.5134e+00 +3.9864e+00 +5.1898e-03 -1.2600e+00 -1.4657e+00 -4.5083e+00 +3.4451e+00
568 +1.962899979e+01 +1.962899979e+01 -1.136410002e+02 -1.136410002e+02 +4.4156e-01 +2.6216e+00 -2.4941e+00 +3.0775e+00 +4.1437e+00 +5.8946e-01 -2.9739e+00 -1.8328e+00 -5.2278e+00 +3.3366e+00
610 +1.901773774e+01 +1.901773774e+01 -1.142522623e+02 -1.142522623e+02 -4.8927e-01 +2.3258e+00 -2.1014e+00 +3.4996e+00 +4.0879e+00 +7.0827e-01 -3.7185e+00 -9.3575e-01 -4.7626e+00 +4.1256e+00
1021 +1.781156407e+01 +1.781156407e+01 -1.154584359e+02 -1.154584359e+02 -1.5077e+00 +1.3159e+00 -1.8221e+00 +2.4179e+00 +4.7458e+00 +3.3510e-01 -1.0063e+00 -2.7931e+00 -4.4957e+00 +3.6873e+00
1106 +1.716658853e+01 +1.716658853e+01 -1.161034115e+02 -1.161034115e+02 -1.0213e+00 +1.9175e+00 -2.8197e+00 +3.4086e+00 +4.8664e+00 +1.6130e-01 -2.2574e+00 -1.4807e+00 -4.3178e+00 +2.9997e+00
1190 +1.479141307e+01 +1.479141307e+01 -1.184785869e+02 -1.184785869e+02 -1.1709e+00 +1.8016e+00 -1.6580e+00 +2.7574e+00 +5.0449e+00 +1.5077e-01 -1.2689e+00 -2.3883e+00 -4.3620e+00 +4.4480e+00
1535 +1.291784443e+01 +1.291784443e+01 -1.203521556e+02 -1.203521556e+02 -9.2649e-01 +2.0502e+00 -1.7589e+00 +3.5750e+00 +4.5649e+00 -2.1740e-01 -1.9247e+00 -1.5915e+00 -4.7465e+00 +3.5575e+00
1598 +1.236858698e+01 +1.236858698e+01 -1.209014130e+02 -1.209014130e+02 -1.1576e+00 +1.7788e+00 -1.4527e+00 +2.8142e+00 +4.9420e+00 -1.9866e-01 -1.8390e+00 -2.0387e+00 -4.4865e+00 +4.4791e+00
1942 +1.193499947e+01 +1.193499947e+01 -1.213350005e+02 -1.213350005e+02 -8.8097e-01 +2.0356e+00 -1.9901e+00 +3.3647e+00 +4.5081e+00 -1.4652e-01 -2.4835e+00 -1.5108e+00 -4.7072e+00 +3.8769e+00
2735 +1.163215939e+01 +1.163215939e+01 -1.216378406e+02 -1.216378406e+02 -7.8998e-01 +1.5724e+00 -1.5486e+00 +2.8644e+00 +4.4303e+00 -4.2029e-01 -1.9697e+00 -1.6336e+00 -4.3871e+00 +3.8825e+00
3549 +1.148039574e+01 +1.148039574e+01 -1.217896043e+02 -1.217896043e+02 -8.3547e-01 +1.8880e+00 -1.6855e+00 +3.1460e+00 +4.7362e+00 +6.1411e-02 -2.0958e+00 -1.5360e+00 -4.4340e+00 +3.9752e+00
4361 +1.121716039e+01 +1.121716039e+01 -1.220528396e+02 -1.220528396e+02 -9.9928e-01 +1.8025e+00 -1.5884e+00 +3.0991e+00 +4.6300e+00 -3.0069e-01 -2.3317e+00 -1.3848e+00 -4.3975e+00 +4.0162e+00
% function evaluation | noise-free fitness - Fopt (-5.488000000000e+01) | best noise-free fitness - Fopt | measured fitness | best measured fitness | x1 | x2...
1 +7.254473728e+01 +7.254473728e+01 +1.766473728e+01 +1.766473728e+01 +0.0000e+00 +0.0000e+00 +0.0000e+00 +0.0000e+00 +0.0000e+00 +0.0000e+00 +0.0000e+00 +0.0000e+00 +0.0000e+00 +0.0000e+00
4 +6.849404623e+01 +6.849404623e+01 +1.361404623e+01 +1.361404623e+01 +8.0168e-02 +1.4319e+00 -2.0473e+00 -2.1742e+00 -2.8127e+00 -1.6810e+00 -4.3440e-01 +2.4191e+00 +3.2529e-01 -1.5753e+00
16 +6.526782280e+01 +6.526782280e+01 +1.038782280e+01 +1.038782280e+01 -7.7316e-01 +1.9360e+00 -1.8092e+00 -1.2305e+00 -4.0261e+00 -3.8335e+00 -1.3542e+00 +3.8631e+00 +8.9580e-01 -1.9418e+00
25 +5.962767139e+01 +5.962767139e+01 +4.747671386e+00 +4.747671386e+00 +5.7166e-01 +1.4649e+00 -1.0372e+00 -2.1058e+00 -2.8242e+00 -3.5953e+00 -2.1763e+00 +2.9127e+00 +5.5594e-01 -2.3460e-01
32 +5.232429360e+01 +5.232429360e+01 -2.555706396e+00 -2.555706396e+00 +8.8359e-01 -3.3927e-01 -6.7877e-01 -2.4660e+00 -2.1759e+00 -3.4774e+00 -2.4115e+00 +3.1468e+00 +7.2664e-01 -9.0398e-01
42 +5.012927113e+01 +5.012927113e+01 -4.750728874e+00 -4.750728874e+00 -3.8434e-01 -5.2127e-01 -7.8708e-01 -2.5751e+00 -1.2339e+00 -3.9927e+00 -1.7004e+00 +2.1488e+00 +6.0106e-01 -1.3526e+00
55 +3.392152988e+01 +3.392152988e+01 -2.095847012e+01 -2.095847012e+01 -3.7476e-01 +9.4105e-01 -8.8275e-02 -2.1741e+00 -1.7917e+00 -4.8561e+00 -2.7987e+00 +1.8881e+00 -3.4546e-01 -8.8891e-01
260 +3.068185789e+01 +3.068185789e+01 -2.419814211e+01 -2.419814211e+01 +6.5460e-01 +2.9265e+00 -2.6959e-01 -2.3053e+00 -1.6740e-01 -5.2884e+00 -1.9928e+00 +2.5569e+00 -1.4242e-01 -1.4075e+00
357 +2.656092965e+01 +2.656092965e+01 -2.831907035e+01 -2.831907035e+01 +8.4946e-01 +2.8976e+00 +8.4275e-02 -1.6444e+00 +4.1326e-01 -5.1355e+00 -2.6142e+00 +2.0060e+00 -4.8086e-01 -9.4065e-01
521 +2.569070244e+01 +2.569070244e+01 -2.918929756e+01 -2.918929756e+01 +5.0725e-01 +1.3462e+00 -3.6487e-01 -1.2239e+00 -4.5610e-01 -4.2563e+00 -3.3713e+00 +1.6915e+00 +1.5262e-03 -1.7327e+00
603 +2.497137362e+01 +2.497137362e+01 -2.990862638e+01 -2.990862638e+01 +1.0149e+00 -4.4078e-01 -4.7717e-01 -1.5552e+00 -1.5523e+00 -3.8625e+00 -2.7587e+00 +1.0961e+00 +5.2712e-01 -4.3192e+00
618 +1.776178442e+01 +1.776178442e+01 -3.711821558e+01 -3.711821558e+01 +2.6813e+00 +3.7427e-01 +7.0754e-01 -1.1539e+00 -1.2680e+00 -3.6574e+00 -2.9037e+00 +1.3441e+00 +6.0845e-01 -3.9976e+00
1557 +1.564896774e+01 +1.564896774e+01 -3.923103226e+01 -3.923103226e+01 +2.0257e+00 +1.6157e+00 -2.5912e-01 -1.3656e+00 -6.8181e-01 -4.2927e+00 -2.9031e+00 +1.5607e+00 +6.9279e-01 -3.9594e+00
2720 +1.540664674e+01 +1.540664674e+01 -3.947335326e+01 -3.947335326e+01 +2.2366e+00 +1.4798e+00 -3.5277e-01 -1.4998e+00 -9.1551e-01 -4.3780e+00 -2.5934e+00 +1.7958e+00 +1.2840e+00 -4.4675e+00
3236 +1.503093651e+01 +1.503093651e+01 -3.984906349e+01 -3.984906349e+01 +1.8801e+00 +1.0984e+00 -7.6953e-02 -1.4402e+00 -9.0438e-01 -4.1803e+00 -2.7208e+00 +1.8192e+00 +1.2175e+00 -4.0682e+00
4374 +1.470905014e+01 +1.470905014e+01 -4.017094986e+01 -4.017094986e+01 +2.0429e+00 +1.2489e+00 -1.8846e-01 -1.5596e+00 -1.0866e+00 -4.2942e+00 -2.6926e+00 +1.8416e+00 +1.1767e+00 -4.1054e+00
% function evaluation | noise-free fitness - Fopt (-2.253700000000e+02) | best noise-free fitness - Fopt | measured fitness | best measured fitness | x1 | x2...
1 +7.423652680e+01 +7.423652680e+01 -1.511334732e+02 -1.511334732e+02 +0.0000e+00 +0.0000e+00 +0.0000e+00 +0.0000e+00 +0.0000e+00 +0.0000e+00 +0.0000e+00 +0.0000e+00 +0.0000e+00 +0.0000e+00
2 +6.627419613e+01 +6.627419613e+01 -1.590958039e+02 -1.590958039e+02 -1.1495e+00 +8.0480e-01 +1.8678e-01 +6.2620e-01 +5.1848e-01 -1.6034e+00 -2.4348e-01 +2.3086e+00 -2.1758e+00 -7.7638e-01
21 +6.293081069e+01 +6.293081069e+01 -1.624391893e+02 -1.624391893e+02 -4.8179e-01 +1.2254e-01 -7.3721e-01 +6.7028e-02 +7.3888e-01 -2.7114e+00 -1.3868e+00 +3.6929e+00 -2.3070e+00 -2.5125e+00
63 +6.100512865e+01 +6.100512865e+01 -1.643648713e+02 -1.643648713e+02 -4.0324e+00 +2.5478e-02 -5.4373e-01 -3.4883e+00 +7.6894e-01 -3.6033e+00 +3.3468e-01 +3.4575e+00 -2.7475e+00 -1.1320e-01
96 +5.953865811e+01 +5.953865811e+01 -1.658313419e+02 -1.658313419e+02 -1.9772e+00 +1.3535e+00 -8.3114e-01 -6.9535e-01 +3.6226e-01 -1.2732e+00 +6.3494e-01 +3.4076e+00 -1.9123e+00 +2.3415e-01
103 +5.806390118e+01 +5.806390118e+01 -1.673060988e+02 -1.673060988e+02 -2.6538e+00 +3.7038e-02 -1.4553e+00 -7.0913e-01 +8.1312e-01 -3.1027e+00 +1.7030e+00 +4.1548e+00 -2.1678e+00 -4.2050e-01
110 +5.127760219e+01 +5.127760219e+01 -1.740923978e+02 -1.740923978e+02 -3.1199e+00 +1.4550e+00 -4.8945e-01 -2.8971e+00 +1.4247e+00 -1.5458e+00 -9.9506e-01 +3.7229e+00 -4.1401e+00 -1.0596e+00
137 +4.808994010e+01 +4.808994010e+01 -1.772800599e+02 -1.772800599e+02 -2.6677e+00 +2.7849e+00 -1.8738e+00 -1.4590e+00 +1.4416e+00 -2.4117e+00 +6.8395e-02 +1.7447e+00 -4.0726e+00 -8.5532e-01
167 +4.468736019e+01 +4.468736019e+01 -1.806826398e+02 -1.806826398e+02 -3.3846e+00 +6.8365e-01 -1.6559e+00 -1.7802e+00 +2.6844e+00 -1.9041e+00 +3.5209e-01 +4.0594e+00 -4.1476e+00 +3.8147e-02
203 +4.199395170e+01 +4.199395170e+01 -1.833760483e+02 -1.833760483e+02 -4.2622e+00 +1.2283e+00 -2.1193e+00 +2.5890e-02 +1.3841e+00 -2.4791e+00 -6.8892e-01 +4.1033e+00 -3.0713e+00 -1.3508e+00
229 +4.102400909e+01 +4.102400909e+01 -1.843459909e+02 -1.843459909e+02 -3.6714e+00 +1.1227e+00 -1.7264e+00 +1.3471e-01 +2.7106e+00 -3.1764e+00 -2.0805e+00 +3.4314e+00 -1.5396e+00 -1.3030e+00
235 +2.881552537e+01 +2.881552537e+01 -1.965544746e+02 -1.965544746e+02 -3.1017e+00 +1.6993e+00 -2.8512e+00 +3.2952e-01 +1.5901e+00 -3.5568e+00 -2.1150e+00 +3.1431e+00 -2.2981e+00 -1.9127e-01
684 +2.760121721e+01 +2.760121721e+01 -1.977687828e+02 -1.977687828e+02 -2.4815e+00 +1.5377e+00 -1.9473e+00 -1.6714e+00 +1.5426e+00 -2.1618e+00 -1.2972e+00 +3.9681e+00 -2.4952e+00 +3.6194e-01
817 +2.581714713e+01 +2.581714713e+01 -1.995528529e+02 -1.995528529e+02 -2.4797e+00 +1.4755e+00 -1.8264e+00 -5.3198e-01 +1.3408e+00 -3.9122e+00 -1.0492e+00 +2.6825e+00 -3.0183e+00 -4.9846e-01
968 +2.412504569e+01 +2.412504569e+01 -2.012449543e+02 -2.012449543e+02 -3.1434e+00 +1.9096e+00 -2.2201e+00 -9.2512e-01 +1.1090e+00 -3.4066e+00 -1.5776e+00 +3.8103e+00 -2.8121e+00 -4.4741e-01
995 +2.297593475e+01 +2.297593475e+01 -2.023940653e+02 -2.023940653e+02 -2.8597e+00 +1.9235e+00 -1.8452e+00 -1.3162e+00 +1.5234e+00 -3.3939e+00 -1.9518e+00 +3.0861e+00 -2.5759e+00 -2.8377e-01
1005 +2.288508021e+01 +2.288508021e+01 -2.024849198e+02 -2.024849198e+02 -2.8094e+00 +1.9764e+00 -2.0258e+00 -1.2751e+00 +1.6302e+00 -3.0888e+00 -1.4565e+00 +3.4005e+00 -2.8677e+00 -1.5138e-01
1444 +2.213020026e+01 +2.213020026e+01 -2.032397997e+02 -2.032397997e+02 -2.7741e+00 +1.5568e+00 -1.7169e+00 -1.0957e+00 +1.4949e+00 -3.6317e+00 -1.6349e+00 +3.2757e+00 -2.7183e+00 -4.6984e-01
3791 +2.186007153e+01 +2.186007153e+01 -2.035099285e+02 -2.035099285e+02 -2.9254e+00 +1.5833e+00 -1.7985e+00 -1.0684e+00 +1.7030e+00 -3.4220e+00 -1.6346e+00 +3.5889e+00 -2.7448e+00 -3.0453e-01
% function evaluation | noise-free fitness - Fopt (-2.212900000000e+02) | best noise-free fitness - Fopt | measured fitness | best measured fitness | x1 | x2...
1 +7.841545343e+01 +7.841545343e+01 -1.428745466e+02 -1.428745466e+02 +0.0000e+00 +0.0000e+00 +0.0000e+00 +0.0000e+00 +0.0000e+00 +0.0000e+00 +0.0000e+00 +0.0000e+00 +0.0000e+00 +0.0000e+00
3 +7.715628334e+01 +7.715628334e+01 -1.441337167e+02 -1.441337167e+02 -2.4030e+00 +5.7002e-01 -1.3580e+00 +1.5020e+00 +1.2080e+00 -9.6680e-01 -3.1544e+00 -1.5415e+00 +6.8706e-01 -2.9456e-01
6 +7.579377238e+01 +7.579377238e+01 -1.454962276e+02 -1.454962276e+02 -2.1773e+00 -1.1225e+00 +2.1342e+00 +3.4071e+00 +5.9919e-01 +4.8294e-02 -9.1823e-01 +3.1135e-01 -4.8787e-01 +2.9504e-01
30 +7.071344019e+01 +7.071344019e+01 -1.505765598e+02 -1.505765598e+02 +1.1366e-01 -2.2801e+00 -1.4350e-01 +2.6340e+00 +5.5108e-01 -7.4183e-01 -4.1693e+00 -2.0620e+00 -2.4522e+00 -9.3549e-01
46 +6.381120091e+01 +6.381120091e+01 -1.574787991e+02 -1.574787991e+02 +3.3903e+00 -2.3003e+00 -7.9421e-01 +1.4497e+00 +3.5844e-01 -1.5097e+00 -2.9390e-01 -1.0450e+00 -1.4499e+00 -3.2548e-02
123 +5.879216986e+01 +5.879216986e+01 -1.624978301e+02 -1.624978301e+02 -1.2940e+00 -1.1279e+00 -2.9812e+00 +2.8798e+00 -3.2457e+00 -9.2837e-01 +1.5310e-01 -1.2101e+00 -3.0874e-01 +1.2580e+00
137 +4.480234476e+01 +4.480234476e+01 -1.764876552e+02 -1.764876552e+02 -1.6503e+00 -1.2407e+00 -2.7389e+00 +2.3980e+00 -2.5116e+00 -1.9210e+00 +1.8670e+00 -1.4637e+00 -3.6372e-01 +2.6916e+00
187 +3.986686938e+01 +3.986686938e+01 -1.814231306e+02 -1.814231306e+02 -1.8633e+00 -2.2675e+00 -3.3683e+00 +3.1445e+00 -2.7826e+00 -1.4228e+00 +3.1661e+00 +9.8669e-01 -2.9105e+00 +2.0126e+00
207 +2.294533737e+01 +2.294533737e+01 -1.983446626e+02 -1.983446626e+02 -2.2585e+00 -2.4817e+00 -4.3300e+00 +2.1833e+00 -1.7437e+00 -2.6068e+00 +4.0223e+00 +9.1246e-01 -4.0440e-01 +1.0056e+00
233 +2.197447013e+01 +2.197447013e+01 -1.993155299e+02 -1.993155299e+02 -2.2773e+00 -1.9372e+00 -5.2414e+00 +1.6331e+00 -2.2366e+00 -1.9236e+00 +4.9345e+00 +1.0414e+00 -1.3009e+00 +1.5877e-01
334 +2.099189679e+01 +2.099189679e+01 -2.002981032e+02 -2.002981032e+02 -1.2950e+00 -2.7603e+00 -3.9898e+00 +3.0432e+00 -2.4320e+00 -1.1413e+00 +3.3122e+00 +3.8426e-01 +2.6461e-01 +9.6021e-01
364 +2.079786656e+01 +2.079786656e+01 -2.004921334e+02 -2.004921334e+02 -7.6990e-01 -1.6044e+00 -4.2900e+00 +2.1070e+00 -3.2548e+00 -2.3917e+00 +4.2686e+00 +9.5534e-01 -5.9313e-01 +8.1792e-01
377 +1.852063329e+01 +1.852063329e+01 -2.027693667e+02 -2.027693667e+02 -8.1686e-01 -1.7558e+00 -3.2161e+00 +2.2803e+00 -2.6905e+00 -1.8873e+00 +4.6064e+00 -4.1358e-01 -4.3908e-01 +8.2598e-01
391 +1.740157187e+01 +1.740157187e+01 -2.038884281e+02 -2.038884281e+02 -1.4711e+00 -2.3802e+00 -4.1224e+00 +2.3045e+00 -2.8888e+00 -1.7837e+00 +5.0621e+00 -1.9459e-01 -1.2643e+00 +6.3740e-01
456 +1.711391249e+01 +1.711391249e+01 -2.041760875e+02 -2.041760875e+02 -1.5452e+00 -1.8800e+00 -4.1997e+00 +1.7798e+00 -2.2320e+00 -1.3229e+00 +4.6817e+00 -9.2653e-01 -3.6850e-01 -1.3176e-02
629 +1.654698852e+01 +1.654698852e+01 -2.047430115e+02 -2.047430115e+02 -1.5679e+00 -1.8179e+00 -4.2475e+00 +1.9450e+00 -2.3188e+00 -1.5226e+00 +3.6714e+00 +1.6123e-01 +2.7493e-01 +7.0431e-01
642 +1.458716025e+01 +1.458716025e+01 -2.067028398e+02 -2.067028398e+02 -2.1604e+00 -9.8250e-01 -3.9338e+00 +1.9728e+00 -2.4069e+00 -1.8990e+00 +4.2021e+00 -6.2299e-02 -3.9126e-01 +2.5752e-01
1142 +1.395673229e+01 +1.395673229e+01 -2.073332677e+02 -2.073332677e+02 -1.7041e+00 -1.7115e+00 -4.4151e+00 +2.8257e+00 -3.0401e+00 -1.3116e+00 +4.0723e+00 -1.6670e-01 -1.1047e+00 +1.8174e-01
1316 +1.340775183e+01 +1.340775183e+01 -2.078822482e+02 -2.078822482e+02 -1.8250e+00 -1.6321e+00 -4.2978e+00 +2.6930e+00 -3.0112e+00 -1.9527e+00 +4.3230e+00 +3.0013e-01 -6.5600e-01 +7.9599e-01
1429 +1.299175958e+01 +1.299175958e+01 -2.082982404e+02 -2.082982404e+02 -1.6357e+00 -1.3931e+00 -4.5630e+00 +2.0059e+00 -3.4744e+00 -1.8323e+00 +4.1996e+00 -3.5454e-01 -3.6918e-01 +6.1018e-01
1504 +1.225123049e+01 +1.225123049e+01 -2.090387695e+02 -2.090387695e+02 -1.6113e+00 -1.8655e+00 -4.7671e+00 +2.3553e+00 -2.6029e+00 -1.3867e+00 +3.9808e+00 -1.0259e-01 -7.3742e-01 +3.6412e-01
2085 +1.181272446e+01 +1.181272446e+01 -2.094772755e+02 -2.094772755e+02 -1.9821e+00 -1.8047e+00 -4.6649e+00 +2.3815e+00 -2.7274e+00 -2.2769e+00 +4.1473e+00 -3.0029e-01 -6.8424e-01 +3.1802e-01
2145 +1.171485552e+01 +1.171485552e+01 -2.095751445e+02 -2.095751445e+02 -1.7926e+00 -1.8499e+00 -4.5444e+00 +2.2341e+00 -2.6444e+00 -2.1427e+00 +4.6682e+00 -3.0866e-01 -4.0945e-01 +4.5169e-01
2829 +1.144130927e+01 +1.144130927e+01 -2.098486907e+02 -2.098486907e+02 -2.0364e+00 -1.6082e+00 -4.3163e+00 +2.2091e+00 -2.7212e+00 -1.7615e+00 +4.2657e+00 -4.2477e-01 -6.0465e-01 +4.5695e-01
4198 +1.120424878e+01 +1.120424878e+01 -2.100857512e+02 -2.100857512e+02 -1.8220e+00 -1.7630e+00 -4.4680e+00 +2.1923e+00 -2.7509e+00 -2.0486e+00 +4.3054e+00 -2.7245e-01 -4.3900e-01 +4.4901e-01
% function evaluation | noise-free fitness - Fopt (1.065700000000e+02) | best noise-free fitness - Fopt | measured fitness | best measured fitness | x1 | x2...
1 +8.300259924e+01 +8.300259924e+01 +1.895725992e+02 +1.895725992e+02 +0.0000e+00 +0.0000e+00 +0.0000e+00 +0.0000e+00 +0.0000e+00 +0.0000e+00 +0.0000e+00 +0.0000e+00 +0.0000e+00 +0.0000e+00
3 +8.001014559e+01 +8.001014559e+01 +1.865801456e+02 +1.865801456e+02 +6.1890e-01 -9.7957e-01 +1.9980e-01 +5.7511e-01 -3.1358e-01 +8.6306e-01 -5.2727e-01 +2.5548e-01 -2.8980e-01 -2.5749e+00
7 +7.114097049e+01 +7.114097049e+01 +1.777109705e+02 +1.777109705e+02 -7.2599e-01 -5.3777e-01 +1.0909e+00 +1.8179e+00 -5.2320e-01 -7.2122e-01 +3.4946e-02 +1.1875e+00 +1.4294e+00 +2.4375e+00
10 +6.763111738e+01 +6.763111738e+01 +1.742011174e+02 +1.742011174e+02 +2.1337e+00 +7.6823e-01 +8.6529e-01 +1.8068e+00 -1.8693e+00 +9.4132e-01 +4.3466e+00 +4.4227e-01 +2.3331e-01 -1.0248e+00
17 +6.433550143e+01 +6.433550143e+01 +1.709055014e+02 +1.709055014e+02 +1.7479e+00 -1.0298e+00 +1.5593e+00 +1.1814e+00 -2.7641e+00 +5.7139e-01 +4.9659e+00 +1.3959e+00 +1.2616e-02 +1.1022e-01
25 +6.265594837e+01 +6.265594837e+01 +1.692259484e+02 +1.692259484e+02 +2.7307e+00 +3.4684e-01 +1.2266e+00 +1.5535e+00 -2.9628e+00 +1.5827e+00 +5.7418e+00 +1.4898e+00 -1.0626e+00 -2.7499e+00
34 +6.150764448e+01 +6.150764448e+01 +1.680776445e+02 +1.680776445e+02 +2.5431e+00 +4.1241e-01 -1.9539e-01 +1.4066e-01 -2.4157e+00 +4.4733e-01 +4.5323e+00 +3.0931e+00 -2.1287e+00 -3.2283e+00
37 +5.917127178e+01 +5.917127178e+01 +1.657412718e+02 +1.657412718e+02 +2.1562e+00 +1.5335e+00 +1.0596e+00 +7.3253e-01 -3.1849e+00 +7.7240e-01 +6.0840e+00 +1.6185e+00 -1.3287e+00 -3.6004e+00
46 +2.707820112e+01 +2.707820112e+01 +1.336482011e+02 +1.336482011e+02 +2.7124e+00 +1.2091e+00 +1.6746e+00 +5.3494e-01 -3.3545e+00 -4.4726e-01 +4.4975e+00 +1.8845e+00 -1.3576e+00 -3.8534e+00
76 +2.232820900e+01 +2.232820900e+01 +1.288982090e+02 +1.288982090e+02 +2.0113e+00 +1.6598e+00 +7.8301e-01 +1.2792e+00 -3.1168e+00 -1.9344e+00 +4.2037e+00 +1.9458e+00 -2.1409e+00 -3.3776e+00
101 +1.815606703e+01 +1.815606703e+01 +1.247260670e+02 +1.247260670e+02 +1.4623e+00 +7.8102e-01 +2.4761e+00 +1.2398e+00 -2.1464e+00 -9.4158e-01 +3.4363e+00 +2.7512e+00 -8.2412e-01 -3.5798e+00
131 +1.352514458e+01 +1.352514458e+01 +1.200951446e+02 +1.200951446e+02 +3.9898e-01 +1.3683e+00 +3.1238e+00 +1.5572e+00 -3.7777e+00 -1.7927e+00 +4.9329e+00 +3.1949e+00 -7.1858e-01 -1.6971e+00
225 +9.037994267e+00 +9.037994267e+00 +1.156079943e+02 +1.156079943e+02 +1.7342e+00 +4.6338e-01 +2.7731e+00 +2.2202e+00 -3.5104e+00 -2.0542e+00 +4.3706e+00 +2.5252e+00 -1.5347e+00 -2.8398e+00
492 +8.210038973e+00 +8.210038973e+00 +1.147800390e+02 +1.147800390e+02 +4.7351e-01 +3.6324e-01 +2.2384e+00 +1.4562e+00 -3.9453e+00 -2.8568e+00 +4.0663e+00 +3.2978e+00 -1.4356e+00 -3.2049e+00
713 +6.866256927e+00 +6.866256927e+00 +1.134362569e+02 +1.134362569e+02 +1.3644e+00 +1.2296e+00 +2.3448e+00 +1.5875e+00 -4.1727e+00 -1.7060e+00 +3.5856e+00 +2.8888e+00 -2.2025e+00 -2.3432e+00
1323 +6.758833921e+00 +6.758833921e+00 +1.133288339e+02 +1.133288339e+02 +1.2954e+00 +1.0398e+00 +2.1630e+00 +1.3152e+00 -4.3501e+00 -1.7529e+00 +3.7800e+00 +3.5007e+00 -1.3789e+00 -3.3520e+00
1419 +6.090989384e+00 +6.090989384e+00 +1.126609894e+02 +1.126609894e+02 +1.5065e+00 +1.1632e+00 +2.1640e+00 +1.5700e+00 -3.9347e+00 -1.7593e+00 +3.7829e+00 +3.1398e+00 -1.6869e+00 -2.6188e+00
1640 +5.866788450e+00 +5.866788450e+00 +1.124367884e+02 +1.124367884e+02 +1.0362e+00 +6.6631e-01 +2.4607e+00 +1.3544e+00 -4.0191e+00 -1.8264e+00 +3.9874e+00 +2.8598e+00 -1.7395e+00 -2.4682e+00
2352 +5.516662363e+00 +5.516662363e+00 +1.120866624e+02 +1.120866624e+02 +9.5359e-01 +7.3788e-01 +2.3360e+00 +1.3960e+00 -3.7441e+00 -1.9591e+00 +3.9185e+00 +2.8797e+00 -1.5816e+00 -2.7934e+00
2662 +5.494508432e+00 +5.494508432e+00 +1.120645084e+02 +1.120645084e+02 +1.2331e+00 +8.4320e-01 +2.5139e+00 +1.3282e+00 -4.1647e+00 -1.6603e+00 +3.8613e+00 +2.8817e+00 -1.4976e+00 -2.8842e+00
2675 +5.311920107e+00 +5.311920107e+00 +1.118819201e+02 +1.118819201e+02 +1.1194e+00 +1.0270e+00 +2.3758e+00 +1.5681e+00 -3.9564e+00 -1.7025e+00 +3.9523e+00 +3.0102e+00 -1.4923e+00 -2.8753e+00
3209 +5.239503108e+00 +5.239503108e+00 +1.118095031e+02 +1.118095031e+02 +9.7207e-01 +9.3915e-01 +2.3484e+00 +1.5172e+00 -4.0187e+00 -1.7961e+00 +4.0194e+00 +2.9472e+00 -1.4498e+00 -2.8241e+00
4103 +5.108677776e+00 +5.108677776e+00 +1.116786778e+02 +1.116786778e+02 +9.8288e-01 +1.0010e+00 +2.4547e+00 +1.4057e+00 -4.0410e+00 -1.7892e+00 +3.8361e+00 +2.9436e+00 -1.5119e+00 -2.8252e+00
% function evaluation | noise-free fitness - Fopt (-1.284800000000e+02) | best noise-free fitness - Fopt | measured fitness | best measured fitness | x1 | x2...
1 +7.613632105e+01 +7.613632105e+01 -5.234367895e+01 -5.234367895e+01 +0.0000e+00 +0.0000e+00 +0.0000e+00 +0.0000e+00 +0.0000e+00 +0.0000e+00 +0.0000e+00 +0.0000e+00 +0.0000e+00 +0.0000e+00
3 +7.170603673e+01 +7.170603673e+01 -5.677396327e+01 -5.677396327e+01 +6.2621e-02 +9.4045e-01 -4.0353e-01 -6.4127e-01 -7.4820e-01 +1.0701e+00 +5.7945e-01 +2.1095e+00 -1.2032e+00 +1.9182e+00
23 +6.800956889e+01 +6.800956889e+01 -6.047043111e+01 -6.047043111e+01 +1.8616e+00 -3.1568e+00 -4.6057e-01 -1.3397e+00 +1.0299e+00 -9.8477e-02 -2.8366e+00 -1.2576e+00 +1.0533e+00 -2.1069e+00
25 +6.650685747e+01 +6.650685747e+01 -6.197314253e+01 -6.197314253e+01 -5.0240e-01 -2.1247e+00 -2.0114e-01 -8.2125e-01 +2.2189e+00 -8.2002e-01 -1.9312e+00 -2.2100e+00 +2.0098e+00 -4.0099e+00
35 +6.172051022e+01 +6.172051022e+01 -6.675948978e+01 -6.675948978e+01 +4.4556e-01 -1.8722e+00 -1.8936e-01 -9.0518e-01 +1.4898e+00 -9.2115e-02 -1.6965e+00 -1.3391e+00 +1.8867e+00 -3.8282e+00
38 +5.587181579e+01 +5.587181579e+01 -7.260818421e+01 -7.260818421e+01 -6.4574e-04 -2.3210e+00 +7.6886e-01 +1.2689e-01 +2.0363e+00 -8.4388e-01 -3.0803e+00 -2.2191e+00 +1.8785e+00 -3.1371e+00
65 +3.990790548e+01 +3.990790548e+01 -8.857209452e+01 -8.857209452e+01 +9.5368e-01 -3.2379e+00 -7.7753e-01 +6.3428e-01 +3.7944e+00 +1.0358e+00 -6.1360e-01 -1.8737e+00 +7.8540e-01 -1.9291e+00
93 +3.134632451e+01 +3.134632451e+01 -9.713367549e+01 -9.713367549e+01 +1.5095e+00 -2.5616e+00 -2.4227e-01 +7.4926e-01 +2.6630e+00 +1.4236e+00 -1.2674e+00 -2.6215e+00 +1.8925e+00 -7.8440e-01
126 +2.147912157e+01 +2.147912157e+01 -1.070008784e+02 -1.070008784e+02 +4.5204e+00 -4.5536e+00 +3.2898e-01 +1.9791e-01 +2.2750e+00 +1.3947e+00 -1.4522e+00 -3.3960e+00 +1.5701e+00 -5.9636e-02
131 +1.452736008e+01 +1.452736008e+01 -1.139526399e+02 -1.139526399e+02 +3.1123e+00 -5.4680e+00 +3.1127e-01 +6.1170e-01 +2.0017e+00 +2.4674e+00 -5.3486e-01 -2.7655e+00 +2.0091e+00 -6.0668e-01
139 +1.280772575e+01 +1.280772575e+01 -1.156722743e+02 -1.156722743e+02 +3.9614e+00 -6.2233e+00 -2.4632e-03 +1.4223e+00 +1.8884e+00 +1.2571e+00 -1.4388e-01 -2.9216e+00 +2.5695e+00 -1.2363e-01
190 +1.222943178e+01 +1.222943178e+01 -1.162505682e+02 -1.162505682e+02 +3.3286e+00 -4.1557e+00 +1.1652e+00 +6.4815e-01 +1.5183e+00 -2.2277e+00 -2.2199e+00 -2.6188e+00 +2.5443e+00 +1.6262e+00
202 +9.865922628e+00 +9.865922628e+00 -1.186140774e+02 -1.186140774e+02 +2.5111e+00 -3.0613e+00 +1.1811e+00 +1.1125e+00 +9.7340e-01 -1.5794e+00 -1.7930e+00 -2.3209e+00 +2.8135e+00 -3.3370e-01
221 +4.358020601e+00 +4.358020601e+00 -1.241219794e+02 -1.241219794e+02 +2.9493e+00 -4.0764e+00 +1.2120e+00 +6.8811e-01 +2.0081e+00 -1.2750e+00 -1.6420e+00 -2.2983e+00 +2.6449e+00 -1.0209e+00
735 +2.455669786e+00 +2.455669786e+00 -1.260243302e+02 -1.260243302e+02 +3.5653e+00 -4.7973e+00 +1.4756e+00 +2.6816e-01 +2.3124e+00 -4.9532e-01 -1.3171e+00 -2.6169e+00 +2.7650e+00 -1.4511e-01
746 +2.368654621e+00 +2.368654621e+00 -1.261113454e+02 -1.261113454e+02 +3.1257e+00 -4.7661e+00 +1.3051e+00 +3.7010e-01 +1.7043e+00 -6.6929e-01 -1.6678e+00 -2.4732e+00 +3.2731e+00 -5.9255e-01
959 +2.238898607e+00 +2.238898607e+00 -1.262411014e+02 -1.262411014e+02 +3.1030e+00 -5.4395e+00 +1.3856e+00 +5.2993e-01 +9.5247e-01 -7.6333e-01 -1.2138e+00 -2.6001e+00 +3.7635e+00 -2.7222e-01
1081 +2.134226190e+00 +2.134226190e+00 -1.263457738e+02 -1.263457738e+02 +1.9550e+00 -5.2585e+00 +1.1226e+00 +1.2573e+00 +9.9523e-01 -2.9504e-01 -1.3446e+00 -2.3734e+00 +2.8361e+00 -6.3212e-01
1419 +2.067348583e+00 +2.067348583e+00 -1.264126514e+02 -1.264126514e+02 +2.9645e+00 -5.1636e+00 +1.0702e+00 +8.4265e-01 +1.4844e+00 -3.8259e-01 -1.4792e+00 -2.4742e+00 +3.5482e+00 -2.8854e-01
1683 +1.973398049e+00 +1.973398049e+00 -1.265066020e+02 -1.265066020e+02 +3.1539e+00 -5.0337e+00 +7.5636e-01 +8.6878e-01 +2.1664e+00 -7.1869e-02 -1.0313e+00 -2.8583e+00 +2.3547e+00 +7.9025e-02
1825 +1.283054205e+00 +1.283054205e+00 -1.271969458e+02 -1.271969458e+02 +3.2083e+00 -4.7472e+00 +1.4158e+00 +1.2711e+00 +1.7143e+00 -1.2963e+00 -1.4165e+00 -2.5884e+00 +2.8258e+00 +1.9324e-01
2566 +1.038204460e+00 +1.038204460e+00 -1.274417955e+02 -1.274417955e+02 +3.0336e+00 -4.6469e+00 +1.4002e+00 +1.7235e+00 +2.2828e+00 -4.2927e-01 -1.0417e+00 -2.3213e+00 +2.6139e+00 -9.2650e-02
2964 +1.011459830e+00 +1.011459830e+00 -1.274685402e+02 -1.274685402e+02 +2.9685e+00 -4.6702e+00 +1.4212e+00 +1.6550e+00 +2.0291e+00 -7.2382e-01 -1.0776e+00 -2.4482e+00 +2.7559e+00 +1.8261e-01
2990 +8.945206562e-01 +8.945206562e-01 -1.275854793e+02 -1.275854793e+02 +2.9443e+00 -4.5210e+00 +1.4422e+00 +1.3674e+00 +2.0769e+00 -9.3584e-01 -1.3635e+00 -2.4084e+00 +2.8777e+00 +4.0037e-02
3332 +7.692168096e-01 +7.692168096e-01 -1.277107832e+02 -1.277107832e+02 +2.9265e+00 -4.5250e+00 +1.2461e+00 +1.5614e+00 +2.1717e+00 -9.2592e-01 -1.1624e+00 -2.4834e+00 +2.7214e+00 +3.0650e-03
4217 +7.522638221e-01 +7.522638221e-01 -1.277277362e+02 -1.277277362e+02 +2.9382e+00 -4.8696e+00 +1.1760e+00 +1.4156e+00 +1.7897e+00 -7.5158e-01 -1.2717e+00 -2.5397e+00 +2.7682e+00 +4.3789e-02
4322 +7.316395584e-01 +7.316395584e-01 -1.277483604e+02 -1.277483604e+02 +2.9838e+00 -4.7217e+00 +1.3650e+00 +1.3880e+00 +2.0314e+00 -7.8554e-01 -1.2370e+00 -2.4738e+00 +2.8149e+00 +3.3891e-02
4890 +7.236250791e-01 +7.236250791e-01 -1.277563749e+02 -1.277563749e+02 +3.0336e+00 -4.6691e+00 +1.3004e+00 +1.3980e+00 +2.0916e+00 -9.3494e-01 -1.1196e+00 -2.4868e+00 +2.7819e+00 +2.8734e-02
5252 +7.015046777e-01 +7.015046777e-01 -1.277784953e+02 -1.277784953e+02 +3.0070e+00 -4.7561e+00 +1.2526e+00 +1.3080e+00 +1.8559e+00 -8.2051e-01 -1.2101e+00 -2.5555e+00 +2.8595e+00 +5.9801e-03
% function evaluation | noise-free fitness - Fopt (2.358800000000e+02) | best noise-free fitness - Fopt | measured fitness | best measured fitness | x1 | x2...
1 +7.719099149e+01 +7.719099149e+01 +3.130709915e+02 +3.130709915e+02 +0.0000e+00 +0.0000e+00 +0.0000e+00 +0.0000e+00 +0.0000e+00 +0.0000e+00 +0.0000e+00 +0.0000e+00 +0.0000e+00 +0.0000e+00
3 +7.124813397e+01 +7.124813397e+01 +3.071281340e+02 +3.071281340e+02 +1.2304e+00 -5.6341e-01 +1.0942e+00 +1.6993e+00 +1.9070e-01 +1.2733e+00 +1.2903e+00 +6.7201e-02 +9.8523e-01 -1.3963e+00
19 +7.058254694e+01 +7.058254694e+01 +3.064625469e+02 +3.064625469e+02 +8.5513e-01 -8.0003e-02 +2.2722e+00 -1.3641e-01 +1.7032e+00 +1.3952e-01 +2.7805e+00 -1.3074e+00 +6.9657e-01 -2.2244e+00
20 +6.706276593e+01 +6.706276593e+01 +3.029427659e+02 +3.029427659e+02 +2.5239e+00 +1.3786e+00 +6.3860e-01 +2.0081e+00 -2.4289e-01 +2.8168e+00 +1.6282e+00 +1.0703e+00 +4.1754e-02 -2.7595e+00
26 +6.343561551e+01 +6.343561551e+01 +2.993156155e+02 +2.993156155e+02 +1.7364e+00 -2.8829e-01 +1.4304e+00 +4.9859e-01 -7.8411e-02 +1.8625e+00 +1.3888e+00 -3.1629e-02 -1.1126e+00 -2.8723e+00
34 +5.704215245e+01 +5.704215245e+01 +2.929221525e+02 +2.929221525e+02 +1.2244e+00 +2.4325e-01 +6.1054e-01 +5.9846e-01 +9.7561e-02 +1.9157e+00 +9.8807e-01 -1.7476e-03 -8.9657e-01 -2.5058e+00
37 +3.931935596e+01 +3.931935596e+01 +2.751993560e+02 +2.751993560e+02 -3.6634e-01 +1.5222e+00 +4.1885e-01 +1.6335e+00 +4.3254e-01 +3.4416e+00 +1.6541e+00 -6.4657e-01 -2.5995e+00 -2.4032e+00
46 +3.401335911e+01 +3.401335911e+01 +2.698933591e+02 +2.698933591e+02 -1.0799e+00 +3.2999e+00 -3.0136e-01 +1.3753e+00 +2.3291e-01 +4.4652e+00 +9.6934e-01 -2.3752e-01 -4.0042e+00 -2.3918e+00
55 +2.945672669e+01 +2.945672669e+01 +2.653367267e+02 +2.653367267e+02 -1.9464e+00 +1.8728e+00 -7.9758e-01 +1.9778e+00 +8.2414e-01 +2.8142e+00 +1.5957e+00 -4.5178e-01 -3.8591e+00 -2.7973e+00
66 +2.076002689e+01 +2.076002689e+01 +2.566400269e+02 +2.566400269e+02 -2.5186e-01 -7.7148e-02 -1.1399e+00 +8.3214e-01 +1.1190e+00 +2.2289e+00 +1.8054e+00 +8.6439e-02 -3.6815e+00 -3.3716e+00
85 +1.799531467e+01 +1.799531467e+01 +2.538753147e+02 +2.538753147e+02 -3.3051e+00 +1.4397e-01 -2.5411e+00 +1.1319e+00 +2.6956e+00 +1.1044e+00 +3.8509e+00 -1.4554e+00 -4.2859e+00 -4.9883e+00
423 +1.534741254e+01 +1.534741254e+01 +2.512274125e+02 +2.512274125e+02 -1.3238e+00 +1.0312e+00 -1.5677e+00 +2.2484e+00 +9.7311e-01 +2.5650e+00 +2.7273e+00 -2.9809e-01 -3.0334e+00 -3.1992e+00
436 +1.224570800e+01 +1.224570800e+01 +2.481257080e+02 +2.481257080e+02 -1.3292e+00 +2.4452e-01 -1.4740e+00 +1.5616e+00 +1.1150e+00 +1.8080e+00 +2.2790e+00 -8.8245e-01 -3.0958e+00 -5.0236e+00
661 +1.127719361e+01 +1.127719361e+01 +2.471571936e+02 +2.471571936e+02 -1.7843e+00 -1.2143e-01 -2.2496e+00 +1.4846e+00 +2.1622e+00 +1.6081e+00 +2.6109e+00 -1.2662e+00 -3.8840e+00 -4.5495e+00
695 +9.936641525e+00 +9.936641525e+00 +2.458166415e+02 +2.458166415e+02 -2.3335e+00 +3.8970e-01 -7.7589e-01 +1.9134e+00 +1.7288e+00 +1.7220e+00 +2.4364e+00 +5.1560e-01 -3.1090e+00 -4.5881e+00
984 +9.251758196e+00 +9.251758196e+00 +2.451317582e+02 +2.451317582e+02 -1.9566e+00 +1.3022e-01 -2.0341e+00 +3.2741e-01 +1.8845e+00 +1.9961e+00 +2.2062e+00 -1.2649e+00 -3.1956e+00 -4.3454e+00
1232 +9.113183570e+00 +9.113183570e+00 +2.449931836e+02 +2.449931836e+02 -1.6712e+00 +3.8649e-01 -1.7810e+00 +1.3833e+00 +1.0072e+00 +2.4072e+00 +2.2247e+00 -7.4238e-01 -2.9657e+00 -4.0591e+00
1494 +8.197908607e+00 +8.197908607e+00 +2.440779086e+02 +2.440779086e+02 -2.7792e+00 +7.3109e-01 -1.6419e+00 +1.0862e+00 +1.9061e+00 +2.0244e+00 +2.3841e+00 -5.3948e-01 -3.5550e+00 -4.7221e+00
1617 +7.807420150e+00 +7.807420150e+00 +2.436874201e+02 +2.436874201e+02 -2.4991e+00 +7.3610e-01 -1.3418e+00 +1.0057e+00 +2.2052e+00 +2.2316e+00 +2.0799e+00 -2.1501e-02 -3.5078e+00 -4.3211e+00
2143 +7.714263883e+00 +7.714263883e+00 +2.435942639e+02 +2.435942639e+02 -2.0336e+00 +2.5571e-01 -1.4511e+00 +1.3159e+00 +2.3012e+00 +2.2402e+00 +2.6810e+00 -4.4734e-03 -3.6967e+00 -4.1120e+00
2542 +7.489934431e+00 +7.489934431e+00 +2.433699344e+02 +2.433699344e+02 -2.3988e+00 +2.8410e-01 -1.7092e+00 +1.1470e+00 +2.2427e+00 +2.2458e+00 +2.3511e+00 -5.3720e-01 -3.5420e+00 -4.4081e+00
2867 +7.411201387e+00 +7.411201387e+00 +2.432912014e+02 +2.432912014e+02 -2.1779e+00 +4.7529e-01 -1.3334e+00 +1.2116e+00 +2.0923e+00 +2.1781e+00 +2.6244e+00 -4.7246e-01 -3.5229e+00 -4.3099e+00
% function evaluation | noise-free fitness - Fopt (-5.310000000000e+00) | best noise-free fitness - Fopt | measured fitness | best measured fitness | x1 | x2...
1 +8.169166659e+01 +8.169166659e+01 +7.638166659e+01 +7.638166659e+01 +0.0000e+00 +0.0000e+00 +0.0000e+00 +0.0000e+00 +0.0000e+00 +0.0000e+00 +0.0000e+00 +0.0000e+00 +0.0000e+00 +0.0000e+00
8 +7.500361557e+01 +7.500361557e+01 +6.969361557e+01 +6.969361557e+01 -6.6490e-01 +9.9667e-01 -1.9252e-01 -1.2874e+00 +2.0563e+00 -1.1519e+00 +2.1451e+00 -4.8133e-01 +1.4467e-01 +2.4867e+00
15 +7.087743380e+01 +7.087743380e+01 +6.556743380e+01 +6.556743380e+01 -1.5121e+00 -1.3957e-01 +1.0963e+00 -1.4967e+00 +1.0599e+00 -1.0181e+00 +2.3663e+00 -2.2083e+00 -1.1190e+00 +2.5405e+00
17 +6.921508847e+01 +6.921508847e+01 +6.390508847e+01 +6.390508847e+01 -1.7753e+00 +9.2916e-01 -4.9265e-01 -8.0433e-01 +1.2576e+00 -2.5224e+00 +2.2098e+00 -1.7238e+00 +7.1381e-01 +2.5918e+00
23 +6.554574276e+01 +6.554574276e+01 +6.023574276e+01 +6.023574276e+01 -9.9499e-01 +1.0281e+00 -1.7100e-02 -1.8947e+00 +1.2961e+00 -2.3052e+00 +2.2904e+00 -2.1428e+00 +6.0065e-01 +1.5127e+00
34 +6.409368114e+01 +6.409368114e+01 +5.878368114e+01 +5.878368114e+01 -3.0719e+00 -1.0781e+00 -1.9330e-01 -2.4487e+00 -3.2921e-01 -2.4860e+00 +1.9267e+00 -3.1479e+00 +2.1463e-01 +1.3873e+00
51 +5.986781273e+01 +5.986781273e+01 +5.455781273e+01 +5.455781273e+01 -4.4556e+00 -1.6666e+00 +1.0339e+00 -3.5194e+00 +7.1375e-01 -1.9745e+00 +2.3304e-01 -3.7954e+00 +1.3335e+00 +1.8836e+00
58 +5.765419289e+01 +5.765419289e+01 +5.234419289e+01 +5.234419289e+01 -1.5538e+00 -5.3922e-01 +3.0947e-01 -3.3027e+00 -1.0643e+00 -9.9130e-01 +6.3052e-01 -4.4555e+00 +1.2949e+00 +2.7301e+00
66 +4.753989139e+01 +4.753989139e+01 +4.222989139e+01 +4.222989139e+01 -1.9911e+00 -1.2287e+00 +1.4661e+00 -3.1243e+00 -1.0827e+00 -8.6033e-01 +1.9978e+00 -3.7419e+00 +9.3901e-01 +2.3034e+00
72 +3.628129615e+01 +3.628129615e+01 +3.097129615e+01 +3.097129615e+01 -2.5688e+00 +2.0092e-01 +1.7728e+00 -2.6648e+00 -1.3024e+00 -1.1290e+00 +3.2744e+00 -3.4325e+00 +1.6168e+00 +2.5087e+00
120 +3.536934213e+01 +3.536934213e+01 +3.005934213e+01 +3.005934213e+01 -2.7085e+00 +1.1139e+00 +1.5584e-01 -2.4905e+00 +1.0663e+00 -1.0739e+00 +1.3158e+00 -2.0376e+00 +2.6627e+00 +1.0441e+00
164 +3.009416931e+01 +3.009416931e+01 +2.478416931e+01 +2.478416931e+01 -3.5449e+00 +1.6139e-01 +1.3701e+00 -4.0592e+00 -1.4278e-01 +1.5139e-01 +2.0866e+00 -2.4550e+00 +2.6068e+00 +9.0742e-01
169 +1.661440685e+01 +1.661440685e+01 +1.130440685e+01 +1.130440685e+01 -3.4503e+00 +1.0615e+00 +1.0237e+00 -3.1666e+00 +3.6622e-01 -5.0608e-01 +1.7950e+00 -4.1187e+00 +3.6716e+00 -1.7506e-01
362 +1.641318259e+01 +1.641318259e+01 +1.110318259e+01 +1.110318259e+01 -2.7987e+00 +6.6000e-01 +2.0504e+00 -3.0219e+00 +1.0829e+00 -1.5976e+00 +1.5919e+00 -3.3339e+00 +3.4926e+00 +5.2952e-01
692 +1.516325260e+01 +1.516325260e+01 +9.853252602e+00 +9.853252602e+00 -2.5096e+00 +9.3966e-01 +1.6972e+00 -2.7664e+00 +6.1697e-01 -9.7860e-01 +1.7800e+00 -4.6649e+00 +3.9508e+00 +8.9979e-01
785 +1.291064642e+01 +1.291064642e+01 +7.600646425e+00 +7.600646425e+00 -3.1540e+00 +1.2344e+00 +1.8914e+00 -3.4672e+00 +7.0711e-01 -9.6296e-01 +1.5886e+00 -4.4349e+00 +3.4002e+00 -5.0355e-01
1348 +1.279628707e+01 +1.279628707e+01 +7.486287073e+00 +7.486287073e+00 -3.0922e+00 +9.1525e-01 +2.4706e+00 -3.3313e+00 +4.5434e-01 -6.5558e-01 +2.0552e+00 -4.0870e+00 +3.3470e+00 +3.6577e-01
1752 +1.216003603e+01 +1.216003603e+01 +6.850036033e+00 +6.850036033e+00 -3.3140e+00 +1.0061e+00 +2.1254e+00 -3.0554e+00 +4.8459e-01 -7.2212e-01 +1.2815e+00 -4.4684e+00 +3.2148e+00 -8.8355e-03
2090 +1.176384938e+01 +1.176384938e+01 +6.453849381e+00 +6.453849381e+00 -2.9129e+00 +1.1323e+00 +1.7952e+00 -3.2743e+00 +6.8416e-01 -8.7775e-01 +1.6016e+00 -4.2138e+00 +3.5302e+00 +2.3703e-01
2300 +1.157149165e+01 +1.157149165e+01 +6.261491654e+00 +6.261491654e+00 -2.9167e+00 +1.0200e+00 +2.0076e+00 -3.1477e+00 +4.9195e-01 -1.2388e+00 +1.6208e+00 -4.2332e+00 +2.9405e+00 +4.6979e-01
2752 +1.141620860e+01 +1.141620860e+01 +6.106208600e+00 +6.106208600e+00 -3.0020e+00 +9.5215e-01 +1.8227e+00 -3.3063e+00 +3.4513e-01 -1.1273e+00 +1.7113e+00 -4.1684e+00 +3.4337e+00 +3.7287e-01
3836 +1.120294747e+01 +1.120294747e+01 +5.892947469e+00 +5.892947469e+00 -2.9546e+00 +9.1684e-01 +2.0424e+00 -3.1532e+00 +4.2176e-01 -1.0709e+00 +1.7363e+00 -4.1411e+00 +3.2040e+00 +6.7691e-02
