% function evaluation | noise-free fitness - Fopt (-1.000000000000e+03) | best noise-free fitness - Fopt | measured fitness | best measured fitness | x1 | x2...
1 +8.205600107e+01 +8.205600107e+01 -9.179439989e+02 -9.179439989e+02
1775 +7.990493996e+01 +7.990493996e+01 -9.200950600e+02 -9.200950600e+02
1980 +7.896659283e+01 +7.896659283e+01 -9.210334072e+02 -9.210334072e+02
3068 +7.565599412e+01 +7.565599412e+01 -9.243440059e+02 -9.243440059e+02
3081 +7.373913735e+01 +7.373913735e+01 -9.262608626e+02 -9.262608626e+02
3102 +7.231162433e+01 +7.231162433e+01 -9.276883757e+02 -9.276883757e+02
3495 +7.009273450e+01 +7.009273450e+01 -9.299072655e+02 -9.299072655e+02
4121 +6.914634155e+01 +6.914634155e+01 -9.308536585e+02 -9.308536585e+02
4138 +6.548961682e+01 +6.548961682e+01 -9.345103832e+02 -9.345103832e+02
4143 +6.103088058e+01 +6.103088058e+01 -9.389691194e+02 -9.389691194e+02
4381 +5.532307182e+01 +5.532307182e+01 -9.446769282e+02 -9.446769282e+02
6502 +5.129608258e+01 +5.129608258e+01 -9.487039174e+02 -9.487039174e+02
6873 +4.526333799e+01 +4.526333799e+01 -9.547366620e+02 -9.547366620e+02
6895 +4.329953586e+01 +4.329953586e+01 -9.567004641e+02 -9.567004641e+02
7402 +4.239943422e+01 +4.239943422e+01 -9.576005658e+02 -9.576005658e+02
7504 +4.053495036e+01 +4.053495036e+01 -9.594650496e+02 -9.594650496e+02
8101 +3.793604621e+01 +3.793604621e+01 -9.620639538e+02 -9.620639538e+02
8248 +3.548591323e+01 +3.548591323e+01 -9.645140868e+02 -9.645140868e+02
8256 +3.304982107e+01 +3.304982107e+01 -9.669501789e+02 -9.669501789e+02
8486 +3.027308461e+01 +3.027308461e+01 -9.697269154e+02 -9.697269154e+02
8500 +2.784195831e+01 +2.784195831e+01 -9.721580417e+02 -9.721580417e+02
12105 +2.653444554e+01 +2.653444554e+01 -9.734655545e+02 -9.734655545e+02
12946 +2.614278035e+01 +2.614278035e+01 -9.738572196e+02 -9.738572196e+02
13070 +2.538022020e+01 +2.538022020e+01 -9.746197798e+02 -9.746197798e+02
14715 +2.500454351e+01 +2.500454351e+01 -9.749954565e+02 -9.749954565e+02
14776 +2.442230997e+01 +2.442230997e+01 -9.755776900e+02 -9.755776900e+02
15032 +2.338737251e+01 +2.338737251e+01 -9.766126275e+02 -9.766126275e+02
15065 +2.239947745e+01 +2.239947745e+01 -9.776005225e+02 -9.776005225e+02
15081 +2.224461954e+01 +2.224461954e+01 -9.777553805e+02 -9.777553805e+02
19291 +2.139143651e+01 +2.139143651e+01 -9.786085635e+02 -9.786085635e+02
19295 +2.129585913e+01 +2.129585913e+01 -9.787041409e+02 -9.787041409e+02
20071 +2.073723298e+01 +2.073723298e+01 -9.792627670e+02 -9.792627670e+02
20453 +2.021872267e+01 +2.021872267e+01 -9.797812773e+02 -9.797812773e+02
23269 +1.990317878e+01 +1.990317878e+01 -9.800968212e+02 -9.800968212e+02
24592 +1.949281622e+01 +1.949281622e+01 -9.805071838e+02 -9.805071838e+02
26017 +1.902342518e+01 +1.902342518e+01 -9.809765748e+02 -9.809765748e+02
30348 +1.859265724e+01 +1.859265724e+01 -9.814073428e+02 -9.814073428e+02
107569 +1.818499245e+01 +1.818499245e+01 -9.818150075e+02 -9.818150075e+02
107638 +1.393406557e+01 +1.393406557e+01 -9.860659344e+02 -9.860659344e+02
107656 +1.231205017e+01 +1.231205017e+01 -9.876879498e+02 -9.876879498e+02
109632 +1.200632065e+01 +1.200632065e+01 -9.879936793e+02 -9.879936793e+02
110025 +1.088779847e+01 +1.088779847e+01 -9.891122015e+02 -9.891122015e+02
110037 +1.009274850e+01 +1.009274850e+01 -9.899072515e+02 -9.899072515e+02
110041 +9.566901699e+00 +9.566901699e+00 -9.904330983e+02 -9.904330983e+02
110414 +9.507751799e+00 +9.507751799e+00 -9.904922482e+02 -9.904922482e+02
110631 +9.211433709e+00 +9.211433709e+00 -9.907885663e+02 -9.907885663e+02
110971 +9.119804931e+00 +9.119804931e+00 -9.908801951e+02 -9.908801951e+02
111011 +8.633410493e+00 +8.633410493e+00 -9.913665895e+02 -9.913665895e+02
111018 +8.504152678e+00 +8.504152678e+00 -9.914958473e+02 -9.914958473e+02
111537 +8.136306632e+00 +8.136306632e+00 -9.918636934e+02 -9.918636934e+02
111774 +7.869123075e+00 +7.869123075e+00 -9.921308769e+02 -9.921308769e+02
111781 +7.508004793e+00 +7.508004793e+00 -9.924919952e+02 -9.924919952e+02
111788 +7.226850259e+00 +7.226850259e+00 -9.927731497e+02 -9.927731497e+02
112942 +6.626376842e+00 +6.626376842e+00 -9.933736232e+02 -9.933736232e+02
112946 +6.124265933e+00 +6.124265933e+00 -9.938757341e+02 -9.938757341e+02
114848 +5.932945229e+00 +5.932945229e+00 -9.940670548e+02 -9.940670548e+02
114868 +5.737613164e+00 +5.737613164e+00 -9.942623868e+02 -9.942623868e+02
114878 +5.495369400e+00 +5.495369400e+00 -9.945046306e+02 -9.945046306e+02
114940 +5.361156665e+00 +5.361156665e+00 -9.946388433e+02 -9.946388433e+02
114952 +5.014900772e+00 +5.014900772e+00 -9.949850992e+02 -9.949850992e+02
115017 +4.974203248e+00 +4.974203248e+00 -9.950257968e+02 -9.950257968e+02
115042 +4.484195814e+00 +4.484195814e+00 -9.955158042e+02 -9.955158042e+02
115079 +4.348143398e+00 +4.348143398e+00 -9.956518566e+02 -9.956518566e+02
115832 +4.097833855e+00 +4.097833855e+00 -9.959021661e+02 -9.959021661e+02
116418 +3.332321130e+00 +3.332321130e+00 -9.966676789e+02 -9.966676789e+02
116904 +3.282843170e+00 +3.282843170e+00 -9.967171568e+02 -9.967171568e+02
117326 +2.639770642e+00 +2.639770642e+00 -9.973602294e+02 -9.973602294e+02
118752 +2.628086698e+00 +2.628086698e+00 -9.973719133e+02 -9.973719133e+02
118761 +2.546598082e+00 +2.546598082e+00 -9.974534019e+02 -9.974534019e+02
119844 +2.470788525e+00 +2.470788525e+00 -9.975292115e+02 -9.975292115e+02
120006 +2.410288192e+00 +2.410288192e+00 -9.975897118e+02 -9.975897118e+02
120099 +2.317790559e+00 +2.317790559e+00 -9.976822094e+02 -9.976822094e+02
120104 +2.254302760e+00 +2.254302760e+00 -9.977456972e+02 -9.977456972e+02
120115 +2.232755379e+00 +2.232755379e+00 -9.977672446e+02 -9.977672446e+02
120137 +2.135605090e+00 +2.135605090e+00 -9.978643949e+02 -9.978643949e+02
120187 +2.082980583e+00 +2.082980583e+00 -9.979170194e+02 -9.979170194e+02
124823 +2.034067347e+00 +2.034067347e+00 -9.979659327e+02 -9.979659327e+02
128715 +1.991558195e+00 +1.991558195e+00 -9.980084418e+02 -9.980084418e+02
% function evaluation | noise-free fitness - Fopt (1.000000000000e+03) | best noise-free fitness - Fopt | measured fitness | best measured fitness | x1 | x2...
1 +8.534604634e+01 +8.534604634e+01 +1.085346046e+03 +1.085346046e+03
8 +8.391453043e+01 +8.391453043e+01 +1.083914530e+03 +1.083914530e+03
23 +8.316660319e+01 +8.316660319e+01 +1.083166603e+03 +1.083166603e+03
1794 +8.086313147e+01 +8.086313147e+01 +1.080863131e+03 +1.080863131e+03
2063 +7.935695962e+01 +7.935695962e+01 +1.079356960e+03 +1.079356960e+03
2073 +7.757362612e+01 +7.757362612e+01 +1.077573626e+03 +1.077573626e+03
2110 +7.475359281e+01 +7.475359281e+01 +1.074753593e+03 +1.074753593e+03
2118 +7.382058923e+01 +7.382058923e+01 +1.073820589e+03 +1.073820589e+03
4008 +7.222645382e+01 +7.222645382e+01 +1.072226454e+03 +1.072226454e+03
4073 +7.053590253e+01 +7.053590253e+01 +1.070535903e+03 +1.070535903e+03
4074 +6.786238672e+01 +6.786238672e+01 +1.067862387e+03 +1.067862387e+03
4275 +6.662963669e+01 +6.662963669e+01 +1.066629637e+03 +1.066629637e+03
4284 +6.584034718e+01 +6.584034718e+01 +1.065840347e+03 +1.065840347e+03
6122 +6.439629021e+01 +6.439629021e+01 +1.064396290e+03 +1.064396290e+03
6156 +6.279479962e+01 +6.279479962e+01 +1.062794800e+03 +1.062794800e+03
6187 +6.014478940e+01 +6.014478940e+01 +1.060144789e+03 +1.060144789e+03
7567 +5.832660276e+01 +5.832660276e+01 +1.058326603e+03 +1.058326603e+03
9239 +5.507163945e+01 +5.507163945e+01 +1.055071639e+03 +1.055071639e+03
9243 +5.242177303e+01 +5.242177303e+01 +1.052421773e+03 +1.052421773e+03
9620 +4.935205471e+01 +4.935205471e+01 +1.049352055e+03 +1.049352055e+03
10836 +4.711273379e+01 +4.711273379e+01 +1.047112734e+03 +1.047112734e+03
11034 +4.410701304e+01 +4.410701304e+01 +1.044107013e+03 +1.044107013e+03
12822 +4.227696789e+01 +4.227696789e+01 +1.042276968e+03 +1.042276968e+03
12833 +4.131841840e+01 +4.131841840e+01 +1.041318418e+03 +1.041318418e+03
12862 +3.862091145e+01 +3.862091145e+01 +1.038620911e+03 +1.038620911e+03
15977 +3.670241282e+01 +3.670241282e+01 +1.036702413e+03 +1.036702413e+03
16015 +3.619468023e+01 +3.619468023e+01 +1.036194680e+03 +1.036194680e+03
17291 +3.534286535e+01 +3.534286535e+01 +1.035342865e+03 +1.035342865e+03
17355 +3.388262826e+01 +3.388262826e+01 +1.033882628e+03 +1.033882628e+03
19929 +3.302281586e+01 +3.302281586e+01 +1.033022816e+03 +1.033022816e+03
22138 +3.231664389e+01 +3.231664389e+01 +1.032316644e+03 +1.032316644e+03
22785 +3.154932933e+01 +3.154932933e+01 +1.031549329e+03 +1.031549329e+03
27325 +3.079549903e+01 +3.079549903e+01 +1.030795499e+03 +1.030795499e+03
38902 +3.019321310e+01 +3.019321310e+01 +1.030193213e+03 +1.030193213e+03
114635 +2.939528760e+01 +2.939528760e+01 +1.029395288e+03 +1.029395288e+03
115226 +2.863663202e+01 +2.863663202e+01 +1.028636632e+03 +1.028636632e+03
116808 +2.782482066e+01 +2.782482066e+01 +1.027824821e+03 +1.027824821e+03
116966 +2.730246256e+01 +2.730246256e+01 +1.027302463e+03 +1.027302463e+03
117024 +2.662747815e+01 +2.662747815e+01 +1.026627478e+03 +1.026627478e+03
117386 +2.542404197e+01 +2.542404197e+01 +1.025424042e+03 +1.025424042e+03
117445 +2.486717647e+01 +2.486717647e+01 +1.024867176e+03 +1.024867176e+03
117983 +2.452319507e+01 +2.452319507e+01 +1.024523195e+03 +1.024523195e+03
117993 +2.367719661e+01 +2.367719661e+01 +1.023677197e+03 +1.023677197e+03
119037 +2.323845146e+01 +2.323845146e+01 +1.023238451e+03 +1.023238451e+03
119118 +2.288208684e+01 +2.288208684e+01 +1.022882087e+03 +1.022882087e+03
122424 +2.226746685e+01 +2.226746685e+01 +1.022267467e+03 +1.022267467e+03
122469 +2.183505874e+01 +2.183505874e+01 +1.021835059e+03 +1.021835059e+03
123997 +2.110487999e+01 +2.110487999e+01 +1.021104880e+03 +1.021104880e+03
124982 +2.068025965e+01 +2.068025965e+01 +1.020680260e+03 +1.020680260e+03
125172 +2.037999158e+01 +2.037999158e+01 +1.020379992e+03 +1.020379992e+03
128399 +1.983924862e+01 +1.983924862e+01 +1.019839249e+03 +1.019839249e+03
130788 +1.949072535e+01 +1.949072535e+01 +1.019490725e+03 +1.019490725e+03
134735 +1.900401438e+01 +1.900401438e+01 +1.019004014e+03 +1.019004014e+03
139140 +1.860387801e+01 +1.860387801e+01 +1.018603878e+03 +1.018603878e+03
% function evaluation | noise-free fitness - Fopt (-4.913000000000e+01) | best noise-free fitness - Fopt | measured fitness | best measured fitness | x1 | x2...
1 +8.206146169e+01 +8.206146169e+01 +3.293146169e+01 +3.293146169e+01
49 +8.072443838e+01 +8.072443838e+01 +3.159443838e+01 +3.159443838e+01
2040 +7.903010131e+01 +7.903010131e+01 +2.990010131e+01 +2.990010131e+01
2049 +7.685433796e+01 +7.685433796e+01 +2.772433796e+01 +2.772433796e+01
2065 +7.535310348e+01 +7.535310348e+01 +2.622310348e+01 +2.622310348e+01
2280 +7.404916451e+01 +7.404916451e+01 +2.491916451e+01 +2.491916451e+01
2310 +6.991613377e+01 +6.991613377e+01 +2.078613377e+01 +2.078613377e+01
2541 +6.803010138e+01 +6.803010138e+01 +1.890010138e+01 +1.890010138e+01
2555 +6.496042548e+01 +6.496042548e+01 +1.583042548e+01 +1.583042548e+01
2736 +6.308207985e+01 +6.308207985e+01 +1.395207985e+01 +1.395207985e+01
2788 +6.108191878e+01 +6.108191878e+01 +1.195191878e+01 +1.195191878e+01
2899 +5.653441097e+01 +5.653441097e+01 +7.404410971e+00 +7.404410971e+00
3399 +5.450772437e+01 +5.450772437e+01 +5.377724373e+00 +5.377724373e+00
3404 +5.262586618e+01 +5.262586618e+01 +3.495866181e+00 +3.495866181e+00
3412 +5.119265293e+01 +5.119265293e+01 +2.062652932e+00 +2.062652932e+00
3721 +4.882109282e+01 +4.882109282e+01 -3.089071785e-01 -3.089071785e-01
3765 +4.390586665e+01 +4.390586665e+01 -5.224133350e+00 -5.224133350e+00
3892 +3.138123832e+01 +3.138123832e+01 -1.774876168e+01 -1.774876168e+01
4753 +2.822790874e+01 +2.822790874e+01 -2.090209126e+01 -2.090209126e+01
5375 +2.773470597e+01 +2.773470597e+01 -2.139529403e+01 -2.139529403e+01
6274 +2.752570089e+01 +2.752570089e+01 -2.160429911e+01 -2.160429911e+01
6293 +2.660233208e+01 +2.660233208e+01 -2.252766792e+01 -2.252766792e+01
6594 +2.601574660e+01 +2.601574660e+01 -2.311425340e+01 -2.311425340e+01
6668 +2.433699202e+01 +2.433699202e+01 -2.479300798e+01 -2.479300798e+01
6670 +2.189250355e+01 +2.189250355e+01 -2.723749645e+01 -2.723749645e+01
6841 +2.090969987e+01 +2.090969987e+01 -2.822030013e+01 -2.822030013e+01
7053 +2.018690787e+01 +2.018690787e+01 -2.894309213e+01 -2.894309213e+01
7074 +1.894564344e+01 +1.894564344e+01 -3.018435656e+01 -3.018435656e+01
7088 +1.797884115e+01 +1.797884115e+01 -3.115115885e+01 -3.115115885e+01
7929 +1.693044123e+01 +1.693044123e+01 -3.219955877e+01 -3.219955877e+01
8246 +1.496895306e+01 +1.496895306e+01 -3.416104694e+01 -3.416104694e+01
8595 +1.427022407e+01 +1.427022407e+01 -3.485977593e+01 -3.485977593e+01
8693 +1.349232083e+01 +1.349232083e+01 -3.563767917e+01 -3.563767917e+01
8695 +1.347588241e+01 +1.347588241e+01 -3.565411759e+01 -3.565411759e+01
8718 +1.202956694e+01 +1.202956694e+01 -3.710043306e+01 -3.710043306e+01
8887 +1.153441462e+01 +1.153441462e+01 -3.759558538e+01 -3.759558538e+01
9172 +1.110980553e+01 +1.110980553e+01 -3.802019447e+01 -3.802019447e+01
9206 +1.043927932e+01 +1.043927932e+01 -3.869072068e+01 -3.869072068e+01
9617 +1.013147002e+01 +1.013147002e+01 -3.899852998e+01 -3.899852998e+01
10098 +9.755894925e+00 +9.755894925e+00 -3.937410508e+01 -3.937410508e+01
10099 +9.451070559e+00 +9.451070559e+00 -3.967892944e+01 -3.967892944e+01
10118 +9.286505852e+00 +9.286505852e+00 -3.984349415e+01 -3.984349415e+01
10695 +8.993083720e+00 +8.993083720e+00 -4.013691628e+01 -4.013691628e+01
10704 +8.543223866e+00 +8.543223866e+00 -4.058677613e+01 -4.058677613e+01
10908 +7.023059491e+00 +7.023059491e+00 -4.210694051e+01 -4.210694051e+01
10920 +6.685911319e+00 +6.685911319e+00 -4.244408868e+01 -4.244408868e+01
11140 +6.280834453e+00 +6.280834453e+00 -4.284916555e+01 -4.284916555e+01
11150 +5.415451911e+00 +5.415451911e+00 -4.371454809e+01 -4.371454809e+01
13117 +5.369681025e+00 +5.369681025e+00 -4.376031897e+01 -4.376031897e+01
13303 +3.723100504e+00 +3.723100504e+00 -4.540689950e+01 -4.540689950e+01
13315 +3.411376336e+00 +3.411376336e+00 -4.571862366e+01 -4.571862366e+01
13331 +3.352206359e+00 +3.352206359e+00 -4.577779364e+01 -4.577779364e+01
13339 +2.707482050e+00 +2.707482050e+00 -4.642251795e+01 -4.642251795e+01
15118 +2.530397949e+00 +2.530397949e+00 -4.659960205e+01 -4.659960205e+01
16190 +2.389174999e+00 +2.389174999e+00 -4.674082500e+01 -4.674082500e+01
16205 +2.144004328e+00 +2.144004328e+00 -4.698599567e+01 -4.698599567e+01
16639 +2.079236919e+00 +2.079236919e+00 -4.705076308e+01 -4.705076308e+01
17424 +2.040643307e+00 +2.040643307e+00 -4.708935669e+01 -4.708935669e+01
17446 +1.913907272e+00 +1.913907272e+00 -4.721609273e+01 -4.721609273e+01
18987 +1.833280269e+00 +1.833280269e+00 -4.729671973e+01 -4.729671973e+01
19759 +1.646392852e+00 +1.646392852e+00 -4.748360715e+01 -4.748360715e+01
22363 +1.606386093e+00 +1.606386093e+00 -4.752361391e+01 -4.752361391e+01
22404 +1.412036265e+00 +1.412036265e+00 -4.771796374e+01 -4.771796374e+01
23053 +1.348434736e+00 +1.348434736e+00 -4.778156526e+01 -4.778156526e+01
23715 +1.299898292e+00 +1.299898292e+00 -4.783010171e+01 -4.783010171e+01
24505 +1.232505252e+00 +1.232505252e+00 -4.789749475e+01 -4.789749475e+01
26158 +1.224511386e+00 +1.224511386e+00 -4.790548861e+01 -4.790548861e+01
26525 +1.134194134e+00 +1.134194134e+00 -4.799580587e+01 -4.799580587e+01
26807 +1.118683575e+00 +1.118683575e+00 -4.801131642e+01 -4.801131642e+01
27245 +1.080533425e+00 +1.080533425e+00 -4.804946658e+01 -4.804946658e+01
27269 +1.065692839e+00 +1.065692839e+00 -4.806430716e+01 -4.806430716e+01
27271 +9.780212134e-01 +9.780212134e-01 -4.815197879e+01 -4.815197879e+01
27352 +9.079200291e-01 +9.079200291e-01 -4.822207997e+01 -4.822207997e+01
27362 +8.860171632e-01 +8.860171632e-01 -4.824398284e+01 -4.824398284e+01
29493 +8.672617123e-01 +8.672617123e-01 -4.826273829e+01 -4.826273829e+01
29500 +8.476871920e-01 +8.476871920e-01 -4.828231281e+01 -4.828231281e+01
30808 +8.313468424e-01 +8.313468424e-01 -4.829865316e+01 -4.829865316e+01
30890 +8.071984229e-01 +8.071984229e-01 -4.832280158e+01 -4.832280158e+01
31396 +7.594855727e-01 +7.594855727e-01 -4.837051443e+01 -4.837051443e+01
33845 +7.571505424e-01 +7.571505424e-01 -4.837284946e+01 -4.837284946e+01
36166 +7.332114526e-01 +7.332114526e-01 -4.839678855e+01 -4.839678855e+01
36407 +7.216130465e-01 +7.216130465e-01 -4.840838695e+01 -4.840838695e+01
40713 +7.072703797e-01 +7.072703797e-01 -4.842272962e+01 -4.842272962e+01
% function evaluation | noise-free fitness - Fopt (2.977300000000e+02) | best noise-free fitness - Fopt | measured fitness | best measured fitness | x1 | x2...
1 +8.202319017e+01 +8.202319017e+01 +3.797531902e+02 +3.797531902e+02
3 +8.081045516e+01 +8.081045516e+01 +3.785404552e+02 +3.785404552e+02
24 +7.854703068e+01 +7.854703068e+01 +3.762770307e+02 +3.762770307e+02
40 +7.739893849e+01 +7.739893849e+01 +3.751289385e+02 +3.751289385e+02
48 +7.584951101e+01 +7.584951101e+01 +3.735795110e+02 +3.735795110e+02
956 +7.404424185e+01 +7.404424185e+01 +3.717742418e+02 +3.717742418e+02
982 +7.188590636e+01 +7.188590636e+01 +3.696159064e+02 +3.696159064e+02
1659 +6.950415644e+01 +6.950415644e+01 +3.672341564e+02 +3.672341564e+02
1662 +6.775613683e+01 +6.775613683e+01 +3.654861368e+02 +3.654861368e+02
1926 +6.651562486e+01 +6.651562486e+01 +3.642456249e+02 +3.642456249e+02
2057 +6.585010127e+01 +6.585010127e+01 +3.635801013e+02 +3.635801013e+02
2793 +6.434804513e+01 +6.434804513e+01 +3.620780451e+02 +3.620780451e+02
2802 +6.244701314e+01 +6.244701314e+01 +3.601770131e+02 +3.601770131e+02
2812 +6.061023750e+01 +6.061023750e+01 +3.583402375e+02 +3.583402375e+02
3517 +6.025345819e+01 +6.025345819e+01 +3.579834582e+02 +3.579834582e+02
4129 +5.467520824e+01 +5.467520824e+01 +3.524052082e+02 +3.524052082e+02
4465 +5.128523836e+01 +5.128523836e+01 +3.490152384e+02 +3.490152384e+02
4538 +4.754117287e+01 +4.754117287e+01 +3.452711729e+02 +3.452711729e+02
4553 +4.139026275e+01 +4.139026275e+01 +3.391202628e+02 +3.391202628e+02
5192 +3.697734847e+01 +3.697734847e+01 +3.347073485e+02 +3.347073485e+02
5204 +2.837259495e+01 +2.837259495e+01 +3.261025950e+02 +3.261025950e+02
5943 +2.810841881e+01 +2.810841881e+01 +3.258384188e+02 +3.258384188e+02
5955 +2.586706626e+01 +2.586706626e+01 +3.235970663e+02 +3.235970663e+02
7994 +2.565716077e+01 +2.565716077e+01 +3.233871608e+02 +3.233871608e+02
8009 +2.317094551e+01 +2.317094551e+01 +3.209009455e+02 +3.209009455e+02
8031 +2.207343531e+01 +2.207343531e+01 +3.198034353e+02 +3.198034353e+02
8236 +1.981417691e+01 +1.981417691e+01 +3.175441769e+02 +3.175441769e+02
8836 +1.946480504e+01 +1.946480504e+01 +3.171948050e+02 +3.171948050e+02
10562 +1.788978655e+01 +1.788978655e+01 +3.156197865e+02 +3.156197865e+02
10598 +1.659362634e+01 +1.659362634e+01 +3.143236263e+02 +3.143236263e+02
10634 +1.503486647e+01 +1.503486647e+01 +3.127648665e+02 +3.127648665e+02
10648 +1.471957018e+01 +1.471957018e+01 +3.124495702e+02 +3.124495702e+02
10702 +1.410466031e+01 +1.410466031e+01 +3.118346603e+02 +3.118346603e+02
10714 +1.153390761e+01 +1.153390761e+01 +3.092639076e+02 +3.092639076e+02
10757 +1.124880508e+01 +1.124880508e+01 +3.089788051e+02 +3.089788051e+02
11791 +1.116889472e+01 +1.116889472e+01 +3.088988947e+02 +3.088988947e+02
12946 +1.061852717e+01 +1.061852717e+01 +3.083485272e+02 +3.083485272e+02
12957 +1.007175348e+01 +1.007175348e+01 +3.078017535e+02 +3.078017535e+02
13067 +9.739420872e+00 +9.739420872e+00 +3.074694209e+02 +3.074694209e+02
13097 +9.142506148e+00 +9.142506148e+00 +3.068725061e+02 +3.068725061e+02
14268 +8.867242339e+00 +8.867242339e+00 +3.065972423e+02 +3.065972423e+02
14363 +8.503495198e+00 +8.503495198e+00 +3.062334952e+02 +3.062334952e+02
15196 +8.262526673e+00 +8.262526673e+00 +3.059925267e+02 +3.059925267e+02
15382 +7.675942618e+00 +7.675942618e+00 +3.054059426e+02 +3.054059426e+02
17496 +7.550921506e+00 +7.550921506e+00 +3.052809215e+02 +3.052809215e+02
17511 +7.406602969e+00 +7.406602969e+00 +3.051366030e+02 +3.051366030e+02
19069 +7.176188282e+00 +7.176188282e+00 +3.049061883e+02 +3.049061883e+02
20053 +6.909618129e+00 +6.909618129e+00 +3.046396181e+02 +3.046396181e+02
21559 +6.739265067e+00 +6.739265067e+00 +3.044692651e+02 +3.044692651e+02
22232 +6.571326071e+00 +6.571326071e+00 +3.043013261e+02 +3.043013261e+02
22252 +6.454701989e+00 +6.454701989e+00 +3.041847020e+02 +3.041847020e+02
22827 +6.179217535e+00 +6.179217535e+00 +3.039092175e+02 +3.039092175e+02
22835 +6.095916759e+00 +6.095916759e+00 +3.038259168e+02 +3.038259168e+02
25538 +5.890584750e+00 +5.890584750e+00 +3.036205847e+02 +3.036205847e+02
25977 +5.869984394e+00 +5.869984394e+00 +3.035999844e+02 +3.035999844e+02
26558 +5.723093406e+00 +5.723093406e+00 +3.034530934e+02 +3.034530934e+02
28121 +5.608394693e+00 +5.608394693e+00 +3.033383947e+02 +3.033383947e+02
29250 +5.462401941e+00 +5.462401941e+00 +3.031924019e+02 +3.031924019e+02
30544 +5.328552071e+00 +5.328552071e+00 +3.030585521e+02 +3.030585521e+02
33732 +5.246370755e+00 +5.246370755e+00 +3.029763708e+02 +3.029763708e+02
40365 +5.123032582e+00 +5.123032582e+00 +3.028530326e+02 +3.028530326e+02
% function evaluation | noise-free fitness - Fopt (5.157000000000e+01) | best noise-free fitness - Fopt | measured fitness | best measured fitness | x1 | x2...
1 +8.378166644e+01 +8.378166644e+01 +1.353516664e+02 +1.353516664e+02
4 +8.294350578e+01 +8.294350578e+01 +1.345135058e+02 +1.345135058e+02
18 +7.949102881e+01 +7.949102881e+01 +1.310610288e+02 +1.310610288e+02
25 +7.877540533e+01 +7.877540533e+01 +1.303454053e+02 +1.303454053e+02
322 +7.674314309e+01 +7.674314309e+01 +1.283131431e+02 +1.283131431e+02
330 +7.435838562e+01 +7.435838562e+01 +1.259283856e+02 +1.259283856e+02
1609 +7.180769315e+01 +7.180769315e+01 +1.233776931e+02 +1.233776931e+02
1711 +6.986253207e+01 +6.986253207e+01 +1.214325321e+02 +1.214325321e+02
2362 +6.819613420e+01 +6.819613420e+01 +1.197661342e+02 +1.197661342e+02
2522 +6.701520491e+01 +6.701520491e+01 +1.185852049e+02 +1.185852049e+02
2533 +6.545965835e+01 +6.545965835e+01 +1.170296584e+02 +1.170296584e+02
3347 +6.159517011e+01 +6.159517011e+01 +1.131651701e+02 +1.131651701e+02
3348 +5.458114926e+01 +5.458114926e+01 +1.061511493e+02 +1.061511493e+02
3942 +5.199151471e+01 +5.199151471e+01 +1.035615147e+02 +1.035615147e+02
4261 +5.102109383e+01 +5.102109383e+01 +1.025910938e+02 +1.025910938e+02
4274 +4.448941408e+01 +4.448941408e+01 +9.605941408e+01 +9.605941408e+01
5395 +3.924588265e+01 +3.924588265e+01 +9.081588265e+01 +9.081588265e+01
6098 +3.722551973e+01 +3.722551973e+01 +8.879551973e+01 +8.879551973e+01
6169 +3.177842315e+01 +3.177842315e+01 +8.334842315e+01 +8.334842315e+01
6173 +3.038551006e+01 +3.038551006e+01 +8.195551006e+01 +8.195551006e+01
6512 +2.765671280e+01 +2.765671280e+01 +7.922671280e+01 +7.922671280e+01
6590 +2.403841113e+01 +2.403841113e+01 +7.560841113e+01 +7.560841113e+01
7342 +2.290069017e+01 +2.290069017e+01 +7.447069017e+01 +7.447069017e+01
7832 +1.902650466e+01 +1.902650466e+01 +7.059650466e+01 +7.059650466e+01
7973 +1.832418203e+01 +1.832418203e+01 +6.989418203e+01 +6.989418203e+01
8512 +1.593931281e+01 +1.593931281e+01 +6.750931281e+01 +6.750931281e+01
9026 +1.448960952e+01 +1.448960952e+01 +6.605960952e+01 +6.605960952e+01
9034 +1.192870768e+01 +1.192870768e+01 +6.349870768e+01 +6.349870768e+01
9628 +1.081393807e+01 +1.081393807e+01 +6.238393807e+01 +6.238393807e+01
9633 +9.837406327e+00 +9.837406327e+00 +6.140740633e+01 +6.140740633e+01
9651 +8.995728196e+00 +8.995728196e+00 +6.056572820e+01 +6.056572820e+01
12422 +8.690966823e+00 +8.690966823e+00 +6.026096682e+01 +6.026096682e+01
12564 +8.000153989e+00 +8.000153989e+00 +5.957015399e+01 +5.957015399e+01
12620 +7.847361178e+00 +7.847361178e+00 +5.941736118e+01 +5.941736118e+01
12872 +7.617966714e+00 +7.617966714e+00 +5.918796671e+01 +5.918796671e+01
13233 +7.293243617e+00 +7.293243617e+00 +5.886324362e+01 +5.886324362e+01
14180 +7.047157461e+00 +7.047157461e+00 +5.861715746e+01 +5.861715746e+01
14195 +6.773278022e+00 +6.773278022e+00 +5.834327802e+01 +5.834327802e+01
14202 +5.811735361e+00 +5.811735361e+00 +5.738173536e+01 +5.738173536e+01
14436 +5.055305532e+00 +5.055305532e+00 +5.662530553e+01 +5.662530553e+01
14687 +4.259960896e+00 +4.259960896e+00 +5.582996090e+01 +5.582996090e+01
15210 +4.125392052e+00 +4.125392052e+00 +5.569539205e+01 +5.569539205e+01
15249 +3.830567175e+00 +3.830567175e+00 +5.540056718e+01 +5.540056718e+01
15255 +2.446723678e+00 +2.446723678e+00 +5.401672368e+01 +5.401672368e+01
17005 +2.198548138e+00 +2.198548138e+00 +5.376854814e+01 +5.376854814e+01
17020 +2.154015889e+00 +2.154015889e+00 +5.372401589e+01 +5.372401589e+01
17997 +2.118995822e+00 +2.118995822e+00 +5.368899582e+01 +5.368899582e+01
18898 +2.054074089e+00 +2.054074089e+00 +5.362407409e+01 +5.362407409e+01
19570 +1.941885878e+00 +1.941885878e+00 +5.351188588e+01 +5.351188588e+01
21839 +1.725904234e+00 +1.725904234e+00 +5.329590423e+01 +5.329590423e+01
23655 +1.688279542e+00 +1.688279542e+00 +5.325827954e+01 +5.325827954e+01
23669 +1.562846195e+00 +1.562846195e+00 +5.313284620e+01 +5.313284620e+01
23761 +1.499447021e+00 +1.499447021e+00 +5.306944702e+01 +5.306944702e+01
24951 +1.465939362e+00 +1.465939362e+00 +5.303593936e+01 +5.303593936e+01
24953 +1.397232623e+00 +1.397232623e+00 +5.296723262e+01 +5.296723262e+01
25135 +1.377358889e+00 +1.377358889e+00 +5.294735889e+01 +5.294735889e+01
25143 +1.342777196e+00 +1.342777196e+00 +5.291277720e+01 +5.291277720e+01
25453 +1.290835624e+00 +1.290835624e+00 +5.286083562e+01 +5.286083562e+01
25497 +1.284200288e+00 +1.284200288e+00 +5.285420029e+01 +5.285420029e+01
25522 +1.197679141e+00 +1.197679141e+00 +5.276767914e+01 +5.276767914e+01
25762 +1.117588857e+00 +1.117588857e+00 +5.268758886e+01 +5.268758886e+01
26827 +1.005652339e+00 +1.005652339e+00 +5.257565234e+01 +5.257565234e+01
26954 +9.882374441e-01 +9.882374441e-01 +5.255823744e+01 +5.255823744e+01
28970 +9.745341903e-01 +9.745341903e-01 +5.254453419e+01 +5.254453419e+01
29041 +8.919481839e-01 +8.919481839e-01 +5.246194818e+01 +5.246194818e+01
29478 +8.896481469e-01 +8.896481469e-01 +5.245964815e+01 +5.245964815e+01
30882 +8.552433092e-01 +8.552433092e-01 +5.242524331e+01 +5.242524331e+01
30944 +8.130164959e-01 +8.130164959e-01 +5.238301650e+01 +5.238301650e+01
32324 +8.128207373e-01 +8.128207373e-01 +5.238282074e+01 +5.238282074e+01
33612 +7.922939417e-01 +7.922939417e-01 +5.236229394e+01 +5.236229394e+01
33621 +7.749281938e-01 +7.749281938e-01 +5.234492819e+01 +5.234492819e+01
35210 +7.505254597e-01 +7.505254597e-01 +5.232052546e+01 +5.232052546e+01
37148 +7.409468509e-01 +7.409468509e-01 +5.231094685e+01 +5.231094685e+01
38480 +7.240941859e-01 +7.240941859e-01 +5.229409419e+01 +5.229409419e+01
42228 +7.074165556e-01 +7.074165556e-01 +5.227741656e+01 +5.227741656e+01
% function evaluation | noise-free fitness - Fopt (-4.870000000000e+00) | best noise-free fitness - Fopt | measured fitness | best measured fitness | x1 | x2...
1 +8.338867645e+01 +8.338867645e+01 +7.851867645e+01 +7.851867645e+01
7 +8.314973243e+01 +8.314973243e+01 +7.827973243e+01 +7.827973243e+01
99 +8.106774307e+01 +8.106774307e+01 +7.619774307e+01 +7.619774307e+01
133 +7.894313480e+01 +7.894313480e+01 +7.407313480e+01 +7.407313480e+01
161 +7.698641921e+01 +7.698641921e+01 +7.211641921e+01 +7.211641921e+01
181 +7.455412951e+01 +7.455412951e+01 +6.968412951e+01 +6.968412951e+01
182 +7.335239366e+01 +7.335239366e+01 +6.848239366e+01 +6.848239366e+01
1482 +7.200044032e+01 +7.200044032e+01 +6.713044032e+01 +6.713044032e+01
1498 +7.053822024e+01 +7.053822024e+01 +6.566822024e+01 +6.566822024e+01
2217 +6.910804115e+01 +6.910804115e+01 +6.423804115e+01 +6.423804115e+01
2223 +6.681336337e+01 +6.681336337e+01 +6.194336337e+01 +6.194336337e+01
2893 +6.494825332e+01 +6.494825332e+01 +6.007825332e+01 +6.007825332e+01
3056 +6.390403662e+01 +6.390403662e+01 +5.903403662e+01 +5.903403662e+01
3074 +6.160939230e+01 +6.160939230e+01 +5.673939230e+01 +5.673939230e+01
3121 +5.852411622e+01 +5.852411622e+01 +5.365411622e+01 +5.365411622e+01
3170 +5.730013568e+01 +5.730013568e+01 +5.243013568e+01 +5.243013568e+01
3198 +5.594680811e+01 +5.594680811e+01 +5.107680811e+01 +5.107680811e+01
3356 +5.347318181e+01 +5.347318181e+01 +4.860318181e+01 +4.860318181e+01
4618 +4.842164542e+01 +4.842164542e+01 +4.355164542e+01 +4.355164542e+01
5040 +4.782016848e+01 +4.782016848e+01 +4.295016848e+01 +4.295016848e+01
5119 +4.609233176e+01 +4.609233176e+01 +4.122233176e+01 +4.122233176e+01
5124 +4.129684433e+01 +4.129684433e+01 +3.642684433e+01 +3.642684433e+01
5275 +3.985463446e+01 +3.985463446e+01 +3.498463446e+01 +3.498463446e+01
5283 +3.846952749e+01 +3.846952749e+01 +3.359952749e+01 +3.359952749e+01
5924 +3.761650808e+01 +3.761650808e+01 +3.274650808e+01 +3.274650808e+01
5932 +3.545016876e+01 +3.545016876e+01 +3.058016876e+01 +3.058016876e+01
5964 +3.217022604e+01 +3.217022604e+01 +2.730022604e+01 +2.730022604e+01
5998 +3.078198032e+01 +3.078198032e+01 +2.591198032e+01 +2.591198032e+01
6815 +3.017025897e+01 +3.017025897e+01 +2.530025897e+01 +2.530025897e+01
7762 +2.833522636e+01 +2.833522636e+01 +2.346522636e+01 +2.346522636e+01
7788 +2.602134623e+01 +2.602134623e+01 +2.115134623e+01 +2.115134623e+01
8405 +2.346100211e+01 +2.346100211e+01 +1.859100211e+01 +1.859100211e+01
8430 +2.299537385e+01 +2.299537385e+01 +1.812537385e+01 +1.812537385e+01
9286 +2.276454281e+01 +2.276454281e+01 +1.789454281e+01 +1.789454281e+01
9491 +2.215301219e+01 +2.215301219e+01 +1.728301219e+01 +1.728301219e+01
9565 +2.033234371e+01 +2.033234371e+01 +1.546234371e+01 +1.546234371e+01
9574 +1.846333152e+01 +1.846333152e+01 +1.359333152e+01 +1.359333152e+01
10897 +1.796184119e+01 +1.796184119e+01 +1.309184119e+01 +1.309184119e+01
12153 +1.769392790e+01 +1.769392790e+01 +1.282392790e+01 +1.282392790e+01
12188 +1.604282020e+01 +1.604282020e+01 +1.117282020e+01 +1.117282020e+01
12272 +1.551598886e+01 +1.551598886e+01 +1.064598886e+01 +1.064598886e+01
12663 +1.524603482e+01 +1.524603482e+01 +1.037603482e+01 +1.037603482e+01
12672 +1.470931937e+01 +1.470931937e+01 +9.839319372e+00 +9.839319372e+00
13470 +1.289830633e+01 +1.289830633e+01 +8.028306332e+00 +8.028306332e+00
14129 +1.282000394e+01 +1.282000394e+01 +7.950003943e+00 +7.950003943e+00
14178 +1.256775417e+01 +1.256775417e+01 +7.697754169e+00 +7.697754169e+00
15714 +1.224397330e+01 +1.224397330e+01 +7.373973304e+00 +7.373973304e+00
16099 +1.195757610e+01 +1.195757610e+01 +7.087576098e+00 +7.087576098e+00
17513 +1.142169800e+01 +1.142169800e+01 +6.551697996e+00 +6.551697996e+00
17948 +1.087906750e+01 +1.087906750e+01 +6.009067501e+00 +6.009067501e+00
18559 +1.070627878e+01 +1.070627878e+01 +5.836278782e+00 +5.836278782e+00
18653 +1.022991411e+01 +1.022991411e+01 +5.359914113e+00 +5.359914113e+00
18920 +9.747875937e+00 +9.747875937e+00 +4.877875937e+00 +4.877875937e+00
21799 +9.533531983e+00 +9.533531983e+00 +4.663531983e+00 +4.663531983e+00
23499 +9.264678915e+00 +9.264678915e+00 +4.394678915e+00 +4.394678915e+00
25393 +9.096115735e+00 +9.096115735e+00 +4.226115735e+00 +4.226115735e+00
31003 +8.910938838e+00 +8.910938838e+00 +4.040938838e+00 +4.040938838e+00
% function evaluation | noise-free fitness - Fopt (1.511400000000e+02) | best noise-free fitness - Fopt | measured fitness | best measured fitness | x1 | x2...
1 +8.170111266e+01 +8.170111266e+01 +2.328411127e+02 +2.328411127e+02
38 +7.788764453e+01 +7.788764453e+01 +2.290276445e+02 +2.290276445e+02
281 +7.722022400e+01 +7.722022400e+01 +2.283602240e+02 +2.283602240e+02
285 +7.579837964e+01 +7.579837964e+01 +2.269383796e+02 +2.269383796e+02
303 +7.360384567e+01 +7.360384567e+01 +2.247438457e+02 +2.247438457e+02
360 +7.218283960e+01 +7.218283960e+01 +2.233228396e+02 +2.233228396e+02
946 +6.846949428e+01 +6.846949428e+01 +2.196094943e+02 +2.196094943e+02
2925 +6.516202097e+01 +6.516202097e+01 +2.163020210e+02 +2.163020210e+02
3101 +6.264567014e+01 +6.264567014e+01 +2.137856701e+02 +2.137856701e+02
3121 +6.033599337e+01 +6.033599337e+01 +2.114759934e+02 +2.114759934e+02
3383 +5.893264576e+01 +5.893264576e+01 +2.100726458e+02 +2.100726458e+02
3385 +5.598934250e+01 +5.598934250e+01 +2.071293425e+02 +2.071293425e+02
4143 +5.424857184e+01 +5.424857184e+01 +2.053885718e+02 +2.053885718e+02
4152 +4.971917846e+01 +4.971917846e+01 +2.008591785e+02 +2.008591785e+02
4157 +4.533243913e+01 +4.533243913e+01 +1.964724391e+02 +1.964724391e+02
4229 +4.060527098e+01 +4.060527098e+01 +1.917452710e+02 +1.917452710e+02
5754 +3.430577568e+01 +3.430577568e+01 +1.854457757e+02 +1.854457757e+02
5768 +2.811543641e+01 +2.811543641e+01 +1.792554364e+02 +1.792554364e+02
6047 +2.519995309e+01 +2.519995309e+01 +1.763399531e+02 +1.763399531e+02
6953 +2.461055489e+01 +2.461055489e+01 +1.757505549e+02 +1.757505549e+02
6955 +2.268757182e+01 +2.268757182e+01 +1.738275718e+02 +1.738275718e+02
7685 +2.194410513e+01 +2.194410513e+01 +1.730841051e+02 +1.730841051e+02
7693 +2.004181286e+01 +2.004181286e+01 +1.711818129e+02 +1.711818129e+02
7709 +1.870751273e+01 +1.870751273e+01 +1.698475127e+02 +1.698475127e+02
8043 +1.703717118e+01 +1.703717118e+01 +1.681771712e+02 +1.681771712e+02
8052 +1.656362274e+01 +1.656362274e+01 +1.677036227e+02 +1.677036227e+02
8922 +1.576818644e+01 +1.576818644e+01 +1.669081864e+02 +1.669081864e+02
10130 +1.539000386e+01 +1.539000386e+01 +1.665300039e+02 +1.665300039e+02
10160 +1.459593894e+01 +1.459593894e+01 +1.657359389e+02 +1.657359389e+02
10334 +1.362857805e+01 +1.362857805e+01 +1.647685780e+02 +1.647685780e+02
10337 +1.213654319e+01 +1.213654319e+01 +1.632765432e+02 +1.632765432e+02
12071 +1.115961984e+01 +1.115961984e+01 +1.622996198e+02 +1.622996198e+02
12076 +1.069637284e+01 +1.069637284e+01 +1.618363728e+02 +1.618363728e+02
13439 +1.045395668e+01 +1.045395668e+01 +1.615939567e+02 +1.615939567e+02
13617 +1.010358707e+01 +1.010358707e+01 +1.612435871e+02 +1.612435871e+02
13629 +9.650620763e+00 +9.650620763e+00 +1.607906208e+02 +1.607906208e+02
13792 +9.172701130e+00 +9.172701130e+00 +1.603127011e+02 +1.603127011e+02
13809 +8.991732860e+00 +8.991732860e+00 +1.601317329e+02 +1.601317329e+02
13823 +8.889110857e+00 +8.889110857e+00 +1.600291109e+02 +1.600291109e+02
13963 +8.483098102e+00 +8.483098102e+00 +1.596230981e+02 +1.596230981e+02
15956 +8.311274505e+00 +8.311274505e+00 +1.594512745e+02 +1.594512745e+02
16039 +7.781551968e+00 +7.781551968e+00 +1.589215520e+02 +1.589215520e+02
16066 +7.643774159e+00 +7.643774159e+00 +1.587837742e+02 +1.587837742e+02
16076 +7.538716915e+00 +7.538716915e+00 +1.586787169e+02 +1.586787169e+02
18636 +7.146529801e+00 +7.146529801e+00 +1.582865298e+02 +1.582865298e+02
20078 +6.945040612e+00 +6.945040612e+00 +1.580850406e+02 +1.580850406e+02
20089 +6.869426130e+00 +6.869426130e+00 +1.580094261e+02 +1.580094261e+02
20107 +6.712105838e+00 +6.712105838e+00 +1.578521058e+02 +1.578521058e+02
21759 +6.594580322e+00 +6.594580322e+00 +1.577345803e+02 +1.577345803e+02
22070 +6.451188049e+00 +6.451188049e+00 +1.575911880e+02 +1.575911880e+02
23227 +6.256808286e+00 +6.256808286e+00 +1.573968083e+02 +1.573968083e+02
23307 +6.133173767e+00 +6.133173767e+00 +1.572731738e+02 +1.572731738e+02
23610 +5.998320812e+00 +5.998320812e+00 +1.571383208e+02 +1.571383208e+02
25113 +5.875509271e+00 +5.875509271e+00 +1.570155093e+02 +1.570155093e+02
25853 +5.633081280e+00 +5.633081280e+00 +1.567730813e+02 +1.567730813e+02
25876 +5.604245272e+00 +5.604245272e+00 +1.567442453e+02 +1.567442453e+02
26904 +5.494829657e+00 +5.494829657e+00 +1.566348297e+02 +1.566348297e+02
30514 +5.369940006e+00 +5.369940006e+00 +1.565099400e+02 +1.565099400e+02
33036 +5.236023286e+00 +5.236023286e+00 +1.563760233e+02 +1.563760233e+02
36766 +5.128445180e+00 +5.128445180e+00 +1.562684452e+02 +1.562684452e+02
% function evaluation | noise-free fitness - Fopt (-1.332700000000e+02) | best noise-free fitness - Fopt | measured fitness | best measured fitness | x1 | x2...
1 +8.260502642e+01 +8.260502642e+01 -5.066497358e+01 -5.066497358e+01
79 +8.093655587e+01 +8.093655587e+01 -5.233344413e+01 -5.233344413e+01
83 +7.923408216e+01 +7.923408216e+01 -5.403591784e+01 -5.403591784e+01
233 +7.755762317e+01 +7.755762317e+01 -5.571237683e+01 -5.571237683e+01
237 +7.563290175e+01 +7.563290175e+01 -5.763709825e+01 -5.763709825e+01
252 +7.012966465e+01 +7.012966465e+01 -6.314033535e+01 -6.314033535e+01
989 +6.895294465e+01 +6.895294465e+01 -6.431705535e+01 -6.431705535e+01
1076 +6.675354033e+01 +6.675354033e+01 -6.651645967e+01 -6.651645967e+01
1086 +6.541034572e+01 +6.541034572e+01 -6.785965428e+01 -6.785965428e+01
1100 +6.368627177e+01 +6.368627177e+01 -6.958372823e+01 -6.958372823e+01
1102 +6.018195800e+01 +6.018195800e+01 -7.308804200e+01 -7.308804200e+01
2377 +5.887054096e+01 +5.887054096e+01 -7.439945904e+01 -7.439945904e+01
2379 +5.702260577e+01 +5.702260577e+01 -7.624739423e+01 -7.624739423e+01
2393 +5.004970319e+01 +5.004970319e+01 -8.322029681e+01 -8.322029681e+01
3237 +4.246967110e+01 +4.246967110e+01 -9.080032890e+01 -9.080032890e+01
3961 +4.109233580e+01 +4.109233580e+01 -9.217766420e+01 -9.217766420e+01
3962 +3.856115998e+01 +3.856115998e+01 -9.470884002e+01 -9.470884002e+01
3971 +3.685040398e+01 +3.685040398e+01 -9.641959602e+01 -9.641959602e+01
4933 +3.416700138e+01 +3.416700138e+01 -9.910299862e+01 -9.910299862e+01
5341 +3.371523565e+01 +3.371523565e+01 -9.955476435e+01 -9.955476435e+01
5347 +3.248201351e+01 +3.248201351e+01 -1.007879865e+02 -1.007879865e+02
5380 +3.103813837e+01 +3.103813837e+01 -1.022318616e+02 -1.022318616e+02
5948 +3.014896056e+01 +3.014896056e+01 -1.031210394e+02 -1.031210394e+02
6078 +2.862410309e+01 +2.862410309e+01 -1.046458969e+02 -1.046458969e+02
6107 +2.646741520e+01 +2.646741520e+01 -1.068025848e+02 -1.068025848e+02
6561 +2.627997559e+01 +2.627997559e+01 -1.069900244e+02 -1.069900244e+02
6568 +2.483961241e+01 +2.483961241e+01 -1.084303876e+02 -1.084303876e+02
6573 +2.312590813e+01 +2.312590813e+01 -1.101440919e+02 -1.101440919e+02
6706 +2.264038614e+01 +2.264038614e+01 -1.106296139e+02 -1.106296139e+02
7221 +1.962218401e+01 +1.962218401e+01 -1.136478160e+02 -1.136478160e+02
7843 +1.926009572e+01 +1.926009572e+01 -1.140099043e+02 -1.140099043e+02
7857 +1.760105318e+01 +1.760105318e+01 -1.156689468e+02 -1.156689468e+02
7871 +1.720810723e+01 +1.720810723e+01 -1.160618928e+02 -1.160618928e+02
8601 +1.580681751e+01 +1.580681751e+01 -1.174631825e+02 -1.174631825e+02
8618 +1.456642606e+01 +1.456642606e+01 -1.187035739e+02 -1.187035739e+02
9496 +1.393052944e+01 +1.393052944e+01 -1.193394706e+02 -1.193394706e+02
10570 +1.335744470e+01 +1.335744470e+01 -1.199125553e+02 -1.199125553e+02
10593 +1.266598986e+01 +1.266598986e+01 -1.206040101e+02 -1.206040101e+02
10816 +1.166500973e+01 +1.166500973e+01 -1.216049903e+02 -1.216049903e+02
10938 +1.012257938e+01 +1.012257938e+01 -1.231474206e+02 -1.231474206e+02
11471 +9.777676736e+00 +9.777676736e+00 -1.234923233e+02 -1.234923233e+02
11477 +8.819683252e+00 +8.819683252e+00 -1.244503167e+02 -1.244503167e+02
11484 +8.147837261e+00 +8.147837261e+00 -1.251221627e+02 -1.251221627e+02
11613 +8.014696592e+00 +8.014696592e+00 -1.252553034e+02 -1.252553034e+02
11989 +7.382235217e+00 +7.382235217e+00 -1.258877648e+02 -1.258877648e+02
12697 +7.232970191e+00 +7.232970191e+00 -1.260370298e+02 -1.260370298e+02
13662 +6.737077513e+00 +6.737077513e+00 -1.265329225e+02 -1.265329225e+02
14379 +6.503645230e+00 +6.503645230e+00 -1.267663548e+02 -1.267663548e+02
14388 +5.740787944e+00 +5.740787944e+00 -1.275292121e+02 -1.275292121e+02
14396 +5.619809403e+00 +5.619809403e+00 -1.276501906e+02 -1.276501906e+02
14552 +5.381848336e+00 +5.381848336e+00 -1.278881517e+02 -1.278881517e+02
15057 +4.849562545e+00 +4.849562545e+00 -1.284204375e+02 -1.284204375e+02
15539 +4.774844889e+00 +4.774844889e+00 -1.284951551e+02 -1.284951551e+02
16822 +4.269404903e+00 +4.269404903e+00 -1.290005951e+02 -1.290005951e+02
16834 +4.063859937e+00 +4.063859937e+00 -1.292061401e+02 -1.292061401e+02
17178 +3.682970625e+00 +3.682970625e+00 -1.295870294e+02 -1.295870294e+02
17183 +3.413643961e+00 +3.413643961e+00 -1.298563560e+02 -1.298563560e+02
17203 +3.207218460e+00 +3.207218460e+00 -1.300627815e+02 -1.300627815e+02
17234 +3.126558893e+00 +3.126558893e+00 -1.301434411e+02 -1.301434411e+02
17258 +3.081093796e+00 +3.081093796e+00 -1.301889062e+02 -1.301889062e+02
17321 +3.015278770e+00 +3.015278770e+00 -1.302547212e+02 -1.302547212e+02
17325 +2.898859957e+00 +2.898859957e+00 -1.303711400e+02 -1.303711400e+02
17330 +2.857538881e+00 +2.857538881e+00 -1.304124611e+02 -1.304124611e+02
17336 +2.680165948e+00 +2.680165948e+00 -1.305898341e+02 -1.305898341e+02
17442 +2.546140442e+00 +2.546140442e+00 -1.307238596e+02 -1.307238596e+02
19013 +2.471848352e+00 +2.471848352e+00 -1.307981516e+02 -1.307981516e+02
19040 +2.355895082e+00 +2.355895082e+00 -1.309141049e+02 -1.309141049e+02
19042 +2.280146914e+00 +2.280146914e+00 -1.309898531e+02 -1.309898531e+02
19054 +2.180972396e+00 +2.180972396e+00 -1.310890276e+02 -1.310890276e+02
20989 +2.133350605e+00 +2.133350605e+00 -1.311366494e+02 -1.311366494e+02
22632 +2.078085353e+00 +2.078085353e+00 -1.311919146e+02 -1.311919146e+02
25206 +2.037145197e+00 +2.037145197e+00 -1.312328548e+02 -1.312328548e+02
30203 +1.994487254e+00 +1.994487254e+00 -1.312755127e+02 -1.312755127e+02
% function evaluation | noise-free fitness - Fopt (-5.488000000000e+01) | best noise-free fitness - Fopt | measured fitness | best measured fitness | x1 | x2...
1 +8.121522190e+01 +8.121522190e+01 +2.633522190e+01 +2.633522190e+01
141 +7.800172034e+01 +7.800172034e+01 +2.312172034e+01 +2.312172034e+01
160 +7.733143022e+01 +7.733143022e+01 +2.245143022e+01 +2.245143022e+01
227 +7.422681248e+01 +7.422681248e+01 +1.934681248e+01 +1.934681248e+01
257 +7.378717419e+01 +7.378717419e+01 +1.890717419e+01 +1.890717419e+01
344 +7.221231789e+01 +7.221231789e+01 +1.733231789e+01 +1.733231789e+01
562 +6.659700229e+01 +6.659700229e+01 +1.171700229e+01 +1.171700229e+01
1567 +6.463692878e+01 +6.463692878e+01 +9.756928782e+00 +9.756928782e+00
1643 +6.238660003e+01 +6.238660003e+01 +7.506600030e+00 +7.506600030e+00
1887 +5.733412998e+01 +5.733412998e+01 +2.454129978e+00 +2.454129978e+00
2306 +5.613905996e+01 +5.613905996e+01 +1.259059960e+00 +1.259059960e+00
2316 +5.462116263e+01 +5.462116263e+01 -2.588373677e-01 -2.588373677e-01
2371 +5.098743853e+01 +5.098743853e+01 -3.892561470e+00 -3.892561470e+00
2488 +4.780850308e+01 +4.780850308e+01 -7.071496924e+00 -7.071496924e+00
2597 +3.985220787e+01 +3.985220787e+01 -1.502779213e+01 -1.502779213e+01
3454 +3.105080246e+01 +3.105080246e+01 -2.382919754e+01 -2.382919754e+01
5282 +2.621432785e+01 +2.621432785e+01 -2.866567215e+01 -2.866567215e+01
5382 +2.531171738e+01 +2.531171738e+01 -2.956828262e+01 -2.956828262e+01
6012 +2.508354478e+01 +2.508354478e+01 -2.979645522e+01 -2.979645522e+01
6514 +2.434174844e+01 +2.434174844e+01 -3.053825156e+01 -3.053825156e+01
6890 +2.162655020e+01 +2.162655020e+01 -3.325344980e+01 -3.325344980e+01
6904 +2.091537344e+01 +2.091537344e+01 -3.396462656e+01 -3.396462656e+01
6952 +2.088470386e+01 +2.088470386e+01 -3.399529614e+01 -3.399529614e+01
7686 +2.031226466e+01 +2.031226466e+01 -3.456773534e+01 -3.456773534e+01
8250 +1.974674188e+01 +1.974674188e+01 -3.513325812e+01 -3.513325812e+01
8687 +1.936947589e+01 +1.936947589e+01 -3.551052411e+01 -3.551052411e+01
8868 +1.861809356e+01 +1.861809356e+01 -3.626190644e+01 -3.626190644e+01
8988 +1.709979054e+01 +1.709979054e+01 -3.778020946e+01 -3.778020946e+01
9182 +1.599606583e+01 +1.599606583e+01 -3.888393417e+01 -3.888393417e+01
9193 +1.517510490e+01 +1.517510490e+01 -3.970489510e+01 -3.970489510e+01
9256 +1.421862839e+01 +1.421862839e+01 -4.066137161e+01 -4.066137161e+01
9268 +1.201704133e+01 +1.201704133e+01 -4.286295867e+01 -4.286295867e+01
9841 +1.136354549e+01 +1.136354549e+01 -4.351645451e+01 -4.351645451e+01
9849 +9.906673296e+00 +9.906673296e+00 -4.497332670e+01 -4.497332670e+01
9861 +9.407762312e+00 +9.407762312e+00 -4.547223769e+01 -4.547223769e+01
10641 +9.123205690e+00 +9.123205690e+00 -4.575679431e+01 -4.575679431e+01
10669 +9.026138941e+00 +9.026138941e+00 -4.585386106e+01 -4.585386106e+01
10683 +8.902107800e+00 +8.902107800e+00 -4.597789220e+01 -4.597789220e+01
11361 +8.641092432e+00 +8.641092432e+00 -4.623890757e+01 -4.623890757e+01
11436 +7.782252895e+00 +7.782252895e+00 -4.709774710e+01 -4.709774710e+01
11858 +7.684025406e+00 +7.684025406e+00 -4.719597459e+01 -4.719597459e+01
11978 +7.070137230e+00 +7.070137230e+00 -4.780986277e+01 -4.780986277e+01
13762 +6.850783313e+00 +6.850783313e+00 -4.802921669e+01 -4.802921669e+01
14133 +6.530565508e+00 +6.530565508e+00 -4.834943449e+01 -4.834943449e+01
14150 +6.270062019e+00 +6.270062019e+00 -4.860993798e+01 -4.860993798e+01
14162 +5.833394437e+00 +5.833394437e+00 -4.904660556e+01 -4.904660556e+01
14180 +5.718217825e+00 +5.718217825e+00 -4.916178218e+01 -4.916178218e+01
14849 +5.606545230e+00 +5.606545230e+00 -4.927345477e+01 -4.927345477e+01
15130 +5.446124683e+00 +5.446124683e+00 -4.943387532e+01 -4.943387532e+01
15133 +5.149963443e+00 +5.149963443e+00 -4.973003656e+01 -4.973003656e+01
15145 +4.971437462e+00 +4.971437462e+00 -4.990856254e+01 -4.990856254e+01
15154 +4.694004638e+00 +4.694004638e+00 -5.018599536e+01 -5.018599536e+01
15345 +4.576354811e+00 +4.576354811e+00 -5.030364519e+01 -5.030364519e+01
15526 +4.468249517e+00 +4.468249517e+00 -5.041175048e+01 -5.041175048e+01
15532 +3.415010285e+00 +3.415010285e+00 -5.146498972e+01 -5.146498972e+01
16290 +3.051478737e+00 +3.051478737e+00 -5.182852126e+01 -5.182852126e+01
16307 +2.893726801e+00 +2.893726801e+00 -5.198627320e+01 -5.198627320e+01
16359 +2.466857310e+00 +2.466857310e+00 -5.241314269e+01 -5.241314269e+01
18504 +2.372191973e+00 +2.372191973e+00 -5.250780803e+01 -5.250780803e+01
20334 +2.308314208e+00 +2.308314208e+00 -5.257168579e+01 -5.257168579e+01
20363 +2.278874706e+00 +2.278874706e+00 -5.260112529e+01 -5.260112529e+01
20608 +2.220098091e+00 +2.220098091e+00 -5.265990191e+01 -5.265990191e+01
21491 +2.182037270e+00 +2.182037270e+00 -5.269796273e+01 -5.269796273e+01
21847 +2.100552092e+00 +2.100552092e+00 -5.277944791e+01 -5.277944791e+01
23265 +2.084450094e+00 +2.084450094e+00 -5.279554991e+01 -5.279554991e+01
24175 +2.038500710e+00 +2.038500710e+00 -5.284149929e+01 -5.284149929e+01
30236 +1.991010606e+00 +1.991010606e+00 -5.288898939e+01 -5.288898939e+01
% function evaluation | noise-free fitness - Fopt (-2.253700000000e+02) | best noise-free fitness - Fopt | measured fitness | best measured fitness | x1 | x2...
1 +8.319213908e+01 +8.319213908e+01 -1.421778609e+02 -1.421778609e+02
1668 +8.292622409e+01 +8.292622409e+01 -1.424437759e+02 -1.424437759e+02
1715 +8.038424825e+01 +8.038424825e+01 -1.449857517e+02 -1.449857517e+02
1790 +7.938867146e+01 +7.938867146e+01 -1.459813285e+02 -1.459813285e+02
2284 +7.658738074e+01 +7.658738074e+01 -1.487826193e+02 -1.487826193e+02
2568 +7.303177564e+01 +7.303177564e+01 -1.523382244e+02 -1.523382244e+02
2606 +7.177074941e+01 +7.177074941e+01 -1.535992506e+02 -1.535992506e+02
2874 +7.017194567e+01 +7.017194567e+01 -1.551980543e+02 -1.551980543e+02
2954 +6.876374906e+01 +6.876374906e+01 -1.566062509e+02 -1.566062509e+02
3665 +6.758926058e+01 +6.758926058e+01 -1.577807394e+02 -1.577807394e+02
3695 +6.441851574e+01 +6.441851574e+01 -1.609514843e+02 -1.609514843e+02
4082 +6.093801415e+01 +6.093801415e+01 -1.644319858e+02 -1.644319858e+02
5804 +5.857995076e+01 +5.857995076e+01 -1.667900492e+02 -1.667900492e+02
5818 +5.550931161e+01 +5.550931161e+01 -1.698606884e+02 -1.698606884e+02
7513 +5.409910177e+01 +5.409910177e+01 -1.712708982e+02 -1.712708982e+02
7580 +5.244106139e+01 +5.244106139e+01 -1.729289386e+02 -1.729289386e+02
7756 +5.077855027e+01 +5.077855027e+01 -1.745914497e+02 -1.745914497e+02
7787 +4.918382844e+01 +4.918382844e+01 -1.761861716e+02 -1.761861716e+02
7798 +4.888289412e+01 +4.888289412e+01 -1.764871059e+02 -1.764871059e+02
8662 +4.751200329e+01 +4.751200329e+01 -1.778579967e+02 -1.778579967e+02
8803 +4.515435554e+01 +4.515435554e+01 -1.802156445e+02 -1.802156445e+02
9191 +4.312597120e+01 +4.312597120e+01 -1.822440288e+02 -1.822440288e+02
9197 +4.214978604e+01 +4.214978604e+01 -1.832202140e+02 -1.832202140e+02
9207 +4.136475307e+01 +4.136475307e+01 -1.840052469e+02 -1.840052469e+02
10126 +4.053604731e+01 +4.053604731e+01 -1.848339527e+02 -1.848339527e+02
10492 +3.879687968e+01 +3.879687968e+01 -1.865731203e+02 -1.865731203e+02
10503 +3.575378514e+01 +3.575378514e+01 -1.896162149e+02 -1.896162149e+02
11504 +3.444479639e+01 +3.444479639e+01 -1.909252036e+02 -1.909252036e+02
11705 +3.276239790e+01 +3.276239790e+01 -1.926076021e+02 -1.926076021e+02
11717 +2.992394575e+01 +2.992394575e+01 -1.954460543e+02 -1.954460543e+02
11729 +2.934676859e+01 +2.934676859e+01 -1.960232314e+02 -1.960232314e+02
13073 +2.840462995e+01 +2.840462995e+01 -1.969653701e+02 -1.969653701e+02
13085 +2.772047922e+01 +2.772047922e+01 -1.976495208e+02 -1.976495208e+02
13093 +2.691446189e+01 +2.691446189e+01 -1.984555381e+02 -1.984555381e+02
14947 +2.626324367e+01 +2.626324367e+01 -1.991067563e+02 -1.991067563e+02
15539 +2.541244718e+01 +2.541244718e+01 -1.999575528e+02 -1.999575528e+02
15555 +2.501020682e+01 +2.501020682e+01 -2.003597932e+02 -2.003597932e+02
16449 +2.445617730e+01 +2.445617730e+01 -2.009138227e+02 -2.009138227e+02
18683 +2.388866411e+01 +2.388866411e+01 -2.014813359e+02 -2.014813359e+02
20833 +2.337589015e+01 +2.337589015e+01 -2.019941098e+02 -2.019941098e+02
21945 +2.282426493e+01 +2.282426493e+01 -2.025457351e+02 -2.025457351e+02
25271 +2.236338151e+01 +2.236338151e+01 -2.030066185e+02 -2.030066185e+02
35607 +2.187302411e+01 +2.187302411e+01 -2.034969759e+02 -2.034969759e+02
216370 +2.137648083e+01 +2.137648083e+01 -2.039935192e+02 -2.039935192e+02
217774 +2.065238510e+01 +2.065238510e+01 -2.047176149e+02 -2.047176149e+02
219153 +2.032716840e+01 +2.032716840e+01 -2.050428316e+02 -2.050428316e+02
219626 +1.980783120e+01 +1.980783120e+01 -2.055621688e+02 -2.055621688e+02
220656 +1.938598362e+01 +1.938598362e+01 -2.059840164e+02 -2.059840164e+02
223353 +1.903647932e+01 +1.903647932e+01 -2.063335207e+02 -2.063335207e+02
227518 +1.857976571e+01 +1.857976571e+01 -2.067902343e+02 -2.067902343e+02
310904 +1.476333427e+01 +1.476333427e+01 -2.106066657e+02 -2.106066657e+02
311097 +1.375819478e+01 +1.375819478e+01 -2.116118052e+02 -2.116118052e+02
311982 +1.321418219e+01 +1.321418219e+01 -2.121558178e+02 -2.121558178e+02
312028 +1.301088287e+01 +1.301088287e+01 -2.123591171e+02 -2.123591171e+02
312036 +1.259254520e+01 +1.259254520e+01 -2.127774548e+02 -2.127774548e+02
312039 +1.010171165e+01 +1.010171165e+01 -2.152682883e+02 -2.152682883e+02
313764 +9.854883140e+00 +9.854883140e+00 -2.155151169e+02 -2.155151169e+02
313766 +9.474664726e+00 +9.474664726e+00 -2.158953353e+02 -2.158953353e+02
314031 +8.375181763e+00 +8.375181763e+00 -2.169948182e+02 -2.169948182e+02
314614 +8.176970991e+00 +8.176970991e+00 -2.171930290e+02 -2.171930290e+02
314628 +7.881290785e+00 +7.881290785e+00 -2.174887092e+02 -2.174887092e+02
315517 +7.596527837e+00 +7.596527837e+00 -2.177734722e+02 -2.177734722e+02
316337 +7.370066479e+00 +7.370066479e+00 -2.179999335e+02 -2.179999335e+02
317054 +6.999603592e+00 +6.999603592e+00 -2.183703964e+02 -2.183703964e+02
318065 +6.875114050e+00 +6.875114050e+00 -2.184948859e+02 -2.184948859e+02
318082 +6.652188858e+00 +6.652188858e+00 -2.187178111e+02 -2.187178111e+02
318089 +6.527865302e+00 +6.527865302e+00 -2.188421347e+02 -2.188421347e+02
318116 +6.187196788e+00 +6.187196788e+00 -2.191828032e+02 -2.191828032e+02
318140 +6.064416502e+00 +6.064416502e+00 -2.193055835e+02 -2.193055835e+02
320424 +5.964722893e+00 +5.964722893e+00 -2.194052771e+02 -2.194052771e+02
320434 +5.664210089e+00 +5.664210089e+00 -2.197057899e+02 -2.197057899e+02
320436 +5.584417164e+00 +5.584417164e+00 -2.197855828e+02 -2.197855828e+02
320444 +5.229722933e+00 +5.229722933e+00 -2.201402771e+02 -2.201402771e+02
321177 +4.833927148e+00 +4.833927148e+00 -2.205360729e+02 -2.205360729e+02
321186 +4.780295911e+00 +4.780295911e+00 -2.205897041e+02 -2.205897041e+02
322193 +4.471804660e+00 +4.471804660e+00 -2.208981953e+02 -2.208981953e+02
322198 +4.393007445e+00 +4.393007445e+00 -2.209769926e+02 -2.209769926e+02
322312 +4.219677385e+00 +4.219677385e+00 -2.211503226e+02 -2.211503226e+02
322333 +4.163771849e+00 +4.163771849e+00 -2.212062282e+02 -2.212062282e+02
322717 +3.956398190e+00 +3.956398190e+00 -2.214136018e+02 -2.214136018e+02
322728 +3.883627058e+00 +3.883627058e+00 -2.214863729e+02 -2.214863729e+02
322836 +3.741620287e+00 +3.741620287e+00 -2.216283797e+02 -2.216283797e+02
324681 +3.559434854e+00 +3.559434854e+00 -2.218105651e+02 -2.218105651e+02
324685 +3.532814266e+00 +3.532814266e+00 -2.218371857e+02 -2.218371857e+02
326031 +3.327519953e+00 +3.327519953e+00 -2.220424800e+02 -2.220424800e+02
326084 +3.294109409e+00 +3.294109409e+00 -2.220758906e+02 -2.220758906e+02
327030 +3.190397635e+00 +3.190397635e+00 -2.221796024e+02 -2.221796024e+02
328350 +3.140570078e+00 +3.140570078e+00 -2.222294299e+02 -2.222294299e+02
330404 +3.070736904e+00 +3.070736904e+00 -2.222992631e+02 -2.222992631e+02
330473 +3.016217131e+00 +3.016217131e+00 -2.223537829e+02 -2.223537829e+02
330924 +2.949398672e+00 +2.949398672e+00 -2.224206013e+02 -2.224206013e+02
331183 +2.845200622e+00 +2.845200622e+00 -2.225247994e+02 -2.225247994e+02
332156 +2.817936317e+00 +2.817936317e+00 -2.225520637e+02 -2.225520637e+02
333029 +2.732666016e+00 +2.732666016e+00 -2.226373340e+02 -2.226373340e+02
336701 +2.679046813e+00 +2.679046813e+00 -2.226909532e+02 -2.226909532e+02
341246 +2.629937417e+00 +2.629937417e+00 -2.227400626e+02 -2.227400626e+02
% function evaluation | noise-free fitness - Fopt (-2.212900000000e+02) | best noise-free fitness - Fopt | measured fitness | best measured fitness | x1 | x2...
1 +8.482452635e+01 +8.482452635e+01 -1.364654737e+02 -1.364654737e+02
28 +8.231945793e+01 +8.231945793e+01 -1.389705421e+02 -1.389705421e+02
38 +7.649280400e+01 +7.649280400e+01 -1.447971960e+02 -1.447971960e+02
209 +7.511926711e+01 +7.511926711e+01 -1.461707329e+02 -1.461707329e+02
333 +7.275398076e+01 +7.275398076e+01 -1.485360192e+02 -1.485360192e+02
1886 +7.143368785e+01 +7.143368785e+01 -1.498563122e+02 -1.498563122e+02
2456 +6.773014354e+01 +6.773014354e+01 -1.535598565e+02 -1.535598565e+02
3565 +6.706105884e+01 +6.706105884e+01 -1.542289412e+02 -1.542289412e+02
3586 +6.523111274e+01 +6.523111274e+01 -1.560588873e+02 -1.560588873e+02
3617 +6.430185669e+01 +6.430185669e+01 -1.569881433e+02 -1.569881433e+02
4111 +6.270883345e+01 +6.270883345e+01 -1.585811666e+02 -1.585811666e+02
4115 +6.094788732e+01 +6.094788732e+01 -1.603421127e+02 -1.603421127e+02
4269 +5.382708920e+01 +5.382708920e+01 -1.674629108e+02 -1.674629108e+02
4504 +5.007657177e+01 +5.007657177e+01 -1.712134282e+02 -1.712134282e+02
4516 +4.832145630e+01 +4.832145630e+01 -1.729685437e+02 -1.729685437e+02
4527 +4.625291089e+01 +4.625291089e+01 -1.750370891e+02 -1.750370891e+02
4531 +4.376308974e+01 +4.376308974e+01 -1.775269103e+02 -1.775269103e+02
6588 +4.107874193e+01 +4.107874193e+01 -1.802112581e+02 -1.802112581e+02
6592 +3.718158537e+01 +3.718158537e+01 -1.841084146e+02 -1.841084146e+02
6786 +3.244120521e+01 +3.244120521e+01 -1.888487948e+02 -1.888487948e+02
6806 +3.208603934e+01 +3.208603934e+01 -1.892039607e+02 -1.892039607e+02
6810 +3.065641698e+01 +3.065641698e+01 -1.906335830e+02 -1.906335830e+02
7283 +2.965737920e+01 +2.965737920e+01 -1.916326208e+02 -1.916326208e+02
8208 +2.878268162e+01 +2.878268162e+01 -1.925073184e+02 -1.925073184e+02
8224 +2.806642397e+01 +2.806642397e+01 -1.932235760e+02 -1.932235760e+02
8544 +2.688739850e+01 +2.688739850e+01 -1.944026015e+02 -1.944026015e+02
8680 +2.463651298e+01 +2.463651298e+01 -1.966534870e+02 -1.966534870e+02
8814 +2.307593601e+01 +2.307593601e+01 -1.982140640e+02 -1.982140640e+02
10279 +2.274498045e+01 +2.274498045e+01 -1.985450196e+02 -1.985450196e+02
10291 +2.228171360e+01 +2.228171360e+01 -1.990082864e+02 -1.990082864e+02
10670 +2.118930322e+01 +2.118930322e+01 -2.001006968e+02 -2.001006968e+02
10943 +2.067445336e+01 +2.067445336e+01 -2.006155466e+02 -2.006155466e+02
12624 +2.008359996e+01 +2.008359996e+01 -2.012064000e+02 -2.012064000e+02
12626 +1.974515513e+01 +1.974515513e+01 -2.015448449e+02 -2.015448449e+02
12635 +1.932330226e+01 +1.932330226e+01 -2.019666977e+02 -2.019666977e+02
13517 +1.887327117e+01 +1.887327117e+01 -2.024167288e+02 -2.024167288e+02
13522 +1.825207242e+01 +1.825207242e+01 -2.030379276e+02 -2.030379276e+02
13956 +1.771064948e+01 +1.771064948e+01 -2.035793505e+02 -2.035793505e+02
13964 +1.736564562e+01 +1.736564562e+01 -2.039243544e+02 -2.039243544e+02
14746 +1.696039658e+01 +1.696039658e+01 -2.043296034e+02 -2.043296034e+02
14760 +1.659375441e+01 +1.659375441e+01 -2.046962456e+02 -2.046962456e+02
16041 +1.575007347e+01 +1.575007347e+01 -2.055399265e+02 -2.055399265e+02
16077 +1.535453377e+01 +1.535453377e+01 -2.059354662e+02 -2.059354662e+02
16963 +1.509732885e+01 +1.509732885e+01 -2.061926712e+02 -2.061926712e+02
17393 +1.477944675e+01 +1.477944675e+01 -2.065105532e+02 -2.065105532e+02
17967 +1.431954672e+01 +1.431954672e+01 -2.069704533e+02 -2.069704533e+02
18836 +1.400591956e+01 +1.400591956e+01 -2.072840804e+02 -2.072840804e+02
18851 +1.367549161e+01 +1.367549161e+01 -2.076145084e+02 -2.076145084e+02
18999 +1.334456244e+01 +1.334456244e+01 -2.079454376e+02 -2.079454376e+02
19896 +1.305292257e+01 +1.305292257e+01 -2.082370774e+02 -2.082370774e+02
19925 +1.268472826e+01 +1.268472826e+01 -2.086052717e+02 -2.086052717e+02
19983 +1.253096506e+01 +1.253096506e+01 -2.087590349e+02 -2.087590349e+02
22769 +1.219737789e+01 +1.219737789e+01 -2.090926221e+02 -2.090926221e+02
24983 +1.196973866e+01 +1.196973866e+01 -2.093202613e+02 -2.093202613e+02
25123 +1.173100672e+01 +1.173100672e+01 -2.095589933e+02 -2.095589933e+02
28717 +1.146378346e+01 +1.146378346e+01 -2.098262165e+02 -2.098262165e+02
35511 +1.121927058e+01 +1.121927058e+01 -2.100707294e+02 -2.100707294e+02
% function evaluation | noise-free fitness - Fopt (1.065700000000e+02) | best noise-free fitness - Fopt | measured fitness | best measured fitness | x1 | x2...
1 +8.340215427e+01 +8.340215427e+01 +1.899721543e+02 +1.899721543e+02
11 +8.316782902e+01 +8.316782902e+01 +1.897378290e+02 +1.897378290e+02
78 +8.086131613e+01 +8.086131613e+01 +1.874313161e+02 +1.874313161e+02
2589 +7.924819456e+01 +7.924819456e+01 +1.858181946e+02 +1.858181946e+02
2787 +7.630393441e+01 +7.630393441e+01 +1.828739344e+02 +1.828739344e+02
2829 +7.525352668e+01 +7.525352668e+01 +1.818235267e+02 +1.818235267e+02
2888 +7.289468027e+01 +7.289468027e+01 +1.794646803e+02 +1.794646803e+02
3022 +7.164482041e+01 +7.164482041e+01 +1.782148204e+02 +1.782148204e+02
3037 +6.979720755e+01 +6.979720755e+01 +1.763672075e+02 +1.763672075e+02
3082 +6.859018434e+01 +6.859018434e+01 +1.751601843e+02 +1.751601843e+02
3151 +6.729372555e+01 +6.729372555e+01 +1.738637255e+02 +1.738637255e+02
3264 +6.519139672e+01 +6.519139672e+01 +1.717613967e+02 +1.717613967e+02
3278 +6.110575534e+01 +6.110575534e+01 +1.676757553e+02 +1.676757553e+02
3635 +5.977052336e+01 +5.977052336e+01 +1.663405234e+02 +1.663405234e+02
3741 +5.784054046e+01 +5.784054046e+01 +1.644105405e+02 +1.644105405e+02
3773 +4.636519082e+01 +4.636519082e+01 +1.529351908e+02 +1.529351908e+02
3786 +4.364827402e+01 +4.364827402e+01 +1.502182740e+02 +1.502182740e+02
4956 +4.042096209e+01 +4.042096209e+01 +1.469909621e+02 +1.469909621e+02
4971 +3.787582971e+01 +3.787582971e+01 +1.444458297e+02 +1.444458297e+02
5001 +3.702171402e+01 +3.702171402e+01 +1.435917140e+02 +1.435917140e+02
5006 +3.042816690e+01 +3.042816690e+01 +1.369981669e+02 +1.369981669e+02
5018 +2.947170674e+01 +2.947170674e+01 +1.360417067e+02 +1.360417067e+02
5721 +2.437912956e+01 +2.437912956e+01 +1.309491296e+02 +1.309491296e+02
5764 +2.359153114e+01 +2.359153114e+01 +1.301615311e+02 +1.301615311e+02
6743 +2.338382047e+01 +2.338382047e+01 +1.299538205e+02 +1.299538205e+02
6834 +2.186683193e+01 +2.186683193e+01 +1.284368319e+02 +1.284368319e+02
8181 +2.082967836e+01 +2.082967836e+01 +1.273996784e+02 +1.273996784e+02
8186 +1.964920851e+01 +1.964920851e+01 +1.262192085e+02 +1.262192085e+02
8194 +1.900161095e+01 +1.900161095e+01 +1.255716110e+02 +1.255716110e+02
8218 +1.269751464e+01 +1.269751464e+01 +1.192675146e+02 +1.192675146e+02
9825 +1.223600835e+01 +1.223600835e+01 +1.188060084e+02 +1.188060084e+02
9837 +1.174285576e+01 +1.174285576e+01 +1.183128558e+02 +1.183128558e+02
10466 +1.136024546e+01 +1.136024546e+01 +1.179302455e+02 +1.179302455e+02
10603 +1.035968939e+01 +1.035968939e+01 +1.169296894e+02 +1.169296894e+02
10881 +9.469669773e+00 +9.469669773e+00 +1.160396698e+02 +1.160396698e+02
11683 +9.014217099e+00 +9.014217099e+00 +1.155842171e+02 +1.155842171e+02
11907 +8.323541158e+00 +8.323541158e+00 +1.148935412e+02 +1.148935412e+02
11911 +8.172038500e+00 +8.172038500e+00 +1.147420385e+02 +1.147420385e+02
13258 +7.511099796e+00 +7.511099796e+00 +1.140810998e+02 +1.140810998e+02
13330 +7.229350148e+00 +7.229350148e+00 +1.137993501e+02 +1.137993501e+02
13938 +7.041125996e+00 +7.041125996e+00 +1.136111260e+02 +1.136111260e+02
14161 +6.382365538e+00 +6.382365538e+00 +1.129523655e+02 +1.129523655e+02
14437 +5.714425097e+00 +5.714425097e+00 +1.122844251e+02 +1.122844251e+02
14459 +5.576571092e+00 +5.576571092e+00 +1.121465711e+02 +1.121465711e+02
14504 +5.066870461e+00 +5.066870461e+00 +1.116368705e+02 +1.116368705e+02
14517 +4.877638245e+00 +4.877638245e+00 +1.114476382e+02 +1.114476382e+02
14798 +4.615234930e+00 +4.615234930e+00 +1.111852349e+02 +1.111852349e+02
15651 +4.500952832e+00 +4.500952832e+00 +1.110709528e+02 +1.110709528e+02
15818 +3.744838922e+00 +3.744838922e+00 +1.103148389e+02 +1.103148389e+02
17676 +2.971893268e+00 +2.971893268e+00 +1.095418933e+02 +1.095418933e+02
17683 +2.721361860e+00 +2.721361860e+00 +1.092913619e+02 +1.092913619e+02
19099 +2.274567317e+00 +2.274567317e+00 +1.088445673e+02 +1.088445673e+02
20827 +2.183071458e+00 +2.183071458e+00 +1.087530715e+02 +1.087530715e+02
22124 +2.131326648e+00 +2.131326648e+00 +1.087013266e+02 +1.087013266e+02
22471 +2.077010091e+00 +2.077010091e+00 +1.086470101e+02 +1.086470101e+02
23649 +2.035736263e+00 +2.035736263e+00 +1.086057363e+02 +1.086057363e+02
30989 +1.995217552e+00 +1.995217552e+00 +1.085652176e+02 +1.085652176e+02
% function evaluation | noise-free fitness - Fopt (-1.284800000000e+02) | best noise-free fitness - Fopt | measured fitness | best measured fitness | x1 | x2...
1 +8.445902606e+01 +8.445902606e+01 -4.402097394e+01 -4.402097394e+01
23 +8.299570443e+01 +8.299570443e+01 -4.548429557e+01 -4.548429557e+01
85 +8.048580764e+01 +8.048580764e+01 -4.799419236e+01 -4.799419236e+01
107 +7.926186670e+01 +7.926186670e+01 -4.921813330e+01 -4.921813330e+01
2390 +7.705300218e+01 +7.705300218e+01 -5.142699782e+01 -5.142699782e+01
2412 +7.418475150e+01 +7.418475150e+01 -5.429524850e+01 -5.429524850e+01
2460 +7.259436740e+01 +7.259436740e+01 -5.588563260e+01 -5.588563260e+01
3181 +7.201230430e+01 +7.201230430e+01 -5.646769570e+01 -5.646769570e+01
3193 +6.987919602e+01 +6.987919602e+01 -5.860080398e+01 -5.860080398e+01
3296 +6.908984360e+01 +6.908984360e+01 -5.939015640e+01 -5.939015640e+01
3365 +6.729626685e+01 +6.729626685e+01 -6.118373315e+01 -6.118373315e+01
3380 +6.282995569e+01 +6.282995569e+01 -6.565004431e+01 -6.565004431e+01
4450 +5.805430329e+01 +5.805430329e+01 -7.042569671e+01 -7.042569671e+01
4461 +5.009424741e+01 +5.009424741e+01 -7.838575259e+01 -7.838575259e+01
5495 +4.577930482e+01 +4.577930482e+01 -8.270069518e+01 -8.270069518e+01
7078 +4.555626400e+01 +4.555626400e+01 -8.292373600e+01 -8.292373600e+01
7089 +4.209677088e+01 +4.209677088e+01 -8.638322912e+01 -8.638322912e+01
7452 +4.147918929e+01 +4.147918929e+01 -8.700081071e+01 -8.700081071e+01
8303 +4.053176076e+01 +4.053176076e+01 -8.794823924e+01 -8.794823924e+01
8315 +3.325642400e+01 +3.325642400e+01 -9.522357600e+01 -9.522357600e+01
9374 +3.202463760e+01 +3.202463760e+01 -9.645536240e+01 -9.645536240e+01
9379 +3.021778061e+01 +3.021778061e+01 -9.826221939e+01 -9.826221939e+01
9795 +2.997233037e+01 +2.997233037e+01 -9.850766963e+01 -9.850766963e+01
9822 +2.899403973e+01 +2.899403973e+01 -9.948596027e+01 -9.948596027e+01
10909 +2.805477649e+01 +2.805477649e+01 -1.004252235e+02 -1.004252235e+02
10913 +2.673210569e+01 +2.673210569e+01 -1.017478943e+02 -1.017478943e+02
11505 +2.571394420e+01 +2.571394420e+01 -1.027660558e+02 -1.027660558e+02
11615 +2.560050128e+01 +2.560050128e+01 -1.028794987e+02 -1.028794987e+02
11845 +2.507429451e+01 +2.507429451e+01 -1.034057055e+02 -1.034057055e+02
13084 +2.435374929e+01 +2.435374929e+01 -1.041262507e+02 -1.041262507e+02
13100 +2.353021370e+01 +2.353021370e+01 -1.049497863e+02 -1.049497863e+02
13666 +2.336789457e+01 +2.336789457e+01 -1.051121054e+02 -1.051121054e+02
13853 +2.271058121e+01 +2.271058121e+01 -1.057694188e+02 -1.057694188e+02
14207 +2.231647461e+01 +2.231647461e+01 -1.061635254e+02 -1.061635254e+02
14528 +2.166177748e+01 +2.166177748e+01 -1.068182225e+02 -1.068182225e+02
15103 +2.115703760e+01 +2.115703760e+01 -1.073229624e+02 -1.073229624e+02
16286 +2.074975579e+01 +2.074975579e+01 -1.077302442e+02 -1.077302442e+02
16711 +2.025579827e+01 +2.025579827e+01 -1.082242017e+02 -1.082242017e+02
17061 +1.968525281e+01 +1.968525281e+01 -1.087947472e+02 -1.087947472e+02
17350 +1.944367095e+01 +1.944367095e+01 -1.090363291e+02 -1.090363291e+02
18075 +1.895951483e+01 +1.895951483e+01 -1.095204852e+02 -1.095204852e+02
18701 +1.845090604e+01 +1.845090604e+01 -1.100290940e+02 -1.100290940e+02
19579 +1.806099208e+01 +1.806099208e+01 -1.104190079e+02 -1.104190079e+02
19716 +1.774138787e+01 +1.774138787e+01 -1.107386121e+02 -1.107386121e+02
20844 +1.717534456e+01 +1.717534456e+01 -1.113046554e+02 -1.113046554e+02
21390 +1.696581541e+01 +1.696581541e+01 -1.115141846e+02 -1.115141846e+02
22713 +1.655157943e+01 +1.655157943e+01 -1.119284206e+02 -1.119284206e+02
23960 +1.621020061e+01 +1.621020061e+01 -1.122697994e+02 -1.122697994e+02
24809 +1.584606781e+01 +1.584606781e+01 -1.126339322e+02 -1.126339322e+02
27272 +1.546473144e+01 +1.546473144e+01 -1.130152686e+02 -1.130152686e+02
29636 +1.513223547e+01 +1.513223547e+01 -1.133477645e+02 -1.133477645e+02
35673 +1.478844105e+01 +1.478844105e+01 -1.136915590e+02 -1.136915590e+02
210458 +1.440194795e+01 +1.440194795e+01 -1.140780521e+02 -1.140780521e+02
210591 +1.210488758e+01 +1.210488758e+01 -1.163751124e+02 -1.163751124e+02
210602 +1.173420260e+01 +1.173420260e+01 -1.167457974e+02 -1.167457974e+02
211266 +1.082513659e+01 +1.082513659e+01 -1.176548634e+02 -1.176548634e+02
211832 +1.036328906e+01 +1.036328906e+01 -1.181167109e+02 -1.181167109e+02
212359 +8.695538914e+00 +8.695538914e+00 -1.197844611e+02 -1.197844611e+02
212367 +8.500113783e+00 +8.500113783e+00 -1.199798862e+02 -1.199798862e+02
212389 +8.160099580e+00 +8.160099580e+00 -1.203199004e+02 -1.203199004e+02
212397 +8.105566526e+00 +8.105566526e+00 -1.203744335e+02 -1.203744335e+02
212407 +7.677752433e+00 +7.677752433e+00 -1.208022476e+02 -1.208022476e+02
214010 +7.452008813e+00 +7.452008813e+00 -1.210279912e+02 -1.210279912e+02
214066 +6.892925792e+00 +6.892925792e+00 -1.215870742e+02 -1.215870742e+02
214225 +6.523004073e+00 +6.523004073e+00 -1.219569959e+02 -1.219569959e+02
214241 +6.057157449e+00 +6.057157449e+00 -1.224228426e+02 -1.224228426e+02
214248 +6.005071780e+00 +6.005071780e+00 -1.224749282e+02 -1.224749282e+02
215356 +5.230029601e+00 +5.230029601e+00 -1.232499704e+02 -1.232499704e+02
215551 +4.771001097e+00 +4.771001097e+00 -1.237089989e+02 -1.237089989e+02
216105 +4.533028285e+00 +4.533028285e+00 -1.239469717e+02 -1.239469717e+02
216453 +4.260651856e+00 +4.260651856e+00 -1.242193481e+02 -1.242193481e+02
216455 +3.799770621e+00 +3.799770621e+00 -1.246802294e+02 -1.246802294e+02
216922 +3.260566841e+00 +3.260566841e+00 -1.252194332e+02 -1.252194332e+02
216926 +2.630117847e+00 +2.630117847e+00 -1.258498822e+02 -1.258498822e+02
217124 +2.456530822e+00 +2.456530822e+00 -1.260234692e+02 -1.260234692e+02
218896 +2.439332719e+00 +2.439332719e+00 -1.260406673e+02 -1.260406673e+02
218897 +2.226548497e+00 +2.226548497e+00 -1.262534515e+02 -1.262534515e+02
219054 +2.182880803e+00 +2.182880803e+00 -1.262971192e+02 -1.262971192e+02
219174 +2.098750742e+00 +2.098750742e+00 -1.263812493e+02 -1.263812493e+02
219245 +2.070835136e+00 +2.070835136e+00 -1.264091649e+02 -1.264091649e+02
220604 +2.039250130e+00 +2.039250130e+00 -1.264407499e+02 -1.264407499e+02
221001 +1.990997316e+00 +1.990997316e+00 -1.264890027e+02 -1.264890027e+02
221050 +1.945780608e+00 +1.945780608e+00 -1.265342194e+02 -1.265342194e+02
223499 +1.769109979e+00 +1.769109979e+00 -1.267108900e+02 -1.267108900e+02
223510 +1.730250136e+00 +1.730250136e+00 -1.267497499e+02 -1.267497499e+02
223517 +1.543709978e+00 +1.543709978e+00 -1.269362900e+02 -1.269362900e+02
225601 +1.484019490e+00 +1.484019490e+00 -1.269959805e+02 -1.269959805e+02
226248 +1.477572109e+00 +1.477572109e+00 -1.270024279e+02 -1.270024279e+02
227430 +1.372074772e+00 +1.372074772e+00 -1.271079252e+02 -1.271079252e+02
227632 +1.293535015e+00 +1.293535015e+00 -1.271864650e+02 -1.271864650e+02
228916 +1.280509982e+00 +1.280509982e+00 -1.271994900e+02 -1.271994900e+02
229467 +1.249372149e+00 +1.249372149e+00 -1.272306279e+02 -1.272306279e+02
229483 +1.152790409e+00 +1.152790409e+00 -1.273272096e+02 -1.273272096e+02
229507 +1.140588174e+00 +1.140588174e+00 -1.273394118e+02 -1.273394118e+02
230220 +1.117767235e+00 +1.117767235e+00 -1.273622328e+02 -1.273622328e+02
231111 +1.090450349e+00 +1.090450349e+00 -1.273895497e+02 -1.273895497e+02
231119 +1.035766732e+00 +1.035766732e+00 -1.274442333e+02 -1.274442333e+02
231143 +9.945498692e-01 +9.945498692e-01 -1.274854501e+02 -1.274854501e+02
231355 +9.536034064e-01 +9.536034064e-01 -1.275263966e+02 -1.275263966e+02
232585 +9.199055969e-01 +9.199055969e-01 -1.275600944e+02 -1.275600944e+02
233266 +8.989602519e-01 +8.989602519e-01 -1.275810397e+02 -1.275810397e+02
233304 +8.850951977e-01 +8.850951977e-01 -1.275949048e+02 -1.275949048e+02
233323 +8.607422281e-01 +8.607422281e-01 -1.276192578e+02 -1.276192578e+02
233722 +8.506527229e-01 +8.506527229e-01 -1.276293473e+02 -1.276293473e+02
234079 +8.284272368e-01 +8.284272368e-01 -1.276515728e+02 -1.276515728e+02
236831 +7.958053352e-01 +7.958053352e-01 -1.276841947e+02 -1.276841947e+02
237634 +7.900081628e-01 +7.900081628e-01 -1.276899918e+02 -1.276899918e+02
240216 +7.741377029e-01 +7.741377029e-01 -1.277058623e+02 -1.277058623e+02
240324 +7.563164537e-01 +7.563164537e-01 -1.277236835e+02 -1.277236835e+02
240991 +7.407709844e-01 +7.407709844e-01 -1.277392290e+02 -1.277392290e+02
245022 +7.203779271e-01 +7.203779271e-01 -1.277596221e+02 -1.277596221e+02
249065 +7.074921284e-01 +7.074921284e-01 -1.277725079e+02 -1.277725079e+02
% function evaluation | noise-free fitness - Fopt (2.358800000000e+02) | best noise-free fitness - Fopt | measured fitness | best measured fitness | x1 | x2...
1 +8.416187752e+01 +8.416187752e+01 +3.200418775e+02 +3.200418775e+02
101 +8.292081372e+01 +8.292081372e+01 +3.188008137e+02 +3.188008137e+02
180 +7.963505550e+01 +7.963505550e+01 +3.155150555e+02 +3.155150555e+02
185 +7.857696894e+01 +7.857696894e+01 +3.144569689e+02 +3.144569689e+02
618 +7.634228362e+01 +7.634228362e+01 +3.122222836e+02 +3.122222836e+02
674 +7.570270427e+01 +7.570270427e+01 +3.115827043e+02 +3.115827043e+02
758 +7.247964793e+01 +7.247964793e+01 +3.083596479e+02 +3.083596479e+02
778 +7.035976492e+01 +7.035976492e+01 +3.062397649e+02 +3.062397649e+02
3930 +6.872775337e+01 +6.872775337e+01 +3.046077534e+02 +3.046077534e+02
4336 +6.650951823e+01 +6.650951823e+01 +3.023895182e+02 +3.023895182e+02
5246 +6.503679391e+01 +6.503679391e+01 +3.009167939e+02 +3.009167939e+02
5745 +6.414952460e+01 +6.414952460e+01 +3.000295246e+02 +3.000295246e+02
5755 +6.180702807e+01 +6.180702807e+01 +2.976870281e+02 +2.976870281e+02
5789 +5.968588084e+01 +5.968588084e+01 +2.955658808e+02 +2.955658808e+02
8300 +5.863684249e+01 +5.863684249e+01 +2.945168425e+02 +2.945168425e+02
8324 +5.732837247e+01 +5.732837247e+01 +2.932083725e+02 +2.932083725e+02
8741 +5.510537308e+01 +5.510537308e+01 +2.909853731e+02 +2.909853731e+02
10058 +5.209307557e+01 +5.209307557e+01 +2.879730756e+02 +2.879730756e+02
10803 +4.921395786e+01 +4.921395786e+01 +2.850939579e+02 +2.850939579e+02
10917 +4.874061430e+01 +4.874061430e+01 +2.846206143e+02 +2.846206143e+02
11054 +4.611973118e+01 +4.611973118e+01 +2.819997312e+02 +2.819997312e+02
12931 +4.542393310e+01 +4.542393310e+01 +2.813039331e+02 +2.813039331e+02
14213 +4.445318899e+01 +4.445318899e+01 +2.803331890e+02 +2.803331890e+02
14423 +4.362143884e+01 +4.362143884e+01 +2.795014388e+02 +2.795014388e+02
16325 +4.177095490e+01 +4.177095490e+01 +2.776509549e+02 +2.776509549e+02
16926 +4.118309269e+01 +4.118309269e+01 +2.770630927e+02 +2.770630927e+02
16966 +4.070112734e+01 +4.070112734e+01 +2.765811273e+02 +2.765811273e+02
18305 +3.980012992e+01 +3.980012992e+01 +2.756801299e+02 +2.756801299e+02
20845 +3.887437067e+01 +3.887437067e+01 +2.747543707e+02 +2.747543707e+02
20963 +3.799211976e+01 +3.799211976e+01 +2.738721198e+02 +2.738721198e+02
24199 +3.703025932e+01 +3.703025932e+01 +2.729102593e+02 +2.729102593e+02
30444 +3.630112301e+01 +3.630112301e+01 +2.721811230e+02 +2.721811230e+02
104870 +3.211747174e+01 +3.211747174e+01 +2.679974717e+02 +2.679974717e+02
105411 +3.050923948e+01 +3.050923948e+01 +2.663892395e+02 +2.663892395e+02
106840 +2.527807799e+01 +2.527807799e+01 +2.611580780e+02 +2.611580780e+02
107432 +2.507813419e+01 +2.507813419e+01 +2.609581342e+02 +2.609581342e+02
107444 +2.393064748e+01 +2.393064748e+01 +2.598106475e+02 +2.598106475e+02
107550 +1.731439610e+01 +1.731439610e+01 +2.531943961e+02 +2.531943961e+02
109200 +1.661961012e+01 +1.661961012e+01 +2.524996101e+02 +2.524996101e+02
110572 +1.586598767e+01 +1.586598767e+01 +2.517459877e+02 +2.517459877e+02
110608 +1.540732181e+01 +1.540732181e+01 +2.512873218e+02 +2.512873218e+02
110644 +1.491879829e+01 +1.491879829e+01 +2.507987983e+02 +2.507987983e+02
110662 +1.373590035e+01 +1.373590035e+01 +2.496159003e+02 +2.496159003e+02
111146 +1.279719336e+01 +1.279719336e+01 +2.486771934e+02 +2.486771934e+02
111161 +1.146465930e+01 +1.146465930e+01 +2.473446593e+02 +2.473446593e+02
111546 +1.119311092e+01 +1.119311092e+01 +2.470731109e+02 +2.470731109e+02
113527 +1.069922158e+01 +1.069922158e+01 +2.465792216e+02 +2.465792216e+02
113546 +1.006191056e+01 +1.006191056e+01 +2.459419106e+02 +2.459419106e+02
113773 +9.773642527e+00 +9.773642527e+00 +2.456536425e+02 +2.456536425e+02
114184 +9.597532083e+00 +9.597532083e+00 +2.454775321e+02 +2.454775321e+02
114220 +9.074253486e+00 +9.074253486e+00 +2.449542535e+02 +2.449542535e+02
114242 +8.066631944e+00 +8.066631944e+00 +2.439466319e+02 +2.439466319e+02
116162 +7.829691208e+00 +7.829691208e+00 +2.437096912e+02 +2.437096912e+02
117223 +7.759326441e+00 +7.759326441e+00 +2.436393264e+02 +2.436393264e+02
117325 +7.542388785e+00 +7.542388785e+00 +2.434223888e+02 +2.434223888e+02
117452 +7.367803265e+00 +7.367803265e+00 +2.432478033e+02 +2.432478033e+02
118298 +7.091869771e+00 +7.091869771e+00 +2.429718698e+02 +2.429718698e+02
119845 +7.024544355e+00 +7.024544355e+00 +2.429045444e+02 +2.429045444e+02
120797 +6.875998899e+00 +6.875998899e+00 +2.427559989e+02 +2.427559989e+02
121944 +6.753920876e+00 +6.753920876e+00 +2.426339209e+02 +2.426339209e+02
122078 +6.582702405e+00 +6.582702405e+00 +2.424627024e+02 +2.424627024e+02
122232 +6.451564791e+00 +6.451564791e+00 +2.423315648e+02 +2.423315648e+02
123705 +6.271031909e+00 +6.271031909e+00 +2.421510319e+02 +2.421510319e+02
123741 +6.108473984e+00 +6.108473984e+00 +2.419884740e+02 +2.419884740e+02
124647 +5.997728414e+00 +5.997728414e+00 +2.418777284e+02 +2.418777284e+02
126023 +5.807181260e+00 +5.807181260e+00 +2.416871813e+02 +2.416871813e+02
126234 +5.692443825e+00 +5.692443825e+00 +2.415724438e+02 +2.415724438e+02
127651 +5.521919433e+00 +5.521919433e+00 +2.414019194e+02 +2.414019194e+02
127653 +5.446920969e+00 +5.446920969e+00 +2.413269210e+02 +2.413269210e+02
132637 +5.354845921e+00 +5.354845921e+00 +2.412348459e+02 +2.412348459e+02
134681 +5.247463046e+00 +5.247463046e+00 +2.411274630e+02 +2.411274630e+02
140050 +5.126944307e+00 +5.126944307e+00 +2.410069443e+02 +2.410069443e+02
215874 +4.549209267e+00 +4.549209267e+00 +2.404292093e+02 +2.404292093e+02
216894 +4.395985189e+00 +4.395985189e+00 +2.402759852e+02 +2.402759852e+02
216931 +4.063488862e+00 +4.063488862e+00 +2.399434889e+02 +2.399434889e+02
217512 +3.864446872e+00 +3.864446872e+00 +2.397444469e+02 +2.397444469e+02
217529 +3.664691616e+00 +3.664691616e+00 +2.395446916e+02 +2.395446916e+02
217536 +3.540923707e+00 +3.540923707e+00 +2.394209237e+02 +2.394209237e+02
217562 +3.142946840e+00 +3.142946840e+00 +2.390229468e+02 +2.390229468e+02
217639 +3.039870619e+00 +3.039870619e+00 +2.389198706e+02 +2.389198706e+02
219034 +3.017572683e+00 +3.017572683e+00 +2.388975727e+02 +2.388975727e+02
220389 +2.769850629e+00 +2.769850629e+00 +2.386498506e+02 +2.386498506e+02
220394 +2.747309214e+00 +2.747309214e+00 +2.386273092e+02 +2.386273092e+02
220403 +2.534437810e+00 +2.534437810e+00 +2.384144378e+02 +2.384144378e+02
220411 +2.416804622e+00 +2.416804622e+00 +2.382968046e+02 +2.382968046e+02
221357 +2.360447713e+00 +2.360447713e+00 +2.382404477e+02 +2.382404477e+02
221650 +2.175322551e+00 +2.175322551e+00 +2.380553226e+02 +2.380553226e+02
222865 +2.127218680e+00 +2.127218680e+00 +2.380072187e+02 +2.380072187e+02
224552 +2.081857485e+00 +2.081857485e+00 +2.379618575e+02 +2.379618575e+02
226339 +2.039212297e+00 +2.039212297e+00 +2.379192123e+02 +2.379192123e+02
232447 +1.994091028e+00 +1.994091028e+00 +2.378740910e+02 +2.378740910e+02
% function evaluation | noise-free fitness - Fopt (-5.310000000000e+00) | best noise-free fitness - Fopt | measured fitness | best measured fitness | x1 | x2...
1 +8.337731366e+01 +8.337731366e+01 +7.806731366e+01 +7.806731366e+01
19 +7.964071749e+01 +7.964071749e+01 +7.433071749e+01 +7.433071749e+01
35 +7.939830646e+01 +7.939830646e+01 +7.408830646e+01 +7.408830646e+01
64 +7.628236121e+01 +7.628236121e+01 +7.097236121e+01 +7.097236121e+01
89 +7.574296948e+01 +7.574296948e+01 +7.043296948e+01 +7.043296948e+01
340 +7.407053501e+01 +7.407053501e+01 +6.876053501e+01 +6.876053501e+01
1206 +7.216319489e+01 +7.216319489e+01 +6.685319489e+01 +6.685319489e+01
1995 +7.048855890e+01 +7.048855890e+01 +6.517855890e+01 +6.517855890e+01
2139 +6.912790912e+01 +6.912790912e+01 +6.381790912e+01 +6.381790912e+01
3292 +6.723732564e+01 +6.723732564e+01 +6.192732564e+01 +6.192732564e+01
3293 +6.366233884e+01 +6.366233884e+01 +5.835233884e+01 +5.835233884e+01
3647 +6.303462952e+01 +6.303462952e+01 +5.772462952e+01 +5.772462952e+01
3665 +6.094858821e+01 +6.094858821e+01 +5.563858821e+01 +5.563858821e+01
3674 +5.875741492e+01 +5.875741492e+01 +5.344741492e+01 +5.344741492e+01
3687 +5.590382638e+01 +5.590382638e+01 +5.059382638e+01 +5.059382638e+01
3695 +5.405844029e+01 +5.405844029e+01 +4.874844029e+01 +4.874844029e+01
4701 +5.348946180e+01 +5.348946180e+01 +4.817946180e+01 +4.817946180e+01
4864 +5.139556544e+01 +5.139556544e+01 +4.608556544e+01 +4.608556544e+01
4873 +5.121935575e+01 +5.121935575e+01 +4.590935575e+01 +4.590935575e+01
5354 +4.997684925e+01 +4.997684925e+01 +4.466684925e+01 +4.466684925e+01
5443 +4.835074911e+01 +4.835074911e+01 +4.304074911e+01 +4.304074911e+01
5463 +4.521821519e+01 +4.521821519e+01 +3.990821519e+01 +3.990821519e+01
5498 +4.396316747e+01 +4.396316747e+01 +3.865316747e+01 +3.865316747e+01
5504 +4.299648173e+01 +4.299648173e+01 +3.768648173e+01 +3.768648173e+01
5520 +4.086055850e+01 +4.086055850e+01 +3.555055850e+01 +3.555055850e+01
5851 +4.006416880e+01 +4.006416880e+01 +3.475416880e+01 +3.475416880e+01
7172 +3.334250273e+01 +3.334250273e+01 +2.803250273e+01 +2.803250273e+01
8860 +3.240715844e+01 +3.240715844e+01 +2.709715844e+01 +2.709715844e+01
8885 +3.026324412e+01 +3.026324412e+01 +2.495324412e+01 +2.495324412e+01
9325 +2.806142844e+01 +2.806142844e+01 +2.275142844e+01 +2.275142844e+01
9739 +2.569283063e+01 +2.569283063e+01 +2.038283063e+01 +2.038283063e+01
10087 +2.489870983e+01 +2.489870983e+01 +1.958870983e+01 +1.958870983e+01
10695 +2.437133037e+01 +2.437133037e+01 +1.906133037e+01 +1.906133037e+01
10729 +2.336630417e+01 +2.336630417e+01 +1.805630417e+01 +1.805630417e+01
11952 +2.235082209e+01 +2.235082209e+01 +1.704082209e+01 +1.704082209e+01
12517 +2.126869982e+01 +2.126869982e+01 +1.595869982e+01 +1.595869982e+01
13852 +2.005879906e+01 +2.005879906e+01 +1.474879906e+01 +1.474879906e+01
13885 +1.918672381e+01 +1.918672381e+01 +1.387672381e+01 +1.387672381e+01
13893 +1.897758707e+01 +1.897758707e+01 +1.366758707e+01 +1.366758707e+01
13901 +1.837357087e+01 +1.837357087e+01 +1.306357087e+01 +1.306357087e+01
15161 +1.809165944e+01 +1.809165944e+01 +1.278165944e+01 +1.278165944e+01
16372 +1.770691710e+01 +1.770691710e+01 +1.239691710e+01 +1.239691710e+01
18130 +1.722228690e+01 +1.722228690e+01 +1.191228690e+01 +1.191228690e+01
18238 +1.684692587e+01 +1.684692587e+01 +1.153692587e+01 +1.153692587e+01
19652 +1.658469953e+01 +1.658469953e+01 +1.127469953e+01 +1.127469953e+01
20111 +1.604080542e+01 +1.604080542e+01 +1.073080542e+01 +1.073080542e+01
21947 +1.583288390e+01 +1.583288390e+01 +1.052288390e+01 +1.052288390e+01
21987 +1.528925726e+01 +1.528925726e+01 +9.979257263e+00 +9.979257263e+00
26133 +1.511672373e+01 +1.511672373e+01 +9.806723733e+00 +9.806723733e+00
32492 +1.478447044e+01 +1.478447044e+01 +9.474470443e+00 +9.474470443e+00
218398 +1.437987676e+01 +1.437987676e+01 +9.069876757e+00 +9.069876757e+00
219209 +1.371574159e+01 +1.371574159e+01 +8.405741589e+00 +8.405741589e+00
219257 +1.340356859e+01 +1.340356859e+01 +8.093568587e+00 +8.093568587e+00
220319 +1.306382091e+01 +1.306382091e+01 +7.753820910e+00 +7.753820910e+00
220861 +1.281996214e+01 +1.281996214e+01 +7.509962143e+00 +7.509962143e+00
221106 +1.240141385e+01 +1.240141385e+01 +7.091413852e+00 +7.091413852e+00
223059 +1.226744493e+01 +1.226744493e+01 +6.957444929e+00 +6.957444929e+00
225321 +1.193893472e+01 +1.193893472e+01 +6.628934724e+00 +6.628934724e+00
226981 +1.174549139e+01 +1.174549139e+01 +6.435491394e+00 +6.435491394e+00
228974 +1.143532665e+01 +1.143532665e+01 +6.125326649e+00 +6.125326649e+00
236334 +1.121759821e+01 +1.121759821e+01 +5.907598210e+00 +5.907598210e+00
