% function evaluation | noise-free fitness - Fopt (6.870000000000e+00) | best noise-free fitness - Fopt | measured fitness | best measured fitness | x1 | x2...
1 +2.483510099e+01 +2.483510099e+01 +3.170510099e+01 +3.170510099e+01 +0.0000e+00 +0.0000e+00
3 +1.170963709e+01 +1.170963709e+01 +1.857963709e+01 +1.857963709e+01 +1.5105e+00 -1.6549e+00
5 +9.656101767e+00 +9.656101767e+00 +1.652610177e+01 +1.652610177e+01 -2.7715e+00 +4.3155e+00
72 +8.893455502e+00 +8.893455502e+00 +1.576345550e+01 +1.576345550e+01 +3.9626e+00 -1.1512e-01
73 +2.961798389e+00 +2.961798389e+00 +9.831798389e+00 +9.831798389e+00 +1.7999e+00 -9.0131e-01
547 +2.583516815e+00 +2.583516815e+00 +9.453516815e+00 +9.453516815e+00 +4.6681e+00 -5.9494e-01
559 +9.447564171e-01 +9.447564171e-01 +7.814756417e+00 +7.814756417e+00 +4.5370e+00 -3.0147e-01
1758 +7.700842852e-01 +7.700842852e-01 +7.640084285e+00 +7.640084285e+00 -4.2695e-01 +4.0852e+00
11545 +3.984440753e-01 +3.984440753e-01 +7.268444075e+00 +7.268444075e+00 -6.5250e-01 +1.0337e+00
12150 +3.432950581e-01 +3.432950581e-01 +7.213295058e+00 +7.213295058e+00 +8.0211e-02 +2.5823e+00
15623 +2.983085480e-01 +2.983085480e-01 +7.168308548e+00 +7.168308548e+00 -2.9522e+00 +2.3197e+00
34170 +2.052165400e-01 +2.052165400e-01 +7.075216540e+00 +7.075216540e+00 +4.0848e+00 +4.9127e+00
34530 +2.019362908e-01 +2.019362908e-01 +7.071936291e+00 +7.071936291e+00 +4.0839e+00 +4.9134e+00
34534 +1.464052855e-01 +1.464052855e-01 +7.016405286e+00 +7.016405286e+00 +4.0838e+00 +4.9136e+00
34687 +6.819911030e-02 +6.819911030e-02 +6.938199110e+00 +6.938199110e+00 +4.0844e+00 +4.9131e+00
34806 +4.064657392e-02 +4.064657392e-02 +6.910646574e+00 +6.910646574e+00 +4.0843e+00 +4.9132e+00
34951 +3.713206159e-02 +3.713206159e-02 +6.907132062e+00 +6.907132062e+00 +4.0842e+00 +4.9133e+00
35056 +3.066405410e-02 +3.066405410e-02 +6.900664054e+00 +6.900664054e+00 +4.0842e+00 +4.9133e+00
35132 +8.010540085e-03 +8.010540085e-03 +6.878010540e+00 +6.878010540e+00 +4.0843e+00 +4.9132e+00
35402 +2.896953757e-03 +2.896953757e-03 +6.872896954e+00 +6.872896954e+00 +4.0843e+00 +4.9132e+00
35644 +1.365189023e-03 +1.365189023e-03 +6.871365189e+00 +6.871365189e+00 +4.0843e+00 +4.9132e+00
36044 +8.214439076e-04 +8.214439076e-04 +6.870821444e+00 +6.870821444e+00 +4.0843e+00 +4.9132e+00
36072 +6.133095078e-04 +6.133095078e-04 +6.870613310e+00 +6.870613310e+00 +4.0843e+00 +4.9132e+00
36415 +4.267540374e-04 +4.267540374e-04 +6.870426754e+00 +6.870426754e+00 +4.0843e+00 +4.9132e+00
36599 +3.999895346e-04 +3.999895346e-04 +6.870399990e+00 +6.870399990e+00 +4.0843e+00 +4.9132e+00
36681 +2.983290555e-04 +2.983290555e-04 +6.870298329e+00 +6.870298329e+00 +4.0843e+00 +4.9132e+00
36723 +2.589961353e-04 +2.589961353e-04 +6.870258996e+00 +6.870258996e+00 +4.0843e+00 +4.9132e+00
36785 +2.039504962e-04 +2.039504962e-04 +6.870203950e+00 +6.870203950e+00 +4.0843e+00 +4.9132e+00
36862 +6.664901594e-05 +6.664901594e-05 +6.870066649e+00 +6.870066649e+00 +4.0843e+00 +4.9132e+00
36973 +4.241257271e-05 +4.241257271e-05 +6.870042413e+00 +6.870042413e+00 +4.0843e+00 +4.9132e+00
37340 +3.846425881e-05 +3.846425881e-05 +6.870038464e+00 +6.870038464e+00 +4.0843e+00 +4.9132e+00
37363 +2.916149574e-05 +2.916149574e-05 +6.870029161e+00 +6.870029161e+00 +4.0843e+00 +4.9132e+00
37540 +2.880478025e-05 +2.880478025e-05 +6.870028805e+00 +6.870028805e+00 +4.0843e+00 +4.9132e+00
37619 +2.261400666e-05 +2.261400666e-05 +6.870022614e+00 +6.870022614e+00 +4.0843e+00 +4.9132e+00
37640 +1.725859518e-05 +1.725859518e-05 +6.870017259e+00 +6.870017259e+00 +4.0843e+00 +4.9132e+00
37644 +9.374746526e-06 +9.374746526e-06 +6.870009375e+00 +6.870009375e+00 +4.0843e+00 +4.9132e+00
37704 +4.868157323e-06 +4.868157323e-06 +6.870004868e+00 +6.870004868e+00 +4.0843e+00 +4.9132e+00
37785 +3.115287905e-06 +3.115287905e-06 +6.870003115e+00 +6.870003115e+00 +4.0843e+00 +4.9132e+00
38091 +1.076110583e-06 +1.076110583e-06 +6.870001076e+00 +6.870001076e+00 +4.0843e+00 +4.9132e+00
38649 +2.964885777e-07 +2.964885777e-07 +6.870000296e+00 +6.870000296e+00 +4.0843e+00 +4.9132e+00
38658 +1.946907418e-07 +1.946907418e-07 +6.870000195e+00 +6.870000195e+00 +4.0843e+00 +4.9132e+00
39123 +8.291347342e-08 +8.291347342e-08 +6.870000083e+00 +6.870000083e+00 +4.0843e+00 +4.9132e+00
39331 +5.511751588e-08 +5.511751588e-08 +6.870000055e+00 +6.870000055e+00 +4.0843e+00 +4.9132e+00
39513 +4.397367093e-08 +4.397367093e-08 +6.870000044e+00 +6.870000044e+00 +4.0843e+00 +4.9132e+00
39531 +1.922866133e-08 +1.922866133e-08 +6.870000019e+00 +6.870000019e+00 +4.0843e+00 +4.9132e+00
39865 +9.915571475e-09 +9.915571475e-09 +6.870000010e+00 +6.870000010e+00 +4.0843e+00 +4.9132e+00
% function evaluation | noise-free fitness - Fopt (1.000000000000e-02) | best noise-free fitness - Fopt | measured fitness | best measured fitness | x1 | x2...
1 +3.874812351e+01 +3.874812351e+01 +3.875812351e+01 +3.875812351e+01 +0.0000e+00 +0.0000e+00
3 +1.979027865e+01 +1.979027865e+01 +1.980027865e+01 +1.980027865e+01 +7.9882e-01 -8.6962e-01
6 +8.292604011e+00 +8.292604011e+00 +8.302604011e+00 +8.302604011e+00 +1.0681e+00 -1.1851e+00
13 +5.491500657e+00 +5.491500657e+00 +5.501500657e+00 +5.501500657e+00 +1.6357e+00 -2.0269e+00
23 +5.214245866e+00 +5.214245866e+00 +5.224245866e+00 +5.224245866e+00 +4.3660e+00 -3.8970e+00
50 +1.845442011e+00 +1.845442011e+00 +1.855442011e+00 +1.855442011e+00 +4.2079e+00 -6.0802e-03
1447 +1.142989788e+00 +1.142989788e+00 +1.152989788e+00 +1.152989788e+00 -1.8492e+00 -5.1784e+00
2291 +5.213954440e-01 +5.213954440e-01 +5.313954440e-01 +5.313954440e-01 +2.1736e+00 -3.7399e+00
14504 +4.970823870e-01 +4.970823870e-01 +5.070823870e-01 +5.070823870e-01 +8.7511e-02 +3.5313e+00
17862 +4.796405750e-01 +4.796405750e-01 +4.896405750e-01 +4.896405750e-01 +5.0572e-01 +4.6032e+00
18057 +4.653001293e-01 +4.653001293e-01 +4.753001293e-01 +4.753001293e-01 +5.0511e-01 +4.6034e+00
18083 +2.027659086e-01 +2.027659086e-01 +2.127659086e-01 +2.127659086e-01 +5.0325e-01 +4.6047e+00
18213 +1.410750894e-01 +1.410750894e-01 +1.510750894e-01 +1.510750894e-01 +5.0330e-01 +4.6045e+00
18277 +1.298190278e-01 +1.298190278e-01 +1.398190278e-01 +1.398190278e-01 +5.0355e-01 +4.6045e+00
18311 +1.140527158e-01 +1.140527158e-01 +1.240527158e-01 +1.240527158e-01 +5.0336e-01 +4.6045e+00
18348 +1.035265300e-01 +1.035265300e-01 +1.135265300e-01 +1.135265300e-01 +5.0421e-01 +4.6041e+00
18376 +7.208177648e-02 +7.208177648e-02 +8.208177648e-02 +8.208177648e-02 +5.0355e-01 +4.6044e+00
18481 +4.395010726e-02 +4.395010726e-02 +5.395010726e-02 +5.395010726e-02 +5.0396e-01 +4.6042e+00
18669 +3.116058039e-02 +3.116058039e-02 +4.116058039e-02 +4.116058039e-02 +5.0376e-01 +4.6043e+00
18778 +2.945261514e-02 +2.945261514e-02 +3.945261514e-02 +3.945261514e-02 +5.0386e-01 +4.6043e+00
18870 +2.205707262e-02 +2.205707262e-02 +3.205707262e-02 +3.205707262e-02 +5.0379e-01 +4.6043e+00
18886 +2.090134905e-02 +2.090134905e-02 +3.090134905e-02 +3.090134905e-02 +5.0381e-01 +4.6043e+00
18900 +1.375333684e-02 +1.375333684e-02 +2.375333684e-02 +2.375333684e-02 +5.0383e-01 +4.6043e+00
18905 +1.321931039e-02 +1.321931039e-02 +2.321931039e-02 +2.321931039e-02 +5.0387e-01 +4.6043e+00
19004 +7.372882059e-03 +7.372882059e-03 +1.737288206e-02 +1.737288206e-02 +5.0384e-01 +4.6043e+00
19262 +5.736530732e-03 +5.736530732e-03 +1.573653073e-02 +1.573653073e-02 +5.0385e-01 +4.6043e+00
19302 +4.925801646e-03 +4.925801646e-03 +1.492580165e-02 +1.492580165e-02 +5.0383e-01 +4.6043e+00
19311 +3.699886213e-03 +3.699886213e-03 +1.369988621e-02 +1.369988621e-02 +5.0384e-01 +4.6043e+00
19500 +1.689251635e-03 +1.689251635e-03 +1.168925163e-02 +1.168925163e-02 +5.0383e-01 +4.6043e+00
19560 +1.495806637e-03 +1.495806637e-03 +1.149580664e-02 +1.149580664e-02 +5.0383e-01 +4.6043e+00
19622 +6.753520960e-04 +6.753520960e-04 +1.067535210e-02 +1.067535210e-02 +5.0383e-01 +4.6043e+00
19712 +4.139763335e-04 +4.139763335e-04 +1.041397633e-02 +1.041397633e-02 +5.0383e-01 +4.6043e+00
20001 +1.051570841e-04 +1.051570841e-04 +1.010515708e-02 +1.010515708e-02 +5.0383e-01 +4.6043e+00
20036 +8.717963466e-05 +8.717963466e-05 +1.008717963e-02 +1.008717963e-02 +5.0383e-01 +4.6043e+00
20342 +2.979306538e-05 +2.979306538e-05 +1.002979307e-02 +1.002979307e-02 +5.0383e-01 +4.6043e+00
20485 +2.483585401e-05 +2.483585401e-05 +1.002483585e-02 +1.002483585e-02 +5.0383e-01 +4.6043e+00
20695 +2.226507460e-05 +2.226507460e-05 +1.002226507e-02 +1.002226507e-02 +5.0383e-01 +4.6043e+00
20697 +1.064397241e-05 +1.064397241e-05 +1.001064397e-02 +1.001064397e-02 +5.0383e-01 +4.6043e+00
20733 +3.946036743e-06 +3.946036743e-06 +1.000394604e-02 +1.000394604e-02 +5.0383e-01 +4.6043e+00
20954 +2.887306870e-06 +2.887306870e-06 +1.000288731e-02 +1.000288731e-02 +5.0383e-01 +4.6043e+00
21177 +2.335881789e-06 +2.335881789e-06 +1.000233588e-02 +1.000233588e-02 +5.0383e-01 +4.6043e+00
21268 +1.125579592e-06 +1.125579592e-06 +1.000112558e-02 +1.000112558e-02 +5.0383e-01 +4.6043e+00
21304 +9.082215957e-07 +9.082215957e-07 +1.000090822e-02 +1.000090822e-02 +5.0383e-01 +4.6043e+00
21327 +8.258805817e-07 +8.258805817e-07 +1.000082588e-02 +1.000082588e-02 +5.0383e-01 +4.6043e+00
21439 +4.849892976e-07 +4.849892976e-07 +1.000048499e-02 +1.000048499e-02 +5.0383e-01 +4.6043e+00
21643 +3.983079866e-07 +3.983079866e-07 +1.000039831e-02 +1.000039831e-02 +5.0383e-01 +4.6043e+00
21648 +1.391872789e-07 +1.391872789e-07 +1.000013919e-02 +1.000013919e-02 +5.0383e-01 +4.6043e+00
21662 +5.174158990e-08 +5.174158990e-08 +1.000005174e-02 +1.000005174e-02 +5.0383e-01 +4.6043e+00
22050 +2.617265404e-08 +2.617265404e-08 +1.000002617e-02 +1.000002617e-02 +5.0383e-01 +4.6043e+00
22317 +2.216188899e-08 +2.216188899e-08 +1.000002216e-02 +1.000002216e-02 +5.0383e-01 +4.6043e+00
22320 +1.702039010e-08 +1.702039010e-08 +1.000001702e-02 +1.000001702e-02 +5.0383e-01 +4.6043e+00
22412 +2.902299512e-09 +2.902299512e-09 +1.000000290e-02 +1.000000290e-02 +5.0383e-01 +4.6043e+00
24753 +0.000000000e+00 +0.000000000e+00 +1.000000000e-02 +1.000000000e-02 +5.0383e-01 +4.6043e+00
% function evaluation | noise-free fitness - Fopt (-1.306100000000e+02) | best noise-free fitness - Fopt | measured fitness | best measured fitness | x1 | x2...
1 +6.063859804e+01 +6.063859804e+01 -6.997140196e+01 -6.997140196e+01 +0.0000e+00 +0.0000e+00
2 +5.639841677e+01 +5.639841677e+01 -7.421158323e+01 -7.421158323e+01 -4.3151e+00 +3.9520e-01
3 +1.165891758e+01 +1.165891758e+01 -1.189510824e+02 -1.189510824e+02 +1.0658e+00 +7.9181e-01
7 +8.750782810e+00 +8.750782810e+00 -1.218592172e+02 -1.218592172e+02 -5.2011e-03 -1.1625e+00
63 +5.593926205e+00 +5.593926205e+00 -1.250160738e+02 -1.250160738e+02 +3.1690e+00 +2.6760e+00
150 +4.817172683e+00 +4.817172683e+00 -1.257928273e+02 -1.257928273e+02 -1.1627e+00 +2.7888e+00
414 +4.121663671e+00 +4.121663671e+00 -1.264883363e+02 -1.264883363e+02 -2.8231e-01 +1.6249e+00
745 +2.271899432e+00 +2.271899432e+00 -1.283381006e+02 -1.283381006e+02 -1.1771e+00 +3.8349e+00
879 +1.247909993e+00 +1.247909993e+00 -1.293620900e+02 -1.293620900e+02 +1.4123e+00 +3.0423e+00
969 +5.783636558e-01 +5.783636558e-01 -1.300316363e+02 -1.300316363e+02 +1.7419e+00 +3.9499e+00
4453 +4.649986892e-01 +4.649986892e-01 -1.301450013e+02 -1.301450013e+02 -4.3901e+00 +5.1322e+00
4645 +4.082659397e-01 +4.082659397e-01 -1.302017341e+02 -1.302017341e+02 -4.3889e+00 +5.1304e+00
4889 +3.208412103e-01 +3.208412103e-01 -1.302891588e+02 -1.302891588e+02 -4.3895e+00 +5.1310e+00
4894 +1.902126664e-01 +1.902126664e-01 -1.304197873e+02 -1.304197873e+02 -4.3896e+00 +5.1321e+00
4899 +8.375530875e-02 +8.375530875e-02 -1.305262447e+02 -1.305262447e+02 -4.3895e+00 +5.1316e+00
5136 +3.493197784e-02 +3.493197784e-02 -1.305750680e+02 -1.305750680e+02 -4.3895e+00 +5.1315e+00
5424 +2.675888668e-02 +2.675888668e-02 -1.305832411e+02 -1.305832411e+02 -4.3895e+00 +5.1315e+00
5849 +2.561132377e-02 +2.561132377e-02 -1.305843887e+02 -1.305843887e+02 -4.3894e+00 +5.1314e+00
5875 +2.492560899e-02 +2.492560899e-02 -1.305850744e+02 -1.305850744e+02 -4.3894e+00 +5.1314e+00
5943 +2.411572615e-02 +2.411572615e-02 -1.305858843e+02 -1.305858843e+02 -4.3894e+00 +5.1315e+00
5957 +2.236698658e-02 +2.236698658e-02 -1.305876330e+02 -1.305876330e+02 -4.3894e+00 +5.1315e+00
6038 +2.128269473e-02 +2.128269473e-02 -1.305887173e+02 -1.305887173e+02 -4.3894e+00 +5.1314e+00
6061 +2.082053659e-02 +2.082053659e-02 -1.305891795e+02 -1.305891795e+02 -4.3894e+00 +5.1314e+00
6101 +1.848424553e-02 +1.848424553e-02 -1.305915158e+02 -1.305915158e+02 -4.3894e+00 +5.1315e+00
6149 +1.814685105e-02 +1.814685105e-02 -1.305918531e+02 -1.305918531e+02 -4.3894e+00 +5.1315e+00
6448 +1.737972911e-02 +1.737972911e-02 -1.305926203e+02 -1.305926203e+02 -4.3894e+00 +5.1315e+00
6785 +1.731211521e-02 +1.731211521e-02 -1.305926879e+02 -1.305926879e+02 -4.3894e+00 +5.1315e+00
% function evaluation | noise-free fitness - Fopt (-2.231200000000e+02) | best noise-free fitness - Fopt | measured fitness | best measured fitness | x1 | x2...
1 +5.548126590e+01 +5.548126590e+01 -1.676387341e+02 -1.676387341e+02 +0.0000e+00 +0.0000e+00
2 +7.064102608e+00 +7.064102608e+00 -2.160558974e+02 -2.160558974e+02 +1.1841e+00 -2.0683e+00
9 +2.571905506e+00 +2.571905506e+00 -2.205480945e+02 -2.205480945e+02 -2.0692e-01 -4.5391e+00
42 +2.288038644e+00 +2.288038644e+00 -2.208319614e+02 -2.208319614e+02 +2.8879e-01 -1.6542e+00
898 +1.896143677e+00 +1.896143677e+00 -2.212238563e+02 -2.212238563e+02 -4.5728e+00 +2.1787e-01
1451 +1.607008320e+00 +1.607008320e+00 -2.215129917e+02 -2.215129917e+02 +2.0394e+00 -3.8744e+00
2837 +2.660812189e-01 +2.660812189e-01 -2.228539188e+02 -2.228539188e+02 +7.7246e-01 -1.5734e+00
% function evaluation | noise-free fitness - Fopt (-4.443000000000e+01) | best noise-free fitness - Fopt | measured fitness | best measured fitness | x1 | x2...
1 +6.617331483e+01 +6.617331483e+01 +2.174331483e+01 +2.174331483e+01 +0.0000e+00 +0.0000e+00
2 +2.092754309e+01 +2.092754309e+01 -2.350245691e+01 -2.350245691e+01 +5.8039e-01 -7.1054e-02
3 +7.602758653e+00 +7.602758653e+00 -3.682724135e+01 -3.682724135e+01 +3.6077e+00 +1.1877e-01
12 +4.207460750e+00 +4.207460750e+00 -4.022253925e+01 -4.022253925e+01 +2.6066e+00 +2.8123e-01
219 +2.859145308e+00 +2.859145308e+00 -4.157085469e+01 -4.157085469e+01 +2.7370e+00 -6.1186e-02
323 +2.316230433e+00 +2.316230433e+00 -4.211376957e+01 -4.211376957e+01 +2.2807e+00 +3.1283e+00
420 +1.690267507e+00 +1.690267507e+00 -4.273973249e+01 -4.273973249e+01 +2.8082e+00 +2.2678e+00
1701 +7.376044801e-01 +7.376044801e-01 -4.369239552e+01 -4.369239552e+01 +8.5616e-01 +5.1393e+00
5635 +2.903537038e-01 +2.903537038e-01 -4.413964630e+01 -4.413964630e+01 +3.4967e+00 +4.4427e+00
6347 +2.302022143e-01 +2.302022143e-01 -4.419979779e+01 -4.419979779e+01 +3.4978e+00 +4.4416e+00
6488 +5.768288219e-02 +5.768288219e-02 -4.437231712e+01 -4.437231712e+01 +3.4983e+00 +4.4409e+00
7151 +3.695106298e-02 +3.695106298e-02 -4.439304894e+01 -4.439304894e+01 +3.4984e+00 +4.4408e+00
7374 +2.180658751e-02 +2.180658751e-02 -4.440819341e+01 -4.440819341e+01 +3.4984e+00 +4.4408e+00
7541 +1.752385642e-02 +1.752385642e-02 -4.441247614e+01 -4.441247614e+01 +3.4984e+00 +4.4409e+00
7599 +1.622026546e-02 +1.622026546e-02 -4.441377973e+01 -4.441377973e+01 +3.4983e+00 +4.4409e+00
7819 +9.143458205e-03 +9.143458205e-03 -4.442085654e+01 -4.442085654e+01 +3.4983e+00 +4.4409e+00
7832 +7.133971715e-03 +7.133971715e-03 -4.442286603e+01 -4.442286603e+01 +3.4983e+00 +4.4409e+00
7844 +5.019080879e-03 +5.019080879e-03 -4.442498092e+01 -4.442498092e+01 +3.4984e+00 +4.4409e+00
7902 +3.147568084e-03 +3.147568084e-03 -4.442685243e+01 -4.442685243e+01 +3.4983e+00 +4.4409e+00
7977 +2.888553967e-03 +2.888553967e-03 -4.442711145e+01 -4.442711145e+01 +3.4983e+00 +4.4409e+00
8151 +6.910332243e-04 +6.910332243e-04 -4.442930897e+01 -4.442930897e+01 +3.4983e+00 +4.4409e+00
8633 +4.061007641e-04 +4.061007641e-04 -4.442959390e+01 -4.442959390e+01 +3.4983e+00 +4.4409e+00
8677 +2.614875023e-04 +2.614875023e-04 -4.442973851e+01 -4.442973851e+01 +3.4983e+00 +4.4409e+00
9135 +2.526284360e-04 +2.526284360e-04 -4.442974737e+01 -4.442974737e+01 +3.4983e+00 +4.4409e+00
9147 +2.296416714e-04 +2.296416714e-04 -4.442977036e+01 -4.442977036e+01 +3.4983e+00 +4.4409e+00
9188 +1.398168840e-04 +1.398168840e-04 -4.442986018e+01 -4.442986018e+01 +3.4983e+00 +4.4409e+00
9639 +1.192352979e-04 +1.192352979e-04 -4.442988076e+01 -4.442988076e+01 +3.4983e+00 +4.4409e+00
9643 +2.031689641e-05 +2.031689641e-05 -4.442997968e+01 -4.442997968e+01 +3.4983e+00 +4.4409e+00
9789 +1.389585757e-05 +1.389585757e-05 -4.442998610e+01 -4.442998610e+01 +3.4983e+00 +4.4409e+00
9821 +8.391736436e-06 +8.391736436e-06 -4.442999161e+01 -4.442999161e+01 +3.4983e+00 +4.4409e+00
9880 +4.858679780e-06 +4.858679780e-06 -4.442999514e+01 -4.442999514e+01 +3.4983e+00 +4.4409e+00
10556 +3.497841981e-06 +3.497841981e-06 -4.442999650e+01 -4.442999650e+01 +3.4983e+00 +4.4409e+00
10576 +3.120317118e-06 +3.120317118e-06 -4.442999688e+01 -4.442999688e+01 +3.4983e+00 +4.4409e+00
10596 +1.674603084e-06 +1.674603084e-06 -4.442999833e+01 -4.442999833e+01 +3.4983e+00 +4.4409e+00
10668 +1.162917016e-06 +1.162917016e-06 -4.442999884e+01 -4.442999884e+01 +3.4983e+00 +4.4409e+00
11023 +8.558169711e-07 +8.558169711e-07 -4.442999914e+01 -4.442999914e+01 +3.4983e+00 +4.4409e+00
11031 +6.425874446e-07 +6.425874446e-07 -4.442999936e+01 -4.442999936e+01 +3.4983e+00 +4.4409e+00
11099 +2.871281666e-07 +2.871281666e-07 -4.442999971e+01 -4.442999971e+01 +3.4983e+00 +4.4409e+00
11131 +1.288042313e-07 +1.288042313e-07 -4.442999987e+01 -4.442999987e+01 +3.4983e+00 +4.4409e+00
11611 +8.339966229e-08 +8.339966229e-08 -4.442999992e+01 -4.442999992e+01 +3.4983e+00 +4.4409e+00
11689 +3.042836738e-08 +3.042836738e-08 -4.442999997e+01 -4.442999997e+01 +3.4983e+00 +4.4409e+00
11741 +2.753225914e-08 +2.753225914e-08 -4.442999997e+01 -4.442999997e+01 +3.4983e+00 +4.4409e+00
11804 +7.292861426e-09 +7.292861426e-09 -4.442999999e+01 -4.442999999e+01 +3.4983e+00 +4.4409e+00
14829 +0.000000000e+00 +0.000000000e+00 -4.443000000e+01 -4.443000000e+01 +3.4983e+00 +4.4409e+00
% function evaluation | noise-free fitness - Fopt (-3.845400000000e+02) | best noise-free fitness - Fopt | measured fitness | best measured fitness | x1 | x2...
1 +1.349753275e+01 +1.349753275e+01 -3.710424673e+02 -3.710424673e+02 +0.0000e+00 +0.0000e+00
3 +5.781002638e+00 +5.781002638e+00 -3.787589974e+02 -3.787589974e+02 +5.6161e-01 -1.9261e+00
180 +8.416551460e-01 +8.416551460e-01 -3.836983449e+02 -3.836983449e+02 -5.4154e+00 -5.2117e+00
5189 +7.494682691e-01 +7.494682691e-01 -3.837905317e+02 -3.837905317e+02 +1.4983e+00 -3.7810e+00
7723 +6.987640004e-01 +6.987640004e-01 -3.838412360e+02 -3.838412360e+02 +2.7756e-01 +2.1520e+00
17382 +5.103999883e-01 +5.103999883e-01 -3.840296000e+02 -3.840296000e+02 +4.7791e-01 +3.3760e+00
20046 +1.471281093e-01 +1.471281093e-01 -3.843928719e+02 -3.843928719e+02 +3.0030e+00 +3.6713e+00
20674 +1.424661722e-01 +1.424661722e-01 -3.843975338e+02 -3.843975338e+02 +3.0018e+00 +3.6717e+00
20702 +1.323384262e-01 +1.323384262e-01 -3.844076616e+02 -3.844076616e+02 +3.0017e+00 +3.6718e+00
20721 +1.079675807e-01 +1.079675807e-01 -3.844320324e+02 -3.844320324e+02 +3.0022e+00 +3.6716e+00
20856 +6.350707214e-02 +6.350707214e-02 -3.844764929e+02 -3.844764929e+02 +3.0024e+00 +3.6715e+00
20881 +5.643719004e-02 +5.643719004e-02 -3.844835628e+02 -3.844835628e+02 +3.0024e+00 +3.6715e+00
20935 +5.379744783e-02 +5.379744783e-02 -3.844862026e+02 -3.844862026e+02 +3.0023e+00 +3.6715e+00
20998 +4.698920674e-02 +4.698920674e-02 -3.844930108e+02 -3.844930108e+02 +3.0020e+00 +3.6716e+00
21003 +2.870950815e-02 +2.870950815e-02 -3.845112905e+02 -3.845112905e+02 +3.0020e+00 +3.6716e+00
21183 +2.789728892e-02 +2.789728892e-02 -3.845121027e+02 -3.845121027e+02 +3.0022e+00 +3.6715e+00
21193 +2.655787387e-02 +2.655787387e-02 -3.845134421e+02 -3.845134421e+02 +3.0022e+00 +3.6716e+00
21205 +2.007148510e-02 +2.007148510e-02 -3.845199285e+02 -3.845199285e+02 +3.0021e+00 +3.6716e+00
21213 +9.682032266e-03 +9.682032266e-03 -3.845303180e+02 -3.845303180e+02 +3.0021e+00 +3.6716e+00
21264 +8.484017470e-03 +8.484017470e-03 -3.845315160e+02 -3.845315160e+02 +3.0021e+00 +3.6716e+00
21273 +4.525504379e-03 +4.525504379e-03 -3.845354745e+02 -3.845354745e+02 +3.0021e+00 +3.6716e+00
21491 +2.320848205e-03 +2.320848205e-03 -3.845376792e+02 -3.845376792e+02 +3.0021e+00 +3.6716e+00
21958 +1.751622447e-03 +1.751622447e-03 -3.845382484e+02 -3.845382484e+02 +3.0021e+00 +3.6716e+00
22058 +1.424119599e-03 +1.424119599e-03 -3.845385759e+02 -3.845385759e+02 +3.0021e+00 +3.6716e+00
22142 +1.151494925e-03 +1.151494925e-03 -3.845388485e+02 -3.845388485e+02 +3.0021e+00 +3.6716e+00
22163 +7.624351446e-04 +7.624351446e-04 -3.845392376e+02 -3.845392376e+02 +3.0021e+00 +3.6716e+00
22264 +4.492215813e-04 +4.492215813e-04 -3.845395508e+02 -3.845395508e+02 +3.0021e+00 +3.6716e+00
22321 +3.787624011e-04 +3.787624011e-04 -3.845396212e+02 -3.845396212e+02 +3.0021e+00 +3.6716e+00
22449 +1.750403933e-04 +1.750403933e-04 -3.845398250e+02 -3.845398250e+02 +3.0021e+00 +3.6716e+00
22529 +1.358353553e-04 +1.358353553e-04 -3.845398642e+02 -3.845398642e+02 +3.0021e+00 +3.6716e+00
22734 +9.348310113e-05 +9.348310113e-05 -3.845399065e+02 -3.845399065e+02 +3.0021e+00 +3.6716e+00
22744 +4.695014917e-05 +4.695014917e-05 -3.845399530e+02 -3.845399530e+02 +3.0021e+00 +3.6716e+00
22975 +2.641367251e-05 +2.641367251e-05 -3.845399736e+02 -3.845399736e+02 +3.0021e+00 +3.6716e+00
23369 +2.580062949e-05 +2.580062949e-05 -3.845399742e+02 -3.845399742e+02 +3.0021e+00 +3.6716e+00
23373 +2.274407541e-05 +2.274407541e-05 -3.845399773e+02 -3.845399773e+02 +3.0021e+00 +3.6716e+00
23472 +2.191238201e-05 +2.191238201e-05 -3.845399781e+02 -3.845399781e+02 +3.0021e+00 +3.6716e+00
23523 +1.612028399e-05 +1.612028399e-05 -3.845399839e+02 -3.845399839e+02 +3.0021e+00 +3.6716e+00
23607 +1.180850836e-05 +1.180850836e-05 -3.845399882e+02 -3.845399882e+02 +3.0021e+00 +3.6716e+00
23620 +3.102909773e-06 +3.102909773e-06 -3.845399969e+02 -3.845399969e+02 +3.0021e+00 +3.6716e+00
23792 +5.875281204e-07 +5.875281204e-07 -3.845399994e+02 -3.845399994e+02 +3.0021e+00 +3.6716e+00
24442 +5.341743758e-07 +5.341743758e-07 -3.845399995e+02 -3.845399995e+02 +3.0021e+00 +3.6716e+00
24529 +6.910079264e-08 +6.910079264e-08 -3.845399999e+02 -3.845399999e+02 +3.0021e+00 +3.6716e+00
24824 +3.868740350e-08 +3.868740350e-08 -3.845400000e+02 -3.845400000e+02 +3.0021e+00 +3.6716e+00
24863 +6.932850738e-09 +6.932850738e-09 -3.845400000e+02 -3.845400000e+02 +3.0021e+00 +3.6716e+00
28115 +0.000000000e+00 +0.000000000e+00 -3.845400000e+02 -3.845400000e+02 +3.0021e+00 +3.6716e+00
% function evaluation | noise-free fitness - Fopt (-6.071200000000e+02) | best noise-free fitness - Fopt | measured fitness | best measured fitness | x1 | x2...
1 +6.003387946e+01 +6.003387946e+01 -5.470861205e+02 -5.470861205e+02 +0.0000e+00 +0.0000e+00
2 +2.355422514e+01 +2.355422514e+01 -5.835657749e+02 -5.835657749e+02 -1.3298e+00 -1.3107e+00
5 +1.891796469e+01 +1.891796469e+01 -5.882020353e+02 -5.882020353e+02 -3.1977e-01 +4.4447e-01
13 +1.627176906e+01 +1.627176906e+01 -5.908482309e+02 -5.908482309e+02 -2.6731e+00 -4.4341e-01
18 +8.469939640e+00 +8.469939640e+00 -5.986500604e+02 -5.986500604e+02 +1.3674e+00 +8.2333e-01
32 +4.790547470e+00 +4.790547470e+00 -6.023294525e+02 -6.023294525e+02 +5.1252e-01 +1.1416e+00
40 +4.267550650e+00 +4.267550650e+00 -6.028524493e+02 -6.028524493e+02 +4.9092e-01 +1.0233e+00
260 +3.250001006e+00 +3.250001006e+00 -6.038699990e+02 -6.038699990e+02 +6.1033e+00 +3.1409e+00
503 +1.908519832e+00 +1.908519832e+00 -6.052114802e+02 -6.052114802e+02 +4.6632e+00 -8.9514e-01
1650 +1.519480774e+00 +1.519480774e+00 -6.056005192e+02 -6.056005192e+02 -2.8465e+00 -3.7329e+00
2662 +9.548445782e-01 +9.548445782e-01 -6.061651554e+02 -6.061651554e+02 +1.9109e+00 +1.5731e+00
15314 +7.367745196e-01 +7.367745196e-01 -6.063832255e+02 -6.063832255e+02 -5.3829e+00 -2.9285e+00
15555 +6.880193200e-01 +6.880193200e-01 -6.064319807e+02 -6.064319807e+02 -5.3858e+00 -2.9298e+00
15706 +5.431152953e-01 +5.431152953e-01 -6.065768847e+02 -6.065768847e+02 -5.3859e+00 -2.9299e+00
15920 +2.553733405e-01 +2.553733405e-01 -6.068646267e+02 -6.068646267e+02 -5.3891e+00 -2.9314e+00
16279 +1.841189948e-01 +1.841189948e-01 -6.069358810e+02 -6.069358810e+02 -5.3897e+00 -2.9316e+00
16428 +1.817224217e-01 +1.817224217e-01 -6.069382776e+02 -6.069382776e+02 -5.3901e+00 -2.9318e+00
16679 +1.733772693e-01 +1.733772693e-01 -6.069466227e+02 -6.069466227e+02 -5.3899e+00 -2.9318e+00
16715 +1.632819363e-01 +1.632819363e-01 -6.069567181e+02 -6.069567181e+02 -5.3899e+00 -2.9317e+00
16806 +1.592407960e-01 +1.592407960e-01 -6.069607592e+02 -6.069607592e+02 -5.3899e+00 -2.9317e+00
16821 +1.565983926e-01 +1.565983926e-01 -6.069634016e+02 -6.069634016e+02 -5.3899e+00 -2.9317e+00
16955 +1.539988991e-01 +1.539988991e-01 -6.069660011e+02 -6.069660011e+02 -5.3899e+00 -2.9317e+00
% function evaluation | noise-free fitness - Fopt (-2.955000000000e+01) | best noise-free fitness - Fopt | measured fitness | best measured fitness | x1 | x2...
1 +1.922529668e+01 +1.922529668e+01 -1.032470332e+01 -1.032470332e+01 +0.0000e+00 +0.0000e+00
2 +1.089906139e+01 +1.089906139e+01 -1.865093861e+01 -1.865093861e+01 -8.9880e-01 -1.1126e+00
7 +1.046939213e+01 +1.046939213e+01 -1.908060787e+01 -1.908060787e+01 -1.0041e+00 +3.0736e-01
10 +6.346668345e+00 +6.346668345e+00 -2.320333165e+01 -2.320333165e+01 +1.7731e+00 -8.7083e-01
36 +4.681571511e+00 +4.681571511e+00 -2.486842849e+01 -2.486842849e+01 -1.8869e-01 +1.4397e+00
63 +1.657972456e+00 +1.657972456e+00 -2.789202754e+01 -2.789202754e+01 +2.3560e-02 +7.4298e-01
283 +1.403773645e+00 +1.403773645e+00 -2.814622635e+01 -2.814622635e+01 +1.8960e+00 -1.4700e+00
374 +4.914770360e-01 +4.914770360e-01 -2.905852296e+01 -2.905852296e+01 -1.1570e+00 -4.9388e+00
12159 +4.614712452e-01 +4.614712452e-01 -2.908852875e+01 -2.908852875e+01 +1.5380e+00 +8.4745e-01
12331 +3.842030576e-01 +3.842030576e-01 -2.916579694e+01 -2.916579694e+01 +1.5399e+00 +8.4553e-01
12375 +2.886714508e-01 +2.886714508e-01 -2.926132855e+01 -2.926132855e+01 +1.5377e+00 +8.4829e-01
12600 +2.431022422e-01 +2.431022422e-01 -2.930689776e+01 -2.930689776e+01 +1.5390e+00 +8.4662e-01
18422 +9.371304096e-02 +9.371304096e-02 -2.945628696e+01 -2.945628696e+01 +1.5371e+00 +8.4876e-01
18425 +4.567063921e-02 +4.567063921e-02 -2.950432936e+01 -2.950432936e+01 +1.5374e+00 +8.4840e-01
18497 +4.059255714e-02 +4.059255714e-02 -2.950940744e+01 -2.950940744e+01 +1.5374e+00 +8.4842e-01
18616 +3.977728407e-02 +3.977728407e-02 -2.951022272e+01 -2.951022272e+01 +1.5374e+00 +8.4843e-01
18914 +3.847064286e-02 +3.847064286e-02 -2.951152936e+01 -2.951152936e+01 +1.5374e+00 +8.4843e-01
18925 +3.795744168e-02 +3.795744168e-02 -2.951204256e+01 -2.951204256e+01 +1.5374e+00 +8.4843e-01
18936 +3.617748016e-02 +3.617748016e-02 -2.951382252e+01 -2.951382252e+01 +1.5374e+00 +8.4843e-01
18943 +3.511549076e-02 +3.511549076e-02 -2.951488451e+01 -2.951488451e+01 +1.5374e+00 +8.4844e-01
18947 +3.323544232e-02 +3.323544232e-02 -2.951676456e+01 -2.951676456e+01 +1.5374e+00 +8.4844e-01
18952 +3.267168544e-02 +3.267168544e-02 -2.951732831e+01 -2.951732831e+01 +1.5374e+00 +8.4844e-01
18954 +3.161635223e-02 +3.161635223e-02 -2.951838365e+01 -2.951838365e+01 +1.5374e+00 +8.4844e-01
18965 +2.997123869e-02 +2.997123869e-02 -2.952002876e+01 -2.952002876e+01 +1.5374e+00 +8.4845e-01
18967 +2.796671198e-02 +2.796671198e-02 -2.952203329e+01 -2.952203329e+01 +1.5374e+00 +8.4845e-01
18974 +1.853174687e-02 +1.853174687e-02 -2.953146825e+01 -2.953146825e+01 +1.5373e+00 +8.4847e-01
18975 +1.724025317e-02 +1.724025317e-02 -2.953275975e+01 -2.953275975e+01 +1.5373e+00 +8.4847e-01
18981 +1.356756460e-02 +1.356756460e-02 -2.953643244e+01 -2.953643244e+01 +1.5373e+00 +8.4848e-01
18983 +1.316896258e-02 +1.316896258e-02 -2.953683104e+01 -2.953683104e+01 +1.5373e+00 +8.4848e-01
19009 +1.198629359e-02 +1.198629359e-02 -2.953801371e+01 -2.953801371e+01 +1.5373e+00 +8.4848e-01
19012 +1.076286378e-02 +1.076286378e-02 -2.953923714e+01 -2.953923714e+01 +1.5373e+00 +8.4848e-01
19018 +1.065774430e-02 +1.065774430e-02 -2.953934226e+01 -2.953934226e+01 +1.5373e+00 +8.4848e-01
19040 +1.041440691e-02 +1.041440691e-02 -2.953958559e+01 -2.953958559e+01 +1.5373e+00 +8.4848e-01
19069 +1.003351597e-02 +1.003351597e-02 -2.953996648e+01 -2.953996648e+01 +1.5373e+00 +8.4848e-01
19086 +9.948644630e-03 +9.948644630e-03 -2.954005136e+01 -2.954005136e+01 +1.5373e+00 +8.4848e-01
19111 +9.747484725e-03 +9.747484725e-03 -2.954025252e+01 -2.954025252e+01 +1.5373e+00 +8.4848e-01
25734 +9.549223786e-03 +9.549223786e-03 -2.954045078e+01 -2.954045078e+01 +1.5373e+00 +8.4848e-01
25754 +9.261871850e-03 +9.261871850e-03 -2.954073813e+01 -2.954073813e+01 +1.5373e+00 +8.4848e-01
25763 +9.117604137e-03 +9.117604137e-03 -2.954088240e+01 -2.954088240e+01 +1.5373e+00 +8.4848e-01
25772 +8.837885451e-03 +8.837885451e-03 -2.954116211e+01 -2.954116211e+01 +1.5373e+00 +8.4848e-01
25782 +8.671421814e-03 +8.671421814e-03 -2.954132858e+01 -2.954132858e+01 +1.5373e+00 +8.4848e-01
25801 +8.408198204e-03 +8.408198204e-03 -2.954159180e+01 -2.954159180e+01 +1.5373e+00 +8.4847e-01
25804 +8.134266425e-03 +8.134266425e-03 -2.954186573e+01 -2.954186573e+01 +1.5373e+00 +8.4847e-01
25806 +7.894599365e-03 +7.894599365e-03 -2.954210540e+01 -2.954210540e+01 +1.5373e+00 +8.4847e-01
25814 +7.531127622e-03 +7.531127622e-03 -2.954246887e+01 -2.954246887e+01 +1.5373e+00 +8.4847e-01
25815 +6.966284095e-03 +6.966284095e-03 -2.954303372e+01 -2.954303372e+01 +1.5373e+00 +8.4846e-01
25830 +5.352046129e-03 +5.352046129e-03 -2.954464795e+01 -2.954464795e+01 +1.5373e+00 +8.4846e-01
25833 +5.003123554e-03 +5.003123554e-03 -2.954499688e+01 -2.954499688e+01 +1.5373e+00 +8.4845e-01
25840 +1.077076612e-03 +1.077076612e-03 -2.954892292e+01 -2.954892292e+01 +1.5374e+00 +8.4843e-01
25851 +7.778036494e-04 +7.778036494e-04 -2.954922220e+01 -2.954922220e+01 +1.5374e+00 +8.4843e-01
25875 +5.134886766e-04 +5.134886766e-04 -2.954948651e+01 -2.954948651e+01 +1.5374e+00 +8.4843e-01
25936 +5.081426632e-04 +5.081426632e-04 -2.954949186e+01 -2.954949186e+01 +1.5374e+00 +8.4843e-01
25958 +4.961398010e-04 +4.961398010e-04 -2.954950386e+01 -2.954950386e+01 +1.5374e+00 +8.4843e-01
25992 +4.702142468e-04 +4.702142468e-04 -2.954952979e+01 -2.954952979e+01 +1.5374e+00 +8.4843e-01
26010 +4.441713753e-04 +4.441713753e-04 -2.954955583e+01 -2.954955583e+01 +1.5374e+00 +8.4843e-01
26962 +4.342334108e-04 +4.342334108e-04 -2.954956577e+01 -2.954956577e+01 +1.5374e+00 +8.4843e-01
26973 +4.211853091e-04 +4.211853091e-04 -2.954957881e+01 -2.954957881e+01 +1.5374e+00 +8.4843e-01
26992 +4.035134689e-04 +4.035134689e-04 -2.954959649e+01 -2.954959649e+01 +1.5374e+00 +8.4843e-01
26998 +3.979438336e-04 +3.979438336e-04 -2.954960206e+01 -2.954960206e+01 +1.5374e+00 +8.4843e-01
27006 +3.765296217e-04 +3.765296217e-04 -2.954962347e+01 -2.954962347e+01 +1.5374e+00 +8.4843e-01
27013 +3.331532888e-04 +3.331532888e-04 -2.954966685e+01 -2.954966685e+01 +1.5374e+00 +8.4843e-01
27022 +3.193066411e-04 +3.193066411e-04 -2.954968069e+01 -2.954968069e+01 +1.5374e+00 +8.4843e-01
27024 +2.999070353e-04 +2.999070353e-04 -2.954970009e+01 -2.954970009e+01 +1.5374e+00 +8.4843e-01
27031 +2.883919802e-04 +2.883919802e-04 -2.954971161e+01 -2.954971161e+01 +1.5374e+00 +8.4843e-01
27033 +2.261849429e-04 +2.261849429e-04 -2.954977382e+01 -2.954977382e+01 +1.5374e+00 +8.4843e-01
27039 +2.237502717e-04 +2.237502717e-04 -2.954977625e+01 -2.954977625e+01 +1.5374e+00 +8.4843e-01
27041 +2.090754469e-04 +2.090754469e-04 -2.954979092e+01 -2.954979092e+01 +1.5374e+00 +8.4843e-01
27042 +1.547879781e-04 +1.547879781e-04 -2.954984521e+01 -2.954984521e+01 +1.5374e+00 +8.4843e-01
27043 +1.067004601e-04 +1.067004601e-04 -2.954989330e+01 -2.954989330e+01 +1.5374e+00 +8.4843e-01
27107 +1.035735450e-04 +1.035735450e-04 -2.954989643e+01 -2.954989643e+01 +1.5374e+00 +8.4843e-01
27119 +9.945650878e-05 +9.945650878e-05 -2.954990054e+01 -2.954990054e+01 +1.5374e+00 +8.4843e-01
27243 +9.755089067e-05 +9.755089067e-05 -2.954990245e+01 -2.954990245e+01 +1.5374e+00 +8.4843e-01
% function evaluation | noise-free fitness - Fopt (1.000000000000e+03) | best noise-free fitness - Fopt | measured fitness | best measured fitness | x1 | x2...
1 +2.025737278e+01 +2.025737278e+01 +1.020257373e+03 +1.020257373e+03 +0.0000e+00 +0.0000e+00
25 +1.531942894e+01 +1.531942894e+01 +1.015319429e+03 +1.015319429e+03 +2.0344e+00 +4.0825e+00
33 +1.172014268e+01 +1.172014268e+01 +1.011720143e+03 +1.011720143e+03 +2.8433e+00 +5.6248e+00
43 +5.670478335e+00 +5.670478335e+00 +1.005670478e+03 +1.005670478e+03 +2.5414e+00 +4.4424e+00
99 +4.598968763e+00 +4.598968763e+00 +1.004598969e+03 +1.004598969e+03 -2.0366e+00 +2.0198e+00
135 +1.528374629e+00 +1.528374629e+00 +1.001528375e+03 +1.001528375e+03 -3.7694e+00 +5.1596e+00
2840 +1.158724136e+00 +1.158724136e+00 +1.001158724e+03 +1.001158724e+03 -1.4923e+00 -4.9924e+00
11129 +9.489830672e-01 +9.489830672e-01 +1.000948983e+03 +1.000948983e+03 +4.3871e+00 -4.6960e+00
11174 +3.802657681e-01 +3.802657681e-01 +1.000380266e+03 +1.000380266e+03 +4.3879e+00 -4.6960e+00
11190 +3.259215064e-01 +3.259215064e-01 +1.000325922e+03 +1.000325922e+03 +4.3856e+00 -4.6970e+00
11429 +7.479012164e-02 +7.479012164e-02 +1.000074790e+03 +1.000074790e+03 +4.3869e+00 -4.6966e+00
11705 +7.394635769e-02 +7.394635769e-02 +1.000073946e+03 +1.000073946e+03 +4.3870e+00 -4.6965e+00
11772 +4.642390117e-02 +4.642390117e-02 +1.000046424e+03 +1.000046424e+03 +4.3873e+00 -4.6964e+00
11917 +4.062872757e-02 +4.062872757e-02 +1.000040629e+03 +1.000040629e+03 +4.3873e+00 -4.6964e+00
12086 +3.722654633e-02 +3.722654633e-02 +1.000037227e+03 +1.000037227e+03 +4.3874e+00 -4.6964e+00
12108 +3.440762259e-02 +3.440762259e-02 +1.000034408e+03 +1.000034408e+03 +4.3874e+00 -4.6963e+00
12140 +3.259145967e-02 +3.259145967e-02 +1.000032591e+03 +1.000032591e+03 +4.3874e+00 -4.6964e+00
12204 +9.972628121e-03 +9.972628121e-03 +1.000009973e+03 +1.000009973e+03 +4.3873e+00 -4.6964e+00
12446 +7.084520842e-03 +7.084520842e-03 +1.000007085e+03 +1.000007085e+03 +4.3873e+00 -4.6964e+00
12691 +4.638474652e-03 +4.638474652e-03 +1.000004638e+03 +1.000004638e+03 +4.3873e+00 -4.6964e+00
12761 +2.312292029e-03 +2.312292029e-03 +1.000002312e+03 +1.000002312e+03 +4.3873e+00 -4.6964e+00
12889 +1.389709774e-03 +1.389709774e-03 +1.000001390e+03 +1.000001390e+03 +4.3873e+00 -4.6964e+00
13198 +1.304408920e-03 +1.304408920e-03 +1.000001304e+03 +1.000001304e+03 +4.3873e+00 -4.6964e+00
13220 +8.275233847e-05 +8.275233847e-05 +1.000000083e+03 +1.000000083e+03 +4.3873e+00 -4.6964e+00
14082 +7.626119611e-05 +7.626119611e-05 +1.000000076e+03 +1.000000076e+03 +4.3873e+00 -4.6964e+00
14103 +3.194257488e-05 +3.194257488e-05 +1.000000032e+03 +1.000000032e+03 +4.3873e+00 -4.6964e+00
14153 +3.116227424e-05 +3.116227424e-05 +1.000000031e+03 +1.000000031e+03 +4.3873e+00 -4.6964e+00
14302 +2.164631485e-05 +2.164631485e-05 +1.000000022e+03 +1.000000022e+03 +4.3873e+00 -4.6964e+00
14344 +2.037346940e-05 +2.037346940e-05 +1.000000020e+03 +1.000000020e+03 +4.3873e+00 -4.6964e+00
14354 +1.951931631e-05 +1.951931631e-05 +1.000000020e+03 +1.000000020e+03 +4.3873e+00 -4.6964e+00
14400 +1.823709408e-05 +1.823709408e-05 +1.000000018e+03 +1.000000018e+03 +4.3873e+00 -4.6964e+00
14482 +1.055171094e-05 +1.055171094e-05 +1.000000011e+03 +1.000000011e+03 +4.3873e+00 -4.6964e+00
14493 +6.930916356e-06 +6.930916356e-06 +1.000000007e+03 +1.000000007e+03 +4.3873e+00 -4.6964e+00
14554 +3.472861863e-06 +3.472861863e-06 +1.000000003e+03 +1.000000003e+03 +4.3873e+00 -4.6964e+00
14800 +2.479788350e-06 +2.479788350e-06 +1.000000002e+03 +1.000000002e+03 +4.3873e+00 -4.6964e+00
14852 +2.424823833e-06 +2.424823833e-06 +1.000000002e+03 +1.000000002e+03 +4.3873e+00 -4.6964e+00
15039 +1.427595748e-06 +1.427595748e-06 +1.000000001e+03 +1.000000001e+03 +4.3873e+00 -4.6964e+00
15194 +1.339095888e-06 +1.339095888e-06 +1.000000001e+03 +1.000000001e+03 +4.3873e+00 -4.6964e+00
15195 +9.036259598e-07 +9.036259598e-07 +1.000000001e+03 +1.000000001e+03 +4.3873e+00 -4.6964e+00
15391 +8.017732398e-07 +8.017732398e-07 +1.000000001e+03 +1.000000001e+03 +4.3873e+00 -4.6964e+00
15517 +3.209312354e-07 +3.209312354e-07 +1.000000000e+03 +1.000000000e+03 +4.3873e+00 -4.6964e+00
15687 +2.563189128e-07 +2.563189128e-07 +1.000000000e+03 +1.000000000e+03 +4.3873e+00 -4.6964e+00
15688 +2.150786713e-07 +2.150786713e-07 +1.000000000e+03 +1.000000000e+03 +4.3873e+00 -4.6964e+00
15710 +9.274913282e-08 +9.274913282e-08 +1.000000000e+03 +1.000000000e+03 +4.3873e+00 -4.6964e+00
15758 +4.211926807e-08 +4.211926807e-08 +1.000000000e+03 +1.000000000e+03 +4.3873e+00 -4.6964e+00
16050 +3.869240572e-08 +3.869240572e-08 +1.000000000e+03 +1.000000000e+03 +4.3873e+00 -4.6964e+00
16198 +3.017100880e-08 +3.017100880e-08 +1.000000000e+03 +1.000000000e+03 +4.3873e+00 -4.6964e+00
16376 +2.114006747e-08 +2.114006747e-08 +1.000000000e+03 +1.000000000e+03 +4.3873e+00 -4.6964e+00
16627 +7.691255632e-09 +7.691255632e-09 +1.000000000e+03 +1.000000000e+03 +4.3873e+00 -4.6964e+00
18970 +0.000000000e+00 +0.000000000e+00 +1.000000000e+03 +1.000000000e+03 +4.3873e+00 -4.6964e+00
% function evaluation | noise-free fitness - Fopt (-4.456000000000e+01) | best noise-free fitness - Fopt | measured fitness | best measured fitness | x1 | x2...
1 +3.222736484e+01 +3.222736484e+01 -1.233263516e+01 -1.233263516e+01 +0.0000e+00 +0.0000e+00
4 +2.789836819e+01 +2.789836819e+01 -1.666163181e+01 -1.666163181e+01 -2.3785e+00 -3.6172e-01
11 +1.684198089e+01 +1.684198089e+01 -2.771801911e+01 -2.771801911e+01 +8.9374e-01 +9.8378e-01
33 +1.521495473e+01 +1.521495473e+01 -2.934504527e+01 -2.934504527e+01 +4.2327e-02 -5.0140e-01
40 +1.127979293e+01 +1.127979293e+01 -3.328020707e+01 -3.328020707e+01 -1.0604e+00 -1.1844e+00
43 +1.026721263e+01 +1.026721263e+01 -3.429278737e+01 -3.429278737e+01 -9.1512e-01 -2.5038e+00
48 +7.133581178e+00 +7.133581178e+00 -3.742641882e+01 -3.742641882e+01 +2.9439e-01 -2.3507e+00
68 +2.101342581e+00 +2.101342581e+00 -4.245865742e+01 -4.245865742e+01 -3.3014e-01 +1.1265e+00
284 +1.991703574e+00 +1.991703574e+00 -4.256829643e+01 -4.256829643e+01 -2.8381e+00 +3.1901e+00
291 +6.522619422e-01 +6.522619422e-01 -4.390773806e+01 -4.390773806e+01 -3.4526e+00 -3.2160e-01
2481 +3.229392832e-01 +3.229392832e-01 -4.423706072e+01 -4.423706072e+01 +6.5988e-01 +1.9865e+00
7907 +7.487148894e-02 +7.487148894e-02 -4.448512851e+01 -4.448512851e+01 +1.4375e+00 -6.1424e-01
8287 +3.877639050e-02 +3.877639050e-02 -4.452122361e+01 -4.452122361e+01 +1.4374e+00 -6.1438e-01
8900 +3.758287543e-02 +3.758287543e-02 -4.452241712e+01 -4.452241712e+01 +1.4374e+00 -6.1443e-01
8909 +2.328117275e-02 +2.328117275e-02 -4.453671883e+01 -4.453671883e+01 +1.4373e+00 -6.1451e-01
8933 +1.695275305e-02 +1.695275305e-02 -4.454304725e+01 -4.454304725e+01 +1.4373e+00 -6.1448e-01
9090 +9.788168944e-03 +9.788168944e-03 -4.455021183e+01 -4.455021183e+01 +1.4373e+00 -6.1452e-01
9220 +7.192657296e-03 +7.192657296e-03 -4.455280734e+01 -4.455280734e+01 +1.4373e+00 -6.1452e-01
9269 +3.992317367e-03 +3.992317367e-03 -4.455600768e+01 -4.455600768e+01 +1.4373e+00 -6.1450e-01
9358 +2.892794891e-03 +2.892794891e-03 -4.455710721e+01 -4.455710721e+01 +1.4373e+00 -6.1451e-01
9541 +5.788707813e-04 +5.788707813e-04 -4.455942113e+01 -4.455942113e+01 +1.4373e+00 -6.1450e-01
9704 +5.185047583e-04 +5.185047583e-04 -4.455948150e+01 -4.455948150e+01 +1.4373e+00 -6.1450e-01
10013 +4.815228341e-04 +4.815228341e-04 -4.455951848e+01 -4.455951848e+01 +1.4373e+00 -6.1450e-01
10200 +3.332159693e-04 +3.332159693e-04 -4.455966678e+01 -4.455966678e+01 +1.4373e+00 -6.1450e-01
10291 +2.050438647e-04 +2.050438647e-04 -4.455979496e+01 -4.455979496e+01 +1.4373e+00 -6.1450e-01
10370 +1.420158584e-04 +1.420158584e-04 -4.455985798e+01 -4.455985798e+01 +1.4373e+00 -6.1450e-01
10375 +3.639995296e-05 +3.639995296e-05 -4.455996360e+01 -4.455996360e+01 +1.4373e+00 -6.1450e-01
10698 +2.829844752e-05 +2.829844752e-05 -4.455997170e+01 -4.455997170e+01 +1.4373e+00 -6.1450e-01
10991 +2.268574585e-05 +2.268574585e-05 -4.455997731e+01 -4.455997731e+01 +1.4373e+00 -6.1450e-01
11037 +1.939274533e-05 +1.939274533e-05 -4.455998061e+01 -4.455998061e+01 +1.4373e+00 -6.1450e-01
11087 +1.708019796e-05 +1.708019796e-05 -4.455998292e+01 -4.455998292e+01 +1.4373e+00 -6.1450e-01
11276 +1.641864006e-05 +1.641864006e-05 -4.455998358e+01 -4.455998358e+01 +1.4373e+00 -6.1450e-01
11303 +1.387272909e-05 +1.387272909e-05 -4.455998613e+01 -4.455998613e+01 +1.4373e+00 -6.1450e-01
11367 +1.092349216e-05 +1.092349216e-05 -4.455998908e+01 -4.455998908e+01 +1.4373e+00 -6.1450e-01
11403 +6.917415213e-06 +6.917415213e-06 -4.455999308e+01 -4.455999308e+01 +1.4373e+00 -6.1450e-01
11475 +5.287441830e-06 +5.287441830e-06 -4.455999471e+01 -4.455999471e+01 +1.4373e+00 -6.1450e-01
11486 +2.759091537e-06 +2.759091537e-06 -4.455999724e+01 -4.455999724e+01 +1.4373e+00 -6.1450e-01
11623 +2.707268557e-06 +2.707268557e-06 -4.455999729e+01 -4.455999729e+01 +1.4373e+00 -6.1450e-01
11784 +2.407787967e-06 +2.407787967e-06 -4.455999759e+01 -4.455999759e+01 +1.4373e+00 -6.1450e-01
11843 +1.990926698e-06 +1.990926698e-06 -4.455999801e+01 -4.455999801e+01 +1.4373e+00 -6.1450e-01
11906 +9.018834746e-07 +9.018834746e-07 -4.455999910e+01 -4.455999910e+01 +1.4373e+00 -6.1450e-01
11947 +7.397451327e-07 +7.397451327e-07 -4.455999926e+01 -4.455999926e+01 +1.4373e+00 -6.1450e-01
11978 +1.248124804e-07 +1.248124804e-07 -4.455999988e+01 -4.455999988e+01 +1.4373e+00 -6.1450e-01
12664 +5.008631376e-08 +5.008631376e-08 -4.455999995e+01 -4.455999995e+01 +1.4373e+00 -6.1450e-01
12944 +4.559554156e-08 +4.559554156e-08 -4.455999995e+01 -4.455999995e+01 +1.4373e+00 -6.1450e-01
12972 +4.122106390e-08 +4.122106390e-08 -4.455999996e+01 -4.455999996e+01 +1.4373e+00 -6.1450e-01
13024 +4.061239878e-08 +4.061239878e-08 -4.455999996e+01 -4.455999996e+01 +1.4373e+00 -6.1450e-01
13064 +1.236755764e-08 +1.236755764e-08 -4.455999999e+01 -4.455999999e+01 +1.4373e+00 -6.1450e-01
13094 +7.219874476e-09 +7.219874476e-09 -4.455999999e+01 -4.455999999e+01 +1.4373e+00 -6.1450e-01
15687 +0.000000000e+00 +0.000000000e+00 -4.456000000e+01 -4.456000000e+01 +1.4373e+00 -6.1450e-01
% function evaluation | noise-free fitness - Fopt (6.442000000000e+01) | best noise-free fitness - Fopt | measured fitness | best measured fitness | x1 | x2...
1 +5.185667116e+01 +5.185667116e+01 +1.162766712e+02 +1.162766712e+02 +0.0000e+00 +0.0000e+00
2 +1.075555950e+01 +1.075555950e+01 +7.517555950e+01 +7.517555950e+01 -2.4818e-02 +1.4554e+00
4 +2.588626807e+00 +2.588626807e+00 +6.700862681e+01 +6.700862681e+01 -1.2221e+00 -6.6653e-01
228 +1.560621502e+00 +1.560621502e+00 +6.598062150e+01 +6.598062150e+01 +4.9680e-01 +1.7515e+00
341 +1.286161894e+00 +1.286161894e+00 +6.570616189e+01 +6.570616189e+01 +2.3455e+00 +2.0718e+00
1753 +1.090580089e+00 +1.090580089e+00 +6.551058009e+01 +6.551058009e+01 +4.4124e+00 +5.1853e+00
3054 +1.032244450e+00 +1.032244450e+00 +6.545224445e+01 +6.545224445e+01 +3.9177e+00 +3.7607e-01
4113 +9.203466862e-01 +9.203466862e-01 +6.534034669e+01 +6.534034669e+01 +3.5645e+00 -3.7503e+00
4397 +7.953064216e-01 +7.953064216e-01 +6.521530642e+01 +6.521530642e+01 +3.2848e+00 -4.0490e+00
6451 +6.685121683e-01 +6.685121683e-01 +6.508851217e+01 +6.508851217e+01 +3.5454e+00 -4.8132e+00
% function evaluation | noise-free fitness - Fopt (7.514000000000e+01) | best noise-free fitness - Fopt | measured fitness | best measured fitness | x1 | x2...
1 +7.121679771e+01 +7.121679771e+01 +1.463567977e+02 +1.463567977e+02 +0.0000e+00 +0.0000e+00
2 +6.025477247e+01 +6.025477247e+01 +1.353947725e+02 +1.353947725e+02 -5.3369e+00 -3.2193e+00
5 +1.066712562e+01 +1.066712562e+01 +8.580712562e+01 +8.580712562e+01 -1.3008e+00 -2.4180e+00
9 +7.253214644e+00 +7.253214644e+00 +8.239321464e+01 +8.239321464e+01 +1.8886e+00 +5.6056e-01
14 +5.011498116e+00 +5.011498116e+00 +8.015149812e+01 +8.015149812e+01 +2.2185e+00 -7.8521e-01
173 +3.985209999e+00 +3.985209999e+00 +7.912521000e+01 +7.912521000e+01 -2.1893e+00 +6.2333e+00
309 +3.908818760e+00 +3.908818760e+00 +7.904881876e+01 +7.904881876e+01 -3.7562e+00 -2.1436e+00
548 +3.616514995e+00 +3.616514995e+00 +7.875651500e+01 +7.875651500e+01 +5.6041e+00 +4.0113e+00
619 +2.273910971e+00 +2.273910971e+00 +7.741391097e+01 +7.741391097e+01 +1.1366e+00 +9.3952e-01
1464 +1.074415762e+00 +1.074415762e+00 +7.621441576e+01 +7.621441576e+01 +1.3241e+00 +1.3860e-01
4048 +9.836139621e-01 +9.836139621e-01 +7.612361396e+01 +7.612361396e+01 -1.1773e+00 -3.9886e+00
5921 +6.243876562e-01 +6.243876562e-01 +7.576438766e+01 +7.576438766e+01 +3.7095e+00 -3.7288e+00
% function evaluation | noise-free fitness - Fopt (1.042500000000e+02) | best noise-free fitness - Fopt | measured fitness | best measured fitness | x1 | x2...
1 +5.007790402e+01 +5.007790402e+01 +1.543279040e+02 +1.543279040e+02 +0.0000e+00 +0.0000e+00
2 +1.789896616e+01 +1.789896616e+01 +1.221489662e+02 +1.221489662e+02 -1.0460e+00 +1.0762e+00
27 +1.598708550e+01 +1.598708550e+01 +1.202370855e+02 +1.202370855e+02 -1.2368e+00 +6.7663e-01
35 +5.377395561e+00 +5.377395561e+00 +1.096273956e+02 +1.096273956e+02 -2.6338e+00 -4.6944e-01
109 +5.184337368e+00 +5.184337368e+00 +1.094343374e+02 +1.094343374e+02 -3.4366e+00 +2.3309e+00
223 +4.716427947e+00 +4.716427947e+00 +1.089664279e+02 +1.089664279e+02 -4.7968e-01 +2.8672e+00
236 +3.548555082e+00 +3.548555082e+00 +1.077985551e+02 +1.077985551e+02 +6.7861e-01 +3.6242e+00
285 +3.282498974e+00 +3.282498974e+00 +1.075324990e+02 +1.075324990e+02 -1.7896e+00 +3.5528e+00
587 +2.856584848e+00 +2.856584848e+00 +1.071065848e+02 +1.071065848e+02 +4.2320e-01 +2.8887e+00
788 +2.326977633e+00 +2.326977633e+00 +1.065769776e+02 +1.065769776e+02 -1.7345e+00 +5.4972e+00
1060 +9.528399396e-01 +9.528399396e-01 +1.052028399e+02 +1.052028399e+02 -3.9412e+00 +5.0249e+00
% function evaluation | noise-free fitness - Fopt (-8.550000000000e+00) | best noise-free fitness - Fopt | measured fitness | best measured fitness | x1 | x2...
1 +4.940051034e+01 +4.940051034e+01 +4.085051034e+01 +4.085051034e+01 +0.0000e+00 +0.0000e+00
4 +6.537117855e+00 +6.537117855e+00 -2.012882145e+00 -2.012882145e+00 +3.1107e+00 +3.0712e+00
118 +5.981742035e-01 +5.981742035e-01 -7.951825797e+00 -7.951825797e+00 -3.3376e+00 -9.8704e-02
2802 +1.104766092e-01 +1.104766092e-01 -8.439523391e+00 -8.439523391e+00 +9.3049e-01 +3.6582e+00
% function evaluation | noise-free fitness - Fopt (-1.014500000000e+02) | best noise-free fitness - Fopt | measured fitness | best measured fitness | x1 | x2...
1 +5.362594432e+01 +5.362594432e+01 -4.782405568e+01 -4.782405568e+01 +0.0000e+00 +0.0000e+00
3 +1.755101414e+01 +1.755101414e+01 -8.389898586e+01 -8.389898586e+01 +1.7347e+00 -2.1933e+00
32 +1.642132835e+01 +1.642132835e+01 -8.502867165e+01 -8.502867165e+01 -6.7063e-02 -3.9547e+00
34 +6.965631585e+00 +6.965631585e+00 -9.448436841e+01 -9.448436841e+01 -1.4547e+00 -4.8954e+00
45 +5.639816563e+00 +5.639816563e+00 -9.581018344e+01 -9.581018344e+01 -1.7036e+00 -4.0118e+00
81 +5.481399365e+00 +5.481399365e+00 -9.596860064e+01 -9.596860064e+01 +5.7471e-01 -4.3435e+00
104 +2.854197890e+00 +2.854197890e+00 -9.859580211e+01 -9.859580211e+01 +6.4172e-01 -4.4980e+00
119 +2.115347901e+00 +2.115347901e+00 -9.933465210e+01 -9.933465210e+01 -2.1179e-01 -5.4125e+00
611 +9.732501416e-01 +9.732501416e-01 -1.004767499e+02 -1.004767499e+02 -3.6070e+00 +2.1996e+00
2359 +8.545698677e-01 +8.545698677e-01 -1.005954301e+02 -1.005954301e+02 -2.4187e+00 +2.7838e+00
5095 +3.408312509e-01 +3.408312509e-01 -1.011091687e+02 -1.011091687e+02 -4.3604e-01 +1.4372e+00
5616 +2.881015507e-01 +2.881015507e-01 -1.011618984e+02 -1.011618984e+02 -4.3637e-01 +1.4373e+00
5701 +2.773501613e-01 +2.773501613e-01 -1.011726498e+02 -1.011726498e+02 -4.3864e-01 +1.4389e+00
5766 +2.662596330e-01 +2.662596330e-01 -1.011837404e+02 -1.011837404e+02 -4.3722e-01 +1.4381e+00
5837 +1.096708009e-01 +1.096708009e-01 -1.013403292e+02 -1.013403292e+02 -4.3760e-01 +1.4382e+00
6201 +2.224611250e-02 +2.224611250e-02 -1.014277539e+02 -1.014277539e+02 -4.3747e-01 +1.4381e+00
6666 +1.025251281e-02 +1.025251281e-02 -1.014397475e+02 -1.014397475e+02 -4.3746e-01 +1.4381e+00
6702 +7.466634629e-03 +7.466634629e-03 -1.014425334e+02 -1.014425334e+02 -4.3748e-01 +1.4381e+00
6976 +3.998066607e-03 +3.998066607e-03 -1.014460019e+02 -1.014460019e+02 -4.3748e-01 +1.4381e+00
6999 +2.988206994e-03 +2.988206994e-03 -1.014470118e+02 -1.014470118e+02 -4.3748e-01 +1.4381e+00
7145 +2.572713377e-03 +2.572713377e-03 -1.014474273e+02 -1.014474273e+02 -4.3748e-01 +1.4381e+00
7421 +2.101046066e-03 +2.101046066e-03 -1.014478990e+02 -1.014478990e+02 -4.3748e-01 +1.4381e+00
7451 +1.909658537e-03 +1.909658537e-03 -1.014480903e+02 -1.014480903e+02 -4.3748e-01 +1.4381e+00
7474 +1.341688475e-03 +1.341688475e-03 -1.014486583e+02 -1.014486583e+02 -4.3748e-01 +1.4381e+00
7501 +9.335258741e-04 +9.335258741e-04 -1.014490665e+02 -1.014490665e+02 -4.3748e-01 +1.4381e+00
7697 +3.952907408e-04 +3.952907408e-04 -1.014496047e+02 -1.014496047e+02 -4.3748e-01 +1.4381e+00
7948 +8.949320701e-05 +8.949320701e-05 -1.014499105e+02 -1.014499105e+02 -4.3748e-01 +1.4381e+00
8700 +8.497074603e-05 +8.497074603e-05 -1.014499150e+02 -1.014499150e+02 -4.3748e-01 +1.4381e+00
8849 +6.953161832e-05 +6.953161832e-05 -1.014499305e+02 -1.014499305e+02 -4.3748e-01 +1.4381e+00
8850 +4.289121779e-05 +4.289121779e-05 -1.014499571e+02 -1.014499571e+02 -4.3748e-01 +1.4381e+00
8879 +2.365712852e-05 +2.365712852e-05 -1.014499763e+02 -1.014499763e+02 -4.3748e-01 +1.4381e+00
8928 +1.868633346e-05 +1.868633346e-05 -1.014499813e+02 -1.014499813e+02 -4.3748e-01 +1.4381e+00
8987 +7.256050765e-06 +7.256050765e-06 -1.014499927e+02 -1.014499927e+02 -4.3748e-01 +1.4381e+00
9247 +7.083558955e-06 +7.083558955e-06 -1.014499929e+02 -1.014499929e+02 -4.3748e-01 +1.4381e+00
9398 +5.371764658e-06 +5.371764658e-06 -1.014499946e+02 -1.014499946e+02 -4.3748e-01 +1.4381e+00
9406 +5.121950494e-06 +5.121950494e-06 -1.014499949e+02 -1.014499949e+02 -4.3748e-01 +1.4381e+00
9409 +3.283523597e-06 +3.283523597e-06 -1.014499967e+02 -1.014499967e+02 -4.3748e-01 +1.4381e+00
9564 +2.539680494e-06 +2.539680494e-06 -1.014499975e+02 -1.014499975e+02 -4.3748e-01 +1.4381e+00
9580 +1.001516438e-06 +1.001516438e-06 -1.014499990e+02 -1.014499990e+02 -4.3748e-01 +1.4381e+00
9912 +5.960594933e-07 +5.960594933e-07 -1.014499994e+02 -1.014499994e+02 -4.3748e-01 +1.4381e+00
10127 +5.242739576e-07 +5.242739576e-07 -1.014499995e+02 -1.014499995e+02 -4.3748e-01 +1.4381e+00
10193 +4.069398898e-07 +4.069398898e-07 -1.014499996e+02 -1.014499996e+02 -4.3748e-01 +1.4381e+00
10197 +2.208846581e-07 +2.208846581e-07 -1.014499998e+02 -1.014499998e+02 -4.3748e-01 +1.4381e+00
10356 +1.664469096e-07 +1.664469096e-07 -1.014499998e+02 -1.014499998e+02 -4.3748e-01 +1.4381e+00
10760 +1.654621542e-07 +1.654621542e-07 -1.014499998e+02 -1.014499998e+02 -4.3748e-01 +1.4381e+00
10852 +9.849756566e-08 +9.849756566e-08 -1.014499999e+02 -1.014499999e+02 -4.3748e-01 +1.4381e+00
10905 +7.085272102e-08 +7.085272102e-08 -1.014499999e+02 -1.014499999e+02 -4.3748e-01 +1.4381e+00
10996 +5.532430691e-08 +5.532430691e-08 -1.014499999e+02 -1.014499999e+02 -4.3748e-01 +1.4381e+00
11003 +3.671297577e-08 +3.671297577e-08 -1.014500000e+02 -1.014500000e+02 -4.3748e-01 +1.4381e+00
11008 +2.960692314e-08 +2.960692314e-08 -1.014500000e+02 -1.014500000e+02 -4.3748e-01 +1.4381e+00
11126 +2.023692502e-08 +2.023692502e-08 -1.014500000e+02 -1.014500000e+02 -4.3748e-01 +1.4381e+00
11154 +1.054526422e-08 +1.054526422e-08 -1.014500000e+02 -1.014500000e+02 -4.3748e-01 +1.4381e+00
11225 +1.005041383e-08 +1.005041383e-08 -1.014500000e+02 -1.014500000e+02 -4.3748e-01 +1.4381e+00
11352 +6.279648801e-09 +6.279648801e-09 -1.014500000e+02 -1.014500000e+02 -4.3748e-01 +1.4381e+00
13533 +0.000000000e+00 +0.000000000e+00 -1.014500000e+02 -1.014500000e+02 -4.3748e-01 +1.4381e+00
