% function evaluation | noise-free fitness - Fopt (6.870000000000e+00) | best noise-free fitness - Fopt | measured fitness | best measured fitness | x1 | x2...
1 +6.716939245e+00 +6.716939245e+00 +1.358693924e+01 +1.358693924e+01 +0.0000e+00 +0.0000e+00 +0.0000e+00 +0.0000e+00 +0.0000e+00
167 +6.559156576e+00 +6.559156576e+00 +1.342915658e+01 +1.342915658e+01 +2.4147e+00 -4.2422e+00 -1.9092e+00 +2.4213e+00 +4.7992e+00
175 +5.998049215e+00 +5.998049215e+00 +1.286804921e+01 +1.286804921e+01 +2.9814e+00 -1.9447e+00 -1.8886e+00 +5.3594e+00 +5.0065e+00
195 +5.443614986e+00 +5.443614986e+00 +1.231361499e+01 +1.231361499e+01 +2.7159e+00 -5.1669e-01 -1.0981e+00 +5.3368e+00 +4.5799e+00
308 +5.254302585e+00 +5.254302585e+00 +1.212430258e+01 +1.212430258e+01 +4.3619e+00 +1.5293e+00 -3.7990e+00 +1.9104e+00 -4.6584e+00
309 +2.918486913e+00 +2.918486913e+00 +9.788486913e+00 +9.788486913e+00 +3.8114e+00 +1.2961e+00 -5.5354e+00 +2.4548e+00 -2.8020e+00
1687 +2.870393158e+00 +2.870393158e+00 +9.740393158e+00 +9.740393158e+00 +3.0070e+00 -1.8745e+00 -2.5477e+00 -3.2701e+00 +4.8844e-01
1906 +2.170089789e+00 +2.170089789e+00 +9.040089789e+00 +9.040089789e+00 -1.2727e-01 -4.7641e+00 -3.9064e+00 +2.5433e+00 +1.2541e-01
2034 +1.872437691e+00 +1.872437691e+00 +8.742437691e+00 +8.742437691e+00 -8.8115e-01 -2.6978e+00 -1.5535e+00 +7.0936e-01 +8.1872e-01
12668 +1.331489406e+00 +1.331489406e+00 +8.201489406e+00 +8.201489406e+00 -5.1794e+00 -6.5516e-01 +6.1879e-01 -6.9986e-01 +3.1156e+00
37499 +1.251528096e+00 +1.251528096e+00 +8.121528096e+00 +8.121528096e+00 -3.4976e+00 +5.4324e+00 +1.4000e+00 +4.6984e+00 +4.2926e+00
37930 +1.057255284e+00 +1.057255284e+00 +7.927255284e+00 +7.927255284e+00 -3.2824e+00 +4.8955e+00 +1.4716e+00 +5.1039e+00 +4.3421e+00
89813 +1.021686284e+00 +1.021686284e+00 +7.891686284e+00 +7.891686284e+00 -2.0946e+00 -5.7697e+00 +1.6824e+00 -2.8398e-01 +4.6491e+00
89839 +9.893512521e-01 +9.893512521e-01 +7.859351252e+00 +7.859351252e+00 -2.0950e+00 -5.7690e+00 +1.6826e+00 -2.8400e-01 +4.6503e+00
89891 +9.701381757e-01 +9.701381757e-01 +7.840138176e+00 +7.840138176e+00 -2.1004e+00 -5.7705e+00 +1.6818e+00 -2.8049e-01 +4.6520e+00
89914 +9.383893718e-01 +9.383893718e-01 +7.808389372e+00 +7.808389372e+00 -2.0991e+00 -5.7703e+00 +1.6820e+00 -2.8116e-01 +4.6517e+00
89976 +9.272600330e-01 +9.272600330e-01 +7.797260033e+00 +7.797260033e+00 -2.1001e+00 -5.7694e+00 +1.6816e+00 -2.8174e-01 +4.6544e+00
90076 +9.110555048e-01 +9.110555048e-01 +7.781055505e+00 +7.781055505e+00 -2.0982e+00 -5.7706e+00 +1.6823e+00 -2.8098e-01 +4.6482e+00
90080 +8.894121082e-01 +8.894121082e-01 +7.759412108e+00 +7.759412108e+00 -2.0995e+00 -5.7698e+00 +1.6826e+00 -2.7970e-01 +4.6480e+00
90331 +8.626555139e-01 +8.626555139e-01 +7.732655514e+00 +7.732655514e+00 -2.1000e+00 -5.7692e+00 +1.6838e+00 -2.7864e-01 +4.6461e+00
90405 +8.087616960e-01 +8.087616960e-01 +7.678761696e+00 +7.678761696e+00 -2.0998e+00 -5.7707e+00 +1.6832e+00 -2.7705e-01 +4.6419e+00
91295 +7.911619433e-01 +7.911619433e-01 +7.661161943e+00 +7.661161943e+00 -2.0998e+00 -5.7711e+00 +1.6825e+00 -2.7778e-01 +4.6438e+00
92015 +7.714697926e-01 +7.714697926e-01 +7.641469793e+00 +7.641469793e+00 -2.0994e+00 -5.7713e+00 +1.6826e+00 -2.7773e-01 +4.6431e+00
92417 +7.574198907e-01 +7.574198907e-01 +7.627419891e+00 +7.627419891e+00 -2.0996e+00 -5.7711e+00 +1.6828e+00 -2.7737e-01 +4.6426e+00
% function evaluation | noise-free fitness - Fopt (1.000000000000e-02) | best noise-free fitness - Fopt | measured fitness | best measured fitness | x1 | x2...
1 +2.029754545e+01 +2.029754545e+01 +2.030754545e+01 +2.030754545e+01 +0.0000e+00 +0.0000e+00 +0.0000e+00 +0.0000e+00 +0.0000e+00
2 +1.836288101e+01 +1.836288101e+01 +1.837288101e+01 +1.837288101e+01 -6.2015e-01 +2.2046e-02 -2.6592e+00 +2.1464e+00 -1.4653e+00
5 +1.281378302e+01 +1.281378302e+01 +1.282378302e+01 +1.282378302e+01 +2.1546e+00 -9.9734e-01 -3.5074e+00 -1.2653e+00 -6.1946e+00
7 +4.976489651e+00 +4.976489651e+00 +4.986489651e+00 +4.986489651e+00 -1.0240e+00 +5.9855e-01 -1.2405e+00 -1.2002e-01 +8.5501e-01
72 +4.708099802e+00 +4.708099802e+00 +4.718099802e+00 +4.718099802e+00 +1.4002e-02 +1.4002e+00 +1.2789e-01 -3.0299e+00 +2.1875e+00
143 +4.648235104e+00 +4.648235104e+00 +4.658235104e+00 +4.658235104e+00 -7.4472e-01 +4.8387e-01 -1.1247e-01 -5.2829e-01 +4.7382e+00
418 +3.587283748e+00 +3.587283748e+00 +3.597283748e+00 +3.597283748e+00 +9.8776e-01 +4.3641e+00 -5.1087e+00 -2.7931e+00 +5.0594e+00
741 +2.375480885e+00 +2.375480885e+00 +2.385480885e+00 +2.385480885e+00 -4.0274e+00 +4.4314e+00 -5.5495e+00 +8.7126e-01 +4.1727e+00
3124 +1.116542198e+00 +1.116542198e+00 +1.126542198e+00 +1.126542198e+00 +1.1146e+00 +1.4432e+00 -1.5100e+00 +3.2570e+00 +5.1692e+00
40820 +8.932412625e-01 +8.932412625e-01 +9.032412625e-01 +9.032412625e-01 -4.7367e-01 +2.9289e+00 +4.7965e+00 +1.7751e-01 -3.6387e+00
50534 +5.401037480e-01 +5.401037480e-01 +5.501037480e-01 +5.501037480e-01 -4.3905e+00 +2.8101e+00 -4.9081e+00 -2.6403e+00 -6.0002e-01
82948 +4.973660411e-01 +4.973660411e-01 +5.073660411e-01 +5.073660411e-01 -8.1698e-01 +1.3619e+00 +3.3365e+00 -6.2181e-01 -1.2043e+00
82962 +4.297303818e-01 +4.297303818e-01 +4.397303818e-01 +4.397303818e-01 -8.1704e-01 +1.3674e+00 +3.3395e+00 -6.2309e-01 -1.2061e+00
83015 +4.053988840e-01 +4.053988840e-01 +4.153988840e-01 +4.153988840e-01 -8.0414e-01 +1.3727e+00 +3.3436e+00 -6.3391e-01 -1.2126e+00
83414 +3.516867267e-01 +3.516867267e-01 +3.616867267e-01 +3.616867267e-01 -8.1528e-01 +1.3669e+00 +3.3420e+00 -6.2434e-01 -1.2115e+00
83417 +2.901300390e-01 +2.901300390e-01 +3.001300390e-01 +3.001300390e-01 -8.1463e-01 +1.3673e+00 +3.3450e+00 -6.2585e-01 -1.2109e+00
83557 +2.137377362e-01 +2.137377362e-01 +2.237377362e-01 +2.237377362e-01 -8.1431e-01 +1.3665e+00 +3.3389e+00 -6.2354e-01 -1.2067e+00
83951 +1.958162400e-01 +1.958162400e-01 +2.058162400e-01 +2.058162400e-01 -8.0762e-01 +1.3710e+00 +3.3457e+00 -6.3262e-01 -1.2149e+00
84291 +1.815881263e-01 +1.815881263e-01 +1.915881263e-01 +1.915881263e-01 -8.0904e-01 +1.3696e+00 +3.3442e+00 -6.3026e-01 -1.2132e+00
84341 +1.752766140e-01 +1.752766140e-01 +1.852766140e-01 +1.852766140e-01 -8.0899e-01 +1.3699e+00 +3.3434e+00 -6.3015e-01 -1.2125e+00
84548 +1.533192400e-01 +1.533192400e-01 +1.633192400e-01 +1.633192400e-01 -8.1197e-01 +1.3688e+00 +3.3436e+00 -6.2782e-01 -1.2112e+00
84675 +1.257103987e-01 +1.257103987e-01 +1.357103987e-01 +1.357103987e-01 -8.1162e-01 +1.3686e+00 +3.3435e+00 -6.2813e-01 -1.2118e+00
84845 +1.154190404e-01 +1.154190404e-01 +1.254190404e-01 +1.254190404e-01 -8.1228e-01 +1.3681e+00 +3.3430e+00 -6.2727e-01 -1.2111e+00
85374 +1.136570437e-01 +1.136570437e-01 +1.236570437e-01 +1.236570437e-01 -8.1209e-01 +1.3677e+00 +3.3428e+00 -6.2731e-01 -1.2113e+00
85722 +1.063277457e-01 +1.063277457e-01 +1.163277457e-01 +1.163277457e-01 -8.1233e-01 +1.3681e+00 +3.3431e+00 -6.2727e-01 -1.2112e+00
85813 +1.011780923e-01 +1.011780923e-01 +1.111780923e-01 +1.111780923e-01 -8.1229e-01 +1.3679e+00 +3.3429e+00 -6.2723e-01 -1.2112e+00
86270 +9.860880548e-02 +9.860880548e-02 +1.086088055e-01 +1.086088055e-01 -8.1288e-01 +1.3676e+00 +3.3427e+00 -6.2662e-01 -1.2108e+00
86294 +9.607934722e-02 +9.607934722e-02 +1.060793472e-01 +1.060793472e-01 -8.1292e-01 +1.3676e+00 +3.3426e+00 -6.2657e-01 -1.2108e+00
86514 +9.344444105e-02 +9.344444105e-02 +1.034444411e-01 +1.034444411e-01 -8.1308e-01 +1.3674e+00 +3.3426e+00 -6.2644e-01 -1.2108e+00
86515 +8.991432503e-02 +8.991432503e-02 +9.991432503e-02 +9.991432503e-02 -8.1308e-01 +1.3674e+00 +3.3426e+00 -6.2642e-01 -1.2107e+00
86895 +8.873949861e-02 +8.873949861e-02 +9.873949861e-02 +9.873949861e-02 -8.1319e-01 +1.3674e+00 +3.3426e+00 -6.2636e-01 -1.2107e+00
87136 +8.588691752e-02 +8.588691752e-02 +9.588691752e-02 +9.588691752e-02 -8.1324e-01 +1.3673e+00 +3.3426e+00 -6.2631e-01 -1.2107e+00
87687 +8.492699039e-02 +8.492699039e-02 +9.492699039e-02 +9.492699039e-02 -8.1321e-01 +1.3674e+00 +3.3426e+00 -6.2632e-01 -1.2107e+00
87928 +8.317341036e-02 +8.317341036e-02 +9.317341036e-02 +9.317341036e-02 -8.1326e-01 +1.3673e+00 +3.3426e+00 -6.2627e-01 -1.2107e+00
% function evaluation | noise-free fitness - Fopt (-1.306100000000e+02) | best noise-free fitness - Fopt | measured fitness | best measured fitness | x1 | x2...
1 +1.559460382e+01 +1.559460382e+01 -1.150153962e+02 -1.150153962e+02 +0.0000e+00 +0.0000e+00 +0.0000e+00 +0.0000e+00 +0.0000e+00
4 +1.352294084e+01 +1.352294084e+01 -1.170870592e+02 -1.170870592e+02 -3.6480e+00 -1.3837e+00 +1.0419e+00 -3.6323e-01 -1.6210e+00
5 +1.004669139e+01 +1.004669139e+01 -1.205633086e+02 -1.205633086e+02 -1.3892e+00 +1.4431e-01 +8.2209e-01 -7.0960e-01 +4.0599e-01
7 +7.572368789e+00 +7.572368789e+00 -1.230376312e+02 -1.230376312e+02 +1.3785e+00 -2.1593e-01 -4.3916e-01 -6.0629e-03 -4.0726e-01
19 +6.310908684e+00 +6.310908684e+00 -1.242990913e+02 -1.242990913e+02 +2.6919e+00 +7.1957e-01 -6.2567e-01 +1.6207e-01 -1.5312e+00
76 +4.619528789e+00 +4.619528789e+00 -1.259904712e+02 -1.259904712e+02 +2.4678e+00 +2.6078e+00 +1.3553e-01 +5.0143e-01 -1.3830e+00
84 +4.546324263e+00 +4.546324263e+00 -1.260636757e+02 -1.260636757e+02 +3.9188e+00 +4.1234e+00 +3.1097e-01 +2.1770e+00 -6.2364e-01
231 +3.687818898e+00 +3.687818898e+00 -1.269221811e+02 -1.269221811e+02 +1.6617e+00 -8.3178e-01 -2.7880e-01 +2.4637e+00 +3.5751e+00
239 +2.856722332e+00 +2.856722332e+00 -1.277532777e+02 -1.277532777e+02 +3.3423e+00 +2.1278e+00 +4.0167e-01 +2.5283e+00 +3.1237e+00
533 +2.753652472e+00 +2.753652472e+00 -1.278563475e+02 -1.278563475e+02 +4.5843e+00 -8.7766e-01 +1.4427e+00 +7.3582e-02 +3.2236e+00
831 +2.164866588e+00 +2.164866588e+00 -1.284451334e+02 -1.284451334e+02 +2.9577e+00 -3.9511e+00 -4.7565e-01 +1.6806e+00 +3.1546e+00
1331 +1.785090974e+00 +1.785090974e+00 -1.288249090e+02 -1.288249090e+02 +4.4588e+00 +1.1434e+00 -8.6912e-01 -1.5815e+00 +1.7624e+00
1654 +1.367150333e+00 +1.367150333e+00 -1.292428497e+02 -1.292428497e+02 +1.5481e-01 +4.3772e+00 +3.1507e+00 -2.4676e-02 +1.7268e+00
9397 +1.148174718e+00 +1.148174718e+00 -1.294618253e+02 -1.294618253e+02 -2.7576e+00 +6.9702e-01 +2.2725e+00 +2.3445e+00 -3.0443e+00
24285 +1.022589089e+00 +1.022589089e+00 -1.295874109e+02 -1.295874109e+02 +3.3577e+00 -3.0251e+00 +2.0916e+00 +3.4767e+00 -5.1699e+00
60054 +4.444102961e-01 +4.444102961e-01 -1.301655897e+02 -1.301655897e+02 +1.7646e+00 -2.8148e+00 -4.6886e+00 -7.7252e-01 +3.5222e+00
78701 +4.232608303e-01 +4.232608303e-01 -1.301867392e+02 -1.301867392e+02 +1.9275e+00 -2.8225e+00 +4.7032e+00 -8.5286e-01 -1.7273e+00
78836 +3.832533867e-01 +3.832533867e-01 -1.302267466e+02 -1.302267466e+02 +1.9274e+00 -2.8221e+00 +4.7033e+00 -8.5248e-01 -1.7261e+00
79060 +3.379001487e-01 +3.379001487e-01 -1.302720999e+02 -1.302720999e+02 +1.9285e+00 -2.8231e+00 +4.7037e+00 -8.5065e-01 -1.7272e+00
79135 +2.905216532e-01 +2.905216532e-01 -1.303194783e+02 -1.303194783e+02 +1.9284e+00 -2.8225e+00 +4.7033e+00 -8.5265e-01 -1.7272e+00
79534 +2.848880289e-01 +2.848880289e-01 -1.303251120e+02 -1.303251120e+02 +1.9283e+00 -2.8221e+00 +4.7032e+00 -8.5299e-01 -1.7277e+00
79563 +2.816660265e-01 +2.816660265e-01 -1.303283340e+02 -1.303283340e+02 +1.9279e+00 -2.8209e+00 +4.7031e+00 -8.5328e-01 -1.7274e+00
79809 +2.639478267e-01 +2.639478267e-01 -1.303460522e+02 -1.303460522e+02 +1.9287e+00 -2.8221e+00 +4.7034e+00 -8.5326e-01 -1.7275e+00
79901 +2.518709008e-01 +2.518709008e-01 -1.303581291e+02 -1.303581291e+02 +1.9286e+00 -2.8222e+00 +4.7033e+00 -8.5261e-01 -1.7276e+00
80032 +2.476066758e-01 +2.476066758e-01 -1.303623933e+02 -1.303623933e+02 +1.9284e+00 -2.8213e+00 +4.7031e+00 -8.5371e-01 -1.7275e+00
80184 +2.372734453e-01 +2.372734453e-01 -1.303727266e+02 -1.303727266e+02 +1.9282e+00 -2.8215e+00 +4.7033e+00 -8.5306e-01 -1.7273e+00
80345 +2.294399789e-01 +2.294399789e-01 -1.303805600e+02 -1.303805600e+02 +1.9284e+00 -2.8215e+00 +4.7031e+00 -8.5298e-01 -1.7275e+00
80376 +2.191751397e-01 +2.191751397e-01 -1.303908249e+02 -1.303908249e+02 +1.9285e+00 -2.8211e+00 +4.7030e+00 -8.5351e-01 -1.7276e+00
81009 +2.181853266e-01 +2.181853266e-01 -1.303918147e+02 -1.303918147e+02 +1.9285e+00 -2.8210e+00 +4.7029e+00 -8.5358e-01 -1.7277e+00
81188 +2.136389977e-01 +2.136389977e-01 -1.303963610e+02 -1.303963610e+02 +1.9284e+00 -2.8210e+00 +4.7030e+00 -8.5357e-01 -1.7276e+00
82403 +2.086804388e-01 +2.086804388e-01 -1.304013196e+02 -1.304013196e+02 +1.9284e+00 -2.8220e+00 +4.7033e+00 -8.5281e-01 -1.7274e+00
% function evaluation | noise-free fitness - Fopt (-2.231200000000e+02) | best noise-free fitness - Fopt | measured fitness | best measured fitness | x1 | x2...
1 +1.062283393e+01 +1.062283393e+01 -2.124971661e+02 -2.124971661e+02 +0.0000e+00 +0.0000e+00 +0.0000e+00 +0.0000e+00 +0.0000e+00
3 +9.769725432e+00 +9.769725432e+00 -2.133502746e+02 -2.133502746e+02 -7.8598e-01 +1.4241e+00 -3.0158e+00 +9.7322e-01 -2.3549e+00
40 +5.155412394e+00 +5.155412394e+00 -2.179645876e+02 -2.179645876e+02 -4.8832e+00 +4.8920e+00 -2.4107e+00 +1.3135e+00 -1.3551e+00
41 +3.394441226e+00 +3.394441226e+00 -2.197255588e+02 -2.197255588e+02 -3.6514e+00 +5.7816e+00 -2.5893e+00 +4.7735e-01 -2.7671e+00
161 +2.801296924e+00 +2.801296924e+00 -2.203187031e+02 -2.203187031e+02 -2.7802e+00 +5.8240e+00 +2.2739e+00 -9.2237e-01 -1.5123e+00
648 +2.532732846e+00 +2.532732846e+00 -2.205872672e+02 -2.205872672e+02 -6.2351e-01 -4.4723e+00 +3.2198e+00 -2.2841e+00 -7.0114e-01
1701 +2.045413257e+00 +2.045413257e+00 -2.210745867e+02 -2.210745867e+02 +4.4794e-01 +4.7091e+00 +2.9174e+00 -1.7884e-02 -4.3774e+00
5407 +1.802946146e+00 +1.802946146e+00 -2.213170539e+02 -2.213170539e+02 -3.4842e+00 +5.1482e+00 -2.1201e+00 -5.8510e+00 -3.1694e+00
21285 +1.559205664e+00 +1.559205664e+00 -2.215607943e+02 -2.215607943e+02 -4.8875e+00 +5.4003e+00 -1.2211e+00 -1.3403e+00 +2.2683e+00
25727 +1.443772457e+00 +1.443772457e+00 -2.216762275e+02 -2.216762275e+02 -4.4177e+00 -2.0874e+00 -5.3530e+00 -7.4002e-01 +2.9508e+00
31283 +8.365470978e-01 +8.365470978e-01 -2.222834529e+02 -2.222834529e+02 -4.2568e+00 -1.3768e+00 -1.9006e+00 +1.7616e+00 +5.0319e+00
34818 +8.284443082e-01 +8.284443082e-01 -2.222915557e+02 -2.222915557e+02 -3.3362e+00 -1.0764e+00 -1.1169e+00 +1.1733e+00 +4.7162e+00
34900 +5.228947727e-01 +5.228947727e-01 -2.225971052e+02 -2.225971052e+02 -3.3395e+00 -1.0733e+00 -1.1235e+00 +1.1642e+00 +4.7284e+00
35486 +4.465356519e-01 +4.465356519e-01 -2.226734643e+02 -2.226734643e+02 -3.3147e+00 -1.0664e+00 -1.1332e+00 +1.1476e+00 +4.7196e+00
35506 +2.517646525e-01 +2.517646525e-01 -2.228682353e+02 -2.228682353e+02 -3.3234e+00 -1.0672e+00 -1.1329e+00 +1.1484e+00 +4.7275e+00
35723 +2.168142363e-01 +2.168142363e-01 -2.229031858e+02 -2.229031858e+02 -3.3342e+00 -1.0658e+00 -1.1346e+00 +1.1462e+00 +4.7381e+00
36897 +2.060434702e-01 +2.060434702e-01 -2.229139565e+02 -2.229139565e+02 -3.3287e+00 -1.0665e+00 -1.1361e+00 +1.1446e+00 +4.7323e+00
36903 +1.841808751e-01 +1.841808751e-01 -2.229358191e+02 -2.229358191e+02 -3.3289e+00 -1.0650e+00 -1.1364e+00 +1.1436e+00 +4.7315e+00
37033 +1.480945816e-01 +1.480945816e-01 -2.229719054e+02 -2.229719054e+02 -3.3278e+00 -1.0668e+00 -1.1341e+00 +1.1472e+00 +4.7299e+00
37312 +1.398217192e-01 +1.398217192e-01 -2.229801783e+02 -2.229801783e+02 -3.3208e+00 -1.0644e+00 -1.1376e+00 +1.1409e+00 +4.7249e+00
37331 +1.263080170e-01 +1.263080170e-01 -2.229936920e+02 -2.229936920e+02 -3.3198e+00 -1.0653e+00 -1.1367e+00 +1.1422e+00 +4.7237e+00
37345 +1.032885950e-01 +1.032885950e-01 -2.230167114e+02 -2.230167114e+02 -3.3203e+00 -1.0656e+00 -1.1360e+00 +1.1440e+00 +4.7246e+00
37494 +8.619530582e-02 +8.619530582e-02 -2.230338047e+02 -2.230338047e+02 -3.3217e+00 -1.0648e+00 -1.1350e+00 +1.1439e+00 +4.7261e+00
37983 +7.298589396e-02 +7.298589396e-02 -2.230470141e+02 -2.230470141e+02 -3.3159e+00 -1.0644e+00 -1.1355e+00 +1.1426e+00 +4.7203e+00
38269 +7.206839723e-02 +7.206839723e-02 -2.230479316e+02 -2.230479316e+02 -3.3195e+00 -1.0648e+00 -1.1350e+00 +1.1440e+00 +4.7233e+00
38350 +6.339517234e-02 +6.339517234e-02 -2.230566048e+02 -2.230566048e+02 -3.3189e+00 -1.0646e+00 -1.1356e+00 +1.1430e+00 +4.7232e+00
38354 +4.069293485e-02 +4.069293485e-02 -2.230793071e+02 -2.230793071e+02 -3.3188e+00 -1.0648e+00 -1.1353e+00 +1.1434e+00 +4.7228e+00
38748 +3.800772131e-02 +3.800772131e-02 -2.230819923e+02 -2.230819923e+02 -3.3216e+00 -1.0649e+00 -1.1358e+00 +1.1434e+00 +4.7253e+00
38857 +3.219896943e-02 +3.219896943e-02 -2.230878010e+02 -2.230878010e+02 -3.3208e+00 -1.0650e+00 -1.1351e+00 +1.1440e+00 +4.7249e+00
38884 +3.117823665e-02 +3.117823665e-02 -2.230888218e+02 -2.230888218e+02 -3.3209e+00 -1.0651e+00 -1.1351e+00 +1.1441e+00 +4.7249e+00
38994 +2.943415367e-02 +2.943415367e-02 -2.230905658e+02 -2.230905658e+02 -3.3204e+00 -1.0652e+00 -1.1350e+00 +1.1442e+00 +4.7243e+00
39004 +2.761458124e-02 +2.761458124e-02 -2.230923854e+02 -2.230923854e+02 -3.3204e+00 -1.0651e+00 -1.1350e+00 +1.1442e+00 +4.7243e+00
39044 +2.333589957e-02 +2.333589957e-02 -2.230966641e+02 -2.230966641e+02 -3.3205e+00 -1.0651e+00 -1.1351e+00 +1.1441e+00 +4.7243e+00
39115 +1.951694729e-02 +1.951694729e-02 -2.231004831e+02 -2.231004831e+02 -3.3215e+00 -1.0652e+00 -1.1349e+00 +1.1444e+00 +4.7253e+00
39135 +1.458979670e-02 +1.458979670e-02 -2.231054102e+02 -2.231054102e+02 -3.3219e+00 -1.0653e+00 -1.1350e+00 +1.1445e+00 +4.7256e+00
39410 +1.282354019e-02 +1.282354019e-02 -2.231071765e+02 -2.231071765e+02 -3.3217e+00 -1.0652e+00 -1.1351e+00 +1.1442e+00 +4.7255e+00
39826 +1.087344389e-02 +1.087344389e-02 -2.231091266e+02 -2.231091266e+02 -3.3220e+00 -1.0653e+00 -1.1349e+00 +1.1446e+00 +4.7257e+00
41287 +1.056771677e-02 +1.056771677e-02 -2.231094323e+02 -2.231094323e+02 -3.3220e+00 -1.0653e+00 -1.1348e+00 +1.1446e+00 +4.7257e+00
41326 +1.013193263e-02 +1.013193263e-02 -2.231098681e+02 -2.231098681e+02 -3.3219e+00 -1.0653e+00 -1.1349e+00 +1.1446e+00 +4.7257e+00
41375 +9.408385151e-03 +9.408385151e-03 -2.231105916e+02 -2.231105916e+02 -3.3220e+00 -1.0653e+00 -1.1349e+00 +1.1446e+00 +4.7257e+00
41485 +8.880856870e-03 +8.880856870e-03 -2.231111191e+02 -2.231111191e+02 -3.3220e+00 -1.0653e+00 -1.1349e+00 +1.1446e+00 +4.7257e+00
41513 +7.632197173e-03 +7.632197173e-03 -2.231123678e+02 -2.231123678e+02 -3.3221e+00 -1.0653e+00 -1.1349e+00 +1.1446e+00 +4.7258e+00
41556 +7.242839307e-03 +7.242839307e-03 -2.231127572e+02 -2.231127572e+02 -3.3221e+00 -1.0653e+00 -1.1349e+00 +1.1445e+00 +4.7258e+00
41575 +5.875722943e-03 +5.875722943e-03 -2.231141243e+02 -2.231141243e+02 -3.3220e+00 -1.0653e+00 -1.1349e+00 +1.1445e+00 +4.7257e+00
41691 +4.771168326e-03 +4.771168326e-03 -2.231152288e+02 -2.231152288e+02 -3.3221e+00 -1.0653e+00 -1.1350e+00 +1.1445e+00 +4.7258e+00
41902 +4.650266259e-03 +4.650266259e-03 -2.231153497e+02 -2.231153497e+02 -3.3222e+00 -1.0653e+00 -1.1350e+00 +1.1445e+00 +4.7259e+00
42032 +3.952925510e-03 +3.952925510e-03 -2.231160471e+02 -2.231160471e+02 -3.3222e+00 -1.0653e+00 -1.1350e+00 +1.1445e+00 +4.7259e+00
42564 +3.859765311e-03 +3.859765311e-03 -2.231161402e+02 -2.231161402e+02 -3.3222e+00 -1.0653e+00 -1.1350e+00 +1.1445e+00 +4.7259e+00
42781 +3.672582382e-03 +3.672582382e-03 -2.231163274e+02 -2.231163274e+02 -3.3222e+00 -1.0653e+00 -1.1350e+00 +1.1445e+00 +4.7259e+00
42871 +3.617895631e-03 +3.617895631e-03 -2.231163821e+02 -2.231163821e+02 -3.3221e+00 -1.0653e+00 -1.1350e+00 +1.1445e+00 +4.7259e+00
42905 +3.494291300e-03 +3.494291300e-03 -2.231165057e+02 -2.231165057e+02 -3.3221e+00 -1.0653e+00 -1.1350e+00 +1.1445e+00 +4.7259e+00
42940 +3.293973506e-03 +3.293973506e-03 -2.231167060e+02 -2.231167060e+02 -3.3221e+00 -1.0653e+00 -1.1350e+00 +1.1445e+00 +4.7259e+00
43069 +3.041500307e-03 +3.041500307e-03 -2.231169585e+02 -2.231169585e+02 -3.3221e+00 -1.0653e+00 -1.1350e+00 +1.1445e+00 +4.7258e+00
43305 +2.999071519e-03 +2.999071519e-03 -2.231170009e+02 -2.231170009e+02 -3.3221e+00 -1.0653e+00 -1.1350e+00 +1.1445e+00 +4.7258e+00
43365 +2.896242126e-03 +2.896242126e-03 -2.231171038e+02 -2.231171038e+02 -3.3221e+00 -1.0653e+00 -1.1350e+00 +1.1445e+00 +4.7258e+00
43784 +2.825339509e-03 +2.825339509e-03 -2.231171747e+02 -2.231171747e+02 -3.3221e+00 -1.0653e+00 -1.1350e+00 +1.1445e+00 +4.7258e+00
43878 +2.801912813e-03 +2.801912813e-03 -2.231171981e+02 -2.231171981e+02 -3.3221e+00 -1.0653e+00 -1.1350e+00 +1.1445e+00 +4.7258e+00
44248 +2.751473880e-03 +2.751473880e-03 -2.231172485e+02 -2.231172485e+02 -3.3221e+00 -1.0653e+00 -1.1350e+00 +1.1445e+00 +4.7258e+00
44403 +2.689698004e-03 +2.689698004e-03 -2.231173103e+02 -2.231173103e+02 -3.3221e+00 -1.0653e+00 -1.1350e+00 +1.1445e+00 +4.7258e+00
44438 +2.604768794e-03 +2.604768794e-03 -2.231173952e+02 -2.231173952e+02 -3.3221e+00 -1.0653e+00 -1.1350e+00 +1.1445e+00 +4.7258e+00
45107 +2.568771627e-03 +2.568771627e-03 -2.231174312e+02 -2.231174312e+02 -3.3221e+00 -1.0653e+00 -1.1350e+00 +1.1445e+00 +4.7258e+00
% function evaluation | noise-free fitness - Fopt (-4.443000000000e+01) | best noise-free fitness - Fopt | measured fitness | best measured fitness | x1 | x2...
1 +2.215004470e+01 +2.215004470e+01 -2.227995530e+01 -2.227995530e+01 +0.0000e+00 +0.0000e+00 +0.0000e+00 +0.0000e+00 +0.0000e+00
2 +1.680617323e+01 +1.680617323e+01 -2.762382677e+01 -2.762382677e+01 +1.1850e-01 +1.7345e+00 +1.2092e+00 +3.6663e-01 -5.0671e-01
3 +1.434000034e+01 +1.434000034e+01 -3.008999966e+01 -3.008999966e+01 -6.9829e-01 -2.2867e+00 -2.1148e-01 +4.4712e-02 -9.0577e-01
10 +1.096547969e+01 +1.096547969e+01 -3.346452031e+01 -3.346452031e+01 -1.2283e+00 +1.4238e+00 +1.8061e+00 -1.3668e+00 -1.4777e+00
13 +8.136185906e+00 +8.136185906e+00 -3.629381409e+01 -3.629381409e+01 +8.4248e-01 +9.2396e-03 -2.6350e+00 -5.2811e-01 -1.6036e-01
27 +6.456745405e+00 +6.456745405e+00 -3.797325459e+01 -3.797325459e+01 +2.9288e+00 +1.3603e-01 -4.3015e+00 -7.2178e-01 -1.8071e+00
28 +6.269315258e+00 +6.269315258e+00 -3.816068474e+01 -3.816068474e+01 +7.7817e-01 -9.9443e-01 -3.5885e+00 -9.1264e-01 -1.3476e+00
50 +5.636763232e+00 +5.636763232e+00 -3.879323677e+01 -3.879323677e+01 +1.9471e+00 -1.6861e+00 -4.8710e+00 +1.1585e+00 +1.6029e+00
92 +5.530996800e+00 +5.530996800e+00 -3.889900320e+01 -3.889900320e+01 +3.8243e+00 +2.8463e-01 -4.5424e+00 +5.1597e-01 +1.6450e+00
140 +5.487456900e+00 +5.487456900e+00 -3.894254310e+01 -3.894254310e+01 +3.6456e+00 +2.3696e+00 -5.7738e+00 +4.8357e+00 +2.5044e+00
158 +3.758510989e+00 +3.758510989e+00 -4.067148901e+01 -4.067148901e+01 +5.2671e+00 +1.1694e-01 -4.9198e+00 +5.0722e+00 +1.1765e+00
667 +3.285039195e+00 +3.285039195e+00 -4.114496080e+01 -4.114496080e+01 +4.7476e-01 -4.5042e+00 +1.3088e+00 +4.7161e+00 -5.2711e+00
718 +3.152959307e+00 +3.152959307e+00 -4.127704069e+01 -4.127704069e+01 -1.9759e+00 -4.2951e+00 -5.8064e-01 +3.8564e+00 -3.4976e+00
908 +3.068217189e+00 +3.068217189e+00 -4.136178281e+01 -4.136178281e+01 +2.0058e+00 -5.2670e+00 -1.3919e+00 +4.8513e+00 -4.9922e+00
1198 +1.153046617e+00 +1.153046617e+00 -4.327695338e+01 -4.327695338e+01 +4.2960e+00 -4.9287e+00 +1.3313e+00 -2.5222e+00 +2.7577e-01
8157 +6.320365810e-01 +6.320365810e-01 -4.379796342e+01 -4.379796342e+01 +1.4314e+00 +2.2151e+00 -7.6771e-01 +1.1683e+00 +3.8251e+00
36146 +6.130722074e-01 +6.130722074e-01 -4.381692779e+01 -4.381692779e+01 -2.8311e+00 +1.1525e+00 +4.2586e+00 +5.3432e+00 +5.3804e+00
37235 +5.736132371e-01 +5.736132371e-01 -4.385638676e+01 -4.385638676e+01 -2.8336e+00 +1.1429e+00 +4.2605e+00 +5.3451e+00 +5.3840e+00
37341 +5.203414201e-01 +5.203414201e-01 -4.390965858e+01 -4.390965858e+01 -2.8328e+00 +1.1460e+00 +4.2603e+00 +5.3441e+00 +5.3835e+00
37679 +4.892137486e-01 +4.892137486e-01 -4.394078625e+01 -4.394078625e+01 -2.8320e+00 +1.1505e+00 +4.2594e+00 +5.3428e+00 +5.3814e+00
37727 +4.674583564e-01 +4.674583564e-01 -4.396254164e+01 -4.396254164e+01 -2.8321e+00 +1.1515e+00 +4.2584e+00 +5.3425e+00 +5.3807e+00
37862 +4.438783560e-01 +4.438783560e-01 -4.398612164e+01 -4.398612164e+01 -2.8320e+00 +1.1519e+00 +4.2586e+00 +5.3425e+00 +5.3803e+00
38285 +4.334631100e-01 +4.334631100e-01 -4.399653689e+01 -4.399653689e+01 -2.8326e+00 +1.1508e+00 +4.2581e+00 +5.3430e+00 +5.3805e+00
39579 +4.257652040e-01 +4.257652040e-01 -4.400423480e+01 -4.400423480e+01 -2.8309e+00 +1.1558e+00 +4.2581e+00 +5.3414e+00 +5.3789e+00
40231 +4.162924376e-01 +4.162924376e-01 -4.401370756e+01 -4.401370756e+01 -2.8308e+00 +1.1557e+00 +4.2582e+00 +5.3415e+00 +5.3789e+00
% function evaluation | noise-free fitness - Fopt (-3.845400000000e+02) | best noise-free fitness - Fopt | measured fitness | best measured fitness | x1 | x2...
1 +2.864713299e+01 +2.864713299e+01 -3.558928670e+02 -3.558928670e+02 +0.0000e+00 +0.0000e+00 +0.0000e+00 +0.0000e+00 +0.0000e+00
3 +1.766106576e+01 +1.766106576e+01 -3.668789342e+02 -3.668789342e+02 -1.1282e-01 +4.7606e+00 -2.0828e+00 -1.1788e+00 -5.3262e-01
4 +1.651819739e+01 +1.651819739e+01 -3.680218026e+02 -3.680218026e+02 +1.4411e-01 +7.6387e-01 +2.2434e+00 +3.3425e-01 +2.8795e-03
6 +1.323706086e+01 +1.323706086e+01 -3.713029391e+02 -3.713029391e+02 +4.3137e-01 -4.5264e+00 +3.3778e+00 +2.1968e+00 +1.3407e+00
13 +1.266890412e+01 +1.266890412e+01 -3.718710959e+02 -3.718710959e+02 -1.3315e+00 -3.1871e+00 +3.7379e+00 +4.0739e-01 +1.0266e+00
14 +9.414338572e+00 +9.414338572e+00 -3.751256614e+02 -3.751256614e+02 -2.9190e-01 -5.2042e+00 +3.7612e+00 +2.9316e+00 +8.8124e-01
17 +5.066455711e+00 +5.066455711e+00 -3.794735443e+02 -3.794735443e+02 -8.0333e-01 -5.9315e+00 +3.9696e+00 +1.3128e+00 +1.2074e+00
19 +4.032645127e+00 +4.032645127e+00 -3.805073549e+02 -3.805073549e+02 +3.8865e-01 -4.1613e+00 +4.1881e+00 +5.0385e-01 +2.6506e+00
24 +3.274840117e+00 +3.274840117e+00 -3.812651599e+02 -3.812651599e+02 +7.4478e-01 -1.4199e+00 +5.3705e+00 -1.6810e+00 +3.3315e+00
213 +2.267724737e+00 +2.267724737e+00 -3.822722753e+02 -3.822722753e+02 +1.9081e+00 +3.0895e+00 +5.0517e+00 -3.6183e+00 +4.7460e+00
717 +2.179423500e+00 +2.179423500e+00 -3.823605765e+02 -3.823605765e+02 +4.9853e+00 +2.0456e+00 -2.6807e+00 +3.8352e+00 +2.7016e+00
2135 +1.640191285e+00 +1.640191285e+00 -3.828998087e+02 -3.828998087e+02 +3.2873e+00 -4.9046e+00 -5.0306e+00 -1.5419e+00 -1.8440e+00
6469 +1.563151597e+00 +1.563151597e+00 -3.829768484e+02 -3.829768484e+02 +1.3302e+00 -4.9056e+00 -4.6507e+00 +1.1334e+00 -5.3239e+00
7172 +8.681605927e-01 +8.681605927e-01 -3.836718394e+02 -3.836718394e+02 -1.1258e+00 +2.3676e+00 -3.3571e+00 -3.1256e+00 -3.7141e+00
25079 +7.557345544e-01 +7.557345544e-01 -3.837842654e+02 -3.837842654e+02 +6.1447e-01 -4.8627e+00 +2.6107e+00 +7.5584e-01 +4.9715e+00
% function evaluation | noise-free fitness - Fopt (-6.071200000000e+02) | best noise-free fitness - Fopt | measured fitness | best measured fitness | x1 | x2...
1 +1.633168385e+01 +1.633168385e+01 -5.907883162e+02 -5.907883162e+02 +0.0000e+00 +0.0000e+00 +0.0000e+00 +0.0000e+00 +0.0000e+00
2 +1.387122562e+01 +1.387122562e+01 -5.932487744e+02 -5.932487744e+02 +1.3249e+00 +3.6354e-01 +9.3781e-01 -2.4265e-01 +1.0219e+00
4 +1.037915316e+01 +1.037915316e+01 -5.967408468e+02 -5.967408468e+02 +9.0962e-01 -1.4047e+00 -2.2988e+00 -2.7221e+00 +1.4657e+00
5 +2.867635342e+00 +2.867635342e+00 -6.042523647e+02 -6.042523647e+02 -2.8233e-01 +2.3923e+00 +4.3701e-02 +1.3282e+00 +1.2001e+00
593 +2.785361261e+00 +2.785361261e+00 -6.043346387e+02 -6.043346387e+02 +2.5122e+00 +3.2321e+00 +3.2508e+00 +2.3438e-01 -3.7352e+00
2628 +1.917507261e+00 +1.917507261e+00 -6.052024927e+02 -6.052024927e+02 -4.2245e+00 +3.2905e-01 +4.6207e+00 +2.6798e+00 +7.0909e-01
4173 +1.366173572e+00 +1.366173572e+00 -6.057538264e+02 -6.057538264e+02 -2.0995e+00 +3.4615e+00 +2.1923e+00 -3.3223e+00 -1.4492e+00
9580 +9.127892114e-01 +9.127892114e-01 -6.062072108e+02 -6.062072108e+02 -5.3035e+00 +2.0605e+00 -2.1884e+00 -3.6988e+00 +1.1808e+00
30413 +7.862550647e-01 +7.862550647e-01 -6.063337449e+02 -6.063337449e+02 +1.5908e+00 +7.4753e-01 +4.3046e+00 -2.9506e+00 +2.0030e+00
52928 +7.084534454e-01 +7.084534454e-01 -6.064115466e+02 -6.064115466e+02 +1.5087e+00 +5.2661e+00 +2.2937e+00 +5.1676e+00 +3.1855e+00
79713 +6.162560837e-01 +6.162560837e-01 -6.065037439e+02 -6.065037439e+02 +1.2456e+00 +4.4776e+00 +2.3770e+00 +8.4224e-01 -3.0630e+00
79721 +4.594225359e-01 +4.594225359e-01 -6.066605775e+02 -6.066605775e+02 +1.2505e+00 +4.4771e+00 +2.3786e+00 +8.3882e-01 -3.0622e+00
79911 +3.447351414e-01 +3.447351414e-01 -6.067752649e+02 -6.067752649e+02 +1.2425e+00 +4.4740e+00 +2.3775e+00 +8.3689e-01 -3.0693e+00
80283 +2.119412801e-01 +2.119412801e-01 -6.069080587e+02 -6.069080587e+02 +1.2407e+00 +4.4733e+00 +2.3782e+00 +8.3415e-01 -3.0707e+00
80792 +1.835724119e-01 +1.835724119e-01 -6.069364276e+02 -6.069364276e+02 +1.2489e+00 +4.4718e+00 +2.3834e+00 +8.3370e-01 -3.0675e+00
80802 +1.761395908e-01 +1.761395908e-01 -6.069438604e+02 -6.069438604e+02 +1.2465e+00 +4.4718e+00 +2.3831e+00 +8.3366e-01 -3.0679e+00
80983 +1.325429092e-01 +1.325429092e-01 -6.069874571e+02 -6.069874571e+02 +1.2525e+00 +4.4738e+00 +2.3829e+00 +8.3739e-01 -3.0641e+00
81290 +1.044895486e-01 +1.044895486e-01 -6.070155105e+02 -6.070155105e+02 +1.2509e+00 +4.4734e+00 +2.3832e+00 +8.3681e-01 -3.0645e+00
81340 +9.911011676e-02 +9.911011676e-02 -6.070208899e+02 -6.070208899e+02 +1.2481e+00 +4.4725e+00 +2.3839e+00 +8.3443e-01 -3.0660e+00
81702 +5.707843176e-02 +5.707843176e-02 -6.070629216e+02 -6.070629216e+02 +1.2524e+00 +4.4733e+00 +2.3848e+00 +8.3647e-01 -3.0632e+00
81814 +4.072326250e-02 +4.072326250e-02 -6.070792767e+02 -6.070792767e+02 +1.2489e+00 +4.4731e+00 +2.3830e+00 +8.3530e-01 -3.0661e+00
82325 +3.902473788e-02 +3.902473788e-02 -6.070809753e+02 -6.070809753e+02 +1.2491e+00 +4.4733e+00 +2.3830e+00 +8.3550e-01 -3.0659e+00
82882 +3.860956404e-02 +3.860956404e-02 -6.070813904e+02 -6.070813904e+02 +1.2474e+00 +4.4731e+00 +2.3822e+00 +8.3509e-01 -3.0669e+00
82898 +2.729296880e-02 +2.729296880e-02 -6.070927070e+02 -6.070927070e+02 +1.2472e+00 +4.4732e+00 +2.3823e+00 +8.3487e-01 -3.0672e+00
83015 +2.546399896e-02 +2.546399896e-02 -6.070945360e+02 -6.070945360e+02 +1.2483e+00 +4.4732e+00 +2.3828e+00 +8.3540e-01 -3.0662e+00
83265 +1.881115284e-02 +1.881115284e-02 -6.071011888e+02 -6.071011888e+02 +1.2490e+00 +4.4732e+00 +2.3832e+00 +8.3544e-01 -3.0659e+00
83503 +1.707459304e-02 +1.707459304e-02 -6.071029254e+02 -6.071029254e+02 +1.2489e+00 +4.4731e+00 +2.3832e+00 +8.3536e-01 -3.0660e+00
83506 +1.645634049e-02 +1.645634049e-02 -6.071035437e+02 -6.071035437e+02 +1.2486e+00 +4.4731e+00 +2.3830e+00 +8.3533e-01 -3.0661e+00
83568 +1.583640172e-02 +1.583640172e-02 -6.071041636e+02 -6.071041636e+02 +1.2484e+00 +4.4731e+00 +2.3829e+00 +8.3524e-01 -3.0663e+00
83579 +1.245227611e-02 +1.245227611e-02 -6.071075477e+02 -6.071075477e+02 +1.2483e+00 +4.4731e+00 +2.3829e+00 +8.3527e-01 -3.0663e+00
83583 +1.093713499e-02 +1.093713499e-02 -6.071090629e+02 -6.071090629e+02 +1.2483e+00 +4.4732e+00 +2.3829e+00 +8.3525e-01 -3.0663e+00
83938 +1.060872872e-02 +1.060872872e-02 -6.071093913e+02 -6.071093913e+02 +1.2483e+00 +4.4732e+00 +2.3828e+00 +8.3532e-01 -3.0663e+00
84010 +6.432332547e-03 +6.432332547e-03 -6.071135677e+02 -6.071135677e+02 +1.2484e+00 +4.4731e+00 +2.3829e+00 +8.3526e-01 -3.0662e+00
84461 +5.218721276e-03 +5.218721276e-03 -6.071147813e+02 -6.071147813e+02 +1.2483e+00 +4.4732e+00 +2.3828e+00 +8.3527e-01 -3.0663e+00
84475 +4.934203600e-03 +4.934203600e-03 -6.071150658e+02 -6.071150658e+02 +1.2484e+00 +4.4732e+00 +2.3829e+00 +8.3527e-01 -3.0663e+00
84840 +3.284703698e-03 +3.284703698e-03 -6.071167153e+02 -6.071167153e+02 +1.2484e+00 +4.4732e+00 +2.3829e+00 +8.3534e-01 -3.0662e+00
84921 +3.192861639e-03 +3.192861639e-03 -6.071168071e+02 -6.071168071e+02 +1.2484e+00 +4.4732e+00 +2.3828e+00 +8.3534e-01 -3.0662e+00
84948 +2.468218603e-03 +2.468218603e-03 -6.071175318e+02 -6.071175318e+02 +1.2485e+00 +4.4732e+00 +2.3829e+00 +8.3532e-01 -3.0662e+00
85489 +2.328579323e-03 +2.328579323e-03 -6.071176714e+02 -6.071176714e+02 +1.2484e+00 +4.4732e+00 +2.3829e+00 +8.3533e-01 -3.0662e+00
85556 +2.050557955e-03 +2.050557955e-03 -6.071179494e+02 -6.071179494e+02 +1.2484e+00 +4.4732e+00 +2.3829e+00 +8.3532e-01 -3.0662e+00
85722 +1.081682531e-03 +1.081682531e-03 -6.071189183e+02 -6.071189183e+02 +1.2485e+00 +4.4732e+00 +2.3829e+00 +8.3532e-01 -3.0662e+00
86585 +9.596508709e-04 +9.596508709e-04 -6.071190403e+02 -6.071190403e+02 +1.2484e+00 +4.4732e+00 +2.3829e+00 +8.3531e-01 -3.0662e+00
86730 +8.987235933e-04 +8.987235933e-04 -6.071191013e+02 -6.071191013e+02 +1.2484e+00 +4.4732e+00 +2.3829e+00 +8.3531e-01 -3.0662e+00
86735 +8.601966853e-04 +8.601966853e-04 -6.071191398e+02 -6.071191398e+02 +1.2484e+00 +4.4732e+00 +2.3829e+00 +8.3531e-01 -3.0662e+00
86819 +6.941465111e-04 +6.941465111e-04 -6.071193059e+02 -6.071193059e+02 +1.2484e+00 +4.4732e+00 +2.3829e+00 +8.3531e-01 -3.0662e+00
87204 +6.775240530e-04 +6.775240530e-04 -6.071193225e+02 -6.071193225e+02 +1.2484e+00 +4.4732e+00 +2.3829e+00 +8.3531e-01 -3.0662e+00
87216 +6.423064387e-04 +6.423064387e-04 -6.071193577e+02 -6.071193577e+02 +1.2484e+00 +4.4732e+00 +2.3829e+00 +8.3531e-01 -3.0662e+00
87241 +4.809662745e-04 +4.809662745e-04 -6.071195190e+02 -6.071195190e+02 +1.2484e+00 +4.4732e+00 +2.3829e+00 +8.3531e-01 -3.0662e+00
87327 +4.763924626e-04 +4.763924626e-04 -6.071195236e+02 -6.071195236e+02 +1.2484e+00 +4.4732e+00 +2.3829e+00 +8.3531e-01 -3.0662e+00
87348 +4.675882398e-04 +4.675882398e-04 -6.071195324e+02 -6.071195324e+02 +1.2484e+00 +4.4732e+00 +2.3829e+00 +8.3531e-01 -3.0662e+00
87351 +3.614459188e-04 +3.614459188e-04 -6.071196386e+02 -6.071196386e+02 +1.2484e+00 +4.4732e+00 +2.3829e+00 +8.3531e-01 -3.0662e+00
87434 +2.910993699e-04 +2.910993699e-04 -6.071197089e+02 -6.071197089e+02 +1.2484e+00 +4.4732e+00 +2.3829e+00 +8.3532e-01 -3.0662e+00
87945 +2.600062438e-04 +2.600062438e-04 -6.071197400e+02 -6.071197400e+02 +1.2484e+00 +4.4732e+00 +2.3829e+00 +8.3532e-01 -3.0662e+00
88067 +2.059047604e-04 +2.059047604e-04 -6.071197941e+02 -6.071197941e+02 +1.2484e+00 +4.4732e+00 +2.3829e+00 +8.3532e-01 -3.0662e+00
88345 +1.956939736e-04 +1.956939736e-04 -6.071198043e+02 -6.071198043e+02 +1.2484e+00 +4.4732e+00 +2.3829e+00 +8.3532e-01 -3.0662e+00
88356 +1.648789702e-04 +1.648789702e-04 -6.071198351e+02 -6.071198351e+02 +1.2484e+00 +4.4732e+00 +2.3829e+00 +8.3532e-01 -3.0662e+00
88448 +1.529433046e-04 +1.529433046e-04 -6.071198471e+02 -6.071198471e+02 +1.2484e+00 +4.4732e+00 +2.3829e+00 +8.3532e-01 -3.0662e+00
88496 +1.513377260e-04 +1.513377260e-04 -6.071198487e+02 -6.071198487e+02 +1.2484e+00 +4.4732e+00 +2.3829e+00 +8.3532e-01 -3.0662e+00
88528 +1.406235145e-04 +1.406235145e-04 -6.071198594e+02 -6.071198594e+02 +1.2484e+00 +4.4732e+00 +2.3829e+00 +8.3532e-01 -3.0662e+00
88935 +1.378514036e-04 +1.378514036e-04 -6.071198621e+02 -6.071198621e+02 +1.2484e+00 +4.4732e+00 +2.3829e+00 +8.3532e-01 -3.0662e+00
88967 +1.314226787e-04 +1.314226787e-04 -6.071198686e+02 -6.071198686e+02 +1.2484e+00 +4.4732e+00 +2.3829e+00 +8.3532e-01 -3.0662e+00
89222 +1.193761791e-04 +1.193761791e-04 -6.071198806e+02 -6.071198806e+02 +1.2484e+00 +4.4732e+00 +2.3829e+00 +8.3532e-01 -3.0662e+00
89225 +1.163181834e-04 +1.163181834e-04 -6.071198837e+02 -6.071198837e+02 +1.2484e+00 +4.4732e+00 +2.3829e+00 +8.3532e-01 -3.0662e+00
89290 +1.142541897e-04 +1.142541897e-04 -6.071198857e+02 -6.071198857e+02 +1.2484e+00 +4.4732e+00 +2.3829e+00 +8.3532e-01 -3.0662e+00
89495 +1.109430457e-04 +1.109430457e-04 -6.071198891e+02 -6.071198891e+02 +1.2485e+00 +4.4732e+00 +2.3829e+00 +8.3532e-01 -3.0662e+00
89648 +1.060603365e-04 +1.060603365e-04 -6.071198939e+02 -6.071198939e+02 +1.2484e+00 +4.4732e+00 +2.3829e+00 +8.3532e-01 -3.0662e+00
89799 +9.252440930e-05 +9.252440930e-05 -6.071199075e+02 -6.071199075e+02 +1.2485e+00 +4.4732e+00 +2.3829e+00 +8.3532e-01 -3.0662e+00
90027 +8.926368128e-05 +8.926368128e-05 -6.071199107e+02 -6.071199107e+02 +1.2485e+00 +4.4732e+00 +2.3829e+00 +8.3532e-01 -3.0662e+00
90097 +8.349573807e-05 +8.349573807e-05 -6.071199165e+02 -6.071199165e+02 +1.2485e+00 +4.4732e+00 +2.3829e+00 +8.3532e-01 -3.0662e+00
% function evaluation | noise-free fitness - Fopt (-2.955000000000e+01) | best noise-free fitness - Fopt | measured fitness | best measured fitness | x1 | x2...
1 +3.871046756e+01 +3.871046756e+01 +9.160467555e+00 +9.160467555e+00 +0.0000e+00 +0.0000e+00 +0.0000e+00 +0.0000e+00 +0.0000e+00
2 +1.189169858e+01 +1.189169858e+01 -1.765830142e+01 -1.765830142e+01 -9.0001e-01 -9.8734e-01 -8.1888e-01 +6.7172e-01 +8.7873e-01
3 +7.414787439e+00 +7.414787439e+00 -2.213521256e+01 -2.213521256e+01 +8.1695e-01 +1.0054e+00 -5.2842e-01 -3.4189e-01 +1.3049e+00
5 +4.249578112e+00 +4.249578112e+00 -2.530042189e+01 -2.530042189e+01 -2.2761e+00 +4.6126e+00 +2.8995e+00 -1.0132e+00 -1.0457e-01
10 +3.593165585e+00 +3.593165585e+00 -2.595683442e+01 -2.595683442e+01 -3.1131e-01 +3.5628e+00 -5.5568e-01 -2.5885e+00 -2.1543e+00
47 +3.257864832e+00 +3.257864832e+00 -2.629213517e+01 -2.629213517e+01 -2.9467e+00 -6.0226e+00 -2.5475e+00 -5.0976e+00 +1.9564e-01
83 +2.154669061e+00 +2.154669061e+00 -2.739533094e+01 -2.739533094e+01 -3.5054e+00 -4.9948e+00 -6.7730e-01 -3.7566e+00 -3.3505e+00
326 +2.014872482e+00 +2.014872482e+00 -2.753512752e+01 -2.753512752e+01 -2.3670e+00 +1.5349e+00 +1.0603e+00 -4.6080e+00 +4.7619e-01
371 +1.443845509e+00 +1.443845509e+00 -2.810615449e+01 -2.810615449e+01 +1.3141e+00 +1.9761e+00 +3.7277e+00 -3.7934e+00 +2.8956e+00
15695 +1.124168513e+00 +1.124168513e+00 -2.842583149e+01 -2.842583149e+01 +2.5325e+00 +3.0938e+00 +4.7059e+00 -3.0618e+00 -3.3846e+00
% function evaluation | noise-free fitness - Fopt (1.000000000000e+03) | best noise-free fitness - Fopt | measured fitness | best measured fitness | x1 | x2...
1 +1.357521642e+01 +1.357521642e+01 +1.013575216e+03 +1.013575216e+03 +0.0000e+00 +0.0000e+00 +0.0000e+00 +0.0000e+00 +0.0000e+00
5 +1.242339500e+01 +1.242339500e+01 +1.012423395e+03 +1.012423395e+03 -8.5999e-02 -2.3996e-02 -3.1144e-02 -2.4808e-01 -1.9711e+00
8 +1.102712839e+01 +1.102712839e+01 +1.011027128e+03 +1.011027128e+03 +1.7107e-01 -1.7776e-01 -2.0835e+00 -1.4776e+00 -1.5470e-02
13 +1.055588372e+01 +1.055588372e+01 +1.010555884e+03 +1.010555884e+03 +1.2587e-01 +1.3027e+00 -2.8141e+00 -3.2314e+00 -7.2411e-02
17 +6.499900180e+00 +6.499900180e+00 +1.006499900e+03 +1.006499900e+03 +2.1669e+00 +4.8512e-02 -3.8352e+00 -1.5252e+00 -6.9995e-01
55 +4.412013432e+00 +4.412013432e+00 +1.004412013e+03 +1.004412013e+03 -1.0435e+00 -1.2927e+00 -6.2072e-01 +1.3165e+00 -1.1434e+00
104 +3.720909795e+00 +3.720909795e+00 +1.003720910e+03 +1.003720910e+03 -1.7872e-02 -4.9774e+00 +1.4748e-01 +1.1641e+00 -2.1017e+00
207 +2.904353384e+00 +2.904353384e+00 +1.002904353e+03 +1.002904353e+03 -2.5282e+00 -4.2669e-01 -2.0698e+00 +3.6904e+00 +2.8390e+00
399 +2.873448356e+00 +2.873448356e+00 +1.002873448e+03 +1.002873448e+03 -2.0370e+00 -3.7678e+00 -4.7708e+00 +3.3679e+00 +1.5972e+00
1405 +1.375859484e+00 +1.375859484e+00 +1.001375859e+03 +1.001375859e+03 -4.0657e-01 +8.6790e-01 -1.9936e+00 +2.7874e+00 +4.5020e+00
15675 +1.317212125e+00 +1.317212125e+00 +1.001317212e+03 +1.001317212e+03 -3.2371e-01 +1.6014e+00 -1.3061e+00 +2.3802e+00 -1.1636e+00
16038 +1.253695151e+00 +1.253695151e+00 +1.001253695e+03 +1.001253695e+03 +4.0710e+00 +3.8273e+00 -7.8904e-01 +5.2353e-01 -4.2826e+00
41988 +1.034429494e+00 +1.034429494e+00 +1.001034429e+03 +1.001034429e+03 -2.5243e+00 +1.3169e-01 +5.0945e+00 -3.3245e+00 +1.1066e+00
47733 +1.009961051e+00 +1.009961051e+00 +1.001009961e+03 +1.001009961e+03 -3.9156e+00 +1.3932e+00 +3.8817e+00 -1.5546e+00 +9.3828e-01
47788 +6.757390693e-01 +6.757390693e-01 +1.000675739e+03 +1.000675739e+03 -3.9274e+00 +1.4126e+00 +3.8816e+00 -1.5641e+00 +8.9452e-01
47960 +4.238055065e-01 +4.238055065e-01 +1.000423806e+03 +1.000423806e+03 -3.9224e+00 +1.3894e+00 +3.8798e+00 -1.5566e+00 +9.5418e-01
48479 +3.276847392e-01 +3.276847392e-01 +1.000327685e+03 +1.000327685e+03 -3.9111e+00 +1.4131e+00 +3.8848e+00 -1.5511e+00 +9.1059e-01
48806 +2.877117109e-01 +2.877117109e-01 +1.000287712e+03 +1.000287712e+03 -3.9198e+00 +1.4165e+00 +3.8828e+00 -1.5579e+00 +8.9596e-01
48814 +1.510510559e-01 +1.510510559e-01 +1.000151051e+03 +1.000151051e+03 -3.9197e+00 +1.4126e+00 +3.8828e+00 -1.5567e+00 +9.0349e-01
49768 +1.273523972e-01 +1.273523972e-01 +1.000127352e+03 +1.000127352e+03 -3.9184e+00 +1.4120e+00 +3.8827e+00 -1.5559e+00 +9.0547e-01
50179 +9.370210499e-02 +9.370210499e-02 +1.000093702e+03 +1.000093702e+03 -3.9211e+00 +1.4091e+00 +3.8823e+00 -1.5560e+00 +9.1308e-01
50262 +6.898958182e-02 +6.898958182e-02 +1.000068990e+03 +1.000068990e+03 -3.9194e+00 +1.4104e+00 +3.8825e+00 -1.5560e+00 +9.0978e-01
50675 +6.324257189e-02 +6.324257189e-02 +1.000063243e+03 +1.000063243e+03 -3.9197e+00 +1.4125e+00 +3.8829e+00 -1.5559e+00 +9.0489e-01
51583 +5.832582287e-02 +5.832582287e-02 +1.000058326e+03 +1.000058326e+03 -3.9194e+00 +1.4110e+00 +3.8827e+00 -1.5560e+00 +9.0855e-01
51618 +4.121901704e-02 +4.121901704e-02 +1.000041219e+03 +1.000041219e+03 -3.9194e+00 +1.4111e+00 +3.8827e+00 -1.5557e+00 +9.0844e-01
51727 +4.045469366e-02 +4.045469366e-02 +1.000040455e+03 +1.000040455e+03 -3.9196e+00 +1.4108e+00 +3.8826e+00 -1.5559e+00 +9.0880e-01
51845 +3.715331144e-02 +3.715331144e-02 +1.000037153e+03 +1.000037153e+03 -3.9195e+00 +1.4107e+00 +3.8826e+00 -1.5559e+00 +9.0914e-01
51995 +3.000409908e-02 +3.000409908e-02 +1.000030004e+03 +1.000030004e+03 -3.9195e+00 +1.4103e+00 +3.8826e+00 -1.5558e+00 +9.0997e-01
52262 +2.832279402e-02 +2.832279402e-02 +1.000028323e+03 +1.000028323e+03 -3.9192e+00 +1.4089e+00 +3.8825e+00 -1.5555e+00 +9.1363e-01
52336 +2.704107025e-02 +2.704107025e-02 +1.000027041e+03 +1.000027041e+03 -3.9197e+00 +1.4087e+00 +3.8824e+00 -1.5558e+00 +9.1392e-01
52345 +2.367529858e-02 +2.367529858e-02 +1.000023675e+03 +1.000023675e+03 -3.9195e+00 +1.4085e+00 +3.8824e+00 -1.5557e+00 +9.1420e-01
52425 +1.674155569e-02 +1.674155569e-02 +1.000016742e+03 +1.000016742e+03 -3.9194e+00 +1.4088e+00 +3.8824e+00 -1.5559e+00 +9.1339e-01
52567 +1.487288303e-02 +1.487288303e-02 +1.000014873e+03 +1.000014873e+03 -3.9194e+00 +1.4090e+00 +3.8824e+00 -1.5558e+00 +9.1320e-01
52643 +1.202429667e-02 +1.202429667e-02 +1.000012024e+03 +1.000012024e+03 -3.9193e+00 +1.4090e+00 +3.8825e+00 -1.5558e+00 +9.1316e-01
52863 +1.045848139e-02 +1.045848139e-02 +1.000010458e+03 +1.000010458e+03 -3.9195e+00 +1.4091e+00 +3.8825e+00 -1.5558e+00 +9.1278e-01
53206 +8.838085054e-03 +8.838085054e-03 +1.000008838e+03 +1.000008838e+03 -3.9196e+00 +1.4090e+00 +3.8824e+00 -1.5558e+00 +9.1313e-01
53328 +7.415244931e-03 +7.415244931e-03 +1.000007415e+03 +1.000007415e+03 -3.9195e+00 +1.4089e+00 +3.8824e+00 -1.5558e+00 +9.1330e-01
53441 +5.855340009e-03 +5.855340009e-03 +1.000005855e+03 +1.000005855e+03 -3.9195e+00 +1.4090e+00 +3.8825e+00 -1.5558e+00 +9.1297e-01
53490 +4.499181259e-03 +4.499181259e-03 +1.000004499e+03 +1.000004499e+03 -3.9195e+00 +1.4090e+00 +3.8824e+00 -1.5558e+00 +9.1314e-01
53610 +3.994617106e-03 +3.994617106e-03 +1.000003995e+03 +1.000003995e+03 -3.9195e+00 +1.4089e+00 +3.8824e+00 -1.5558e+00 +9.1334e-01
53806 +3.664717352e-03 +3.664717352e-03 +1.000003665e+03 +1.000003665e+03 -3.9195e+00 +1.4090e+00 +3.8824e+00 -1.5558e+00 +9.1304e-01
53910 +3.553392197e-03 +3.553392197e-03 +1.000003553e+03 +1.000003553e+03 -3.9195e+00 +1.4090e+00 +3.8825e+00 -1.5558e+00 +9.1311e-01
54028 +3.537877650e-03 +3.537877650e-03 +1.000003538e+03 +1.000003538e+03 -3.9195e+00 +1.4090e+00 +3.8824e+00 -1.5558e+00 +9.1302e-01
54043 +3.201374033e-03 +3.201374033e-03 +1.000003201e+03 +1.000003201e+03 -3.9195e+00 +1.4090e+00 +3.8824e+00 -1.5558e+00 +9.1305e-01
54060 +2.889453424e-03 +2.889453424e-03 +1.000002889e+03 +1.000002889e+03 -3.9195e+00 +1.4090e+00 +3.8824e+00 -1.5558e+00 +9.1306e-01
54064 +2.230380732e-03 +2.230380732e-03 +1.000002230e+03 +1.000002230e+03 -3.9195e+00 +1.4090e+00 +3.8824e+00 -1.5558e+00 +9.1310e-01
54279 +1.720036228e-03 +1.720036228e-03 +1.000001720e+03 +1.000001720e+03 -3.9195e+00 +1.4090e+00 +3.8824e+00 -1.5558e+00 +9.1304e-01
54394 +1.221547236e-03 +1.221547236e-03 +1.000001222e+03 +1.000001222e+03 -3.9195e+00 +1.4090e+00 +3.8824e+00 -1.5558e+00 +9.1310e-01
54492 +1.064565764e-03 +1.064565764e-03 +1.000001065e+03 +1.000001065e+03 -3.9195e+00 +1.4090e+00 +3.8824e+00 -1.5558e+00 +9.1309e-01
54712 +9.851159150e-04 +9.851159150e-04 +1.000000985e+03 +1.000000985e+03 -3.9195e+00 +1.4090e+00 +3.8824e+00 -1.5558e+00 +9.1307e-01
54833 +6.129365418e-04 +6.129365418e-04 +1.000000613e+03 +1.000000613e+03 -3.9195e+00 +1.4090e+00 +3.8824e+00 -1.5558e+00 +9.1307e-01
55493 +2.647018567e-04 +2.647018567e-04 +1.000000265e+03 +1.000000265e+03 -3.9195e+00 +1.4090e+00 +3.8824e+00 -1.5558e+00 +9.1307e-01
56061 +2.556973454e-04 +2.556973454e-04 +1.000000256e+03 +1.000000256e+03 -3.9195e+00 +1.4090e+00 +3.8824e+00 -1.5558e+00 +9.1307e-01
56174 +1.161095087e-04 +1.161095087e-04 +1.000000116e+03 +1.000000116e+03 -3.9195e+00 +1.4090e+00 +3.8824e+00 -1.5558e+00 +9.1307e-01
56788 +1.122348020e-04 +1.122348020e-04 +1.000000112e+03 +1.000000112e+03 -3.9195e+00 +1.4090e+00 +3.8824e+00 -1.5558e+00 +9.1307e-01
56821 +7.208819159e-05 +7.208819159e-05 +1.000000072e+03 +1.000000072e+03 -3.9195e+00 +1.4090e+00 +3.8824e+00 -1.5558e+00 +9.1307e-01
57353 +6.521605906e-05 +6.521605906e-05 +1.000000065e+03 +1.000000065e+03 -3.9195e+00 +1.4090e+00 +3.8824e+00 -1.5558e+00 +9.1307e-01
57608 +5.343440307e-05 +5.343440307e-05 +1.000000053e+03 +1.000000053e+03 -3.9195e+00 +1.4090e+00 +3.8824e+00 -1.5558e+00 +9.1307e-01
57637 +3.475419282e-05 +3.475419282e-05 +1.000000035e+03 +1.000000035e+03 -3.9195e+00 +1.4090e+00 +3.8824e+00 -1.5558e+00 +9.1307e-01
58192 +3.387771221e-05 +3.387771221e-05 +1.000000034e+03 +1.000000034e+03 -3.9195e+00 +1.4090e+00 +3.8824e+00 -1.5558e+00 +9.1307e-01
58232 +3.055239472e-05 +3.055239472e-05 +1.000000031e+03 +1.000000031e+03 -3.9195e+00 +1.4090e+00 +3.8824e+00 -1.5558e+00 +9.1307e-01
58287 +2.084055359e-05 +2.084055359e-05 +1.000000021e+03 +1.000000021e+03 -3.9195e+00 +1.4090e+00 +3.8824e+00 -1.5558e+00 +9.1307e-01
58865 +1.711670836e-05 +1.711670836e-05 +1.000000017e+03 +1.000000017e+03 -3.9195e+00 +1.4090e+00 +3.8824e+00 -1.5558e+00 +9.1307e-01
59161 +1.304841487e-05 +1.304841487e-05 +1.000000013e+03 +1.000000013e+03 -3.9195e+00 +1.4090e+00 +3.8824e+00 -1.5558e+00 +9.1307e-01
59280 +1.283573590e-05 +1.283573590e-05 +1.000000013e+03 +1.000000013e+03 -3.9195e+00 +1.4090e+00 +3.8824e+00 -1.5558e+00 +9.1307e-01
59291 +1.183366157e-05 +1.183366157e-05 +1.000000012e+03 +1.000000012e+03 -3.9195e+00 +1.4090e+00 +3.8824e+00 -1.5558e+00 +9.1307e-01
59457 +1.140181098e-05 +1.140181098e-05 +1.000000011e+03 +1.000000011e+03 -3.9195e+00 +1.4090e+00 +3.8824e+00 -1.5558e+00 +9.1307e-01
59460 +6.342789902e-06 +6.342789902e-06 +1.000000006e+03 +1.000000006e+03 -3.9195e+00 +1.4090e+00 +3.8824e+00 -1.5558e+00 +9.1307e-01
59649 +5.953413165e-06 +5.953413165e-06 +1.000000006e+03 +1.000000006e+03 -3.9195e+00 +1.4090e+00 +3.8824e+00 -1.5558e+00 +9.1307e-01
60234 +5.713288147e-06 +5.713288147e-06 +1.000000006e+03 +1.000000006e+03 -3.9195e+00 +1.4090e+00 +3.8824e+00 -1.5558e+00 +9.1307e-01
60272 +5.531159445e-06 +5.531159445e-06 +1.000000006e+03 +1.000000006e+03 -3.9195e+00 +1.4090e+00 +3.8824e+00 -1.5558e+00 +9.1307e-01
60320 +4.989915624e-06 +4.989915624e-06 +1.000000005e+03 +1.000000005e+03 -3.9195e+00 +1.4090e+00 +3.8824e+00 -1.5558e+00 +9.1307e-01
60385 +4.342654165e-06 +4.342654165e-06 +1.000000004e+03 +1.000000004e+03 -3.9195e+00 +1.4090e+00 +3.8824e+00 -1.5558e+00 +9.1307e-01
60601 +3.104160101e-06 +3.104160101e-06 +1.000000003e+03 +1.000000003e+03 -3.9195e+00 +1.4090e+00 +3.8824e+00 -1.5558e+00 +9.1307e-01
60805 +2.595368301e-06 +2.595368301e-06 +1.000000003e+03 +1.000000003e+03 -3.9195e+00 +1.4090e+00 +3.8824e+00 -1.5558e+00 +9.1307e-01
60924 +1.304533157e-06 +1.304533157e-06 +1.000000001e+03 +1.000000001e+03 -3.9195e+00 +1.4090e+00 +3.8824e+00 -1.5558e+00 +9.1307e-01
61358 +1.229937425e-06 +1.229937425e-06 +1.000000001e+03 +1.000000001e+03 -3.9195e+00 +1.4090e+00 +3.8824e+00 -1.5558e+00 +9.1307e-01
61495 +9.736064612e-07 +9.736064612e-07 +1.000000001e+03 +1.000000001e+03 -3.9195e+00 +1.4090e+00 +3.8824e+00 -1.5558e+00 +9.1307e-01
61727 +5.199508450e-07 +5.199508450e-07 +1.000000001e+03 +1.000000001e+03 -3.9195e+00 +1.4090e+00 +3.8824e+00 -1.5558e+00 +9.1307e-01
62426 +4.542617944e-07 +4.542617944e-07 +1.000000000e+03 +1.000000000e+03 -3.9195e+00 +1.4090e+00 +3.8824e+00 -1.5558e+00 +9.1307e-01
62495 +4.082506848e-07 +4.082506848e-07 +1.000000000e+03 +1.000000000e+03 -3.9195e+00 +1.4090e+00 +3.8824e+00 -1.5558e+00 +9.1307e-01
62720 +2.761802307e-07 +2.761802307e-07 +1.000000000e+03 +1.000000000e+03 -3.9195e+00 +1.4090e+00 +3.8824e+00 -1.5558e+00 +9.1307e-01
62959 +2.557961807e-07 +2.557961807e-07 +1.000000000e+03 +1.000000000e+03 -3.9195e+00 +1.4090e+00 +3.8824e+00 -1.5558e+00 +9.1307e-01
63169 +2.341682830e-07 +2.341682830e-07 +1.000000000e+03 +1.000000000e+03 -3.9195e+00 +1.4090e+00 +3.8824e+00 -1.5558e+00 +9.1307e-01
63182 +2.009378477e-07 +2.009378477e-07 +1.000000000e+03 +1.000000000e+03 -3.9195e+00 +1.4090e+00 +3.8824e+00 -1.5558e+00 +9.1307e-01
63272 +1.866458206e-07 +1.866458206e-07 +1.000000000e+03 +1.000000000e+03 -3.9195e+00 +1.4090e+00 +3.8824e+00 -1.5558e+00 +9.1307e-01
63333 +1.660542921e-07 +1.660542921e-07 +1.000000000e+03 +1.000000000e+03 -3.9195e+00 +1.4090e+00 +3.8824e+00 -1.5558e+00 +9.1307e-01
63346 +1.603265218e-07 +1.603265218e-07 +1.000000000e+03 +1.000000000e+03 -3.9195e+00 +1.4090e+00 +3.8824e+00 -1.5558e+00 +9.1307e-01
63363 +1.343673830e-07 +1.343673830e-07 +1.000000000e+03 +1.000000000e+03 -3.9195e+00 +1.4090e+00 +3.8824e+00 -1.5558e+00 +9.1307e-01
63377 +8.287361197e-08 +8.287361197e-08 +1.000000000e+03 +1.000000000e+03 -3.9195e+00 +1.4090e+00 +3.8824e+00 -1.5558e+00 +9.1307e-01
63992 +7.930407264e-08 +7.930407264e-08 +1.000000000e+03 +1.000000000e+03 -3.9195e+00 +1.4090e+00 +3.8824e+00 -1.5558e+00 +9.1307e-01
64108 +7.725532214e-08 +7.725532214e-08 +1.000000000e+03 +1.000000000e+03 -3.9195e+00 +1.4090e+00 +3.8824e+00 -1.5558e+00 +9.1307e-01
64500 +7.550681858e-08 +7.550681858e-08 +1.000000000e+03 +1.000000000e+03 -3.9195e+00 +1.4090e+00 +3.8824e+00 -1.5558e+00 +9.1307e-01
64521 +6.062020930e-08 +6.062020930e-08 +1.000000000e+03 +1.000000000e+03 -3.9195e+00 +1.4090e+00 +3.8824e+00 -1.5558e+00 +9.1307e-01
64533 +5.350921128e-08 +5.350921128e-08 +1.000000000e+03 +1.000000000e+03 -3.9195e+00 +1.4090e+00 +3.8824e+00 -1.5558e+00 +9.1307e-01
64537 +4.900152817e-08 +4.900152817e-08 +1.000000000e+03 +1.000000000e+03 -3.9195e+00 +1.4090e+00 +3.8824e+00 -1.5558e+00 +9.1307e-01
64540 +3.636853307e-08 +3.636853307e-08 +1.000000000e+03 +1.000000000e+03 -3.9195e+00 +1.4090e+00 +3.8824e+00 -1.5558e+00 +9.1307e-01
65088 +3.066827503e-08 +3.066827503e-08 +1.000000000e+03 +1.000000000e+03 -3.9195e+00 +1.4090e+00 +3.8824e+00 -1.5558e+00 +9.1307e-01
65264 +2.602803306e-08 +2.602803306e-08 +1.000000000e+03 +1.000000000e+03 -3.9195e+00 +1.4090e+00 +3.8824e+00 -1.5558e+00 +9.1307e-01
65325 +1.894898105e-08 +1.894898105e-08 +1.000000000e+03 +1.000000000e+03 -3.9195e+00 +1.4090e+00 +3.8824e+00 -1.5558e+00 +9.1307e-01
65366 +1.580053777e-08 +1.580053777e-08 +1.000000000e+03 +1.000000000e+03 -3.9195e+00 +1.4090e+00 +3.8824e+00 -1.5558e+00 +9.1307e-01
65678 +1.276350758e-08 +1.276350758e-08 +1.000000000e+03 +1.000000000e+03 -3.9195e+00 +1.4090e+00 +3.8824e+00 -1.5558e+00 +9.1307e-01
65933 +1.105627234e-08 +1.105627234e-08 +1.000000000e+03 +1.000000000e+03 -3.9195e+00 +1.4090e+00 +3.8824e+00 -1.5558e+00 +9.1307e-01
65990 +8.346205504e-09 +8.346205504e-09 +1.000000000e+03 +1.000000000e+03 -3.9195e+00 +1.4090e+00 +3.8824e+00 -1.5558e+00 +9.1307e-01
75955 +0.000000000e+00 +0.000000000e+00 +1.000000000e+03 +1.000000000e+03 -3.9195e+00 +1.4090e+00 +3.8824e+00 -1.5558e+00 +9.1307e-01
% function evaluation | noise-free fitness - Fopt (-4.456000000000e+01) | best noise-free fitness - Fopt | measured fitness | best measured fitness | x1 | x2...
1 +1.282108022e+01 +1.282108022e+01 -3.173891978e+01 -3.173891978e+01 +0.0000e+00 +0.0000e+00 +0.0000e+00 +0.0000e+00 +0.0000e+00
4 +7.586099823e+00 +7.586099823e+00 -3.697390018e+01 -3.697390018e+01 -2.5010e+00 +1.3672e+00 -3.3806e+00 -1.1982e+00 -4.2891e+00
14 +6.497425192e+00 +6.497425192e+00 -3.806257481e+01 -3.806257481e+01 -1.9208e+00 +2.0218e+00 -3.9835e+00 -2.2174e+00 -5.8169e+00
26 +5.198924978e+00 +5.198924978e+00 -3.936107502e+01 -3.936107502e+01 -3.6684e+00 +2.8760e+00 -3.9107e+00 -2.1911e+00 -6.2942e+00
52 +4.164060067e+00 +4.164060067e+00 -4.039593993e+01 -4.039593993e+01 -5.9763e+00 +2.9240e+00 -5.6652e-01 +6.7048e-01 -5.7974e+00
158 +3.979960272e+00 +3.979960272e+00 -4.058003973e+01 -4.058003973e+01 -2.6514e+00 +3.6751e+00 -1.5882e+00 +2.8508e+00 +2.0377e+00
412 +3.846903724e+00 +3.846903724e+00 -4.071309628e+01 -4.071309628e+01 -1.0398e+00 +5.2094e+00 +2.4901e+00 +1.2923e+00 +3.0950e+00
539 +2.995523702e+00 +2.995523702e+00 -4.156447630e+01 -4.156447630e+01 +3.5090e-01 +4.5243e+00 +4.0167e+00 +7.0047e-01 +1.0056e+00
1068 +2.119882025e+00 +2.119882025e+00 -4.244011797e+01 -4.244011797e+01 +2.7648e+00 +5.0360e+00 +3.4191e+00 -2.7053e+00 +6.1823e-01
2903 +1.357784035e+00 +1.357784035e+00 -4.320221596e+01 -4.320221596e+01 +3.4795e+00 +4.1195e+00 -2.1330e+00 +1.0074e+00 -2.0959e+00
8412 +1.083012115e+00 +1.083012115e+00 -4.347698788e+01 -4.347698788e+01 +1.6107e+00 -5.3690e+00 +7.6797e-01 -4.4947e+00 +3.1291e+00
32727 +1.013557784e+00 +1.013557784e+00 -4.354644222e+01 -4.354644222e+01 +5.4289e+00 -5.1158e+00 +5.7131e+00 +4.0291e+00 +1.6570e+00
32738 +9.966160405e-01 +9.966160405e-01 -4.356338396e+01 -4.356338396e+01 +5.4266e+00 -5.1132e+00 +5.7170e+00 +4.0288e+00 +1.6580e+00
32814 +9.667612957e-01 +9.667612957e-01 -4.359323870e+01 -4.359323870e+01 +5.4289e+00 -5.1153e+00 +5.7127e+00 +4.0315e+00 +1.6555e+00
33018 +9.234902798e-01 +9.234902798e-01 -4.363650972e+01 -4.363650972e+01 +5.4237e+00 -5.1010e+00 +5.7259e+00 +4.0301e+00 +1.6640e+00
33599 +8.963246899e-01 +8.963246899e-01 -4.366367531e+01 -4.366367531e+01 +5.4249e+00 -5.1168e+00 +5.7161e+00 +4.0286e+00 +1.6572e+00
33821 +8.652469722e-01 +8.652469722e-01 -4.369475303e+01 -4.369475303e+01 +5.4288e+00 -5.1172e+00 +5.7120e+00 +4.0306e+00 +1.6562e+00
33934 +8.178157515e-01 +8.178157515e-01 -4.374218425e+01 -4.374218425e+01 +5.4286e+00 -5.1163e+00 +5.7132e+00 +4.0319e+00 +1.6569e+00
34406 +8.026089448e-01 +8.026089448e-01 -4.375739106e+01 -4.375739106e+01 +5.4279e+00 -5.1133e+00 +5.7147e+00 +4.0309e+00 +1.6584e+00
34413 +7.542769227e-01 +7.542769227e-01 -4.380572308e+01 -4.380572308e+01 +5.4269e+00 -5.1146e+00 +5.7155e+00 +4.0299e+00 +1.6580e+00
34754 +7.410791035e-01 +7.410791035e-01 -4.381892090e+01 -4.381892090e+01 +5.4273e+00 -5.1151e+00 +5.7150e+00 +4.0307e+00 +1.6574e+00
35364 +7.217377014e-01 +7.217377014e-01 -4.383826230e+01 -4.383826230e+01 +5.4271e+00 -5.1144e+00 +5.7156e+00 +4.0307e+00 +1.6578e+00
40661 +7.079281425e-01 +7.079281425e-01 -4.385207186e+01 -4.385207186e+01 +5.4271e+00 -5.1141e+00 +5.7158e+00 +4.0307e+00 +1.6579e+00
% function evaluation | noise-free fitness - Fopt (6.442000000000e+01) | best noise-free fitness - Fopt | measured fitness | best measured fitness | x1 | x2...
1 +2.093368212e+01 +2.093368212e+01 +8.535368212e+01 +8.535368212e+01 +0.0000e+00 +0.0000e+00 +0.0000e+00 +0.0000e+00 +0.0000e+00
2 +1.916409499e+01 +1.916409499e+01 +8.358409499e+01 +8.358409499e+01 -5.3784e+00 +5.1953e-02 +3.0239e+00 +6.2274e-01 -4.7334e+00
7 +8.535902323e+00 +8.535902323e+00 +7.295590232e+01 +7.295590232e+01 +1.7219e+00 +8.2371e-01 -3.8653e-01 -2.0837e+00 +4.0444e+00
14 +8.368920923e+00 +8.368920923e+00 +7.278892092e+01 +7.278892092e+01 +3.2908e-01 +4.2370e-01 -7.5133e-02 -3.2757e+00 +5.0081e+00
19 +7.382301057e+00 +7.382301057e+00 +7.180230106e+01 +7.180230106e+01 -5.1184e-01 +1.2853e+00 -5.1202e-01 -1.0028e+00 +2.8019e+00
24 +4.303426793e+00 +4.303426793e+00 +6.872342679e+01 +6.872342679e+01 -1.1829e+00 +1.0523e+00 -5.5893e-01 -2.0984e+00 +2.7043e+00
321 +4.147815477e+00 +4.147815477e+00 +6.856781548e+01 +6.856781548e+01 +1.5719e+00 -4.5571e+00 +2.9436e+00 -5.0274e+00 +6.6168e-01
424 +4.032193615e+00 +4.032193615e+00 +6.845219361e+01 +6.845219361e+01 +5.7497e+00 -1.3487e+00 +2.6810e+00 -2.3041e+00 +3.3467e+00
687 +3.452939237e+00 +3.452939237e+00 +6.787293924e+01 +6.787293924e+01 +3.6306e+00 -3.7028e+00 +4.8378e+00 -3.6835e+00 +5.0749e+00
1038 +2.120495960e+00 +2.120495960e+00 +6.654049596e+01 +6.654049596e+01 +2.7422e+00 +4.8917e-01 +1.5826e+00 -7.8254e-01 -3.1497e+00
1079 +2.022873649e+00 +2.022873649e+00 +6.644287365e+01 +6.644287365e+01 +3.1650e+00 +1.8901e-01 +2.4973e+00 -4.3866e+00 -2.9121e+00
5286 +1.783774378e+00 +1.783774378e+00 +6.620377438e+01 +6.620377438e+01 +4.1372e+00 -4.1523e+00 +5.1424e+00 +5.1453e+00 -2.5904e-01
9170 +1.233649136e+00 +1.233649136e+00 +6.565364914e+01 +6.565364914e+01 -3.5795e+00 -2.2728e+00 +3.0341e+00 -2.2414e+00 -5.6058e+00
% function evaluation | noise-free fitness - Fopt (7.514000000000e+01) | best noise-free fitness - Fopt | measured fitness | best measured fitness | x1 | x2...
1 +8.839774826e+00 +8.839774826e+00 +8.397977483e+01 +8.397977483e+01 +0.0000e+00 +0.0000e+00 +0.0000e+00 +0.0000e+00 +0.0000e+00
14 +3.305205630e+00 +3.305205630e+00 +7.844520563e+01 +7.844520563e+01 -4.2243e-01 -2.0902e-01 +1.3213e+00 -4.8417e+00 -4.3996e+00
154 +2.718949412e+00 +2.718949412e+00 +7.785894941e+01 +7.785894941e+01 +1.1921e+00 -2.8691e+00 -1.8326e-01 -3.5888e+00 +1.0536e+00
389 +1.873020647e+00 +1.873020647e+00 +7.701302065e+01 +7.701302065e+01 -5.4208e-01 +2.5099e+00 +2.1919e+00 -2.5789e+00 +2.9611e+00
1257 +1.408125761e+00 +1.408125761e+00 +7.654812576e+01 +7.654812576e+01 -3.4086e+00 +5.9110e-01 -1.4179e+00 -1.9794e-01 -4.0071e+00
27349 +8.256965489e-01 +8.256965489e-01 +7.596569655e+01 +7.596569655e+01 +3.1651e+00 -5.2011e+00 +1.0318e+00 -4.4464e+00 -2.2399e+00
57494 +7.776166644e-01 +7.776166644e-01 +7.591761666e+01 +7.591761666e+01 -3.1323e-01 -2.5639e+00 +5.6088e+00 +5.0742e+00 -3.7363e+00
57523 +7.065141510e-01 +7.065141510e-01 +7.584651415e+01 +7.584651415e+01 -3.1122e-01 -2.5603e+00 +5.6093e+00 +5.0717e+00 -3.7356e+00
58142 +6.348864635e-01 +6.348864635e-01 +7.577488646e+01 +7.577488646e+01 -3.1408e-01 -2.5529e+00 +5.6105e+00 +5.0674e+00 -3.7401e+00
58179 +6.286092113e-01 +6.286092113e-01 +7.576860921e+01 +7.576860921e+01 -3.0969e-01 -2.5568e+00 +5.6095e+00 +5.0687e+00 -3.7369e+00
58716 +6.126062960e-01 +6.126062960e-01 +7.575260630e+01 +7.575260630e+01 -3.0635e-01 -2.5721e+00 +5.6070e+00 +5.0799e+00 -3.7288e+00
59263 +5.788989841e-01 +5.788989841e-01 +7.571889898e+01 +7.571889898e+01 -3.0825e-01 -2.5702e+00 +5.6075e+00 +5.0781e+00 -3.7314e+00
59300 +5.726240013e-01 +5.726240013e-01 +7.571262400e+01 +7.571262400e+01 -3.0796e-01 -2.5700e+00 +5.6073e+00 +5.0779e+00 -3.7321e+00
59421 +5.328992773e-01 +5.328992773e-01 +7.567289928e+01 +7.567289928e+01 -3.0921e-01 -2.5690e+00 +5.6077e+00 +5.0779e+00 -3.7327e+00
60238 +5.219933230e-01 +5.219933230e-01 +7.566199332e+01 +7.566199332e+01 -3.0895e-01 -2.5697e+00 +5.6076e+00 +5.0785e+00 -3.7319e+00
60498 +5.050461234e-01 +5.050461234e-01 +7.564504612e+01 +7.564504612e+01 -3.0854e-01 -2.5703e+00 +5.6075e+00 +5.0788e+00 -3.7316e+00
61225 +4.965415054e-01 +4.965415054e-01 +7.563654151e+01 +7.563654151e+01 -3.0919e-01 -2.5693e+00 +5.6077e+00 +5.0782e+00 -3.7321e+00
% function evaluation | noise-free fitness - Fopt (1.042500000000e+02) | best noise-free fitness - Fopt | measured fitness | best measured fitness | x1 | x2...
1 +2.795346358e+01 +2.795346358e+01 +1.322034636e+02 +1.322034636e+02 +0.0000e+00 +0.0000e+00 +0.0000e+00 +0.0000e+00 +0.0000e+00
3 +9.646099064e+00 +9.646099064e+00 +1.138960991e+02 +1.138960991e+02 +1.3712e+00 +8.7252e-01 -1.8833e+00 -3.1391e+00 -2.4666e+00
10 +8.622433757e+00 +8.622433757e+00 +1.128724338e+02 +1.128724338e+02 +1.0483e-01 +4.6142e-01 -4.0580e+00 -2.5272e+00 -6.0479e+00
16 +2.787000366e+00 +2.787000366e+00 +1.070370004e+02 +1.070370004e+02 +4.7194e-01 +1.0070e+00 -3.9347e+00 -3.3245e+00 -4.8527e+00
1086 +2.528637862e+00 +2.528637862e+00 +1.067786379e+02 +1.067786379e+02 +3.0706e+00 +4.3213e+00 +2.7752e+00 -3.7584e+00 +3.7775e+00
1730 +2.304020561e+00 +2.304020561e+00 +1.065540206e+02 +1.065540206e+02 -3.0782e+00 +4.9206e+00 +1.5137e-01 -3.8939e+00 -1.1884e+00
1773 +1.976227474e+00 +1.976227474e+00 +1.062262275e+02 +1.062262275e+02 -1.1945e+00 +4.8888e+00 -2.4766e+00 -4.0251e+00 -2.4850e-01
3500 +1.705733926e+00 +1.705733926e+00 +1.059557339e+02 +1.059557339e+02 -2.3422e-01 +3.4733e+00 -3.5897e+00 -4.3555e+00 -9.6833e-01
7660 +1.175216980e+00 +1.175216980e+00 +1.054252170e+02 +1.054252170e+02 -5.0230e+00 +7.5206e-01 -3.1989e+00 -3.2810e+00 +2.3913e+00
20805 +1.174016477e+00 +1.174016477e+00 +1.054240165e+02 +1.054240165e+02 -1.2683e+00 -1.4791e-01 +3.2817e+00 +2.3182e+00 -5.0543e+00
47338 +1.032800506e+00 +1.032800506e+00 +1.052828005e+02 +1.052828005e+02 +2.2736e+00 -3.0016e+00 -5.5765e+00 -4.7616e-01 +2.7187e+00
51979 +1.008408658e+00 +1.008408658e+00 +1.052584087e+02 +1.052584087e+02 +1.1669e+00 -3.0116e+00 -5.0662e+00 -1.8431e+00 +3.9650e+00
52128 +7.107696528e-01 +7.107696528e-01 +1.049607697e+02 +1.049607697e+02 +1.1966e+00 -3.0349e+00 -5.0504e+00 -1.7777e+00 +3.9671e+00
53068 +5.530127870e-01 +5.530127870e-01 +1.048030128e+02 +1.048030128e+02 +1.1451e+00 -2.9958e+00 -5.0590e+00 -1.8977e+00 +3.9851e+00
53176 +5.374584952e-01 +5.374584952e-01 +1.047874585e+02 +1.047874585e+02 +1.1443e+00 -2.9980e+00 -5.0606e+00 -1.8997e+00 +3.9864e+00
53370 +3.900972545e-01 +3.900972545e-01 +1.046400973e+02 +1.046400973e+02 +1.1421e+00 -2.9970e+00 -5.0610e+00 -1.9090e+00 +3.9888e+00
53475 +3.813304956e-01 +3.813304956e-01 +1.046313305e+02 +1.046313305e+02 +1.1436e+00 -2.9967e+00 -5.0606e+00 -1.9058e+00 +3.9896e+00
53983 +3.638209663e-01 +3.638209663e-01 +1.046138210e+02 +1.046138210e+02 +1.1431e+00 -2.9969e+00 -5.0615e+00 -1.9100e+00 +3.9915e+00
53990 +3.355293194e-01 +3.355293194e-01 +1.045855293e+02 +1.045855293e+02 +1.1424e+00 -2.9973e+00 -5.0595e+00 -1.9125e+00 +3.9927e+00
54330 +3.160066720e-01 +3.160066720e-01 +1.045660067e+02 +1.045660067e+02 +1.1420e+00 -2.9963e+00 -5.0599e+00 -1.9106e+00 +3.9911e+00
54495 +2.926044306e-01 +2.926044306e-01 +1.045426044e+02 +1.045426044e+02 +1.1427e+00 -2.9969e+00 -5.0614e+00 -1.9105e+00 +3.9906e+00
54547 +2.752848941e-01 +2.752848941e-01 +1.045252849e+02 +1.045252849e+02 +1.1440e+00 -2.9978e+00 -5.0611e+00 -1.9060e+00 +3.9896e+00
54560 +2.577033947e-01 +2.577033947e-01 +1.045077034e+02 +1.045077034e+02 +1.1442e+00 -2.9979e+00 -5.0604e+00 -1.9055e+00 +3.9895e+00
54638 +2.422590251e-01 +2.422590251e-01 +1.044922590e+02 +1.044922590e+02 +1.1450e+00 -2.9984e+00 -5.0606e+00 -1.9027e+00 +3.9885e+00
55393 +2.175093826e-01 +2.175093826e-01 +1.044675094e+02 +1.044675094e+02 +1.1445e+00 -2.9979e+00 -5.0604e+00 -1.9050e+00 +3.9896e+00
55721 +2.026978370e-01 +2.026978370e-01 +1.044526978e+02 +1.044526978e+02 +1.1450e+00 -2.9980e+00 -5.0607e+00 -1.9040e+00 +3.9894e+00
56135 +1.964768909e-01 +1.964768909e-01 +1.044464769e+02 +1.044464769e+02 +1.1451e+00 -2.9981e+00 -5.0605e+00 -1.9033e+00 +3.9892e+00
56201 +1.872830367e-01 +1.872830367e-01 +1.044372830e+02 +1.044372830e+02 +1.1451e+00 -2.9981e+00 -5.0606e+00 -1.9033e+00 +3.9891e+00
56794 +1.859120410e-01 +1.859120410e-01 +1.044359120e+02 +1.044359120e+02 +1.1454e+00 -2.9983e+00 -5.0607e+00 -1.9025e+00 +3.9888e+00
56841 +1.795776984e-01 +1.795776984e-01 +1.044295777e+02 +1.044295777e+02 +1.1456e+00 -2.9984e+00 -5.0607e+00 -1.9021e+00 +3.9888e+00
56907 +1.773815056e-01 +1.773815056e-01 +1.044273815e+02 +1.044273815e+02 +1.1457e+00 -2.9984e+00 -5.0607e+00 -1.9020e+00 +3.9888e+00
57166 +1.735404270e-01 +1.735404270e-01 +1.044235404e+02 +1.044235404e+02 +1.1457e+00 -2.9984e+00 -5.0607e+00 -1.9018e+00 +3.9888e+00
58152 +1.690648898e-01 +1.690648898e-01 +1.044190649e+02 +1.044190649e+02 +1.1456e+00 -2.9984e+00 -5.0607e+00 -1.9020e+00 +3.9888e+00
% function evaluation | noise-free fitness - Fopt (-8.550000000000e+00) | best noise-free fitness - Fopt | measured fitness | best measured fitness | x1 | x2...
1 +2.174815949e+01 +2.174815949e+01 +1.319815949e+01 +1.319815949e+01 +0.0000e+00 +0.0000e+00 +0.0000e+00 +0.0000e+00 +0.0000e+00
2 +1.365593058e+01 +1.365593058e+01 +5.105930581e+00 +5.105930581e+00 +1.9162e+00 +5.8796e-01 -2.8085e-01 +1.8789e-01 +9.2025e-01
4 +1.165299769e+01 +1.165299769e+01 +3.102997692e+00 +3.102997692e+00 +1.4248e+00 +3.6051e-01 +1.2822e+00 +9.1943e-01 -7.5569e-01
10 +9.455358668e+00 +9.455358668e+00 +9.053586681e-01 +9.053586681e-01 +2.2299e+00 +1.3933e+00 -6.5576e-01 -2.2559e+00 -1.1810e-01
12 +5.456946932e+00 +5.456946932e+00 -3.093053068e+00 -3.093053068e+00 +3.6184e+00 +1.5583e+00 +3.7447e-02 -5.2889e+00 -1.6070e+00
60 +4.458832264e+00 +4.458832264e+00 -4.091167736e+00 -4.091167736e+00 -1.9370e-01 +3.4086e+00 -4.7203e+00 +3.1949e+00 +2.4106e+00
92 +4.206171522e+00 +4.206171522e+00 -4.343828478e+00 -4.343828478e+00 +5.4562e-01 +3.1705e-02 +2.8789e-01 +3.2001e+00 +1.1193e+00
110 +2.465495028e+00 +2.465495028e+00 -6.084504972e+00 -6.084504972e+00 +1.5163e+00 +9.5137e-01 +2.1904e+00 +3.7056e+00 +1.2062e+00
2559 +2.432239594e+00 +2.432239594e+00 -6.117760406e+00 -6.117760406e+00 -1.0298e+00 +2.4527e+00 -5.2779e+00 +3.8520e+00 -3.8764e+00
2577 +1.247562597e+00 +1.247562597e+00 -7.302437403e+00 -7.302437403e+00 -1.5550e+00 +1.4363e+00 -4.1635e+00 +4.7959e+00 -4.1044e+00
7414 +7.151270412e-01 +7.151270412e-01 -7.834872959e+00 -7.834872959e+00 +4.8425e+00 -4.5659e+00 +4.5102e+00 +2.7096e+00 -4.7852e+00
76560 +5.053356624e-01 +5.053356624e-01 -8.044664338e+00 -8.044664338e+00 +1.1687e+00 +1.9240e+00 -4.0539e+00 -4.5709e+00 +4.4950e+00
76597 +4.891444625e-01 +4.891444625e-01 -8.060855537e+00 -8.060855537e+00 +1.1645e+00 +1.9417e+00 -4.0538e+00 -4.5701e+00 +4.4936e+00
76764 +4.168723219e-01 +4.168723219e-01 -8.133127678e+00 -8.133127678e+00 +1.1707e+00 +1.9353e+00 -4.0464e+00 -4.5743e+00 +4.5006e+00
77072 +4.062226895e-01 +4.062226895e-01 -8.143777310e+00 -8.143777310e+00 +1.1701e+00 +1.9259e+00 -4.0495e+00 -4.5759e+00 +4.4962e+00
77088 +3.504537572e-01 +3.504537572e-01 -8.199546243e+00 -8.199546243e+00 +1.1703e+00 +1.9297e+00 -4.0488e+00 -4.5759e+00 +4.5018e+00
77227 +2.993815385e-01 +2.993815385e-01 -8.250618461e+00 -8.250618461e+00 +1.1621e+00 +1.9390e+00 -4.0542e+00 -4.5739e+00 +4.4911e+00
77234 +2.701723273e-01 +2.701723273e-01 -8.279827673e+00 -8.279827673e+00 +1.1636e+00 +1.9391e+00 -4.0534e+00 -4.5721e+00 +4.4919e+00
77295 +2.639821593e-01 +2.639821593e-01 -8.286017841e+00 -8.286017841e+00 +1.1669e+00 +1.9292e+00 -4.0536e+00 -4.5702e+00 +4.4898e+00
77623 +2.531244990e-01 +2.531244990e-01 -8.296875501e+00 -8.296875501e+00 +1.1650e+00 +1.9267e+00 -4.0571e+00 -4.5658e+00 +4.4849e+00
77694 +2.400614112e-01 +2.400614112e-01 -8.309938589e+00 -8.309938589e+00 +1.1632e+00 +1.9352e+00 -4.0544e+00 -4.5712e+00 +4.4901e+00
77716 +2.368858630e-01 +2.368858630e-01 -8.313114137e+00 -8.313114137e+00 +1.1644e+00 +1.9326e+00 -4.0540e+00 -4.5712e+00 +4.4893e+00
77724 +2.326990145e-01 +2.326990145e-01 -8.317300985e+00 -8.317300985e+00 +1.1646e+00 +1.9294e+00 -4.0542e+00 -4.5745e+00 +4.4891e+00
77746 +1.897086389e-01 +1.897086389e-01 -8.360291361e+00 -8.360291361e+00 +1.1653e+00 +1.9332e+00 -4.0545e+00 -4.5691e+00 +4.4899e+00
77802 +1.224715126e-01 +1.224715126e-01 -8.427528487e+00 -8.427528487e+00 +1.1678e+00 +1.9316e+00 -4.0517e+00 -4.5709e+00 +4.4950e+00
77835 +7.629259178e-02 +7.629259178e-02 -8.473707408e+00 -8.473707408e+00 +1.1669e+00 +1.9322e+00 -4.0527e+00 -4.5712e+00 +4.4934e+00
78122 +5.632822505e-02 +5.632822505e-02 -8.493671775e+00 -8.493671775e+00 +1.1678e+00 +1.9323e+00 -4.0520e+00 -4.5706e+00 +4.4942e+00
78452 +5.487411590e-02 +5.487411590e-02 -8.495125884e+00 -8.495125884e+00 +1.1670e+00 +1.9322e+00 -4.0526e+00 -4.5709e+00 +4.4932e+00
78845 +3.690783188e-02 +3.690783188e-02 -8.513092168e+00 -8.513092168e+00 +1.1671e+00 +1.9322e+00 -4.0521e+00 -4.5717e+00 +4.4940e+00
78970 +1.447894277e-02 +1.447894277e-02 -8.535521057e+00 -8.535521057e+00 +1.1670e+00 +1.9320e+00 -4.0523e+00 -4.5713e+00 +4.4935e+00
80651 +1.398376296e-02 +1.398376296e-02 -8.536016237e+00 -8.536016237e+00 +1.1674e+00 +1.9319e+00 -4.0520e+00 -4.5715e+00 +4.4940e+00
80671 +1.279828093e-02 +1.279828093e-02 -8.537201719e+00 -8.537201719e+00 +1.1675e+00 +1.9319e+00 -4.0520e+00 -4.5713e+00 +4.4940e+00
80758 +9.571537921e-03 +9.571537921e-03 -8.540428462e+00 -8.540428462e+00 +1.1673e+00 +1.9320e+00 -4.0521e+00 -4.5715e+00 +4.4939e+00
80796 +3.607588468e-03 +3.607588468e-03 -8.546392412e+00 -8.546392412e+00 +1.1673e+00 +1.9320e+00 -4.0521e+00 -4.5714e+00 +4.4939e+00
81452 +2.753157596e-03 +2.753157596e-03 -8.547246842e+00 -8.547246842e+00 +1.1673e+00 +1.9320e+00 -4.0521e+00 -4.5714e+00 +4.4939e+00
81551 +2.340389234e-03 +2.340389234e-03 -8.547659611e+00 -8.547659611e+00 +1.1673e+00 +1.9320e+00 -4.0521e+00 -4.5714e+00 +4.4938e+00
81622 +1.302429057e-03 +1.302429057e-03 -8.548697571e+00 -8.548697571e+00 +1.1673e+00 +1.9320e+00 -4.0521e+00 -4.5714e+00 +4.4938e+00
82012 +1.178978849e-03 +1.178978849e-03 -8.548821021e+00 -8.548821021e+00 +1.1673e+00 +1.9320e+00 -4.0521e+00 -4.5714e+00 +4.4938e+00
82450 +8.671309890e-04 +8.671309890e-04 -8.549132869e+00 -8.549132869e+00 +1.1673e+00 +1.9320e+00 -4.0521e+00 -4.5714e+00 +4.4938e+00
82728 +6.526903416e-04 +6.526903416e-04 -8.549347310e+00 -8.549347310e+00 +1.1673e+00 +1.9320e+00 -4.0521e+00 -4.5714e+00 +4.4938e+00
82905 +5.823454463e-04 +5.823454463e-04 -8.549417655e+00 -8.549417655e+00 +1.1673e+00 +1.9320e+00 -4.0521e+00 -4.5714e+00 +4.4938e+00
83325 +5.030921698e-04 +5.030921698e-04 -8.549496908e+00 -8.549496908e+00 +1.1673e+00 +1.9320e+00 -4.0521e+00 -4.5714e+00 +4.4938e+00
83397 +3.010990259e-04 +3.010990259e-04 -8.549698901e+00 -8.549698901e+00 +1.1673e+00 +1.9320e+00 -4.0521e+00 -4.5714e+00 +4.4938e+00
83411 +1.801972870e-04 +1.801972870e-04 -8.549819803e+00 -8.549819803e+00 +1.1673e+00 +1.9320e+00 -4.0521e+00 -4.5714e+00 +4.4938e+00
84360 +1.316773455e-04 +1.316773455e-04 -8.549868323e+00 -8.549868323e+00 +1.1673e+00 +1.9320e+00 -4.0521e+00 -4.5714e+00 +4.4938e+00
84477 +8.779184951e-05 +8.779184951e-05 -8.549912208e+00 -8.549912208e+00 +1.1673e+00 +1.9320e+00 -4.0521e+00 -4.5714e+00 +4.4938e+00
85032 +8.655222772e-05 +8.655222772e-05 -8.549913448e+00 -8.549913448e+00 +1.1673e+00 +1.9320e+00 -4.0521e+00 -4.5714e+00 +4.4938e+00
85288 +5.652458805e-05 +5.652458805e-05 -8.549943475e+00 -8.549943475e+00 +1.1673e+00 +1.9320e+00 -4.0521e+00 -4.5714e+00 +4.4938e+00
85451 +4.925660427e-05 +4.925660427e-05 -8.549950743e+00 -8.549950743e+00 +1.1673e+00 +1.9320e+00 -4.0521e+00 -4.5714e+00 +4.4938e+00
85478 +4.498457657e-05 +4.498457657e-05 -8.549955015e+00 -8.549955015e+00 +1.1673e+00 +1.9320e+00 -4.0521e+00 -4.5714e+00 +4.4938e+00
85616 +4.354832898e-05 +4.354832898e-05 -8.549956452e+00 -8.549956452e+00 +1.1673e+00 +1.9320e+00 -4.0521e+00 -4.5714e+00 +4.4938e+00
85618 +4.186692428e-05 +4.186692428e-05 -8.549958133e+00 -8.549958133e+00 +1.1673e+00 +1.9320e+00 -4.0521e+00 -4.5714e+00 +4.4938e+00
85864 +3.153535468e-05 +3.153535468e-05 -8.549968465e+00 -8.549968465e+00 +1.1673e+00 +1.9320e+00 -4.0521e+00 -4.5714e+00 +4.4938e+00
86322 +2.624614126e-05 +2.624614126e-05 -8.549973754e+00 -8.549973754e+00 +1.1673e+00 +1.9320e+00 -4.0521e+00 -4.5714e+00 +4.4938e+00
86502 +2.236943745e-05 +2.236943745e-05 -8.549977631e+00 -8.549977631e+00 +1.1673e+00 +1.9320e+00 -4.0521e+00 -4.5714e+00 +4.4938e+00
86541 +2.086805631e-05 +2.086805631e-05 -8.549979132e+00 -8.549979132e+00 +1.1673e+00 +1.9320e+00 -4.0521e+00 -4.5714e+00 +4.4938e+00
86542 +2.009705440e-05 +2.009705440e-05 -8.549979903e+00 -8.549979903e+00 +1.1673e+00 +1.9320e+00 -4.0521e+00 -4.5714e+00 +4.4938e+00
86547 +1.409607943e-05 +1.409607943e-05 -8.549985904e+00 -8.549985904e+00 +1.1673e+00 +1.9320e+00 -4.0521e+00 -4.5714e+00 +4.4938e+00
86865 +7.716295734e-06 +7.716295734e-06 -8.549992284e+00 -8.549992284e+00 +1.1673e+00 +1.9320e+00 -4.0521e+00 -4.5714e+00 +4.4938e+00
87399 +5.287217549e-06 +5.287217549e-06 -8.549994713e+00 -8.549994713e+00 +1.1673e+00 +1.9320e+00 -4.0521e+00 -4.5714e+00 +4.4938e+00
87681 +4.314098820e-06 +4.314098820e-06 -8.549995686e+00 -8.549995686e+00 +1.1673e+00 +1.9320e+00 -4.0521e+00 -4.5714e+00 +4.4938e+00
87873 +4.217219420e-06 +4.217219420e-06 -8.549995783e+00 -8.549995783e+00 +1.1673e+00 +1.9320e+00 -4.0521e+00 -4.5714e+00 +4.4938e+00
87876 +4.156281785e-06 +4.156281785e-06 -8.549995844e+00 -8.549995844e+00 +1.1673e+00 +1.9320e+00 -4.0521e+00 -4.5714e+00 +4.4938e+00
87914 +3.446027229e-06 +3.446027229e-06 -8.549996554e+00 -8.549996554e+00 +1.1673e+00 +1.9320e+00 -4.0521e+00 -4.5714e+00 +4.4938e+00
88248 +2.932747211e-06 +2.932747211e-06 -8.549997067e+00 -8.549997067e+00 +1.1673e+00 +1.9320e+00 -4.0521e+00 -4.5714e+00 +4.4938e+00
88498 +2.788408974e-06 +2.788408974e-06 -8.549997212e+00 -8.549997212e+00 +1.1673e+00 +1.9320e+00 -4.0521e+00 -4.5714e+00 +4.4938e+00
88688 +2.532549146e-06 +2.532549146e-06 -8.549997467e+00 -8.549997467e+00 +1.1673e+00 +1.9320e+00 -4.0521e+00 -4.5714e+00 +4.4938e+00
88753 +1.798319150e-06 +1.798319150e-06 -8.549998202e+00 -8.549998202e+00 +1.1673e+00 +1.9320e+00 -4.0521e+00 -4.5714e+00 +4.4938e+00
88889 +1.530482940e-06 +1.530482940e-06 -8.549998470e+00 -8.549998470e+00 +1.1673e+00 +1.9320e+00 -4.0521e+00 -4.5714e+00 +4.4938e+00
88979 +1.379657268e-06 +1.379657268e-06 -8.549998620e+00 -8.549998620e+00 +1.1673e+00 +1.9320e+00 -4.0521e+00 -4.5714e+00 +4.4938e+00
89016 +7.270517308e-07 +7.270517308e-07 -8.549999273e+00 -8.549999273e+00 +1.1673e+00 +1.9320e+00 -4.0521e+00 -4.5714e+00 +4.4938e+00
90123 +7.070348325e-07 +7.070348325e-07 -8.549999293e+00 -8.549999293e+00 +1.1673e+00 +1.9320e+00 -4.0521e+00 -4.5714e+00 +4.4938e+00
90191 +6.222074216e-07 +6.222074216e-07 -8.549999378e+00 -8.549999378e+00 +1.1673e+00 +1.9320e+00 -4.0521e+00 -4.5714e+00 +4.4938e+00
90319 +5.917323804e-07 +5.917323804e-07 -8.549999408e+00 -8.549999408e+00 +1.1673e+00 +1.9320e+00 -4.0521e+00 -4.5714e+00 +4.4938e+00
90329 +5.880107636e-07 +5.880107636e-07 -8.549999412e+00 -8.549999412e+00 +1.1673e+00 +1.9320e+00 -4.0521e+00 -4.5714e+00 +4.4938e+00
90352 +4.721631530e-07 +4.721631530e-07 -8.549999528e+00 -8.549999528e+00 +1.1673e+00 +1.9320e+00 -4.0521e+00 -4.5714e+00 +4.4938e+00
90614 +4.632622570e-07 +4.632622570e-07 -8.549999537e+00 -8.549999537e+00 +1.1673e+00 +1.9320e+00 -4.0521e+00 -4.5714e+00 +4.4938e+00
90627 +2.565619983e-07 +2.565619983e-07 -8.549999743e+00 -8.549999743e+00 +1.1673e+00 +1.9320e+00 -4.0521e+00 -4.5714e+00 +4.4938e+00
90652 +1.933002913e-07 +1.933002913e-07 -8.549999807e+00 -8.549999807e+00 +1.1673e+00 +1.9320e+00 -4.0521e+00 -4.5714e+00 +4.4938e+00
91300 +1.825728777e-07 +1.825728777e-07 -8.549999817e+00 -8.549999817e+00 +1.1673e+00 +1.9320e+00 -4.0521e+00 -4.5714e+00 +4.4938e+00
91372 +1.273197920e-07 +1.273197920e-07 -8.549999873e+00 -8.549999873e+00 +1.1673e+00 +1.9320e+00 -4.0521e+00 -4.5714e+00 +4.4938e+00
91659 +1.199314532e-07 +1.199314532e-07 -8.549999880e+00 -8.549999880e+00 +1.1673e+00 +1.9320e+00 -4.0521e+00 -4.5714e+00 +4.4938e+00
91694 +9.471123796e-08 +9.471123796e-08 -8.549999905e+00 -8.549999905e+00 +1.1673e+00 +1.9320e+00 -4.0521e+00 -4.5714e+00 +4.4938e+00
92056 +6.273856989e-08 +6.273856989e-08 -8.549999937e+00 -8.549999937e+00 +1.1673e+00 +1.9320e+00 -4.0521e+00 -4.5714e+00 +4.4938e+00
92202 +5.804188952e-08 +5.804188952e-08 -8.549999942e+00 -8.549999942e+00 +1.1673e+00 +1.9320e+00 -4.0521e+00 -4.5714e+00 +4.4938e+00
92331 +4.980407553e-08 +4.980407553e-08 -8.549999950e+00 -8.549999950e+00 +1.1673e+00 +1.9320e+00 -4.0521e+00 -4.5714e+00 +4.4938e+00
92389 +4.130993680e-08 +4.130993680e-08 -8.549999959e+00 -8.549999959e+00 +1.1673e+00 +1.9320e+00 -4.0521e+00 -4.5714e+00 +4.4938e+00
92718 +3.526961478e-08 +3.526961478e-08 -8.549999965e+00 -8.549999965e+00 +1.1673e+00 +1.9320e+00 -4.0521e+00 -4.5714e+00 +4.4938e+00
92792 +2.052520820e-08 +2.052520820e-08 -8.549999979e+00 -8.549999979e+00 +1.1673e+00 +1.9320e+00 -4.0521e+00 -4.5714e+00 +4.4938e+00
93897 +1.410378658e-08 +1.410378658e-08 -8.549999986e+00 -8.549999986e+00 +1.1673e+00 +1.9320e+00 -4.0521e+00 -4.5714e+00 +4.4938e+00
94030 +1.217255274e-08 +1.217255274e-08 -8.549999988e+00 -8.549999988e+00 +1.1673e+00 +1.9320e+00 -4.0521e+00 -4.5714e+00 +4.4938e+00
94165 +1.072793587e-08 +1.072793587e-08 -8.549999989e+00 -8.549999989e+00 +1.1673e+00 +1.9320e+00 -4.0521e+00 -4.5714e+00 +4.4938e+00
94199 +9.691047964e-09 +9.691047964e-09 -8.549999990e+00 -8.549999990e+00 +1.1673e+00 +1.9320e+00 -4.0521e+00 -4.5714e+00 +4.4938e+00
% function evaluation | noise-free fitness - Fopt (-1.014500000000e+02) | best noise-free fitness - Fopt | measured fitness | best measured fitness | x1 | x2...
1 +3.156872387e+01 +3.156872387e+01 -6.988127613e+01 -6.988127613e+01 +0.0000e+00 +0.0000e+00 +0.0000e+00 +0.0000e+00 +0.0000e+00
2 +2.847549513e+01 +2.847549513e+01 -7.297450487e+01 -7.297450487e+01 +1.0012e+00 -9.3339e-01 -2.3094e+00 -3.6563e-01 -2.9301e-01
3 +2.768414494e+01 +2.768414494e+01 -7.376585506e+01 -7.376585506e+01 +1.8350e+00 +1.4591e+00 +4.8385e+00 +6.3227e-01 -1.0054e+00
5 +1.598531237e+01 +1.598531237e+01 -8.546468763e+01 -8.546468763e+01 +7.9704e-01 -2.2796e+00 -6.4054e-01 -2.5299e+00 +1.5314e+00
9 +8.488014429e+00 +8.488014429e+00 -9.296198557e+01 -9.296198557e+01 +9.5675e-01 -1.2305e+00 -2.9808e+00 +6.0547e-01 -4.0417e-01
13 +7.777409656e+00 +7.777409656e+00 -9.367259034e+01 -9.367259034e+01 +1.0652e+00 +5.5902e-01 -3.2601e+00 +2.5893e+00 -2.1710e+00
14 +4.474615301e+00 +4.474615301e+00 -9.697538470e+01 -9.697538470e+01 +3.4244e+00 -1.2949e+00 -2.4857e+00 +4.8022e-02 -9.5715e-01
22 +3.238094229e+00 +3.238094229e+00 -9.821190577e+01 -9.821190577e+01 +3.1183e+00 -1.6466e+00 -5.3161e+00 -5.1053e-01 +2.1871e+00
299 +2.040169136e+00 +2.040169136e+00 -9.940983086e+01 -9.940983086e+01 +3.9195e+00 +1.4392e+00 +5.6587e+00 +1.4031e+00 -2.7134e+00
831 +1.830449586e+00 +1.830449586e+00 -9.961955041e+01 -9.961955041e+01 -5.3346e+00 +1.0562e+00 +2.6683e+00 +2.9531e+00 -2.8618e+00
1423 +7.089254466e-01 +7.089254466e-01 -1.007410746e+02 -1.007410746e+02 +5.3350e+00 +1.4336e-01 -5.0023e+00 +4.2829e+00 -4.7252e+00
