% function evaluation | noise-free fitness - Fopt (1.026100000000e+02) | best noise-free fitness - Fopt | measured fitness | best measured fitness | x1 | x2...
1 +3.131124616e+02 +3.131124616e+02 +4.157224616e+02 +4.157224616e+02 +0.0000e+00 +0.0000e+00 +0.0000e+00 +0.0000e+00 +0.0000e+00 +0.0000e+00 +0.0000e+00 +0.0000e+00 +0.0000e+00 +0.0000e+00 +0.0000e+00 +0.0000e+00 +0.0000e+00 +0.0000e+00 +0.0000e+00 +0.0000e+00 +0.0000e+00 +0.0000e+00 +0.0000e+00 +0.0000e+00
149 +2.969313744e+02 +2.969313744e+02 +3.995413744e+02 +3.995413744e+02 -3.2203e+00 -7.8410e-01 +1.2004e+00 +5.0889e-01 +1.3251e+00 +3.1477e+00 +1.4096e+00 +2.3473e+00 +9.8903e-01 -2.7984e-02 +1.2983e+00 +9.7367e-01 +4.7789e-01 +4.5769e-01 -1.5699e+00 +1.9216e+00 +2.4961e+00 +1.9947e+00 -1.9502e+00 -1.3782e+00
150 +2.789928134e+02 +2.789928134e+02 +3.816028134e+02 +3.816028134e+02 -1.2553e+00 -7.2629e-01 +1.8276e+00 +4.3627e-02 +6.5949e-01 +1.8558e+00 -2.4067e-01 +1.0811e+00 -5.1257e-01 +9.1586e-01 +5.6189e-01 +1.2459e+00 +9.8642e-01 +1.5071e-01 -9.1232e-01 +2.6626e+00 +2.0316e+00 +9.3784e-01 -1.2715e+00 +7.9589e-01
1174 +2.737408894e+02 +2.737408894e+02 +3.763508894e+02 +3.763508894e+02 -1.3898e+00 -3.1905e+00 -3.0915e-01 -2.2318e+00 +2.1834e+00 +1.1759e-01 +3.2130e-01 -5.1597e-01 +3.2994e+00 -1.6015e+00 +2.5751e+00 +1.8480e+00 +3.2106e+00 -2.0121e+00 +2.6784e+00 +1.7242e+00 +4.3578e-01 +4.6088e+00 -1.1329e+00 -4.6105e-01
1371 +2.518063894e+02 +2.518063894e+02 +3.544163894e+02 +3.544163894e+02 -8.4401e-01 -3.9640e+00 +5.5351e-01 -2.7370e+00 +1.5157e+00 +1.0573e+00 +6.8730e-01 +1.6210e+00 +2.3271e+00 +6.2998e-01 +8.1620e-01 -4.3987e-01 +1.3517e+00 -8.5030e-01 -6.4039e-01 +1.6220e+00 +2.0940e+00 +1.9213e+00 +7.1474e-01 -2.9703e-01
1658 +2.138341724e+02 +2.138341724e+02 +3.164441724e+02 +3.164441724e+02 -7.2035e-01 -3.2563e+00 +1.1421e-01 -6.4640e-01 +6.2578e-01 -4.9440e-01 +7.6139e-01 +2.0118e-01 +1.2061e+00 -8.2827e-01 +2.3866e-02 +2.4909e+00 +5.4836e-01 -2.0208e+00 +2.5997e-01 +1.4583e+00 +1.3864e+00 +1.6465e+00 -1.7062e+00 +7.7088e-02
2683 +1.911647345e+02 +1.911647345e+02 +2.937747345e+02 +2.937747345e+02 -1.9822e+00 -1.2660e+00 +8.0069e-01 -6.2560e-01 +2.8933e+00 +1.1916e+00 +1.8138e+00 -3.0069e-01 +8.6316e-01 -5.6873e-01 -3.1149e-01 +1.5227e+00 +1.3292e+00 -1.2851e+00 +7.0451e-01 +2.0673e+00 +1.1897e+00 +1.8425e+00 -3.6176e-01 +3.8439e-02
2967 +1.853459637e+02 +1.853459637e+02 +2.879559637e+02 +2.879559637e+02 -1.0754e+00 -3.0862e+00 +1.3854e+00 -2.9374e+00 +1.2385e+00 +9.5923e-01 +9.9816e-01 +1.5640e+00 +2.4230e+00 -7.8469e-01 +6.1467e-01 +1.6850e+00 -1.2574e-01 -2.7040e+00 +1.1186e+00 +3.0465e+00 +9.7744e-01 +2.9460e+00 -7.7823e-02 -1.4274e+00
6248 +1.616312918e+02 +1.616312918e+02 +2.642412918e+02 +2.642412918e+02 -1.2552e+00 -1.1390e+00 +1.0778e-01 -1.9383e+00 +1.0229e+00 +1.7795e+00 +1.6188e+00 +1.6117e+00 +9.0785e-01 -1.1625e+00 +3.5919e-01 +1.9853e-01 +3.0358e+00 -8.1226e-01 +1.4573e+00 +1.9243e+00 +2.1473e+00 +2.8387e-01 -1.9560e-01 +3.2313e-01
10378 +1.488912025e+02 +1.488912025e+02 +2.515012025e+02 +2.515012025e+02 -9.3037e-01 -1.0609e+00 +1.4820e+00 -8.7885e-01 +1.2486e+00 +2.5970e-01 -2.4102e-02 +1.1389e+00 +2.2244e+00 -1.7822e+00 +2.3762e+00 +6.1403e-01 +9.2729e-01 -1.3020e+00 +1.9834e+00 +1.2427e+00 +2.1024e+00 +1.7452e+00 -1.7504e+00 -1.7427e+00
11181 +1.285607910e+02 +1.285607910e+02 +2.311707910e+02 +2.311707910e+02 -2.7218e-01 -1.4582e+00 +1.5232e+00 -1.7089e+00 +1.3229e+00 +1.3695e+00 +5.3784e-01 +1.1509e+00 +2.4239e+00 -1.8926e+00 +1.1864e+00 +1.1010e+00 +8.8766e-01 -8.5373e-01 +9.4231e-01 +1.5861e+00 +2.2992e+00 +1.3315e+00 -9.7413e-01 -2.0130e+00
21772 +1.215401609e+02 +1.215401609e+02 +2.241501609e+02 +2.241501609e+02 -1.6621e+00 -1.0975e+00 +1.3889e+00 -1.6755e+00 +1.3299e+00 +3.0705e+00 +2.0646e-01 +5.6880e-01 +6.8030e-01 -5.8711e-01 +1.2823e+00 -7.0071e-01 +1.7708e+00 -1.2165e-01 +1.7541e+00 -4.3118e-02 +2.6025e+00 +3.6893e-01 -7.7678e-01 -1.9160e+00
% function evaluation | noise-free fitness - Fopt (9.330000000000e+01) | best noise-free fitness - Fopt | measured fitness | best measured fitness | x1 | x2...
1 +3.422558314e+02 +3.422558314e+02 +4.355558314e+02 +4.355558314e+02 +0.0000e+00 +0.0000e+00 +0.0000e+00 +0.0000e+00 +0.0000e+00 +0.0000e+00 +0.0000e+00 +0.0000e+00 +0.0000e+00 +0.0000e+00 +0.0000e+00 +0.0000e+00 +0.0000e+00 +0.0000e+00 +0.0000e+00 +0.0000e+00 +0.0000e+00 +0.0000e+00 +0.0000e+00 +0.0000e+00
13 +2.850815673e+02 +2.850815673e+02 +3.783815673e+02 +3.783815673e+02 -4.1837e-01 -2.1002e+00 +6.9637e-01 -2.8939e+00 -9.4134e-01 +1.1522e+00 +1.2010e+00 +1.1722e+00 -1.2469e-01 -2.3474e+00 +1.8898e+00 +7.3444e-01 -1.9205e+00 -3.6160e-01 +1.2031e+00 +2.5071e-01 +3.7953e-01 +2.6741e-01 -4.8477e-01 -6.0827e-01
355 +2.774620745e+02 +2.774620745e+02 +3.707620745e+02 +3.707620745e+02 +1.9938e+00 -3.9863e+00 -9.1575e-01 -7.9760e-01 -1.2926e+00 +1.6627e-01 -8.1274e-01 -9.7686e-01 -2.1904e+00 -1.4740e+00 -6.5162e-01 +3.5717e+00 +1.6301e+00 +1.0909e+00 -2.5009e+00 -3.3823e+00 +1.3653e+00 +1.8750e+00 +5.7391e-01 -3.3056e+00
440 +2.714030096e+02 +2.714030096e+02 +3.647030096e+02 +3.647030096e+02 +9.4504e-01 -3.9483e+00 -9.6538e-01 -1.0685e+00 -6.9269e-01 +5.9479e-01 -9.6352e-01 +2.9357e+00 -2.7364e+00 -2.8044e+00 +7.4309e-01 +2.3766e+00 +2.0760e+00 +1.2040e+00 -2.1435e+00 -1.2554e-01 -1.0423e+00 -1.9750e+00 +2.7061e-01 -2.9842e+00
464 +2.683693890e+02 +2.683693890e+02 +3.616693890e+02 +3.616693890e+02 +2.0720e+00 -1.5322e+00 -6.4589e-01 +4.4892e-01 -2.7712e+00 +6.5423e-01 +2.2142e-01 +3.5096e+00 -1.2293e+00 -1.6133e+00 +2.3094e+00 +1.1888e+00 +2.7185e+00 +4.7946e-01 -2.7144e+00 -1.9003e+00 -3.9959e-01 -2.1315e+00 +6.2232e-01 -2.9253e+00
1038 +2.512879257e+02 +2.512879257e+02 +3.445879257e+02 +3.445879257e+02 +1.5425e+00 -3.6479e+00 -1.4935e+00 -6.8261e-01 -8.9491e-01 +1.9446e+00 +4.5466e-01 +1.5303e+00 -3.8883e+00 +5.3351e-01 +2.1146e+00 +1.3112e+00 -7.5743e-01 +9.4289e-01 -2.7316e+00 -3.3768e+00 +8.3157e-01 +1.7783e+00 -1.0139e+00 -1.7302e+00
2290 +2.343737727e+02 +2.343737727e+02 +3.276737727e+02 +3.276737727e+02 +1.4777e+00 -3.9367e+00 -1.2464e+00 -2.3436e+00 -1.4320e-01 -7.6335e-02 -1.4756e+00 -8.0307e-02 -9.3125e-01 -1.3634e+00 +2.1755e+00 -4.7585e-01 +1.4618e+00 +6.2593e-01 -1.5999e+00 -1.3387e+00 -2.7374e+00 +7.1698e-01 -3.7567e+00 -1.8055e+00
3143 +2.248113532e+02 +2.248113532e+02 +3.181113532e+02 +3.181113532e+02 +1.3677e+00 -2.5903e+00 -1.4742e+00 -5.8952e-01 -9.0526e-01 +1.5555e+00 +4.7719e-01 +3.5200e-01 -2.7257e+00 -1.6159e+00 -1.4371e-01 +2.1634e+00 +1.5369e+00 +1.5790e+00 -1.7654e+00 +1.0418e+00 -9.4705e-01 +4.7828e-01 -3.4508e+00 -1.5024e+00
3748 +2.104947775e+02 +2.104947775e+02 +3.037947775e+02 +3.037947775e+02 -4.3849e-01 +7.5280e-01 +8.0001e-02 -2.0077e+00 +1.2258e+00 +6.4250e-01 -1.7266e-01 +2.5217e+00 -3.0252e+00 +4.1344e-01 +1.1263e+00 +1.4287e+00 +5.6184e-02 +9.2116e-01 -1.1997e+00 -1.2612e+00 -1.1860e+00 +2.4309e-01 -1.3034e+00 -2.4986e+00
4793 +2.067104034e+02 +2.067104034e+02 +3.000104034e+02 +3.000104034e+02 -2.9309e-01 -2.4051e+00 -1.1814e+00 -2.0502e+00 -9.6617e-01 +3.0002e-01 -8.2630e-01 -3.6271e-01 -1.1953e+00 +4.9723e-01 +8.6789e-01 +4.5500e-01 +3.8358e-01 -1.1507e-01 -2.5579e+00 +3.8297e-01 -2.0319e+00 +1.6681e+00 -1.0107e+00 -2.2364e+00
5224 +1.788551450e+02 +1.788551450e+02 +2.721551450e+02 +2.721551450e+02 +2.1912e+00 -1.6851e+00 -1.3357e+00 -2.1636e+00 -1.6080e+00 +3.4343e-01 -5.7163e-01 +2.7557e+00 -9.7766e-01 -3.1290e+00 +3.3336e+00 +1.6121e-01 +1.4538e+00 +8.9411e-01 -1.8234e+00 -5.2476e-01 -1.7330e+00 +2.2092e+00 -6.1055e-01 -1.9508e+00
5723 +1.753483613e+02 +1.753483613e+02 +2.686483613e+02 +2.686483613e+02 +8.6672e-01 -2.6615e+00 -1.2030e+00 -4.1368e-01 -1.6511e+00 +2.3611e+00 -2.6864e-01 +2.6710e+00 -2.7116e+00 -5.5709e-01 +1.0140e+00 +9.0025e-01 +2.6876e+00 +1.4232e+00 -2.2684e+00 -1.3572e+00 -3.0894e-01 +9.4718e-01 -9.2151e-01 -1.4889e+00
7215 +1.732628923e+02 +1.732628923e+02 +2.665628923e+02 +2.665628923e+02 +1.7298e+00 -1.9762e+00 -1.4716e+00 -1.8610e+00 -7.0968e-01 +7.4442e-01 -1.1675e+00 +5.5494e-01 -1.5250e+00 -3.1664e+00 +2.1198e+00 +2.1065e+00 +1.6207e+00 +2.6912e+00 -1.9467e+00 -1.8796e+00 -1.1968e+00 +1.7000e+00 -1.2924e+00 -1.0936e+00
7981 +1.630073973e+02 +1.630073973e+02 +2.563073973e+02 +2.563073973e+02 +1.9646e+00 -1.8744e+00 -1.4720e+00 -1.4213e+00 -1.1313e+00 +3.9208e-01 -6.5101e-01 +3.0296e+00 -1.4649e+00 -2.8038e+00 -3.6527e-01 +2.3503e+00 +1.4410e+00 +1.2087e+00 -1.2107e+00 -3.6063e-02 -1.6383e+00 +1.8909e+00 -2.5792e+00 -9.1929e-01
18784 +1.529283040e+02 +1.529283040e+02 +2.462283040e+02 +2.462283040e+02 +2.4193e+00 -8.8131e-01 -9.6672e-01 -2.2420e+00 -5.3668e-01 +4.3837e-01 -2.3382e+00 +1.1065e+00 +4.5819e-01 -1.8975e+00 +8.5119e-01 +2.5612e+00 +1.7791e+00 +1.0916e+00 -1.1077e+00 -1.5178e+00 -1.7924e+00 +1.2715e+00 -1.7483e+00 -5.4533e-01
24010 +1.499675113e+02 +1.499675113e+02 +2.432675113e+02 +2.432675113e+02 +1.6856e+00 -2.3002e+00 -1.7869e+00 -1.0171e+00 -2.9569e-01 +2.5024e+00 -1.8321e+00 +7.8817e-01 -2.2324e+00 -2.2869e+00 +1.1749e+00 +1.1323e+00 +1.5499e+00 +1.9385e+00 -1.0507e+00 -1.6019e+00 -1.7040e+00 +7.3576e-01 -2.4144e+00 -9.4807e-01
108419 +1.328626307e+02 +1.328626307e+02 +2.261626307e+02 +2.261626307e+02 -1.5787e+00 +5.8122e-01 +1.5095e+00 +5.3696e-01 +6.7827e-01 -2.2219e+00 +1.1922e+00 -1.6035e+00 +1.5383e+00 +9.4398e-01 -1.1730e+00 -1.4992e+00 -1.0916e+00 -1.2021e+00 +2.3876e+00 +8.0529e-01 +1.0382e+00 +5.0943e-01 +3.1106e+00 +1.3442e+00
139076 +1.302165433e+02 +1.302165433e+02 +2.235165433e+02 +2.235165433e+02 -7.0394e-01 +9.7061e-01 +3.3208e-01 +1.4178e+00 +1.0430e+00 -6.9715e-01 +3.9599e-01 -1.0917e+00 +2.7063e-01 +2.2931e+00 -1.4663e+00 -1.6484e+00 -1.2443e-01 -2.0550e-01 +1.0196e+00 +1.0689e+00 +1.1517e+00 -8.3559e-01 +1.5251e+00 +1.9072e+00
168970 +1.225147840e+02 +1.225147840e+02 +2.158147840e+02 +2.158147840e+02 -1.0531e+00 +2.2927e+00 -2.1689e-01 +1.5044e+00 +2.2548e+00 -1.1193e+00 +6.4156e-01 -6.3979e-01 +2.8232e+00 +8.9171e-01 -1.7365e+00 -2.5836e+00 -4.1701e-01 -7.4573e-01 +1.0337e+00 +1.6659e+00 +2.0569e+00 -4.2070e-01 +1.7035e+00 +1.5197e+00
175258 +1.075286723e+02 +1.075286723e+02 +2.008286723e+02 +2.008286723e+02 -1.1183e+00 +1.8379e+00 +1.1118e+00 +1.2884e+00 +1.5773e+00 -6.6513e-01 +6.1414e-01 -1.4920e+00 +2.0657e+00 +1.3929e+00 -5.4986e-01 -1.7628e+00 -1.3973e+00 -1.4149e+00 +1.3550e+00 +1.5857e+00 +9.8982e-01 +4.0241e-01 +1.5993e+00 +1.2070e+00
% function evaluation | noise-free fitness - Fopt (1.364000000000e+01) | best noise-free fitness - Fopt | measured fitness | best measured fitness | x1 | x2...
1 +3.271130175e+02 +3.271130175e+02 +3.407530175e+02 +3.407530175e+02 +0.0000e+00 +0.0000e+00 +0.0000e+00 +0.0000e+00 +0.0000e+00 +0.0000e+00 +0.0000e+00 +0.0000e+00 +0.0000e+00 +0.0000e+00 +0.0000e+00 +0.0000e+00 +0.0000e+00 +0.0000e+00 +0.0000e+00 +0.0000e+00 +0.0000e+00 +0.0000e+00 +0.0000e+00 +0.0000e+00
6 +3.164051271e+02 +3.164051271e+02 +3.300451271e+02 +3.300451271e+02 -2.3559e+00 +4.5716e-02 +6.1375e-01 +1.5015e-02 -8.9915e-01 -7.3873e-01 -8.3266e-01 +1.3404e-01 -1.7909e-01 +2.9680e-01 -1.8736e+00 +2.3760e+00 +2.8619e-01 +1.2548e+00 -4.5984e-01 +5.3431e-01 +8.4430e-01 -6.8696e-01 -7.6287e-01 +8.3799e-01
200 +2.999429310e+02 +2.999429310e+02 +3.135829310e+02 +3.135829310e+02 -4.5817e-01 +1.8808e+00 +6.3193e-01 +1.9435e+00 +4.5527e-01 -2.4012e+00 -3.8663e-01 +2.3500e-01 -2.6031e+00 -4.2131e+00 +2.9965e-01 +1.9416e+00 -2.6317e-01 -3.5123e+00 +3.5455e+00 +1.2028e+00 -2.5339e+00 -1.3704e+00 +3.1060e+00 +1.5533e+00
236 +2.796955225e+02 +2.796955225e+02 +2.933355225e+02 +2.933355225e+02 -1.3582e+00 +1.7338e+00 -4.6655e-02 +4.6936e+00 +8.3947e-01 -2.9467e+00 -2.1431e+00 +3.0954e-01 -1.0091e+00 -3.1366e+00 +9.7023e-01 +4.4145e-01 +1.8620e-01 -1.7958e+00 +2.8678e+00 +9.4701e-01 -7.5771e-01 +8.0417e-01 +2.1871e+00 +4.0059e-01
497 +2.618958676e+02 +2.618958676e+02 +2.755358676e+02 +2.755358676e+02 +3.1204e-02 -9.2964e-01 +1.0788e+00 +1.7120e+00 +2.5690e+00 -3.6567e-01 -2.6773e+00 -1.9231e+00 -1.9970e+00 -2.5426e+00 -3.9868e-01 +7.5305e-01 +1.2326e+00 -8.0225e-01 +2.8445e+00 -1.2048e+00 -1.5887e+00 +3.3810e-01 +1.1311e+00 +1.6992e+00
541 +2.512042915e+02 +2.512042915e+02 +2.648442915e+02 +2.648442915e+02 -3.4008e-01 +3.0722e+00 +2.7069e+00 -2.3135e-02 +3.5112e+00 +3.7338e-01 -1.0864e+00 -1.4045e+00 +3.1334e-01 -1.2418e+00 -7.2021e-01 +4.1603e+00 +2.1295e-01 -1.2544e+00 +1.8012e+00 -3.1195e+00 -8.0457e-01 -1.9616e+00 +1.0623e+00 +9.3973e-01
1614 +2.290859615e+02 +2.290859615e+02 +2.427259615e+02 +2.427259615e+02 -8.8848e-01 +1.4252e+00 +1.3841e+00 +1.3058e+00 -4.7508e-01 +5.5504e-01 -2.4883e+00 -1.5496e+00 -3.0486e-01 -2.2194e+00 -6.5238e-02 +1.0200e+00 +2.3674e+00 -8.7275e-01 +1.3778e+00 +6.4656e-02 -3.1723e+00 -6.0612e-01 +1.4913e+00 +2.4051e+00
1967 +2.148413255e+02 +2.148413255e+02 +2.284813255e+02 +2.284813255e+02 +1.3245e+00 +1.2926e+00 +2.2050e+00 +1.4501e+00 +2.4047e+00 -2.0354e+00 -1.9984e+00 -3.4320e+00 -9.3821e-01 +9.8527e-02 -1.7361e+00 +1.2606e+00 +1.9249e+00 -2.0342e+00 +2.3315e+00 -3.6732e+00 -3.0245e-01 -2.2542e+00 +1.6473e+00 +2.4414e+00
2596 +2.027457537e+02 +2.027457537e+02 +2.163857537e+02 +2.163857537e+02 -1.6840e-01 +6.8559e-01 +2.7410e+00 +1.9706e+00 +1.1257e-01 -6.7092e-01 -2.2962e+00 +3.3355e-01 -2.2030e-01 -1.2038e+00 -1.3547e+00 +1.2177e+00 +2.7147e+00 +8.2928e-01 +1.3452e+00 -1.8046e+00 -1.3538e+00 -6.9423e-01 +1.8528e-01 -1.5251e-01
4488 +1.964396411e+02 +1.964396411e+02 +2.100796411e+02 +2.100796411e+02 -3.3350e-01 +1.8808e+00 +9.9965e-02 +2.0165e+00 +3.2228e-01 +6.9085e-02 -2.0764e+00 -8.7939e-01 -1.5172e+00 -1.6823e+00 -1.8666e+00 +9.4467e-01 -1.9302e-01 -3.7940e+00 +5.6206e-01 -1.3369e+00 -1.8164e+00 -2.1392e+00 +1.4216e+00 +6.2877e-01
5887 +1.795839392e+02 +1.795839392e+02 +1.932239392e+02 +1.932239392e+02 -1.6451e+00 +9.0594e-01 -8.7370e-02 +1.8302e+00 +2.7043e+00 -5.7279e-01 -3.1394e-01 -2.8349e+00 -1.4044e+00 -1.9822e+00 -2.1306e+00 +2.6761e+00 +9.4864e-01 -1.8912e+00 +1.7330e+00 -7.9605e-01 -1.9549e+00 +6.4652e-01 +2.9627e+00 -3.0941e-01
7053 +1.756855282e+02 +1.756855282e+02 +1.893255282e+02 +1.893255282e+02 -2.2404e+00 +1.3814e+00 +1.0861e+00 +1.6162e+00 +1.8653e+00 -2.7679e-01 -1.1342e+00 -4.1480e-01 -1.2926e+00 -1.3539e+00 -2.3444e+00 +5.1400e-01 +1.1807e+00 -8.5557e-01 +1.9571e+00 -1.6073e+00 -1.5654e+00 -9.1276e-01 +2.0051e+00 +1.6136e+00
9568 +1.723539100e+02 +1.723539100e+02 +1.859939100e+02 +1.859939100e+02 -1.8548e+00 +2.3393e+00 +6.7247e-01 +1.2905e+00 +3.2224e+00 -6.5648e-01 -2.8426e+00 -9.4076e-01 -1.6158e+00 -1.4668e+00 -1.6811e+00 +2.1979e+00 +1.3828e+00 -1.4729e-01 +2.0544e+00 -1.1783e+00 -1.6674e+00 -1.5290e+00 +3.2601e+00 +4.9264e-01
10307 +1.527655005e+02 +1.527655005e+02 +1.664055005e+02 +1.664055005e+02 -6.5342e-01 +1.7587e+00 +2.9320e-01 -2.3365e-01 +1.8928e+00 -1.1709e-01 -9.3334e-01 -5.9451e-01 -1.9415e-02 -1.0709e+00 -9.1587e-01 +1.7402e+00 +1.2515e-01 -1.4701e+00 +1.6914e+00 -3.5897e-01 -1.2148e+00 -5.4071e-01 +2.6805e+00 +9.9787e-03
112983 +1.463209935e+02 +1.463209935e+02 +1.599609935e+02 +1.599609935e+02 -3.2408e-01 +1.6349e+00 +1.3847e+00 +2.1786e+00 +1.0061e+00 -6.7342e-01 -8.7334e-01 -3.9980e-01 -5.7693e-01 -1.6955e+00 +8.3919e-02 +2.4263e+00 +8.6920e-01 -6.2182e-01 +1.4722e+00 -1.8198e+00 -1.3581e+00 -1.1656e+00 +2.1407e+00 +6.7282e-02
% function evaluation | noise-free fitness - Fopt (1.948000000000e+02) | best noise-free fitness - Fopt | measured fitness | best measured fitness | x1 | x2...
1 +3.812063346e+02 +3.812063346e+02 +5.760063346e+02 +5.760063346e+02 +0.0000e+00 +0.0000e+00 +0.0000e+00 +0.0000e+00 +0.0000e+00 +0.0000e+00 +0.0000e+00 +0.0000e+00 +0.0000e+00 +0.0000e+00 +0.0000e+00 +0.0000e+00 +0.0000e+00 +0.0000e+00 +0.0000e+00 +0.0000e+00 +0.0000e+00 +0.0000e+00 +0.0000e+00 +0.0000e+00
10 +3.239472269e+02 +3.239472269e+02 +5.187472269e+02 +5.187472269e+02 +2.5134e-01 +2.3673e-01 -9.7446e-01 +5.9205e-01 +7.8998e-02 +8.8246e-01 -3.3474e-01 -9.1445e-01 +1.6700e+00 +1.0427e+00 +1.8755e-01 -1.0525e-01 +3.2069e-01 -9.6761e-01 +1.1943e+00 +1.0738e+00 +7.9430e-01 +1.1184e+00 +1.1755e+00 +1.6472e+00
25 +3.129507991e+02 +3.129507991e+02 +5.077507991e+02 +5.077507991e+02 +2.2023e+00 +5.9785e-01 -1.0082e+00 +6.7524e-01 -9.5110e-01 +8.7288e-01 +4.6066e-02 -1.0641e+00 +1.2457e+00 -4.6259e-01 +1.3904e+00 +4.7476e-02 -1.7035e+00 -1.9759e-01 -1.0146e+00 +2.1019e-01 -1.6009e+00 +7.3509e-01 +6.9798e-01 -4.2486e-01
29 +2.517464297e+02 +2.517464297e+02 +4.465464297e+02 +4.465464297e+02 +1.4898e+00 -9.2507e-01 -1.3580e+00 -4.0449e-01 -1.1846e+00 -2.9661e-01 -5.6244e-01 -1.6006e+00 +1.3252e+00 +1.1620e+00 +2.1841e+00 +1.0600e+00 +3.8646e-01 -7.6564e-01 +8.6710e-01 -2.6779e-02 +1.6609e-01 +2.8540e+00 -5.3841e-01 +2.5294e-01
82 +2.369883062e+02 +2.369883062e+02 +4.317883062e+02 +4.317883062e+02 +1.5754e+00 -7.7735e-01 -2.7816e+00 +1.6246e+00 -6.6690e-01 +2.8412e+00 -1.0690e+00 -9.4715e-01 +1.1458e+00 +1.3830e+00 +1.4026e+00 -7.3150e-02 -6.6762e-01 +1.5748e+00 +1.2378e+00 +3.5711e-02 +1.2577e+00 +1.3267e+00 -1.8145e+00 +3.3175e-01
1028 +2.310098771e+02 +2.310098771e+02 +4.258098771e+02 +4.258098771e+02 +3.0531e+00 -1.1791e+00 +2.3350e-01 +1.9182e+00 -1.2797e+00 +2.0929e+00 -1.0445e+00 -1.6588e+00 +1.4533e+00 +9.7202e-01 +1.3697e+00 +6.6509e-01 -1.8192e+00 -6.9533e-01 +2.1911e+00 -1.1529e+00 +5.2888e-01 +3.2905e-01 +1.1672e-01 -1.2004e+00
1032 +2.207179825e+02 +2.207179825e+02 +4.155179825e+02 +4.155179825e+02 +3.4305e+00 -1.2396e+00 -4.3726e-01 +1.2059e+00 -1.7615e+00 +1.2380e+00 -1.6537e+00 -9.0296e-01 +1.3762e-01 +5.8530e-01 +2.7688e-01 -5.7855e-01 -2.1133e+00 -4.1162e-01 +1.8670e+00 -1.2325e+00 +9.6308e-01 +9.8180e-01 -2.6652e-01 -8.4816e-01
1147 +2.101501421e+02 +2.101501421e+02 +4.049501421e+02 +4.049501421e+02 +1.9924e+00 -1.4409e+00 -7.0654e-01 +1.0597e+00 -3.5806e-01 +1.6198e+00 +2.0067e-01 -2.0858e+00 +7.9687e-01 +3.3075e+00 -5.3583e-01 -1.2760e+00 -1.9875e+00 +1.3699e+00 +3.3627e+00 -4.0186e-02 +1.1314e+00 +1.0050e+00 -2.7160e+00 +7.5822e-01
2048 +2.010890153e+02 +2.010890153e+02 +3.958890153e+02 +3.958890153e+02 +2.6361e+00 -1.5738e+00 -2.1673e+00 +1.9030e+00 -6.9439e-01 +7.4417e-01 -1.1817e+00 -1.4816e+00 +2.0463e+00 +1.3687e-01 +4.3453e-01 -1.9702e+00 -1.1132e+00 +5.6179e-02 +7.1139e-01 -1.6862e+00 +2.0503e-01 +3.0731e+00 -1.6875e-01 -1.2026e-02
2176 +1.927883882e+02 +1.927883882e+02 +3.875883882e+02 +3.875883882e+02 +1.1237e+00 -8.4504e-01 -2.1610e+00 +5.7871e-01 -2.5042e+00 +2.3406e+00 -2.1151e+00 -2.0692e+00 +8.0045e-01 +1.4197e+00 +1.1253e+00 -6.1450e-01 -1.3025e+00 +1.4696e-01 +1.3290e+00 -2.5210e+00 +1.4671e+00 +3.2829e+00 -5.8519e-01 -1.9055e+00
2900 +1.680718601e+02 +1.680718601e+02 +3.628718601e+02 +3.628718601e+02 +2.2318e+00 -2.8168e+00 -1.3563e+00 +7.4024e-01 -1.0022e+00 +1.9601e+00 -6.3973e-01 -1.3770e+00 +1.2767e+00 +2.7083e+00 -3.9450e-03 -1.4323e+00 -1.7290e+00 +7.1797e-01 +3.3270e-01 -1.8985e+00 +3.6536e-02 +8.8565e-01 -1.7512e+00 -9.1501e-01
6931 +1.588778017e+02 +1.588778017e+02 +3.536778017e+02 +3.536778017e+02 +9.5376e-01 -1.5684e+00 -1.8821e+00 +8.0924e-01 -1.2694e-01 +2.6993e+00 -1.2165e+00 -2.0470e+00 +9.5127e-01 +1.2966e+00 +1.2343e+00 -2.6974e-01 -8.4864e-01 +3.0166e+00 +1.3930e+00 -1.2264e+00 +1.5693e+00 +1.4161e+00 -1.9633e+00 -1.4536e+00
7052 +1.573217278e+02 +1.573217278e+02 +3.521217278e+02 +3.521217278e+02 +9.9409e-01 -6.3075e-01 -2.2800e+00 +1.0161e+00 -1.9533e-01 +2.0058e+00 -1.3160e+00 -2.4207e+00 +9.9442e-01 +1.1922e+00 +2.3189e+00 -8.5323e-01 +1.1011e-01 +1.8425e+00 +1.8935e+00 -2.0814e+00 +1.1643e+00 +8.1020e-01 -1.6321e+00 -1.4685e+00
8007 +1.543604427e+02 +1.543604427e+02 +3.491604427e+02 +3.491604427e+02 +1.2086e+00 -1.7020e+00 -2.2016e+00 +5.2532e-01 -4.9444e-01 +1.5702e+00 -1.3828e+00 -7.9229e-01 -8.5315e-01 +9.8048e-01 +1.3802e+00 -1.4176e+00 -8.0221e-01 +7.0650e-01 +1.2606e+00 -1.1100e+00 +1.2019e+00 -1.6460e-01 -6.6155e-01 -1.7200e+00
8615 +1.471040374e+02 +1.471040374e+02 +3.419040374e+02 +3.419040374e+02 +6.8712e-01 -1.8112e+00 -1.8627e+00 +4.9873e-01 -1.9955e+00 +1.4408e+00 -1.7136e+00 -4.2231e-01 +9.5966e-01 +7.1451e-01 +2.9377e-01 -7.2618e-01 -1.5955e+00 +5.9461e-01 +4.2536e-01 -2.5603e+00 -3.1584e-01 +2.6910e+00 -1.6283e+00 -1.5080e+00
8778 +1.422802283e+02 +1.422802283e+02 +3.370802283e+02 +3.370802283e+02 +7.7489e-01 -1.1401e+00 -1.5919e+00 +9.9763e-01 -1.0655e+00 +1.8248e+00 -1.6400e+00 -1.7904e+00 +8.8136e-01 +2.0830e+00 +6.4949e-01 -7.1552e-01 -1.5524e+00 +3.1942e-01 +1.2985e+00 -2.1849e+00 +3.2022e-01 +3.0906e+00 -1.8396e+00 -1.2496e+00
16208 +1.395435380e+02 +1.395435380e+02 +3.343435380e+02 +3.343435380e+02 +2.3681e+00 -1.8796e+00 -1.5628e+00 +1.2500e+00 -1.4179e+00 +1.1764e+00 -1.0429e+00 -9.5609e-01 +8.0898e-01 +8.5638e-01 +1.4075e+00 -1.0073e+00 -2.1765e-01 +2.7609e+00 +1.9020e+00 -2.4599e+00 +8.1953e-01 +2.4672e+00 -9.8228e-01 -1.8200e+00
55387 +1.379610453e+02 +1.379610453e+02 +3.327610453e+02 +3.327610453e+02 +1.6875e+00 -1.8319e+00 -2.2108e+00 +1.3163e+00 -1.8245e+00 +5.1698e-01 -1.1768e+00 -8.2327e-01 +1.7093e-01 +1.1695e+00 +1.0545e+00 -1.1123e+00 -7.0810e-01 +1.4356e+00 +2.2385e+00 -8.2871e-01 +1.1032e+00 +7.2947e-01 -1.8795e+00 -9.9843e-01
55422 +1.345566934e+02 +1.345566934e+02 +3.293566934e+02 +3.293566934e+02 +1.3558e+00 -1.8731e+00 -2.1289e+00 +1.3921e+00 -1.8272e+00 +2.8135e-01 -1.0581e+00 -4.9871e-01 +4.3874e-01 +1.1644e+00 +1.0361e+00 -8.2033e-01 -8.8394e-01 +1.1044e+00 +2.1861e+00 -6.6031e-01 +1.0008e+00 +1.1076e-01 -1.1089e+00 -1.1304e+00
83643 +1.296370072e+02 +1.296370072e+02 +3.244370072e+02 +3.244370072e+02 +2.5114e-01 -1.1764e+00 -1.7609e+00 +2.7594e+00 +3.8746e-01 +8.8028e-01 -1.4158e+00 -1.0918e+00 -4.8453e-02 +1.1581e+00 +5.5442e-01 -1.1633e+00 -8.6760e-01 -3.0370e-01 +1.7466e+00 -1.2647e+00 +1.4536e+00 -1.0181e+00 -1.4273e+00 -1.5060e+00
180392 +1.192832121e+02 +1.192832121e+02 +3.140832121e+02 +3.140832121e+02 -1.2317e+00 +1.6815e+00 +1.7006e+00 -1.0732e+00 +2.8405e+00 -8.7059e-01 +1.8001e+00 +5.8589e-01 -9.8533e-01 -2.1797e+00 -4.4057e-01 +1.2157e+00 +1.9467e+00 -1.4025e+00 -2.2351e+00 +1.2603e+00 -4.9964e-01 -1.5324e+00 +2.5704e+00 +1.5789e+00
% function evaluation | noise-free fitness - Fopt (-1.335900000000e+02) | best noise-free fitness - Fopt | measured fitness | best measured fitness | x1 | x2...
1 +3.082410013e+02 +3.082410013e+02 +1.746510013e+02 +1.746510013e+02 +0.0000e+00 +0.0000e+00 +0.0000e+00 +0.0000e+00 +0.0000e+00 +0.0000e+00 +0.0000e+00 +0.0000e+00 +0.0000e+00 +0.0000e+00 +0.0000e+00 +0.0000e+00 +0.0000e+00 +0.0000e+00 +0.0000e+00 +0.0000e+00 +0.0000e+00 +0.0000e+00 +0.0000e+00 +0.0000e+00
421 +2.807100160e+02 +2.807100160e+02 +1.471200160e+02 +1.471200160e+02 -5.5701e-01 -2.1027e+00 +3.1801e+00 +2.4583e+00 +9.8535e-01 +7.1020e-01 -4.3668e-01 +6.6115e-02 -1.3429e+00 +9.7858e-01 +2.0120e+00 -2.9577e+00 +1.0740e+00 +1.1067e+00 -1.7842e+00 +6.7689e-01 -1.2379e-01 -3.0290e-01 +1.0513e+00 -3.5059e-01
488 +2.419243367e+02 +2.419243367e+02 +1.083343367e+02 +1.083343367e+02 -2.1757e+00 -1.0996e+00 +2.4642e-01 +1.4910e+00 +1.5665e+00 +1.2035e+00 -2.4874e+00 +2.0042e+00 +1.0728e+00 +5.2054e-01 +2.8812e+00 -5.5178e-01 +4.1041e-01 -2.2029e-01 -8.7314e-01 +3.0128e+00 -2.0304e+00 -3.9757e-01 -3.2028e-01 -4.7562e-01
1273 +2.131052230e+02 +2.131052230e+02 +7.951522303e+01 +7.951522303e+01 -2.6250e-01 -2.2143e+00 +2.8661e-01 +1.3441e+00 +9.2083e-02 +1.1513e-01 -6.8585e-01 +9.9859e-01 -3.3563e+00 -7.5470e-01 +1.2373e+00 +2.6346e-01 +7.3449e-01 +2.1642e-01 +1.3565e+00 +1.0739e+00 -1.0814e+00 +3.0771e-02 -1.0150e+00 -7.0340e-01
2364 +2.044927998e+02 +2.044927998e+02 +7.090279976e+01 +7.090279976e+01 -1.3527e+00 -2.2271e-01 +1.0189e+00 +9.0771e-01 +1.6766e+00 -4.5458e-01 +1.3811e+00 +1.0925e+00 -1.5664e+00 +2.8577e-02 +1.2581e+00 -1.6053e+00 +5.5105e-01 +2.4686e-01 -1.2349e+00 +6.1362e-01 -5.5954e-01 -2.0918e+00 -8.1073e-01 -2.9771e+00
3408 +1.977467962e+02 +1.977467962e+02 +6.415679616e+01 +6.415679616e+01 +9.0788e-01 -1.4064e+00 +1.0906e+00 +6.8227e-01 -1.6399e-01 -2.4060e+00 -3.6055e-01 +2.9578e+00 -2.0128e+00 -7.8346e-01 +2.1625e+00 -1.6024e+00 +4.5363e-01 -7.5800e-01 -9.8912e-01 -6.2919e-01 -1.6250e+00 -1.8954e+00 +1.9760e-01 -2.4399e+00
4643 +1.784233742e+02 +1.784233742e+02 +4.483337423e+01 +4.483337423e+01 -8.7890e-01 -1.2325e+00 +9.4438e-01 +1.4964e+00 -8.8248e-02 -2.1220e+00 -2.7849e+00 +8.1248e-01 -2.6542e+00 -7.3602e-01 +1.2649e+00 -7.8987e-01 +7.9416e-01 +2.1137e-01 -9.5950e-01 +1.0562e+00 -5.9629e-01 -8.3367e-01 -1.1346e+00 +4.4471e-01
8856 +1.719261700e+02 +1.719261700e+02 +3.833617004e+01 +3.833617004e+01 -2.3961e+00 -1.4819e+00 +4.7396e-01 +8.7635e-01 +5.7013e-01 -1.5292e+00 -2.6815e+00 -5.3431e-01 -1.4371e+00 +2.8075e-01 +1.7756e+00 -9.1008e-01 +1.6120e+00 -8.9666e-02 -1.9331e+00 +7.1830e-01 -6.5955e-01 -3.9738e-01 -1.6932e+00 -4.4220e-01
9893 +1.518100494e+02 +1.518100494e+02 +1.822004937e+01 +1.822004937e+01 -1.6034e+00 -1.3022e+00 -1.2449e-01 +3.6850e-01 +1.4514e+00 -1.0404e+00 -2.7791e+00 -4.5257e-01 -2.0266e+00 -3.1547e-01 +1.0898e+00 -3.5106e-01 +8.8479e-01 +2.7940e+00 -2.7687e+00 +2.7416e+00 -1.4774e+00 -1.3327e+00 -6.5003e-01 -9.4014e-01
28284 +1.308260588e+02 +1.308260588e+02 -2.763941181e+00 -2.763941181e+00 -1.8991e+00 -1.2948e+00 +1.2913e+00 +1.2764e+00 +8.1044e-01 -1.7401e+00 -2.0030e-01 +1.5834e+00 -3.7387e-01 -1.4839e+00 -9.5357e-02 -1.4000e+00 -2.4834e-01 +1.2893e+00 -1.1162e+00 +2.4202e+00 -9.9102e-01 -1.8612e+00 -1.5545e+00 -3.8379e-02
% function evaluation | noise-free fitness - Fopt (1.955000000000e+01) | best noise-free fitness - Fopt | measured fitness | best measured fitness | x1 | x2...
1 +2.933931960e+02 +2.933931960e+02 +3.129431960e+02 +3.129431960e+02 +0.0000e+00 +0.0000e+00 +0.0000e+00 +0.0000e+00 +0.0000e+00 +0.0000e+00 +0.0000e+00 +0.0000e+00 +0.0000e+00 +0.0000e+00 +0.0000e+00 +0.0000e+00 +0.0000e+00 +0.0000e+00 +0.0000e+00 +0.0000e+00 +0.0000e+00 +0.0000e+00 +0.0000e+00 +0.0000e+00
332 +2.607670815e+02 +2.607670815e+02 +2.803170815e+02 +2.803170815e+02 -2.6911e-01 +7.0659e-01 +6.1092e-01 -2.8250e-01 -2.0152e+00 +1.1232e+00 +4.2013e-01 -1.6635e-01 -1.5595e+00 -4.1332e+00 +1.8731e+00 +1.1351e-01 +3.3111e+00 +3.3245e+00 -1.7414e+00 +1.0978e+00 -3.7879e-01 +1.7526e+00 +9.6988e-01 -9.1586e-01
651 +2.137141656e+02 +2.137141656e+02 +2.332641656e+02 +2.332641656e+02 +1.9021e+00 +1.8771e+00 +5.8625e-01 +3.1561e+00 -2.2884e-01 +2.8257e+00 -9.7382e-02 -2.9407e+00 -1.0632e+00 +3.3287e-02 +3.1562e+00 -2.3627e+00 +1.9017e+00 +1.5414e+00 -7.4941e-01 +1.0443e+00 -1.4844e+00 +2.0703e+00 -9.7573e-01 -1.8274e+00
3040 +1.928333895e+02 +1.928333895e+02 +2.123833895e+02 +2.123833895e+02 +1.7724e+00 +1.2232e+00 +1.0443e-01 +1.5813e+00 +4.7973e-01 +1.4414e-01 -4.6146e-01 -1.4572e+00 -3.3204e+00 -2.6644e+00 -7.5621e-02 -5.9719e-01 -2.9859e-01 +1.2679e+00 -1.0508e+00 -8.9521e-01 -1.5364e+00 +1.2849e+00 +9.6948e-01 -1.3387e+00
3777 +1.901886909e+02 +1.901886909e+02 +2.097386909e+02 +2.097386909e+02 +1.3927e+00 +2.7351e+00 -9.3175e-01 +1.6336e+00 -6.0644e-01 +3.4780e-01 -4.5375e-01 -8.5989e-01 -1.1660e+00 -1.4484e+00 +5.4583e-02 -5.8017e-01 +2.9473e-01 +2.0946e+00 -9.1087e-01 +2.6091e+00 -7.6862e-01 +1.7228e+00 +1.7197e+00 -2.9062e+00
6640 +1.703284789e+02 +1.703284789e+02 +1.898784789e+02 +1.898784789e+02 +1.7149e+00 +7.4658e-01 -1.9858e-01 +1.8401e+00 -3.8572e+00 +1.5073e+00 +8.1308e-01 -1.5309e+00 +1.8583e-01 -8.9326e-01 +2.2974e+00 -8.2861e-01 +1.2009e+00 +1.8916e+00 -1.8197e+00 +2.1272e+00 -2.8296e+00 +7.1486e-01 +1.5888e+00 -1.3317e+00
8087 +1.687436309e+02 +1.687436309e+02 +1.882936309e+02 +1.882936309e+02 +1.0908e+00 +8.6748e-01 -7.9396e-01 +2.1968e+00 -1.5778e+00 +2.0247e+00 -9.5557e-01 -1.6372e+00 -1.3324e+00 -1.4094e+00 +2.8927e+00 -1.3445e+00 -1.0438e+00 +4.2188e-01 -8.2586e-01 +1.1494e+00 -1.5156e+00 +1.9613e+00 +1.0897e+00 -3.9206e-01
28700 +1.629958013e+02 +1.629958013e+02 +1.825458013e+02 +1.825458013e+02 +3.9765e-01 +1.0261e+00 -2.4752e+00 -1.4346e+00 -1.3692e+00 +2.0328e+00 -6.7790e-01 -8.0244e-01 -1.2110e+00 -8.2632e-01 +2.9298e-01 -2.2443e+00 +7.0831e-01 +1.8944e+00 -1.7540e+00 +2.9038e+00 -7.7358e-01 +1.8134e+00 +2.1743e+00 -1.0989e+00
39878 +1.543855638e+02 +1.543855638e+02 +1.739355638e+02 +1.739355638e+02 +1.7294e-01 +2.0644e+00 -2.5328e+00 +1.3402e+00 -1.5388e+00 +1.1657e+00 +1.5941e-01 -4.8240e-01 -7.2851e-01 -1.9863e+00 +7.2698e-01 -1.7224e+00 +2.7664e+00 -9.6771e-02 -3.7278e-01 +2.3786e-01 -1.4332e+00 +2.3139e+00 +1.0060e+00 -1.5079e+00
48605 +1.363992144e+02 +1.363992144e+02 +1.559492144e+02 +1.559492144e+02 +1.1588e+00 -1.2498e-01 -1.0031e+00 +1.4041e+00 -1.2060e+00 +7.4128e-01 -7.7009e-01 +6.7367e-01 -1.3727e+00 -1.5548e+00 +8.5756e-01 -1.0774e+00 +6.3444e-01 -4.0057e-01 -2.2063e+00 +1.4946e+00 -1.1429e+00 +1.5884e+00 +1.6627e+00 -2.1158e+00
% function evaluation | noise-free fitness - Fopt (-1.307000000000e+01) | best noise-free fitness - Fopt | measured fitness | best measured fitness | x1 | x2...
1 +2.485471266e+02 +2.485471266e+02 +2.354771266e+02 +2.354771266e+02 +0.0000e+00 +0.0000e+00 +0.0000e+00 +0.0000e+00 +0.0000e+00 +0.0000e+00 +0.0000e+00 +0.0000e+00 +0.0000e+00 +0.0000e+00 +0.0000e+00 +0.0000e+00 +0.0000e+00 +0.0000e+00 +0.0000e+00 +0.0000e+00 +0.0000e+00 +0.0000e+00 +0.0000e+00 +0.0000e+00
569 +2.305647009e+02 +2.305647009e+02 +2.174947009e+02 +2.174947009e+02 -1.9201e+00 -1.7918e-01 -1.1724e+00 -1.0477e+00 -1.1509e-01 -2.6849e+00 +1.8970e+00 +3.5879e+00 -2.0139e+00 -2.4869e+00 -4.3119e-01 -2.0777e+00 -7.5094e-01 -2.2043e+00 -1.8391e+00 +1.5108e+00 +3.2563e+00 -5.7628e-01 -2.4078e+00 +8.6949e-01
1804 +2.162310190e+02 +2.162310190e+02 +2.031610190e+02 +2.031610190e+02 -1.6999e+00 -1.7480e+00 +1.0187e-01 -6.5627e-01 -1.7443e+00 -7.0840e-02 +5.6403e-01 +1.7478e+00 -9.7257e-01 -1.3815e+00 -8.5830e-01 -1.1877e+00 -7.8982e-01 -4.4389e-01 -1.6095e+00 +9.1460e-01 -5.6030e-02 -2.3056e+00 +1.3825e+00 +8.8696e-01
2265 +2.004337533e+02 +2.004337533e+02 +1.873637533e+02 +1.873637533e+02 -6.2178e-01 -3.2857e-01 +1.6073e+00 -9.9789e-01 -2.3484e+00 -1.9185e+00 +2.3492e+00 +8.8822e-01 -9.3008e-02 -8.4505e-01 -1.1838e+00 -3.9368e-01 -3.8798e-01 -4.3221e-01 -7.4975e-01 +2.4189e+00 +1.5931e+00 -1.6881e+00 +3.5426e-02 +1.0351e+00
2286 +1.975044465e+02 +1.975044465e+02 +1.844344465e+02 +1.844344465e+02 -2.0119e-01 -1.5453e+00 +1.9655e+00 -6.3725e-01 -2.8882e+00 -6.3112e-01 +3.7380e-01 +9.3041e-01 -6.7287e-01 +5.0963e-01 -1.7174e-01 -7.3803e-01 -6.1252e-01 -4.8881e-01 -9.7662e-01 +1.2094e+00 +1.4649e+00 -1.2479e+00 -1.5697e+00 +6.3817e-01
3553 +1.828849697e+02 +1.828849697e+02 +1.698149697e+02 +1.698149697e+02 -1.1252e+00 -1.1454e+00 +1.4565e+00 -1.2286e+00 -6.2765e-01 -2.3437e-01 +2.2447e+00 -6.8915e-01 -1.5464e+00 -1.8755e+00 -1.6082e+00 -1.2422e+00 -4.2340e-01 +4.1276e-01 -1.1977e+00 +8.6584e-01 +1.5067e+00 -2.3478e+00 -2.2523e+00 +2.3892e+00
4575 +1.772789090e+02 +1.772789090e+02 +1.642089090e+02 +1.642089090e+02 -1.7811e+00 -2.2254e-01 +1.8718e+00 +2.5321e-01 -1.0270e+00 -1.7525e+00 +1.9597e+00 +2.2389e+00 -3.7573e-01 -1.7160e+00 -1.9047e+00 -1.6063e+00 -1.3242e+00 -7.9488e-01 -7.2848e-01 +8.8810e-02 +1.7875e+00 +1.9106e-01 -9.9131e-01 +1.7632e+00
7123 +1.731309028e+02 +1.731309028e+02 +1.600609028e+02 +1.600609028e+02 -1.6179e+00 +7.6614e-01 +9.5890e-01 -5.1539e-01 -8.2998e-01 -1.8396e+00 +1.9673e+00 +5.5322e-01 -1.8351e+00 -9.0725e-01 -1.1177e+00 -7.7063e-01 -2.8002e+00 -6.6519e-01 -1.8623e-01 +1.1392e+00 +1.5353e+00 -2.8379e+00 -1.5612e+00 +1.0229e+00
7742 +1.583303894e+02 +1.583303894e+02 +1.452603894e+02 +1.452603894e+02 -1.7184e+00 -1.8649e+00 +2.5919e+00 -5.2024e-01 -1.2758e+00 -1.1069e+00 +7.6495e-01 +2.5301e+00 -1.1371e+00 -1.2414e+00 -1.0858e+00 +2.5277e-01 -1.4658e+00 -2.4444e+00 -1.7003e+00 +1.0634e+00 +2.7831e+00 -3.0771e-01 -1.1678e+00 +1.3366e-01
7896 +1.486000908e+02 +1.486000908e+02 +1.355300908e+02 +1.355300908e+02 -2.4145e+00 -2.0355e+00 +1.5119e+00 -8.6206e-01 -2.6150e-01 -2.1316e+00 +5.9164e-01 +2.1859e+00 -2.0815e+00 -1.2487e-01 +9.5785e-02 -1.9021e-01 -9.4720e-01 -3.6383e-01 -1.6489e+00 +1.0055e+00 +2.3452e+00 -1.5744e+00 -9.4542e-01 +2.1508e+00
8759 +1.457413746e+02 +1.457413746e+02 +1.326713746e+02 +1.326713746e+02 -1.7636e-02 -6.8235e-01 +6.2839e-01 -7.0237e-01 +2.8329e-01 -1.2901e+00 +5.2299e-01 +9.0993e-01 -1.9395e+00 -1.6570e+00 +1.8482e-01 -4.6063e-01 -1.1964e+00 -2.2929e+00 -1.5308e+00 +1.0317e+00 +1.1797e+00 -1.4300e+00 +2.5427e-01 -7.2226e-01
13954 +1.250158974e+02 +1.250158974e+02 +1.119458974e+02 +1.119458974e+02 -3.1766e+00 -1.2324e+00 +1.9872e+00 -4.9014e-01 -1.5185e+00 -1.7559e+00 +1.1084e+00 +2.5351e-02 -1.1240e+00 -1.0671e+00 -1.5716e+00 -1.8267e+00 -1.4984e+00 -1.8066e+00 -2.9494e-01 +2.2027e+00 +1.1322e+00 -8.6910e-01 -1.4291e+00 +1.9896e+00
% function evaluation | noise-free fitness - Fopt (7.965000000000e+01) | best noise-free fitness - Fopt | measured fitness | best measured fitness | x1 | x2...
1 +2.852545588e+02 +2.852545588e+02 +3.649045588e+02 +3.649045588e+02 +0.0000e+00 +0.0000e+00 +0.0000e+00 +0.0000e+00 +0.0000e+00 +0.0000e+00 +0.0000e+00 +0.0000e+00 +0.0000e+00 +0.0000e+00 +0.0000e+00 +0.0000e+00 +0.0000e+00 +0.0000e+00 +0.0000e+00 +0.0000e+00 +0.0000e+00 +0.0000e+00 +0.0000e+00 +0.0000e+00
13 +2.651303009e+02 +2.651303009e+02 +3.447803009e+02 +3.447803009e+02 -1.6110e+00 -2.5399e-01 +1.0643e+00 -3.5158e-02 -3.8458e-01 +1.3051e+00 +1.6010e-02 +1.3830e+00 -1.2076e-01 -1.1259e-01 +9.8535e-01 -1.4447e+00 -2.1904e+00 -1.2203e-01 -7.9229e-01 +1.0075e-01 -2.5037e-01 +2.1973e+00 -2.0457e-02 -1.3405e+00
616 +2.503782886e+02 +2.503782886e+02 +3.300282886e+02 +3.300282886e+02 +1.9212e+00 -1.5984e+00 +1.9782e+00 +1.2509e+00 -5.5809e-01 -5.2101e-01 -2.4213e-02 -9.9752e-02 +6.8932e-01 -5.5098e-02 +1.1937e+00 -1.4146e+00 -1.8354e+00 +4.2718e-01 -8.4838e-01 -1.1146e+00 +2.0259e+00 +4.0211e-01 +2.9497e+00 +5.8498e-01
659 +2.375301167e+02 +2.375301167e+02 +3.171801167e+02 +3.171801167e+02 +3.4866e+00 -2.4303e+00 +6.9855e-01 +6.8926e-02 -3.8567e-01 +1.0966e+00 -1.0640e+00 +2.1971e+00 +1.7945e+00 -1.3184e+00 +4.2395e-01 -2.8122e+00 -2.2062e+00 +1.4321e-01 +1.0029e-01 -1.9648e+00 +7.5906e-01 -3.0025e+00 +2.6248e+00 -5.1772e-01
1939 +2.284662165e+02 +2.284662165e+02 +3.081162165e+02 +3.081162165e+02 +2.4390e-01 -2.0877e+00 +2.0585e+00 +1.7828e+00 +1.4627e+00 +1.9368e+00 -5.1276e-01 +2.2054e+00 +1.5314e+00 -1.1455e+00 -9.4077e-01 -2.2870e+00 -1.9425e+00 +2.1677e-01 -3.8748e-01 -2.8116e+00 -8.4995e-01 -3.7920e-01 +8.9102e-01 -7.7964e-01
3164 +2.153393162e+02 +2.153393162e+02 +2.949893162e+02 +2.949893162e+02 +9.2965e-01 -2.2572e+00 +4.0218e-01 +2.2308e+00 +2.2550e+00 +1.1137e+00 -2.2058e+00 -9.1837e-02 +1.2923e+00 -2.3219e+00 -2.0835e+00 +2.0079e-01 -2.3427e+00 +1.2993e+00 +1.2470e+00 -1.3453e+00 +1.3926e+00 -7.2989e-01 +6.4717e-01 -1.7716e+00
3342 +2.107421212e+02 +2.107421212e+02 +2.903921212e+02 +2.903921212e+02 +1.7948e+00 -8.5503e-01 +2.2288e+00 +1.1634e+00 +1.5815e+00 -3.2135e-01 -3.5163e-01 +1.1101e+00 +1.6264e+00 +5.8528e-03 -1.3354e+00 -7.4566e-01 -2.1119e+00 +1.8491e+00 -7.3994e-01 -2.3020e+00 +7.0554e-01 -1.8197e+00 +9.1822e-01 -1.7109e+00
3347 +1.986428273e+02 +1.986428273e+02 +2.782928273e+02 +2.782928273e+02 +2.0428e+00 -7.5415e-01 +2.6645e-01 +1.1991e+00 +1.1930e+00 +1.8247e-01 +1.8803e-01 +4.4496e-01 -1.6827e-01 +1.6538e-01 -9.0270e-01 -9.4459e-01 -2.2215e+00 +3.1811e+00 -1.4164e+00 -7.4215e-01 +1.5493e+00 -3.4196e-02 +2.4620e+00 -4.3627e-01
4299 +1.785151363e+02 +1.785151363e+02 +2.581651363e+02 +2.581651363e+02 +2.3869e+00 +2.7096e-01 +1.7853e+00 +8.2309e-01 +1.5317e+00 +5.2613e-01 -1.5766e+00 +2.9953e-01 +1.2385e+00 -1.2501e+00 -2.0017e+00 -7.6722e-01 -3.5894e+00 +1.3639e+00 -7.1822e-01 -2.0410e+00 +2.1312e+00 -6.1534e-01 +2.6923e+00 +3.1490e-01
8903 +1.546823703e+02 +1.546823703e+02 +2.343323703e+02 +2.343323703e+02 +1.6962e+00 -2.4284e+00 +2.9306e+00 +2.2970e+00 +2.0180e+00 +1.4866e+00 -7.8886e-01 +1.7752e+00 +1.1269e+00 -2.3734e-01 -2.8589e+00 -3.6586e-01 -2.5823e+00 +1.2130e+00 -2.8558e+00 -1.2185e+00 +7.4629e-01 -6.9970e-01 +9.9719e-01 -4.0207e-01
34236 +1.470380321e+02 +1.470380321e+02 +2.266880321e+02 +2.266880321e+02 +2.2975e+00 -3.1817e-01 +1.8011e+00 +3.9763e-01 +1.7456e+00 +1.2659e+00 -8.9714e-01 -1.9553e-01 +8.1160e-01 -1.3842e+00 -1.4703e+00 -2.5041e+00 -3.5008e+00 +1.1650e+00 -1.5163e+00 -1.8558e+00 +7.8986e-02 -1.7369e+00 +5.6377e-02 -2.8402e+00
% function evaluation | noise-free fitness - Fopt (1.160000000000e+00) | best noise-free fitness - Fopt | measured fitness | best measured fitness | x1 | x2...
1 +3.497414367e+02 +3.497414367e+02 +3.509014367e+02 +3.509014367e+02 +0.0000e+00 +0.0000e+00 +0.0000e+00 +0.0000e+00 +0.0000e+00 +0.0000e+00 +0.0000e+00 +0.0000e+00 +0.0000e+00 +0.0000e+00 +0.0000e+00 +0.0000e+00 +0.0000e+00 +0.0000e+00 +0.0000e+00 +0.0000e+00 +0.0000e+00 +0.0000e+00 +0.0000e+00 +0.0000e+00
13 +3.340052957e+02 +3.340052957e+02 +3.351652957e+02 +3.351652957e+02 +1.8945e+00 +1.5916e+00 -1.4605e+00 -1.4064e-01 +8.8767e-01 -7.6636e-01 -4.6676e-01 -2.3337e+00 +2.5516e+00 +1.0088e+00 +5.9676e-01 +6.9346e-01 -1.0612e+00 +4.2058e-02 +4.1292e-01 +1.2832e+00 +7.7342e-01 +6.2525e-01 +1.9916e+00 -2.8398e-02
27 +3.104161943e+02 +3.104161943e+02 +3.115761943e+02 +3.115761943e+02 -9.2390e-01 +8.5309e-01 +3.3031e-01 +6.4039e-02 +3.2505e-01 -4.0290e-01 -2.0993e+00 -1.3480e-01 +1.2760e+00 +1.8226e+00 +7.3873e-01 -4.4927e-01 -2.8112e-01 -1.8380e-01 -5.9928e-01 +2.9654e+00 +2.2476e+00 +1.9693e+00 +2.6404e+00 -1.5678e+00
253 +3.037560937e+02 +3.037560937e+02 +3.049160937e+02 +3.049160937e+02 -2.6144e+00 +1.2272e+00 +2.3624e+00 -3.5494e+00 -2.5731e+00 -2.0428e+00 -1.9498e+00 +2.5848e-01 +1.3228e+00 +1.2095e+00 -2.6539e+00 +2.3887e+00 +5.9533e-01 +1.7249e+00 +1.5209e+00 -2.5247e-01 +1.0096e+00 +1.2566e+00 +3.5899e+00 -2.6556e+00
275 +2.990214885e+02 +2.990214885e+02 +3.001814885e+02 +3.001814885e+02 -2.9674e+00 -4.6930e-02 +2.1427e+00 -2.5662e+00 -1.5753e+00 -1.9120e+00 -2.6041e+00 +3.3305e-01 +3.4970e-01 +1.7091e-01 -4.0898e+00 +2.2956e+00 +2.9614e+00 +1.5496e+00 +9.2677e-01 +2.2350e+00 -8.8111e-01 +2.2249e+00 +1.2507e+00 -2.3300e+00
276 +2.749272826e+02 +2.749272826e+02 +2.760872826e+02 +2.760872826e+02 -2.1206e+00 +1.7488e+00 +1.1685e+00 -3.0235e+00 -4.0119e+00 -2.7247e+00 -1.0069e+00 -2.5773e+00 +3.3790e+00 -1.7145e-01 -2.9030e+00 +2.8511e+00 +1.5613e+00 +3.1234e+00 -1.3081e+00 +1.1572e+00 -2.3942e+00 +7.2055e-01 +2.9945e+00 -1.3044e+00
340 +2.640802077e+02 +2.640802077e+02 +2.652402077e+02 +2.652402077e+02 -1.7763e+00 +3.6693e+00 -3.8116e-02 -2.9873e+00 -2.3161e+00 -1.9764e+00 -2.8670e+00 -2.5958e+00 -1.8062e-01 -4.1159e-01 -2.0922e+00 +2.0225e+00 +3.3537e+00 +2.5294e+00 +1.4947e+00 -1.0805e+00 -8.1542e-01 -3.8101e-01 +3.0026e+00 -1.9564e+00
409 +2.365296499e+02 +2.365296499e+02 +2.376896499e+02 +2.376896499e+02 -1.7428e+00 +2.0963e-01 +2.0354e+00 -2.7675e+00 +8.2546e-01 -7.9821e-01 -7.1894e-01 -2.3111e-01 +3.2653e-01 +3.9885e-01 +1.1091e-01 +1.4294e+00 +1.1642e+00 +4.9624e-01 +4.8358e-01 +1.4067e+00 -1.7354e-02 -2.9606e-01 +1.2704e+00 +8.1118e-01
1874 +2.085193155e+02 +2.085193155e+02 +2.096793155e+02 +2.096793155e+02 -1.2790e+00 +1.3221e+00 +1.7578e+00 -1.0093e+00 -1.9098e+00 -2.1699e+00 -2.3901e+00 -2.4808e-01 +1.9792e+00 +8.5536e-01 -7.8214e-01 +2.9834e+00 +3.0067e+00 +1.8887e+00 +3.4557e+00 +1.9923e-01 -1.6890e+00 +1.0839e+00 +3.8302e-01 -4.9996e-01
3543 +1.747334770e+02 +1.747334770e+02 +1.758934770e+02 +1.758934770e+02 -1.9510e+00 +9.8540e-01 +2.4283e+00 -2.5916e+00 -2.6828e-01 +5.4013e-01 -8.8965e-01 -5.4782e-01 +1.2796e+00 -1.2594e-01 -9.4688e-01 -1.6451e-01 +1.6493e+00 +2.2699e+00 +1.1189e+00 +4.2257e-01 -1.9727e+00 +1.7001e+00 +1.0088e+00 -2.1505e-01
6851 +1.694908994e+02 +1.694908994e+02 +1.706508994e+02 +1.706508994e+02 -1.9748e+00 +1.1942e+00 +1.0940e+00 -2.6193e+00 -1.2184e-01 -1.1332e+00 -2.5130e-01 -1.9060e-01 +7.7287e-01 +1.4514e+00 -1.5038e+00 +4.3222e-01 +8.5087e-01 +1.9215e+00 -3.9559e-01 +1.9782e+00 -5.7942e-01 +1.4718e+00 +1.9521e+00 -1.0777e+00
7573 +1.552049024e+02 +1.552049024e+02 +1.563649024e+02 +1.563649024e+02 -1.4549e+00 +1.2194e+00 +2.1658e+00 -1.1447e+00 -3.4900e-01 -1.7239e+00 -5.4507e-01 -7.9335e-01 -5.5627e-01 +8.9976e-01 +4.1407e-01 +2.0219e+00 +8.1630e-01 +1.0864e+00 +1.4472e+00 +1.7123e+00 -8.7281e-01 +1.6770e+00 +1.1912e+00 -1.1267e+00
10917 +1.452161666e+02 +1.452161666e+02 +1.463761666e+02 +1.463761666e+02 -1.1086e+00 +1.8264e+00 +1.2569e+00 -2.7110e+00 -3.4452e-02 -1.6774e+00 -1.1717e+00 -2.8393e+00 +8.2925e-01 +1.9910e+00 -1.4698e+00 +2.0972e+00 +1.0358e+00 -1.8179e-01 +1.9456e+00 +6.9046e-01 -1.1909e+00 +9.3213e-01 +1.8741e+00 -1.5162e+00
16089 +1.327404494e+02 +1.327404494e+02 +1.339004494e+02 +1.339004494e+02 -1.6651e+00 +1.2760e+00 +6.2862e-01 -9.8049e-01 -2.4193e+00 -1.1958e+00 -8.7061e-01 -1.7265e+00 +1.4088e+00 +1.9678e+00 -2.0090e+00 -5.4636e-02 +1.5292e+00 +1.8461e+00 +2.0260e+00 -1.5923e-01 -2.2012e+00 +1.8642e+00 +1.0978e+00 -1.4968e+00
% function evaluation | noise-free fitness - Fopt (2.407100000000e+02) | best noise-free fitness - Fopt | measured fitness | best measured fitness | x1 | x2...
1 +3.202592040e+02 +3.202592040e+02 +5.609692040e+02 +5.609692040e+02 +0.0000e+00 +0.0000e+00 +0.0000e+00 +0.0000e+00 +0.0000e+00 +0.0000e+00 +0.0000e+00 +0.0000e+00 +0.0000e+00 +0.0000e+00 +0.0000e+00 +0.0000e+00 +0.0000e+00 +0.0000e+00 +0.0000e+00 +0.0000e+00 +0.0000e+00 +0.0000e+00 +0.0000e+00 +0.0000e+00
25 +3.035940041e+02 +3.035940041e+02 +5.443040041e+02 +5.443040041e+02 +5.7172e-01 +4.2135e-01 -1.3459e+00 +1.8843e+00 +5.9299e-01 +1.7062e+00 -9.4237e-02 -1.5171e+00 -1.2967e+00 +1.1894e+00 +9.7144e-02 -4.5168e-01 -1.0750e-01 +1.2206e+00 -2.6858e+00 -1.6059e+00 -4.1450e-01 +3.4886e-01 -6.7665e-01 +1.3173e-01
27 +2.994975743e+02 +2.994975743e+02 +5.402075743e+02 +5.402075743e+02 +3.4220e-01 -9.9105e-01 -1.1841e+00 +2.1023e+00 +6.4543e-01 -4.8034e-01 -1.7384e+00 -1.6605e+00 -2.3066e+00 +3.5549e+00 +2.0305e-01 -2.2308e+00 -5.9208e-01 +8.8747e-01 -2.5151e+00 +3.6755e-01 -1.0531e+00 +2.0930e-01 -2.4937e+00 -5.4409e-01
31 +2.807980941e+02 +2.807980941e+02 +5.215080941e+02 +5.215080941e+02 -2.4528e+00 -3.5246e-01 -9.3530e-01 +1.3770e+00 +3.9060e+00 +9.1004e-01 +1.0012e-01 -8.4881e-01 -2.1971e+00 +1.8752e+00 +6.8689e-01 +9.2096e-01 -1.4590e+00 +6.2612e-01 -7.6876e-01 +1.9635e-01 -8.0693e-01 +5.5911e-01 -7.2985e-01 -1.6293e+00
57 +2.739649664e+02 +2.739649664e+02 +5.146749664e+02 +5.146749664e+02 -1.5202e+00 -1.3905e+00 -5.4760e-01 +1.8060e+00 +1.5928e+00 -4.5340e-01 -2.3259e+00 -1.6310e+00 -2.3827e+00 +6.1749e-01 -8.6965e-01 +1.8821e+00 -2.2890e+00 +6.8249e-01 +8.0567e-02 +1.8554e+00 -2.7629e+00 -9.1399e-01 -1.9107e+00 -9.1545e-01
637 +2.552262988e+02 +2.552262988e+02 +4.959362988e+02 +4.959362988e+02 -1.0880e+00 -1.1057e+00 -7.0904e-01 -8.7266e-01 -5.6760e-01 +8.0623e-01 +7.3432e-01 -1.0610e+00 -3.4788e+00 +2.3759e+00 -3.2773e-01 +4.4705e-02 -1.4706e+00 +1.9864e+00 -1.2225e+00 +1.1104e+00 -3.0261e-01 -1.2538e+00 +1.4295e+00 -2.3773e+00
704 +2.353104529e+02 +2.353104529e+02 +4.760204529e+02 +4.760204529e+02 -1.2283e+00 -2.2196e+00 -1.4840e-01 -3.7029e-01 +1.0222e+00 +6.9051e-01 -1.0309e+00 -2.2231e+00 -1.1879e+00 +3.6113e+00 +8.4247e-01 -8.7381e-01 -1.0212e+00 +3.2699e+00 -1.6638e+00 -1.3132e+00 -1.8690e+00 +3.5403e-02 +7.3888e-01 -1.3779e+00
716 +2.285712868e+02 +2.285712868e+02 +4.692812868e+02 +4.692812868e+02 -6.8203e-01 -1.4127e+00 -1.5812e+00 +1.3307e+00 +4.7497e-01 +2.8360e-01 -8.1961e-01 -1.5113e+00 -7.5986e-01 +2.1142e+00 +1.9263e+00 -3.2550e-01 +5.0173e-01 +2.2938e+00 -2.4245e+00 -1.4286e+00 -2.7124e+00 -2.0390e+00 +9.2596e-01 -1.5415e+00
1587 +2.181334131e+02 +2.181334131e+02 +4.588434131e+02 +4.588434131e+02 -2.3654e+00 -2.3523e+00 -2.2753e+00 -4.1907e-02 +1.8860e+00 -1.0637e-01 -8.8123e-01 -6.7397e-01 -2.1643e+00 +1.8660e+00 +5.5261e-01 +1.5628e+00 -2.8965e+00 +1.6495e+00 -2.3841e+00 +1.2984e+00 -1.0198e+00 -2.3577e+00 +5.9419e-01 -1.9112e+00
1656 +1.884185161e+02 +1.884185161e+02 +4.291285161e+02 +4.291285161e+02 -2.3204e+00 -1.4716e+00 -1.5167e+00 +1.6580e+00 +2.7918e+00 +2.3032e+00 -1.8436e+00 -1.8158e+00 -9.2560e-01 +1.9750e+00 +6.2079e-01 +3.1568e+00 -7.5911e-01 +1.7310e+00 -3.9929e-01 +1.0170e+00 -3.4525e-01 -2.1631e+00 +1.2838e+00 -1.5487e+00
4334 +1.681593947e+02 +1.681593947e+02 +4.088693947e+02 +4.088693947e+02 -1.0796e+00 -1.7739e+00 -3.1275e-01 +1.5112e+00 +2.7810e-01 +1.8656e+00 -8.1544e-01 +3.3879e-01 -1.5233e+00 +1.3467e+00 +4.0296e-01 +1.2646e+00 -1.2662e+00 +1.5925e+00 -1.8489e+00 -8.7391e-02 +5.5694e-01 -1.4519e+00 +1.0596e+00 -1.7635e+00
5256 +1.584837054e+02 +1.584837054e+02 +3.991937054e+02 +3.991937054e+02 -1.6758e+00 -3.4956e-01 -6.1993e-01 +1.5503e+00 +1.7074e+00 +1.9106e+00 -5.9166e-01 -1.6768e+00 -8.1970e-01 +1.7098e+00 +8.8848e-01 +8.2453e-01 -2.6277e-01 +2.0996e+00 -9.9285e-01 +8.5440e-01 +1.3680e-01 -1.8546e+00 +9.9359e-01 -9.0110e-01
8183 +1.464594264e+02 +1.464594264e+02 +3.871694264e+02 +3.871694264e+02 -1.8433e+00 -1.5549e+00 -7.3974e-01 +1.2544e+00 +1.1221e+00 +1.9742e+00 -2.1016e+00 -4.4218e-01 -1.0309e+00 +3.6003e+00 +9.2780e-01 +1.2547e+00 -2.4839e+00 +1.5929e+00 -2.0858e+00 +1.8095e+00 -1.9960e+00 -1.7848e+00 +7.2488e-01 -2.2398e+00
12046 +1.357854394e+02 +1.357854394e+02 +3.764954394e+02 +3.764954394e+02 -1.2203e+00 -2.1564e+00 -1.6815e+00 +1.6492e+00 +6.1708e-01 +8.6309e-01 -1.0699e+00 -1.2562e+00 -2.2082e+00 +1.5815e+00 +1.3380e+00 +1.8395e+00 -2.7674e-01 +2.0059e+00 -1.9197e+00 +1.3400e+00 -1.5097e+00 -2.0961e+00 +1.9436e+00 -6.1766e-01
16743 +1.249748338e+02 +1.249748338e+02 +3.656848338e+02 +3.656848338e+02 -1.4893e+00 -8.9144e-01 -2.0453e+00 +1.6810e+00 +1.4467e+00 +5.5740e-01 -5.5076e-01 -5.1851e-01 -1.8022e+00 +1.1978e+00 +9.8983e-01 +2.9954e-01 -9.4791e-01 +1.4776e+00 -9.5440e-01 +1.6716e+00 -1.2502e+00 -1.0844e+00 +5.7656e-01 -6.1351e-01
% function evaluation | noise-free fitness - Fopt (-2.707900000000e+02) | best noise-free fitness - Fopt | measured fitness | best measured fitness | x1 | x2...
1 +3.046832452e+02 +3.046832452e+02 +3.389324516e+01 +3.389324516e+01 +0.0000e+00 +0.0000e+00 +0.0000e+00 +0.0000e+00 +0.0000e+00 +0.0000e+00 +0.0000e+00 +0.0000e+00 +0.0000e+00 +0.0000e+00 +0.0000e+00 +0.0000e+00 +0.0000e+00 +0.0000e+00 +0.0000e+00 +0.0000e+00 +0.0000e+00 +0.0000e+00 +0.0000e+00 +0.0000e+00
524 +2.601161624e+02 +2.601161624e+02 -1.067383760e+01 -1.067383760e+01 +2.5729e+00 +2.1679e+00 -2.5155e+00 +8.5986e-01 +2.5620e+00 +5.2707e-01 -6.7243e-01 +2.6144e+00 -8.7685e-01 +8.9676e-01 +1.3093e+00 -1.7269e+00 +7.3894e-01 +4.2187e-02 -6.5048e-01 +3.6829e-01 -2.4540e+00 +8.3230e-01 -1.6488e+00 +9.5654e-01
2115 +2.484992641e+02 +2.484992641e+02 -2.229073587e+01 -2.229073587e+01 +1.5372e+00 +1.6811e+00 -6.7182e-01 +1.7580e+00 +1.1442e+00 -3.5138e+00 +1.4147e+00 -6.1532e-01 +3.7601e-01 -1.4341e+00 +1.2993e+00 +7.2894e-01 +3.0706e+00 -2.3377e+00 -2.3722e+00 +3.1137e+00 +2.0414e-01 -9.9000e-01 -1.8023e+00 +1.0552e+00
2145 +2.301144450e+02 +2.301144450e+02 -4.067555498e+01 -4.067555498e+01 +1.5192e+00 +2.3781e+00 -4.0824e-01 +1.4572e+00 +1.3128e+00 -2.0736e+00 +8.7570e-01 +1.2987e-01 -1.1839e+00 -9.4396e-01 +1.9750e+00 +1.9443e+00 +3.0661e+00 -1.6741e+00 -2.0850e+00 +4.3049e+00 -5.8217e-01 -1.2567e-01 -2.1456e+00 +2.8241e+00
2268 +2.273500047e+02 +2.273500047e+02 -4.343999525e+01 -4.343999525e+01 +1.7499e+00 +1.1604e+00 -1.2920e+00 -1.8932e-01 +6.5830e-01 -1.7742e+00 +6.6923e-01 -2.8854e-01 -8.4227e-01 -2.6445e+00 +2.1382e+00 -8.2989e-02 +1.8937e+00 -8.1355e-01 -1.1022e+00 +2.3187e+00 -2.7889e-01 -2.4664e+00 -3.3531e+00 +1.5158e+00
2542 +2.218791707e+02 +2.218791707e+02 -4.891082935e+01 -4.891082935e+01 -8.7372e-01 +4.1164e-01 -1.1295e+00 +7.4780e-01 +1.1357e+00 -1.6500e+00 +1.8048e+00 +1.7750e-01 +6.5418e-02 -5.8932e-01 +3.4014e+00 +1.0701e+00 +2.8091e+00 -1.5050e+00 -1.5952e+00 +4.1346e-01 -5.3989e-01 -2.6220e+00 -3.1443e+00 +8.5347e-01
2670 +2.165067325e+02 +2.165067325e+02 -5.428326749e+01 -5.428326749e+01 +2.4611e+00 +2.7845e-01 -2.2682e+00 +1.6862e+00 +4.3128e-01 -1.2693e+00 +1.2904e+00 +2.0859e+00 +2.8285e-01 -8.9738e-01 -6.6137e-02 +5.0166e-01 +1.4472e+00 -1.7569e+00 -7.9270e-01 +9.3157e-01 -3.7874e-01 -1.2716e+00 -3.0379e+00 +2.1633e+00
3478 +2.026089390e+02 +2.026089390e+02 -6.818106095e+01 -6.818106095e+01 +2.4959e+00 +1.7977e+00 -2.4529e+00 +2.0476e+00 +7.1678e-01 -5.0717e-01 +2.9183e-01 +2.5933e+00 -1.8184e+00 -1.3100e+00 +1.3303e+00 +1.2796e+00 +1.6799e+00 -6.3470e-01 -2.6383e+00 +1.4328e+00 +5.6417e-01 -1.4546e+00 +1.9450e-01 +2.3743e+00
3938 +1.959239324e+02 +1.959239324e+02 -7.486606763e+01 -7.486606763e+01 +7.5480e-01 -1.0555e+00 -1.3769e+00 +2.2405e+00 +2.3753e+00 -1.0497e+00 +9.1403e-01 +2.9312e+00 -2.8292e+00 -6.4405e-02 -6.1424e-01 +6.3098e-01 +7.0388e-01 -4.8682e-01 -1.0498e+00 +1.9898e+00 -1.6508e+00 -1.4609e+00 -2.6000e+00 +1.2063e+00
5469 +1.885817998e+02 +1.885817998e+02 -8.220820023e+01 -8.220820023e+01 +1.7812e+00 +2.7249e+00 -1.8756e+00 +2.3372e+00 +2.5482e+00 -7.5953e-01 +1.3449e+00 +6.4013e-01 -6.6947e-01 -1.2415e+00 +2.6884e-01 +1.4944e+00 -4.7119e-01 -1.2186e+00 -3.4641e+00 +2.2243e+00 -1.1501e+00 -1.4430e+00 -2.6836e-01 +3.7781e-01
5591 +1.772007484e+02 +1.772007484e+02 -9.358925159e+01 -9.358925159e+01 +1.3217e+00 +2.0001e+00 -1.0284e+00 +2.8332e+00 +2.0046e+00 -1.2479e+00 +1.2339e+00 +1.8154e-01 -1.8232e-01 -2.0735e+00 -2.5748e-01 +2.1131e+00 +7.3229e-01 -1.0582e+00 -5.9943e-01 +1.4315e+00 -1.4067e+00 -1.9857e+00 +3.2520e-01 +8.9072e-01
10337 +1.690640362e+02 +1.690640362e+02 -1.017259638e+02 -1.017259638e+02 -3.8454e-01 +1.3560e+00 -1.0017e+00 +1.6013e+00 +1.9796e+00 -1.4792e+00 +6.0295e-01 +8.7832e-01 -7.8158e-01 -8.4568e-01 +9.3234e-01 +1.1596e+00 +1.6950e+00 -7.9679e-01 -2.0587e+00 +1.1548e-01 +5.5187e-01 -1.1066e+00 -7.1019e-01 +1.5572e+00
12689 +1.306629889e+02 +1.306629889e+02 -1.401270111e+02 -1.401270111e+02 +1.8023e+00 +3.0568e+00 -4.6510e-01 +8.7928e-01 +1.6945e+00 -1.9580e+00 +7.5917e-01 +7.1062e-01 -1.6131e+00 -2.1749e+00 +2.4433e+00 +8.7376e-01 +9.9836e-01 -1.3891e+00 -1.3976e+00 +5.6497e-01 -1.1918e+00 -1.6037e+00 +1.8618e-01 +1.6419e+00
53340 +1.285430065e+02 +1.285430065e+02 -1.422469935e+02 -1.422469935e+02 +1.0285e+00 +1.7345e+00 -2.9468e+00 +1.0258e+00 +2.6455e-01 -1.3313e+00 +1.6194e+00 +1.5147e+00 -7.3094e-01 -2.0153e+00 +2.4009e-01 +9.2785e-01 +2.3230e+00 -3.1211e-01 -1.5909e+00 +1.0928e+00 -1.0294e+00 -1.5304e+00 -1.0888e+00 +1.0266e+00
% function evaluation | noise-free fitness - Fopt (2.612000000000e+01) | best noise-free fitness - Fopt | measured fitness | best measured fitness | x1 | x2...
1 +2.706885438e+02 +2.706885438e+02 +2.968085438e+02 +2.968085438e+02 +0.0000e+00 +0.0000e+00 +0.0000e+00 +0.0000e+00 +0.0000e+00 +0.0000e+00 +0.0000e+00 +0.0000e+00 +0.0000e+00 +0.0000e+00 +0.0000e+00 +0.0000e+00 +0.0000e+00 +0.0000e+00 +0.0000e+00 +0.0000e+00 +0.0000e+00 +0.0000e+00 +0.0000e+00 +0.0000e+00
211 +2.606593378e+02 +2.606593378e+02 +2.867793378e+02 +2.867793378e+02 +1.1068e-01 -5.2544e-02 +1.9507e+00 +1.0019e+00 -2.0230e-01 -1.0277e+00 -1.1766e+00 -2.5525e+00 +1.1580e+00 -6.3423e-01 +1.9435e+00 +1.4596e+00 -2.0752e+00 -1.6711e+00 -1.2322e+00 -1.0664e+00 -1.7325e+00 +2.1519e-01 -5.4627e-01 +2.6283e+00
1004 +2.418785016e+02 +2.418785016e+02 +2.679985016e+02 +2.679985016e+02 +1.1331e+00 -3.6003e-01 +2.6493e+00 +1.7081e+00 -7.3719e-01 -1.2719e+00 -1.3476e+00 -9.2054e-01 -2.1531e+00 +7.3475e-01 -9.7416e-01 -2.2050e+00 -1.1293e+00 +2.8884e-01 -6.0601e-01 +8.0980e-02 -1.6948e+00 -3.5575e+00 -9.6273e-01 +3.0240e+00
1272 +2.238473736e+02 +2.238473736e+02 +2.499673736e+02 +2.499673736e+02 -8.7206e-01 +1.1928e+00 -3.6402e-01 -1.4069e+00 -3.5699e-01 -2.8847e+00 -1.2295e+00 +1.0414e+00 +3.9200e-01 +1.5860e+00 +4.6391e-01 -4.5365e-01 -1.7587e+00 -3.5488e-01 +2.8806e-01 -1.3154e-01 -1.6234e+00 -3.0810e+00 -5.2600e-01 +1.6682e+00
2719 +2.151225943e+02 +2.151225943e+02 +2.412425943e+02 +2.412425943e+02 -1.6571e+00 -1.9536e+00 +2.2518e-01 +2.1927e+00 -5.3355e-01 +2.5877e-01 -8.5163e-01 -1.1052e+00 -9.6785e-01 +2.6932e+00 -5.7405e-01 -6.9442e-01 -3.4973e+00 +4.8823e-02 +1.1913e-01 -3.4254e-02 -2.4353e-01 -1.2682e+00 -2.9433e+00 +2.0940e+00
2820 +2.105236646e+02 +2.105236646e+02 +2.366436646e+02 +2.366436646e+02 -1.8958e+00 -1.0561e-01 +1.9103e+00 +1.2371e+00 -3.1559e-01 +1.2340e-01 -4.0683e-01 -6.1088e-03 -1.3182e+00 +2.6096e+00 -2.3072e+00 -9.3826e-01 -1.3234e+00 -1.4277e+00 -4.9670e-01 -1.9957e+00 -7.1494e-01 -1.8117e+00 +1.6717e-01 +5.3162e-01
4146 +2.085805393e+02 +2.085805393e+02 +2.347005393e+02 +2.347005393e+02 -3.7071e-01 -2.5493e-01 +3.8386e-01 +1.7158e+00 -9.3180e-01 -9.7597e-01 +2.6191e-01 -1.4555e+00 -1.3949e-01 -1.8859e-01 -1.9737e+00 -1.8639e+00 -1.6425e+00 +3.6119e-01 -1.7241e+00 +9.6758e-01 -3.9198e-01 -2.1143e+00 -1.6585e+00 +7.8382e-01
4187 +1.858507300e+02 +1.858507300e+02 +2.119707300e+02 +2.119707300e+02 -9.5051e-01 -1.4533e+00 +6.3859e-01 +6.1803e-01 -3.6807e-01 -1.3772e+00 -3.3181e-01 -1.0527e+00 +2.8144e-01 -1.4030e+00 +1.2397e-01 -2.5072e+00 -1.6608e+00 -1.1313e+00 -1.4204e+00 -5.7557e-02 -5.8439e-01 -1.3028e+00 -2.4675e+00 +5.0683e-01
4743 +1.579850844e+02 +1.579850844e+02 +1.841050844e+02 +1.841050844e+02 -7.3403e-01 -1.3181e+00 +1.2424e+00 -2.3433e-01 +2.7582e-01 -9.5522e-01 -1.8377e+00 -1.5884e+00 -2.0627e-01 +1.4896e-01 -1.2790e+00 -9.0174e-01 -2.6951e+00 -3.7591e-01 -1.2259e+00 -3.2854e-01 -1.9349e+00 -8.7019e-01 -1.4472e+00 +1.6197e+00
20353 +1.542409970e+02 +1.542409970e+02 +1.803609970e+02 +1.803609970e+02 -2.2098e+00 -2.0037e+00 +2.7605e+00 +2.6574e+00 -2.4030e+00 -2.2093e+00 -5.7681e-01 -6.6485e-01 -2.0401e+00 +4.0130e-02 -1.0027e+00 -1.7156e+00 -2.9968e-01 -2.9239e+00 -7.8231e-01 -1.4366e+00 -7.6191e-01 -1.1652e+00 -1.6844e+00 +1.8008e+00
36273 +1.478374919e+02 +1.478374919e+02 +1.739574919e+02 +1.739574919e+02 -8.6481e-01 -1.7634e+00 +3.4769e-01 +1.0856e+00 -1.6808e+00 -8.9359e-01 -1.6699e+00 +3.0002e-01 -1.9930e+00 +1.3156e+00 -1.1416e+00 +4.3945e-01 -1.0020e+00 -2.8100e+00 -1.1425e+00 -5.4428e-01 -9.8973e-01 -6.7710e-01 -1.3124e+00 -5.2613e-02
36777 +1.317533882e+02 +1.317533882e+02 +1.578733882e+02 +1.578733882e+02 -1.2683e+00 -1.5864e+00 -9.2757e-01 +9.3438e-01 -7.5686e-01 +3.1408e-02 -1.5919e+00 -1.9328e+00 -1.5531e+00 +1.3231e+00 -8.1439e-01 -2.4563e-01 -1.2220e+00 -2.5303e+00 -1.5041e+00 -2.9806e-01 -1.6975e+00 -6.1077e-01 -3.2481e-01 +2.0304e-01
% function evaluation | noise-free fitness - Fopt (-6.252000000000e+01) | best noise-free fitness - Fopt | measured fitness | best measured fitness | x1 | x2...
1 +3.069335788e+02 +3.069335788e+02 +2.444135788e+02 +2.444135788e+02 +0.0000e+00 +0.0000e+00 +0.0000e+00 +0.0000e+00 +0.0000e+00 +0.0000e+00 +0.0000e+00 +0.0000e+00 +0.0000e+00 +0.0000e+00 +0.0000e+00 +0.0000e+00 +0.0000e+00 +0.0000e+00 +0.0000e+00 +0.0000e+00 +0.0000e+00 +0.0000e+00 +0.0000e+00 +0.0000e+00
368 +2.767369956e+02 +2.767369956e+02 +2.142169956e+02 +2.142169956e+02 +4.9166e-01 +4.1722e+00 -2.0658e+00 -3.7311e-01 -2.0969e+00 +1.9605e+00 +1.4746e+00 -5.4404e-01 +1.0058e+00 +1.4270e+00 -2.1960e+00 -1.0424e+00 +2.9255e-02 -1.4101e+00 +7.1812e-01 +2.6531e+00 +1.0307e+00 +6.9195e-01 -2.1152e+00 -2.2922e+00
514 +2.730815830e+02 +2.730815830e+02 +2.105615830e+02 +2.105615830e+02 -3.0553e+00 +6.6725e-01 +1.5960e-01 -4.9802e-01 -2.5001e+00 -2.7121e-01 +2.5348e+00 -2.0633e+00 +2.7850e+00 +6.4501e-01 -1.1440e+00 -3.4754e-01 -1.0327e-01 -1.9159e+00 -5.9901e-01 -1.0239e+00 -4.5744e-01 +9.1055e-01 +4.6186e-01 -1.0223e+00
860 +2.463155975e+02 +2.463155975e+02 +1.837955975e+02 +1.837955975e+02 -1.1235e+00 +5.0310e-01 +2.3166e-01 +1.7214e+00 +1.2995e-01 +2.4950e-01 -2.9264e-01 -3.5465e+00 +3.0022e+00 +2.0620e+00 -2.7621e+00 +1.3765e+00 +6.1689e-01 +2.3958e+00 -2.4589e+00 +1.4359e+00 +1.2166e+00 -1.9300e+00 -1.0669e+00 +2.5422e-01
1323 +2.253467319e+02 +2.253467319e+02 +1.628267319e+02 +1.628267319e+02 -1.9924e+00 +1.0641e+00 -9.3968e-02 +9.0050e-01 -5.6136e-01 +1.3656e-01 -2.0055e-01 -2.1580e+00 +1.7043e+00 +1.5464e+00 -8.8237e-01 +2.2573e+00 +1.6202e+00 +7.2487e-01 +3.7449e-01 +2.6878e+00 +7.3072e-01 -7.0951e-01 -9.7160e-01 -1.5592e-01
2434 +2.178240795e+02 +2.178240795e+02 +1.553040795e+02 +1.553040795e+02 -1.2391e+00 +1.6226e+00 -8.6375e-01 +8.0933e-01 -2.3497e+00 +2.5921e+00 +5.7202e-01 -4.6994e-01 +2.5576e+00 +9.7767e-01 -2.2891e+00 +7.8808e-01 +1.3602e-01 +3.4680e-01 -6.6950e-03 -5.6811e-01 +1.3929e+00 -5.6088e-01 +3.2718e-03 -9.0868e-02
3009 +2.047311302e+02 +2.047311302e+02 +1.422111302e+02 +1.422111302e+02 -2.8357e+00 +3.9407e-01 -1.2780e+00 +2.5907e+00 -1.4915e+00 -1.6067e-01 +1.9401e+00 -5.4854e-01 +4.6453e-01 +1.3840e-01 -6.8209e-01 +1.1548e+00 +1.3092e+00 +1.5595e+00 -3.3636e+00 -1.3066e-01 +4.3035e-01 -1.2053e-01 -1.1889e+00 -1.0912e+00
3806 +1.991785464e+02 +1.991785464e+02 +1.366585464e+02 +1.366585464e+02 -2.2298e+00 +6.7596e-03 -2.1165e+00 +1.8308e+00 -1.1031e+00 +1.3143e+00 +1.6421e+00 -9.6806e-01 +2.1082e+00 +2.3519e+00 -2.6198e+00 +1.2306e+00 -3.5364e-01 +2.6058e+00 -1.3382e+00 +1.3808e+00 +7.0516e-01 +7.5522e-01 -5.6690e-01 -1.1271e+00
5917 +1.831559228e+02 +1.831559228e+02 +1.206359228e+02 +1.206359228e+02 -7.1439e-01 +1.0645e+00 -1.9069e+00 +1.9091e+00 -2.5446e-01 +1.5576e+00 +2.0039e+00 -3.1268e+00 +9.4735e-01 +2.5784e+00 -1.2623e+00 +1.0621e+00 +1.8085e+00 +2.3292e+00 -3.6921e+00 +1.0924e+00 -1.0568e+00 -1.0673e+00 -1.9956e+00 -9.3325e-01
6483 +1.719881643e+02 +1.719881643e+02 +1.094681643e+02 +1.094681643e+02 -1.2835e+00 -6.2510e-02 -1.7906e-01 +7.8286e-01 -9.8744e-01 +1.9320e+00 +1.1325e+00 -2.0855e+00 +1.2172e+00 +4.6616e-01 -6.7235e-01 -2.4598e-01 +4.8722e-01 +2.7628e+00 -2.0383e+00 +6.3920e-01 +1.2463e+00 -8.0150e-01 -5.6004e-01 -1.2566e+00
9415 +1.633181146e+02 +1.633181146e+02 +1.007981146e+02 +1.007981146e+02 +3.7763e-02 +1.0096e+00 -1.1635e+00 -5.1801e-01 -3.8201e-01 +1.6246e+00 +1.5115e+00 -2.1375e+00 +2.9595e+00 +1.4918e+00 -1.2628e+00 +1.0235e+00 +9.5907e-01 +9.6496e-01 -2.3391e+00 +1.6631e+00 +2.2105e+00 -1.7613e+00 -2.1217e+00 -2.5157e+00
11401 +1.254384280e+02 +1.254384280e+02 +6.291842803e+01 +6.291842803e+01 -1.4741e+00 +2.8660e+00 -1.6491e+00 +1.1288e+00 -2.0908e+00 +1.4623e+00 +1.5743e+00 -1.2357e+00 +6.9241e-01 +1.0712e+00 -1.7241e+00 +5.4777e-01 +6.8196e-01 +1.5704e+00 -1.2797e+00 -5.6531e-01 +1.0685e+00 -1.4448e+00 -1.2345e+00 -1.4889e+00
% function evaluation | noise-free fitness - Fopt (-2.438600000000e+02) | best noise-free fitness - Fopt | measured fitness | best measured fitness | x1 | x2...
1 +3.683294984e+02 +3.683294984e+02 +1.244694984e+02 +1.244694984e+02 +0.0000e+00 +0.0000e+00 +0.0000e+00 +0.0000e+00 +0.0000e+00 +0.0000e+00 +0.0000e+00 +0.0000e+00 +0.0000e+00 +0.0000e+00 +0.0000e+00 +0.0000e+00 +0.0000e+00 +0.0000e+00 +0.0000e+00 +0.0000e+00 +0.0000e+00 +0.0000e+00 +0.0000e+00 +0.0000e+00
5 +3.036730139e+02 +3.036730139e+02 +5.981301390e+01 +5.981301390e+01 -2.6440e-01 -8.2653e-01 +8.1068e-01 +2.3389e-01 -9.4251e-02 -7.1116e-01 -1.9872e+00 -3.6501e-01 -2.9228e+00 -2.9937e-01 -8.0577e-02 +9.3520e-03 -1.0103e+00 -1.2410e-02 +6.4627e-01 -1.4366e+00 +3.4906e-01 +3.3014e-01 +2.6307e-01 +8.1736e-02
12 +2.551896033e+02 +2.551896033e+02 +1.132960331e+01 +1.132960331e+01 -8.8727e-01 -5.5554e-01 +1.3229e+00 +6.7943e-01 -4.8078e-01 -1.5110e+00 -1.7147e+00 +2.9239e-01 -3.0393e+00 +5.4159e-01 +2.4173e-01 -5.1993e-01 +1.2690e-01 +8.9572e-01 +1.2479e+00 -1.9529e+00 -5.7890e-01 +3.1821e-01 +1.3967e-01 +9.0499e-01
1039 +2.471082341e+02 +2.471082341e+02 +3.248234129e+00 +3.248234129e+00 -2.8232e+00 -5.1907e-01 +2.8847e-01 +4.5765e-01 +1.2978e+00 -1.7710e+00 -1.6312e+00 +2.1091e+00 -8.7015e-01 -1.6221e+00 -1.7761e+00 -1.5589e+00 +2.1578e+00 -4.6571e-01 +7.0416e-01 -1.2754e+00 +1.5104e+00 -1.6134e-01 +2.1426e+00 +8.5853e-02
1351 +2.366405952e+02 +2.366405952e+02 -7.219404768e+00 -7.219404768e+00 -2.3940e+00 -1.7163e+00 +2.4079e+00 +1.3540e+00 +2.7631e+00 -2.7000e+00 -9.9751e-01 +1.8625e+00 -2.4863e+00 -6.6963e-01 -1.8120e+00 +2.0241e+00 +3.1881e-01 +1.6817e-01 +1.7751e+00 -4.6840e-01 +1.0181e+00 -2.0441e-01 -1.3469e-01 +1.3119e+00
1664 +2.236077614e+02 +2.236077614e+02 -2.025223861e+01 -2.025223861e+01 -3.0859e+00 -4.7281e-01 +3.2237e+00 +2.6727e+00 +1.1483e+00 -4.7478e-01 -5.5906e-01 +1.6845e+00 -1.7629e-01 -2.0352e-01 -1.4845e+00 +1.3595e+00 +2.4171e+00 -2.4575e+00 +1.5499e+00 -1.9658e-01 -8.1985e-01 -1.2168e+00 +3.0458e-01 +8.5509e-01
1669 +2.152115276e+02 +2.152115276e+02 -2.864847236e+01 -2.864847236e+01 -2.1533e+00 -1.4736e+00 +2.2436e+00 +2.9706e+00 +1.7117e+00 +1.5223e-01 -1.6058e+00 +2.7120e+00 +9.5084e-02 -6.6905e-01 -1.7877e+00 +8.1790e-01 +2.2186e+00 -9.7379e-01 +1.5230e+00 +3.9442e-01 -7.7587e-01 -3.1793e-01 +6.2671e-01 +1.0542e+00
2075 +2.120350824e+02 +2.120350824e+02 -3.182491763e+01 -3.182491763e+01 -1.8952e+00 -7.1436e-01 +2.2694e-01 +1.5854e+00 +1.6291e+00 -7.4947e-01 -1.9419e+00 +3.3812e-01 -9.8939e-01 -7.9667e-01 -2.0274e+00 +3.8175e+00 +2.1481e+00 -2.0070e+00 +1.1179e+00 -3.3653e-01 -1.6995e+00 -6.4176e-01 +4.5896e-01 +1.2129e+00
2077 +1.954221632e+02 +1.954221632e+02 -4.843783680e+01 -4.843783680e+01 -2.4061e+00 -6.4370e-01 +2.4385e+00 +8.9452e-01 +5.9720e-01 -8.1569e-01 -2.4962e+00 -4.0384e-01 -1.7758e+00 -6.8980e-01 -6.3322e-01 +2.7664e+00 +9.7421e-01 -1.2861e+00 +1.2314e+00 -6.3377e-01 -8.3150e-02 -9.9479e-01 -8.5685e-01 +1.0694e+00
2459 +1.723046768e+02 +1.723046768e+02 -7.155532320e+01 -7.155532320e+01 -1.3992e+00 -1.1322e+00 +3.4012e+00 +1.2983e-02 +1.6581e+00 -1.7137e+00 -1.3413e+00 +1.8603e+00 -2.1573e+00 +2.5263e-01 -2.0065e+00 +5.8942e-01 +1.2390e+00 -1.9763e+00 +1.2850e+00 -5.4032e-02 -1.0963e+00 -7.6365e-01 +1.6548e+00 +1.9562e-01
2466 +1.598708114e+02 +1.598708114e+02 -8.398918855e+01 -8.398918855e+01 -1.4377e+00 -8.3847e-01 +2.7359e+00 +4.2953e-01 +1.7105e+00 -1.4046e+00 -4.2697e-01 +1.1330e+00 -1.6611e+00 +5.0973e-03 -1.5198e+00 +4.8257e-01 +7.3902e-01 -1.4657e+00 +7.5525e-01 -2.3146e-01 -1.4943e-01 -5.6536e-01 +1.5861e+00 +1.0038e+00
6185 +1.014881261e+02 +1.014881261e+02 -1.423718739e+02 -1.423718739e+02 -1.4667e+00 -1.4864e+00 +5.6877e-01 +1.8610e-01 +1.6521e+00 -2.1567e+00 -4.7945e-01 +1.4764e+00 -9.8891e-01 -1.4891e+00 -2.2651e+00 +1.5397e+00 +1.1368e+00 -7.9862e-01 +8.2294e-01 -1.1254e-01 -1.0206e+00 -1.6047e+00 +1.5092e+00 +1.8127e+00
% function evaluation | noise-free fitness - Fopt (-9.475000000000e+02) | best noise-free fitness - Fopt | measured fitness | best measured fitness | x1 | x2...
1 +3.180462411e+02 +3.180462411e+02 -6.294537589e+02 -6.294537589e+02 +0.0000e+00 +0.0000e+00 +0.0000e+00 +0.0000e+00 +0.0000e+00 +0.0000e+00 +0.0000e+00 +0.0000e+00 +0.0000e+00 +0.0000e+00 +0.0000e+00 +0.0000e+00 +0.0000e+00 +0.0000e+00 +0.0000e+00 +0.0000e+00 +0.0000e+00 +0.0000e+00 +0.0000e+00 +0.0000e+00
12 +3.007689700e+02 +3.007689700e+02 -6.467310300e+02 -6.467310300e+02 +1.6944e+00 +3.3302e+00 +6.2580e-01 -4.8015e-01 -2.4933e-01 -4.1311e-01 -1.3245e+00 -8.6631e-01 -2.3096e+00 +5.6643e-01 +7.6573e-01 -5.1766e-01 +9.5290e-01 -6.0451e-01 +3.9504e-01 -1.0014e+00 -4.7345e-01 +7.7272e-01 +9.9261e-01 -2.7242e+00
17 +2.947939526e+02 +2.947939526e+02 -6.527060474e+02 -6.527060474e+02 +1.5975e+00 +3.2699e+00 -1.7648e-01 -7.3166e-01 -1.6431e+00 -1.1816e+00 +3.5909e-01 -5.4528e-01 -3.2817e-01 -7.4083e-01 -1.3802e+00 -3.3709e-01 +6.1113e-02 -9.3691e-01 -4.8115e-01 -1.2809e+00 +8.0491e-01 +2.7260e+00 +1.5689e+00 -1.1239e+00
30 +2.837509062e+02 +2.837509062e+02 -6.637490938e+02 -6.637490938e+02 +1.5101e+00 +2.3648e+00 +6.9313e-01 +1.4964e+00 -2.2341e+00 -1.5390e+00 +1.3902e+00 +8.4303e-02 +7.2372e-01 -1.3732e+00 -3.1625e-01 -1.7795e+00 +7.2988e-01 -8.5904e-01 +4.4786e-01 -2.0679e+00 +3.3344e-01 +2.2240e+00 +4.4737e-01 -1.2335e+00
31 +2.459523091e+02 +2.459523091e+02 -7.015476909e+02 -7.015476909e+02 +1.2108e+00 +4.1249e+00 -6.1429e-01 +1.2202e+00 -1.9918e+00 -1.1051e+00 -3.4435e-01 -2.2065e-01 -9.0288e-01 -8.4703e-01 -1.1670e+00 -6.8274e-02 -2.9293e-01 -1.5803e+00 -9.0736e-01 -1.0486e+00 +1.4678e+00 +2.7745e+00 +1.0341e+00 -1.3245e+00
1303 +2.430156254e+02 +2.430156254e+02 -7.044843746e+02 -7.044843746e+02 +1.7551e+00 +2.6875e+00 +2.9531e+00 +1.2938e+00 -1.4754e+00 +2.0197e+00 -2.1529e+00 +8.6659e-01 -1.5920e+00 -2.5198e-01 +3.3329e-01 -1.4903e+00 +2.1645e+00 -2.1566e+00 -9.6081e-01 -1.8860e+00 +3.4587e+00 +1.3582e+00 +6.9240e-01 +1.1780e-01
1398 +2.339819188e+02 +2.339819188e+02 -7.135180812e+02 -7.135180812e+02 +3.8747e+00 +2.3216e+00 +5.3829e-01 +2.3367e+00 -1.6841e+00 +1.4652e+00 -2.1982e+00 +2.5138e-01 -1.8097e+00 -6.5874e-01 +3.9823e-01 -5.2456e-01 +2.2881e+00 -1.1608e+00 -1.9609e+00 -3.3653e-01 +2.4600e+00 +2.4199e+00 +2.6340e-01 -1.3964e+00
1933 +1.923418569e+02 +1.923418569e+02 -7.551581431e+02 -7.551581431e+02 +1.2310e+00 +2.3849e+00 +2.9479e+00 +1.1139e+00 -1.4085e+00 +2.4688e-01 -1.3545e+00 +8.0163e-01 -1.5336e+00 +2.4888e-01 -5.5001e-01 -9.3970e-01 +1.7046e+00 -2.6224e+00 -6.0140e-01 -2.6123e+00 +1.6614e+00 +6.2460e-01 +1.9170e+00 -2.1457e+00
3678 +1.888371267e+02 +1.888371267e+02 -7.586628733e+02 -7.586628733e+02 +3.4525e+00 +9.1924e-01 +7.5173e-01 +1.1058e+00 -1.4534e+00 +1.9306e-01 -4.5775e-01 +1.5811e+00 -1.1156e+00 +6.0137e-02 +1.8665e+00 -2.6284e+00 +8.7297e-01 -6.7767e-01 -2.1492e+00 +1.4473e+00 +2.2662e+00 +1.9484e+00 +1.4391e+00 -2.2904e+00
5043 +1.821536820e+02 +1.821536820e+02 -7.653463180e+02 -7.653463180e+02 +1.3188e+00 +7.9122e-02 +1.1623e+00 +1.9342e+00 -3.4148e-01 +2.3870e+00 -7.9464e-01 +1.0865e+00 -1.9318e+00 -7.1217e-01 +1.1852e+00 -2.6105e+00 +2.4447e+00 -3.6416e+00 -2.2492e-03 +2.4902e-01 +1.1593e+00 +1.0068e+00 +1.2600e+00 -1.1389e+00
6583 +1.727913474e+02 +1.727913474e+02 -7.747086526e+02 -7.747086526e+02 +9.3737e-01 +1.4277e+00 -7.3077e-02 -3.9957e-01 +8.3109e-02 +1.8859e+00 -1.1531e+00 +1.0975e+00 -1.7248e+00 -1.0239e+00 +1.0315e+00 -2.5384e+00 +9.8062e-01 -2.7807e+00 -2.1563e+00 -6.7317e-01 +1.2290e+00 -2.5758e-01 -3.5081e-01 -1.4539e+00
7416 +1.649015236e+02 +1.649015236e+02 -7.825984764e+02 -7.825984764e+02 +1.6584e+00 +1.2727e+00 +6.0460e-01 +1.3991e+00 -1.0181e+00 +1.4834e+00 -1.4242e+00 +1.8722e+00 -1.0815e+00 -9.9508e-01 +1.6242e+00 -2.9256e+00 +7.0512e-01 -1.7240e+00 -2.3234e+00 -5.9699e-01 +1.5549e+00 +2.1749e+00 +7.9804e-01 -1.5462e+00
9790 +1.563787052e+02 +1.563787052e+02 -7.911212948e+02 -7.911212948e+02 +1.5237e-01 +1.3040e+00 +2.3764e+00 +1.6317e+00 -3.5802e-01 +2.0284e-01 -9.3518e-01 +1.6453e+00 -6.3686e-01 -1.2066e+00 +6.9571e-01 -1.7639e+00 +5.3431e-01 -7.2022e-01 -1.9076e+00 -1.5366e+00 +2.2668e+00 +9.7314e-01 +3.0889e-01 -4.3806e-01
9853 +1.484913373e+02 +1.484913373e+02 -7.990086627e+02 -7.990086627e+02 +2.3781e+00 +1.2112e+00 +2.0673e+00 +1.7263e+00 -1.8211e+00 +8.5725e-01 -1.4368e+00 +1.1030e+00 -3.6034e-01 -1.8402e-01 +1.9907e-01 -1.5514e+00 +2.1800e-01 -2.1298e+00 -1.6921e+00 -2.3648e+00 +1.7164e+00 +1.8340e+00 +1.3564e+00 -8.6483e-01
18267 +1.478770078e+02 +1.478770078e+02 -7.996229922e+02 -7.996229922e+02 +2.9039e-01 +1.8531e+00 +7.3373e-01 -1.2067e-01 -1.1814e+00 +1.9860e+00 -2.1721e+00 +1.7097e+00 -1.8574e+00 -1.0609e+00 +2.2263e+00 +1.2933e-01 +1.1028e+00 -1.4103e+00 -5.9836e-01 -9.7449e-01 +2.5967e-01 +1.0999e+00 +1.2638e+00 -1.5188e+00
20739 +1.337801339e+02 +1.337801339e+02 -8.137198661e+02 -8.137198661e+02 +3.7350e-01 +1.6956e+00 +1.0384e+00 +6.8915e-01 -1.1928e+00 +1.3310e+00 -1.1873e+00 +1.4764e-01 -1.2011e+00 -1.2562e+00 -3.2753e-01 -5.1920e-01 +1.7026e+00 -8.9140e-01 -1.4225e+00 -1.1966e+00 -1.2559e-01 +7.0505e-01 +6.7464e-01 -1.6817e+00
30181 +1.259215187e+02 +1.259215187e+02 -8.215784813e+02 -8.215784813e+02 +9.5172e-01 +1.1733e+00 +1.3052e+00 +1.8627e+00 -1.9865e+00 +2.2375e+00 -2.9450e+00 -4.6386e-01 -5.8491e-01 -1.3942e+00 +1.2888e+00 -3.2321e-01 +1.6186e+00 -4.7670e-01 -3.1665e-01 -1.6686e+00 +4.2225e-01 +1.6452e+00 +1.5385e+00 -8.3920e-01
144663 +1.220925557e+02 +1.220925557e+02 -8.254074443e+02 -8.254074443e+02 -2.2945e+00 -1.3009e+00 -1.0171e+00 -2.6324e+00 +2.8110e+00 -8.7499e-01 +9.1385e-01 -2.0974e+00 +2.0487e+00 +2.1528e+00 -1.5197e+00 +2.1228e+00 -1.5504e+00 +8.0554e-01 +6.1355e-01 -3.0228e-01 -7.8781e-01 -6.3643e-01 -1.7734e+00 +1.7653e+00
