% function evaluation | noise-free fitness - Fopt (-1.694000000000e+01) | best noise-free fitness - Fopt | measured fitness | best measured fitness | x1 | x2...
1 +3.696355518e+01 +3.696355518e+01 +2.002355518e+01 +2.002355518e+01 +0.0000e+00 +0.0000e+00 +0.0000e+00
41 +1.043975732e+01 +1.043975732e+01 -6.500242684e+00 -6.500242684e+00 +1.9227e+00 +6.6816e-02 -1.8753e-01
73 +6.142195595e+00 +6.142195595e+00 -1.079780440e+01 -1.079780440e+01 +1.5954e+00 +5.0480e-01 +2.9576e-01
123 +5.504804341e+00 +5.504804341e+00 -1.143519566e+01 -1.143519566e+01 +2.3568e+00 +1.2386e+00 -3.4464e-01
137 +4.184980300e+00 +4.184980300e+00 -1.275501970e+01 -1.275501970e+01 +2.1887e+00 +1.0104e+00 -3.9804e-01
138 +3.214615781e+00 +3.214615781e+00 -1.372538422e+01 -1.372538422e+01 +3.0197e+00 +1.8644e+00 -9.1805e-01
186 +2.266402190e+00 +2.266402190e+00 -1.467359781e+01 -1.467359781e+01 +4.1686e+00 +3.2995e+00 -2.0633e+00
206 +1.783785531e+00 +1.783785531e+00 -1.515621447e+01 -1.515621447e+01 +3.8969e+00 +2.8083e+00 -1.6942e+00
214 +1.607919804e+00 +1.607919804e+00 -1.533208020e+01 -1.533208020e+01 +3.7610e+00 +2.6189e+00 -1.7164e+00
236 +1.031807545e+00 +1.031807545e+00 -1.590819246e+01 -1.590819246e+01 +3.8113e+00 +2.7711e+00 -1.6162e+00
246 +1.017304811e+00 +1.017304811e+00 -1.592269519e+01 -1.592269519e+01 +3.8812e+00 +2.7115e+00 -1.7850e+00
309 +6.016035889e-01 +6.016035889e-01 -1.633839641e+01 -1.633839641e+01 +3.7207e+00 +2.5248e+00 -1.5673e+00
335 +4.630654826e-01 +4.630654826e-01 -1.647693452e+01 -1.647693452e+01 +3.6136e+00 +2.4683e+00 -1.4748e+00
342 +3.357868999e-01 +3.357868999e-01 -1.660421310e+01 -1.660421310e+01 +3.5831e+00 +2.5324e+00 -1.4614e+00
377 +3.255028989e-01 +3.255028989e-01 -1.661449710e+01 -1.661449710e+01 +3.6261e+00 +2.5739e+00 -1.5138e+00
97169 +2.952738553e-01 +2.952738553e-01 -1.664472614e+01 -1.664472614e+01 +3.5438e+00 +2.4127e+00 -1.4298e+00
97194 +2.925124684e-01 +2.925124684e-01 -1.664748753e+01 -1.664748753e+01 +3.5123e+00 +2.3571e+00 -1.3957e+00
97196 +1.290904491e-01 +1.290904491e-01 -1.681090955e+01 -1.681090955e+01 +3.5518e+00 +2.4242e+00 -1.4303e+00
97324 +1.066107585e-01 +1.066107585e-01 -1.683338924e+01 -1.683338924e+01 +3.4903e+00 +2.3705e+00 -1.3794e+00
97355 +8.656522199e-02 +8.656522199e-02 -1.685343478e+01 -1.685343478e+01 +3.4878e+00 +2.3681e+00 -1.3782e+00
97422 +7.954414852e-02 +7.954414852e-02 -1.686045585e+01 -1.686045585e+01 +3.4868e+00 +2.3648e+00 -1.3767e+00
97476 +7.453938004e-02 +7.453938004e-02 -1.686546062e+01 -1.686546062e+01 +3.4844e+00 +2.3633e+00 -1.3748e+00
97618 +7.241423245e-02 +7.241423245e-02 -1.686758577e+01 -1.686758577e+01 +3.4854e+00 +2.3638e+00 -1.3757e+00
97644 +6.996226097e-02 +6.996226097e-02 -1.687003774e+01 -1.687003774e+01 +3.4855e+00 +2.3638e+00 -1.3757e+00
97663 +6.912756545e-02 +6.912756545e-02 -1.687087243e+01 -1.687087243e+01 +3.4855e+00 +2.3641e+00 -1.3757e+00
97726 +6.718212852e-02 +6.718212852e-02 -1.687281787e+01 -1.687281787e+01 +3.4853e+00 +2.3639e+00 -1.3756e+00
97740 +6.532923499e-02 +6.532923499e-02 -1.687467077e+01 -1.687467077e+01 +3.4853e+00 +2.3639e+00 -1.3756e+00
97839 +6.341760833e-02 +6.341760833e-02 -1.687658239e+01 -1.687658239e+01 +3.4853e+00 +2.3639e+00 -1.3756e+00
97842 +6.249944032e-02 +6.249944032e-02 -1.687750056e+01 -1.687750056e+01 +3.4853e+00 +2.3639e+00 -1.3756e+00
98006 +6.138909657e-02 +6.138909657e-02 -1.687861090e+01 -1.687861090e+01 +3.4853e+00 +2.3638e+00 -1.3756e+00
175937 +4.974470230e-02 +4.974470230e-02 -1.689025530e+01 -1.689025530e+01 +3.6530e+00 +2.5533e+00 -1.5260e+00
175939 +4.825518743e-02 +4.825518743e-02 -1.689174481e+01 -1.689174481e+01 +3.6697e+00 +2.5597e+00 -1.5427e+00
175969 +3.470506615e-02 +3.470506615e-02 -1.690529493e+01 -1.690529493e+01 +3.6626e+00 +2.5607e+00 -1.5357e+00
175975 +2.527052001e-02 +2.527052001e-02 -1.691472948e+01 -1.691472948e+01 +3.6643e+00 +2.5572e+00 -1.5362e+00
175982 +1.879312650e-02 +1.879312650e-02 -1.692120687e+01 -1.692120687e+01 +3.6636e+00 +2.5564e+00 -1.5363e+00
176033 +1.712687630e-02 +1.712687630e-02 -1.692287312e+01 -1.692287312e+01 +3.6605e+00 +2.5560e+00 -1.5336e+00
176090 +1.390118983e-02 +1.390118983e-02 -1.692609881e+01 -1.692609881e+01 +3.6603e+00 +2.5543e+00 -1.5331e+00
176094 +4.031791741e-03 +4.031791741e-03 -1.693596821e+01 -1.693596821e+01 +3.6597e+00 +2.5544e+00 -1.5331e+00
176197 +3.612225853e-03 +3.612225853e-03 -1.693638777e+01 -1.693638777e+01 +3.6598e+00 +2.5546e+00 -1.5332e+00
176245 +3.411099461e-03 +3.411099461e-03 -1.693658890e+01 -1.693658890e+01 +3.6598e+00 +2.5544e+00 -1.5332e+00
176270 +2.733107744e-03 +2.733107744e-03 -1.693726689e+01 -1.693726689e+01 +3.6600e+00 +2.5545e+00 -1.5334e+00
176321 +2.613628661e-03 +2.613628661e-03 -1.693738637e+01 -1.693738637e+01 +3.6600e+00 +2.5546e+00 -1.5334e+00
216591 +1.407652421e-03 +1.407652421e-03 -1.693859235e+01 -1.693859235e+01 +3.6559e+00 +2.5497e+00 -1.5295e+00
% function evaluation | noise-free fitness - Fopt (1.881000000000e+01) | best noise-free fitness - Fopt | measured fitness | best measured fitness | x1 | x2...
1 +4.772316610e+01 +4.772316610e+01 +6.653316610e+01 +6.653316610e+01 +0.0000e+00 +0.0000e+00 +0.0000e+00
5 +1.441782896e+01 +1.441782896e+01 +3.322782896e+01 +3.322782896e+01 -1.1952e+00 +3.1850e+00 -2.9106e-01
24 +5.699480617e+00 +5.699480617e+00 +2.450948062e+01 +2.450948062e+01 +4.6371e-01 +1.6308e+00 -1.3583e+00
83 +5.523941928e+00 +5.523941928e+00 +2.433394193e+01 +2.433394193e+01 +4.3533e-01 +2.3263e+00 -9.4294e-01
93 +4.146494045e+00 +4.146494045e+00 +2.295649404e+01 +2.295649404e+01 +2.2303e-02 +2.1614e+00 -8.9463e-01
109 +1.383672918e+00 +1.383672918e+00 +2.019367292e+01 +2.019367292e+01 -1.1289e-01 +1.7026e+00 -9.0285e-01
127 +5.644974555e-01 +5.644974555e-01 +1.937449746e+01 +1.937449746e+01 -1.2333e-01 +1.9418e+00 -8.4351e-01
187 +5.014968335e-01 +5.014968335e-01 +1.931149683e+01 +1.931149683e+01 -2.6554e-01 +1.7431e+00 -7.4235e-01
220 +2.919416406e-01 +2.919416406e-01 +1.910194164e+01 +1.910194164e+01 -3.1068e-01 +1.7567e+00 -7.1558e-01
431 +2.458821653e-01 +2.458821653e-01 +1.905588217e+01 +1.905588217e+01 -5.0020e-01 +1.6172e+00 -5.6431e-01
433 +1.887325677e-01 +1.887325677e-01 +1.899873257e+01 +1.899873257e+01 -4.9288e-01 +1.6158e+00 -5.7067e-01
472 +1.693987194e-01 +1.693987194e-01 +1.897939872e+01 +1.897939872e+01 -4.8763e-01 +1.6104e+00 -5.7546e-01
494 +1.450901331e-01 +1.450901331e-01 +1.895509013e+01 +1.895509013e+01 -4.8957e-01 +1.6138e+00 -5.7334e-01
538 +1.366243485e-01 +1.366243485e-01 +1.894662435e+01 +1.894662435e+01 -4.9515e-01 +1.6084e+00 -5.6863e-01
574 +1.338755346e-01 +1.338755346e-01 +1.894387553e+01 +1.894387553e+01 -4.9543e-01 +1.6083e+00 -5.6874e-01
585 +1.239818915e-01 +1.239818915e-01 +1.893398189e+01 +1.893398189e+01 -4.9596e-01 +1.6096e+00 -5.6808e-01
43425 +1.013180193e-01 +1.013180193e-01 +1.891131802e+01 +1.891131802e+01 -1.8687e-01 +1.7931e+00 -8.2960e-01
43431 +8.584211988e-02 +8.584211988e-02 +1.889584212e+01 +1.889584212e+01 -1.9383e-01 +1.7867e+00 -8.1735e-01
43447 +6.118681211e-02 +6.118681211e-02 +1.887118681e+01 +1.887118681e+01 -1.9836e-01 +1.7772e+00 -8.1990e-01
43482 +5.673865237e-02 +5.673865237e-02 +1.886673865e+01 +1.886673865e+01 -2.1274e-01 +1.7659e+00 -8.0679e-01
43525 +3.911173159e-02 +3.911173159e-02 +1.884911173e+01 +1.884911173e+01 -2.0873e-01 +1.7666e+00 -8.0969e-01
43550 +3.881030963e-02 +3.881030963e-02 +1.884881031e+01 +1.884881031e+01 -2.0698e-01 +1.7760e+00 -8.0802e-01
43578 +2.715213921e-02 +2.715213921e-02 +1.883715214e+01 +1.883715214e+01 -2.1677e-01 +1.7698e+00 -8.0051e-01
43605 +2.691487428e-02 +2.691487428e-02 +1.883691487e+01 +1.883691487e+01 -2.1775e-01 +1.7641e+00 -8.0128e-01
43669 +2.428671036e-02 +2.428671036e-02 +1.883428671e+01 +1.883428671e+01 -2.1623e-01 +1.7656e+00 -8.0258e-01
43672 +2.387866635e-02 +2.387866635e-02 +1.883387867e+01 +1.883387867e+01 -2.1505e-01 +1.7664e+00 -8.0302e-01
43676 +2.317069162e-02 +2.317069162e-02 +1.883317069e+01 +1.883317069e+01 -2.1478e-01 +1.7673e+00 -8.0313e-01
43677 +2.048357793e-02 +2.048357793e-02 +1.883048358e+01 +1.883048358e+01 -2.1519e-01 +1.7662e+00 -8.0255e-01
43689 +1.916550443e-02 +1.916550443e-02 +1.882916550e+01 +1.882916550e+01 -2.1616e-01 +1.7655e+00 -8.0210e-01
43710 +1.838437674e-02 +1.838437674e-02 +1.882838438e+01 +1.882838438e+01 -2.1662e-01 +1.7655e+00 -8.0174e-01
43729 +1.804144404e-02 +1.804144404e-02 +1.882804144e+01 +1.882804144e+01 -2.1616e-01 +1.7655e+00 -8.0185e-01
43786 +1.754362083e-02 +1.754362083e-02 +1.882754362e+01 +1.882754362e+01 -2.1604e-01 +1.7668e+00 -8.0196e-01
43790 +1.699185992e-02 +1.699185992e-02 +1.882699186e+01 +1.882699186e+01 -2.1594e-01 +1.7673e+00 -8.0200e-01
43799 +1.287089955e-02 +1.287089955e-02 +1.882287090e+01 +1.882287090e+01 -2.1642e-01 +1.7669e+00 -8.0147e-01
43859 +1.121168909e-02 +1.121168909e-02 +1.882121169e+01 +1.882121169e+01 -2.1627e-01 +1.7668e+00 -8.0163e-01
44169 +1.072940280e-02 +1.072940280e-02 +1.882072940e+01 +1.882072940e+01 -2.1604e-01 +1.7669e+00 -8.0183e-01
44655 +1.056983530e-02 +1.056983530e-02 +1.882056984e+01 +1.882056984e+01 -2.1608e-01 +1.7669e+00 -8.0179e-01
44875 +1.031396442e-02 +1.031396442e-02 +1.882031396e+01 +1.882031396e+01 -2.1609e-01 +1.7669e+00 -8.0178e-01
47061 +1.012740816e-02 +1.012740816e-02 +1.882012741e+01 +1.882012741e+01 -2.1611e-01 +1.7669e+00 -8.0176e-01
47334 +9.998792954e-03 +9.998792954e-03 +1.881999879e+01 +1.881999879e+01 -2.1612e-01 +1.7669e+00 -8.0176e-01
% function evaluation | noise-free fitness - Fopt (2.731500000000e+02) | best noise-free fitness - Fopt | measured fitness | best measured fitness | x1 | x2...
1 +4.208329392e+02 +4.208329392e+02 +6.939829392e+02 +6.939829392e+02 +0.0000e+00 +0.0000e+00 +0.0000e+00
2 +2.254228710e+02 +2.254228710e+02 +4.985728710e+02 +4.985728710e+02 -2.7984e+00 -6.6070e-01 +4.8523e+00
4 +1.453624755e+02 +1.453624755e+02 +4.185124755e+02 +4.185124755e+02 -1.5356e+00 -5.9588e-01 -3.3331e-01
8 +1.160191272e+02 +1.160191272e+02 +3.891691272e+02 +3.891691272e+02 +4.6973e-01 +1.7886e+00 +1.3787e+00
12 +8.210913193e+01 +8.210913193e+01 +3.552591319e+02 +3.552591319e+02 -2.4711e+00 +1.7799e+00 +2.4320e+00
16 +7.127096681e+01 +7.127096681e+01 +3.444209668e+02 +3.444209668e+02 -1.0700e+00 +1.1202e+00 +1.1325e+00
26 +5.883412339e+01 +5.883412339e+01 +3.319841234e+02 +3.319841234e+02 -3.6362e+00 +5.8212e-01 -2.4300e+00
35 +2.393731356e+01 +2.393731356e+01 +2.970873136e+02 +2.970873136e+02 -5.3138e+00 -1.9998e-01 -5.4710e-01
39 +2.043709582e+01 +2.043709582e+01 +2.935870958e+02 +2.935870958e+02 -4.0054e+00 +1.9196e+00 -1.3889e+00
43 +1.275355226e+01 +1.275355226e+01 +2.859035523e+02 +2.859035523e+02 -3.9217e+00 +2.7361e+00 -1.6407e+00
55 +4.301401467e+00 +4.301401467e+00 +2.774514015e+02 +2.774514015e+02 -4.0118e+00 +3.2165e+00 -6.8133e-01
88 +3.005225445e+00 +3.005225445e+00 +2.761552254e+02 +2.761552254e+02 -4.4315e+00 +2.1314e+00 -6.9465e-01
189 +2.562578151e+00 +2.562578151e+00 +2.757125782e+02 +2.757125782e+02 -3.8842e+00 +3.0155e+00 -4.7184e-01
207 +1.822073414e+00 +1.822073414e+00 +2.749720734e+02 +2.749720734e+02 -4.0102e+00 +3.1525e+00 -3.2198e-01
210 +1.755030777e+00 +1.755030777e+00 +2.749050308e+02 +2.749050308e+02 -3.6796e+00 +3.6201e+00 -3.7750e-01
212 +1.274491301e+00 +1.274491301e+00 +2.744244913e+02 +2.744244913e+02 -3.6577e+00 +3.5553e+00 -4.2902e-01
213 +1.104870962e+00 +1.104870962e+00 +2.742548710e+02 +2.742548710e+02 -3.6173e+00 +3.7261e+00 -4.3418e-01
274 +8.219247429e-01 +8.219247429e-01 +2.739719247e+02 +2.739719247e+02 -4.0914e+00 +2.8288e+00 -5.3456e-01
306 +6.618070445e-01 +6.618070445e-01 +2.738118070e+02 +2.738118070e+02 -4.0796e+00 +2.8579e+00 -5.4113e-01
347 +5.845193348e-01 +5.845193348e-01 +2.737345193e+02 +2.737345193e+02 -4.0469e+00 +2.8561e+00 -5.8683e-01
373 +5.407922704e-01 +5.407922704e-01 +2.736907923e+02 +2.736907923e+02 -4.0554e+00 +2.8444e+00 -5.7583e-01
388 +5.225089285e-01 +5.225089285e-01 +2.736725089e+02 +2.736725089e+02 -4.0708e+00 +2.8302e+00 -5.7930e-01
397 +4.802309286e-01 +4.802309286e-01 +2.736302309e+02 +2.736302309e+02 -4.0535e+00 +2.8421e+00 -5.8881e-01
430 +4.512725140e-01 +4.512725140e-01 +2.736012725e+02 +2.736012725e+02 -4.0596e+00 +2.8399e+00 -5.7965e-01
444 +4.081185507e-01 +4.081185507e-01 +2.735581186e+02 +2.735581186e+02 -4.0533e+00 +2.8427e+00 -5.8971e-01
458 +3.599287046e-01 +3.599287046e-01 +2.735099287e+02 +2.735099287e+02 -4.0573e+00 +2.8343e+00 -5.9209e-01
472 +3.321558501e-01 +3.321558501e-01 +2.734821559e+02 +2.734821559e+02 -4.0569e+00 +2.8305e+00 -5.9582e-01
505 +3.299444269e-01 +3.299444269e-01 +2.734799444e+02 +2.734799444e+02 -4.0477e+00 +2.8441e+00 -5.9547e-01
612 +3.028415380e-01 +3.028415380e-01 +2.734528415e+02 +2.734528415e+02 -4.0600e+00 +2.8220e+00 -5.9877e-01
666 +2.734894521e-01 +2.734894521e-01 +2.734234895e+02 +2.734234895e+02 -4.0602e+00 +2.8204e+00 -6.0020e-01
835 +2.670438014e-01 +2.670438014e-01 +2.734170438e+02 +2.734170438e+02 -4.0599e+00 +2.8208e+00 -6.0024e-01
1324 +2.625921751e-01 +2.625921751e-01 +2.734125922e+02 +2.734125922e+02 -4.0596e+00 +2.8215e+00 -6.0013e-01
270978 +1.326865839e-01 +1.326865839e-01 +2.732826866e+02 +2.732826866e+02 -3.5638e+00 +3.7713e+00 -4.7343e-01
271037 +7.520766545e-02 +7.520766545e-02 +2.732252077e+02 +2.732252077e+02 -3.5868e+00 +3.7499e+00 -4.7093e-01
271038 +3.611016797e-02 +3.611016797e-02 +2.731861102e+02 +2.731861102e+02 -3.5778e+00 +3.7575e+00 -4.8023e-01
271211 +1.608772343e-02 +1.608772343e-02 +2.731660877e+02 +2.731660877e+02 -3.5873e+00 +3.7376e+00 -4.8076e-01
271475 +1.285524571e-02 +1.285524571e-02 +2.731628552e+02 +2.731628552e+02 -3.5944e+00 +3.7251e+00 -4.8175e-01
271559 +1.133256829e-02 +1.133256829e-02 +2.731613326e+02 +2.731613326e+02 -3.5946e+00 +3.7253e+00 -4.8138e-01
% function evaluation | noise-free fitness - Fopt (3.718000000000e+01) | best noise-free fitness - Fopt | measured fitness | best measured fitness | x1 | x2...
1 +4.216787575e+01 +4.216787575e+01 +7.934787575e+01 +7.934787575e+01 +0.0000e+00 +0.0000e+00 +0.0000e+00
6 +1.434314184e+01 +1.434314184e+01 +5.152314184e+01 +5.152314184e+01 -2.8653e-01 +1.6331e+00 +4.6098e-01
22 +1.011170946e+01 +1.011170946e+01 +4.729170946e+01 +4.729170946e+01 +1.3397e+00 +2.8028e+00 +1.9878e+00
34 +5.095553151e+00 +5.095553151e+00 +4.227555315e+01 +4.227555315e+01 -2.6815e-01 +2.6197e+00 +1.7501e+00
105 +3.485359875e+00 +3.485359875e+00 +4.066535987e+01 +4.066535987e+01 -1.4022e+00 +2.6435e+00 +2.3083e+00
114 +3.427511554e+00 +3.427511554e+00 +4.060751155e+01 +4.060751155e+01 -2.2460e+00 +2.3699e+00 +1.5889e+00
187 +1.645327273e+00 +1.645327273e+00 +3.882532727e+01 +3.882532727e+01 -4.1256e+00 +2.1208e+00 +2.2660e+00
212 +1.290332090e+00 +1.290332090e+00 +3.847033209e+01 +3.847033209e+01 -3.5308e+00 +2.1166e+00 +1.9602e+00
225 +9.677519354e-01 +9.677519354e-01 +3.814775194e+01 +3.814775194e+01 -3.2975e+00 +2.2545e+00 +2.0904e+00
227 +3.454908661e-01 +3.454908661e-01 +3.752549087e+01 +3.752549087e+01 -3.6411e+00 +2.1561e+00 +2.0445e+00
297 +2.428806797e-01 +2.428806797e-01 +3.742288068e+01 +3.742288068e+01 -3.8512e+00 +2.0801e+00 +2.0228e+00
312 +1.279730763e-01 +1.279730763e-01 +3.730797308e+01 +3.730797308e+01 -3.8882e+00 +2.0742e+00 +2.0562e+00
340 +7.341242795e-02 +7.341242795e-02 +3.725341243e+01 +3.725341243e+01 -3.8720e+00 +2.0737e+00 +2.0509e+00
346 +5.749734647e-02 +5.749734647e-02 +3.723749735e+01 +3.723749735e+01 -3.8765e+00 +2.0699e+00 +2.0452e+00
458 +5.555693521e-02 +5.555693521e-02 +3.723555694e+01 +3.723555694e+01 -3.8388e+00 +2.0798e+00 +2.0452e+00
473 +5.466930329e-02 +5.466930329e-02 +3.723466930e+01 +3.723466930e+01 -3.8444e+00 +2.0755e+00 +2.0412e+00
483 +4.604617695e-02 +4.604617695e-02 +3.722604618e+01 +3.722604618e+01 -3.8471e+00 +2.0770e+00 +2.0432e+00
501 +4.567234320e-02 +4.567234320e-02 +3.722567234e+01 +3.722567234e+01 -3.8403e+00 +2.0798e+00 +2.0459e+00
517 +4.243014471e-02 +4.243014471e-02 +3.722243014e+01 +3.722243014e+01 -3.8454e+00 +2.0792e+00 +2.0445e+00
533 +3.317768936e-02 +3.317768936e-02 +3.721317769e+01 +3.721317769e+01 -3.8420e+00 +2.0787e+00 +2.0426e+00
537 +3.218622268e-02 +3.218622268e-02 +3.721218622e+01 +3.721218622e+01 -3.8441e+00 +2.0785e+00 +2.0435e+00
550 +2.051131427e-02 +2.051131427e-02 +3.720051131e+01 +3.720051131e+01 -3.8443e+00 +2.0786e+00 +2.0440e+00
599 +1.954481677e-02 +1.954481677e-02 +3.719954482e+01 +3.719954482e+01 -3.8424e+00 +2.0793e+00 +2.0441e+00
672 +1.946109772e-02 +1.946109772e-02 +3.719946110e+01 +3.719946110e+01 -3.8424e+00 +2.0793e+00 +2.0441e+00
710 +1.898475996e-02 +1.898475996e-02 +3.719898476e+01 +3.719898476e+01 -3.8423e+00 +2.0793e+00 +2.0441e+00
770 +1.862032711e-02 +1.862032711e-02 +3.719862033e+01 +3.719862033e+01 -3.8416e+00 +2.0796e+00 +2.0443e+00
772 +1.653608355e-02 +1.653608355e-02 +3.719653608e+01 +3.719653608e+01 -3.8416e+00 +2.0796e+00 +2.0443e+00
1677 +1.521795007e-02 +1.521795007e-02 +3.719521795e+01 +3.719521795e+01 -3.8415e+00 +2.0797e+00 +2.0443e+00
1760 +1.473859753e-02 +1.473859753e-02 +3.719473860e+01 +3.719473860e+01 -3.8415e+00 +2.0797e+00 +2.0443e+00
111447 +1.202186723e-02 +1.202186723e-02 +3.719202187e+01 +3.719202187e+01 -3.8912e+00 +2.0617e+00 +2.0406e+00
111493 +7.358630968e-03 +7.358630968e-03 +3.718735863e+01 +3.718735863e+01 -3.8923e+00 +2.0620e+00 +2.0406e+00
111500 +5.268223786e-03 +5.268223786e-03 +3.718526822e+01 +3.718526822e+01 -3.8967e+00 +2.0607e+00 +2.0401e+00
111529 +4.814828254e-03 +4.814828254e-03 +3.718481483e+01 +3.718481483e+01 -3.8957e+00 +2.0610e+00 +2.0400e+00
111543 +4.169654565e-03 +4.169654565e-03 +3.718416965e+01 +3.718416965e+01 -3.8967e+00 +2.0604e+00 +2.0398e+00
111547 +2.379817395e-03 +2.379817395e-03 +3.718237982e+01 +3.718237982e+01 -3.8961e+00 +2.0609e+00 +2.0402e+00
111563 +2.109069525e-03 +2.109069525e-03 +3.718210907e+01 +3.718210907e+01 -3.8965e+00 +2.0606e+00 +2.0399e+00
111601 +1.529463271e-03 +1.529463271e-03 +3.718152946e+01 +3.718152946e+01 -3.8966e+00 +2.0607e+00 +2.0401e+00
111632 +1.310488619e-03 +1.310488619e-03 +3.718131049e+01 +3.718131049e+01 -3.8964e+00 +2.0607e+00 +2.0401e+00
111742 +1.212621116e-03 +1.212621116e-03 +3.718121262e+01 +3.718121262e+01 -3.8965e+00 +2.0607e+00 +2.0401e+00
111860 +9.710516725e-04 +9.710516725e-04 +3.718097105e+01 +3.718097105e+01 -3.8964e+00 +2.0607e+00 +2.0401e+00
111895 +9.458100122e-04 +9.458100122e-04 +3.718094581e+01 +3.718094581e+01 -3.8964e+00 +2.0607e+00 +2.0401e+00
111941 +9.287340048e-04 +9.287340048e-04 +3.718092873e+01 +3.718092873e+01 -3.8963e+00 +2.0607e+00 +2.0401e+00
112078 +8.634353523e-04 +8.634353523e-04 +3.718086344e+01 +3.718086344e+01 -3.8963e+00 +2.0607e+00 +2.0401e+00
112090 +8.398912740e-04 +8.398912740e-04 +3.718083989e+01 +3.718083989e+01 -3.8963e+00 +2.0607e+00 +2.0401e+00
112119 +7.986661046e-04 +7.986661046e-04 +3.718079867e+01 +3.718079867e+01 -3.8963e+00 +2.0607e+00 +2.0401e+00
112151 +7.860663360e-04 +7.860663360e-04 +3.718078607e+01 +3.718078607e+01 -3.8963e+00 +2.0607e+00 +2.0401e+00
112499 +7.750514015e-04 +7.750514015e-04 +3.718077505e+01 +3.718077505e+01 -3.8963e+00 +2.0608e+00 +2.0401e+00
% function evaluation | noise-free fitness - Fopt (-1.479000000000e+02) | best noise-free fitness - Fopt | measured fitness | best measured fitness | x1 | x2...
1 +2.344305408e+01 +2.344305408e+01 -1.244569459e+02 -1.244569459e+02 +0.0000e+00 +0.0000e+00 +0.0000e+00
6 +1.077954456e+01 +1.077954456e+01 -1.371204554e+02 -1.371204554e+02 -7.1826e-01 +1.1923e-01 -9.4156e-02
13 +1.029374847e+01 +1.029374847e+01 -1.376062515e+02 -1.376062515e+02 -1.3889e+00 -5.4069e-01 +1.3909e+00
15 +4.800143011e+00 +4.800143011e+00 -1.430998570e+02 -1.430998570e+02 -1.1448e+00 -2.9878e-01 +5.3080e-01
30 +2.125675084e+00 +2.125675084e+00 -1.457743249e+02 -1.457743249e+02 -1.8766e+00 -9.3755e-02 +6.3885e-01
86 +1.393845296e+00 +1.393845296e+00 -1.465061547e+02 -1.465061547e+02 -1.7567e+00 -3.9293e-03 +7.5930e-01
93 +8.537477128e-01 +8.537477128e-01 -1.470462523e+02 -1.470462523e+02 -1.8464e+00 -3.0041e-01 +3.1046e-01
140 +5.426709856e-01 +5.426709856e-01 -1.473573290e+02 -1.473573290e+02 -1.7255e+00 -1.8959e-01 +4.6610e-01
% function evaluation | noise-free fitness - Fopt (-6.080000000000e+00) | best noise-free fitness - Fopt | measured fitness | best measured fitness | x1 | x2...
1 +8.481413762e+01 +8.481413762e+01 +7.873413762e+01 +7.873413762e+01 +0.0000e+00 +0.0000e+00 +0.0000e+00
3 +2.595531267e+01 +2.595531267e+01 +1.987531267e+01 +1.987531267e+01 +2.3262e+00 +1.6410e+00 -1.1643e+00
6 +7.949230651e+00 +7.949230651e+00 +1.869230651e+00 +1.869230651e+00 +1.5053e-01 +2.0908e+00 -1.5227e+00
16 +4.555141509e+00 +4.555141509e+00 -1.524858491e+00 -1.524858491e+00 -1.8361e-01 +2.0403e+00 -2.3947e+00
122 +2.349959537e+00 +2.349959537e+00 -3.730040463e+00 -3.730040463e+00 +5.1554e-01 +1.9485e+00 -2.6882e+00
160 +1.178445156e+00 +1.178445156e+00 -4.901554844e+00 -4.901554844e+00 -2.0173e-01 +1.8431e+00 -2.1730e+00
192 +1.121881488e+00 +1.121881488e+00 -4.958118512e+00 -4.958118512e+00 -2.2940e-01 +1.8361e+00 -2.1776e+00
228 +4.139595343e-01 +4.139595343e-01 -5.666040466e+00 -5.666040466e+00 +8.0756e-02 +1.9006e+00 -2.5692e+00
292 +3.415600483e-01 +3.415600483e-01 -5.738439952e+00 -5.738439952e+00 +2.1460e-01 +1.9317e+00 -2.7213e+00
339 +3.363599493e-01 +3.363599493e-01 -5.743640051e+00 -5.743640051e+00 +2.5362e-01 +1.9424e+00 -2.7384e+00
352 +3.127803300e-01 +3.127803300e-01 -5.767219670e+00 -5.767219670e+00 +2.2394e-01 +1.9408e+00 -2.7497e+00
497 +2.947315650e-01 +2.947315650e-01 -5.785268435e+00 -5.785268435e+00 +2.3773e-01 +1.9439e+00 -2.7349e+00
503 +2.421608661e-01 +2.421608661e-01 -5.837839134e+00 -5.837839134e+00 +2.3057e-01 +1.9400e+00 -2.7348e+00
584 +2.388849498e-01 +2.388849498e-01 -5.841115050e+00 -5.841115050e+00 +2.2760e-01 +1.9400e+00 -2.7344e+00
616 +1.845374360e-01 +1.845374360e-01 -5.895462564e+00 -5.895462564e+00 +2.1662e-01 +1.9349e+00 -2.7331e+00
639 +1.721519100e-01 +1.721519100e-01 -5.907848090e+00 -5.907848090e+00 +2.1308e-01 +1.9344e+00 -2.7307e+00
857 +1.625815685e-01 +1.625815685e-01 -5.917418431e+00 -5.917418431e+00 +2.2102e-01 +1.9365e+00 -2.7405e+00
916 +1.547135432e-01 +1.547135432e-01 -5.925286457e+00 -5.925286457e+00 +2.2009e-01 +1.9365e+00 -2.7391e+00
1041 +1.431190068e-01 +1.431190068e-01 -5.936880993e+00 -5.936880993e+00 +2.2107e-01 +1.9367e+00 -2.7401e+00
1102 +1.387484183e-01 +1.387484183e-01 -5.941251582e+00 -5.941251582e+00 +2.2113e-01 +1.9367e+00 -2.7403e+00
1165 +1.369901183e-01 +1.369901183e-01 -5.943009882e+00 -5.943009882e+00 +2.2114e-01 +1.9367e+00 -2.7403e+00
119606 +6.676512357e-02 +6.676512357e-02 -6.013234876e+00 -6.013234876e+00 +5.9390e-01 +2.0552e+00 -3.1392e+00
119657 +4.844843705e-02 +4.844843705e-02 -6.031551563e+00 -6.031551563e+00 +6.2815e-01 +2.0694e+00 -3.1691e+00
119771 +3.536271803e-02 +3.536271803e-02 -6.044637282e+00 -6.044637282e+00 +6.2727e-01 +2.0636e+00 -3.1617e+00
119791 +2.732397100e-02 +2.732397100e-02 -6.052676029e+00 -6.052676029e+00 +6.2383e-01 +2.0641e+00 -3.1616e+00
119809 +5.340560914e-03 +5.340560914e-03 -6.074659439e+00 -6.074659439e+00 +6.2694e-01 +2.0655e+00 -3.1656e+00
119888 +2.845844637e-03 +2.845844637e-03 -6.077154155e+00 -6.077154155e+00 +6.2965e-01 +2.0664e+00 -3.1692e+00
% function evaluation | noise-free fitness - Fopt (2.431100000000e+02) | best noise-free fitness - Fopt | measured fitness | best measured fitness | x1 | x2...
1 +6.994435146e+01 +6.994435146e+01 +3.130543515e+02 +3.130543515e+02 +0.0000e+00 +0.0000e+00 +0.0000e+00
5 +3.239625207e+01 +3.239625207e+01 +2.755062521e+02 +2.755062521e+02 +1.0073e+00 +4.4504e-01 +2.3361e-01
15 +3.229887797e+01 +3.229887797e+01 +2.754088780e+02 +2.754088780e+02 -9.1049e-01 -1.0646e+00 -7.8783e-01
22 +1.270107197e+01 +1.270107197e+01 +2.558110720e+02 +2.558110720e+02 -8.8637e-01 +5.3510e-01 -2.5557e-01
42 +1.023267015e+01 +1.023267015e+01 +2.533426702e+02 +2.533426702e+02 -1.4175e+00 +7.4691e-01 +9.1574e-01
50 +4.275673496e+00 +4.275673496e+00 +2.473856735e+02 +2.473856735e+02 -2.1673e+00 +1.5046e-01 +1.0589e+00
99 +4.063707835e+00 +4.063707835e+00 +2.471737078e+02 +2.471737078e+02 -2.3545e+00 +4.5950e-02 +9.0626e-01
113 +3.831939073e+00 +3.831939073e+00 +2.469419391e+02 +2.469419391e+02 -2.7931e+00 -2.3545e-01 +8.0447e-01
116 +3.250283664e+00 +3.250283664e+00 +2.463602837e+02 +2.463602837e+02 -2.6387e+00 -2.2926e-01 +5.7203e-01
253 +2.068674207e+00 +2.068674207e+00 +2.451786742e+02 +2.451786742e+02 -2.8222e+00 -4.1693e-01 +5.9941e-01
266 +1.416178750e+00 +1.416178750e+00 +2.445261787e+02 +2.445261787e+02 -2.8259e+00 -3.4784e-01 +5.6977e-01
322 +1.280863492e+00 +1.280863492e+00 +2.443908635e+02 +2.443908635e+02 -2.8718e+00 -4.3234e-01 +5.8064e-01
343 +1.081017595e+00 +1.081017595e+00 +2.441910176e+02 +2.441910176e+02 -2.8654e+00 -4.1656e-01 +5.4489e-01
44376 +9.609846013e-01 +9.609846013e-01 +2.440709846e+02 +2.440709846e+02 -5.0407e+00 -2.9352e+00 -2.1495e+00
44389 +9.063352492e-01 +9.063352492e-01 +2.440163352e+02 +2.440163352e+02 -5.0389e+00 -2.9397e+00 -2.1721e+00
44534 +7.873812048e-01 +7.873812048e-01 +2.438973812e+02 +2.438973812e+02 -4.9835e+00 -2.8782e+00 -2.1091e+00
44705 +7.695273568e-01 +7.695273568e-01 +2.438795274e+02 +2.438795274e+02 -4.9896e+00 -2.8819e+00 -2.1076e+00
44732 +7.356495184e-01 +7.356495184e-01 +2.438456495e+02 +2.438456495e+02 -4.9831e+00 -2.8760e+00 -2.1038e+00
44854 +7.226273086e-01 +7.226273086e-01 +2.438326273e+02 +2.438326273e+02 -4.9848e+00 -2.8784e+00 -2.1064e+00
44899 +6.969846931e-01 +6.969846931e-01 +2.438069847e+02 +2.438069847e+02 -4.9854e+00 -2.8788e+00 -2.1067e+00
45067 +6.900791911e-01 +6.900791911e-01 +2.438000792e+02 +2.438000792e+02 -4.9849e+00 -2.8782e+00 -2.1060e+00
178359 +1.295193630e-01 +1.295193630e-01 +2.432395194e+02 +2.432395194e+02 -3.6918e+00 -1.3657e+00 -5.6482e-01
178433 +6.877059637e-02 +6.877059637e-02 +2.431787706e+02 +2.431787706e+02 -3.7153e+00 -1.3852e+00 -5.7611e-01
178530 +6.165652742e-02 +6.165652742e-02 +2.431716565e+02 +2.431716565e+02 -3.7386e+00 -1.4079e+00 -5.9554e-01
178657 +3.519391174e-02 +3.519391174e-02 +2.431451939e+02 +2.431451939e+02 -3.7352e+00 -1.4061e+00 -5.9490e-01
178672 +3.095493844e-02 +3.095493844e-02 +2.431409549e+02 +2.431409549e+02 -3.7355e+00 -1.4066e+00 -5.9598e-01
178725 +2.495787683e-02 +2.495787683e-02 +2.431349579e+02 +2.431349579e+02 -3.7359e+00 -1.4072e+00 -5.9653e-01
178728 +2.319937032e-02 +2.319937032e-02 +2.431331994e+02 +2.431331994e+02 -3.7369e+00 -1.4087e+00 -5.9867e-01
178761 +1.959201136e-02 +1.959201136e-02 +2.431295920e+02 +2.431295920e+02 -3.7374e+00 -1.4092e+00 -5.9905e-01
% function evaluation | noise-free fitness - Fopt (-1.436200000000e+02) | best noise-free fitness - Fopt | measured fitness | best measured fitness | x1 | x2...
1 +2.056655955e+02 +2.056655955e+02 +6.204559554e+01 +6.204559554e+01 +0.0000e+00 +0.0000e+00 +0.0000e+00
2 +7.099201760e+01 +7.099201760e+01 -7.262798240e+01 -7.262798240e+01 -6.3520e-01 +9.5320e-01 -3.0223e-02
8 +4.166019395e+01 +4.166019395e+01 -1.019598060e+02 -1.019598060e+02 -4.4877e+00 +5.5626e-01 -6.4730e-01
13 +1.180545014e+01 +1.180545014e+01 -1.318145499e+02 -1.318145499e+02 -4.1813e+00 +9.3417e-01 -1.9015e+00
41 +6.708723319e+00 +6.708723319e+00 -1.369112767e+02 -1.369112767e+02 -4.0002e+00 +7.8827e-01 -1.8152e+00
58 +4.007400528e+00 +4.007400528e+00 -1.396125995e+02 -1.396125995e+02 -3.4621e+00 +1.1261e+00 -1.1644e+00
108 +2.187676298e+00 +2.187676298e+00 -1.414323237e+02 -1.414323237e+02 -3.1616e+00 +1.6297e+00 -6.5398e-01
165 +2.046629101e+00 +2.046629101e+00 -1.415733709e+02 -1.415733709e+02 -3.5456e+00 +1.1233e+00 -1.1724e+00
228 +1.779302960e+00 +1.779302960e+00 -1.418406970e+02 -1.418406970e+02 -3.5177e+00 +1.2448e+00 -1.0797e+00
263 +1.740579655e+00 +1.740579655e+00 -1.418794203e+02 -1.418794203e+02 -3.5239e+00 +1.2013e+00 -1.0989e+00
270 +1.577391695e+00 +1.577391695e+00 -1.420426083e+02 -1.420426083e+02 -3.5700e+00 +1.1885e+00 -1.1460e+00
273 +1.313706674e+00 +1.313706674e+00 -1.423062933e+02 -1.423062933e+02 -3.5651e+00 +1.1958e+00 -1.1304e+00
303 +1.219743650e+00 +1.219743650e+00 -1.424002564e+02 -1.424002564e+02 -3.5334e+00 +1.1710e+00 -1.1473e+00
333 +1.160500027e+00 +1.160500027e+00 -1.424595000e+02 -1.424595000e+02 -3.5414e+00 +1.1996e+00 -1.1251e+00
397 +1.090416831e+00 +1.090416831e+00 -1.425295832e+02 -1.425295832e+02 -3.5582e+00 +1.1701e+00 -1.1556e+00
414 +1.040904335e+00 +1.040904335e+00 -1.425790957e+02 -1.425790957e+02 -3.5427e+00 +1.1644e+00 -1.1626e+00
417 +9.579198614e-01 +9.579198614e-01 -1.426620801e+02 -1.426620801e+02 -3.5557e+00 +1.1558e+00 -1.1681e+00
509 +9.498857649e-01 +9.498857649e-01 -1.426701142e+02 -1.426701142e+02 -3.5535e+00 +1.1582e+00 -1.1670e+00
566 +9.035016538e-01 +9.035016538e-01 -1.427164983e+02 -1.427164983e+02 -3.5486e+00 +1.1604e+00 -1.1648e+00
615 +8.246791664e-01 +8.246791664e-01 -1.427953208e+02 -1.427953208e+02 -3.5486e+00 +1.1641e+00 -1.1607e+00
654 +8.120491127e-01 +8.120491127e-01 -1.428079509e+02 -1.428079509e+02 -3.5490e+00 +1.1636e+00 -1.1613e+00
908 +7.889586898e-01 +7.889586898e-01 -1.428310413e+02 -1.428310413e+02 -3.5489e+00 +1.1637e+00 -1.1612e+00
79193 +5.583900080e-01 +5.583900080e-01 -1.430616100e+02 -1.430616100e+02 -2.7049e+00 +2.8057e+00 +4.9215e-01
79319 +5.492531281e-01 +5.492531281e-01 -1.430707469e+02 -1.430707469e+02 -2.6601e+00 +2.9547e+00 +6.6046e-01
79410 +4.558862136e-01 +4.558862136e-01 -1.431641138e+02 -1.431641138e+02 -2.7020e+00 +3.0368e+00 +7.3133e-01
79415 +2.602185910e-01 +2.602185910e-01 -1.433597814e+02 -1.433597814e+02 -2.6864e+00 +3.0424e+00 +7.2259e-01
% function evaluation | noise-free fitness - Fopt (4.290000000000e+01) | best noise-free fitness - Fopt | measured fitness | best measured fitness | x1 | x2...
1 +2.455339710e+01 +2.455339710e+01 +6.745339710e+01 +6.745339710e+01 +0.0000e+00 +0.0000e+00 +0.0000e+00
26 +1.530028251e+01 +1.530028251e+01 +5.820028251e+01 +5.820028251e+01 -1.4072e-01 -4.3696e-01 +5.4560e-03
38 +1.430829743e+01 +1.430829743e+01 +5.720829743e+01 +5.720829743e+01 -8.6856e-02 -6.4399e-01 -4.8297e-01
57 +1.409948895e+01 +1.409948895e+01 +5.699948895e+01 +5.699948895e+01 -5.0469e-01 +6.5308e-01 +3.4378e-01
45388 +1.216623609e+01 +1.216623609e+01 +5.506623609e+01 +5.506623609e+01 +6.2753e-01 +3.1276e+00 +5.1191e+00
45409 +9.462042939e+00 +9.462042939e+00 +5.236204294e+01 +5.236204294e+01 +1.9736e-01 +3.2191e+00 +4.2673e+00
45468 +6.740480290e+00 +6.740480290e+00 +4.964048029e+01 +4.964048029e+01 +3.7610e-01 +2.4837e+00 +4.6259e+00
45473 +3.179392537e+00 +3.179392537e+00 +4.607939254e+01 +4.607939254e+01 +1.2486e-01 +3.2562e+00 +4.8139e+00
45618 +2.285046510e+00 +2.285046510e+00 +4.518504651e+01 +4.518504651e+01 +2.5723e-01 +1.7045e+00 +4.2763e+00
45636 +2.186381011e+00 +2.186381011e+00 +4.508638101e+01 +4.508638101e+01 +1.6383e-01 +1.7131e+00 +4.0237e+00
45638 +1.836245248e+00 +1.836245248e+00 +4.473624525e+01 +4.473624525e+01 +1.2279e-01 +1.7107e+00 +3.9719e+00
45666 +1.766074515e+00 +1.766074515e+00 +4.466607452e+01 +4.466607452e+01 +1.4072e-01 +1.6196e+00 +3.9450e+00
45674 +1.237852999e+00 +1.237852999e+00 +4.413785300e+01 +4.413785300e+01 +1.5882e-01 +1.5702e+00 +3.9735e+00
45704 +9.181231783e-01 +9.181231783e-01 +4.381812318e+01 +4.381812318e+01 +1.3233e-01 +1.6880e+00 +4.0144e+00
45709 +8.031785951e-01 +8.031785951e-01 +4.370317860e+01 +4.370317860e+01 +1.5076e-01 +1.6657e+00 +4.0139e+00
45808 +7.329726165e-01 +7.329726165e-01 +4.363297262e+01 +4.363297262e+01 +1.3594e-01 +1.6720e+00 +3.9954e+00
45912 +7.169474772e-01 +7.169474772e-01 +4.361694748e+01 +4.361694748e+01 +1.5028e-01 +1.6462e+00 +4.0128e+00
45951 +7.057946910e-01 +7.057946910e-01 +4.360579469e+01 +4.360579469e+01 +1.4976e-01 +1.6648e+00 +4.0170e+00
45957 +6.905175078e-01 +6.905175078e-01 +4.359051751e+01 +4.359051751e+01 +1.4772e-01 +1.6696e+00 +4.0180e+00
45960 +6.465561914e-01 +6.465561914e-01 +4.354655619e+01 +4.354655619e+01 +1.4718e-01 +1.6636e+00 +4.0135e+00
45972 +5.897889752e-01 +5.897889752e-01 +4.348978898e+01 +4.348978898e+01 +1.4287e-01 +1.6786e+00 +4.0147e+00
127895 +5.869213619e-01 +5.869213619e-01 +4.348692136e+01 +4.348692136e+01 +1.5514e-01 +5.1571e-01 +3.1511e+00
127943 +4.865656520e-01 +4.865656520e-01 +4.338656565e+01 +4.338656565e+01 +1.5146e-01 +4.3614e-01 +3.0318e+00
127980 +3.646264439e-01 +3.646264439e-01 +4.326462644e+01 +4.326462644e+01 +1.5172e-01 +3.8411e-01 +3.0042e+00
127988 +2.373207492e-01 +2.373207492e-01 +4.313732075e+01 +4.313732075e+01 +1.5021e-01 +3.5854e-01 +2.9739e+00
127996 +1.814712261e-01 +1.814712261e-01 +4.308147123e+01 +4.308147123e+01 +1.5363e-01 +3.8739e-01 +3.0091e+00
128079 +1.730337586e-01 +1.730337586e-01 +4.307303376e+01 +4.307303376e+01 +1.5411e-01 +3.7386e-01 +2.9984e+00
128123 +1.696386051e-01 +1.696386051e-01 +4.306963861e+01 +4.306963861e+01 +1.5301e-01 +3.8212e-01 +3.0080e+00
128135 +1.646583089e-01 +1.646583089e-01 +4.306465831e+01 +4.306465831e+01 +1.5606e-01 +3.8248e-01 +3.0135e+00
128153 +1.556057860e-01 +1.556057860e-01 +4.305560579e+01 +4.305560579e+01 +1.5728e-01 +3.8304e-01 +3.0155e+00
128155 +1.410095797e-01 +1.410095797e-01 +4.304100958e+01 +4.304100958e+01 +1.5646e-01 +3.8314e-01 +3.0159e+00
128172 +1.264706629e-01 +1.264706629e-01 +4.302647066e+01 +4.302647066e+01 +1.5783e-01 +3.8325e-01 +3.0213e+00
128175 +9.126309549e-02 +9.126309549e-02 +4.299126310e+01 +4.299126310e+01 +1.5913e-01 +3.8350e-01 +3.0281e+00
128257 +8.844451526e-02 +8.844451526e-02 +4.298844452e+01 +4.298844452e+01 +1.5933e-01 +3.8284e-01 +3.0282e+00
128290 +8.525440532e-02 +8.525440532e-02 +4.298525441e+01 +4.298525441e+01 +1.5944e-01 +3.8375e-01 +3.0297e+00
128319 +7.043680033e-02 +7.043680033e-02 +4.297043680e+01 +4.297043680e+01 +1.5934e-01 +3.8413e-01 +3.0300e+00
206158 +6.601324738e-02 +6.601324738e-02 +4.296601325e+01 +4.296601325e+01 +1.6349e-01 +3.1390e-01 +2.9680e+00
206190 +5.226425577e-02 +5.226425577e-02 +4.295226426e+01 +4.295226426e+01 +1.6367e-01 +3.1415e-01 +2.9680e+00
206249 +5.111705164e-02 +5.111705164e-02 +4.295111705e+01 +4.295111705e+01 +1.6354e-01 +3.1565e-01 +2.9692e+00
206285 +4.935332015e-02 +4.935332015e-02 +4.294935332e+01 +4.294935332e+01 +1.6354e-01 +3.1585e-01 +2.9692e+00
206342 +4.760440823e-02 +4.760440823e-02 +4.294760441e+01 +4.294760441e+01 +1.6353e-01 +3.1519e-01 +2.9686e+00
206353 +4.626781871e-02 +4.626781871e-02 +4.294626782e+01 +4.294626782e+01 +1.6356e-01 +3.1516e-01 +2.9686e+00
206647 +4.378872240e-02 +4.378872240e-02 +4.294378872e+01 +4.294378872e+01 +1.6354e-01 +3.1541e-01 +2.9688e+00
206707 +4.364841848e-02 +4.364841848e-02 +4.294364842e+01 +4.294364842e+01 +1.6353e-01 +3.1542e-01 +2.9688e+00
206994 +4.258229815e-02 +4.258229815e-02 +4.294258230e+01 +4.294258230e+01 +1.6354e-01 +3.1543e-01 +2.9688e+00
% function evaluation | noise-free fitness - Fopt (6.286500000000e+02) | best noise-free fitness - Fopt | measured fitness | best measured fitness | x1 | x2...
1 +5.993776480e+01 +5.993776480e+01 +6.885877648e+02 +6.885877648e+02 +0.0000e+00 +0.0000e+00 +0.0000e+00
3 +3.473978046e+01 +3.473978046e+01 +6.633897805e+02 +6.633897805e+02 -5.1581e-01 -1.7649e-01 -8.5833e-01
14 +3.347407096e+01 +3.347407096e+01 +6.621240710e+02 +6.621240710e+02 -1.8868e+00 -7.6074e-01 -1.8802e+00
19 +2.190060535e+01 +2.190060535e+01 +6.505506054e+02 +6.505506054e+02 -2.8477e+00 -8.6487e-01 -2.6734e+00
20 +2.101443011e+01 +2.101443011e+01 +6.496644301e+02 +6.496644301e+02 +5.9062e-01 -4.7380e-02 -7.2021e-02
44 +1.911911240e+01 +1.911911240e+01 +6.477691124e+02 +6.477691124e+02 +2.1173e-01 -1.5390e+00 -2.1927e+00
48 +1.827247757e+01 +1.827247757e+01 +6.469224776e+02 +6.469224776e+02 -4.8542e-01 -1.0206e+00 -1.0372e+00
72 +1.683159096e+01 +1.683159096e+01 +6.454815910e+02 +6.454815910e+02 -1.1233e+00 -5.5561e-01 -1.4781e+00
75 +1.525040649e+01 +1.525040649e+01 +6.439004065e+02 +6.439004065e+02 -1.5934e+00 -1.1178e+00 -2.1815e+00
82 +9.586298385e+00 +9.586298385e+00 +6.382362984e+02 +6.382362984e+02 -1.5910e+00 -3.6741e-01 -2.6436e+00
83 +7.121832204e+00 +7.121832204e+00 +6.357718322e+02 +6.357718322e+02 -1.7805e+00 -7.7577e-01 -2.5764e+00
88 +6.361285278e+00 +6.361285278e+00 +6.350112853e+02 +6.350112853e+02 -1.7848e+00 -4.0846e-01 -2.8534e+00
98 +5.869615436e+00 +5.869615436e+00 +6.345196154e+02 +6.345196154e+02 -2.1024e+00 -4.6370e-01 -3.1116e+00
121 +5.390203385e+00 +5.390203385e+00 +6.340402034e+02 +6.340402034e+02 -1.6041e+00 -4.5875e-01 -2.9847e+00
122 +1.668415239e+00 +1.668415239e+00 +6.303184152e+02 +6.303184152e+02 -1.6377e+00 -6.0973e-01 -2.8073e+00
188 +1.231496117e+00 +1.231496117e+00 +6.298814961e+02 +6.298814961e+02 -1.4138e+00 -9.3741e-01 -2.8581e+00
457 +1.168640756e+00 +1.168640756e+00 +6.298186408e+02 +6.298186408e+02 -1.4009e+00 -9.2344e-01 -2.8522e+00
482 +1.110723103e+00 +1.110723103e+00 +6.297607231e+02 +6.297607231e+02 -1.4001e+00 -9.0474e-01 -2.8371e+00
516 +1.040704944e+00 +1.040704944e+00 +6.296907049e+02 +6.296907049e+02 -1.4157e+00 -9.3778e-01 -2.8608e+00
521 +9.708920084e-01 +9.708920084e-01 +6.296208920e+02 +6.296208920e+02 -1.4250e+00 -9.5833e-01 -2.9011e+00
537 +6.388440670e-01 +6.388440670e-01 +6.292888441e+02 +6.292888441e+02 -1.4223e+00 -9.6744e-01 -2.9114e+00
645 +6.001794162e-01 +6.001794162e-01 +6.292501794e+02 +6.292501794e+02 -1.4015e+00 -9.8126e-01 -2.9055e+00
650 +5.112053843e-01 +5.112053843e-01 +6.291612054e+02 +6.291612054e+02 -1.4050e+00 -9.8213e-01 -2.9099e+00
717 +5.004032269e-01 +5.004032269e-01 +6.291504032e+02 +6.291504032e+02 -1.4020e+00 -9.8522e-01 -2.9101e+00
767 +4.842333751e-01 +4.842333751e-01 +6.291342334e+02 +6.291342334e+02 -1.4030e+00 -9.8400e-01 -2.9100e+00
61079 +4.451426053e-01 +4.451426053e-01 +6.290951426e+02 +6.290951426e+02 -2.6801e+00 +5.3591e-01 -2.5983e+00
61084 +2.370488853e-01 +2.370488853e-01 +6.288870489e+02 +6.288870489e+02 -2.6834e+00 +4.9057e-01 -2.6594e+00
61104 +1.811853871e-01 +1.811853871e-01 +6.288311854e+02 +6.288311854e+02 -2.6677e+00 +4.5477e-01 -2.6825e+00
61137 +1.049254568e-01 +1.049254568e-01 +6.287549255e+02 +6.287549255e+02 -2.5665e+00 +3.7282e-01 -2.6649e+00
61194 +1.031667265e-01 +1.031667265e-01 +6.287531667e+02 +6.287531667e+02 -2.6240e+00 +4.2322e-01 -2.6580e+00
61218 +7.509518239e-02 +7.509518239e-02 +6.287250952e+02 +6.287250952e+02 -2.6179e+00 +4.0619e-01 -2.6736e+00
61249 +5.839646062e-02 +5.839646062e-02 +6.287083965e+02 +6.287083965e+02 -2.6120e+00 +4.0630e-01 -2.6736e+00
61254 +4.135660225e-02 +4.135660225e-02 +6.286913566e+02 +6.286913566e+02 -2.6134e+00 +4.0846e-01 -2.6684e+00
61314 +2.598844567e-02 +2.598844567e-02 +6.286759884e+02 +6.286759884e+02 -2.6130e+00 +4.0842e-01 -2.6707e+00
61334 +2.116223918e-02 +2.116223918e-02 +6.286711622e+02 +6.286711622e+02 -2.6160e+00 +4.1134e-01 -2.6713e+00
61405 +1.581197141e-02 +1.581197141e-02 +6.286658120e+02 +6.286658120e+02 -2.6091e+00 +4.0474e-01 -2.6716e+00
61414 +1.499220016e-02 +1.499220016e-02 +6.286649922e+02 +6.286649922e+02 -2.6097e+00 +4.0563e-01 -2.6712e+00
61432 +1.253082062e-02 +1.253082062e-02 +6.286625308e+02 +6.286625308e+02 -2.6086e+00 +4.0531e-01 -2.6712e+00
61434 +1.229513062e-02 +1.229513062e-02 +6.286622951e+02 +6.286622951e+02 -2.6099e+00 +4.0578e-01 -2.6711e+00
61437 +8.826089262e-03 +8.826089262e-03 +6.286588261e+02 +6.286588261e+02 -2.6086e+00 +4.0486e-01 -2.6703e+00
61450 +7.555775810e-03 +7.555775810e-03 +6.286575558e+02 +6.286575558e+02 -2.6075e+00 +4.0422e-01 -2.6699e+00
61475 +4.389154437e-03 +4.389154437e-03 +6.286543892e+02 +6.286543892e+02 -2.6085e+00 +4.0506e-01 -2.6705e+00
274322 +4.324945966e-03 +4.324945966e-03 +6.286543249e+02 +6.286543249e+02 -2.6151e+00 +4.1182e-01 -2.6701e+00
274965 +4.265181634e-03 +4.265181634e-03 +6.286542652e+02 +6.286542652e+02 -2.6151e+00 +4.1182e-01 -2.6701e+00
% function evaluation | noise-free fitness - Fopt (-7.163000000000e+01) | best noise-free fitness - Fopt | measured fitness | best measured fitness | x1 | x2...
1 +1.069667306e+02 +1.069667306e+02 +3.533673055e+01 +3.533673055e+01 +0.0000e+00 +0.0000e+00 +0.0000e+00
3 +6.663670947e+01 +6.663670947e+01 -4.993290528e+00 -4.993290528e+00 -2.2804e+00 -1.2266e+00 +3.1345e+00
22 +5.422679638e+01 +5.422679638e+01 -1.740320362e+01 -1.740320362e+01 -8.4856e-01 -1.2391e+00 +3.2249e+00
36 +4.949054912e+01 +4.949054912e+01 -2.213945088e+01 -2.213945088e+01 -1.0394e+00 -1.8642e+00 +3.8101e+00
44 +3.400941057e+01 +3.400941057e+01 -3.762058943e+01 -3.762058943e+01 -8.7552e-01 -2.8859e+00 +3.6784e+00
51 +2.235045336e+01 +2.235045336e+01 -4.927954664e+01 -4.927954664e+01 -1.3819e-01 -3.4796e+00 +3.5622e+00
63 +1.209908262e+01 +1.209908262e+01 -5.953091738e+01 -5.953091738e+01 +1.4095e+00 -2.7093e+00 +2.0787e+00
65 +7.087285608e+00 +7.087285608e+00 -6.454271439e+01 -6.454271439e+01 +1.4137e+00 -4.5089e+00 +3.0328e+00
87 +5.535784469e+00 +5.535784469e+00 -6.609421553e+01 -6.609421553e+01 +1.1342e+00 -3.8604e+00 +2.2920e+00
97 +3.011974995e+00 +3.011974995e+00 -6.861802501e+01 -6.861802501e+01 +1.5908e+00 -3.6281e+00 +1.7383e+00
145 +1.930173158e+00 +1.930173158e+00 -6.969982684e+01 -6.969982684e+01 +1.8846e+00 -3.2256e+00 +1.8296e+00
152 +1.351411383e+00 +1.351411383e+00 -7.027858862e+01 -7.027858862e+01 +1.6484e+00 -3.5756e+00 +1.9723e+00
172 +1.189021974e+00 +1.189021974e+00 -7.044097803e+01 -7.044097803e+01 +1.6477e+00 -3.6253e+00 +1.8622e+00
183 +9.822112342e-01 +9.822112342e-01 -7.064778877e+01 -7.064778877e+01 +1.8351e+00 -3.3808e+00 +1.7269e+00
195 +7.562730792e-01 +7.562730792e-01 -7.087372692e+01 -7.087372692e+01 +1.6822e+00 -3.5949e+00 +1.8939e+00
207 +1.288316347e-01 +1.288316347e-01 -7.150116837e+01 -7.150116837e+01 +1.7385e+00 -3.5365e+00 +1.9157e+00
366 +5.001642905e-02 +5.001642905e-02 -7.157998357e+01 -7.157998357e+01 +1.7344e+00 -3.5497e+00 +1.9266e+00
557 +4.220866002e-02 +4.220866002e-02 -7.158779134e+01 -7.158779134e+01 +1.7352e+00 -3.5484e+00 +1.9268e+00
983 +4.141823486e-02 +4.141823486e-02 -7.158858177e+01 -7.158858177e+01 +1.7347e+00 -3.5489e+00 +1.9268e+00
1013 +3.996834428e-02 +3.996834428e-02 -7.159003166e+01 -7.159003166e+01 +1.7346e+00 -3.5487e+00 +1.9260e+00
1031 +3.980910977e-02 +3.980910977e-02 -7.159019089e+01 -7.159019089e+01 +1.7346e+00 -3.5487e+00 +1.9259e+00
1195 +3.884477970e-02 +3.884477970e-02 -7.159115522e+01 -7.159115522e+01 +1.7346e+00 -3.5486e+00 +1.9254e+00
1245 +3.798794528e-02 +3.798794528e-02 -7.159201205e+01 -7.159201205e+01 +1.7347e+00 -3.5483e+00 +1.9251e+00
1291 +3.710090386e-02 +3.710090386e-02 -7.159289910e+01 -7.159289910e+01 +1.7348e+00 -3.5480e+00 +1.9248e+00
1371 +3.630487539e-02 +3.630487539e-02 -7.159369512e+01 -7.159369512e+01 +1.7350e+00 -3.5477e+00 +1.9244e+00
1419 +3.539988904e-02 +3.539988904e-02 -7.159460011e+01 -7.159460011e+01 +1.7351e+00 -3.5472e+00 +1.9237e+00
1442 +3.446432134e-02 +3.446432134e-02 -7.159553568e+01 -7.159553568e+01 +1.7355e+00 -3.5464e+00 +1.9226e+00
1472 +3.386383915e-02 +3.386383915e-02 -7.159613616e+01 -7.159613616e+01 +1.7356e+00 -3.5461e+00 +1.9224e+00
87294 +1.027832801e-02 +1.027832801e-02 -7.161972167e+01 -7.161972167e+01 +1.7605e+00 -3.4845e+00 +1.8485e+00
87376 +7.995517112e-03 +7.995517112e-03 -7.162200448e+01 -7.162200448e+01 +1.7600e+00 -3.4856e+00 +1.8497e+00
87378 +5.105388375e-03 +5.105388375e-03 -7.162489461e+01 -7.162489461e+01 +1.7612e+00 -3.4845e+00 +1.8503e+00
87395 +3.960455309e-03 +3.960455309e-03 -7.162603954e+01 -7.162603954e+01 +1.7607e+00 -3.4848e+00 +1.8500e+00
87477 +3.605774409e-03 +3.605774409e-03 -7.162639423e+01 -7.162639423e+01 +1.7608e+00 -3.4847e+00 +1.8502e+00
87484 +3.495002668e-03 +3.495002668e-03 -7.162650500e+01 -7.162650500e+01 +1.7608e+00 -3.4849e+00 +1.8502e+00
87491 +3.397211385e-03 +3.397211385e-03 -7.162660279e+01 -7.162660279e+01 +1.7609e+00 -3.4846e+00 +1.8502e+00
87492 +2.946157213e-03 +2.946157213e-03 -7.162705384e+01 -7.162705384e+01 +1.7609e+00 -3.4847e+00 +1.8502e+00
87545 +2.713008783e-03 +2.713008783e-03 -7.162728699e+01 -7.162728699e+01 +1.7608e+00 -3.4847e+00 +1.8503e+00
87556 +2.303003666e-03 +2.303003666e-03 -7.162769700e+01 -7.162769700e+01 +1.7608e+00 -3.4849e+00 +1.8504e+00
87573 +1.970082880e-03 +1.970082880e-03 -7.162802992e+01 -7.162802992e+01 +1.7609e+00 -3.4848e+00 +1.8505e+00
87589 +1.905734742e-03 +1.905734742e-03 -7.162809427e+01 -7.162809427e+01 +1.7608e+00 -3.4851e+00 +1.8508e+00
87685 +1.617795916e-03 +1.617795916e-03 -7.162838220e+01 -7.162838220e+01 +1.7608e+00 -3.4850e+00 +1.8507e+00
% function evaluation | noise-free fitness - Fopt (1.976000000000e+01) | best noise-free fitness - Fopt | measured fitness | best measured fitness | x1 | x2...
1 +1.718503150e+02 +1.718503150e+02 +1.916103150e+02 +1.916103150e+02 +0.0000e+00 +0.0000e+00 +0.0000e+00
2 +1.544222631e+02 +1.544222631e+02 +1.741822631e+02 +1.741822631e+02 +1.7024e+00 -1.1344e+00 -8.1456e-01
6 +9.576771198e+01 +9.576771198e+01 +1.155277120e+02 +1.155277120e+02 +2.8558e+00 +4.8487e-01 -2.7551e-01
9 +6.795426356e+01 +6.795426356e+01 +8.771426356e+01 +8.771426356e+01 +7.2567e-01 +1.2621e-01 +7.7777e-01
10 +4.347678789e+01 +4.347678789e+01 +6.323678789e+01 +6.323678789e+01 +2.9224e+00 -9.3995e-01 -3.5082e+00
12 +2.712385191e+01 +2.712385191e+01 +4.688385191e+01 +4.688385191e+01 +6.1133e+00 -2.0261e+00 -4.5979e+00
14 +1.573831722e+01 +1.573831722e+01 +3.549831722e+01 +3.549831722e+01 +3.6514e+00 -8.8558e-01 -5.0495e+00
88 +1.125473959e+01 +1.125473959e+01 +3.101473959e+01 +3.101473959e+01 +3.3015e+00 +1.4064e+00 -3.5333e+00
108 +1.119451679e+01 +1.119451679e+01 +3.095451679e+01 +3.095451679e+01 +4.2107e+00 +8.4171e-01 -3.2698e+00
130 +5.577388538e+00 +5.577388538e+00 +2.533738854e+01 +2.533738854e+01 +4.0034e+00 +4.9876e-02 -3.4885e+00
154 +3.464779232e+00 +3.464779232e+00 +2.322477923e+01 +2.322477923e+01 +4.1097e+00 +1.8249e-01 -3.8109e+00
185 +2.512483187e+00 +2.512483187e+00 +2.227248319e+01 +2.227248319e+01 +4.0120e+00 +5.1292e-01 -3.4551e+00
186 +1.716255881e+00 +1.716255881e+00 +2.147625588e+01 +2.147625588e+01 +4.0237e+00 +3.8804e-01 -3.4499e+00
212 +1.539130739e+00 +1.539130739e+00 +2.129913074e+01 +2.129913074e+01 +3.9929e+00 +3.8993e-01 -3.4885e+00
232 +1.348746084e+00 +1.348746084e+00 +2.110874608e+01 +2.110874608e+01 +3.9921e+00 +3.8924e-01 -3.4854e+00
272 +1.234997597e+00 +1.234997597e+00 +2.099499760e+01 +2.099499760e+01 +4.1050e+00 +2.5006e-01 -3.5674e+00
287 +1.227802694e+00 +1.227802694e+00 +2.098780269e+01 +2.098780269e+01 +4.0676e+00 +2.5335e-01 -3.6220e+00
299 +7.396104631e-01 +7.396104631e-01 +2.049961046e+01 +2.049961046e+01 +4.0796e+00 +2.5546e-01 -3.6120e+00
396 +6.945267342e-01 +6.945267342e-01 +2.045452673e+01 +2.045452673e+01 +4.0356e+00 +3.0933e-01 -3.5820e+00
459 +6.304811819e-01 +6.304811819e-01 +2.039048118e+01 +2.039048118e+01 +4.0289e+00 +3.1439e-01 -3.5867e+00
514 +6.125733493e-01 +6.125733493e-01 +2.037257335e+01 +2.037257335e+01 +4.0242e+00 +3.1766e-01 -3.5884e+00
559 +5.862997870e-01 +5.862997870e-01 +2.034629979e+01 +2.034629979e+01 +4.0235e+00 +3.1864e-01 -3.5879e+00
682 +5.746744298e-01 +5.746744298e-01 +2.033467443e+01 +2.033467443e+01 +4.0250e+00 +3.1703e-01 -3.5886e+00
785 +5.590549409e-01 +5.590549409e-01 +2.031905494e+01 +2.031905494e+01 +4.0259e+00 +3.1601e-01 -3.5888e+00
1086 +5.456444482e-01 +5.456444482e-01 +2.030564445e+01 +2.030564445e+01 +4.0260e+00 +3.1591e-01 -3.5888e+00
271549 +4.931742278e-01 +4.931742278e-01 +2.025317423e+01 +2.025317423e+01 +2.2885e+00 +1.9736e+00 -3.0295e+00
271581 +4.363447096e-01 +4.363447096e-01 +2.019634471e+01 +2.019634471e+01 +2.3030e+00 +1.9765e+00 -3.0257e+00
271597 +4.136056697e-01 +4.136056697e-01 +2.017360567e+01 +2.017360567e+01 +2.3129e+00 +1.9586e+00 -3.0205e+00
271599 +3.901927077e-01 +3.901927077e-01 +2.015019271e+01 +2.015019271e+01 +2.3000e+00 +1.9695e+00 -3.0350e+00
271650 +3.749866640e-01 +3.749866640e-01 +2.013498666e+01 +2.013498666e+01 +2.2963e+00 +1.9747e+00 -3.0262e+00
271673 +2.968219146e-01 +2.968219146e-01 +2.005682191e+01 +2.005682191e+01 +2.2968e+00 +1.9748e+00 -3.0278e+00
271676 +2.773163523e-01 +2.773163523e-01 +2.003731635e+01 +2.003731635e+01 +2.2947e+00 +1.9756e+00 -3.0290e+00
271679 +2.618502551e-01 +2.618502551e-01 +2.002185026e+01 +2.002185026e+01 +2.2994e+00 +1.9698e+00 -3.0312e+00
271771 +1.893965368e-01 +1.893965368e-01 +1.994939654e+01 +1.994939654e+01 +2.3077e+00 +1.9620e+00 -3.0335e+00
271917 +1.798380502e-01 +1.798380502e-01 +1.993983805e+01 +1.993983805e+01 +2.3135e+00 +1.9570e+00 -3.0350e+00
271925 +1.528986551e-01 +1.528986551e-01 +1.991289866e+01 +1.991289866e+01 +2.3138e+00 +1.9568e+00 -3.0345e+00
271945 +1.483131574e-01 +1.483131574e-01 +1.990831316e+01 +1.990831316e+01 +2.3146e+00 +1.9561e+00 -3.0346e+00
271979 +1.470955425e-01 +1.470955425e-01 +1.990709554e+01 +1.990709554e+01 +2.3153e+00 +1.9554e+00 -3.0348e+00
272081 +1.426415875e-01 +1.426415875e-01 +1.990264159e+01 +1.990264159e+01 +2.3149e+00 +1.9557e+00 -3.0348e+00
272177 +1.377447827e-01 +1.377447827e-01 +1.989774478e+01 +1.989774478e+01 +2.3148e+00 +1.9558e+00 -3.0348e+00
% function evaluation | noise-free fitness - Fopt (6.100000000000e-01) | best noise-free fitness - Fopt | measured fitness | best measured fitness | x1 | x2...
1 +2.027954052e+02 +2.027954052e+02 +2.034054052e+02 +2.034054052e+02 +0.0000e+00 +0.0000e+00 +0.0000e+00
2 +1.445314379e+02 +1.445314379e+02 +1.451414379e+02 +1.451414379e+02 +9.1907e-01 -4.2620e-01 -5.1266e-01
4 +3.543668334e+01 +3.543668334e+01 +3.604668334e+01 +3.604668334e+01 +2.3843e+00 -1.2361e-01 -8.7887e-01
5 +3.372042287e+01 +3.372042287e+01 +3.433042287e+01 +3.433042287e+01 +4.4692e+00 -8.1882e-01 -1.3902e+00
34 +2.120421236e+01 +2.120421236e+01 +2.181421236e+01 +2.181421236e+01 +3.3135e+00 -5.1315e-01 -1.7582e+00
58 +1.858056882e+01 +1.858056882e+01 +1.919056882e+01 +1.919056882e+01 +2.6867e+00 -5.8649e-01 -1.8614e+00
75 +9.726738159e+00 +9.726738159e+00 +1.033673816e+01 +1.033673816e+01 +2.7472e+00 +4.6254e-01 -1.4789e+00
76 +8.322682449e+00 +8.322682449e+00 +8.932682449e+00 +8.932682449e+00 +3.9134e-01 +1.4125e+00 -4.2963e+00
92 +4.583444031e+00 +4.583444031e+00 +5.193444031e+00 +5.193444031e+00 +4.7947e-01 +2.0829e+00 -3.6952e+00
110 +4.113626739e+00 +4.113626739e+00 +4.723626739e+00 +4.723626739e+00 +1.2114e+00 +1.6187e+00 -3.0230e+00
126 +3.771156896e+00 +3.771156896e+00 +4.381156896e+00 +4.381156896e+00 +1.5730e+00 +1.4810e+00 -2.4691e+00
132 +2.112727413e+00 +2.112727413e+00 +2.722727413e+00 +2.722727413e+00 +1.0584e+00 +1.8713e+00 -2.7948e+00
135 +1.368040523e+00 +1.368040523e+00 +1.978040523e+00 +1.978040523e+00 +1.5156e+00 +1.7778e+00 -2.2738e+00
224 +8.291274153e-01 +8.291274153e-01 +1.439127415e+00 +1.439127415e+00 +1.3142e+00 +1.7447e+00 -2.5405e+00
273 +6.119037238e-01 +6.119037238e-01 +1.221903724e+00 +1.221903724e+00 +1.1642e+00 +1.8961e+00 -2.8728e+00
281 +5.028323673e-01 +5.028323673e-01 +1.112832367e+00 +1.112832367e+00 +1.0872e+00 +1.9973e+00 -3.0707e+00
294 +3.376344021e-01 +3.376344021e-01 +9.476344021e-01 +9.476344021e-01 +1.1142e+00 +1.9866e+00 -2.9512e+00
319 +2.781446100e-01 +2.781446100e-01 +8.881446100e-01 +8.881446100e-01 +1.1214e+00 +1.9586e+00 -2.9413e+00
391 +2.693659905e-01 +2.693659905e-01 +8.793659905e-01 +8.793659905e-01 +1.1516e+00 +1.9576e+00 -2.9072e+00
398 +1.696771035e-01 +1.696771035e-01 +7.796771035e-01 +7.796771035e-01 +1.1385e+00 +1.9532e+00 -2.9074e+00
417 +1.248406747e-01 +1.248406747e-01 +7.348406747e-01 +7.348406747e-01 +1.1407e+00 +1.9450e+00 -2.8990e+00
450 +8.643287476e-02 +8.643287476e-02 +6.964328748e-01 +6.964328748e-01 +1.1378e+00 +1.9457e+00 -2.9041e+00
488 +8.301366133e-02 +8.301366133e-02 +6.930136613e-01 +6.930136613e-01 +1.1440e+00 +1.9435e+00 -2.8913e+00
564 +6.936376512e-02 +6.936376512e-02 +6.793637651e-01 +6.793637651e-01 +1.1430e+00 +1.9474e+00 -2.8918e+00
696 +6.907265736e-02 +6.907265736e-02 +6.790726574e-01 +6.790726574e-01 +1.1416e+00 +1.9418e+00 -2.8951e+00
125558 +5.274638438e-02 +5.274638438e-02 +6.627463844e-01 +6.627463844e-01 +1.1148e+00 +1.9801e+00 -2.9603e+00
125565 +5.085683549e-02 +5.085683549e-02 +6.608568355e-01 +6.608568355e-01 +1.1151e+00 +1.9790e+00 -2.9608e+00
125650 +4.497067059e-02 +4.497067059e-02 +6.549706706e-01 +6.549706706e-01 +1.1143e+00 +1.9747e+00 -2.9612e+00
125653 +3.906873642e-02 +3.906873642e-02 +6.490687364e-01 +6.490687364e-01 +1.1154e+00 +1.9758e+00 -2.9585e+00
125697 +2.994904130e-02 +2.994904130e-02 +6.399490413e-01 +6.399490413e-01 +1.1155e+00 +1.9752e+00 -2.9583e+00
125814 +2.692071270e-02 +2.692071270e-02 +6.369207127e-01 +6.369207127e-01 +1.1156e+00 +1.9752e+00 -2.9582e+00
125945 +2.690576820e-02 +2.690576820e-02 +6.369057682e-01 +6.369057682e-01 +1.1155e+00 +1.9752e+00 -2.9583e+00
126032 +2.616979946e-02 +2.616979946e-02 +6.361697995e-01 +6.361697995e-01 +1.1155e+00 +1.9752e+00 -2.9582e+00
126038 +2.532157610e-02 +2.532157610e-02 +6.353215761e-01 +6.353215761e-01 +1.1155e+00 +1.9752e+00 -2.9582e+00
137295 +2.488339746e-02 +2.488339746e-02 +6.348833975e-01 +6.348833975e-01 +1.1155e+00 +1.9752e+00 -2.9583e+00
137505 +2.449534751e-02 +2.449534751e-02 +6.344953475e-01 +6.344953475e-01 +1.1155e+00 +1.9752e+00 -2.9583e+00
% function evaluation | noise-free fitness - Fopt (-8.634400000000e+02) | best noise-free fitness - Fopt | measured fitness | best measured fitness | x1 | x2...
1 +1.711007409e+01 +1.711007409e+01 -8.463299259e+02 -8.463299259e+02 +0.0000e+00 +0.0000e+00 +0.0000e+00
19 +1.274906015e+01 +1.274906015e+01 -8.506909398e+02 -8.506909398e+02 -4.2127e-01 +7.8592e-02 +1.3186e+00
43 +7.995062523e+00 +7.995062523e+00 -8.554449375e+02 -8.554449375e+02 +2.9455e-02 -1.7248e-01 +6.1198e-01
67 +7.499216954e+00 +7.499216954e+00 -8.559407830e+02 -8.559407830e+02 -3.9689e-01 -2.1105e-01 +6.7152e-01
89 +5.514493004e+00 +5.514493004e+00 -8.579255070e+02 -8.579255070e+02 -2.9247e-01 -2.1951e-01 +9.1884e-01
118 +4.065641886e+00 +4.065641886e+00 -8.593743581e+02 -8.593743581e+02 +3.1631e-01 -3.6654e-01 +1.0475e+00
159 +2.846427199e+00 +2.846427199e+00 -8.605935728e+02 -8.605935728e+02 +2.1787e-01 -1.3300e-01 +8.9741e-01
184 +2.489618620e+00 +2.489618620e+00 -8.609503814e+02 -8.609503814e+02 +2.2767e-01 -2.2804e-01 +9.7674e-01
245 +2.199214086e+00 +2.199214086e+00 -8.612407859e+02 -8.612407859e+02 +1.8216e-01 -1.6007e-01 +9.5831e-01
260 +2.094815056e+00 +2.094815056e+00 -8.613451849e+02 -8.613451849e+02 +3.0180e-01 -1.1451e-01 +9.3035e-01
294 +2.020506158e+00 +2.020506158e+00 -8.614194938e+02 -8.614194938e+02 +2.6994e-01 -3.2793e-02 +8.8988e-01
348 +1.784456859e+00 +1.784456859e+00 -8.616555431e+02 -8.616555431e+02 +2.1097e-01 -7.9258e-02 +9.0625e-01
362 +1.748806462e+00 +1.748806462e+00 -8.616911935e+02 -8.616911935e+02 +2.2424e-01 -7.1118e-02 +8.9892e-01
390 +1.654507611e+00 +1.654507611e+00 -8.617854924e+02 -8.617854924e+02 +2.1564e-01 -9.1887e-02 +9.0968e-01
402 +1.570848941e+00 +1.570848941e+00 -8.618691511e+02 -8.618691511e+02 +2.0650e-01 -1.0464e-01 +9.1677e-01
434 +1.517973472e+00 +1.517973472e+00 -8.619220265e+02 -8.619220265e+02 +2.0304e-01 -1.0904e-01 +9.1981e-01
453 +1.493598827e+00 +1.493598827e+00 -8.619464012e+02 -8.619464012e+02 +2.1922e-01 -1.0545e-01 +9.1894e-01
496 +1.441068115e+00 +1.441068115e+00 -8.619989319e+02 -8.619989319e+02 +2.0555e-01 -1.0862e-01 +9.2059e-01
524 +1.372355957e+00 +1.372355957e+00 -8.620676440e+02 -8.620676440e+02 +2.1323e-01 -1.0472e-01 +9.1904e-01
615 +1.346260025e+00 +1.346260025e+00 -8.620937400e+02 -8.620937400e+02 +2.1049e-01 -1.0759e-01 +9.2028e-01
684 +1.309282072e+00 +1.309282072e+00 -8.621307179e+02 -8.621307179e+02 +2.1149e-01 -1.0720e-01 +9.2017e-01
6290 +1.288243665e+00 +1.288243665e+00 -8.621517563e+02 -8.621517563e+02 +2.1392e-01 -1.0569e-01 +9.1952e-01
74809 +9.572774612e-01 +9.572774612e-01 -8.624827225e+02 -8.624827225e+02 -2.7069e+00 -2.2000e+00 +1.8911e+00
74817 +7.363847532e-01 +7.363847532e-01 -8.627036152e+02 -8.627036152e+02 -2.7383e+00 -2.1010e+00 +1.8246e+00
74858 +6.989759039e-01 +6.989759039e-01 -8.627410241e+02 -8.627410241e+02 -2.7077e+00 -2.1080e+00 +1.8265e+00
74913 +6.908290990e-01 +6.908290990e-01 -8.627491709e+02 -8.627491709e+02 -2.7051e+00 -2.1281e+00 +1.8442e+00
74922 +6.543871891e-01 +6.543871891e-01 -8.627856128e+02 -8.627856128e+02 -2.7005e+00 -2.1323e+00 +1.8404e+00
74927 +6.337372450e-01 +6.337372450e-01 -8.628062628e+02 -8.628062628e+02 -2.6995e+00 -2.1317e+00 +1.8369e+00
74947 +5.460411494e-01 +5.460411494e-01 -8.628939589e+02 -8.628939589e+02 -2.6977e+00 -2.1286e+00 +1.8384e+00
74971 +4.648310186e-01 +4.648310186e-01 -8.629751690e+02 -8.629751690e+02 -2.7005e+00 -2.1188e+00 +1.8323e+00
74986 +4.546607978e-01 +4.546607978e-01 -8.629853392e+02 -8.629853392e+02 -2.6974e+00 -2.1186e+00 +1.8325e+00
75037 +4.070068460e-01 +4.070068460e-01 -8.630329932e+02 -8.630329932e+02 -2.6992e+00 -2.1183e+00 +1.8324e+00
75107 +3.848078465e-01 +3.848078465e-01 -8.630551922e+02 -8.630551922e+02 -2.6969e+00 -2.1171e+00 +1.8318e+00
75224 +3.730167076e-01 +3.730167076e-01 -8.630669833e+02 -8.630669833e+02 -2.6958e+00 -2.1164e+00 +1.8316e+00
75478 +3.712158176e-01 +3.712158176e-01 -8.630687842e+02 -8.630687842e+02 -2.6962e+00 -2.1167e+00 +1.8317e+00
116155 +3.443897263e-01 +3.443897263e-01 -8.630956103e+02 -8.630956103e+02 -3.1897e+00 -2.4561e+00 +1.9926e+00
116158 +3.305848234e-01 +3.305848234e-01 -8.631094152e+02 -8.631094152e+02 -3.2112e+00 -2.4660e+00 +1.9989e+00
116171 +2.948598825e-01 +2.948598825e-01 -8.631451401e+02 -8.631451401e+02 -3.2122e+00 -2.4696e+00 +1.9994e+00
116249 +2.852660885e-01 +2.852660885e-01 -8.631547339e+02 -8.631547339e+02 -3.2175e+00 -2.4695e+00 +1.9994e+00
116269 +2.408814520e-01 +2.408814520e-01 -8.631991185e+02 -8.631991185e+02 -3.2116e+00 -2.4684e+00 +1.9991e+00
116348 +2.309651703e-01 +2.309651703e-01 -8.632090348e+02 -8.632090348e+02 -3.2013e+00 -2.4604e+00 +1.9952e+00
116367 +2.005305527e-01 +2.005305527e-01 -8.632394694e+02 -8.632394694e+02 -3.1993e+00 -2.4604e+00 +1.9953e+00
116512 +1.940667298e-01 +1.940667298e-01 -8.632459333e+02 -8.632459333e+02 -3.1989e+00 -2.4601e+00 +1.9952e+00
% function evaluation | noise-free fitness - Fopt (1.318500000000e+02) | best noise-free fitness - Fopt | measured fitness | best measured fitness | x1 | x2...
1 +4.213821929e+01 +4.213821929e+01 +1.739882193e+02 +1.739882193e+02 +0.0000e+00 +0.0000e+00 +0.0000e+00
2 +2.845724566e+01 +2.845724566e+01 +1.603072457e+02 +1.603072457e+02 +1.3387e+00 +1.0145e+00 +1.0026e+00
3 +2.809351894e+01 +2.809351894e+01 +1.599435189e+02 +1.599435189e+02 +2.7004e+00 +1.1963e+00 +2.8509e+00
9 +8.136577393e+00 +8.136577393e+00 +1.399865774e+02 +1.399865774e+02 +2.0257e-01 +9.6315e-01 +2.2404e+00
12 +1.857864992e+00 +1.857864992e+00 +1.337078650e+02 +1.337078650e+02 -2.4155e-01 -1.7765e-01 +1.7482e+00
82 +1.728681954e+00 +1.728681954e+00 +1.335786820e+02 +1.335786820e+02 -1.4484e-01 -1.2515e-01 +1.8878e+00
161 +1.414442370e+00 +1.414442370e+00 +1.332644424e+02 +1.332644424e+02 -6.8783e-02 +1.9365e-01 +1.7318e+00
253 +7.428127124e-01 +7.428127124e-01 +1.325928127e+02 +1.325928127e+02 +7.3609e-02 +1.1492e+00 +1.8188e+00
352 +2.836406265e-01 +2.836406265e-01 +1.321336406e+02 +1.321336406e+02 +2.3679e-02 +4.9336e-01 +1.7174e+00
434 +6.856572764e-02 +6.856572764e-02 +1.319185657e+02 +1.319185657e+02 -5.0070e-02 +4.6471e-02 +1.7174e+00
498 +6.460014900e-02 +6.460014900e-02 +1.319146001e+02 +1.319146001e+02 -2.1616e-02 +1.4583e-01 +1.7173e+00
533 +6.115534949e-02 +6.115534949e-02 +1.319111553e+02 +1.319111553e+02 -1.7121e-02 +1.7913e-01 +1.7156e+00
568 +4.212760767e-02 +4.212760767e-02 +1.318921276e+02 +1.318921276e+02 -1.4981e-02 +1.7223e-01 +1.7144e+00
584 +2.564888370e-02 +2.564888370e-02 +1.318756489e+02 +1.318756489e+02 -1.5410e-02 +1.6831e-01 +1.7127e+00
644 +2.179301537e-02 +2.179301537e-02 +1.318717930e+02 +1.318717930e+02 -1.7314e-02 +1.5299e-01 +1.7154e+00
645 +2.019097558e-02 +2.019097558e-02 +1.318701910e+02 +1.318701910e+02 -1.6161e-02 +1.5643e-01 +1.7113e+00
649 +1.348336800e-02 +1.348336800e-02 +1.318634834e+02 +1.318634834e+02 -1.7118e-02 +1.5827e-01 +1.7129e+00
654 +1.188725544e-02 +1.188725544e-02 +1.318618873e+02 +1.318618873e+02 -1.7596e-02 +1.5795e-01 +1.7151e+00
679 +7.132849741e-03 +7.132849741e-03 +1.318571328e+02 +1.318571328e+02 -1.7755e-02 +1.4979e-01 +1.7134e+00
699 +6.071371208e-03 +6.071371208e-03 +1.318560714e+02 +1.318560714e+02 -1.6813e-02 +1.5902e-01 +1.7135e+00
752 +3.568401690e-03 +3.568401690e-03 +1.318535684e+02 +1.318535684e+02 -1.6839e-02 +1.6035e-01 +1.7142e+00
863 +3.532495443e-03 +3.532495443e-03 +1.318535325e+02 +1.318535325e+02 -1.6807e-02 +1.6012e-01 +1.7141e+00
920 +2.918421656e-03 +2.918421656e-03 +1.318529184e+02 +1.318529184e+02 -1.6864e-02 +1.5979e-01 +1.7140e+00
953 +2.743178347e-03 +2.743178347e-03 +1.318527432e+02 +1.318527432e+02 -1.6847e-02 +1.5987e-01 +1.7140e+00
956 +2.630627696e-03 +2.630627696e-03 +1.318526306e+02 +1.318526306e+02 -1.6818e-02 +1.6007e-01 +1.7140e+00
1029 +2.384146385e-03 +2.384146385e-03 +1.318523841e+02 +1.318523841e+02 -1.6806e-02 +1.6012e-01 +1.7140e+00
1078 +2.128233205e-03 +2.128233205e-03 +1.318521282e+02 +1.318521282e+02 -1.6803e-02 +1.6020e-01 +1.7140e+00
1318 +2.038492660e-03 +2.038492660e-03 +1.318520385e+02 +1.318520385e+02 -1.6798e-02 +1.6023e-01 +1.7140e+00
1335 +1.939724802e-03 +1.939724802e-03 +1.318519397e+02 +1.318519397e+02 -1.6798e-02 +1.6023e-01 +1.7140e+00
1552 +1.902071199e-03 +1.902071199e-03 +1.318519021e+02 +1.318519021e+02 -1.6797e-02 +1.6023e-01 +1.7140e+00
