% function evaluation | noise-free fitness - Fopt (-1.694000000000e+01) | best noise-free fitness - Fopt | measured fitness | best measured fitness | x1 | x2...
1 +1.275492373e+03 +1.275492373e+03 +1.258552373e+03 +1.258552373e+03 +0.0000e+00 +0.0000e+00
2 +2.504514554e+02 +2.504514554e+02 +2.335114554e+02 +2.335114554e+02 +2.0725e+00 +3.9905e+00
7 +2.452435699e+01 +2.452435699e+01 +7.584356994e+00 +7.584356994e+00 +2.8590e+00 +5.4230e+00
16 +1.403018745e+01 +1.403018745e+01 -2.909812548e+00 -2.909812548e+00 +3.1981e+00 +5.7030e+00
65 +1.157219263e+01 +1.157219263e+01 -5.367807374e+00 -5.367807374e+00 +3.2970e+00 +3.2476e+00
90 +9.789827008e+00 +9.789827008e+00 -7.150172992e+00 -7.150172992e+00 +3.9494e+00 +2.6123e+00
91 +2.446912901e+00 +2.446912901e+00 -1.449308710e+01 -1.449308710e+01 +3.4038e+00 +3.6687e+00
138 +2.288313658e+00 +2.288313658e+00 -1.465168634e+01 -1.465168634e+01 +3.5435e+00 +2.9442e+00
153 +1.851371133e+00 +1.851371133e+00 -1.508862887e+01 -1.508862887e+01 +3.5232e+00 +2.6921e+00
162 +1.272464781e+00 +1.272464781e+00 -1.566753522e+01 -1.566753522e+01 +3.6268e+00 +2.5475e+00
177 +1.087887612e+00 +1.087887612e+00 -1.585211239e+01 -1.585211239e+01 +3.6661e+00 +2.3418e+00
180 +4.267428453e-01 +4.267428453e-01 -1.651325715e+01 -1.651325715e+01 +3.7193e+00 +2.2667e+00
194 +2.291933444e-01 +2.291933444e-01 -1.671080666e+01 -1.671080666e+01 +3.6072e+00 +2.6942e+00
229 +1.522810957e-01 +1.522810957e-01 -1.678771890e+01 -1.678771890e+01 +3.6452e+00 +2.5883e+00
93052 +1.453450053e-01 +1.453450053e-01 -1.679465499e+01 -1.679465499e+01 +3.6218e+00 +2.6531e+00
93320 +1.412500286e-01 +1.412500286e-01 -1.679874997e+01 -1.679874997e+01 +3.6692e+00 +2.4855e+00
93345 +5.188413169e-02 +5.188413169e-02 -1.688811587e+01 -1.688811587e+01 +3.6578e+00 +2.5355e+00
93373 +1.663800723e-02 +1.663800723e-02 -1.692336199e+01 -1.692336199e+01 +3.6593e+00 +2.5339e+00
93379 +7.653593111e-03 +7.653593111e-03 -1.693234641e+01 -1.693234641e+01 +3.6568e+00 +2.5446e+00
93504 +5.024877092e-03 +5.024877092e-03 -1.693497512e+01 -1.693497512e+01 +3.6567e+00 +2.5462e+00
93519 +1.056500838e-03 +1.056500838e-03 -1.693894350e+01 -1.693894350e+01 +3.6558e+00 +2.5505e+00
93536 +1.000734557e-03 +1.000734557e-03 -1.693899927e+01 -1.693899927e+01 +3.6562e+00 +2.5487e+00
93577 +9.850553433e-04 +9.850553433e-04 -1.693901494e+01 -1.693901494e+01 +3.6559e+00 +2.5504e+00
93612 +4.432139952e-04 +4.432139952e-04 -1.693955679e+01 -1.693955679e+01 +3.6560e+00 +2.5494e+00
% function evaluation | noise-free fitness - Fopt (1.881000000000e+01) | best noise-free fitness - Fopt | measured fitness | best measured fitness | x1 | x2...
1 +2.061503494e+02 +2.061503494e+02 +2.249603494e+02 +2.249603494e+02 +0.0000e+00 +0.0000e+00
4 +3.036272367e+01 +3.036272367e+01 +4.917272367e+01 +4.917272367e+01 -1.0969e+00 +2.7180e+00
7 +8.131149349e+00 +8.131149349e+00 +2.694114935e+01 +2.694114935e+01 -1.1552e+00 +1.7094e+00
10 +1.027409312e+00 +1.027409312e+00 +1.983740931e+01 +1.983740931e+01 +6.9458e-02 +1.7046e+00
128 +7.495892302e-01 +7.495892302e-01 +1.955958923e+01 +1.955958923e+01 +6.0243e-01 +1.6998e+00
193885 +7.238782483e-01 +7.238782483e-01 +1.953387825e+01 +1.953387825e+01 -5.6290e-02 +1.7638e+00
193911 +5.910825511e-01 +5.910825511e-01 +1.940108255e+01 +1.940108255e+01 -9.0828e-02 +1.7695e+00
194011 +5.497446298e-01 +5.497446298e-01 +1.935974463e+01 +1.935974463e+01 -6.4527e-01 +1.7927e+00
194041 +4.351910750e-01 +4.351910750e-01 +1.924519108e+01 +1.924519108e+01 -3.2344e-01 +1.7862e+00
194052 +1.782892130e-01 +1.782892130e-01 +1.898828921e+01 +1.898828921e+01 -1.9559e-01 +1.7782e+00
194057 +1.695132484e-01 +1.695132484e-01 +1.897951325e+01 +1.897951325e+01 -3.2398e-01 +1.7898e+00
194087 +1.145027858e-01 +1.145027858e-01 +1.892450279e+01 +1.892450279e+01 -2.3429e-01 +1.7802e+00
194102 +1.107116416e-01 +1.107116416e-01 +1.892071164e+01 +1.892071164e+01 -2.2883e-01 +1.7822e+00
194108 +9.761687480e-02 +9.761687480e-02 +1.890761687e+01 +1.890761687e+01 -2.4377e-01 +1.7806e+00
194113 +8.112228151e-02 +8.112228151e-02 +1.889112228e+01 +1.889112228e+01 -2.4301e-01 +1.7835e+00
194116 +6.760134528e-02 +6.760134528e-02 +1.887760135e+01 +1.887760135e+01 -1.9322e-01 +1.7828e+00
194120 +5.002512920e-02 +5.002512920e-02 +1.886002513e+01 +1.886002513e+01 -1.7571e-01 +1.7798e+00
194134 +4.285862765e-02 +4.285862765e-02 +1.885285863e+01 +1.885285863e+01 -1.8381e-01 +1.7793e+00
194138 +1.756341123e-02 +1.756341123e-02 +1.882756341e+01 +1.882756341e+01 -2.0769e-01 +1.7814e+00
194163 +1.713596095e-02 +1.713596095e-02 +1.882713596e+01 +1.882713596e+01 -2.0101e-01 +1.7808e+00
194183 +1.384197741e-02 +1.384197741e-02 +1.882384198e+01 +1.882384198e+01 -1.9251e-01 +1.7806e+00
194184 +8.147989605e-03 +8.147989605e-03 +1.881814799e+01 +1.881814799e+01 -1.8464e-01 +1.7802e+00
194285 +7.617845965e-03 +7.617845965e-03 +1.881761785e+01 +1.881761785e+01 -1.8431e-01 +1.7798e+00
194322 +7.553374787e-03 +7.553374787e-03 +1.881755337e+01 +1.881755337e+01 -1.8352e-01 +1.7797e+00
% function evaluation | noise-free fitness - Fopt (2.731500000000e+02) | best noise-free fitness - Fopt | measured fitness | best measured fitness | x1 | x2...
1 +6.092861296e+02 +6.092861296e+02 +8.824361296e+02 +8.824361296e+02 +0.0000e+00 +0.0000e+00
2 +8.882642412e+01 +8.882642412e+01 +3.619764241e+02 +3.619764241e+02 -2.4300e+00 +3.1609e-01
7 +6.384703995e+01 +6.384703995e+01 +3.369970400e+02 +3.369970400e+02 -4.2700e+00 -5.5587e-01
12 +7.799867429e+00 +7.799867429e+00 +2.809498674e+02 +2.809498674e+02 -4.9071e+00 +1.4165e+00
25 +3.144883106e+00 +3.144883106e+00 +2.762948831e+02 +2.762948831e+02 -3.8119e+00 +3.1754e+00
34 +4.491288886e-01 +4.491288886e-01 +2.735991289e+02 +2.735991289e+02 -3.5315e+00 +3.8752e+00
139 +2.480621125e-01 +2.480621125e-01 +2.733980621e+02 +2.733980621e+02 -3.4520e+00 +4.0499e+00
181 +2.232834172e-01 +2.232834172e-01 +2.733732834e+02 +2.733732834e+02 -3.6019e+00 +3.6973e+00
187 +1.573064104e-01 +1.573064104e-01 +2.733073064e+02 +2.733073064e+02 -3.6335e+00 +3.6428e+00
302 +1.410719054e-01 +1.410719054e-01 +2.732910719e+02 +2.732910719e+02 -3.5438e+00 +3.8328e+00
336 +9.983357031e-02 +9.983357031e-02 +2.732498336e+02 +2.732498336e+02 -3.5327e+00 +3.8641e+00
601 +7.968475714e-02 +7.968475714e-02 +2.732296848e+02 +2.732296848e+02 -3.5549e+00 +3.8126e+00
611 +5.762134129e-02 +5.762134129e-02 +2.732076213e+02 +2.732076213e+02 -3.5488e+00 +3.8248e+00
61745 +3.394950902e-02 +3.394950902e-02 +2.731839495e+02 +2.731839495e+02 -3.5617e+00 +3.7927e+00
61893 +3.330199923e-02 +3.330199923e-02 +2.731833020e+02 +2.731833020e+02 -3.5614e+00 +3.7934e+00
61895 +3.193650293e-02 +3.193650293e-02 +2.731819365e+02 +2.731819365e+02 -3.5624e+00 +3.7926e+00
% function evaluation | noise-free fitness - Fopt (3.718000000000e+01) | best noise-free fitness - Fopt | measured fitness | best measured fitness | x1 | x2...
1 +1.121427784e+02 +1.121427784e+02 +1.493227784e+02 +1.493227784e+02 +0.0000e+00 +0.0000e+00
3 +3.929882328e+01 +3.929882328e+01 +7.647882328e+01 +7.647882328e+01 +1.4766e+00 +8.0932e-01
8 +1.022367104e+01 +1.022367104e+01 +4.740367104e+01 +4.740367104e+01 +7.3700e-01 +1.7945e+00
63 +2.790247033e+00 +2.790247033e+00 +3.997024703e+01 +3.997024703e+01 -3.1609e+00 +1.9551e+00
127 +2.445271208e+00 +2.445271208e+00 +3.962527121e+01 +3.962527121e+01 -4.7309e+00 +2.2117e+00
156 +1.573498584e+00 +1.573498584e+00 +3.875349858e+01 +3.875349858e+01 -3.1251e+00 +1.9849e+00
173 +5.588548041e-01 +5.588548041e-01 +3.773885480e+01 +3.773885480e+01 -3.5696e+00 +2.0287e+00
193 +4.729042900e-01 +4.729042900e-01 +3.765290429e+01 +3.765290429e+01 -3.8813e+00 +2.0541e+00
203 +3.668080713e-01 +3.668080713e-01 +3.754680807e+01 +3.754680807e+01 -3.7802e+00 +2.0697e+00
211 +3.347022645e-01 +3.347022645e-01 +3.751470226e+01 +3.751470226e+01 -3.7615e+00 +2.0440e+00
217 +1.903823240e-01 +1.903823240e-01 +3.737038232e+01 +3.737038232e+01 -3.7428e+00 +2.0556e+00
227 +1.603292675e-01 +1.603292675e-01 +3.734032927e+01 +3.734032927e+01 -3.7946e+00 +2.0602e+00
253 +1.035776449e-01 +1.035776449e-01 +3.728357764e+01 +3.728357764e+01 -3.9524e+00 +2.0626e+00
274 +9.324108121e-02 +9.324108121e-02 +3.727324108e+01 +3.727324108e+01 -3.9162e+00 +2.0611e+00
275 +1.960463309e-02 +1.960463309e-02 +3.719960463e+01 +3.719960463e+01 -3.8965e+00 +2.0599e+00
73374 +9.285788927e-03 +9.285788927e-03 +3.718928579e+01 +3.718928579e+01 -3.9059e+00 +2.0606e+00
73375 +8.743429071e-03 +8.743429071e-03 +3.718874343e+01 +3.718874343e+01 -3.9010e+00 +2.0600e+00
141873 +1.233248352e-03 +1.233248352e-03 +3.718123325e+01 +3.718123325e+01 -3.8984e+00 +2.0599e+00
% function evaluation | noise-free fitness - Fopt (-1.479000000000e+02) | best noise-free fitness - Fopt | measured fitness | best measured fitness | x1 | x2...
1 +1.284153627e+02 +1.284153627e+02 -1.948463728e+01 -1.948463728e+01 +0.0000e+00 +0.0000e+00
2 +3.496545727e+01 +3.496545727e+01 -1.129345427e+02 -1.129345427e+02 +2.0207e+00 -5.2874e+00
3 +2.181370978e+01 +2.181370978e+01 -1.260862902e+02 -1.260862902e+02 +2.3221e+00 -5.2663e+00
5 +1.179241735e+01 +1.179241735e+01 -1.361075827e+02 -1.361075827e+02 +6.3946e-01 -2.1145e+00
15 +1.068648253e+01 +1.068648253e+01 -1.372135175e+02 -1.372135175e+02 +2.5113e+00 -5.0065e+00
33 +6.597544852e+00 +6.597544852e+00 -1.413024551e+02 -1.413024551e+02 +2.0545e+00 -4.3828e+00
52 +6.154440910e+00 +6.154440910e+00 -1.417455591e+02 -1.417455591e+02 +1.2277e+00 -3.2273e+00
94 +3.378204099e+00 +3.378204099e+00 -1.445217959e+02 -1.445217959e+02 +1.3393e-01 -1.7364e+00
107 +2.030992823e+00 +2.030992823e+00 -1.458690072e+02 -1.458690072e+02 -3.8897e-01 -1.0662e+00
108 +1.030806324e+00 +1.030806324e+00 -1.468691937e+02 -1.468691937e+02 -8.5786e-01 -5.3985e-01
222 +8.108354800e-01 +8.108354800e-01 -1.470891645e+02 -1.470891645e+02 -1.1300e+00 -2.7915e-01
256 +7.059151010e-01 +7.059151010e-01 -1.471940849e+02 -1.471940849e+02 -1.2296e+00 -2.0127e-01
257 +6.514524108e-01 +6.514524108e-01 -1.472485476e+02 -1.472485476e+02 -1.3154e+00 -1.2400e-01
267 +5.436254364e-01 +5.436254364e-01 -1.473563746e+02 -1.473563746e+02 -1.2668e+00 -1.6637e-01
305 +5.297517269e-01 +5.297517269e-01 -1.473702483e+02 -1.473702483e+02 -1.2520e+00 -1.9826e-01
32575 +4.187662965e-01 +4.187662965e-01 -1.474812337e+02 -1.474812337e+02 -1.8764e+00 +3.5301e-01
32621 +4.106597366e-01 +4.106597366e-01 -1.474893403e+02 -1.474893403e+02 -1.8549e+00 +3.3456e-01
32635 +3.990706334e-01 +3.990706334e-01 -1.475009294e+02 -1.475009294e+02 -1.8141e+00 +2.9406e-01
32644 +2.739796052e-01 +2.739796052e-01 -1.476260204e+02 -1.476260204e+02 -1.8111e+00 +2.8486e-01
32647 +2.163099970e-01 +2.163099970e-01 -1.476836900e+02 -1.476836900e+02 -1.7857e+00 +2.5109e-01
32688 +2.109514353e-01 +2.109514353e-01 -1.476890486e+02 -1.476890486e+02 -1.7697e+00 +2.3993e-01
32698 +1.941114591e-01 +1.941114591e-01 -1.477058885e+02 -1.477058885e+02 -1.7670e+00 +2.2921e-01
32701 +1.574429428e-01 +1.574429428e-01 -1.477425571e+02 -1.477425571e+02 -1.7611e+00 +2.3126e-01
32717 +1.391600946e-01 +1.391600946e-01 -1.477608399e+02 -1.477608399e+02 -1.7382e+00 +2.0224e-01
32737 +1.272625554e-01 +1.272625554e-01 -1.477727374e+02 -1.477727374e+02 -1.7373e+00 +2.0139e-01
32744 +1.110020243e-01 +1.110020243e-01 -1.477889980e+02 -1.477889980e+02 -1.7380e+00 +2.0248e-01
32748 +1.024490496e-01 +1.024490496e-01 -1.477975510e+02 -1.477975510e+02 -1.7264e+00 +1.8937e-01
32758 +9.857110936e-02 +9.857110936e-02 -1.478014289e+02 -1.478014289e+02 -1.7163e+00 +1.7866e-01
32798 +9.761713233e-02 +9.761713233e-02 -1.478023829e+02 -1.478023829e+02 -1.7284e+00 +1.9178e-01
62762 +3.365932917e-02 +3.365932917e-02 -1.478663407e+02 -1.478663407e+02 -1.6441e+00 +1.1320e-01
62924 +3.220828521e-02 +3.220828521e-02 -1.478677917e+02 -1.478677917e+02 -1.6456e+00 +1.1483e-01
% function evaluation | noise-free fitness - Fopt (-6.080000000000e+00) | best noise-free fitness - Fopt | measured fitness | best measured fitness | x1 | x2...
1 +1.108816592e+02 +1.108816592e+02 +1.048016592e+02 +1.048016592e+02 +0.0000e+00 +0.0000e+00
4 +2.191801936e+01 +2.191801936e+01 +1.583801936e+01 +1.583801936e+01 -3.6906e+00 +1.0090e+00
11 +1.935159369e+01 +1.935159369e+01 +1.327159369e+01 +1.327159369e+01 -5.3648e+00 +1.2338e+00
14 +1.636943121e+01 +1.636943121e+01 +1.028943121e+01 +1.028943121e+01 -4.7654e+00 +1.8523e+00
16 +1.048202567e+01 +1.048202567e+01 +4.402025669e+00 +4.402025669e+00 -4.2679e+00 +1.4282e+00
52 +7.867985152e+00 +7.867985152e+00 +1.787985152e+00 +1.787985152e+00 -4.0653e+00 +1.7813e+00
58 +6.657252447e+00 +6.657252447e+00 +5.772524469e-01 +5.772524469e-01 -4.2737e+00 +1.5136e+00
69 +5.173926385e+00 +5.173926385e+00 -9.060736153e-01 -9.060736153e-01 -4.2459e+00 +1.6097e+00
106 +5.067314361e+00 +5.067314361e+00 -1.012685639e+00 -1.012685639e+00 -4.3537e+00 +1.5780e+00
31057 +4.046632452e+00 +4.046632452e+00 -2.033367548e+00 -2.033367548e+00 -3.2519e+00 +1.6391e+00
31177 +1.520148000e+00 +1.520148000e+00 -4.559852000e+00 -4.559852000e+00 +7.7026e-01 +2.1083e+00
154358 +8.824592587e-01 +8.824592587e-01 -5.197540741e+00 -5.197540741e+00 +5.7672e-01 +2.0388e+00
% function evaluation | noise-free fitness - Fopt (2.431100000000e+02) | best noise-free fitness - Fopt | measured fitness | best measured fitness | x1 | x2...
1 +1.270339719e+01 +1.270339719e+01 +2.558133972e+02 +2.558133972e+02 +0.0000e+00 +0.0000e+00
8 +3.659894781e+00 +3.659894781e+00 +2.467698948e+02 +2.467698948e+02 -4.1294e+00 -1.5491e+00
31234 +3.555997054e+00 +3.555997054e+00 +2.466659971e+02 +2.466659971e+02 -3.4510e+00 -1.1925e+00
31255 +1.609648947e+00 +1.609648947e+00 +2.447196489e+02 +2.447196489e+02 -3.4577e+00 -1.3646e+00
31309 +3.666352680e-01 +3.666352680e-01 +2.434766353e+02 +2.434766353e+02 -3.4351e+00 -1.3258e+00
153655 +1.816455589e-01 +1.816455589e-01 +2.432916456e+02 +2.432916456e+02 -3.8390e+00 -1.4782e+00
153853 +1.354898456e-01 +1.354898456e-01 +2.432454898e+02 +2.432454898e+02 -3.7595e+00 -1.4381e+00
154028 +1.141491373e-01 +1.141491373e-01 +2.432241491e+02 +2.432241491e+02 -3.6785e+00 -1.4097e+00
154057 +9.912762282e-02 +9.912762282e-02 +2.432091276e+02 +2.432091276e+02 -3.6763e+00 -1.4076e+00
154080 +9.764628262e-02 +9.764628262e-02 +2.432076463e+02 +2.432076463e+02 -3.6741e+00 -1.4080e+00
% function evaluation | noise-free fitness - Fopt (-1.436200000000e+02) | best noise-free fitness - Fopt | measured fitness | best measured fitness | x1 | x2...
1 +2.616430789e+02 +2.616430789e+02 +1.180230789e+02 +1.180230789e+02 +0.0000e+00 +0.0000e+00
5 +2.098794123e+02 +2.098794123e+02 +6.625941228e+01 +6.625941228e+01 +1.3655e+00 +1.2750e+00
8 +3.048866973e+01 +3.048866973e+01 -1.131313303e+02 -1.131313303e+02 -1.3493e+00 +4.8829e+00
14 +1.781129816e+01 +1.781129816e+01 -1.258087018e+02 -1.258087018e+02 -3.4669e-01 +4.7889e+00
21 +1.267478698e+01 +1.267478698e+01 -1.309452130e+02 -1.309452130e+02 -1.9915e+00 +4.1162e+00
34 +5.603736615e+00 +5.603736615e+00 -1.380162634e+02 -1.380162634e+02 -1.4337e+00 +3.8743e+00
46 +4.846621605e+00 +4.846621605e+00 -1.387733784e+02 -1.387733784e+02 -1.7563e+00 +3.9526e+00
55 +2.606890236e+00 +2.606890236e+00 -1.410131098e+02 -1.410131098e+02 -1.6920e+00 +3.9965e+00
72 +1.452287552e+00 +1.452287552e+00 -1.421677124e+02 -1.421677124e+02 -1.7244e+00 +3.8831e+00
85 +1.219727929e+00 +1.219727929e+00 -1.424002721e+02 -1.424002721e+02 -1.7616e+00 +3.8482e+00
141 +1.062214451e+00 +1.062214451e+00 -1.425577855e+02 -1.425577855e+02 -1.8359e+00 +3.8318e+00
198 +1.040754787e+00 +1.040754787e+00 -1.425792452e+02 -1.425792452e+02 -1.9075e+00 +3.7423e+00
31522 +9.028404523e-01 +9.028404523e-01 -1.427171595e+02 -1.427171595e+02 -2.6074e+00 +3.3029e+00
31623 +8.654076920e-01 +8.654076920e-01 -1.427545923e+02 -1.427545923e+02 -2.0520e+00 +3.6904e+00
31756 +8.379315050e-01 +8.379315050e-01 -1.427820685e+02 -1.427820685e+02 -3.3152e+00 +2.9382e+00
31757 +8.082092381e-01 +8.082092381e-01 -1.428117908e+02 -1.428117908e+02 -3.2144e+00 +2.9786e+00
31822 +7.709738779e-01 +7.709738779e-01 -1.428490261e+02 -1.428490261e+02 -3.2382e+00 +2.9699e+00
31828 +7.526814356e-01 +7.526814356e-01 -1.428673186e+02 -1.428673186e+02 -3.2498e+00 +2.9633e+00
160564 +4.564082758e-01 +4.564082758e-01 -1.431635917e+02 -1.431635917e+02 -2.9294e+00 +3.1521e+00
160569 +3.961561841e-01 +3.961561841e-01 -1.432238438e+02 -1.432238438e+02 -2.7264e+00 +3.2482e+00
160624 +1.601530587e-01 +1.601530587e-01 -1.434598469e+02 -1.434598469e+02 -2.6077e+00 +3.3123e+00
160629 +9.022894294e-02 +9.022894294e-02 -1.435297711e+02 -1.435297711e+02 -2.6321e+00 +3.3037e+00
160692 +3.629632614e-02 +3.629632614e-02 -1.435837037e+02 -1.435837037e+02 -2.6529e+00 +3.2918e+00
160695 +1.975972825e-02 +1.975972825e-02 -1.436002403e+02 -1.436002403e+02 -2.6572e+00 +3.2905e+00
160769 +3.842611664e-03 +3.842611664e-03 -1.436161574e+02 -1.436161574e+02 -2.6469e+00 +3.2960e+00
160875 +2.850854636e-03 +2.850854636e-03 -1.436171491e+02 -1.436171491e+02 -2.6451e+00 +3.2970e+00
160890 +1.368713248e-03 +1.368713248e-03 -1.436186313e+02 -1.436186313e+02 -2.6433e+00 +3.2980e+00
% function evaluation | noise-free fitness - Fopt (4.290000000000e+01) | best noise-free fitness - Fopt | measured fitness | best measured fitness | x1 | x2...
1 +7.022753736e+00 +7.022753736e+00 +4.992275374e+01 +4.992275374e+01 +0.0000e+00 +0.0000e+00
5 +4.009561947e+00 +4.009561947e+00 +4.690956195e+01 +4.690956195e+01 +9.7120e-02 +1.3473e+00
9 +2.329145805e+00 +2.329145805e+00 +4.522914580e+01 +4.522914580e+01 +3.9179e-01 -9.8409e-01
158352 +2.114792919e+00 +2.114792919e+00 +4.501479292e+01 +4.501479292e+01 +1.8770e-02 +8.4470e-01
158379 +1.190593624e+00 +1.190593624e+00 +4.409059362e+01 +4.409059362e+01 +1.4437e-01 +2.7331e-01
158404 +3.771538251e-01 +3.771538251e-01 +4.327715383e+01 +4.327715383e+01 +1.4840e-01 +3.1244e-01
158423 +2.524727904e-01 +2.524727904e-01 +4.315247279e+01 +4.315247279e+01 +1.8002e-01 +1.6152e-01
158433 +2.451228336e-01 +2.451228336e-01 +4.314512283e+01 +4.314512283e+01 +1.6730e-01 -6.5216e-02
158464 +1.696359647e-01 +1.696359647e-01 +4.306963596e+01 +4.306963596e+01 +1.7580e-01 +1.0239e-01
158522 +1.590969747e-01 +1.590969747e-01 +4.305909697e+01 +4.305909697e+01 +1.7404e-01 +4.6859e-02
158526 +1.353309112e-01 +1.353309112e-01 +4.303533091e+01 +4.303533091e+01 +1.7096e-01 +6.4374e-02
158529 +1.073255747e-01 +1.073255747e-01 +4.300732557e+01 +4.300732557e+01 +1.7005e-01 +6.6619e-02
158549 +1.048864341e-01 +1.048864341e-01 +4.300488643e+01 +4.300488643e+01 +1.6936e-01 +8.1044e-02
158557 +9.803105107e-02 +9.803105107e-02 +4.299803105e+01 +4.299803105e+01 +1.6963e-01 +7.4632e-02
158585 +9.761639041e-02 +9.761639041e-02 +4.299761639e+01 +4.299761639e+01 +1.7169e-01 +7.9809e-02
% function evaluation | noise-free fitness - Fopt (6.286500000000e+02) | best noise-free fitness - Fopt | measured fitness | best measured fitness | x1 | x2...
1 +1.260011294e+02 +1.260011294e+02 +7.546511294e+02 +7.546511294e+02 +0.0000e+00 +0.0000e+00
2 +1.377607799e+01 +1.377607799e+01 +6.424260780e+02 +6.424260780e+02 -1.8662e+00 +1.3588e+00
14 +4.123510403e+00 +4.123510403e+00 +6.327735104e+02 +6.327735104e+02 -2.0475e+00 +1.5063e+00
31 +3.010887755e+00 +3.010887755e+00 +6.316608878e+02 +6.316608878e+02 -2.9474e+00 -9.9122e-02
62 +2.123037944e+00 +2.123037944e+00 +6.307730379e+02 +6.307730379e+02 -2.8065e+00 -3.0821e-02
105 +1.163146656e+00 +1.163146656e+00 +6.298131467e+02 +6.298131467e+02 -2.2917e+00 +1.0259e+00
107 +1.095058832e+00 +1.095058832e+00 +6.297450588e+02 +6.297450588e+02 -2.3065e+00 +1.0506e+00
128 +5.883008399e-01 +5.883008399e-01 +6.292383008e+02 +6.292383008e+02 -2.4323e+00 +7.4511e-01
193 +4.126771468e-01 +4.126771468e-01 +6.290626771e+02 +6.290626771e+02 -2.4735e+00 +6.4513e-01
203 +3.713518194e-01 +3.713518194e-01 +6.290213518e+02 +6.290213518e+02 -2.4814e+00 +6.2574e-01
61420 +3.062686710e-01 +3.062686710e-01 +6.289562687e+02 +6.289562687e+02 -2.6513e+00 +3.3493e-01
61422 +2.474424331e-01 +2.474424331e-01 +6.288974424e+02 +6.288974424e+02 -2.7561e+00 +1.6129e-01
61557 +1.549649843e-01 +1.549649843e-01 +6.288049650e+02 +6.288049650e+02 -2.6666e+00 +3.0324e-01
61567 +1.344274581e-01 +1.344274581e-01 +6.287844275e+02 +6.287844275e+02 -2.6297e+00 +3.5786e-01
61574 +1.248503949e-01 +1.248503949e-01 +6.287748504e+02 +6.287748504e+02 -2.6305e+00 +3.5840e-01
61584 +8.873502983e-02 +8.873502983e-02 +6.287387350e+02 +6.287387350e+02 -2.6419e+00 +3.4117e-01
61620 +3.784237463e-02 +3.784237463e-02 +6.286878424e+02 +6.286878424e+02 -2.6228e+00 +3.6838e-01
61672 +3.365688681e-02 +3.365688681e-02 +6.286836569e+02 +6.286836569e+02 -2.6250e+00 +3.6594e-01
61685 +3.222443121e-02 +3.222443121e-02 +6.286822244e+02 +6.286822244e+02 -2.6235e+00 +3.6890e-01
% function evaluation | noise-free fitness - Fopt (-7.163000000000e+01) | best noise-free fitness - Fopt | measured fitness | best measured fitness | x1 | x2...
1 +3.502654145e+02 +3.502654145e+02 +2.786354145e+02 +2.786354145e+02 +0.0000e+00 +0.0000e+00
4 +3.029605704e+02 +3.029605704e+02 +2.313305704e+02 +2.313305704e+02 +4.2504e-01 +8.4196e-01
6 +5.982016249e+01 +5.982016249e+01 -1.180983751e+01 -1.180983751e+01 +1.3978e+00 -3.1335e+00
11 +3.570192464e+01 +3.570192464e+01 -3.592807536e+01 -3.592807536e+01 +2.0316e+00 -2.8340e+00
15 +3.285226093e+01 +3.285226093e+01 -3.877773907e+01 -3.877773907e+01 +2.9880e+00 -3.9583e+00
26 +7.402986198e+00 +7.402986198e+00 -6.422701380e+01 -6.422701380e+01 +2.6495e+00 -2.7657e+00
47 +4.053771988e+00 +4.053771988e+00 -6.757622801e+01 -6.757622801e+01 +3.6467e+00 -1.7969e+00
62 +3.441738303e+00 +3.441738303e+00 -6.818826170e+01 -6.818826170e+01 +2.6624e+00 -3.0026e+00
67 +3.333772961e+00 +3.333772961e+00 -6.829622704e+01 -6.829622704e+01 +2.6519e+00 -3.0703e+00
89 +2.137623414e+00 +2.137623414e+00 -6.949237659e+01 -6.949237659e+01 +2.9757e+00 -2.6870e+00
99 +1.879468655e+00 +1.879468655e+00 -6.975053134e+01 -6.975053134e+01 +2.8851e+00 -2.8419e+00
116 +9.112667922e-01 +9.112667922e-01 -7.071873321e+01 -7.071873321e+01 +2.2580e+00 -3.2240e+00
179 +5.402482638e-01 +5.402482638e-01 -7.108975174e+01 -7.108975174e+01 +2.2534e+00 -3.2600e+00
214 +5.328159310e-01 +5.328159310e-01 -7.109718407e+01 -7.109718407e+01 +2.2350e+00 -3.2482e+00
30303 +2.553773761e-01 +2.553773761e-01 -7.137462262e+01 -7.137462262e+01 +1.7748e+00 -3.4719e+00
30330 +1.755336821e-01 +1.755336821e-01 -7.145446632e+01 -7.145446632e+01 +1.6453e+00 -3.5509e+00
30368 +5.940819868e-02 +5.940819868e-02 -7.157059180e+01 -7.157059180e+01 +1.7238e+00 -3.5057e+00
30394 +5.760318668e-02 +5.760318668e-02 -7.157239681e+01 -7.157239681e+01 +1.7591e+00 -3.4825e+00
30398 +5.500936060e-02 +5.500936060e-02 -7.157499064e+01 -7.157499064e+01 +1.7402e+00 -3.4942e+00
30456 +4.471273953e-02 +4.471273953e-02 -7.158528726e+01 -7.158528726e+01 +1.7367e+00 -3.4973e+00
30474 +3.645927580e-02 +3.645927580e-02 -7.159354072e+01 -7.159354072e+01 +1.7480e+00 -3.4912e+00
30527 +3.118347243e-02 +3.118347243e-02 -7.159881653e+01 -7.159881653e+01 +1.7455e+00 -3.4923e+00
30535 +2.051127474e-02 +2.051127474e-02 -7.160948873e+01 -7.160948873e+01 +1.7467e+00 -3.4917e+00
30544 +2.014316013e-02 +2.014316013e-02 -7.160985684e+01 -7.160985684e+01 +1.7466e+00 -3.4917e+00
30548 +1.733590549e-02 +1.733590549e-02 -7.161266409e+01 -7.161266409e+01 +1.7487e+00 -3.4907e+00
30550 +1.645224993e-02 +1.645224993e-02 -7.161354775e+01 -7.161354775e+01 +1.7473e+00 -3.4911e+00
153860 +3.030966692e-03 +3.030966692e-03 -7.162696903e+01 -7.162696903e+01 +1.7646e+00 -3.4817e+00
% function evaluation | noise-free fitness - Fopt (1.976000000000e+01) | best noise-free fitness - Fopt | measured fitness | best measured fitness | x1 | x2...
1 +1.025653552e+02 +1.025653552e+02 +1.223253552e+02 +1.223253552e+02 +0.0000e+00 +0.0000e+00
2 +2.769940092e+01 +2.769940092e+01 +4.745940092e+01 +4.745940092e+01 +1.4961e+00 +7.6985e-01
3 +3.716713241e+00 +3.716713241e+00 +2.347671324e+01 +2.347671324e+01 +2.9593e+00 +1.6394e+00
54 +3.560056509e+00 +3.560056509e+00 +2.332005651e+01 +2.332005651e+01 +1.9353e+00 +8.1678e-01
67 +3.167760854e+00 +3.167760854e+00 +2.292776085e+01 +2.292776085e+01 +1.9292e+00 +8.7995e-01
73 +2.772812052e+00 +2.772812052e+00 +2.253281205e+01 +2.253281205e+01 +2.2437e+00 +9.5897e-01
82 +7.559136302e-01 +7.559136302e-01 +2.051591363e+01 +2.051591363e+01 +2.2433e+00 +1.0455e+00
30819 +5.877615142e-01 +5.877615142e-01 +2.034776151e+01 +2.034776151e+01 +3.1043e+00 +1.8179e+00
30832 +3.047117898e-01 +3.047117898e-01 +2.006471179e+01 +2.006471179e+01 +2.7675e+00 +1.5667e+00
30943 +2.800636587e-01 +2.800636587e-01 +2.004006366e+01 +2.004006366e+01 +2.8289e+00 +1.5937e+00
30952 +2.271343585e-01 +2.271343585e-01 +1.998713436e+01 +1.998713436e+01 +2.7717e+00 +1.5599e+00
30953 +8.733246310e-02 +8.733246310e-02 +1.984733246e+01 +1.984733246e+01 +2.7356e+00 +1.5392e+00
30990 +8.020148760e-02 +8.020148760e-02 +1.984020149e+01 +1.984020149e+01 +2.7269e+00 +1.5295e+00
31020 +7.810259494e-02 +7.810259494e-02 +1.983810259e+01 +1.983810259e+01 +2.7507e+00 +1.5497e+00
31027 +4.111012572e-02 +4.111012572e-02 +1.980111013e+01 +1.980111013e+01 +2.7291e+00 +1.5324e+00
31072 +3.193286341e-02 +3.193286341e-02 +1.979193286e+01 +1.979193286e+01 +2.7371e+00 +1.5387e+00
31125 +2.175002309e-02 +2.175002309e-02 +1.978175002e+01 +1.978175002e+01 +2.7311e+00 +1.5354e+00
31139 +7.690520154e-03 +7.690520154e-03 +1.976769052e+01 +1.976769052e+01 +2.7224e+00 +1.5281e+00
31176 +3.174429835e-03 +3.174429835e-03 +1.976317443e+01 +1.976317443e+01 +2.7213e+00 +1.5275e+00
31189 +1.230277279e-03 +1.230277279e-03 +1.976123028e+01 +1.976123028e+01 +2.7186e+00 +1.5250e+00
31219 +1.021113812e-03 +1.021113812e-03 +1.976102111e+01 +1.976102111e+01 +2.7197e+00 +1.5261e+00
31284 +9.836421013e-04 +9.836421013e-04 +1.976098364e+01 +1.976098364e+01 +2.7196e+00 +1.5260e+00
31342 +2.856021600e-04 +2.856021600e-04 +1.976028560e+01 +1.976028560e+01 +2.7192e+00 +1.5256e+00
31360 +2.614617110e-04 +2.614617110e-04 +1.976026146e+01 +1.976026146e+01 +2.7192e+00 +1.5256e+00
31369 +2.376761219e-04 +2.376761219e-04 +1.976023768e+01 +1.976023768e+01 +2.7192e+00 +1.5256e+00
31381 +5.476674233e-05 +5.476674233e-05 +1.976005477e+01 +1.976005477e+01 +2.7192e+00 +1.5256e+00
31382 +5.227384372e-05 +5.227384372e-05 +1.976005227e+01 +1.976005227e+01 +2.7192e+00 +1.5256e+00
31393 +2.943806335e-05 +2.943806335e-05 +1.976002944e+01 +1.976002944e+01 +2.7192e+00 +1.5256e+00
31423 +1.771997246e-05 +1.771997246e-05 +1.976001772e+01 +1.976001772e+01 +2.7192e+00 +1.5256e+00
31492 +4.666393661e-06 +4.666393661e-06 +1.976000467e+01 +1.976000467e+01 +2.7192e+00 +1.5256e+00
% function evaluation | noise-free fitness - Fopt (6.100000000000e-01) | best noise-free fitness - Fopt | measured fitness | best measured fitness | x1 | x2...
1 +4.682385345e+02 +4.682385345e+02 +4.688485345e+02 +4.688485345e+02 +0.0000e+00 +0.0000e+00
6 +3.741102698e+01 +3.741102698e+01 +3.802102698e+01 +3.802102698e+01 +2.1108e+00 +2.3050e+00
7 +7.722420824e+00 +7.722420824e+00 +8.332420824e+00 +8.332420824e+00 +1.9855e+00 +2.3093e-01
28 +6.484205621e+00 +6.484205621e+00 +7.094205621e+00 +7.094205621e+00 +1.9881e+00 +6.8035e-01
52 +3.644200639e+00 +3.644200639e+00 +4.254200639e+00 +4.254200639e+00 +2.2239e+00 +1.3563e-02
61 +1.701261492e+00 +1.701261492e+00 +2.311261492e+00 +2.311261492e+00 +1.7283e+00 +8.2166e-01
122 +1.498064322e+00 +1.498064322e+00 +2.108064322e+00 +2.108064322e+00 +1.6154e+00 +9.4171e-01
135 +1.135951130e+00 +1.135951130e+00 +1.745951130e+00 +1.745951130e+00 +1.5401e+00 +1.1317e+00
163 +1.047398306e+00 +1.047398306e+00 +1.657398306e+00 +1.657398306e+00 +1.5396e+00 +1.0983e+00
167 +1.036043510e+00 +1.036043510e+00 +1.646043510e+00 +1.646043510e+00 +1.5100e+00 +1.1412e+00
212 +7.492778901e-01 +7.492778901e-01 +1.359277890e+00 +1.359277890e+00 +1.4012e+00 +1.3441e+00
153787 +2.432788916e-01 +2.432788916e-01 +8.532788916e-01 +8.532788916e-01 +1.1800e+00 +1.8043e+00
153830 +1.281856654e-01 +1.281856654e-01 +7.381856654e-01 +7.381856654e-01 +1.1031e+00 +1.9714e+00
153837 +1.095001859e-01 +1.095001859e-01 +7.195001859e-01 +7.195001859e-01 +1.0864e+00 +1.9902e+00
153843 +6.807167217e-02 +6.807167217e-02 +6.780716722e-01 +6.780716722e-01 +1.0960e+00 +1.9831e+00
153862 +6.622117508e-02 +6.622117508e-02 +6.762211751e-01 +6.762211751e-01 +1.1004e+00 +1.9709e+00
153866 +6.282924154e-02 +6.282924154e-02 +6.728292415e-01 +6.728292415e-01 +1.0961e+00 +1.9766e+00
153878 +6.080744078e-02 +6.080744078e-02 +6.708074408e-01 +6.708074408e-01 +1.0956e+00 +1.9776e+00
153912 +5.967004619e-02 +5.967004619e-02 +6.696700462e-01 +6.696700462e-01 +1.0958e+00 +1.9779e+00
153922 +5.769884958e-02 +5.769884958e-02 +6.676988496e-01 +6.676988496e-01 +1.0970e+00 +1.9757e+00
% function evaluation | noise-free fitness - Fopt (-8.634400000000e+02) | best noise-free fitness - Fopt | measured fitness | best measured fitness | x1 | x2...
1 +3.697380330e+02 +3.697380330e+02 -4.937019670e+02 -4.937019670e+02 +0.0000e+00 +0.0000e+00
2 +1.086132736e+02 +1.086132736e+02 -7.548267264e+02 -7.548267264e+02 -2.2428e+00 -7.5352e-01
3 +6.254039370e+01 +6.254039370e+01 -8.008996063e+02 -8.008996063e+02 -7.8899e-01 +1.2817e+00
10 +5.988946272e+01 +5.988946272e+01 -8.035505373e+02 -8.035505373e+02 -6.0082e-01 +2.0569e+00
21 +2.696458958e+01 +2.696458958e+01 -8.364754104e+02 -8.364754104e+02 -2.3094e+00 +1.2953e+00
24 +2.094566241e+01 +2.094566241e+01 -8.424943376e+02 -8.424943376e+02 -1.9060e+00 +2.0474e+00
25 +1.170861324e+01 +1.170861324e+01 -8.517313868e+02 -8.517313868e+02 -3.0024e+00 +1.5855e+00
30 +1.001423545e+01 +1.001423545e+01 -8.534257646e+02 -8.534257646e+02 -2.7543e+00 +2.2209e+00
77 +7.994521179e+00 +7.994521179e+00 -8.554454788e+02 -8.554454788e+02 -2.3389e+00 +2.0695e+00
81 +6.498546825e+00 +6.498546825e+00 -8.569414532e+02 -8.569414532e+02 -2.2786e+00 +2.7033e+00
94 +6.048817866e+00 +6.048817866e+00 -8.573911821e+02 -8.573911821e+02 -2.7984e+00 +7.9547e-01
112 +3.373473389e+00 +3.373473389e+00 -8.600665266e+02 -8.600665266e+02 -3.0685e+00 -2.2813e-01
148 +3.169028298e+00 +3.169028298e+00 -8.602709717e+02 -8.602709717e+02 -3.0588e+00 -2.0188e-01
227 +3.131220972e+00 +3.131220972e+00 -8.603087790e+02 -8.603087790e+02 -3.0565e+00 +9.2119e-02
32089 +2.823183584e+00 +2.823183584e+00 -8.606168164e+02 -8.606168164e+02 -4.3944e+00 -5.0058e+00
32122 +2.704301273e+00 +2.704301273e+00 -8.607356987e+02 -8.607356987e+02 -4.1630e+00 -4.0332e+00
32126 +2.444782092e+00 +2.444782092e+00 -8.609952179e+02 -8.609952179e+02 -4.0050e+00 -3.1279e+00
32130 +1.901998885e+00 +1.901998885e+00 -8.615380011e+02 -8.615380011e+02 -4.0872e+00 -3.7672e+00
32137 +1.493610081e+00 +1.493610081e+00 -8.619463899e+02 -8.619463899e+02 -4.1466e+00 -3.7200e+00
32138 +1.065387085e+00 +1.065387085e+00 -8.623746129e+02 -8.623746129e+02 -4.1341e+00 -3.7580e+00
32211 +1.026563872e+00 +1.026563872e+00 -8.624134361e+02 -8.624134361e+02 -4.1387e+00 -3.7742e+00
32253 +2.442804743e-01 +2.442804743e-01 -8.631957195e+02 -8.631957195e+02 -3.7333e+00 -2.6612e+00
64754 +1.795796460e-01 +1.795796460e-01 -8.632604204e+02 -8.632604204e+02 -3.7550e+00 -2.7413e+00
129660 +1.578184786e-01 +1.578184786e-01 -8.632821815e+02 -8.632821815e+02 -3.8538e+00 -3.0149e+00
% function evaluation | noise-free fitness - Fopt (1.318500000000e+02) | best noise-free fitness - Fopt | measured fitness | best measured fitness | x1 | x2...
1 +8.340934318e+00 +8.340934318e+00 +1.401909343e+02 +1.401909343e+02 +0.0000e+00 +0.0000e+00
4 +6.096410438e+00 +6.096410438e+00 +1.379464104e+02 +1.379464104e+02 -8.4712e-01 -2.3799e+00
44 +5.125655749e+00 +5.125655749e+00 +1.369756557e+02 +1.369756557e+02 -1.0553e+00 -2.4486e+00
76 +2.928940182e+00 +2.928940182e+00 +1.347789402e+02 +1.347789402e+02 -5.6305e-02 -1.2820e-01
105 +1.465111209e+00 +1.465111209e+00 +1.333151112e+02 +1.333151112e+02 -1.8561e-01 -4.5272e-01
173 +1.421697876e+00 +1.421697876e+00 +1.332716979e+02 +1.332716979e+02 -1.9276e-01 -4.7318e-01
181 +4.978622417e-01 +4.978622417e-01 +1.323478622e+02 +1.323478622e+02 -5.7759e-02 +3.5301e-02
190 +3.255655555e-01 +3.255655555e-01 +1.321755656e+02 +1.321755656e+02 -1.8430e-02 +1.6270e-01
221 +1.526992281e-01 +1.526992281e-01 +1.320026992e+02 +1.320026992e+02 -3.7056e-02 +8.8432e-02
296 +1.066934494e-01 +1.066934494e-01 +1.319566934e+02 +1.319566934e+02 -4.5726e-02 +6.8259e-02
299 +1.007662159e-01 +1.007662159e-01 +1.319507662e+02 +1.319507662e+02 -4.0245e-02 +8.1344e-02
324 +5.875078179e-02 +5.875078179e-02 +1.319087508e+02 +1.319087508e+02 -3.5489e-02 +1.0005e-01
361 +1.336127624e-03 +1.336127624e-03 +1.318513361e+02 +1.318513361e+02 -1.7316e-02 +1.5359e-01
672 +1.160824287e-03 +1.160824287e-03 +1.318511608e+02 +1.318511608e+02 -1.7185e-02 +1.5385e-01
918 +1.110227851e-03 +1.110227851e-03 +1.318511102e+02 +1.318511102e+02 -1.7945e-02 +1.5179e-01
937 +1.010068710e-03 +1.010068710e-03 +1.318510101e+02 +1.318510101e+02 -1.7928e-02 +1.5187e-01
955 +9.934301468e-04 +9.934301468e-04 +1.318509934e+02 +1.318509934e+02 -1.7900e-02 +1.5192e-01
