% function evaluation | noise-free fitness - Fopt (-9.210000000000e+00) | best noise-free fitness - Fopt | measured fitness | best measured fitness | x1 | x2...
1 +2.043476306e+02 +2.043476306e+02 +1.951376306e+02 +1.951376306e+02 +0.0000e+00 +0.0000e+00 +0.0000e+00 +0.0000e+00 +0.0000e+00 +0.0000e+00 +0.0000e+00 +0.0000e+00 +0.0000e+00 +0.0000e+00
6 +1.656869555e+02 +1.656869555e+02 +1.564769555e+02 +1.564769555e+02 -1.1742e+00 -5.3804e-01 +1.8319e+00 +1.5648e+00 -3.1039e+00 +6.5402e-03 +3.8052e-01 +7.6050e-01 +1.0876e+00 -1.0696e+00
16 +1.610456682e+02 +1.610456682e+02 +1.518356682e+02 +1.518356682e+02 -2.4096e+00 -1.3134e+00 +2.4554e+00 +2.3137e+00 -1.9127e+00 +1.1299e+00 -6.4958e-02 +6.7651e-01 +5.7251e-01 -2.0757e+00
20 +1.506390644e+02 +1.506390644e+02 +1.414290644e+02 +1.414290644e+02 -9.9360e-01 +1.4202e-01 +1.3085e+00 +2.6881e+00 -3.6669e+00 +3.8274e-01 +1.0287e+00 +7.1471e-01 +4.4100e-01 -2.2492e+00
24 +1.315979964e+02 +1.315979964e+02 +1.223879964e+02 +1.223879964e+02 -1.3836e+00 -6.4002e-01 +2.8361e+00 +3.7169e+00 -3.6465e+00 +5.9776e-01 +1.6293e+00 +2.1334e+00 +1.6635e+00 -1.6694e+00
27 +1.281754087e+02 +1.281754087e+02 +1.189654087e+02 +1.189654087e+02 -1.1188e+00 +1.3968e+00 +3.8822e+00 +2.0556e+00 -4.3099e+00 +1.1206e+00 -2.1636e-01 +8.0502e-02 +1.1137e+00 -4.0461e+00
32 +1.160180330e+02 +1.160180330e+02 +1.068080330e+02 +1.068080330e+02 -9.2035e-01 +3.3657e+00 +3.4172e+00 +4.6187e+00 -5.9746e+00 +1.9222e-01 -1.0808e-01 +1.5485e-02 +6.5318e-01 -5.2853e+00
36 +1.094171739e+02 +1.094171739e+02 +1.002071739e+02 +1.002071739e+02 -1.1885e+00 +9.1480e-01 +4.1983e+00 +2.3571e+00 -4.6164e+00 +1.2734e+00 -2.0756e-02 +1.4671e-01 +1.8923e+00 -6.2584e+00
43 +8.565944460e+01 +8.565944460e+01 +7.644944460e+01 +7.644944460e+01 -1.5287e+00 +1.7146e+00 +4.7496e+00 -6.7635e-01 -7.0758e+00 -3.5328e-01 +2.0746e+00 +2.8105e+00 +2.8951e+00 -6.9111e+00
52 +6.562207521e+01 +6.562207521e+01 +5.641207521e+01 +5.641207521e+01 -2.4806e+00 +1.6650e+00 +5.9599e+00 -8.6498e-01 -7.2257e+00 -6.3543e-01 +3.0372e+00 +3.3544e+00 +4.7456e+00 -7.2649e+00
63 +6.186180535e+01 +6.186180535e+01 +5.265180535e+01 +5.265180535e+01 -1.6181e-01 +6.7765e-01 +4.5392e+00 -1.3360e-01 -5.2223e+00 +6.8610e-01 +1.6467e+00 +3.6287e+00 +6.4137e+00 -5.1225e+00
66 +5.502561018e+01 +5.502561018e+01 +4.581561018e+01 +4.581561018e+01 -2.9691e+00 +1.2452e+00 +6.8781e+00 +5.5078e-01 -5.8538e+00 +7.7715e-01 +1.7302e+00 +4.6216e+00 +5.7428e+00 -7.6834e+00
73 +5.091059387e+01 +5.091059387e+01 +4.170059387e+01 +4.170059387e+01 -4.1302e+00 +5.5382e-01 +6.6205e+00 +2.5957e-01 -6.8335e+00 +3.1258e+00 +1.3694e+00 +5.4369e+00 +4.7110e+00 -1.0333e+01
77 +4.455401795e+01 +4.455401795e+01 +3.534401795e+01 +3.534401795e+01 -4.3757e+00 +4.3530e+00 +6.5021e+00 -9.1167e-01 -6.9587e+00 +2.2468e+00 +2.4768e+00 +7.5515e+00 +5.3260e+00 -1.0304e+01
85 +3.656841693e+01 +3.656841693e+01 +2.735841693e+01 +2.735841693e+01 -5.0404e+00 +7.5410e+00 +7.5058e+00 -2.3534e-02 -7.0971e+00 +1.8240e+00 +4.0755e+00 +8.9349e+00 +6.1373e+00 -9.7758e+00
88 +3.500219632e+01 +3.500219632e+01 +2.579219632e+01 +2.579219632e+01 -4.6883e+00 +3.7028e+00 +3.7126e+00 -2.4338e+00 -7.4519e+00 +5.0961e+00 +3.8204e+00 +5.0542e+00 +6.0560e+00 -8.0295e+00
90 +2.809776090e+01 +2.809776090e+01 +1.888776090e+01 +1.888776090e+01 -1.3504e+00 +2.0351e+00 +5.1634e+00 -1.2600e+00 -4.8347e+00 +4.1589e+00 +4.7956e+00 +5.2836e+00 +8.1889e+00 -8.6514e+00
100 +2.515240369e+01 +2.515240369e+01 +1.594240369e+01 +1.594240369e+01 +8.4539e-01 +6.6884e+00 +4.2828e+00 +5.9155e-02 -1.7093e+00 +6.5338e+00 +6.3213e+00 +9.4408e+00 +1.3138e+01 -5.0532e+00
104 +1.795187993e+01 +1.795187993e+01 +8.741879926e+00 +8.741879926e+00 +1.8196e+00 +5.0071e+00 +4.4147e+00 +2.0319e+00 -3.8831e+00 +3.8055e+00 +7.6316e+00 +1.2069e+01 +1.6892e+01 -5.5417e+00
115 +1.448872957e+01 +1.448872957e+01 +5.278729567e+00 +5.278729567e+00 +1.5727e+00 +5.0717e+00 +2.5423e+00 +1.7686e+00 -6.5260e+00 +7.8490e+00 +9.5814e+00 +1.9542e+01 +1.8308e+01 -5.6613e+00
120 +1.344838547e+01 +1.344838547e+01 +4.238385471e+00 +4.238385471e+00 +8.9074e+00 +7.8131e+00 +6.4110e+00 +7.3137e+00 -1.6690e-01 +5.8966e+00 +8.6073e+00 +7.6469e+00 +2.1228e+01 -6.6701e+00
121 +6.503232853e+00 +6.503232853e+00 -2.706767147e+00 -2.706767147e+00 +1.5035e-01 +4.3969e+00 +1.0120e+01 +6.9124e+00 -4.6857e+00 +5.5815e+00 +7.6085e+00 +1.5363e+01 +1.7828e+01 -8.8289e+00
128 +5.334073158e+00 +5.334073158e+00 -3.875926842e+00 -3.875926842e+00 +2.9738e+00 +9.1031e+00 +1.7882e+01 +1.0228e+01 -3.8112e+00 +6.3546e+00 +6.0285e+00 +1.7350e+01 +2.2699e+01 -6.0024e+00
141 +3.003684894e+00 +3.003684894e+00 -6.206315106e+00 -6.206315106e+00 +5.2174e+00 +9.0477e+00 +1.9622e+01 +1.5805e+01 -8.0726e+00 +1.0312e+01 +4.3529e+00 +1.4102e+01 +2.3159e+01 -8.9214e+00
144 +1.691239485e+00 +1.691239485e+00 -7.518760515e+00 -7.518760515e+00 +3.3088e+00 +1.1347e+01 +2.4303e+01 +2.3307e+01 -1.1594e+01 +1.2731e+01 +6.0804e+00 +1.8195e+01 +1.5542e+01 -5.3508e+00
151 +5.036725051e-01 +5.036725051e-01 -8.706327495e+00 -8.706327495e+00 +4.4963e+00 +1.6138e+01 +1.5537e+01 +2.1818e+01 -1.0291e+01 +1.1608e+01 +7.0769e+00 +1.9290e+01 +2.5399e+01 -1.1440e+01
154 +0.000000000e+00 +0.000000000e+00 -9.210000000e+00 -9.210000000e+00 +5.1407e+00 +1.8667e+01 +1.3396e+01 +2.5542e+01 -1.4496e+01 +1.5158e+01 +8.7558e+00 +1.8324e+01 +2.5260e+01 -7.2845e+00
% function evaluation | noise-free fitness - Fopt (6.559900000000e+02) | best noise-free fitness - Fopt | measured fitness | best measured fitness | x1 | x2...
1 +2.043476306e+02 +2.043476306e+02 +8.603376306e+02 +8.603376306e+02 +0.0000e+00 +0.0000e+00 +0.0000e+00 +0.0000e+00 +0.0000e+00 +0.0000e+00 +0.0000e+00 +0.0000e+00 +0.0000e+00 +0.0000e+00
3 +1.837286811e+02 +1.837286811e+02 +8.397186811e+02 +8.397186811e+02 +2.8554e-01 -3.4259e+00 +5.8474e-01 -1.9767e+00 +2.9401e-01 +3.2046e-01 -2.2552e-01 -2.9801e+00 -3.4816e+00 -1.2974e+00
8 +1.782619689e+02 +1.782619689e+02 +8.342519689e+02 +8.342519689e+02 +5.0559e-01 +4.8796e-01 -4.4125e-02 +1.3224e+00 -7.0652e-01 -4.0906e-01 -5.9776e-01 +2.7952e-01 -9.8946e-01 -7.7403e-01
13 +1.736997287e+02 +1.736997287e+02 +8.296897287e+02 +8.296897287e+02 +1.8334e+00 +1.1386e+00 -1.1758e+00 +1.4981e+00 -1.6256e+00 +1.4379e-01 -1.4560e+00 +8.6691e-01 +7.4989e-01 -1.4941e+00
15 +1.606937774e+02 +1.606937774e+02 +8.166837774e+02 +8.166837774e+02 +3.2436e-01 +1.0003e+00 -1.9279e+00 +5.8647e-01 +5.4774e-01 -1.7102e-01 -9.5086e-01 +1.9854e+00 -1.0197e+00 -1.6841e+00
16 +1.552075251e+02 +1.552075251e+02 +8.111975251e+02 +8.111975251e+02 +3.0024e+00 +3.6577e+00 -3.8502e-01 +1.3044e+00 -2.3675e+00 -9.8036e-01 -2.7931e+00 +2.1764e+00 -2.8559e-01 -9.0757e-01
22 +1.497756819e+02 +1.497756819e+02 +8.057656819e+02 +8.057656819e+02 +2.0773e+00 +4.1334e+00 -1.1160e+00 +2.0947e+00 -1.6267e+00 -1.2865e+00 -2.6848e+00 +2.8940e+00 -1.9884e-01 -1.0959e+00
26 +1.310684710e+02 +1.310684710e+02 +7.870584710e+02 +7.870584710e+02 +4.1033e+00 +4.5339e+00 -1.4772e+00 +3.1553e+00 -3.3054e+00 -7.6350e-01 -3.4883e+00 +5.2504e+00 +7.7370e-01 -1.3653e+00
37 +1.054481861e+02 +1.054481861e+02 +7.614381861e+02 +7.614381861e+02 +4.0029e+00 +3.6258e+00 -2.3923e+00 +3.2663e+00 -2.8563e+00 -2.0151e+00 -4.1161e+00 +4.5450e+00 -1.3066e+00 -1.6893e+00
42 +7.481141944e+01 +7.481141944e+01 +7.308014194e+02 +7.308014194e+02 +5.2244e+00 +5.9025e+00 -2.0693e+00 +4.2676e+00 -3.9418e+00 -3.6269e+00 -6.7436e+00 +5.0619e+00 -1.8402e+00 -2.8081e+00
46 +6.969486590e+01 +6.969486590e+01 +7.256848659e+02 +7.256848659e+02 +3.4370e+00 +2.9214e+00 -2.2991e+00 +3.1310e+00 -4.9050e+00 -1.8434e+00 -5.0715e+00 +4.9223e+00 -1.9361e+00 -3.6428e+00
53 +5.741745647e+01 +5.741745647e+01 +7.134074565e+02 +7.134074565e+02 +4.5883e+00 +3.2179e+00 -3.0522e+00 +4.9171e+00 -6.5560e+00 -1.5878e+00 -4.8450e+00 +5.5800e+00 -1.8497e+00 -4.4410e+00
78 +5.020684131e+01 +5.020684131e+01 +7.061968413e+02 +7.061968413e+02 +7.2963e+00 +7.1761e+00 -3.4832e+00 +9.5572e+00 -5.2731e+00 -6.7706e-01 -6.7570e+00 +7.0444e+00 -3.4006e+00 -4.5969e+00
84 +4.388719508e+01 +4.388719508e+01 +6.998771951e+02 +6.998771951e+02 +8.6144e+00 +7.0936e+00 -4.9886e+00 +1.1585e+01 -4.1667e+00 -1.2833e+00 -5.8856e+00 +5.7335e+00 -3.4591e+00 -4.9358e+00
97 +3.533061379e+01 +3.533061379e+01 +6.913206138e+02 +6.913206138e+02 +8.8280e+00 +7.1315e+00 -7.3023e+00 +1.1735e+01 -5.4479e+00 -1.7353e+00 -7.1998e+00 +5.8257e+00 -4.6230e+00 -4.4990e+00
99 +2.881680415e+01 +2.881680415e+01 +6.848068041e+02 +6.848068041e+02 +1.0316e+01 +9.5311e+00 -6.1071e+00 +1.1758e+01 -3.4361e+00 -3.8367e+00 -6.8130e+00 +5.3202e+00 -6.7774e+00 -4.8483e+00
112 +2.371705308e+01 +2.371705308e+01 +6.797070531e+02 +6.797070531e+02 +1.4494e+01 +1.2995e+01 -1.0971e+01 +1.6025e+01 -4.8293e+00 -7.5318e+00 -8.8565e+00 +7.1637e+00 -9.5758e+00 -6.5948e+00
124 +1.941703718e+01 +1.941703718e+01 +6.754070372e+02 +6.754070372e+02 +1.6370e+01 +9.9494e+00 -1.0885e+01 +1.5952e+01 -4.9608e+00 -8.5699e+00 -9.8033e+00 +6.4936e+00 -9.6948e+00 -7.0148e+00
133 +1.686653644e+01 +1.686653644e+01 +6.728565364e+02 +6.728565364e+02 +1.7003e+01 +8.0591e+00 -1.1376e+01 +1.7106e+01 -6.4973e+00 -6.9199e+00 -7.4967e+00 +6.6959e+00 -1.2234e+01 -7.6063e+00
145 +1.460584269e+01 +1.460584269e+01 +6.705958427e+02 +6.705958427e+02 +2.1822e+01 +6.3088e+00 -1.5536e+01 +2.3044e+01 -1.1954e+01 -1.3135e+01 -8.4168e+00 +8.5364e+00 -1.3021e+01 -8.5884e+00
146 +1.290806492e+01 +1.290806492e+01 +6.688980649e+02 +6.688980649e+02 +2.0179e+01 +4.9942e+00 -1.4891e+01 +2.3796e+01 -6.9029e+00 -1.0314e+01 -1.2387e+01 +6.5561e+00 -1.2551e+01 -1.1580e+01
152 +1.136211247e+01 +1.136211247e+01 +6.673521125e+02 +6.673521125e+02 +1.9420e+01 +3.7973e+00 -1.6848e+01 +3.0658e+01 -7.0923e+00 -1.1535e+01 -1.5277e+01 +5.3929e+00 -1.2991e+01 -1.1101e+01
155 +1.065949658e+01 +1.065949658e+01 +6.666494966e+02 +6.666494966e+02 +2.1550e+01 +3.2533e+00 -1.6583e+01 +2.9727e+01 -1.0387e+01 -7.4487e+00 -1.1324e+01 +5.1751e+00 -1.4198e+01 -1.1598e+01
172 +6.676824692e+00 +6.676824692e+00 +6.626668247e+02 +6.626668247e+02 +1.9634e+01 +1.6962e-01 -1.8561e+01 +4.5862e+01 -9.7832e+00 -6.4784e+00 -8.9328e+00 +6.0476e+00 -2.1767e+01 -1.6271e+01
175 +4.527553758e+00 +4.527553758e+00 +6.605175538e+02 +6.605175538e+02 +2.2741e+01 -1.4945e+00 -1.4974e+01 +3.9555e+01 -1.0909e+01 -5.3726e+00 -1.1408e+01 +7.5074e+00 -1.7198e+01 -1.1642e+01
176 +3.325532708e+00 +3.325532708e+00 +6.593155327e+02 +6.593155327e+02 +1.7654e+01 -2.4252e+00 -1.3596e+01 +3.0023e+01 -6.0875e+00 -7.7507e+00 -8.7571e+00 +6.0945e+00 -1.5449e+01 -1.2057e+01
182 +0.000000000e+00 +0.000000000e+00 +6.559900000e+02 +6.559900000e+02 +1.8466e+01 -5.0793e+00 -1.4376e+01 +3.1007e+01 -6.5717e+00 -8.5879e+00 -9.8116e+00 +6.6262e+00 -1.2749e+01 -1.2228e+01
% function evaluation | noise-free fitness - Fopt (6.671000000000e+01) | best noise-free fitness - Fopt | measured fitness | best measured fitness | x1 | x2...
1 +2.043476306e+02 +2.043476306e+02 +2.710576306e+02 +2.710576306e+02 +0.0000e+00 +0.0000e+00 +0.0000e+00 +0.0000e+00 +0.0000e+00 +0.0000e+00 +0.0000e+00 +0.0000e+00 +0.0000e+00 +0.0000e+00
2 +1.697567721e+02 +1.697567721e+02 +2.364667721e+02 +2.364667721e+02 -9.8384e-01 +1.1856e+00 -1.9583e-01 +4.7186e-01 -1.0171e+00 -1.9375e-01 -1.7472e-01 -9.3363e-01 +1.6350e+00 -1.2594e+00
17 +1.552446750e+02 +1.552446750e+02 +2.219546750e+02 +2.219546750e+02 -8.9627e-01 +2.2398e+00 -6.8165e-02 -6.7037e-01 -1.7654e+00 +9.0800e-02 +3.5275e-01 -3.9946e+00 +1.7432e+00 -1.1384e+00
18 +1.525513379e+02 +1.525513379e+02 +2.192613379e+02 +2.192613379e+02 -1.4395e+00 -5.3273e-02 -6.7603e-01 +7.9460e-01 -2.5572e+00 -1.1046e+00 +6.3454e-02 -7.2694e-01 +2.2422e+00 -2.2879e+00
21 +1.497412672e+02 +1.497412672e+02 +2.164512672e+02 +2.164512672e+02 -1.4938e+00 +2.7381e+00 +4.4117e-01 +2.3263e-01 -1.5969e+00 -1.3939e+00 -1.1685e+00 -1.8839e-01 +2.4397e+00 -3.2007e+00
23 +1.475106586e+02 +1.475106586e+02 +2.142206586e+02 +2.142206586e+02 -6.0510e-01 +3.0805e+00 -4.5119e-01 +3.4333e-02 -1.2738e+00 -1.0784e+00 -1.8178e+00 +4.3342e-01 +3.8501e+00 -2.4066e+00
27 +1.441136426e+02 +1.441136426e+02 +2.108236426e+02 +2.108236426e+02 -1.2387e+00 +2.4222e+00 -1.9440e+00 +9.4605e-01 -3.1826e+00 -3.0721e+00 -2.7183e+00 +1.2542e+00 +3.2009e+00 -2.9145e+00
28 +1.339278164e+02 +1.339278164e+02 +2.006378164e+02 +2.006378164e+02 -8.6586e-01 +2.1958e+00 +4.7356e-01 +2.9059e-01 -1.8257e+00 -7.7273e-01 -2.9212e+00 -4.6339e-01 +2.0879e+00 -3.7748e+00
29 +1.313472126e+02 +1.313472126e+02 +1.980572126e+02 +1.980572126e+02 -1.8366e+00 +3.5943e-01 -1.5596e+00 +1.0838e+00 -2.8783e+00 +1.5964e-01 -1.8337e+00 +3.6878e-01 +2.3010e+00 -3.3993e+00
32 +1.241821091e+02 +1.241821091e+02 +1.908921091e+02 +1.908921091e+02 -1.0690e+00 -5.8929e-01 -7.8480e-01 +5.8606e-01 -2.4630e+00 -6.9372e-01 -2.3954e+00 +9.5663e-01 +2.5567e+00 -4.6224e+00
36 +1.051977331e+02 +1.051977331e+02 +1.719077331e+02 +1.719077331e+02 -2.7377e+00 +3.7361e-01 -8.7019e-01 +9.2650e-01 -3.4347e+00 -4.4973e-01 -2.3175e+00 -8.8295e-01 +2.5128e+00 -6.1283e+00
46 +1.033477636e+02 +1.033477636e+02 +1.700577636e+02 +1.700577636e+02 -2.8570e+00 -1.9521e+00 -6.0960e-01 +1.7013e+00 -2.5852e+00 -8.7318e-01 -2.1421e+00 -3.4846e-01 +3.2098e+00 -5.9501e+00
47 +9.670730708e+01 +9.670730708e+01 +1.634173071e+02 +1.634173071e+02 -2.9589e+00 +6.0957e-01 +2.2737e-01 +8.1160e-01 -6.0685e+00 +1.0879e+00 -2.4308e+00 +9.9937e-01 +4.0019e+00 -6.5797e+00
53 +8.286653353e+01 +8.286653353e+01 +1.495765335e+02 +1.495765335e+02 -4.9416e+00 -2.4105e-02 +1.1817e+00 +2.2969e+00 -5.8000e+00 +1.3224e-01 -2.8699e+00 +4.8223e-01 +5.1964e+00 -7.8202e+00
56 +7.625870998e+01 +7.625870998e+01 +1.429687100e+02 +1.429687100e+02 -2.8873e+00 -1.3684e+00 -3.6305e-01 +1.3428e+00 -6.8384e+00 +2.7551e+00 -2.7645e+00 +5.6606e-01 +4.7378e+00 -8.2023e+00
63 +5.516470069e+01 +5.516470069e+01 +1.218747007e+02 +1.218747007e+02 -4.4920e+00 -3.1757e+00 -5.6300e-01 +2.1117e+00 -7.2114e+00 +4.0960e+00 -2.6396e+00 -9.1783e-01 +5.8558e+00 -9.1805e+00
72 +4.958450009e+01 +4.958450009e+01 +1.162945001e+02 +1.162945001e+02 -2.0394e+00 -3.9050e+00 +5.1783e-01 +1.3410e+00 -7.7416e+00 +5.1818e+00 -2.6668e+00 -2.1154e+00 +5.8592e+00 -1.1214e+01
73 +4.476559093e+01 +4.476559093e+01 +1.114755909e+02 +1.114755909e+02 -3.4749e+00 -4.1111e+00 -1.3038e+00 +2.9527e+00 -7.1456e+00 +4.5626e+00 -3.2175e+00 -1.3851e+00 +6.2340e+00 -1.0467e+01
81 +3.832953479e+01 +3.832953479e+01 +1.050395348e+02 +1.050395348e+02 -4.1008e+00 -1.9265e+00 -8.5309e-01 +3.1219e+00 -1.0756e+01 +4.3650e+00 -2.6925e+00 -3.4145e+00 +6.8658e+00 -7.5790e+00
85 +3.147816576e+01 +3.147816576e+01 +9.818816576e+01 +9.818816576e+01 -4.6947e+00 -1.6522e+00 -7.5366e-01 +1.9856e+00 -1.1126e+01 +3.9437e+00 -3.1724e+00 -4.8344e+00 +8.0005e+00 -6.7512e+00
87 +1.944459959e+01 +1.944459959e+01 +8.615459959e+01 +8.615459959e+01 -5.6183e+00 -3.7389e+00 -3.3758e+00 +1.3660e+00 -1.5176e+01 +6.6394e+00 -3.4322e+00 -5.4457e+00 +6.7712e+00 -7.4690e+00
94 +1.074413374e+01 +1.074413374e+01 +7.745413374e+01 +7.745413374e+01 -6.8867e+00 -1.9624e+00 -3.4930e+00 +3.3415e+00 -1.5020e+01 +6.5049e+00 -4.8419e+00 -7.8553e+00 +5.7572e+00 -7.4518e+00
106 +6.811021973e+00 +6.811021973e+00 +7.352102197e+01 +7.352102197e+01 -6.4658e+00 -3.0739e+00 -5.0574e+00 +6.2247e+00 -1.2826e+01 +7.6002e+00 -4.0686e+00 -6.3178e+00 +6.7570e+00 -7.5545e+00
115 +4.141642317e+00 +4.141642317e+00 +7.085164232e+01 +7.085164232e+01 -5.7049e+00 -1.7933e+00 -6.9436e+00 +7.6551e+00 -1.4935e+01 +6.1581e+00 -5.0089e+00 -7.0174e+00 +8.7429e+00 -6.6074e+00
131 +2.851060227e+00 +2.851060227e+00 +6.956106023e+01 +6.956106023e+01 -3.5847e+00 -3.8883e+00 -5.7192e+00 +6.9744e+00 -1.4938e+01 +7.2915e+00 -6.0540e+00 -6.4593e+00 +5.5626e+00 -7.9116e+00
132 +2.283828618e+00 +2.283828618e+00 +6.899382862e+01 +6.899382862e+01 -7.4480e+00 -4.7546e+00 -4.6603e+00 +8.3452e+00 -1.5385e+01 +7.6470e+00 -8.1491e+00 -6.5238e+00 +4.8192e+00 -7.2666e+00
148 +1.984870538e+00 +1.984870538e+00 +6.869487054e+01 +6.869487054e+01 -7.8009e+00 -7.1946e+00 -3.8101e+00 +8.6032e+00 -1.8430e+01 +6.3444e+00 -1.0589e+01 -8.1872e+00 +6.8524e+00 -7.6444e+00
150 +7.770956159e-01 +7.770956159e-01 +6.748709562e+01 +6.748709562e+01 -7.4417e+00 -4.3983e+00 -5.8841e+00 +1.0656e+01 -1.7337e+01 +7.2734e+00 -1.0611e+01 -7.1033e+00 +5.1227e+00 -8.1241e+00
155 +0.000000000e+00 +0.000000000e+00 +6.671000000e+01 +6.671000000e+01 -7.0911e+00 -6.8888e+00 -6.3411e+00 +1.4069e+01 -1.9694e+01 +7.4713e+00 -1.3843e+01 -7.3387e+00 +7.0703e+00 -8.7194e+00
% function evaluation | noise-free fitness - Fopt (9.416700000000e+02) | best noise-free fitness - Fopt | measured fitness | best measured fitness | x1 | x2...
1 +2.043476306e+02 +2.043476306e+02 +1.146017631e+03 +1.146017631e+03 +0.0000e+00 +0.0000e+00 +0.0000e+00 +0.0000e+00 +0.0000e+00 +0.0000e+00 +0.0000e+00 +0.0000e+00 +0.0000e+00 +0.0000e+00
3 +1.926566144e+02 +1.926566144e+02 +1.134326614e+03 +1.134326614e+03 -1.5698e-01 -1.4212e-01 +7.3168e-01 -1.3119e+00 -1.4030e+00 -8.6188e-01 -4.3109e-01 -8.8197e-01 -7.2692e-01 -4.2951e-01
6 +1.640459454e+02 +1.640459454e+02 +1.105715945e+03 +1.105715945e+03 -3.5029e-01 +3.4064e+00 +5.9048e-01 +1.3245e+00 -1.2416e+00 +5.1204e-01 -1.5654e-03 -9.8658e-01 +3.6848e+00 -4.4462e-01
12 +1.608872554e+02 +1.608872554e+02 +1.102557255e+03 +1.102557255e+03 -4.5644e-01 +4.7621e+00 +5.4182e-01 +8.5100e-01 +2.4932e-01 -6.5023e-01 -7.6595e-01 -1.1085e+00 +3.3599e+00 -8.5591e-01
13 +1.490248472e+02 +1.490248472e+02 +1.090694847e+03 +1.090694847e+03 -1.4650e+00 +4.1743e+00 +1.7072e+00 +1.5741e+00 -1.0066e+00 +1.0972e+00 +1.6513e-01 -1.8409e+00 +4.5816e+00 -8.4091e-01
19 +1.415180624e+02 +1.415180624e+02 +1.083188062e+03 +1.083188062e+03 -1.9076e+00 +3.0555e+00 +2.7829e-01 +2.2523e+00 -3.7050e+00 -8.1630e-01 +1.2316e+00 -2.7848e+00 +3.9688e+00 -4.6017e-01
22 +1.322993240e+02 +1.322993240e+02 +1.073969324e+03 +1.073969324e+03 +6.4331e-01 +2.4912e+00 -3.5640e-01 +2.1428e+00 -3.1530e+00 -3.1236e-01 -4.1605e-01 -3.3699e+00 +4.7071e+00 -3.4123e-01
23 +1.268684640e+02 +1.268684640e+02 +1.068538464e+03 +1.068538464e+03 -2.8197e+00 +3.6626e+00 +1.9951e-01 +1.8280e+00 -2.8174e+00 -9.2875e-01 +1.2189e+00 -3.0717e+00 +4.8536e+00 -1.3605e+00
29 +1.257632289e+02 +1.257632289e+02 +1.067433229e+03 +1.067433229e+03 -2.7298e-01 +1.0933e+00 +7.1572e-02 +1.4217e+00 -3.3210e+00 +1.1107e-01 +2.7803e-01 -2.7289e+00 +3.0922e+00 -2.8688e+00
35 +1.175266823e+02 +1.175266823e+02 +1.059196682e+03 +1.059196682e+03 -1.1559e+00 +1.0190e+00 +3.3726e-01 +1.9761e+00 -2.1823e+00 +4.1817e-01 +1.0451e+00 -2.2094e+00 +3.7956e+00 -3.9809e+00
37 +1.149099039e+02 +1.149099039e+02 +1.056579904e+03 +1.056579904e+03 +6.1323e-01 +2.6411e+00 -2.6822e-01 +3.1675e+00 -3.0050e+00 +2.2715e-01 +1.5601e+00 -3.4048e+00 +2.8119e+00 -4.4598e+00
39 +1.126542385e+02 +1.126542385e+02 +1.054324238e+03 +1.054324238e+03 -5.5586e-02 +3.4035e-01 -5.3801e-01 +1.8615e+00 -4.0289e+00 -6.9143e-01 -3.0617e-02 -4.0201e+00 +2.9073e+00 -2.8517e+00
41 +1.032618879e+02 +1.032618879e+02 +1.044931888e+03 +1.044931888e+03 -8.6372e-01 +1.1580e+00 +3.9485e-01 +1.6782e+00 -3.1068e+00 +3.0033e-01 -8.0757e-01 -5.2272e+00 +3.0925e+00 -3.2211e+00
44 +9.107927188e+01 +9.107927188e+01 +1.032749272e+03 +1.032749272e+03 -1.3278e+00 +1.9795e+00 +1.6795e+00 +2.8345e+00 -4.0096e+00 -3.2216e-01 -1.4004e+00 -5.2674e+00 +2.2030e+00 -3.9743e+00
52 +7.842580642e+01 +7.842580642e+01 +1.020095806e+03 +1.020095806e+03 +1.5857e+00 -1.7474e+00 -8.2211e-01 +2.2591e+00 -1.9842e+00 +3.4858e+00 -5.8486e+00 -7.5590e+00 +4.4678e+00 -4.0986e+00
63 +7.155893737e+01 +7.155893737e+01 +1.013228937e+03 +1.013228937e+03 +6.3728e-01 -2.7268e+00 +3.2531e-01 +3.2039e+00 -2.9972e+00 +4.9955e+00 -8.6552e+00 -9.4577e+00 +6.5761e+00 -4.0177e+00
64 +6.732885620e+01 +6.732885620e+01 +1.008998856e+03 +1.008998856e+03 +1.3930e+00 -2.0082e+00 +1.3125e+00 +2.8885e-01 -8.5086e-01 +3.1322e+00 -5.5242e+00 -7.1133e+00 +5.8249e+00 -6.5335e+00
75 +6.155994738e+01 +6.155994738e+01 +1.003229947e+03 +1.003229947e+03 +2.3528e-01 -1.2801e+00 +2.0692e+00 +7.1017e-01 -2.7143e+00 +2.5157e+00 -4.1341e+00 -6.9338e+00 +6.6770e+00 -5.0590e+00
82 +5.925412406e+01 +5.925412406e+01 +1.000924124e+03 +1.000924124e+03 +1.0755e+00 +1.4557e-01 +4.8228e+00 +1.0145e+00 -2.7679e+00 +3.7483e+00 -6.0279e+00 -5.7407e+00 +8.1934e+00 -7.0473e+00
84 +5.279863762e+01 +5.279863762e+01 +9.944686376e+02 +9.944686376e+02 +1.5600e+00 -1.6737e+00 +2.6002e+00 +1.1978e+00 -3.4166e+00 +2.6992e-01 -5.8278e+00 -8.5969e+00 +4.7548e+00 -4.5495e+00
91 +5.050903370e+01 +5.050903370e+01 +9.921790337e+02 +9.921790337e+02 -1.9997e+00 +4.4725e-01 +9.0596e-01 +2.0248e+00 -4.2492e+00 +8.5551e-01 -5.3660e+00 -4.4747e+00 +4.8770e+00 -5.7929e+00
94 +4.770225030e+01 +4.770225030e+01 +9.893722503e+02 +9.893722503e+02 -3.5189e+00 +1.5578e+00 +2.8199e+00 +3.2544e+00 -3.1734e+00 +1.9455e+00 -4.9331e+00 -6.0061e+00 +6.4257e+00 -7.1251e+00
103 +4.206025712e+01 +4.206025712e+01 +9.837302571e+02 +9.837302571e+02 -4.2358e+00 +3.5249e-01 +2.2669e+00 +1.5967e+00 -4.2116e+00 +6.4802e-01 -5.0384e+00 -6.0623e+00 +5.2337e+00 -7.9384e+00
112 +4.064978918e+01 +4.064978918e+01 +9.823197892e+02 +9.823197892e+02 -4.1258e+00 -7.8648e-02 +3.3536e+00 +2.2820e+00 -6.0949e+00 +1.9056e+00 -6.0127e+00 -6.8109e+00 +5.0565e+00 -8.3012e+00
113 +3.938800707e+01 +3.938800707e+01 +9.810580071e+02 +9.810580071e+02 -3.8801e+00 +3.1892e+00 +2.0537e+00 -6.9657e-01 -7.0389e+00 -3.1724e+00 -6.4857e+00 -5.1905e+00 +4.4917e+00 -8.9020e+00
119 +3.733705750e+01 +3.733705750e+01 +9.790070575e+02 +9.790070575e+02 -6.6848e+00 +3.3000e+00 +2.0276e+00 +3.0422e+00 -4.3203e+00 -6.7321e-01 -5.5610e+00 -6.2899e+00 +5.0842e+00 -6.2794e+00
124 +3.472422372e+01 +3.472422372e+01 +9.763942237e+02 +9.763942237e+02 -7.3457e+00 +2.7564e+00 +1.9633e+00 +4.2210e+00 -3.1128e+00 -1.4630e+00 -6.0601e+00 -7.8450e+00 +6.4352e+00 -6.4024e+00
133 +2.725681220e+01 +2.725681220e+01 +9.689268122e+02 +9.689268122e+02 -8.1067e+00 -8.4545e-01 +3.1001e+00 +4.0846e+00 -2.9872e+00 -1.8977e+00 -5.8579e+00 -7.0119e+00 +5.7481e+00 -6.9666e+00
137 +2.622444125e+01 +2.622444125e+01 +9.678944413e+02 +9.678944413e+02 -7.3924e+00 +3.4914e+00 +2.3197e+00 +7.0644e+00 -1.2662e+00 -5.8590e+00 -7.4099e+00 -8.9151e+00 +6.1031e+00 -4.9603e+00
143 +2.068906446e+01 +2.068906446e+01 +9.623590645e+02 +9.623590645e+02 -5.1987e+00 +3.0396e+00 +3.4636e+00 +7.9557e+00 -2.2174e+00 -5.8567e+00 -7.4173e+00 -9.4018e+00 +5.6387e+00 -6.3699e+00
152 +1.672178511e+01 +1.672178511e+01 +9.583917851e+02 +9.583917851e+02 -3.8919e+00 +1.1902e+00 +5.1801e+00 +8.7169e+00 -2.2620e+00 -6.3761e+00 -9.9848e+00 -7.5455e+00 +6.9899e+00 -5.0264e+00
167 +1.551894479e+01 +1.551894479e+01 +9.571889448e+02 +9.571889448e+02 -3.6189e+00 +1.8848e+00 +3.0042e+00 +7.7299e+00 -4.8743e+00 -9.9154e+00 -8.5439e+00 -7.1081e+00 +7.5171e+00 -4.8433e+00
173 +1.495670016e+01 +1.495670016e+01 +9.566267002e+02 +9.566267002e+02 -5.5508e+00 +2.0025e+00 +1.4554e+00 +6.9045e+00 -5.0022e+00 -9.7139e+00 -8.4525e+00 -5.1259e+00 +7.7656e+00 -6.5008e+00
189 +1.333344575e+01 +1.333344575e+01 +9.550034457e+02 +9.550034457e+02 -6.3669e+00 +2.3364e+00 +2.7428e+00 +7.0233e+00 -6.0684e+00 -1.0555e+01 -8.7734e+00 -4.9845e+00 +6.0338e+00 -6.1256e+00
201 +1.249241295e+01 +1.249241295e+01 +9.541624129e+02 +9.541624129e+02 -6.9688e+00 +3.8046e+00 +4.3281e+00 +5.4883e+00 -6.8480e+00 -9.4526e+00 -7.7733e+00 -7.4046e+00 +6.7841e+00 -6.0362e+00
209 +1.215809615e+01 +1.215809615e+01 +9.538280962e+02 +9.538280962e+02 -7.8843e+00 +1.6059e+00 +5.0738e+00 +3.3168e+00 -6.0369e+00 -9.0636e+00 -9.6022e+00 -9.7034e+00 +6.0061e+00 -5.5823e+00
210 +1.127890336e+01 +1.127890336e+01 +9.529489034e+02 +9.529489034e+02 -5.9123e+00 +3.7328e+00 +5.4549e+00 +7.3066e+00 -5.1037e+00 -7.4270e+00 -7.2806e+00 -8.1968e+00 +6.6840e+00 -6.0602e+00
224 +1.036407538e+01 +1.036407538e+01 +9.520340754e+02 +9.520340754e+02 -7.3744e+00 +3.0245e+00 +5.2560e+00 +7.0751e+00 -5.0852e+00 -5.3321e+00 -7.9696e+00 -7.9072e+00 +9.4624e+00 -6.8926e+00
239 +1.012444437e+01 +1.012444437e+01 +9.517944444e+02 +9.517944444e+02 -4.2471e+00 +1.4118e+00 +7.5348e+00 +7.9620e+00 -6.1888e+00 -4.6966e+00 -6.7052e+00 -6.4862e+00 +8.8675e+00 -5.7101e+00
246 +4.466062925e+00 +4.466062925e+00 +9.461360629e+02 +9.461360629e+02 -5.0907e+00 -1.5421e+00 +7.1452e+00 +9.1583e+00 -7.4422e+00 -6.2467e+00 -8.8849e+00 -5.5371e+00 +1.0181e+01 -5.1896e+00
254 +2.475980241e+00 +2.475980241e+00 +9.441459802e+02 +9.441459802e+02 -4.5516e+00 -3.4301e+00 +5.5233e+00 +8.3799e+00 -6.7666e+00 -6.6725e+00 -8.5600e+00 -5.0458e+00 +1.0351e+01 -7.1132e+00
264 +2.327114046e+00 +2.327114046e+00 +9.439971140e+02 +9.439971140e+02 -4.7860e+00 -4.0144e+00 +4.7431e+00 +7.2787e+00 -4.8521e+00 -6.4346e+00 -5.9450e+00 -6.4993e+00 +9.3526e+00 -6.8143e+00
280 +9.729137922e-01 +9.729137922e-01 +9.426429138e+02 +9.426429138e+02 -4.2772e+00 -5.6025e+00 +4.8500e+00 +6.2371e+00 -7.2553e+00 -5.2933e+00 -6.6722e+00 -5.2273e+00 +1.0400e+01 -8.4060e+00
307 +7.456303676e-01 +7.456303676e-01 +9.424156304e+02 +9.424156304e+02 -4.2544e+00 -8.1253e+00 +7.5406e+00 +1.0162e+01 -6.4683e+00 -7.4738e+00 -5.2750e+00 -6.1169e+00 +8.0343e+00 -5.8834e+00
310 +2.275073553e-01 +2.275073553e-01 +9.418975074e+02 +9.418975074e+02 -4.7725e+00 -6.9778e+00 +5.1826e+00 +9.8181e+00 -9.0650e+00 -5.5372e+00 -5.5234e+00 -7.0615e+00 +7.9144e+00 -6.7617e+00
312 +8.838691669e-02 +8.838691669e-02 +9.417583869e+02 +9.417583869e+02 -6.5675e+00 -7.5516e+00 +4.9470e+00 +9.3592e+00 -8.9982e+00 -5.1063e+00 -5.8499e+00 -6.4164e+00 +7.7618e+00 -6.3172e+00
328 +2.564454436e-02 +2.564454436e-02 +9.416956445e+02 +9.416956445e+02 -6.8151e+00 -8.8695e+00 +4.9846e+00 +1.0086e+01 -8.8003e+00 -5.1517e+00 -5.7564e+00 -6.5919e+00 +6.8950e+00 -6.5506e+00
330 +0.000000000e+00 +0.000000000e+00 +9.416700000e+02 +9.416700000e+02 -6.9477e+00 -5.2819e+00 +5.1209e+00 +9.4585e+00 -8.0602e+00 -6.5825e+00 -6.2348e+00 -6.9248e+00 +7.8735e+00 -6.9908e+00
% function evaluation | noise-free fitness - Fopt (-3.745000000000e+01) | best noise-free fitness - Fopt | measured fitness | best measured fitness | x1 | x2...
1 +2.043476306e+02 +2.043476306e+02 +1.668976306e+02 +1.668976306e+02 +0.0000e+00 +0.0000e+00 +0.0000e+00 +0.0000e+00 +0.0000e+00 +0.0000e+00 +0.0000e+00 +0.0000e+00 +0.0000e+00 +0.0000e+00
3 +1.913155495e+02 +1.913155495e+02 +1.538655495e+02 +1.538655495e+02 -1.4726e-01 +7.3201e-01 +1.7454e+00 -1.2537e+00 +1.0298e-01 -1.4591e+00 +3.6202e-01 -3.0059e-01 +3.2348e-01 +6.1646e-01
6 +1.306699716e+02 +1.306699716e+02 +9.321997163e+01 +9.321997163e+01 +2.6121e+00 +1.1589e+00 +3.8781e-01 -3.3343e+00 -8.2431e-02 -1.5551e+00 +3.8975e+00 +2.4145e-01 +5.8719e-02 +8.1072e+00
12 +1.281054793e+02 +1.281054793e+02 +9.065547932e+01 +9.065547932e+01 +3.5934e+00 +3.8630e-01 +2.1695e-01 -3.6351e+00 +1.2112e+00 -1.3705e+00 +2.6608e+00 -3.7470e-01 +9.8867e-01 +9.2005e+00
15 +1.249810221e+02 +1.249810221e+02 +8.753102208e+01 +8.753102208e+01 +2.9830e+00 +4.1042e-01 +1.0655e+00 -3.4637e+00 -3.2912e-01 -3.1409e+00 +5.0590e+00 -4.9715e-01 +1.0299e-01 +8.2029e+00
18 +1.082026431e+02 +1.082026431e+02 +7.075264309e+01 +7.075264309e+01 +2.9782e+00 +2.6395e-01 +1.7408e+00 -6.0257e+00 -4.5620e-01 -1.9664e+00 +5.6370e+00 -1.7813e+00 +1.3697e-01 +1.0108e+01
23 +1.032822790e+02 +1.032822790e+02 +6.583227904e+01 +6.583227904e+01 +3.5494e+00 -6.4646e-01 +2.1745e+00 -8.3466e+00 -1.4389e+00 -1.9343e+00 +8.8486e+00 -9.7831e-01 +1.0108e+00 +1.1131e+01
24 +9.234257104e+01 +9.234257104e+01 +5.489257104e+01 +5.489257104e+01 +2.6709e+00 +1.3734e+00 +2.3418e+00 -5.8923e+00 -2.1631e-01 -1.2837e+00 +6.0770e+00 -3.4469e+00 +3.9028e-01 +1.1708e+01
32 +8.564472045e+01 +8.564472045e+01 +4.819472045e+01 +4.819472045e+01 +4.4925e+00 +2.3134e+00 +2.3568e+00 -8.0369e+00 +5.6869e-01 -1.7601e+00 +6.7924e+00 -3.6882e+00 +1.1765e+00 +1.3802e+01
33 +7.680420767e+01 +7.680420767e+01 +3.935420767e+01 +3.935420767e+01 +1.7742e+00 +2.6194e+00 +3.0831e+00 -7.7878e+00 +7.7995e-02 -1.5167e+00 +7.2620e+00 -4.7211e+00 +1.3727e+00 +1.3274e+01
42 +6.978054311e+01 +6.978054311e+01 +3.233054311e+01 +3.233054311e+01 +2.9683e+00 +2.8844e+00 +3.6728e+00 -6.6556e+00 +5.9416e-02 +2.3969e-01 +6.3278e+00 -5.5178e+00 +9.1655e-01 +1.2730e+01
43 +5.483210764e+01 +5.483210764e+01 +1.738210764e+01 +1.738210764e+01 +2.0391e+00 +2.3915e+00 +3.1268e+00 -9.4735e+00 -1.9148e+00 -2.2877e+00 +6.0507e+00 -6.0137e+00 +3.6307e+00 +1.5744e+01
52 +4.459298654e+01 +4.459298654e+01 +7.142986540e+00 +7.142986540e+00 +2.3652e+00 +3.3692e+00 +4.4750e+00 -1.1489e+01 -1.3268e+00 -1.4888e+00 +5.4323e+00 -4.8421e+00 +4.4202e+00 +1.6316e+01
53 +3.926945681e+01 +3.926945681e+01 +1.819456811e+00 +1.819456811e+00 +3.0852e+00 +2.8802e+00 +4.3244e+00 -1.3011e+01 -4.3011e+00 -2.2239e+00 +6.2280e+00 -8.9240e+00 +4.2788e+00 +1.9791e+01
59 +3.816381522e+01 +3.816381522e+01 +7.138152166e-01 +7.138152166e-01 +2.3516e+00 +2.5933e+00 +3.3730e+00 -1.1946e+01 -3.5890e+00 -2.1698e+00 +6.3737e+00 -5.5465e+00 +5.1327e+00 +1.7592e+01
61 +3.529124891e+01 +3.529124891e+01 -2.158751093e+00 -2.158751093e+00 +2.5060e+00 +2.0386e+00 +4.3344e+00 -1.3220e+01 -4.5019e+00 -2.3671e+00 +6.7114e+00 -8.8419e+00 +6.2830e+00 +1.6660e+01
62 +3.273016225e+01 +3.273016225e+01 -4.719837746e+00 -4.719837746e+00 +2.3195e+00 +4.7852e+00 +5.7738e+00 -1.1795e+01 -3.7049e+00 -2.2816e+00 +6.0303e+00 -7.6911e+00 +6.7605e+00 +1.4466e+01
63 +2.697767353e+01 +2.697767353e+01 -1.047232647e+01 -1.047232647e+01 +4.4785e+00 +1.9053e+00 +5.2780e+00 -1.2899e+01 -5.0418e+00 -1.2494e+00 +6.3405e+00 -9.6179e+00 +7.5286e+00 +1.8043e+01
70 +2.680823678e+01 +2.680823678e+01 -1.064176322e+01 -1.064176322e+01 +4.2947e+00 +4.0533e+00 +4.7722e+00 -1.2291e+01 -5.2403e+00 -1.8174e+00 +7.1341e+00 -7.7662e+00 +6.4058e+00 +1.7184e+01
76 +1.715396112e+01 +1.715396112e+01 -2.029603888e+01 -2.029603888e+01 +5.0788e+00 +6.2533e+00 +5.6745e+00 -1.5702e+01 -5.1186e+00 +2.2681e-01 +8.0183e+00 -9.8131e+00 +8.8629e+00 +2.1355e+01
83 +1.560320205e+01 +1.560320205e+01 -2.184679795e+01 -2.184679795e+01 +5.7627e+00 +5.2687e+00 +5.6119e+00 -1.7008e+01 -5.2673e+00 +6.5832e-01 +8.9380e+00 -1.0574e+01 +8.5564e+00 +2.3869e+01
84 +1.289834586e+01 +1.289834586e+01 -2.455165414e+01 -2.455165414e+01 +4.3747e+00 +4.6682e+00 +4.3441e+00 -1.5378e+01 -4.8772e+00 +2.1037e+00 +7.8534e+00 -1.0397e+01 +7.6091e+00 +1.8860e+01
88 +1.073115422e+01 +1.073115422e+01 -2.671884578e+01 -2.671884578e+01 +7.4086e+00 +7.7640e+00 +7.7180e+00 -1.5828e+01 -4.4948e+00 +2.4051e+00 +8.5694e+00 -8.3083e+00 +9.4277e+00 +2.1055e+01
90 +8.618545498e+00 +8.618545498e+00 -2.883145450e+01 -2.883145450e+01 +7.6966e+00 +6.6901e+00 +9.2002e+00 -2.0946e+01 -7.3004e+00 +2.6018e+00 +9.1786e+00 -1.5737e+01 +9.5498e+00 +2.8265e+01
93 +4.158991580e+00 +4.158991580e+00 -3.329100842e+01 -3.329100842e+01 +8.6532e+00 +7.8400e+00 +1.0101e+01 -2.6912e+01 -9.9943e+00 +3.8427e+00 +1.0666e+01 -1.8275e+01 +1.3098e+01 +3.3588e+01
94 +0.000000000e+00 +0.000000000e+00 -3.745000000e+01 -3.745000000e+01 +9.4431e+00 +6.1887e+00 +1.0609e+01 -2.2624e+01 -8.0994e+00 +5.0216e+00 +1.1246e+01 -1.9061e+01 +1.0004e+01 +3.2829e+01
% function evaluation | noise-free fitness - Fopt (3.680300000000e+02) | best noise-free fitness - Fopt | measured fitness | best measured fitness | x1 | x2...
1 +2.043476306e+02 +2.043476306e+02 +5.723776306e+02 +5.723776306e+02 +0.0000e+00 +0.0000e+00 +0.0000e+00 +0.0000e+00 +0.0000e+00 +0.0000e+00 +0.0000e+00 +0.0000e+00 +0.0000e+00 +0.0000e+00
2 +2.028370627e+02 +2.028370627e+02 +5.708670627e+02 +5.708670627e+02 +5.3573e-01 -9.4700e-01 -5.0220e-01 +4.5817e-01 +1.2122e+00 -2.2784e-01 +2.6324e+00 -8.9202e-01 -1.3515e+00 -1.2133e+00
8 +1.662243934e+02 +1.662243934e+02 +5.342543934e+02 +5.342543934e+02 +2.5040e+00 -8.3800e-01 -2.6528e+00 -2.9231e+00 -2.2712e+00 +1.3944e+00 -3.9879e-01 +1.8697e+00 -3.6305e-01 +2.4195e+00
12 +1.555141131e+02 +1.555141131e+02 +5.235441131e+02 +5.235441131e+02 +3.8260e+00 -9.8961e-01 -3.4760e+00 -3.1796e+00 -3.7931e+00 +3.3494e+00 +5.9350e-01 +1.5147e+00 -5.1679e-01 +3.5975e+00
14 +1.479530741e+02 +1.479530741e+02 +5.159830741e+02 +5.159830741e+02 +7.0136e-01 -1.9889e+00 -2.7560e+00 -3.9672e+00 -1.8507e+00 +1.2531e+00 -3.7561e-01 +2.3234e+00 -6.5671e-01 +3.2662e+00
17 +1.386814215e+02 +1.386814215e+02 +5.067114215e+02 +5.067114215e+02 +3.2128e+00 -1.3343e+00 -3.2643e+00 -3.4191e+00 -2.4325e+00 +1.0559e+00 +4.0215e-01 +1.6614e+00 -2.3458e+00 +3.2271e+00
27 +1.197372952e+02 +1.197372952e+02 +4.877672952e+02 +4.877672952e+02 +1.8857e+00 -1.1972e+00 -2.5498e+00 -4.0353e+00 -3.0213e+00 +1.8233e-01 +1.2005e+00 +1.8002e+00 -2.5473e+00 +3.6671e+00
29 +9.852981173e+01 +9.852981173e+01 +4.665598117e+02 +4.665598117e+02 +4.1799e+00 -2.3384e+00 -5.2756e+00 -8.0073e+00 -3.6671e+00 +3.3835e+00 +2.3150e-01 +2.8648e+00 -5.7798e+00 +6.1896e+00
34 +9.508114684e+01 +9.508114684e+01 +4.631111468e+02 +4.631111468e+02 +4.4350e+00 -1.7209e+00 -4.7339e+00 -9.3895e+00 -3.9961e+00 +4.2110e+00 +8.8014e-01 +3.3060e+00 -5.6110e+00 +7.5851e+00
37 +8.254762144e+01 +8.254762144e+01 +4.505776214e+02 +4.505776214e+02 +4.0685e+00 -2.4602e+00 -5.7154e+00 -8.5714e+00 -4.7826e+00 +2.8487e+00 +1.9131e+00 +3.4679e+00 -5.7741e+00 +6.9674e+00
44 +7.798372939e+01 +7.798372939e+01 +4.460137294e+02 +4.460137294e+02 +5.2663e+00 -3.2651e+00 -7.8714e+00 -1.1725e+01 -6.6302e+00 +2.8123e+00 +3.7848e+00 +3.2836e+00 -8.5036e+00 +9.6573e+00
50 +6.926415057e+01 +6.926415057e+01 +4.372941506e+02 +4.372941506e+02 +5.9821e+00 -3.0110e+00 -6.7153e+00 -1.0312e+01 -7.1742e+00 +2.5022e+00 +3.4649e+00 +4.6523e+00 -8.8670e+00 +9.8194e+00
53 +6.794115195e+01 +6.794115195e+01 +4.359711520e+02 +4.359711520e+02 +7.3471e+00 -2.3510e+00 -8.1866e+00 -1.3995e+01 -8.9762e+00 +1.5870e+00 +5.0961e+00 +3.9151e+00 -1.3222e+01 +1.1974e+01
54 +6.682059391e+01 +6.682059391e+01 +4.348505939e+02 +4.348505939e+02 +5.8262e+00 -3.4388e+00 -6.7318e+00 -9.2770e+00 -6.2439e+00 +1.4555e+00 +3.3953e+00 +4.3728e+00 -8.5938e+00 +9.5085e+00
57 +6.503428783e+01 +6.503428783e+01 +4.330642878e+02 +4.330642878e+02 +5.8715e+00 -4.3865e+00 -5.6941e+00 -1.0874e+01 -5.6153e+00 +2.1818e+00 +2.9171e+00 +4.9911e+00 -9.5299e+00 +1.1362e+01
66 +5.714435510e+01 +5.714435510e+01 +4.251743551e+02 +4.251743551e+02 +4.8750e+00 -4.1035e+00 -4.7328e+00 -9.2550e+00 -5.8072e+00 +1.9567e+00 +4.5885e+00 +4.5054e+00 -1.0038e+01 +1.0586e+01
77 +4.791488057e+01 +4.791488057e+01 +4.159448806e+02 +4.159448806e+02 +5.0445e+00 -5.1314e+00 -5.2685e+00 -1.1594e+01 -5.9021e+00 +5.1134e-01 +5.8027e+00 +4.8441e+00 -1.3938e+01 +1.5856e+01
85 +4.361578589e+01 +4.361578589e+01 +4.116457859e+02 +4.116457859e+02 +5.3209e+00 -4.9802e+00 -3.2789e+00 -1.0321e+01 -6.1568e+00 -1.1857e+00 +7.2740e+00 +4.0406e+00 -9.7975e+00 +9.5059e+00
96 +2.919120146e+01 +2.919120146e+01 +3.972212015e+02 +3.972212015e+02 +6.1156e+00 -4.6054e+00 -2.6396e+00 -1.4084e+01 -6.2593e+00 -3.6582e+00 +8.5964e+00 +5.8799e+00 -9.2005e+00 +1.0250e+01
98 +2.762511746e+01 +2.762511746e+01 +3.956551175e+02 +3.956551175e+02 +5.7444e+00 -7.1450e+00 -7.1647e-01 -1.4295e+01 -1.0525e+01 -2.9562e+00 +9.9767e+00 +5.3806e+00 -1.3978e+01 +1.3616e+01
112 +1.835747741e+01 +1.835747741e+01 +3.863874774e+02 +3.863874774e+02 +5.9959e+00 -5.9690e+00 +5.8685e-01 -1.6367e+01 -1.1884e+01 -6.2060e+00 +1.0678e+01 +7.3475e+00 -1.5271e+01 +1.2343e+01
124 +1.634694686e+01 +1.634694686e+01 +3.843769469e+02 +3.843769469e+02 +5.1991e+00 -5.9287e+00 +1.3144e+00 -1.6428e+01 -1.1705e+01 -6.6749e+00 +1.6464e+01 +1.0201e+01 -1.4889e+01 +1.2985e+01
130 +1.594697814e+01 +1.594697814e+01 +3.839769781e+02 +3.839769781e+02 +3.9712e+00 -5.4585e+00 +8.1812e-01 -1.3319e+01 -1.1787e+01 -5.2616e+00 +6.0642e+00 +7.6216e+00 -1.2334e+01 +8.9569e+00
131 +1.581745485e+01 +1.581745485e+01 +3.838474548e+02 +3.838474548e+02 +4.8719e+00 -6.3229e+00 +1.4357e+00 -1.2201e+01 -1.1337e+01 -5.3755e+00 +7.4567e+00 +6.2280e+00 -1.3038e+01 +9.1273e+00
133 +1.435372231e+01 +1.435372231e+01 +3.823837223e+02 +3.823837223e+02 +1.7674e+00 -5.3027e+00 +2.7654e+00 -1.1476e+01 -1.2019e+01 -3.9263e+00 +8.7012e+00 +6.7970e+00 -1.2482e+01 +1.0197e+01
136 +1.151254458e+01 +1.151254458e+01 +3.795425446e+02 +3.795425446e+02 +4.9956e+00 -7.1996e+00 +4.0906e+00 -1.5788e+01 -1.3789e+01 -6.7159e+00 +8.1391e+00 +7.8973e+00 -1.7111e+01 +1.3704e+01
142 +9.136653908e+00 +9.136653908e+00 +3.771666539e+02 +3.771666539e+02 +3.9821e+00 -4.8803e+00 +7.4492e+00 -1.3353e+01 -1.1679e+01 -5.5953e+00 +7.7489e+00 +7.5008e+00 -1.7723e+01 +1.2513e+01
143 +8.318266222e+00 +8.318266222e+00 +3.763482662e+02 +3.763482662e+02 +3.3183e+00 -6.3029e+00 +7.1598e+00 -1.6063e+01 -1.4139e+01 -5.2253e+00 +8.3598e+00 +9.1900e+00 -1.9455e+01 +1.4264e+01
152 +6.738791534e+00 +6.738791534e+00 +3.747687915e+02 +3.747687915e+02 +1.5830e+00 -5.0635e+00 +8.4262e+00 -1.6242e+01 -1.6563e+01 -4.9566e+00 +8.9534e+00 +1.0699e+01 -2.1226e+01 +1.5450e+01
157 +6.411056704e+00 +6.411056704e+00 +3.744410567e+02 +3.744410567e+02 +1.4111e+00 -6.3756e+00 +8.1768e+00 -1.6864e+01 -1.3864e+01 -6.8129e+00 +8.9812e+00 +8.9253e+00 -2.2228e+01 +1.3304e+01
159 +5.893724156e+00 +5.893724156e+00 +3.739237242e+02 +3.739237242e+02 +8.9372e-01 -9.3745e+00 +9.4313e+00 -2.4264e+01 -1.9614e+01 -7.6492e+00 +1.2656e+01 +1.4965e+01 -3.1081e+01 +2.1114e+01
161 +5.555940413e+00 +5.555940413e+00 +3.735859404e+02 +3.735859404e+02 +5.5594e-01 -9.2121e+00 +9.8966e+00 -2.0074e+01 -1.5699e+01 -8.0061e+00 +9.4220e+00 +9.4380e+00 -2.4522e+01 +1.5399e+01
164 +4.554743686e+00 +4.554743686e+00 +3.725847437e+02 +3.725847437e+02 -4.4526e-01 -1.2306e+01 +1.1553e+01 -2.2651e+01 -1.7638e+01 -7.0166e+00 +8.4751e+00 +1.0109e+01 -2.6216e+01 +1.5082e+01
166 +4.462260223e+00 +4.462260223e+00 +3.724922602e+02 +3.724922602e+02 -5.3774e-01 -8.2941e+00 +1.1728e+01 -2.3337e+01 -1.4838e+01 -9.0757e+00 +9.4802e+00 +1.1590e+01 -2.6876e+01 +1.5537e+01
171 +4.259376762e+00 +4.259376762e+00 +3.722893768e+02 +3.722893768e+02 -7.4062e-01 -1.2782e+01 +1.3631e+01 -2.3257e+01 -1.8475e+01 -8.1810e+00 +7.1080e+00 +1.1798e+01 -2.7780e+01 +1.5059e+01
172 +1.385782645e+00 +1.385782645e+00 +3.694157826e+02 +3.694157826e+02 -3.6142e+00 -1.8803e+01 +1.7764e+01 -2.9029e+01 -2.4127e+01 -8.5372e+00 +7.0357e+00 +1.4332e+01 -3.9871e+01 +1.6747e+01
182 +4.241711363e-01 +4.241711363e-01 +3.684541711e+02 +3.684541711e+02 -4.5758e+00 -1.8746e+01 +1.0100e+01 -2.3989e+01 -2.1202e+01 -1.0338e+01 +6.5036e+00 +1.3648e+01 -3.2704e+01 +1.3354e+01
184 +0.000000000e+00 +0.000000000e+00 +3.680300000e+02 +3.680300000e+02 -7.0192e+00 -2.1277e+01 +1.9463e+01 -3.2494e+01 -2.6705e+01 -9.8331e+00 +8.4010e+00 +1.4405e+01 -4.6821e+01 +1.9122e+01
% function evaluation | noise-free fitness - Fopt (1.426000000000e+01) | best noise-free fitness - Fopt | measured fitness | best measured fitness | x1 | x2...
1 +2.043476306e+02 +2.043476306e+02 +2.186076306e+02 +2.186076306e+02 +0.0000e+00 +0.0000e+00 +0.0000e+00 +0.0000e+00 +0.0000e+00 +0.0000e+00 +0.0000e+00 +0.0000e+00 +0.0000e+00 +0.0000e+00
3 +1.612515325e+02 +1.612515325e+02 +1.755115325e+02 +1.755115325e+02 -3.8811e+00 -6.3022e+00 +3.0216e+00 +1.1036e+00 +1.1554e+00 -2.7326e+00 -1.6801e+00 -4.5665e-01 +2.1286e+00 -2.4306e+00
4 +1.387164997e+02 +1.387164997e+02 +1.529764997e+02 +1.529764997e+02 -4.6031e+00 -1.5690e+01 +7.6494e+00 +4.0351e+00 +4.8619e+00 -4.0197e+00 -7.3103e+00 -3.6677e+00 +1.0708e+01 -5.4240e+00
16 +1.365613056e+02 +1.365613056e+02 +1.508213056e+02 +1.508213056e+02 -4.8641e+00 -1.6472e+01 +7.4788e+00 +3.1756e+00 +4.5626e+00 -3.5532e+00 -6.6692e+00 -3.2644e+00 +1.1148e+01 -6.2671e+00
19 +1.299494489e+02 +1.299494489e+02 +1.442094489e+02 +1.442094489e+02 -5.2020e+00 -1.6373e+01 +7.7268e+00 +3.9754e+00 +4.6746e+00 -4.3026e+00 -6.8744e+00 -2.2363e+00 +1.1732e+01 -5.1138e+00
22 +1.272172090e+02 +1.272172090e+02 +1.414772090e+02 +1.414772090e+02 -5.1856e+00 -1.7436e+01 +9.3367e+00 +3.6519e+00 +4.2866e+00 -3.5918e+00 -7.5687e+00 -1.4243e+00 +1.2841e+01 -5.7595e+00
25 +1.242725882e+02 +1.242725882e+02 +1.385325882e+02 +1.385325882e+02 -3.7755e+00 -1.6608e+01 +7.5377e+00 +4.3648e+00 +5.6075e+00 -4.1586e+00 -6.4397e+00 -8.1729e-01 +1.4989e+01 -5.7713e+00
33 +1.190413136e+02 +1.190413136e+02 +1.333013136e+02 +1.333013136e+02 -1.9015e+00 -1.6981e+01 +8.8162e+00 +4.6443e+00 +6.5897e+00 -4.0460e+00 -5.6901e+00 +4.4699e-01 +1.4602e+01 -5.5657e+00
45 +1.069970528e+02 +1.069970528e+02 +1.212570528e+02 +1.212570528e+02 -2.5279e+00 -1.7468e+01 +7.7155e+00 +2.8789e+00 +5.3903e+00 -4.0336e+00 -5.7810e+00 +1.5319e+00 +1.5401e+01 -4.9700e+00
53 +9.172824975e+01 +9.172824975e+01 +1.059882498e+02 +1.059882498e+02 -8.3813e-01 -1.7185e+01 +7.2504e+00 +1.9454e+00 +5.6863e+00 -3.9799e+00 -7.4738e+00 +3.5199e+00 +1.6979e+01 -5.2915e+00
54 +8.603594138e+01 +8.603594138e+01 +1.002959414e+02 +1.002959414e+02 -1.7656e+00 -1.7414e+01 +7.8531e+00 +1.7728e+00 +5.6652e+00 -3.8577e+00 -6.9291e+00 +4.6750e+00 +1.5529e+01 -6.0791e+00
63 +7.584606181e+01 +7.584606181e+01 +9.010606181e+01 +9.010606181e+01 -1.2520e+00 -1.6161e+01 +9.1947e+00 +2.0083e-01 +5.0015e+00 -4.1016e+00 -7.2142e+00 +6.6267e+00 +1.5081e+01 -7.1032e+00
73 +7.301613251e+01 +7.301613251e+01 +8.727613251e+01 +8.727613251e+01 +1.7031e+00 -1.5227e+01 +8.7659e+00 -1.3214e+00 +6.1156e+00 -3.6812e+00 -7.9098e+00 +6.0651e+00 +1.3695e+01 -7.9682e+00
77 +7.096546594e+01 +7.096546594e+01 +8.522546594e+01 +8.522546594e+01 -1.4946e+00 -1.6488e+01 +1.1967e+01 -7.4658e-01 +3.1226e+00 -3.6220e+00 -7.4163e+00 +9.2173e+00 +1.3839e+01 -5.7744e+00
79 +6.831213272e+01 +6.831213272e+01 +8.257213272e+01 +8.257213272e+01 +2.2029e-01 -1.6669e+01 +7.7074e+00 -1.5791e-01 +4.0255e+00 -5.3951e+00 -7.0888e+00 +9.5863e+00 +1.6239e+01 -7.7894e+00
88 +6.606845636e+01 +6.606845636e+01 +8.032845636e+01 +8.032845636e+01 +2.6160e+00 -1.5750e+01 +7.2637e+00 +7.6432e-01 +3.7925e+00 -5.9398e+00 -7.4865e+00 +1.2579e+01 +1.4943e+01 -6.4869e+00
92 +6.384822626e+01 +6.384822626e+01 +7.810822626e+01 +7.810822626e+01 +1.2747e+00 -1.5360e+01 +4.5832e+00 +8.4024e-01 +1.9103e+00 -4.6326e+00 -7.4689e+00 +1.0605e+01 +1.3993e+01 -6.1823e+00
93 +6.106605358e+01 +6.106605358e+01 +7.532605358e+01 +7.532605358e+01 -1.8310e-01 -1.7700e+01 +8.5067e+00 -3.6467e-01 +9.5798e-01 -6.1826e+00 -9.0476e+00 +1.1248e+01 +1.4359e+01 -6.6182e+00
94 +5.785414312e+01 +5.785414312e+01 +7.211414312e+01 +7.211414312e+01 +4.5645e+00 -1.3598e+01 +5.7060e+00 -2.0356e+00 +4.7074e+00 -5.5233e+00 -8.0370e+00 +1.1240e+01 +1.8203e+01 -7.9024e+00
102 +5.158506981e+01 +5.158506981e+01 +6.584506981e+01 +6.584506981e+01 +3.9277e+00 -1.3448e+01 +7.3466e+00 -3.8234e+00 +3.6793e+00 -5.2197e+00 -8.7475e+00 +1.1887e+01 +1.6863e+01 -7.6354e+00
107 +4.857945745e+01 +4.857945745e+01 +6.283945745e+01 +6.283945745e+01 +5.7704e+00 -9.7377e+00 +1.6048e+00 -5.7553e+00 +3.4128e+00 -4.8686e+00 -1.0021e+01 +1.4488e+01 +1.9129e+01 -8.2183e+00
114 +4.425731115e+01 +4.425731115e+01 +5.851731115e+01 +5.851731115e+01 +1.4025e+01 -1.0961e+01 +4.9281e+00 -4.9665e+00 +3.4279e+00 -6.1396e+00 -1.1157e+01 +1.4389e+01 +2.1269e+01 -9.4188e+00
116 +3.972114999e+01 +3.972114999e+01 +5.398114999e+01 +5.398114999e+01 +7.7195e+00 -1.0016e+01 +6.1693e+00 -6.4037e+00 +2.3051e+00 -7.9353e+00 -1.0163e+01 +1.6759e+01 +1.8316e+01 -1.0711e+01
122 +3.782821960e+01 +3.782821960e+01 +5.208821960e+01 +5.208821960e+01 +8.5036e+00 -8.7286e+00 +4.2415e+00 -9.2815e+00 +1.7678e+00 -8.1727e+00 -1.1207e+01 +1.5252e+01 +1.6876e+01 -1.1911e+01
125 +3.471284277e+01 +3.471284277e+01 +4.897284277e+01 +4.897284277e+01 +1.0208e+01 -9.7547e+00 +4.9509e+00 -8.2440e+00 +5.9719e-01 -8.4923e+00 -9.8769e+00 +1.6655e+01 +1.8674e+01 -1.1395e+01
141 +3.290050923e+01 +3.290050923e+01 +4.716050923e+01 +4.716050923e+01 +5.8551e+00 -1.0400e+01 +7.8241e+00 -1.1391e+01 -3.2430e-01 -1.3408e+01 -1.1767e+01 +2.2781e+01 +1.9009e+01 -1.2102e+01
142 +1.709136179e+01 +1.709136179e+01 +3.135136179e+01 +3.135136179e+01 +7.1853e+00 -6.5332e+00 +7.0701e+00 -1.7240e+01 -4.2109e+00 -1.6341e+01 -1.2781e+01 +3.3707e+01 +2.1966e+01 -1.2791e+01
157 +1.073793422e+01 +1.073793422e+01 +2.499793422e+01 +2.499793422e+01 +1.0082e+01 -3.3140e+00 +6.4346e+00 -2.2803e+01 -7.8529e+00 -1.9283e+01 -1.3961e+01 +4.5043e+01 +1.9927e+01 -1.6314e+01
164 +9.940235698e+00 +9.940235698e+00 +2.420023570e+01 +2.420023570e+01 +9.4029e+00 -2.6964e+00 +5.4405e+00 -2.2773e+01 -9.4049e+00 -2.3303e+01 -1.8108e+01 +5.3178e+01 +2.4618e+01 -1.8567e+01
165 +5.713398179e+00 +5.713398179e+00 +1.997339818e+01 +1.997339818e+01 +1.4058e+01 +5.7632e-01 +6.7228e+00 -3.1568e+01 -1.3797e+01 -2.5638e+01 -1.4728e+01 +6.0079e+01 +2.1835e+01 -1.9471e+01
168 +3.097878222e+00 +3.097878222e+00 +1.735787822e+01 +1.735787822e+01 +1.4688e+01 +2.6014e+00 +5.7865e+00 -2.8426e+01 -1.2978e+01 -2.3162e+01 -1.6915e+01 +5.0443e+01 +2.1325e+01 -1.9322e+01
172 +3.048030735e+00 +3.048030735e+00 +1.730803073e+01 +1.730803073e+01 +1.2903e+01 +2.6400e+00 +7.2883e+00 -2.6765e+01 -8.3039e+00 -2.1207e+01 -1.7613e+01 +4.5571e+01 +2.0379e+01 -1.6104e+01
173 +0.000000000e+00 +0.000000000e+00 +1.426000000e+01 +1.426000000e+01 +2.0455e+01 +7.2726e+00 +5.5370e+00 -3.5447e+01 -2.0139e+01 -2.9073e+01 -2.1157e+01 +6.2118e+01 +2.3081e+01 -1.9724e+01
% function evaluation | noise-free fitness - Fopt (6.240000000000e+01) | best noise-free fitness - Fopt | measured fitness | best measured fitness | x1 | x2...
1 +2.043476306e+02 +2.043476306e+02 +2.667476306e+02 +2.667476306e+02 +0.0000e+00 +0.0000e+00 +0.0000e+00 +0.0000e+00 +0.0000e+00 +0.0000e+00 +0.0000e+00 +0.0000e+00 +0.0000e+00 +0.0000e+00
3 +1.556751921e+02 +1.556751921e+02 +2.180751921e+02 +2.180751921e+02 -2.3298e+00 -3.1797e+00 -8.5162e-01 +8.7056e-01 -4.9943e+00 -2.2742e+00 +7.6447e+00 -7.7499e-01 +1.0436e+00 -3.1003e-01
8 +1.412108908e+02 +1.412108908e+02 +2.036108908e+02 +2.036108908e+02 -2.4679e+00 -1.9981e+00 -3.3004e+00 -6.3089e-01 -6.8320e+00 -3.6846e+00 +6.9082e+00 -3.6283e-01 +2.9802e+00 +7.2229e-01
12 +1.335522303e+02 +1.335522303e+02 +1.959522303e+02 +1.959522303e+02 -1.4525e+00 -4.7197e-01 -2.0643e+00 -1.9834e-01 -6.9309e+00 -4.1791e+00 +6.6809e+00 -6.2910e-02 +3.2946e+00 +7.4299e-01
13 +1.197779282e+02 +1.197779282e+02 +1.821779282e+02 +1.821779282e+02 -4.0871e+00 -2.1303e+00 -3.8500e+00 +1.5364e+00 -7.9262e+00 -3.8730e+00 +5.5526e+00 +1.3438e+00 +3.2224e+00 +2.3700e-01
22 +1.159090949e+02 +1.159090949e+02 +1.783090949e+02 +1.783090949e+02 -5.4964e+00 -2.4496e+00 -5.5165e+00 +1.4999e+00 -6.2986e+00 -3.9238e+00 +4.6384e+00 +1.5498e+00 +3.1095e+00 -2.6164e-01
24 +7.712663928e+01 +7.712663928e+01 +1.395266393e+02 +1.395266393e+02 -3.1056e+00 -1.4434e+00 -4.3616e+00 +3.3593e+00 -7.4156e+00 -4.5578e+00 +3.9417e+00 +3.1769e+00 +4.8128e+00 -1.2780e+00
32 +6.324111056e+01 +6.324111056e+01 +1.256411106e+02 +1.256411106e+02 -4.6827e+00 -1.8693e+00 -4.8470e+00 +4.4270e+00 -7.3515e+00 -4.0335e+00 +4.1683e+00 +2.5999e+00 +4.5914e+00 -3.1689e+00
37 +6.059026630e+01 +6.059026630e+01 +1.229902663e+02 +1.229902663e+02 -4.1225e+00 -2.4107e+00 -4.0127e+00 +4.0124e+00 -7.1876e+00 -4.7658e+00 +4.3857e+00 +4.9749e+00 +3.1259e+00 -3.0232e+00
42 +4.626158675e+01 +4.626158675e+01 +1.086615867e+02 +1.086615867e+02 -5.0548e+00 -4.1025e+00 -1.9093e+00 +4.4301e+00 -5.9873e+00 -7.5614e+00 +1.6042e+00 +7.2376e+00 +5.4196e+00 -4.7695e+00
58 +3.641889082e+01 +3.641889082e+01 +9.881889082e+01 +9.881889082e+01 -2.5523e+00 -4.7989e+00 -3.2513e+00 +4.4588e+00 -6.1499e+00 -8.1818e+00 +2.8939e+00 +6.7437e+00 +5.7670e+00 -4.7648e+00
68 +2.440801320e+01 +2.440801320e+01 +8.680801320e+01 +8.680801320e+01 -1.9131e+00 -4.2001e+00 -1.9421e+00 +5.2718e+00 -6.6943e+00 -1.0180e+01 +4.8898e+00 +7.1242e+00 +5.4470e+00 -5.1798e+00
74 +1.981156097e+01 +1.981156097e+01 +8.221156097e+01 +8.221156097e+01 +6.4598e-01 -3.6348e+00 -2.4191e+00 +5.0701e+00 -7.4853e+00 -1.2974e+01 +7.2035e+00 +6.2449e+00 +6.3879e+00 -6.4010e+00
86 +1.800737016e+01 +1.800737016e+01 +8.040737016e+01 +8.040737016e+01 +3.0300e+00 -8.9962e-01 +4.6316e-02 +5.1987e+00 -7.0637e+00 -1.5440e+01 +9.6673e+00 +6.0900e+00 +8.3423e+00 -9.1446e+00
89 +1.592250511e+01 +1.592250511e+01 +7.832250511e+01 +7.832250511e+01 +2.8297e+00 -4.1889e+00 -3.8704e+00 +6.1960e+00 -9.2939e+00 -1.6616e+01 +6.7494e+00 +6.3434e+00 +7.6533e+00 -9.3446e+00
99 +1.516721410e+01 +1.516721410e+01 +7.756721410e+01 +7.756721410e+01 +4.7836e+00 -4.5884e+00 -3.4611e+00 +6.6897e+00 -5.3907e+00 -1.6235e+01 +7.5524e+00 +6.9319e+00 +9.2469e+00 -9.9395e+00
100 +1.297936431e+01 +1.297936431e+01 +7.537936431e+01 +7.537936431e+01 +4.7201e+00 -4.8328e+00 -5.4818e+00 +8.1098e+00 -9.8078e+00 -1.2764e+01 +9.2531e+00 +7.6574e+00 +1.0219e+01 -1.2633e+01
109 +1.130151753e+01 +1.130151753e+01 +7.370151753e+01 +7.370151753e+01 +4.8171e+00 -3.6088e+00 -6.8025e+00 +9.5066e+00 -7.6617e+00 -1.3793e+01 +6.8349e+00 +9.9442e+00 +1.0851e+01 -1.3231e+01
116 +1.096633931e+01 +1.096633931e+01 +7.336633931e+01 +7.336633931e+01 +6.0064e+00 -3.4908e+00 -8.5241e+00 +9.4085e+00 -6.7090e+00 -1.2384e+01 +5.7844e+00 +9.8279e+00 +1.2396e+01 -1.3542e+01
118 +9.203331602e+00 +9.203331602e+00 +7.160333160e+01 +7.160333160e+01 +6.1721e+00 -2.1258e+00 -7.2474e+00 +1.0578e+01 -5.3524e+00 -1.9103e+01 +7.5986e+00 +1.1795e+01 +1.2035e+01 -1.4413e+01
123 +4.904906680e+00 +4.904906680e+00 +6.730490668e+01 +6.730490668e+01 +6.1071e+00 +1.2023e+00 -7.1961e+00 +1.1805e+01 -5.7319e+00 -2.1037e+01 +6.5870e+00 +1.5448e+01 +1.0122e+01 -1.7381e+01
134 +3.169102508e+00 +3.169102508e+00 +6.556910251e+01 +6.556910251e+01 +8.2130e+00 +2.5463e+00 -8.7885e+00 +1.4454e+01 -6.6226e+00 -2.2714e+01 +5.7609e+00 +1.9397e+01 +9.1706e+00 -2.0550e+01
139 +2.985635700e+00 +2.985635700e+00 +6.538563570e+01 +6.538563570e+01 +8.7670e+00 +2.6883e+00 -7.6854e+00 +1.2602e+01 -5.4052e+00 -2.4355e+01 +6.6943e+00 +1.6409e+01 +1.2680e+01 -1.9460e+01
149 +2.715818536e+00 +2.715818536e+00 +6.511581854e+01 +6.511581854e+01 +7.9312e+00 +3.3596e+00 -7.6586e+00 +1.1897e+01 -4.7854e+00 -2.1717e+01 +6.6428e+00 +1.6389e+01 +1.0339e+01 -1.8699e+01
153 +2.446282785e+00 +2.446282785e+00 +6.484628279e+01 +6.484628279e+01 +6.2228e+00 +3.1059e+00 -7.2702e+00 +1.2487e+01 -5.2553e+00 -1.9542e+01 +6.3370e+00 +1.5844e+01 +1.0048e+01 -2.0795e+01
154 +3.369527668e-02 +3.369527668e-02 +6.243369528e+01 +6.243369528e+01 +8.4902e+00 +4.9739e+00 -7.7109e+00 +1.1331e+01 -6.3500e+00 -2.2723e+01 +6.1239e+00 +1.4466e+01 +1.1697e+01 -1.9725e+01
164 +0.000000000e+00 +0.000000000e+00 +6.240000000e+01 +6.240000000e+01 +9.0014e+00 +5.7090e+00 -7.1373e+00 +1.1071e+01 -5.2959e+00 -2.6626e+01 +7.8541e+00 +1.5326e+01 +1.0220e+01 -1.9732e+01
% function evaluation | noise-free fitness - Fopt (1.145900000000e+02) | best noise-free fitness - Fopt | measured fitness | best measured fitness | x1 | x2...
1 +2.043476306e+02 +2.043476306e+02 +3.189376306e+02 +3.189376306e+02 +0.0000e+00 +0.0000e+00 +0.0000e+00 +0.0000e+00 +0.0000e+00 +0.0000e+00 +0.0000e+00 +0.0000e+00 +0.0000e+00 +0.0000e+00
2 +1.883768964e+02 +1.883768964e+02 +3.029668964e+02 +3.029668964e+02 -2.8479e+00 +1.5227e-01 +1.2464e+00 +4.3416e-01 +2.3679e+00 -2.1106e-01 +1.6168e+00 +3.6895e+00 -1.9493e+00 -6.1778e+00
10 +1.757385519e+02 +1.757385519e+02 +2.903285519e+02 +2.903285519e+02 -1.3167e+00 +1.6084e+00 -3.1211e-01 +1.0482e+00 +2.6333e+00 -2.8697e+00 +1.9704e+00 +1.3646e+00 -3.5337e+00 -5.4634e+00
12 +1.669919019e+02 +1.669919019e+02 +2.815819019e+02 +2.815819019e+02 +2.1309e-01 +1.5703e+00 -1.0221e+00 +2.1872e+00 +2.4953e+00 -2.5681e+00 +1.6083e+00 -2.4777e-01 -3.1372e+00 -4.6233e+00
14 +1.578116862e+02 +1.578116862e+02 +2.724016862e+02 +2.724016862e+02 -1.9917e+00 +2.2302e+00 -1.4125e-01 +2.9873e-02 +3.2084e+00 -4.6609e+00 +4.8448e+00 +1.0074e+00 -3.5061e+00 -5.3564e+00
23 +1.470222523e+02 +1.470222523e+02 +2.616122523e+02 +2.616122523e+02 +1.9722e+00 +1.5257e+00 -1.1712e+00 +6.2980e-01 +3.4428e+00 -2.8521e+00 +3.5891e+00 -5.3000e-01 -1.6208e+00 -5.8596e+00
31 +1.338400407e+02 +1.338400407e+02 +2.484300407e+02 +2.484300407e+02 +1.0108e+00 +2.1234e+00 -2.0024e+00 +1.4729e+00 -6.5697e-01 -4.1114e+00 +2.8932e+00 -2.1284e+00 -3.2347e+00 -5.6544e+00
32 +1.145770147e+02 +1.145770147e+02 +2.291670147e+02 +2.291670147e+02 +2.3788e+00 +2.5318e+00 -1.9800e+00 +1.2401e+00 -1.1404e+00 -4.2485e+00 +5.0631e+00 -3.5115e+00 -2.6446e+00 -4.7221e+00
42 +1.092500592e+02 +1.092500592e+02 +2.238400592e+02 +2.238400592e+02 -1.1218e+00 +3.2035e+00 -3.7337e+00 +3.8141e+00 -1.7232e+00 -4.4048e+00 +4.6811e+00 -7.5323e+00 -4.9930e+00 -6.2867e+00
48 +9.308835509e+01 +9.308835509e+01 +2.076783551e+02 +2.076783551e+02 +2.3171e+00 +6.4643e+00 -2.4516e+00 +1.3762e+00 -1.9187e+00 -5.1337e+00 +4.6875e+00 -4.7300e+00 -1.1043e+00 -6.9078e+00
53 +8.779475799e+01 +8.779475799e+01 +2.023847580e+02 +2.023847580e+02 +3.7115e+00 +8.9790e+00 -2.5760e+00 +8.8481e-01 -4.1526e+00 -1.8004e+00 +3.9229e+00 -4.9875e+00 +1.2302e+00 -7.6522e+00
61 +8.494772327e+01 +8.494772327e+01 +1.995377233e+02 +1.995377233e+02 +4.1588e+00 +6.5710e+00 -2.6163e-01 -2.1879e-01 -2.1670e+00 -8.4077e+00 +2.9952e+00 -4.9506e+00 +1.8728e+00 -7.4443e+00
62 +8.262497912e+01 +8.262497912e+01 +1.972149791e+02 +1.972149791e+02 +4.3795e+00 +5.2706e+00 -1.8417e+00 -3.5293e+00 -1.2287e+00 -1.2164e+01 +2.5115e+00 -9.0453e+00 +3.1542e+00 -6.1413e+00
68 +7.586261277e+01 +7.586261277e+01 +1.904526128e+02 +1.904526128e+02 +7.5352e-01 +4.6291e+00 +8.9164e-01 +1.1960e+00 -1.1846e+00 -8.2016e+00 +4.3184e+00 -6.3975e+00 +1.6589e+00 -7.6491e+00
71 +5.662357512e+01 +5.662357512e+01 +1.712135751e+02 +1.712135751e+02 +3.8204e+00 +8.9702e+00 +1.6974e-01 -8.6300e-03 -2.4422e+00 -1.0979e+01 +4.5883e+00 -5.8389e+00 +4.8299e+00 -1.0519e+01
73 +4.173130883e+01 +4.173130883e+01 +1.563213088e+02 +1.563213088e+02 +5.6102e+00 +8.0357e+00 -4.0094e+00 -8.6348e-01 -5.7271e+00 -1.3457e+01 +6.5114e+00 -9.4815e+00 +5.5721e+00 -1.1280e+01
84 +3.932181327e+01 +3.932181327e+01 +1.539118133e+02 +1.539118133e+02 +4.5728e+00 +4.3367e+00 -4.9091e+00 +2.5267e+00 -2.4019e+00 -1.3238e+01 +6.9186e+00 -4.1691e+00 +5.9638e+00 -1.2650e+01
104 +3.279124890e+01 +3.279124890e+01 +1.473812489e+02 +1.473812489e+02 +7.5556e+00 +4.9402e+00 -4.4274e+00 +6.8722e+00 -2.6848e+00 -1.5806e+01 +6.8293e+00 -7.0816e+00 +6.6389e+00 -1.3537e+01
108 +2.589999386e+01 +2.589999386e+01 +1.404899939e+02 +1.404899939e+02 +8.9925e+00 +3.5222e+00 -6.6395e+00 +4.6191e+00 -4.9713e+00 -9.3927e+00 +9.8708e+00 -9.7124e+00 +8.3652e+00 -1.2001e+01
116 +2.533850835e+01 +2.533850835e+01 +1.399285084e+02 +1.399285084e+02 +9.4027e+00 -1.0933e+00 -9.8373e+00 +8.0538e+00 -2.8832e+00 -6.2536e+00 +9.1537e+00 -8.7282e+00 +1.2523e+01 -1.2639e+01
118 +2.426794103e+01 +2.426794103e+01 +1.388579410e+02 +1.388579410e+02 +5.6554e+00 +3.2004e+00 -4.3336e+00 +7.6594e+00 -4.3137e+00 -6.8026e+00 +1.0004e+01 -9.5364e+00 +6.3764e+00 -1.5125e+01
122 +2.163551991e+01 +2.163551991e+01 +1.362255199e+02 +1.362255199e+02 +3.1494e+00 +1.5286e+00 -4.1641e+00 +6.3951e+00 -3.6848e+00 -9.4059e+00 +7.7822e+00 -6.0153e+00 +7.8985e+00 -1.4922e+01
125 +1.483521846e+01 +1.483521846e+01 +1.294252185e+02 +1.294252185e+02 +2.9165e+00 +3.5692e-01 -5.9987e+00 +7.7266e+00 -6.5821e+00 -6.5516e+00 +9.7251e+00 -1.0077e+01 +9.0109e+00 -1.3466e+01
133 +1.320428232e+01 +1.320428232e+01 +1.277942823e+02 +1.277942823e+02 +5.3074e+00 -2.7570e+00 -6.2935e+00 +8.1334e+00 -7.0320e+00 -1.3140e+01 +8.4157e+00 -9.5508e+00 +8.7431e+00 -1.2464e+01
134 +1.297607027e+01 +1.297607027e+01 +1.275660703e+02 +1.275660703e+02 +1.3048e+00 +1.6535e-01 -8.0897e+00 +7.7561e+00 -7.7294e+00 -6.1916e+00 +1.5136e+01 -1.0427e+01 +7.7987e+00 -9.4871e+00
142 +8.560619983e+00 +8.560619983e+00 +1.231506200e+02 +1.231506200e+02 +2.9281e+00 -4.5103e+00 -9.1756e+00 +7.0471e+00 -8.0507e+00 -8.7633e+00 +8.1833e+00 -1.0560e+01 +7.3478e+00 -8.1748e+00
146 +4.828762644e+00 +4.828762644e+00 +1.194187626e+02 +1.194187626e+02 -2.1817e+00 -6.6070e+00 -1.1590e+01 +7.8715e+00 -4.2775e+00 -5.0461e+00 +1.6469e+01 -9.2260e+00 +9.1188e+00 -1.4215e+01
153 +0.000000000e+00 +0.000000000e+00 +1.145900000e+02 +1.145900000e+02 -5.8301e+00 -1.4067e+01 -1.6729e+01 +8.6426e+00 -8.0819e+00 -7.2311e+00 +1.9212e+01 -1.1429e+01 +1.3665e+01 -1.4423e+01
% function evaluation | noise-free fitness - Fopt (-3.698300000000e+02) | best noise-free fitness - Fopt | measured fitness | best measured fitness | x1 | x2...
1 +2.043476306e+02 +2.043476306e+02 -1.654823694e+02 -1.654823694e+02 +0.0000e+00 +0.0000e+00 +0.0000e+00 +0.0000e+00 +0.0000e+00 +0.0000e+00 +0.0000e+00 +0.0000e+00 +0.0000e+00 +0.0000e+00
4 +1.845247827e+02 +1.845247827e+02 -1.853052173e+02 -1.853052173e+02 -5.4007e+00 -1.8017e+00 -1.6616e+00 +2.4146e+00 +4.2253e+00 -2.6758e+00 +4.7932e+00 -6.0910e-01 -1.0457e+00 +1.7536e+00
20 +1.759775646e+02 +1.759775646e+02 -1.938524354e+02 -1.938524354e+02 -4.7275e+00 -2.6068e+00 -2.1168e+00 +3.3512e+00 +4.0191e+00 -2.3006e+00 +5.1698e+00 -8.6679e-01 -9.0764e-01 +2.5115e+00
22 +1.694946129e+02 +1.694946129e+02 -2.003353871e+02 -2.003353871e+02 -3.8110e+00 -2.5207e+00 -3.6291e+00 +3.2418e+00 +3.8087e+00 -7.0909e-01 +4.4155e+00 -5.1049e-02 -6.4072e-01 +2.8438e+00
28 +1.592507612e+02 +1.592507612e+02 -2.105792388e+02 -2.105792388e+02 -4.1591e+00 -2.1181e+00 -1.5474e+00 +4.0240e+00 +4.0548e+00 -3.0616e+00 +3.9922e+00 -6.0605e-01 -1.4717e+00 +3.5645e+00
30 +1.418037394e+02 +1.418037394e+02 -2.280262606e+02 -2.280262606e+02 -4.5494e+00 -1.6186e+00 -2.0371e+00 +3.2533e+00 +3.2729e+00 +1.8166e-01 +2.9571e+00 -2.2047e+00 -1.1423e+00 +3.1583e+00
33 +1.374894886e+02 +1.374894886e+02 -2.323405114e+02 -2.323405114e+02 -3.9302e+00 -3.2369e+00 -1.6145e+00 +4.6711e+00 +3.7109e+00 -9.8223e-01 +2.9369e+00 -2.3010e+00 -2.9063e+00 +2.4891e+00
37 +1.138476151e+02 +1.138476151e+02 -2.559823849e+02 -2.559823849e+02 -3.5368e+00 -2.2853e+00 -2.0426e+00 +1.7740e+00 +2.4310e+00 +3.7417e+00 +1.7417e+00 -3.3181e+00 -1.5590e+00 +3.8597e+00
46 +1.042114196e+02 +1.042114196e+02 -2.656185804e+02 -2.656185804e+02 -4.3459e+00 -2.6992e+00 -1.1135e+00 +5.4934e-01 +3.8840e+00 +4.2912e+00 +8.5745e-01 -2.9129e+00 -1.8613e+00 +4.2113e+00
49 +1.017184761e+02 +1.017184761e+02 -2.681115239e+02 -2.681115239e+02 -2.9426e+00 -2.1033e+00 -2.9589e+00 -6.5230e-02 +1.0219e+00 +4.9505e+00 +1.3913e+00 -3.1497e+00 -1.8792e+00 +6.6189e+00
53 +8.003156772e+01 +8.003156772e+01 -2.897984323e+02 -2.897984323e+02 -4.1978e+00 -4.5493e-02 -3.4854e+00 -1.5528e+00 +3.0920e-01 +8.1812e+00 +2.1767e-01 -3.2416e+00 -3.9336e+00 +7.3117e+00
59 +7.646324006e+01 +7.646324006e+01 -2.933667599e+02 -2.933667599e+02 -3.6851e+00 -3.5769e+00 -2.7308e+00 +2.0531e+00 +1.2149e+00 +5.9240e+00 +2.3327e+00 -4.8915e+00 -4.2237e+00 +4.7292e+00
67 +7.233824707e+01 +7.233824707e+01 -2.974917529e+02 -2.974917529e+02 -5.6451e+00 -3.9177e+00 -3.9502e+00 +2.7765e+00 +2.6832e+00 +7.0910e+00 -1.1936e-01 -1.5609e+00 -4.4108e+00 +7.7324e+00
70 +6.696953126e+01 +6.696953126e+01 -3.028604687e+02 -3.028604687e+02 -6.5011e+00 -3.9906e+00 -6.3785e+00 +2.8997e+00 +2.1147e+00 +8.5277e+00 +9.2959e-01 -5.9159e+00 -5.6849e+00 +3.4718e+00
73 +6.411248615e+01 +6.411248615e+01 -3.057175138e+02 -3.057175138e+02 -7.1937e+00 -2.7989e+00 -5.6831e+00 +3.3377e+00 +2.4826e+00 +4.9928e+00 +2.9011e+00 -6.7795e+00 -6.7948e+00 +4.3246e+00
75 +6.060484067e+01 +6.060484067e+01 -3.092251593e+02 -3.092251593e+02 -7.5258e+00 -5.2882e+00 -6.1038e+00 +7.6923e+00 +2.5343e+00 +9.8671e+00 +3.2844e+00 -5.0006e+00 -6.7639e+00 +4.7997e+00
81 +4.853902767e+01 +4.853902767e+01 -3.212909723e+02 -3.212909723e+02 -6.0196e+00 -4.0961e+00 -5.3341e+00 +2.8934e+00 +4.3011e+00 +9.5662e+00 +7.7576e-01 -4.4163e+00 -7.3889e+00 +6.0575e+00
89 +3.512765668e+01 +3.512765668e+01 -3.347023433e+02 -3.347023433e+02 -6.5184e+00 -4.4068e+00 -4.0510e+00 +8.0312e-01 +6.3135e+00 +9.2312e+00 -2.3385e+00 -5.8964e+00 -9.4681e+00 +9.2399e+00
92 +1.989003105e+01 +1.989003105e+01 -3.499399690e+02 -3.499399690e+02 -7.6465e+00 +6.6140e-01 -5.0935e+00 +2.2619e+00 +3.1039e+00 +7.3260e+00 -4.3297e+00 -5.2205e+00 -7.3337e+00 +6.4763e+00
106 +1.567181929e+01 +1.567181929e+01 -3.541581807e+02 -3.541581807e+02 -9.1442e+00 +4.4766e+00 -2.7997e+00 +1.8974e+00 +3.9035e+00 +4.5575e+00 -5.6794e+00 -7.0483e+00 -8.4829e+00 +6.8433e+00
107 +1.508859796e+01 +1.508859796e+01 -3.547414020e+02 -3.547414020e+02 -8.3002e+00 -1.8883e+00 -7.4680e+00 +3.1468e+00 +4.2096e+00 +1.1294e+01 -6.5506e+00 -6.8112e+00 -5.7783e+00 +5.3937e+00
112 +1.091639395e+01 +1.091639395e+01 -3.589136061e+02 -3.589136061e+02 -9.3910e+00 -3.4241e-02 -7.1137e+00 +4.0525e+00 +4.2805e+00 +1.5013e+01 -9.9547e+00 -8.1400e+00 -9.5482e+00 +4.9629e+00
126 +6.866328882e+00 +6.866328882e+00 -3.629636711e+02 -3.629636711e+02 -4.6910e+00 +4.8597e-01 -8.0025e+00 +5.3486e+00 +5.2124e+00 +1.4323e+01 -1.1158e+01 -4.8787e+00 -1.1118e+01 +9.6054e+00
138 +3.604869771e+00 +3.604869771e+00 -3.662251302e+02 -3.662251302e+02 -4.7843e+00 +2.3759e+00 -1.0444e+01 +6.9284e+00 +5.0750e+00 +6.4014e+00 -7.0693e+00 -9.3805e+00 -1.0342e+01 +5.2272e+00
144 +2.067067770e+00 +2.067067770e+00 -3.677629322e+02 -3.677629322e+02 -2.9329e+00 +5.5581e+00 -1.0208e+01 +6.1724e+00 +6.8049e+00 +8.8580e+00 -8.5475e+00 -7.0969e+00 -1.1255e+01 +6.6298e+00
148 +1.899072909e+00 +1.899072909e+00 -3.679309271e+02 -3.679309271e+02 -5.9218e+00 +3.5296e+00 -1.1544e+01 +1.0965e+01 +8.2619e+00 +1.4749e+01 -5.8270e+00 -6.5583e+00 -1.4625e+01 +5.8522e+00
158 +0.000000000e+00 +0.000000000e+00 -3.698300000e+02 -3.698300000e+02 -5.6319e+00 +8.1344e+00 -1.3298e+01 +8.8939e+00 +9.0279e+00 +1.2302e+01 -6.3625e+00 -7.0482e+00 -1.4356e+01 +7.8385e+00
% function evaluation | noise-free fitness - Fopt (1.531800000000e+02) | best noise-free fitness - Fopt | measured fitness | best measured fitness | x1 | x2...
1 +2.043476306e+02 +2.043476306e+02 +3.575276306e+02 +3.575276306e+02 +0.0000e+00 +0.0000e+00 +0.0000e+00 +0.0000e+00 +0.0000e+00 +0.0000e+00 +0.0000e+00 +0.0000e+00 +0.0000e+00 +0.0000e+00
3 +1.781593644e+02 +1.781593644e+02 +3.313393644e+02 +3.313393644e+02 +1.5981e+00 +4.3985e-01 -1.9946e+00 -6.1365e-01 -3.0960e-01 -2.6161e-01 +1.0231e-01 -4.8321e-01 -3.8107e-01 +2.0059e+00
5 +1.619171419e+02 +1.619171419e+02 +3.150971419e+02 +3.150971419e+02 -6.5430e-01 +1.8056e+00 -2.8342e-01 +7.1869e-01 -1.2083e+00 -7.1437e-01 +1.3337e+00 +8.2707e-01 -2.1062e+00 +1.8241e+00
12 +1.500559330e+02 +1.500559330e+02 +3.032359330e+02 +3.032359330e+02 -5.1444e-01 +7.4801e-01 +6.1007e-01 +3.7738e-01 -1.4629e+00 -2.1562e+00 +1.0567e+00 +4.0745e-01 -1.7641e+00 +4.0275e+00
22 +1.357681204e+02 +1.357681204e+02 +2.889481204e+02 +2.889481204e+02 -2.4237e-01 +2.3840e+00 +1.2165e+00 -1.0038e+00 -1.8077e+00 -3.2907e+00 +8.1524e-01 -3.6951e-01 -3.4865e+00 +5.8433e+00
26 +1.293235141e+02 +1.293235141e+02 +2.825035141e+02 +2.825035141e+02 +1.0329e+00 +3.5714e+00 -7.5691e-01 -4.3614e-01 -2.3324e+00 -3.7242e+00 +1.6828e+00 +9.2828e-01 -2.5727e+00 +7.9911e+00
28 +1.259559686e+02 +1.259559686e+02 +2.791359686e+02 +2.791359686e+02 -5.3322e-01 +5.0161e-02 -5.8876e-01 -4.6961e-01 -1.0196e+00 -2.1981e+00 +2.2018e+00 +1.3811e+00 -1.8325e+00 +4.9370e+00
37 +1.149261345e+02 +1.149261345e+02 +2.681061345e+02 +2.681061345e+02 +1.0943e-01 -1.1515e+00 -7.9207e-01 +6.3275e-01 -1.4133e+00 -3.1318e-02 +1.9722e+00 +1.3560e+00 -2.9258e+00 +4.4110e+00
40 +1.136584143e+02 +1.136584143e+02 +2.668384143e+02 +2.668384143e+02 -1.5785e+00 +1.4373e+00 -3.0520e+00 -1.0587e+00 +1.2792e+00 -2.4927e+00 +3.7986e+00 +2.7019e+00 -1.9943e+00 +5.8391e+00
44 +1.041597009e+02 +1.041597009e+02 +2.573397009e+02 +2.573397009e+02 -1.4092e+00 +2.2142e+00 -4.2932e+00 -6.6214e-01 +1.7484e+00 -4.9725e+00 +6.2614e+00 +2.2028e+00 -4.1576e+00 +8.2337e+00
53 +9.346613023e+01 +9.346613023e+01 +2.466461302e+02 +2.466461302e+02 -1.8988e+00 +1.8411e+00 -2.9389e+00 -1.7248e+00 +2.8758e+00 -2.5846e+00 +6.9606e+00 +3.2107e+00 -4.0522e+00 +5.4918e+00
58 +9.219848689e+01 +9.219848689e+01 +2.453784869e+02 +2.453784869e+02 -1.2683e+00 +1.8444e+00 -4.8872e+00 +3.5365e-01 +1.4791e+00 -4.5499e+00 +8.5049e+00 +2.8283e+00 -6.5436e+00 +1.0339e+01
62 +8.990670340e+01 +8.990670340e+01 +2.430867034e+02 +2.430867034e+02 -1.3185e+00 +2.3166e+00 -3.5199e+00 +6.4360e-01 +1.6232e+00 -3.3616e+00 +7.4641e+00 +3.1599e+00 -7.1287e+00 +8.5022e+00
63 +8.196844169e+01 +8.196844169e+01 +2.351484417e+02 +2.351484417e+02 +8.7271e-01 +9.7287e-01 -6.6794e+00 +2.1401e+00 +2.4930e+00 -3.2576e+00 +7.8501e+00 +4.2964e+00 -7.1506e+00 +8.9468e+00
67 +7.568694547e+01 +7.568694547e+01 +2.288669455e+02 +2.288669455e+02 -2.9812e+00 +1.7949e+00 -6.0415e+00 -8.0236e-01 +5.2178e-01 -2.9474e+00 +6.4339e+00 +4.0058e+00 -5.9946e+00 +8.8955e+00
72 +7.120600772e+01 +7.120600772e+01 +2.243860077e+02 +2.243860077e+02 -2.3057e+00 +3.0262e+00 -5.3300e+00 -8.6876e-01 -1.5640e+00 -1.6465e+00 +5.5121e+00 +3.1340e+00 -6.0808e+00 +1.1118e+01
73 +6.715327076e+01 +6.715327076e+01 +2.203332708e+02 +2.203332708e+02 -1.2871e+00 +5.0754e-01 -5.6766e+00 -6.3126e-01 +1.2551e+00 -1.5646e+00 +5.3330e+00 +4.4423e+00 -5.0983e+00 +8.6180e+00
74 +5.914101554e+01 +5.914101554e+01 +2.123210155e+02 +2.123210155e+02 -1.6639e+00 +3.4585e-01 -7.9546e+00 -4.0557e+00 +6.9828e-01 -2.5224e+00 +4.8603e+00 +5.4070e+00 -6.0650e+00 +1.0565e+01
96 +5.376021745e+01 +5.376021745e+01 +2.069402174e+02 +2.069402174e+02 -8.3453e-01 +5.8171e-01 -9.1965e+00 -5.7152e+00 -2.2202e+00 -4.1774e+00 +6.7227e+00 +5.3728e+00 -7.9100e+00 +8.0230e+00
102 +4.298807458e+01 +4.298807458e+01 +1.961680746e+02 +1.961680746e+02 -1.0224e+00 -8.5660e-01 -8.8372e+00 -4.9488e+00 -1.2333e-01 +9.6475e-03 +5.7792e+00 +5.1761e+00 -7.7976e+00 +7.2244e+00
113 +3.834879228e+01 +3.834879228e+01 +1.915287923e+02 +1.915287923e+02 +2.9846e+00 -1.2036e-02 -6.7651e+00 -8.0202e+00 +1.1720e+00 +1.4614e+00 +6.6880e+00 +6.6939e+00 -1.1488e+01 +1.0695e+01
114 +2.902390529e+01 +2.902390529e+01 +1.822039053e+02 +1.822039053e+02 +7.4713e-01 -2.4302e+00 -1.2055e+01 -6.1894e+00 -1.2957e+00 +1.8990e+00 +7.7230e+00 +9.0564e+00 -7.2033e+00 +1.0649e+01
123 +2.103890497e+01 +2.103890497e+01 +1.742189050e+02 +1.742189050e+02 +3.2458e+00 -4.3144e+00 -1.2690e+01 -8.5662e+00 -2.5828e+00 +1.7518e+00 +9.6921e+00 +1.1031e+01 -7.3162e+00 +1.4526e+01
125 +1.893394044e+01 +1.893394044e+01 +1.721139404e+02 +1.721139404e+02 +3.6020e+00 -3.7484e+00 -1.5505e+01 -5.2838e+00 +7.2114e-01 +5.6110e+00 +7.5482e+00 +9.2771e+00 -8.8672e+00 +9.4747e+00
129 +1.820577455e+01 +1.820577455e+01 +1.713857745e+02 +1.713857745e+02 +1.5197e+00 -3.2227e+00 -1.3812e+01 -6.7386e+00 -6.1925e+00 +1.5413e+00 +6.7473e+00 +1.1037e+01 -6.6334e+00 +1.1898e+01
130 +1.731341521e+01 +1.731341521e+01 +1.704934152e+02 +1.704934152e+02 +1.7835e+00 -1.3789e+00 -1.4350e+01 -7.6591e+00 -3.3713e+00 +3.6398e+00 +8.5427e+00 +7.5514e+00 -9.2461e+00 +1.1861e+01
132 +1.068312892e+01 +1.068312892e+01 +1.638631289e+02 +1.638631289e+02 +3.9445e+00 -4.3820e+00 -1.7227e+01 -1.0360e+01 -5.7460e+00 +2.5431e+00 +1.0218e+01 +8.9821e+00 -1.2027e+01 +1.4545e+01
135 +8.993099159e+00 +8.993099159e+00 +1.621730992e+02 +1.621730992e+02 +1.5598e+00 -2.0080e+00 -1.8069e+01 -6.7107e+00 -4.3932e+00 +6.9063e+00 +6.4868e+00 +7.9250e+00 -7.4087e+00 +1.3975e+01
141 +8.000647563e+00 +8.000647563e+00 +1.611806476e+02 +1.611806476e+02 +2.9464e+00 -1.3764e+00 -1.8847e+01 -8.2147e+00 -4.5447e+00 +5.8475e+00 +1.0037e+01 +9.9875e+00 -1.0692e+01 +1.3147e+01
142 +6.673360260e+00 +6.673360260e+00 +1.598533603e+02 +1.598533603e+02 +3.4732e+00 -1.6636e+00 -2.3205e+01 -9.4584e+00 -4.6990e+00 +5.0772e+00 +1.2095e+01 +1.0958e+01 -9.7495e+00 +1.5611e+01
146 +5.462702835e+00 +5.462702835e+00 +1.586427028e+02 +1.586427028e+02 +5.5877e+00 -7.7043e-01 -1.9994e+01 -1.0959e+01 -5.4311e+00 +5.8408e+00 +1.1546e+01 +1.1606e+01 -1.2901e+01 +1.4451e+01
147 +2.858194065e+00 +2.858194065e+00 +1.560381941e+02 +1.560381941e+02 +4.9199e+00 -2.8490e+00 -1.9046e+01 -8.4578e+00 -5.9221e+00 +6.7098e+00 +8.3070e+00 +1.1805e+01 -1.0214e+01 +1.2854e+01
154 +2.091512980e+00 +2.091512980e+00 +1.552715130e+02 +1.552715130e+02 +6.0824e+00 -4.1229e+00 -1.8998e+01 -9.7959e+00 -4.6554e+00 +7.1669e+00 +6.4912e+00 +1.3216e+01 -1.0842e+01 +1.2574e+01
158 +1.968455788e+00 +1.968455788e+00 +1.551484558e+02 +1.551484558e+02 +3.7671e+00 -4.7497e+00 -2.1166e+01 -8.0274e+00 -4.8518e+00 +1.0245e+01 +7.2842e+00 +1.1839e+01 -1.2683e+01 +1.5967e+01
167 +1.732805388e-01 +1.732805388e-01 +1.533532805e+02 +1.533532805e+02 +5.2058e+00 -5.8650e+00 -1.9681e+01 -7.1196e+00 -4.9377e+00 +6.8786e+00 +8.9446e+00 +1.3393e+01 -1.3186e+01 +1.4194e+01
169 +0.000000000e+00 +0.000000000e+00 +1.531800000e+02 +1.531800000e+02 +5.7055e+00 -6.4070e+00 -2.4519e+01 -8.5929e+00 -9.5209e+00 +1.2709e+01 +8.5752e+00 +1.4645e+01 -1.5998e+01 +1.8345e+01
% function evaluation | noise-free fitness - Fopt (-7.088000000000e+02) | best noise-free fitness - Fopt | measured fitness | best measured fitness | x1 | x2...
1 +2.043476306e+02 +2.043476306e+02 -5.044523694e+02 -5.044523694e+02 +0.0000e+00 +0.0000e+00 +0.0000e+00 +0.0000e+00 +0.0000e+00 +0.0000e+00 +0.0000e+00 +0.0000e+00 +0.0000e+00 +0.0000e+00
3 +1.788175777e+02 +1.788175777e+02 -5.299824223e+02 -5.299824223e+02 +4.0427e-01 -6.4190e-01 +5.3046e-02 +9.2957e-01 +2.5574e+00 +7.2098e-01 -4.9435e-01 -9.5787e-01 -3.5916e-01 -7.0783e-01
16 +1.620098525e+02 +1.620098525e+02 -5.467901475e+02 -5.467901475e+02 +3.4920e-01 -2.0662e+00 -1.4939e+00 +1.4727e+00 +3.7131e+00 -5.8467e-01 +5.8656e-02 +2.5483e-01 +3.7343e-01 -3.5253e+00
20 +1.552954820e+02 +1.552954820e+02 -5.535045180e+02 -5.535045180e+02 -2.1289e-01 -6.9540e-02 -4.3555e-02 +1.0690e+00 +1.8519e+00 +5.9535e-01 -6.9949e-01 -1.1572e+00 -6.2722e-01 -3.0680e+00
22 +1.437053954e+02 +1.437053954e+02 -5.650946046e+02 -5.650946046e+02 -8.2105e-01 +8.2210e-01 +4.7893e-01 +9.9320e-01 +4.3565e-01 +1.9475e+00 -1.0532e+00 -3.7926e+00 -1.1068e+00 -2.3317e+00
25 +1.333081521e+02 +1.333081521e+02 -5.754918479e+02 -5.754918479e+02 +1.0530e+00 -1.4980e+00 -8.9086e-02 +1.7737e+00 +1.4424e+00 +1.3048e-01 -4.2175e-01 -8.3138e-01 -1.6770e+00 -4.5992e+00
32 +1.301529689e+02 +1.301529689e+02 -5.786470311e+02 -5.786470311e+02 +2.9449e+00 -2.9463e+00 -6.4774e-01 +2.2675e+00 +2.5146e+00 +2.8691e-01 -1.2133e+00 +4.0340e-01 -2.5252e+00 -7.0018e+00
33 +1.283758101e+02 +1.283758101e+02 -5.804241899e+02 -5.804241899e+02 +2.7624e+00 -4.0309e+00 -5.6452e-01 +2.3239e+00 -1.6161e-01 +8.1447e-01 -5.9399e-01 -1.1480e+00 -1.6610e+00 -6.7118e+00
38 +1.205888794e+02 +1.205888794e+02 -5.882111206e+02 -5.882111206e+02 +3.1638e+00 -2.1084e+00 +7.8052e-01 +3.4411e+00 +1.0464e+00 -2.0773e-01 -4.0706e-01 -9.8276e-01 -3.1540e+00 -4.4896e+00
41 +1.103367635e+02 +1.103367635e+02 -5.984632365e+02 -5.984632365e+02 +3.6318e+00 -2.2131e+00 -1.9443e-01 +1.8434e+00 +5.7243e-01 -5.2891e-01 -1.7563e-01 -2.7477e+00 -3.3307e+00 -6.7225e+00
43 +1.051237864e+02 +1.051237864e+02 -6.036762136e+02 -6.036762136e+02 +5.5240e+00 -3.5573e+00 -6.2471e-01 +3.0238e+00 +1.5694e+00 -8.4442e-01 -1.3204e+00 -1.7956e+00 -5.2718e+00 -8.2589e+00
44 +1.040997425e+02 +1.040997425e+02 -6.047002575e+02 -6.047002575e+02 +6.4510e+00 -4.1612e+00 -1.5529e+00 +3.1443e+00 +6.1728e-01 -9.4994e-02 -8.7129e-01 -2.5792e+00 -4.4360e+00 -8.4645e+00
45 +9.812981338e+01 +9.812981338e+01 -6.106701866e+02 -6.106701866e+02 +3.7926e+00 -2.8189e+00 -1.1906e+00 +1.4828e+00 +3.0802e-01 -1.7494e+00 +9.1410e-01 -2.9417e+00 -5.1703e+00 -8.4437e+00
52 +8.122258012e+01 +8.122258012e+01 -6.275774199e+02 -6.275774199e+02 +6.1027e+00 -4.8197e+00 -2.2620e+00 +2.4919e+00 +8.6752e-01 -7.8493e-01 +2.4367e+00 -3.6350e+00 -7.5485e+00 -1.0215e+01
62 +7.042247887e+01 +7.042247887e+01 -6.383775211e+02 -6.383775211e+02 +4.7685e+00 -4.3875e+00 -7.3147e-01 +2.4339e+00 +3.0632e+00 -1.8808e+00 +1.8461e+00 -4.9972e+00 -6.9977e+00 -1.0257e+01
69 +6.875332028e+01 +6.875332028e+01 -6.400466797e+02 -6.400466797e+02 +6.2639e+00 -4.4621e+00 -1.0871e+00 +2.6269e+00 +1.7963e+00 -3.4980e-01 +3.1159e+00 -4.4450e+00 -4.8302e+00 -1.1436e+01
72 +6.404296903e+01 +6.404296903e+01 -6.447570310e+02 -6.447570310e+02 +8.0265e+00 -4.6725e+00 -9.4358e-02 +3.1589e+00 +2.7907e+00 -1.5466e-01 +5.6681e+00 -6.4840e+00 -3.2620e+00 -1.4355e+01
74 +5.176656960e+01 +5.176656960e+01 -6.570334304e+02 -6.570334304e+02 +8.2588e+00 -7.5421e+00 -1.4770e+00 +4.3159e+00 +3.7061e+00 -6.9541e-02 +6.2033e+00 -4.5313e+00 -4.7933e+00 -1.4939e+01
82 +4.133887353e+01 +4.133887353e+01 -6.674611265e+02 -6.674611265e+02 +8.3507e+00 -6.4739e+00 -4.5675e-01 +3.0073e+00 +5.6762e+00 +9.3952e-01 +6.2840e+00 -6.9293e+00 -5.9162e+00 -1.3880e+01
92 +3.260322730e+01 +3.260322730e+01 -6.761967727e+02 -6.761967727e+02 +8.1649e+00 -6.4659e+00 -2.5331e-02 +4.4038e+00 +5.0847e+00 +2.2811e+00 +6.0675e+00 -6.0851e+00 -7.1333e+00 -1.2327e+01
109 +3.221933786e+01 +3.221933786e+01 -6.765806621e+02 -6.765806621e+02 +1.1275e+01 -7.5297e+00 +4.3486e-01 +6.0018e+00 +5.4147e+00 +2.6823e+00 +5.7805e+00 -9.4924e+00 -9.1263e+00 -1.3852e+01
119 +2.936113012e+01 +2.936113012e+01 -6.794388699e+02 -6.794388699e+02 +1.2224e+01 -8.4102e+00 +9.1914e-02 +8.2196e+00 +8.3206e+00 +3.9008e+00 +7.5748e+00 -1.1283e+01 -1.1323e+01 -1.6666e+01
122 +2.660886656e+01 +2.660886656e+01 -6.821911334e+02 -6.821911334e+02 +1.2781e+01 -1.0607e+01 +5.5459e-01 +9.0567e+00 +8.9541e+00 +4.6069e+00 +7.0397e+00 -1.2003e+01 -1.1052e+01 -1.6699e+01
131 +2.549394883e+01 +2.549394883e+01 -6.833060512e+02 -6.833060512e+02 +1.4421e+01 -1.0293e+01 +2.2897e+00 +1.0930e+01 +9.6364e+00 +4.5681e+00 +8.2451e+00 -1.2940e+01 -1.4797e+01 -2.0383e+01
135 +2.298348260e+01 +2.298348260e+01 -6.858165174e+02 -6.858165174e+02 +1.3783e+01 -1.1153e+01 +2.4816e+00 +1.0796e+01 +9.7647e+00 +6.4948e+00 +6.2413e+00 -1.1730e+01 -1.4291e+01 -2.0446e+01
137 +2.163747741e+01 +2.163747741e+01 -6.871625226e+02 -6.871625226e+02 +1.4277e+01 -1.0867e+01 +3.8831e+00 +1.2348e+01 +1.1437e+01 +4.8616e+00 +8.5506e+00 -1.3942e+01 -1.6342e+01 -1.9974e+01
142 +1.650326955e+01 +1.650326955e+01 -6.922967304e+02 -6.922967304e+02 +1.1503e+01 -8.3961e+00 +7.1437e+00 +1.2017e+01 +1.0897e+01 +6.7817e+00 +9.5759e+00 -1.3047e+01 -1.5981e+01 -1.9278e+01
157 +1.339063755e+01 +1.339063755e+01 -6.954093624e+02 -6.954093624e+02 +8.3906e+00 -8.6720e+00 +7.4923e+00 +1.3169e+01 +1.1953e+01 +8.3554e+00 +7.5080e+00 -9.2277e+00 -1.6248e+01 -1.8994e+01
162 +1.243026345e+01 +1.243026345e+01 -6.963697365e+02 -6.963697365e+02 +7.4303e+00 -8.2752e+00 +8.4583e+00 +1.5151e+01 +1.2927e+01 +9.5832e+00 +6.3794e+00 -6.1266e+00 -2.0381e+01 -2.0537e+01
178 +1.100894591e+01 +1.100894591e+01 -6.977910541e+02 -6.977910541e+02 +6.0089e+00 -8.6042e+00 +1.1701e+01 +1.4570e+01 +1.8586e+01 +1.3241e+01 +8.5097e+00 -5.2477e+00 -2.6106e+01 -2.4636e+01
184 +6.211983818e+00 +6.211983818e+00 -7.025880162e+02 -7.025880162e+02 +1.2120e+00 -1.1232e+01 +1.7138e+01 +1.9157e+01 +2.4630e+01 +1.5004e+01 +1.4324e+01 -8.1729e+00 -3.2895e+01 -3.4111e+01
192 +2.295657707e+00 +2.295657707e+00 -7.065043423e+02 -7.065043423e+02 -2.7043e+00 -1.5317e+01 +1.6274e+01 +1.8075e+01 +2.5001e+01 +1.6980e+01 +1.4605e+01 -8.9200e+00 -2.9552e+01 -3.3915e+01
196 +5.021065300e-01 +5.021065300e-01 -7.082978935e+02 -7.082978935e+02 -4.4979e+00 -1.2319e+01 +1.9449e+01 +1.7066e+01 +1.5025e+01 +6.3774e+00 +1.5622e+01 -1.0703e+01 -2.3728e+01 -2.6044e+01
198 +0.000000000e+00 +0.000000000e+00 -7.088000000e+02 -7.088000000e+02 -5.4906e+00 -1.3878e+01 +2.4780e+01 +1.9375e+01 +2.9394e+01 +2.3242e+01 +1.9017e+01 -1.1358e+01 -4.3555e+01 -4.3390e+01
% function evaluation | noise-free fitness - Fopt (8.793000000000e+01) | best noise-free fitness - Fopt | measured fitness | best measured fitness | x1 | x2...
1 +2.043476306e+02 +2.043476306e+02 +2.922776306e+02 +2.922776306e+02 +0.0000e+00 +0.0000e+00 +0.0000e+00 +0.0000e+00 +0.0000e+00 +0.0000e+00 +0.0000e+00 +0.0000e+00 +0.0000e+00 +0.0000e+00
3 +1.957600703e+02 +1.957600703e+02 +2.836900703e+02 +2.836900703e+02 -1.2104e+00 +9.2272e-01 -1.3161e+00 +1.4013e-01 -8.0718e-01 -3.8212e-01 +3.1461e-01 +1.1298e-01 -6.7838e-01 +3.6928e-01
5 +1.759936962e+02 +1.759936962e+02 +2.639236962e+02 +2.639236962e+02 -1.9312e+00 -5.8501e-01 -5.6281e-01 +2.0702e+00 +1.0300e+00 -5.3470e-01 +8.4729e-01 -2.6498e-01 +1.7054e+00 +3.2380e+00
6 +1.516187961e+02 +1.516187961e+02 +2.395487961e+02 +2.395487961e+02 -5.2739e-01 -2.4297e+00 +5.0275e-01 +4.2576e+00 +1.3516e+00 -5.0128e-01 +2.7455e+00 +1.2328e+00 -1.3669e-01 +3.9689e+00
14 +1.336491019e+02 +1.336491019e+02 +2.215791019e+02 +2.215791019e+02 -1.0631e+00 -3.2314e+00 +1.8310e-01 +5.7314e+00 +1.7395e+00 +1.0569e+00 +2.7624e+00 +1.7119e+00 -1.0175e+00 +4.6392e+00
19 +1.183105411e+02 +1.183105411e+02 +2.062405411e+02 +2.062405411e+02 -1.9311e-01 -6.5819e-01 -1.1628e+00 +3.8624e+00 +1.6815e+00 -2.1517e-02 +5.0992e+00 -5.2123e-01 -1.4706e+00 +3.4499e+00
25 +1.005402650e+02 +1.005402650e+02 +1.884702650e+02 +1.884702650e+02 -4.4390e-01 +1.6034e-01 -3.6336e+00 +3.4558e+00 +8.2604e-01 +8.7745e-01 +4.1970e+00 -6.3633e-01 -1.5228e+00 +5.0920e+00
27 +8.641880642e+01 +8.641880642e+01 +1.743488064e+02 +1.743488064e+02 +1.2481e+00 -3.7042e-01 -2.7732e+00 +5.6700e+00 +2.5056e+00 +2.6590e-01 +4.7707e+00 -1.5661e+00 -3.1851e+00 +3.7640e+00
32 +7.426389299e+01 +7.426389299e+01 +1.621938930e+02 +1.621938930e+02 +8.7210e-02 -2.3697e+00 -3.5903e+00 +6.1569e+00 +3.8342e+00 -1.4865e+00 +3.4810e+00 -3.0446e+00 -3.4303e+00 +5.0037e+00
38 +6.910495892e+01 +6.910495892e+01 +1.570349589e+02 +1.570349589e+02 +1.7221e+00 -2.8133e-01 -1.5617e+00 +7.2738e+00 +4.4278e+00 +1.5582e+00 +4.6236e+00 -2.8293e+00 -4.2551e+00 +3.1218e+00
42 +5.600815948e+01 +5.600815948e+01 +1.439381595e+02 +1.439381595e+02 +3.8727e+00 +1.8320e+00 -3.3504e+00 +6.8996e+00 +4.0348e+00 +4.8601e+00 +5.4946e+00 -2.7432e+00 -3.7055e+00 +2.8702e+00
43 +5.460162278e+01 +5.460162278e+01 +1.425316228e+02 +1.425316228e+02 +3.8246e+00 -3.0909e-01 -4.0708e-01 +7.5461e+00 +4.4299e+00 +3.3361e+00 +7.2928e+00 -2.2408e+00 -6.4399e+00 +3.5199e+00
51 +5.331604146e+01 +5.331604146e+01 +1.412460415e+02 +1.412460415e+02 +4.2101e+00 +5.9171e-01 -1.5424e+00 +7.3028e+00 +5.8376e+00 +2.4839e+00 +5.0258e+00 -2.4779e+00 -5.0484e+00 +3.3097e+00
54 +4.400988115e+01 +4.400988115e+01 +1.319398811e+02 +1.319398811e+02 +4.8865e+00 +1.8630e+00 -3.3622e+00 +8.1048e+00 +7.4556e+00 +9.2992e-01 +8.1372e+00 -4.3641e+00 -6.7671e+00 +3.1326e+00
60 +4.220520077e+01 +4.220520077e+01 +1.301352008e+02 +1.301352008e+02 +4.1329e+00 -3.0619e-01 -1.6468e+00 +6.2453e+00 +4.9361e+00 +2.8222e+00 +5.3965e+00 -1.5158e+00 -6.9991e+00 +5.5077e+00
65 +3.327537378e+01 +3.327537378e+01 +1.212053738e+02 +1.212053738e+02 +4.6296e+00 +8.6281e-01 -1.8149e+00 +4.3460e+00 +4.9387e+00 +1.1575e+00 +6.2592e+00 -3.8558e+00 -8.9296e+00 +7.0482e+00
76 +2.808556436e+01 +2.808556436e+01 +1.160155644e+02 +1.160155644e+02 +2.5349e+00 -5.1643e-02 -3.8967e-01 +3.5425e+00 +4.2032e+00 +4.3421e+00 +4.2063e+00 -5.1277e+00 -1.0924e+01 +8.4860e+00
100 +2.228586206e+01 +2.228586206e+01 +1.102158621e+02 +1.102158621e+02 -3.9822e+00 +3.3970e+00 +4.1629e-01 +5.5874e+00 +4.2100e+00 +6.9684e+00 +5.4735e+00 -5.9935e+00 -1.0660e+01 +8.9470e+00
104 +1.611218578e+01 +1.611218578e+01 +1.040421858e+02 +1.040421858e+02 -2.5851e+00 +5.3616e+00 +1.1186e-01 +5.6447e+00 +5.3455e+00 +8.1149e+00 +5.2936e+00 -7.5801e+00 -1.0638e+01 +7.6530e+00
127 +1.333498743e+01 +1.333498743e+01 +1.012649874e+02 +1.012649874e+02 -4.4856e-01 +3.6061e+00 -2.1038e+00 +5.5293e+00 +1.0083e+01 +4.6508e+00 +5.2606e+00 -6.7435e+00 -9.3778e+00 +6.6999e+00
137 +6.227758962e+00 +6.227758962e+00 +9.415775896e+01 +9.415775896e+01 -6.6676e-01 +5.2249e+00 -4.6637e+00 +8.6780e+00 +9.6476e+00 +5.4775e+00 +6.3054e+00 -7.6594e+00 -8.4840e+00 +7.3020e+00
146 +5.182899956e+00 +5.182899956e+00 +9.311289996e+01 +9.311289996e+01 -1.8290e-01 +5.5132e+00 -5.2928e+00 +6.6597e+00 +1.0400e+01 +5.0760e+00 +8.9622e+00 -1.1787e+01 -7.3155e+00 +8.4671e+00
158 +4.747432021e+00 +4.747432021e+00 +9.267743202e+01 +9.267743202e+01 +8.6208e-01 +4.5281e+00 -8.4417e+00 +6.9459e+00 +1.1491e+01 +6.7418e+00 +9.0181e+00 -1.6198e+01 -5.4473e+00 +8.7304e+00
171 +3.812244339e+00 +3.812244339e+00 +9.174224434e+01 +9.174224434e+01 +2.4347e+00 +4.0345e+00 -8.4234e+00 +9.0780e+00 +1.1141e+01 +7.7272e+00 +1.1115e+01 -1.2028e+01 -6.9254e+00 +5.5530e+00
175 +1.951368723e-01 +1.951368723e-01 +8.812513687e+01 +8.812513687e+01 +4.8049e+00 +5.7402e+00 -1.0551e+01 +7.6681e+00 +6.8731e+00 +9.4860e+00 +1.0247e+01 -1.0279e+01 -7.2590e+00 +7.9435e+00
185 +0.000000000e+00 +0.000000000e+00 +8.793000000e+01 +8.793000000e+01 +8.4169e+00 +7.4737e+00 -1.1282e+01 +7.3218e+00 +6.9514e+00 +8.8141e+00 +8.4155e+00 -5.7772e+00 -7.4441e+00 +1.0872e+01
% function evaluation | noise-free fitness - Fopt (3.370000000000e+01) | best noise-free fitness - Fopt | measured fitness | best measured fitness | x1 | x2...
1 +2.043476306e+02 +2.043476306e+02 +2.380476306e+02 +2.380476306e+02 +0.0000e+00 +0.0000e+00 +0.0000e+00 +0.0000e+00 +0.0000e+00 +0.0000e+00 +0.0000e+00 +0.0000e+00 +0.0000e+00 +0.0000e+00
4 +1.974675929e+02 +1.974675929e+02 +2.311675929e+02 +2.311675929e+02 -4.9345e-01 -1.5135e-03 +8.0678e-01 -1.1031e+00 -1.2041e+00 +4.0139e-02 -1.3358e+00 -7.8970e-01 -9.8174e-01 -2.4511e-01
7 +1.906124981e+02 +1.906124981e+02 +2.243124981e+02 +2.243124981e+02 +5.6690e-01 -1.4081e+00 -2.3356e+00 +1.8125e+00 -3.2524e-01 -1.4675e+00 +6.4571e-02 -2.1806e-01 -2.7003e+00 -6.6118e-01
13 +1.685555601e+02 +1.685555601e+02 +2.022555601e+02 +2.022555601e+02 +9.9533e-01 -3.9256e+00 -2.7345e+00 +3.4797e+00 -6.2978e-01 +2.1405e-03 +2.6852e-01 +8.0808e-01 -4.2706e+00 -8.6242e-01
23 +1.601100291e+02 +1.601100291e+02 +1.938100291e+02 +1.938100291e+02 +1.2083e+00 -4.0171e+00 -4.0160e+00 +4.4220e+00 -7.0368e-01 +3.7829e-01 -1.8294e+00 +4.0447e-01 -5.9226e+00 -1.8539e+00
26 +1.549075190e+02 +1.549075190e+02 +1.886075190e+02 +1.886075190e+02 +1.8082e+00 -6.2260e+00 -2.1933e+00 +4.6906e+00 -1.6740e+00 +7.3553e-01 +1.8719e+00 +2.3148e+00 -6.0583e+00 -5.6780e-01
27 +1.527808586e+02 +1.527808586e+02 +1.864808586e+02 +1.864808586e+02 +1.5514e+00 -4.3667e+00 -2.6161e+00 +3.2478e+00 -1.2949e+00 +8.2699e-01 -1.2259e+00 +2.0753e+00 -6.6191e+00 -1.6022e+00
39 +1.388186719e+02 +1.388186719e+02 +1.725186719e+02 +1.725186719e+02 +1.8650e+00 -3.9428e+00 -1.8494e+00 +1.9402e+00 -2.0082e+00 +4.3886e-01 -2.0991e+00 +1.5546e+00 -4.7646e+00 +2.1026e-01
44 +1.372242356e+02 +1.372242356e+02 +1.709242356e+02 +1.709242356e+02 +2.2390e-01 -3.3438e+00 -8.5628e-01 +3.4571e+00 -1.3563e+00 -8.1596e-01 -2.1697e+00 +1.9508e+00 -3.9200e+00 +9.8311e-01
49 +1.229042488e+02 +1.229042488e+02 +1.566042488e+02 +1.566042488e+02 +3.3789e+00 -3.9028e+00 -1.3642e+00 +1.9426e+00 -1.2129e+00 +1.2353e+00 -2.7481e+00 +1.2838e+00 -5.3721e+00 +1.6423e+00
52 +1.045780992e+02 +1.045780992e+02 +1.382780992e+02 +1.382780992e+02 +5.5215e+00 -5.6780e+00 -1.2705e+00 +2.5070e+00 -1.6672e+00 +2.0218e+00 -6.0710e+00 +2.6489e+00 -8.2984e+00 +1.5398e+00
64 +8.177364311e+01 +8.177364311e+01 +1.154736431e+02 +1.154736431e+02 +4.1104e+00 -5.0709e+00 -1.0595e+00 +4.6745e-01 -3.1757e+00 +3.9738e+00 -4.8099e+00 +2.6783e+00 -5.9546e+00 +3.0247e+00
74 +5.064208856e+01 +5.064208856e+01 +8.434208856e+01 +8.434208856e+01 +6.9839e+00 -7.2736e+00 -2.0082e+00 -9.5583e-01 -4.4846e+00 +7.3314e+00 -4.2352e+00 +6.0033e+00 -1.0107e+01 +5.4366e+00
83 +4.839117453e+01 +4.839117453e+01 +8.209117453e+01 +8.209117453e+01 +4.1244e+00 -4.9349e+00 -9.9736e-01 -3.1170e+00 -5.5080e+00 +6.6386e+00 -4.8916e+00 +5.4272e+00 -1.1699e+01 +4.8232e+00
85 +4.773947255e+01 +4.773947255e+01 +8.143947255e+01 +8.143947255e+01 +8.1298e+00 -5.4248e+00 -2.2050e+00 -4.5133e-01 -4.7431e+00 +7.3297e+00 -4.1331e+00 +5.5941e+00 -9.4475e+00 +6.1877e+00
89 +4.436985909e+01 +4.436985909e+01 +7.806985909e+01 +7.806985909e+01 +9.5463e+00 -7.8822e+00 -3.5689e+00 +5.3320e-01 -4.5778e+00 +1.0894e+01 -6.8788e+00 +7.5302e+00 -1.3213e+01 +7.9922e+00
92 +4.354461448e+01 +4.354461448e+01 +7.724461448e+01 +7.724461448e+01 +9.0767e+00 -6.4063e+00 -5.8298e+00 +9.6021e-02 -3.5011e+00 +8.3831e+00 -6.4404e+00 +5.8144e+00 -1.3788e+01 +6.9368e+00
93 +4.239725113e+01 +4.239725113e+01 +7.609725113e+01 +7.609725113e+01 +5.8262e+00 -5.3842e+00 -5.9390e+00 -1.8495e+00 -3.7772e+00 +9.1990e+00 -6.4138e+00 +5.1009e+00 -9.3665e+00 +6.5723e+00
97 +3.971045892e+01 +3.971045892e+01 +7.341045892e+01 +7.341045892e+01 +1.0584e+01 -8.7792e+00 -4.3165e+00 +2.5910e+00 -7.0153e+00 +1.4410e+01 -1.1491e+01 +8.5692e+00 -1.5659e+01 +6.8337e+00
102 +3.295811498e+01 +3.295811498e+01 +6.665811498e+01 +6.665811498e+01 +1.0289e+01 -8.6807e+00 -5.2216e+00 +6.4185e+00 -9.8541e+00 +1.3757e+01 -1.3567e+01 +6.8677e+00 -1.7182e+01 +1.0071e+01
113 +3.009966737e+01 +3.009966737e+01 +6.379966737e+01 +6.379966737e+01 +5.7577e+00 -8.7587e+00 -4.0577e+00 +6.0202e+00 -9.7143e+00 +1.2398e+01 -1.0111e+01 +6.4845e+00 -1.6763e+01 +1.2038e+01
116 +2.740765198e+01 +2.740765198e+01 +6.110765198e+01 +6.110765198e+01 +5.1274e+00 -5.9047e+00 -5.1898e+00 +3.5164e+00 -7.0808e+00 +9.7881e+00 -8.5624e+00 +7.5274e+00 -1.1634e+01 +6.9775e+00
128 +2.226571927e+01 +2.226571927e+01 +5.596571927e+01 +5.596571927e+01 +2.8577e+00 -6.1556e+00 -6.2505e+00 +6.9732e+00 -1.3136e+01 +1.4811e+01 -1.2138e+01 +1.0607e+01 -1.7456e+01 +6.6382e+00
134 +1.796981957e+01 +1.796981957e+01 +5.166981957e+01 +5.166981957e+01 +6.3366e-01 -4.2740e+00 -5.5277e+00 +4.8337e+00 -1.4853e+01 +1.5189e+01 -1.4626e+01 +1.0691e+01 -1.4549e+01 +9.4345e+00
136 +1.707012458e+01 +1.707012458e+01 +5.077012458e+01 +5.077012458e+01 +1.5639e+00 -3.1346e+00 -8.2221e+00 +1.1803e+01 -1.4842e+01 +1.6216e+01 -1.5083e+01 +1.3103e+01 -1.9598e+01 +6.6526e+00
137 +1.606184370e+01 +1.606184370e+01 +4.976184370e+01 +4.976184370e+01 +4.2416e-01 -3.2364e+00 -8.0124e+00 +6.2013e+00 -1.2410e+01 +1.7537e+01 -1.4244e+01 +1.1490e+01 -1.8023e+01 +5.3788e+00
142 +1.168122897e+01 +1.168122897e+01 +4.538122897e+01 +4.538122897e+01 -5.1287e-02 -2.1274e-01 -8.0239e+00 +9.6771e+00 -1.4720e+01 +1.8371e+01 -1.6799e+01 +1.2697e+01 -2.1408e+01 +6.4008e+00
146 +1.119885184e+01 +1.119885184e+01 +4.489885184e+01 +4.489885184e+01 -1.6770e-01 +7.0609e-02 -5.1741e+00 +6.3402e+00 -1.4160e+01 +1.6826e+01 -1.2729e+01 +1.4374e+01 -1.7145e+01 +5.7478e+00
148 +9.208952111e+00 +9.208952111e+00 +4.290895211e+01 +4.290895211e+01 +7.9142e-02 +1.8024e+00 -5.7217e+00 +6.0225e+00 -1.3349e+01 +1.7240e+01 -1.2603e+01 +8.9891e+00 -1.8045e+01 +7.5122e+00
153 +5.837072631e+00 +5.837072631e+00 +3.953707263e+01 +3.953707263e+01 +8.3707e-01 +5.5136e+00 -5.2960e+00 +7.2133e+00 -8.3078e+00 +2.1066e+01 -9.6722e+00 +7.1060e+00 -1.6558e+01 +1.0669e+01
154 +4.229255669e+00 +4.229255669e+00 +3.792925567e+01 +3.792925567e+01 -4.3715e+00 +4.7475e+00 -3.0369e+00 +8.7545e+00 -1.6486e+01 +2.1499e+01 -1.4839e+01 +1.0850e+01 -2.4028e+01 +7.0220e+00
168 +2.741758147e+00 +2.741758147e+00 +3.644175815e+01 +3.644175815e+01 -8.3902e+00 +6.8516e+00 -3.3564e+00 +1.1514e+01 -1.6529e+01 +2.6892e+01 -1.5789e+01 +1.6494e+01 -2.7005e+01 +7.2037e+00
170 +1.982860039e-01 +1.982860039e-01 +3.389828600e+01 +3.389828600e+01 -9.8491e+00 +1.1436e+01 -4.8811e+00 +9.7559e+00 -1.8304e+01 +2.6310e+01 -1.3115e+01 +1.3412e+01 -2.4931e+01 +8.8962e+00
174 +0.000000000e+00 +0.000000000e+00 +3.370000000e+01 +3.370000000e+01 -1.4707e+01 +1.0703e+01 -7.6953e+00 +9.4624e+00 -1.6793e+01 +1.9985e+01 -1.2717e+01 +1.0358e+01 -2.3699e+01 +1.4848e+01
% function evaluation | noise-free fitness - Fopt (-1.618300000000e+02) | best noise-free fitness - Fopt | measured fitness | best measured fitness | x1 | x2...
1 +2.043476306e+02 +2.043476306e+02 +4.251763061e+01 +4.251763061e+01 +0.0000e+00 +0.0000e+00 +0.0000e+00 +0.0000e+00 +0.0000e+00 +0.0000e+00 +0.0000e+00 +0.0000e+00 +0.0000e+00 +0.0000e+00
2 +1.883949817e+02 +1.883949817e+02 +2.656498170e+01 +2.656498170e+01 -1.6778e+00 +2.5595e-01 +5.4318e-01 -1.6154e-01 -1.3375e+00 +2.7137e-01 -1.0748e+00 +4.5356e-01 -4.0915e-01 +1.1811e+00
3 +1.824216552e+02 +1.824216552e+02 +2.059165519e+01 +2.059165519e+01 -3.8010e+00 -2.9509e-01 +4.4726e-02 -1.5598e+00 +5.2080e-01 +3.2880e+00 +1.0510e+00 -7.0674e-01 -2.7644e-02 +2.3817e-01
7 +1.761880269e+02 +1.761880269e+02 +1.435802689e+01 +1.435802689e+01 +1.2949e+00 -1.2825e+00 +1.1185e+00 -8.5275e-01 -7.2292e-02 +2.2043e+00 +5.3109e-01 -1.3237e+00 -1.2846e+00 +8.0023e-01
14 +1.680099954e+02 +1.680099954e+02 +6.179995369e+00 +6.179995369e+00 +1.0389e+00 -9.0414e-01 +1.5575e+00 -2.5544e-01 -6.9424e-01 +5.3427e-01 -4.5129e-01 -1.9419e+00 -1.6023e+00 +1.4462e+00
21 +1.494577222e+02 +1.494577222e+02 -1.237227781e+01 -1.237227781e+01 +1.2148e+00 -1.0852e-01 +1.2782e+00 -1.5887e+00 +1.1260e+00 +3.1279e+00 +1.1668e+00 -1.7145e+00 -2.5953e+00 +1.5624e+00
22 +1.173398371e+02 +1.173398371e+02 -4.449016290e+01 -4.449016290e+01 +5.4267e-01 -5.9207e-01 +2.3764e+00 -2.1632e+00 -1.0324e-01 +3.5851e+00 -4.5753e-01 -1.8407e+00 -3.2304e+00 +3.6852e+00
35 +9.857635696e+01 +9.857635696e+01 -6.325364304e+01 -6.325364304e+01 +2.1163e+00 -1.2808e+00 +1.5816e+00 -3.0917e+00 -5.2537e-01 +2.9030e+00 -1.4396e+00 -2.7740e+00 -4.5907e+00 +3.7692e+00
41 +9.421843688e+01 +9.421843688e+01 -6.761156312e+01 -6.761156312e+01 +5.6267e-01 -1.6605e-01 +1.8079e+00 -2.4484e+00 +3.7914e-02 +5.6892e+00 -1.2962e+00 -2.1374e+00 -2.8082e+00 +5.1822e+00
42 +8.299342763e+01 +8.299342763e+01 -7.883657237e+01 -7.883657237e+01 -3.6650e-01 +2.3696e-01 +1.4688e+00 -2.1020e+00 +2.1450e-02 +5.9082e+00 -2.5816e+00 -2.7001e+00 -2.8938e+00 +6.5252e+00
47 +7.656882005e+01 +7.656882005e+01 -8.526117995e+01 -8.526117995e+01 +3.1055e-01 -1.3416e+00 +5.3345e-01 -2.2565e+00 +5.5133e-01 +6.2473e+00 -1.7827e+00 -2.8766e+00 -3.9816e+00 +6.0656e+00
52 +5.699633318e+01 +5.699633318e+01 -1.048336668e+02 -1.048336668e+02 +8.6363e-01 -1.0878e+00 -8.7864e-01 -2.2728e+00 +1.7217e+00 +7.1181e+00 -1.0276e+00 -4.5064e+00 -5.3379e+00 +5.5789e+00
69 +5.543947580e+01 +5.543947580e+01 -1.063905242e+02 -1.063905242e+02 +1.5109e+00 -7.5004e-01 -3.4460e+00 -2.2102e-01 +8.9033e-01 +6.8826e+00 -2.4898e+00 -4.0780e+00 -5.1167e+00 +7.0358e+00
71 +4.877672009e+01 +4.877672009e+01 -1.130532799e+02 -1.130532799e+02 +1.6587e+00 -3.1126e+00 -5.2016e-01 -3.5270e+00 +3.0161e+00 +6.3958e+00 -1.6663e+00 -5.1166e+00 -5.4859e+00 +6.0193e+00
73 +4.075952657e+01 +4.075952657e+01 -1.210704734e+02 -1.210704734e+02 +2.0876e+00 -4.7225e+00 -1.7965e+00 -4.0041e+00 +3.5030e+00 +4.3694e+00 -4.1265e+00 -4.7676e+00 -6.1602e+00 +4.8254e+00
83 +4.071834638e+01 +4.071834638e+01 -1.211116536e+02 -1.211116536e+02 -8.9649e-01 -4.4420e+00 -2.5830e+00 -3.3760e+00 +4.3118e+00 +4.6285e+00 -2.1386e+00 -4.9403e+00 -7.9077e+00 +5.6296e+00
88 +3.653076497e+01 +3.653076497e+01 -1.252992350e+02 -1.252992350e+02 +1.3127e+00 -5.0577e+00 +1.7118e-01 -4.7021e+00 +2.1393e+00 +5.4628e+00 -5.2504e+00 -6.3141e+00 -6.5124e+00 +5.7059e+00
98 +3.409142607e+01 +3.409142607e+01 -1.277385739e+02 -1.277385739e+02 +3.2163e-01 -3.3087e+00 -3.1660e-01 -4.7634e+00 +1.5081e+00 +5.8655e+00 -5.8100e+00 -5.5248e+00 -5.2079e+00 +5.2005e+00
117 +3.364335481e+01 +3.364335481e+01 -1.281866452e+02 -1.281866452e+02 +1.2104e-01 -1.6541e+00 -7.3772e-01 -5.6018e+00 +3.1145e+00 +7.3642e+00 -3.6795e+00 -6.1751e+00 -4.8137e+00 +5.5053e+00
118 +3.256351592e+01 +3.256351592e+01 -1.292664841e+02 -1.292664841e+02 -8.5623e-01 -2.6896e+00 -1.9728e+00 -6.1018e+00 +1.7649e+00 +6.4514e+00 -4.9555e+00 -4.2944e+00 -5.6854e+00 +6.5558e+00
122 +3.078169862e+01 +3.078169862e+01 -1.310483014e+02 -1.310483014e+02 -7.0796e-01 -2.0771e+00 -2.7225e+00 -6.2906e+00 +2.1045e+00 +6.5095e+00 -4.1223e+00 -4.7632e+00 -5.6139e+00 +7.4107e+00
129 +2.911261239e+01 +2.911261239e+01 -1.327173876e+02 -1.327173876e+02 -1.0246e-01 -2.4361e+00 -2.4321e+00 -5.2208e+00 +2.2753e+00 +4.8556e+00 -4.9417e+00 -5.0701e+00 -4.7473e+00 +5.3829e+00
138 +2.672912454e+01 +2.672912454e+01 -1.351008755e+02 -1.351008755e+02 +1.5864e-01 -2.3065e+00 -2.9359e+00 -5.8820e+00 +2.2885e+00 +5.5504e+00 -5.8910e+00 -6.3795e+00 -4.8520e+00 +5.2234e+00
141 +2.418247250e+01 +2.418247250e+01 -1.376475275e+02 -1.376475275e+02 +2.3563e-01 -2.6365e+00 -3.7038e+00 -5.8027e+00 +2.6942e+00 +5.8657e+00 -4.8910e+00 -5.4305e+00 -6.8712e+00 +5.8358e+00
145 +2.394014180e+01 +2.394014180e+01 -1.378898582e+02 -1.378898582e+02 +1.6268e+00 -3.4161e+00 -5.2558e+00 -6.8438e+00 +2.9381e+00 +5.4575e+00 -5.7627e+00 -4.8822e+00 -6.7699e+00 +5.2383e+00
148 +1.725258325e+01 +1.725258325e+01 -1.445774168e+02 -1.445774168e+02 -1.6866e-01 -1.2785e+00 -4.0770e+00 -6.5752e+00 +4.0036e+00 +6.4939e+00 -5.3455e+00 -5.9451e+00 -7.2217e+00 +7.0706e+00
155 +1.469853034e+01 +1.469853034e+01 -1.471314697e+02 -1.471314697e+02 -1.1921e-01 -8.6352e-01 -3.8665e+00 -6.1754e+00 +5.5562e+00 +5.1643e+00 -4.9237e+00 -5.6701e+00 -7.4580e+00 +7.1877e+00
168 +1.191061937e+01 +1.191061937e+01 -1.499193806e+02 -1.499193806e+02 -8.1228e-01 -2.3275e-01 -6.6493e+00 -6.1955e+00 +5.3207e+00 +4.7316e+00 -5.0967e+00 -5.9053e+00 -5.1304e+00 +9.2730e+00
182 +1.081818136e+01 +1.081818136e+01 -1.510118186e+02 -1.510118186e+02 -1.6965e+00 -3.8729e-01 -9.1233e+00 -7.1863e+00 +5.4524e+00 +5.1784e+00 -6.7352e+00 -5.5627e+00 -4.9281e+00 +8.3331e+00
185 +1.056218854e+01 +1.056218854e+01 -1.512678115e+02 -1.512678115e+02 -1.6365e+00 -5.7372e-01 -8.4651e+00 -6.9098e+00 +6.0433e+00 +5.1312e+00 -6.8455e+00 -5.1004e+00 -5.1991e+00 +9.2798e+00
193 +9.733753240e+00 +9.733753240e+00 -1.520962468e+02 -1.520962468e+02 -1.5849e+00 +8.2484e-01 -6.3089e+00 -6.9620e+00 +6.2783e+00 +4.7423e+00 -6.7336e+00 -5.4614e+00 -6.4330e+00 +8.4930e+00
194 +9.450003076e+00 +9.450003076e+00 -1.523799969e+02 -1.523799969e+02 -2.1608e+00 -1.1851e-01 -7.5400e+00 -6.2710e+00 +5.5955e+00 +5.1111e+00 -6.4978e+00 -6.0347e+00 -5.3583e+00 +8.3803e+00
206 +7.753614292e+00 +7.753614292e+00 -1.540763857e+02 -1.540763857e+02 -2.6169e+00 +8.4182e-01 -8.6318e+00 -6.6760e+00 +5.4781e+00 +5.6732e+00 -6.7723e+00 -6.2436e+00 -6.0825e+00 +9.0203e+00
217 +7.444174366e+00 +7.444174366e+00 -1.543858256e+02 -1.543858256e+02 -4.1843e+00 -1.3218e-01 -8.9714e+00 -5.7511e+00 +5.9147e+00 +5.3280e+00 -8.5757e+00 -6.4963e+00 -5.3711e+00 +9.5481e+00
218 +5.818597966e+00 +5.818597966e+00 -1.560114020e+02 -1.560114020e+02 -4.0908e+00 +1.1989e+00 -8.0492e+00 -6.4363e+00 +6.2894e+00 +5.7969e+00 -7.9023e+00 -6.4529e+00 -5.1343e+00 +7.9777e+00
223 +5.522224612e+00 +5.522224612e+00 -1.563077754e+02 -1.563077754e+02 -4.3490e+00 +2.1963e+00 -8.8201e+00 -6.2674e+00 +6.9121e+00 +7.0042e+00 -7.5130e+00 -7.4923e+00 -4.8385e+00 +8.3947e+00
225 +4.548937010e+00 +4.548937010e+00 -1.572810630e+02 -1.572810630e+02 -4.2492e+00 +2.0592e+00 -8.4124e+00 -7.0948e+00 +6.6769e+00 +6.0305e+00 -8.9622e+00 -6.7206e+00 -5.0498e+00 +8.2970e+00
229 +3.663954736e+00 +3.663954736e+00 -1.581660453e+02 -1.581660453e+02 -5.4651e+00 +2.1631e+00 -9.2118e+00 -7.2057e+00 +7.0892e+00 +6.6161e+00 -9.8974e+00 -7.4565e+00 -5.3024e+00 +7.3020e+00
233 +1.772799853e+00 +1.772799853e+00 -1.600572001e+02 -1.600572001e+02 -6.8346e+00 +4.1061e+00 -1.0279e+01 -8.4637e+00 +8.5614e+00 +7.1639e+00 -1.2466e+01 -8.4820e+00 -4.9201e+00 +6.4837e+00
243 +1.256549371e+00 +1.256549371e+00 -1.605734506e+02 -1.605734506e+02 -6.0590e+00 +4.0271e+00 -8.2427e+00 -8.2942e+00 +7.0921e+00 +7.1642e+00 -1.0019e+01 -6.7151e+00 -6.2215e+00 +7.3110e+00
244 +0.000000000e+00 +0.000000000e+00 -1.618300000e+02 -1.618300000e+02 -8.4443e+00 +5.1220e+00 -1.3199e+01 -8.8578e+00 +8.9157e+00 +7.6365e+00 -1.3753e+01 -8.3578e+00 -5.2625e+00 +6.2193e+00
