% function evaluation | noise-free fitness - Fopt (1.000000000000e+03) | best noise-free fitness - Fopt | measured fitness | best measured fitness | x1 | x2...
1 +3.071729850e+02 +3.071729850e+02 +1.307172985e+03 +1.307172985e+03 +0.0000e+00 +0.0000e+00 +0.0000e+00 +0.0000e+00 +0.0000e+00 +0.0000e+00 +0.0000e+00 +0.0000e+00 +0.0000e+00 +0.0000e+00
2 +2.368061883e+02 +2.368061883e+02 +1.236806188e+03 +1.236806188e+03 -1.6105e-01 -7.0524e-02 -2.7528e-01 -9.8770e-01 +1.9351e+00 -5.0666e-01 -2.1706e+00 -2.7792e-01 -1.1058e+00 +1.0543e+00
4 +2.284316315e+02 +2.284316315e+02 +1.228431631e+03 +1.228431631e+03 +4.2712e-01 -5.2665e-01 +1.3925e-01 +2.2126e+00 +2.5065e+00 +1.6061e-01 -9.7873e-02 +3.4068e-01 -8.3673e-01 +1.2039e+00
16 +2.195408705e+02 +2.195408705e+02 +1.219540870e+03 +1.219540870e+03 -1.4737e+00 +8.9787e-01 +1.9209e-01 +2.4734e+00 +2.2713e+00 +3.3523e-01 -8.6805e-01 +7.9924e-01 -1.6321e+00 +2.0155e+00
34 +1.700275622e+02 +1.700275622e+02 +1.170027562e+03 +1.170027562e+03 -1.0058e+00 +2.4598e+00 +1.3505e+00 +4.9587e+00 +3.3168e+00 -6.8320e-01 -9.5913e-01 +5.8593e-01 -2.1242e+00 +1.3022e+00
42 +1.506273387e+02 +1.506273387e+02 +1.150627339e+03 +1.150627339e+03 -3.5741e+00 +2.3723e+00 +1.2073e+00 +7.2999e+00 +2.8176e+00 -1.0563e+00 -5.2654e-01 +1.1327e+00 -3.7167e+00 -1.4511e+00
43 +1.424903105e+02 +1.424903105e+02 +1.142490310e+03 +1.142490310e+03 -3.6041e-01 +3.4786e+00 +2.4325e+00 +5.3120e+00 +2.6355e+00 -1.1176e+00 -3.5500e-01 +6.9220e-01 -4.5663e+00 +1.8644e-01
79 +1.382102388e+02 +1.382102388e+02 +1.138210239e+03 +1.138210239e+03 -1.5265e+00 +3.5873e+00 +9.2579e-01 +4.1599e+00 +3.2116e-01 -4.6222e+00 -1.2578e+00 +2.6544e+00 -3.1523e+00 -9.1096e-01
172 +1.357659881e+02 +1.357659881e+02 +1.135765988e+03 +1.135765988e+03 -7.0702e-01 +3.4292e+00 +2.8404e+00 +2.6279e+00 +3.7644e+00 -2.7165e+00 -3.8171e-01 -1.5028e+00 -3.3379e+00 -1.3316e+00
179 +1.346550712e+02 +1.346550712e+02 +1.134655071e+03 +1.134655071e+03 -3.0683e+00 +4.3735e+00 +2.4156e+00 +3.6960e+00 +5.3971e+00 -4.8699e+00 -1.6870e+00 -1.7124e+00 -2.7042e+00 -1.9120e+00
194 +1.110199367e+02 +1.110199367e+02 +1.111019937e+03 +1.111019937e+03 -3.0187e+00 +4.2267e+00 +4.7816e-01 +4.4972e+00 +2.9055e+00 -4.6150e+00 -2.3031e+00 -1.9708e+00 -3.4213e+00 -2.3563e+00
251 +9.023712623e+01 +9.023712623e+01 +1.090237126e+03 +1.090237126e+03 -2.5222e+00 +2.5051e+00 +1.8665e+00 +3.7382e+00 +3.3147e+00 -2.9458e+00 -1.9970e+00 -1.1120e+00 -1.3571e+00 -2.1721e+00
381 +8.705657288e+01 +8.705657288e+01 +1.087056573e+03 +1.087056573e+03 -4.7104e+00 +3.3159e+00 +5.6636e+00 +3.7444e+00 +3.1086e+00 -4.9239e+00 -2.4952e+00 +9.1437e-01 -3.7770e+00 -2.0670e+00
621 +7.409280887e+01 +7.409280887e+01 +1.074092809e+03 +1.074092809e+03 -3.2993e+00 +2.9132e+00 +3.9100e+00 +2.3415e+00 +3.1184e+00 -3.6128e+00 -5.9185e-01 -2.6259e-01 -1.0776e+00 -1.5954e-02
1236 +6.071300938e+01 +6.071300938e+01 +1.060713009e+03 +1.060713009e+03 -3.6331e+00 +2.8662e+00 +4.1595e+00 +2.1896e+00 +3.0922e+00 -3.5179e+00 -1.2698e+00 -5.0287e-01 -1.6111e+00 -1.9386e+00
3520 +5.963822630e+01 +5.963822630e+01 +1.059638226e+03 +1.059638226e+03 -3.5413e+00 +3.2532e+00 +3.8781e+00 +2.7853e+00 +4.2888e+00 -2.9626e+00 -2.5803e+00 -9.3987e-01 -4.0605e-01 +7.2899e-02
3873 +5.835010863e+01 +5.835010863e+01 +1.058350109e+03 +1.058350109e+03 -3.2941e+00 +2.5602e+00 +5.0645e+00 +2.0824e+00 +3.4399e+00 -2.6659e+00 -1.8928e+00 -6.8518e-01 -1.9494e+00 -1.9583e+00
4140 +4.900669118e+01 +4.900669118e+01 +1.049006691e+03 +1.049006691e+03 -1.3410e+00 +2.3441e+00 +3.5061e+00 +3.7057e+00 +3.7146e+00 -3.2218e+00 -3.3664e-01 -8.4200e-02 -2.1719e+00 -1.9890e+00
7687 +4.671212474e+01 +4.671212474e+01 +1.046712125e+03 +1.046712125e+03 -3.5228e+00 +2.5307e+00 +2.9228e+00 +3.7030e+00 +3.3141e+00 -2.3583e+00 -2.2300e+00 +8.3841e-01 -1.8188e+00 -9.6771e-01
10964 +3.776173041e+01 +3.776173041e+01 +1.037761730e+03 +1.037761730e+03 -3.6365e+00 +3.4679e+00 +3.1084e+00 +3.6955e+00 +2.3380e+00 -4.7524e+00 -1.1125e+00 -2.2487e-01 -2.4873e+00 -1.6719e+00
11020 +3.643769348e+01 +3.643769348e+01 +1.036437693e+03 +1.036437693e+03 -3.5696e+00 +3.4087e+00 +2.9525e+00 +3.6106e+00 +2.1214e+00 -4.7063e+00 -1.1499e+00 -1.3158e-01 -2.4420e+00 -1.7233e+00
11213 +3.553122491e+01 +3.553122491e+01 +1.035531225e+03 +1.035531225e+03 -3.8556e+00 +3.0644e+00 +2.6258e+00 +3.8677e+00 +2.2612e+00 -4.6593e+00 -1.0789e+00 +2.6728e-02 -2.3600e+00 -1.7493e+00
11233 +2.557920484e+01 +2.557920484e+01 +1.025579205e+03 +1.025579205e+03 -4.0082e+00 +3.0698e+00 +2.7320e+00 +3.9907e+00 +2.2762e+00 -4.7427e+00 -1.0629e+00 +7.0473e-02 -2.3739e+00 -1.8556e+00
12223 +2.161877045e+01 +2.161877045e+01 +1.021618770e+03 +1.021618770e+03 -3.4759e+00 +3.1753e+00 +2.1774e+00 +3.6622e+00 +2.4717e+00 -4.4485e+00 -1.2486e+00 +3.8476e-02 -2.3896e+00 -1.6022e+00
12855 +1.807704130e+01 +1.807704130e+01 +1.018077041e+03 +1.018077041e+03 -3.4251e+00 +3.1455e+00 +2.1227e+00 +3.6392e+00 +2.4767e+00 -4.4100e+00 -1.2141e+00 +7.6232e-02 -2.3383e+00 -1.6006e+00
13795 +1.775907466e+01 +1.775907466e+01 +1.017759075e+03 +1.017759075e+03 -3.4518e+00 +3.0848e+00 +2.1041e+00 +3.7090e+00 +2.4484e+00 -4.3718e+00 -1.1989e+00 +1.2940e-01 -2.3496e+00 -1.5972e+00
14708 +1.734954901e+01 +1.734954901e+01 +1.017349549e+03 +1.017349549e+03 -3.4087e+00 +3.1115e+00 +2.1057e+00 +3.6709e+00 +2.4599e+00 -4.3657e+00 -1.1803e+00 +1.3013e-01 -2.3433e+00 -1.6160e+00
14715 +1.687427648e+01 +1.687427648e+01 +1.016874276e+03 +1.016874276e+03 -3.4561e+00 +3.1231e+00 +2.0978e+00 +3.6754e+00 +2.4750e+00 -4.3848e+00 -1.1981e+00 +1.1113e-01 -2.3516e+00 -1.6109e+00
14833 +1.655659203e+01 +1.655659203e+01 +1.016556592e+03 +1.016556592e+03 -3.4427e+00 +3.1387e+00 +2.1031e+00 +3.6964e+00 +2.4762e+00 -4.3768e+00 -1.2433e+00 +1.0467e-01 -2.3942e+00 -1.6372e+00
15187 +1.617619116e+01 +1.617619116e+01 +1.016176191e+03 +1.016176191e+03 -3.4473e+00 +3.1361e+00 +2.0892e+00 +3.6976e+00 +2.4622e+00 -4.3879e+00 -1.2138e+00 +1.1438e-01 -2.3729e+00 -1.6417e+00
% function evaluation | noise-free fitness - Fopt (7.003000000000e+01) | best noise-free fitness - Fopt | measured fitness | best measured fitness | x1 | x2...
1 +3.532304115e+02 +3.532304115e+02 +4.232604115e+02 +4.232604115e+02 +0.0000e+00 +0.0000e+00 +0.0000e+00 +0.0000e+00 +0.0000e+00 +0.0000e+00 +0.0000e+00 +0.0000e+00 +0.0000e+00 +0.0000e+00
10 +3.147823815e+02 +3.147823815e+02 +3.848123815e+02 +3.848123815e+02 -7.2476e-01 +8.1414e-01 -1.1908e+00 +1.6683e+00 -1.2955e+00 +4.2432e-01 -1.3833e+00 -1.0267e+00 -7.1176e-01 -5.2196e-01
52 +2.361859642e+02 +2.361859642e+02 +3.062159642e+02 +3.062159642e+02 -1.0454e+00 -1.3109e+00 -2.6399e+00 +2.6424e+00 +2.2970e-01 -7.4582e-01 -2.6864e+00 -1.9986e+00 -7.3883e-01 -6.5131e-01
62 +2.153341938e+02 +2.153341938e+02 +2.853641938e+02 +2.853641938e+02 -8.9320e-01 -1.5322e+00 -2.8467e+00 +3.9008e-01 +5.2116e-02 -1.5413e+00 -1.0091e+00 -2.1426e+00 +4.2007e-01 -6.6924e-01
74 +1.651720130e+02 +1.651720130e+02 +2.352020130e+02 +2.352020130e+02 -6.9963e-01 -3.2788e+00 -3.1548e+00 -1.6109e-01 -2.9297e-01 -3.6997e+00 -1.6934e+00 -1.9540e+00 -1.3879e+00 -1.9926e+00
78 +1.481245577e+02 +1.481245577e+02 +2.181545577e+02 +2.181545577e+02 -1.0863e+00 -7.4908e-01 -3.0159e+00 -1.3039e+00 +1.0073e+00 -2.2933e+00 -1.8222e+00 -1.4731e+00 -1.1042e+00 -1.2802e+00
262 +1.352231782e+02 +1.352231782e+02 +2.052531782e+02 +2.052531782e+02 +9.0909e-01 -4.3511e+00 -4.8670e+00 -1.8563e+00 +1.2706e+00 -1.5813e+00 -1.2848e+00 -6.1421e-01 -2.0440e+00 +1.3127e+00
276 +1.193373478e+02 +1.193373478e+02 +1.893673478e+02 +1.893673478e+02 +9.7763e-01 -4.6870e+00 -5.4810e+00 -2.0811e+00 +2.2188e+00 -1.4622e+00 -1.4599e+00 +1.0220e+00 -2.5012e+00 +2.3438e+00
301 +1.164020881e+02 +1.164020881e+02 +1.864320881e+02 +1.864320881e+02 +1.1405e+00 -5.0380e+00 -4.6010e+00 -1.6428e+00 +3.5581e+00 -1.6621e+00 -2.8588e+00 +1.2446e+00 -2.9830e+00 +1.2063e+00
393 +9.565368514e+01 +9.565368514e+01 +1.656836851e+02 +1.656836851e+02 -1.3180e-01 -3.5063e+00 -2.3178e+00 -9.7459e-01 +1.4155e+00 -4.8019e+00 -9.1917e-01 +9.0613e-02 -1.6980e+00 +1.5280e+00
851 +8.872429183e+01 +8.872429183e+01 +1.587542918e+02 +1.587542918e+02 -4.0011e-01 -2.9150e+00 -3.3396e+00 -9.1154e-01 +3.3510e-01 -2.9309e+00 -1.6796e+00 -1.6906e+00 -9.2208e-01 -5.3011e-01
1475 +6.606657760e+01 +6.606657760e+01 +1.360965776e+02 +1.360965776e+02 -5.9536e-01 -3.7616e+00 -2.3455e+00 -2.0068e+00 -5.7669e-01 -4.6008e+00 -2.5076e-01 -1.1012e-02 -4.2595e+00 +8.7491e-01
2960 +6.406419271e+01 +6.406419271e+01 +1.340941927e+02 +1.340941927e+02 -1.6224e+00 -1.8301e+00 -3.8013e+00 -1.7384e+00 +1.7601e-01 -4.0447e+00 -3.4620e-01 +1.6115e+00 -2.9303e+00 -1.7753e-01
3079 +4.982738999e+01 +4.982738999e+01 +1.198573900e+02 +1.198573900e+02 -6.3116e-01 -1.5434e+00 -3.5195e+00 -1.5336e+00 +3.6680e-02 -4.6776e+00 -5.7817e-01 +1.2563e+00 -3.9169e+00 -9.7649e-01
3085 +4.516083897e+01 +4.516083897e+01 +1.151908390e+02 +1.151908390e+02 -7.5466e-01 -1.5073e+00 -3.6967e+00 -2.0419e+00 +3.0145e-01 -3.9769e+00 -8.1187e-01 +1.2178e+00 -3.2186e+00 -7.9953e-01
11594 +4.358340275e+01 +4.358340275e+01 +1.136134028e+02 +1.136134028e+02 -1.1917e+00 -2.1518e+00 -4.4947e+00 -1.2744e+00 -1.0619e+00 -4.0675e+00 +6.3623e-01 +7.8906e-02 -4.6421e+00 +8.3460e-01
11923 +3.895163729e+01 +3.895163729e+01 +1.089816373e+02 +1.089816373e+02 -1.0922e+00 -2.1153e+00 -4.4479e+00 -1.2355e+00 -9.7331e-01 -4.0827e+00 +4.9586e-01 +1.0597e-01 -4.5664e+00 +7.0983e-01
12161 +3.656941903e+01 +3.656941903e+01 +1.065994190e+02 +1.065994190e+02 -1.1291e+00 -2.1810e+00 -4.5071e+00 -1.2299e+00 -9.8839e-01 -4.1041e+00 +5.7181e-01 +1.8857e-01 -4.6607e+00 +7.6810e-01
12380 +3.387443660e+01 +3.387443660e+01 +1.039044366e+02 +1.039044366e+02 -1.1860e+00 -2.1058e+00 -4.4196e+00 -1.1605e+00 -9.5633e-01 -4.0766e+00 +5.1059e-01 +1.6253e-01 -4.6120e+00 +7.6071e-01
12562 +3.269149311e+01 +3.269149311e+01 +1.027214931e+02 +1.027214931e+02 -1.2109e+00 -2.1642e+00 -4.4055e+00 -1.1911e+00 -9.4443e-01 -4.0567e+00 +4.6515e-01 +1.0412e-01 -4.6429e+00 +7.5801e-01
12624 +3.200240371e+01 +3.200240371e+01 +1.020324037e+02 +1.020324037e+02 -1.1213e+00 -2.1845e+00 -4.4192e+00 -1.2059e+00 -9.4850e-01 -4.1216e+00 +5.5048e-01 +1.3993e-01 -4.6046e+00 +7.6186e-01
12879 +3.132776481e+01 +3.132776481e+01 +1.013577648e+02 +1.013577648e+02 -1.2149e+00 -2.1656e+00 -4.3846e+00 -1.2358e+00 -9.4686e-01 -4.0742e+00 +5.0231e-01 +1.5728e-01 -4.6485e+00 +7.5945e-01
13036 +3.067841300e+01 +3.067841300e+01 +1.007084130e+02 +1.007084130e+02 -1.2165e+00 -2.1741e+00 -4.4251e+00 -1.2259e+00 -9.0944e-01 -4.0502e+00 +5.1033e-01 +1.5371e-01 -4.6842e+00 +7.7697e-01
13083 +2.922722874e+01 +2.922722874e+01 +9.925722874e+01 +9.925722874e+01 -1.2411e+00 -2.1166e+00 -4.4286e+00 -1.2185e+00 -9.9848e-01 -4.0908e+00 +5.3106e-01 +1.6494e-01 -4.6665e+00 +7.5542e-01
13648 +2.825794978e+01 +2.825794978e+01 +9.828794978e+01 +9.828794978e+01 -1.2040e+00 -2.1439e+00 -4.4325e+00 -1.2155e+00 -9.6492e-01 -4.0857e+00 +4.9746e-01 +1.8166e-01 -4.6543e+00 +7.4801e-01
13860 +2.813203487e+01 +2.813203487e+01 +9.816203487e+01 +9.816203487e+01 -1.1937e+00 -2.1603e+00 -4.4257e+00 -1.2303e+00 -9.7241e-01 -4.0561e+00 +5.0515e-01 +1.5205e-01 -4.6553e+00 +7.6081e-01
14288 +2.729888820e+01 +2.729888820e+01 +9.732888820e+01 +9.732888820e+01 -1.2022e+00 -2.1481e+00 -4.4192e+00 -1.2264e+00 -9.6423e-01 -4.0873e+00 +5.2445e-01 +1.7495e-01 -4.6620e+00 +7.6170e-01
17006 +2.690831166e+01 +2.690831166e+01 +9.693831166e+01 +9.693831166e+01 -1.1952e+00 -2.1563e+00 -4.4382e+00 -1.2376e+00 -9.7048e-01 -4.0692e+00 +5.2858e-01 +1.7938e-01 -4.6714e+00 +7.6172e-01
% function evaluation | noise-free fitness - Fopt (-4.822000000000e+01) | best noise-free fitness - Fopt | measured fitness | best measured fitness | x1 | x2...
1 +6.524062290e+02 +6.524062290e+02 +6.041862290e+02 +6.041862290e+02 +0.0000e+00 +0.0000e+00 +0.0000e+00 +0.0000e+00 +0.0000e+00 +0.0000e+00 +0.0000e+00 +0.0000e+00 +0.0000e+00 +0.0000e+00
5 +5.211286302e+02 +5.211286302e+02 +4.729086302e+02 +4.729086302e+02 +1.6915e-01 -2.2447e-01 -9.9558e-01 -1.2420e-01 +4.4205e-01 +5.6354e-01 +2.1886e+00 -1.3789e+00 -1.4236e+00 -1.4371e+00
20 +4.197420667e+02 +4.197420667e+02 +3.715220667e+02 +3.715220667e+02 +8.9955e-02 -8.6156e-01 -1.0629e+00 +2.8239e-01 +9.3027e-01 +2.6286e+00 +2.0880e+00 -2.5142e+00 -2.7785e+00 -1.2569e+00
34 +3.466130517e+02 +3.466130517e+02 +2.983930517e+02 +2.983930517e+02 +9.5181e-01 -3.3800e-01 -9.2436e-01 -8.3463e-01 -1.9109e+00 +1.7397e+00 +1.7746e+00 -6.9086e-01 -2.6707e+00 -1.0224e+00
38 +3.213937935e+02 +3.213937935e+02 +2.731737935e+02 +2.731737935e+02 -1.7907e+00 -1.4139e+00 -1.4125e+00 +6.4448e-01 -1.9303e-01 +2.9174e+00 +5.8874e-01 -5.4079e-01 -1.3898e+00 -1.1587e+00
42 +2.979896053e+02 +2.979896053e+02 +2.497696053e+02 +2.497696053e+02 -1.0376e+00 -3.7352e-01 -2.5112e+00 +1.1533e+00 -1.8792e-01 +2.8611e+00 +1.5382e+00 -6.4105e-01 -1.9601e+00 -8.7773e-01
72 +2.206058939e+02 +2.206058939e+02 +1.723858939e+02 +1.723858939e+02 -1.7631e+00 -2.6374e+00 -1.0455e+00 +1.4409e+00 +3.8060e-02 +2.4368e+00 -1.2598e+00 -1.2449e-01 -2.2094e-01 +1.9843e+00
89 +2.064220637e+02 +2.064220637e+02 +1.582020637e+02 +1.582020637e+02 -6.0008e-01 -1.7506e+00 -3.1286e+00 +1.7653e+00 -5.6727e-01 +3.4035e+00 -2.8709e-01 +4.7513e-01 +3.4784e-01 +1.0199e+00
111 +1.977103678e+02 +1.977103678e+02 +1.494903678e+02 +1.494903678e+02 -3.0835e+00 -3.5563e+00 -2.2581e+00 +2.1376e-01 -2.5595e+00 +2.7367e+00 -1.7748e+00 +6.4335e-01 +5.6639e-02 +1.5957e+00
112 +1.333160583e+02 +1.333160583e+02 +8.509605827e+01 +8.509605827e+01 -3.5307e+00 -3.7612e+00 -2.6552e+00 +8.9746e-01 -2.8870e+00 +3.0637e+00 -3.7071e+00 +2.1603e+00 -4.9494e-01 +2.2328e+00
191 +1.200908169e+02 +1.200908169e+02 +7.187081693e+01 +7.187081693e+01 -2.9149e+00 -1.6952e+00 -2.4324e+00 -2.1030e+00 -5.1751e+00 +4.9401e+00 -7.4930e+00 +1.5285e+00 -1.0208e+00 +3.8666e+00
200 +1.166128665e+02 +1.166128665e+02 +6.839286655e+01 +6.839286655e+01 -1.7002e+00 -4.2696e-01 -3.4196e+00 -2.1264e+00 -4.3037e+00 +4.4214e+00 -6.3589e+00 +1.3150e+00 -2.1981e+00 +2.3808e+00
210 +1.111159814e+02 +1.111159814e+02 +6.289598141e+01 +6.289598141e+01 -1.1417e+00 -1.1840e+00 -3.4388e+00 -7.1988e-01 -4.5009e+00 +4.7498e+00 -4.4527e+00 +1.4548e+00 -2.4261e+00 +2.1146e+00
228 +1.070484350e+02 +1.070484350e+02 +5.882843498e+01 +5.882843498e+01 -2.3148e+00 -2.0971e+00 -3.3568e+00 +1.4192e+00 -3.2308e+00 +3.0814e+00 -4.0705e+00 +1.7741e+00 -9.1096e-01 +3.5447e+00
239 +9.716969402e+01 +9.716969402e+01 +4.894969402e+01 +4.894969402e+01 -1.3748e+00 -1.9134e+00 -2.8643e+00 -6.3765e-01 -4.7941e+00 +4.1486e+00 -3.5420e+00 +1.7078e-01 -5.7672e-01 +2.9029e+00
383 +9.538451072e+01 +9.538451072e+01 +4.716451072e+01 +4.716451072e+01 -1.2263e-01 +2.3371e-01 -3.8149e+00 +1.6652e+00 -4.4072e+00 +2.5092e+00 -3.3971e+00 +5.8379e-01 -1.1138e+00 +2.9103e+00
396 +9.025063194e+01 +9.025063194e+01 +4.203063194e+01 +4.203063194e+01 -8.9206e-03 +2.8572e-01 -4.5489e+00 +5.2904e-01 -3.7974e+00 +2.9723e+00 -2.8543e+00 +2.4692e+00 -2.2957e+00 +2.4303e+00
407 +8.536720696e+01 +8.536720696e+01 +3.714720696e+01 +3.714720696e+01 -2.1050e+00 +2.8430e-01 -2.5538e+00 +2.2350e-02 -4.0314e+00 +2.7927e+00 -3.4944e+00 +2.7115e+00 -1.1725e+00 +2.7225e+00
677 +7.251643243e+01 +7.251643243e+01 +2.429643243e+01 +2.429643243e+01 -2.4931e+00 -6.4595e-01 -2.6048e+00 -5.6518e-01 -4.5073e+00 +3.4420e+00 -4.5811e+00 +1.4521e+00 -9.0778e-01 +3.5521e+00
1357 +6.288940015e+01 +6.288940015e+01 +1.466940015e+01 +1.466940015e+01 -2.2210e+00 -2.2502e-01 -2.4339e+00 +6.0214e-01 -4.1480e+00 +2.7726e+00 -4.3407e+00 +2.7263e+00 -1.3248e+00 +4.0922e+00
4468 +5.512978531e+01 +5.512978531e+01 +6.909785310e+00 +6.909785310e+00 -1.4365e+00 -1.0792e+00 -3.0415e+00 -7.2735e-01 -3.7187e+00 +5.3288e+00 -5.0927e+00 -1.9703e-01 -3.1300e+00 +2.8538e+00
7283 +5.112354420e+01 +5.112354420e+01 +2.903544203e+00 +2.903544203e+00 -2.0028e+00 -1.0792e+00 -2.2664e+00 +7.3102e-01 -4.6190e+00 +4.4900e+00 -2.5576e+00 +1.7709e+00 -1.7640e+00 +4.3048e+00
7320 +4.882872133e+01 +4.882872133e+01 +6.087213317e-01 +6.087213317e-01 -2.1837e+00 -1.2794e+00 -2.3043e+00 +7.3632e-01 -4.5893e+00 +5.2959e+00 -2.7057e+00 +2.0113e+00 -1.7733e+00 +3.3207e+00
11169 +4.118119865e+01 +4.118119865e+01 -7.038801353e+00 -7.038801353e+00 -2.0884e+00 -1.1681e+00 -2.5140e+00 -2.8963e-01 -2.9704e+00 +4.2945e+00 -4.7584e+00 +1.7159e+00 -1.6943e+00 +3.3087e+00
16784 +3.956234101e+01 +3.956234101e+01 -8.657658986e+00 -8.657658986e+00 -1.8091e+00 -1.3965e+00 -2.4569e+00 -1.3899e-01 -2.9430e+00 +3.5646e+00 -3.4133e+00 +3.1104e+00 -1.6193e+00 +3.5907e+00
17009 +3.586388963e+01 +3.586388963e+01 -1.235611037e+01 -1.235611037e+01 -1.9841e+00 -1.2305e+00 -2.5113e+00 -1.3190e-01 -3.0848e+00 +3.4201e+00 -3.3593e+00 +3.3235e+00 -1.5958e+00 +3.8022e+00
17063 +3.345222804e+01 +3.345222804e+01 -1.476777196e+01 -1.476777196e+01 -1.9018e+00 -1.2301e+00 -2.5975e+00 -1.5050e-01 -2.9644e+00 +3.4379e+00 -3.4197e+00 +3.2716e+00 -1.6935e+00 +3.7278e+00
17091 +2.946934450e+01 +2.946934450e+01 -1.875065550e+01 -1.875065550e+01 -1.7947e+00 -1.2517e+00 -2.5541e+00 -1.5594e-01 -3.0902e+00 +3.5823e+00 -3.4286e+00 +3.2156e+00 -1.6018e+00 +3.6850e+00
17153 +2.483763044e+01 +2.483763044e+01 -2.338236956e+01 -2.338236956e+01 -1.8103e+00 -1.3279e+00 -2.4680e+00 -2.1279e-01 -3.0524e+00 +3.5464e+00 -3.3708e+00 +3.2096e+00 -1.6084e+00 +3.8005e+00
17976 +2.408792562e+01 +2.408792562e+01 -2.413207438e+01 -2.413207438e+01 -2.1047e+00 -1.4167e+00 -2.2762e+00 -9.8380e-02 -3.1211e+00 +3.6141e+00 -3.7848e+00 +3.1443e+00 -1.6114e+00 +3.8978e+00
17992 +2.189890196e+01 +2.189890196e+01 -2.632109804e+01 -2.632109804e+01 -2.0646e+00 -1.4847e+00 -2.2465e+00 -1.4838e-01 -3.1505e+00 +3.6319e+00 -3.7826e+00 +3.1198e+00 -1.6246e+00 +3.8482e+00
18005 +2.017755273e+01 +2.017755273e+01 -2.804244727e+01 -2.804244727e+01 -2.0822e+00 -1.4823e+00 -2.2306e+00 -7.2310e-02 -3.2022e+00 +3.6071e+00 -3.7314e+00 +3.1665e+00 -1.6562e+00 +3.8575e+00
18406 +1.926141321e+01 +1.926141321e+01 -2.895858679e+01 -2.895858679e+01 -2.0674e+00 -1.4915e+00 -2.2816e+00 -1.1958e-01 -3.1723e+00 +3.6445e+00 -3.7681e+00 +3.1315e+00 -1.6240e+00 +3.8246e+00
18798 +1.670253780e+01 +1.670253780e+01 -3.151746220e+01 -3.151746220e+01 -2.0697e+00 -1.4423e+00 -2.2525e+00 -9.6252e-02 -3.1950e+00 +3.6076e+00 -3.6896e+00 +3.1823e+00 -1.6499e+00 +3.8536e+00
19158 +1.651840205e+01 +1.651840205e+01 -3.170159795e+01 -3.170159795e+01 -2.1010e+00 -1.4619e+00 -2.2406e+00 -1.4127e-01 -3.1550e+00 +3.6187e+00 -3.7674e+00 +3.1492e+00 -1.6494e+00 +3.8540e+00
19475 +1.574998153e+01 +1.574998153e+01 -3.247001847e+01 -3.247001847e+01 -2.1032e+00 -1.4749e+00 -2.2422e+00 -1.0930e-01 -3.1480e+00 +3.5983e+00 -3.7203e+00 +3.1638e+00 -1.6688e+00 +3.8301e+00
20395 +1.540020969e+01 +1.540020969e+01 -3.281979031e+01 -3.281979031e+01 -2.0943e+00 -1.4695e+00 -2.2327e+00 -1.1961e-01 -3.1672e+00 +3.6038e+00 -3.7355e+00 +3.1614e+00 -1.6536e+00 +3.8442e+00
21161 +1.506767575e+01 +1.506767575e+01 -3.315232425e+01 -3.315232425e+01 -2.0973e+00 -1.4791e+00 -2.2328e+00 -1.1947e-01 -3.1587e+00 +3.6173e+00 -3.7197e+00 +3.1559e+00 -1.6565e+00 +3.8489e+00
% function evaluation | noise-free fitness - Fopt (2.547000000000e+01) | best noise-free fitness - Fopt | measured fitness | best measured fitness | x1 | x2...
1 +3.185738813e+02 +3.185738813e+02 +3.440438813e+02 +3.440438813e+02 +0.0000e+00 +0.0000e+00 +0.0000e+00 +0.0000e+00 +0.0000e+00 +0.0000e+00 +0.0000e+00 +0.0000e+00 +0.0000e+00 +0.0000e+00
2 +2.347442567e+02 +2.347442567e+02 +2.602142567e+02 +2.602142567e+02 -5.5433e+00 +1.5605e+00 +1.6689e-01 +8.5435e-01 -9.2395e-01 -4.0945e-01 -1.3983e+00 +6.2949e-01 +5.0828e-01 +4.5233e-01
13 +2.292015955e+02 +2.292015955e+02 +2.546715955e+02 +2.546715955e+02 -5.1624e+00 +2.1975e+00 -1.3519e-01 -5.0338e-01 -9.0702e-01 -7.9869e-01 -9.8451e-01 -2.8121e+00 +8.5629e-01 -3.8410e-01
21 +1.984620012e+02 +1.984620012e+02 +2.239320012e+02 +2.239320012e+02 -4.8419e+00 +1.2119e+00 +9.1009e-01 -4.5973e-01 -5.9981e-02 -1.0910e+00 -1.3407e+00 -3.5873e-01 +1.6194e+00 +8.8455e-01
33 +1.809868807e+02 +1.809868807e+02 +2.064568807e+02 +2.064568807e+02 -4.4088e+00 +6.2660e-01 -9.7966e-01 -1.7257e+00 -1.5223e+00 -1.3865e+00 -1.8255e+00 -1.4242e+00 +1.3815e+00 +1.2621e+00
47 +1.439332401e+02 +1.439332401e+02 +1.694032401e+02 +1.694032401e+02 -4.2614e+00 -8.5256e-02 -6.5071e-01 -1.6799e+00 -1.7382e+00 -7.7670e-03 -3.4064e-01 +5.4906e-01 +1.9628e+00 +1.4493e+00
93 +1.242670376e+02 +1.242670376e+02 +1.497370376e+02 +1.497370376e+02 -1.6892e+00 -1.5863e+00 -1.1529e+00 -2.8593e+00 -2.1372e-01 -4.2708e-01 -3.0604e-01 +8.1922e-01 +1.3706e+00 -1.6009e+00
107 +1.028404757e+02 +1.028404757e+02 +1.283104757e+02 +1.283104757e+02 -2.9818e+00 -7.0049e-01 -1.6134e+00 -3.4521e+00 -1.4595e+00 -1.3419e+00 -3.6795e-01 +5.2282e-01 +2.1207e+00 -1.3874e+00
162 +8.891908106e+01 +8.891908106e+01 +1.143890811e+02 +1.143890811e+02 -3.4898e+00 -3.0440e+00 -2.1370e+00 -2.9283e+00 -1.1361e+00 -1.0795e+00 +1.6236e-01 +1.9904e+00 +2.3614e+00 +1.5302e+00
302 +8.380246342e+01 +8.380246342e+01 +1.092724634e+02 +1.092724634e+02 -3.4804e+00 -2.5133e+00 -3.0269e+00 -3.4297e+00 -3.3702e-01 -1.0323e+00 -4.5835e-02 +7.8330e-01 +2.1325e+00 -1.1095e+00
767 +8.168282600e+01 +8.168282600e+01 +1.071528260e+02 +1.071528260e+02 -3.7879e+00 -1.7322e+00 -8.3387e-01 -2.8853e+00 -3.8332e+00 +1.7344e-01 -4.1692e-01 -5.9378e-01 +3.4567e+00 +1.1863e-01
818 +7.329271337e+01 +7.329271337e+01 +9.876271337e+01 +9.876271337e+01 -4.4260e+00 -1.6247e+00 +8.6306e-01 -2.8203e+00 -1.8169e+00 -8.7523e-01 -8.6372e-01 -7.9202e-01 +2.2461e+00 -4.1010e-01
841 +7.032439504e+01 +7.032439504e+01 +9.579439504e+01 +9.579439504e+01 -4.2060e+00 -2.3864e+00 +2.0490e-01 -3.8123e+00 -1.0990e+00 -1.1731e+00 -2.2738e+00 +2.2617e-01 +2.0325e+00 +1.5243e+00
1263 +5.582245034e+01 +5.582245034e+01 +8.129245034e+01 +8.129245034e+01 -3.7089e+00 -1.1997e+00 -1.0675e+00 -2.4029e+00 -2.3758e+00 -1.0629e+00 -1.9841e+00 -2.5749e-01 +3.0197e+00 -6.0298e-01
2838 +4.738484800e+01 +4.738484800e+01 +7.285484800e+01 +7.285484800e+01 -3.5859e+00 -2.9110e+00 -2.6076e+00 -2.3603e+00 -2.4445e+00 -4.6929e-01 -1.3055e+00 +7.9621e-01 +3.0922e+00 -1.1306e+00
10032 +4.451361448e+01 +4.451361448e+01 +6.998361448e+01 +6.998361448e+01 -3.7558e+00 -3.3271e+00 -2.4296e+00 -2.2726e+00 -1.8725e+00 -4.5236e-01 -1.4237e-01 +3.9061e-01 +2.7650e+00 -6.8228e-02
10044 +4.080221280e+01 +4.080221280e+01 +6.627221280e+01 +6.627221280e+01 -3.8301e+00 -3.3905e+00 -2.3941e+00 -2.3434e+00 -1.8886e+00 -6.0936e-01 -1.6324e-01 +2.8631e-01 +2.6265e+00 -3.8188e-02
10571 +3.479061280e+01 +3.479061280e+01 +6.026061280e+01 +6.026061280e+01 -3.5886e+00 -3.1450e+00 -1.4116e+00 -1.7718e+00 -1.5794e+00 -5.3491e-01 +1.6144e-01 +3.6209e-01 +2.7373e+00 +6.4357e-01
10787 +3.123315550e+01 +3.123315550e+01 +5.670315550e+01 +5.670315550e+01 -3.5268e+00 -3.0489e+00 -1.3766e+00 -2.1015e+00 -1.7162e+00 -7.6286e-01 +2.8427e-01 +3.9880e-01 +2.6920e+00 +7.4190e-01
11101 +2.896805999e+01 +2.896805999e+01 +5.443805999e+01 +5.443805999e+01 -3.5428e+00 -3.0341e+00 -1.2941e+00 -1.8602e+00 -1.5026e+00 -5.1388e-01 +8.5721e-02 +5.8579e-01 +2.8787e+00 +5.2981e-01
11251 +2.440077368e+01 +2.440077368e+01 +4.987077368e+01 +4.987077368e+01 -3.5123e+00 -3.1506e+00 -1.4859e+00 -1.8313e+00 -1.5475e+00 -4.1142e-01 +1.8080e-01 +4.4902e-01 +2.8012e+00 +5.2908e-01
11283 +2.340635166e+01 +2.340635166e+01 +4.887635166e+01 +4.887635166e+01 -3.4158e+00 -2.9900e+00 -1.3995e+00 -1.7878e+00 -1.6549e+00 -5.1931e-01 +2.1151e-01 +4.9717e-01 +2.9327e+00 +6.2895e-01
11421 +1.793576991e+01 +1.793576991e+01 +4.340576991e+01 +4.340576991e+01 -3.4438e+00 -3.0694e+00 -1.3823e+00 -1.8759e+00 -1.6189e+00 -5.1157e-01 +2.2285e-01 +4.9064e-01 +2.8719e+00 +6.0687e-01
12230 +1.551892140e+01 +1.551892140e+01 +4.098892140e+01 +4.098892140e+01 -3.5596e+00 -3.0877e+00 -1.4150e+00 -1.7566e+00 -1.6618e+00 -4.5722e-01 +1.1886e-01 +4.3523e-01 +2.9256e+00 +5.6411e-01
13422 +1.532822460e+01 +1.532822460e+01 +4.079822460e+01 +4.079822460e+01 -3.5174e+00 -3.0281e+00 -1.3988e+00 -1.7985e+00 -1.6575e+00 -4.1553e-01 +1.3302e-01 +5.3130e-01 +2.9570e+00 +5.8802e-01
13434 +1.485711994e+01 +1.485711994e+01 +4.032711994e+01 +4.032711994e+01 -3.5085e+00 -3.0431e+00 -1.4006e+00 -1.8045e+00 -1.6485e+00 -4.3314e-01 +1.3864e-01 +5.2374e-01 +2.9341e+00 +5.7738e-01
13477 +1.465408589e+01 +1.465408589e+01 +4.012408589e+01 +4.012408589e+01 -3.5091e+00 -3.0425e+00 -1.3880e+00 -1.8007e+00 -1.6496e+00 -4.3847e-01 +1.4101e-01 +5.0743e-01 +2.9304e+00 +5.6197e-01
14292 +1.442410533e+01 +1.442410533e+01 +3.989410533e+01 +3.989410533e+01 -3.5129e+00 -3.0211e+00 -1.3983e+00 -1.7928e+00 -1.6452e+00 -4.3941e-01 +1.5267e-01 +5.1773e-01 +2.9466e+00 +5.6664e-01
15377 +1.411996743e+01 +1.411996743e+01 +3.958996743e+01 +3.958996743e+01 -3.5289e+00 -3.0288e+00 -1.3949e+00 -1.7749e+00 -1.6498e+00 -4.3040e-01 +1.2353e-01 +5.0389e-01 +2.9429e+00 +5.4604e-01
% function evaluation | noise-free fitness - Fopt (-1.008100000000e+02) | best noise-free fitness - Fopt | measured fitness | best measured fitness | x1 | x2...
1 +1.920731690e+02 +1.920731690e+02 +9.126316903e+01 +9.126316903e+01 +0.0000e+00 +0.0000e+00 +0.0000e+00 +0.0000e+00 +0.0000e+00 +0.0000e+00 +0.0000e+00 +0.0000e+00 +0.0000e+00 +0.0000e+00
20 +1.703320204e+02 +1.703320204e+02 +6.952202040e+01 +6.952202040e+01 +8.1729e-01 -1.6913e+00 -2.6687e-01 -1.6456e+00 +1.2334e-01 +1.3010e-01 +9.6720e-01 -4.6939e-01 -6.7462e-01 +8.7381e-01
64 +1.575708457e+02 +1.575708457e+02 +5.676084567e+01 +5.676084567e+01 +1.2901e+00 +1.2837e-01 +5.2169e-01 -1.0876e+00 -1.4015e+00 +2.3213e+00 +1.1138e+00 +1.7601e+00 -3.4504e+00 +2.7830e+00
94 +1.388410513e+02 +1.388410513e+02 +3.803105132e+01 +3.803105132e+01 -3.1026e-01 +7.7685e-01 +3.7262e+00 -3.1421e-01 +5.5813e-02 +2.5955e+00 -1.2538e+00 +2.3467e+00 -4.9560e+00 +7.1426e-01
95 +1.351086916e+02 +1.351086916e+02 +3.429869155e+01 +3.429869155e+01 +4.7378e-01 -3.0199e-02 +1.3942e+00 -1.8670e+00 +2.4158e-01 +1.3263e+00 +6.1873e-01 +7.0176e-01 -3.8498e+00 +1.0645e+00
101 +1.297940551e+02 +1.297940551e+02 +2.898405514e+01 +2.898405514e+01 +1.2641e+00 -1.5490e-01 +1.8505e+00 -1.3177e+00 +1.9981e-01 +3.3658e+00 -6.9236e-01 +3.1900e+00 -4.4938e+00 -5.5666e-01
112 +1.064680729e+02 +1.064680729e+02 +5.658072927e+00 +5.658072927e+00 +1.7945e+00 -2.9443e-01 +2.4967e+00 -1.6877e+00 -1.5697e-01 +5.0684e-02 +5.4643e-01 +2.6115e+00 -3.4124e+00 -1.0026e+00
163 +1.042748062e+02 +1.042748062e+02 +3.464806206e+00 +3.464806206e+00 +1.8999e+00 -1.0821e+00 +9.4627e-01 -6.3402e-01 +6.1593e-01 +4.5043e+00 +2.1384e+00 +2.2515e+00 -3.9840e+00 -1.0699e+00
228 +9.673271845e+01 +9.673271845e+01 -4.077281553e+00 -4.077281553e+00 +2.7458e+00 -4.2323e-01 +9.7332e-01 -5.4838e-02 +2.1165e+00 +2.9917e+00 +2.5943e-01 +1.8640e+00 -3.1446e+00 -9.1211e-01
308 +9.445887801e+01 +9.445887801e+01 -6.351121994e+00 -6.351121994e+00 +1.0746e+00 -4.6633e-01 +1.1656e+00 +4.8650e-01 +2.2878e+00 +2.9474e+00 -1.3516e-01 +1.4695e+00 -2.6718e+00 -1.0111e+00
320 +8.755265462e+01 +8.755265462e+01 -1.325734538e+01 -1.325734538e+01 +2.1501e+00 -6.5361e-01 +1.9203e+00 +2.0230e-01 +3.0124e+00 +1.9928e+00 -6.8554e-01 +8.4732e-01 -3.0391e+00 -2.0216e+00
742 +7.722776080e+01 +7.722776080e+01 -2.358223920e+01 -2.358223920e+01 +8.6369e-01 -1.0431e+00 +1.9137e+00 +1.0892e+00 +5.0336e+00 +3.8856e+00 +1.4109e+00 -2.7179e-02 -3.5253e+00 -1.1710e+00
1363 +7.476139866e+01 +7.476139866e+01 -2.604860134e+01 -2.604860134e+01 +3.0992e+00 +5.1180e-01 +1.1226e+00 +4.5518e-01 +2.2126e+00 +1.3477e+00 +5.9080e-01 +1.2909e+00 -3.2740e+00 -1.0792e+00
1435 +7.168687000e+01 +7.168687000e+01 -2.912313000e+01 -2.912313000e+01 +1.5566e+00 +7.8221e-01 +8.6175e-01 -6.9489e-02 +4.0502e+00 +1.7133e+00 +5.1387e-01 +2.6930e-01 -3.4669e+00 -2.0377e-01
2786 +5.996195115e+01 +5.996195115e+01 -4.084804885e+01 -4.084804885e+01 +1.9221e+00 -1.1821e+00 -5.5970e-01 -3.6529e-01 +1.7003e+00 +2.3360e+00 +1.9865e-01 +9.7637e-01 -3.5411e+00 -3.9940e-02
2849 +5.396072173e+01 +5.396072173e+01 -4.684927827e+01 -4.684927827e+01 +2.2386e+00 +2.0789e-01 +7.7017e-01 -1.2473e+00 +3.7146e+00 +1.5816e+00 +2.9441e-01 +6.9718e-01 -4.0416e+00 -2.5258e-01
4747 +5.229982149e+01 +5.229982149e+01 -4.851017851e+01 -4.851017851e+01 +2.3212e+00 +1.0656e+00 +1.1236e+00 +5.6035e-01 +3.3097e+00 +3.0946e+00 -2.5525e-01 +1.1786e+00 -3.1856e+00 -2.9296e-01
5356 +3.133531822e+01 +3.133531822e+01 -6.947468178e+01 -6.947468178e+01 +6.4176e-01 +1.0103e-01 +1.6826e+00 +1.2683e+00 +3.1131e+00 +1.7449e+00 -1.3310e-02 +1.4786e+00 -3.6155e+00 -4.5026e-01
12734 +2.871335532e+01 +2.871335532e+01 -7.209664468e+01 -7.209664468e+01 +5.6792e-01 +1.1990e+00 +3.3882e+00 -1.3467e+00 +4.1905e+00 +1.4403e+00 +5.0195e-01 +1.8727e+00 -4.5399e+00 -1.1804e+00
12756 +2.640779224e+01 +2.640779224e+01 -7.440220776e+01 -7.440220776e+01 +5.5912e-01 +1.2402e+00 +3.3551e+00 -1.4182e+00 +4.1659e+00 +1.4114e+00 +4.8315e-01 +1.8525e+00 -4.5320e+00 -1.1292e+00
13472 +2.545487848e+01 +2.545487848e+01 -7.535512152e+01 -7.535512152e+01 +5.3858e-01 +1.2057e+00 +3.4119e+00 -1.4562e+00 +4.2129e+00 +1.4061e+00 +5.0279e-01 +1.9085e+00 -4.4757e+00 -1.2068e+00
13625 +2.462579886e+01 +2.462579886e+01 -7.618420114e+01 -7.618420114e+01 +5.3689e-01 +1.2017e+00 +3.3581e+00 -1.4433e+00 +4.2343e+00 +1.3869e+00 +5.1924e-01 +1.8537e+00 -4.4673e+00 -1.1792e+00
14256 +2.437260450e+01 +2.437260450e+01 -7.643739550e+01 -7.643739550e+01 +5.4097e-01 +1.2067e+00 +3.4174e+00 -1.4264e+00 +4.2047e+00 +1.3937e+00 +5.1810e-01 +1.8948e+00 -4.5034e+00 -1.1665e+00
14294 +2.385232847e+01 +2.385232847e+01 -7.695767153e+01 -7.695767153e+01 +5.4434e-01 +1.2045e+00 +3.3792e+00 -1.4326e+00 +4.2240e+00 +1.4074e+00 +4.9762e-01 +1.8695e+00 -4.5253e+00 -1.1744e+00
14424 +2.329533950e+01 +2.329533950e+01 -7.751466050e+01 -7.751466050e+01 +5.3501e-01 +1.2265e+00 +3.3732e+00 -1.4396e+00 +4.2161e+00 +1.3919e+00 +4.9280e-01 +1.8641e+00 -4.5085e+00 -1.1602e+00
18205 +2.289862061e+01 +2.289862061e+01 -7.791137939e+01 -7.791137939e+01 +5.3677e-01 +1.2324e+00 +3.3861e+00 -1.4304e+00 +4.2232e+00 +1.3875e+00 +5.1008e-01 +1.8667e+00 -4.4929e+00 -1.1547e+00
% function evaluation | noise-free fitness - Fopt (-3.496000000000e+01) | best noise-free fitness - Fopt | measured fitness | best measured fitness | x1 | x2...
1 +4.319943428e+02 +4.319943428e+02 +3.970343428e+02 +3.970343428e+02 +0.0000e+00 +0.0000e+00 +0.0000e+00 +0.0000e+00 +0.0000e+00 +0.0000e+00 +0.0000e+00 +0.0000e+00 +0.0000e+00 +0.0000e+00
2 +3.625962280e+02 +3.625962280e+02 +3.276362280e+02 +3.276362280e+02 -2.5044e+00 -4.0546e-01 -1.4957e+00 -9.1545e-02 -9.1033e-01 +7.6340e-01 -3.5546e-01 +1.7734e+00 -1.3353e-01 -7.5698e-01
14 +3.458734602e+02 +3.458734602e+02 +3.109134602e+02 +3.109134602e+02 -2.6006e+00 -2.8175e-01 -3.4447e+00 +8.7829e-01 -9.6572e-01 +4.9184e-01 -1.6531e+00 +6.3795e-01 -8.3504e-01 -5.4917e-01
20 +1.391998556e+02 +1.391998556e+02 +1.042398556e+02 +1.042398556e+02 -1.3962e+00 -9.0730e-01 -2.0238e+00 +1.0608e+00 -1.4738e+00 +1.6385e+00 -1.5588e+00 +1.8930e+00 +9.1549e-01 -2.6075e+00
39 +1.316535033e+02 +1.316535033e+02 +9.669350333e+01 +9.669350333e+01 -5.3833e-01 -2.2860e+00 -2.9907e+00 +7.3124e-01 -1.6920e+00 +2.5595e-01 -8.3875e-01 +3.8827e-01 +1.9066e+00 -4.1074e+00
40 +1.237543127e+02 +1.237543127e+02 +8.879431269e+01 +8.879431269e+01 -1.6962e+00 -8.9241e-01 -3.5859e+00 +8.7895e-01 -2.5752e+00 +2.4398e+00 -1.1282e-02 +1.1213e+00 +3.4963e-01 -5.3445e+00
127 +9.704604077e+01 +9.704604077e+01 +6.208604077e+01 +6.208604077e+01 -1.3613e-01 -1.1597e+00 -3.3937e+00 +1.9399e+00 +6.4756e-01 +3.5491e+00 -1.2490e+00 +2.7426e-01 +3.1877e+00 -2.2757e+00
218 +9.234379526e+01 +9.234379526e+01 +5.738379526e+01 +5.738379526e+01 -7.3328e-01 -4.5572e-01 -3.3354e+00 +4.2382e-01 -8.0494e-01 +3.8483e+00 -8.8328e-01 -2.7571e-01 +1.9467e+00 -2.7496e+00
561 +7.637454237e+01 +7.637454237e+01 +4.141454237e+01 +4.141454237e+01 -1.3801e+00 -2.4577e+00 -2.8754e+00 +1.3954e+00 -2.4132e+00 +2.2123e+00 -3.4411e-01 -9.8724e-01 +1.8901e+00 -3.9389e+00
716 +6.778480224e+01 +6.778480224e+01 +3.282480224e+01 +3.282480224e+01 +2.1067e+00 -2.9025e+00 -2.7869e+00 +1.6792e+00 -2.4174e+00 +2.8818e+00 -2.4399e+00 +3.0927e-01 +3.0607e+00 -2.5899e+00
1714 +6.048244928e+01 +6.048244928e+01 +2.552244928e+01 +2.552244928e+01 +5.4669e-01 -2.3982e+00 -4.5509e+00 +3.4317e+00 -1.3625e+00 +4.0350e+00 -6.2455e-01 -9.5115e-01 +2.6966e+00 -2.4008e+00
3266 +5.780675665e+01 +5.780675665e+01 +2.284675665e+01 +2.284675665e+01 +1.7356e+00 -3.8304e+00 -1.8018e+00 +2.5616e+00 -2.8977e+00 +4.6517e+00 -3.6545e-01 +2.4224e-01 +2.5173e+00 -2.4699e+00
5908 +5.667919495e+01 +5.667919495e+01 +2.171919495e+01 +2.171919495e+01 +1.3918e+00 -2.4405e+00 -1.1647e+00 -3.3837e-02 -2.1823e+00 +3.4858e+00 -2.1032e-02 +7.3655e-01 +3.1434e+00 -2.1327e+00
6871 +5.619034674e+01 +5.619034674e+01 +2.123034674e+01 +2.123034674e+01 +1.9326e+00 -3.4464e+00 -2.0755e+00 +8.8026e-01 -1.9587e+00 +3.0582e+00 -7.1478e-01 +7.6082e-01 +2.6918e+00 -2.2937e+00
7271 +3.965679191e+01 +3.965679191e+01 +4.696791908e+00 +4.696791908e+00 +1.2078e+00 -3.3433e+00 -2.6303e+00 +1.9413e+00 -1.7726e+00 +3.8139e+00 -8.4108e-01 +5.8094e-02 +2.3076e+00 -2.6579e+00
7945 +2.611266477e+01 +2.611266477e+01 -8.847335233e+00 -8.847335233e+00 -7.9354e-02 -2.2367e+00 -1.3694e+00 +2.8235e+00 -4.2676e-01 +2.9985e+00 -6.4147e-01 -1.0735e+00 +2.5730e+00 -2.2009e+00
12484 +2.473446531e+01 +2.473446531e+01 -1.022553469e+01 -1.022553469e+01 -1.7263e-01 -2.8937e+00 -2.3567e+00 +2.0602e+00 -1.8621e+00 +3.7060e+00 -8.4127e-01 -2.9740e-01 +2.3100e+00 -2.1048e+00
12504 +2.158336287e+01 +2.158336287e+01 -1.337663713e+01 -1.337663713e+01 -1.3757e-01 -2.8137e+00 -2.4123e+00 +2.0071e+00 -1.8624e+00 +3.7692e+00 -9.2065e-01 -3.0297e-01 +2.3333e+00 -2.1151e+00
12521 +1.175283894e+01 +1.175283894e+01 -2.320716106e+01 -2.320716106e+01 -2.5475e-01 -2.9274e+00 -2.2923e+00 +2.0282e+00 -1.8830e+00 +3.7605e+00 -9.5692e-01 -2.6862e-01 +2.4040e+00 -2.1170e+00
13033 +1.146826489e+01 +1.146826489e+01 -2.349173511e+01 -2.349173511e+01 -2.8804e-01 -2.8640e+00 -2.3349e+00 +2.0132e+00 -1.8936e+00 +3.7085e+00 -9.7197e-01 -2.8960e-01 +2.3238e+00 -2.1523e+00
13119 +1.103372631e+01 +1.103372631e+01 -2.392627369e+01 -2.392627369e+01 -1.8259e-01 -2.7944e+00 -2.4480e+00 +2.1253e+00 -1.9000e+00 +3.7221e+00 -9.9311e-01 -2.3038e-01 +2.3670e+00 -2.1341e+00
13346 +1.014982345e+01 +1.014982345e+01 -2.481017655e+01 -2.481017655e+01 -1.9565e-01 -2.8244e+00 -2.4141e+00 +2.1181e+00 -1.8851e+00 +3.6783e+00 -9.4526e-01 -2.8814e-01 +2.3804e+00 -2.1592e+00
13516 +8.645524612e+00 +8.645524612e+00 -2.631447539e+01 -2.631447539e+01 -2.7088e-01 -2.8438e+00 -2.3715e+00 +2.0751e+00 -1.8709e+00 +3.7096e+00 -9.7887e-01 -2.3551e-01 +2.3360e+00 -2.1538e+00
13936 +7.652615203e+00 +7.652615203e+00 -2.730738480e+01 -2.730738480e+01 -2.7259e-01 -2.9350e+00 -2.2963e+00 +2.1178e+00 -1.9031e+00 +3.7162e+00 -9.8368e-01 -2.6741e-01 +2.3533e+00 -2.1304e+00
14244 +6.102412853e+00 +6.102412853e+00 -2.885758715e+01 -2.885758715e+01 -2.7012e-01 -2.9093e+00 -2.3310e+00 +2.1093e+00 -1.8929e+00 +3.7283e+00 -9.9283e-01 -3.4175e-01 +2.3727e+00 -2.1213e+00
14575 +5.336662788e+00 +5.336662788e+00 -2.962333721e+01 -2.962333721e+01 -2.7915e-01 -2.9352e+00 -2.2841e+00 +2.1234e+00 -1.8635e+00 +3.7337e+00 -9.8631e-01 -3.4593e-01 +2.3757e+00 -2.1231e+00
14582 +4.937631552e+00 +4.937631552e+00 -3.002236845e+01 -3.002236845e+01 -2.7161e-01 -2.9212e+00 -2.3028e+00 +2.1219e+00 -1.8755e+00 +3.7193e+00 -9.8604e-01 -3.5127e-01 +2.3852e+00 -2.1028e+00
14735 +4.585122498e+00 +4.585122498e+00 -3.037487750e+01 -3.037487750e+01 -2.9654e-01 -2.8995e+00 -2.3146e+00 +2.0908e+00 -1.8438e+00 +3.7235e+00 -9.9888e-01 -3.3458e-01 +2.3596e+00 -2.1272e+00
15156 +4.449224642e+00 +4.449224642e+00 -3.051077536e+01 -3.051077536e+01 -2.9201e-01 -2.8987e+00 -2.3187e+00 +2.1197e+00 -1.8548e+00 +3.6815e+00 -9.8566e-01 -3.2762e-01 +2.3492e+00 -2.1341e+00
15697 +4.345921640e+00 +4.345921640e+00 -3.061407836e+01 -3.061407836e+01 -2.9496e-01 -2.8808e+00 -2.3072e+00 +2.1127e+00 -1.8297e+00 +3.7071e+00 -1.0005e+00 -3.3077e-01 +2.3725e+00 -2.1305e+00
15715 +4.250314413e+00 +4.250314413e+00 -3.070968559e+01 -3.070968559e+01 -2.8069e-01 -2.9001e+00 -2.3042e+00 +2.1076e+00 -1.8465e+00 +3.7111e+00 -9.8904e-01 -3.4122e-01 +2.3749e+00 -2.1264e+00
16141 +4.160012318e+00 +4.160012318e+00 -3.079998768e+01 -3.079998768e+01 -2.8693e-01 -2.8923e+00 -2.3098e+00 +2.1092e+00 -1.8533e+00 +3.7006e+00 -9.9045e-01 -3.3234e-01 +2.3636e+00 -2.1318e+00
16554 +4.054450809e+00 +4.054450809e+00 -3.090554919e+01 -3.090554919e+01 -2.8395e-01 -2.9016e+00 -2.3106e+00 +2.1177e+00 -1.8451e+00 +3.7088e+00 -9.9582e-01 -3.3540e-01 +2.3589e+00 -2.1214e+00
20520 +3.980884823e+00 +3.980884823e+00 -3.097911518e+01 -3.097911518e+01 -2.8088e-01 -2.8998e+00 -2.3079e+00 +2.1101e+00 -1.8474e+00 +3.7049e+00 -9.9443e-01 -3.3338e-01 +2.3610e+00 -2.1257e+00
% function evaluation | noise-free fitness - Fopt (-2.727900000000e+02) | best noise-free fitness - Fopt | measured fitness | best measured fitness | x1 | x2...
1 +3.074525329e+02 +3.074525329e+02 +3.466253289e+01 +3.466253289e+01 +0.0000e+00 +0.0000e+00 +0.0000e+00 +0.0000e+00 +0.0000e+00 +0.0000e+00 +0.0000e+00 +0.0000e+00 +0.0000e+00 +0.0000e+00
5 +2.849497982e+02 +2.849497982e+02 +1.215979823e+01 +1.215979823e+01 -1.9764e+00 -1.6891e-01 -4.0444e-02 +2.1147e+00 -2.0657e-01 -1.2733e+00 -1.5440e+00 +2.9081e+00 +1.1995e+00 -1.8818e-01
6 +2.453009278e+02 +2.453009278e+02 -2.748907218e+01 -2.748907218e+01 +1.1127e+00 +1.3410e+00 +8.8059e-02 -1.1144e+00 -1.5390e-01 +2.7407e+00 +7.9495e-01 +1.8262e+00 +1.2782e+00 -1.3373e+00
9 +2.150036519e+02 +2.150036519e+02 -5.778634806e+01 -5.778634806e+01 +1.4470e-01 -5.9389e-01 +9.8197e-01 -1.7814e+00 -1.1681e+00 +3.7598e+00 -1.4029e-01 -1.1910e-04 +1.1062e+00 -1.3184e+00
13 +1.997810954e+02 +1.997810954e+02 -7.300890463e+01 -7.300890463e+01 -1.0901e-01 +4.0443e-01 +7.9784e-02 -1.2773e+00 -1.4504e+00 +1.0021e+00 -1.3510e+00 +1.0257e+00 +3.0223e+00 +9.9331e-01
32 +1.810728217e+02 +1.810728217e+02 -9.171717833e+01 -9.171717833e+01 +4.4667e-02 -2.2545e+00 +1.6583e+00 -5.9428e-01 -2.1175e+00 +4.0034e+00 -1.3510e+00 +1.9834e+00 +2.2623e+00 +2.3302e-01
34 +1.649066702e+02 +1.649066702e+02 -1.078833298e+02 -1.078833298e+02 -8.3389e-01 -5.7319e-01 +3.2051e+00 -9.6022e-01 -1.5809e+00 +2.1669e+00 -2.2702e+00 +3.9137e-01 +4.2571e+00 +1.1998e+00
95 +1.522490920e+02 +1.522490920e+02 -1.205409080e+02 -1.205409080e+02 +1.6907e+00 +4.6665e-01 +2.8290e+00 -2.5389e+00 -7.0871e-01 +4.9854e+00 -1.4668e+00 +1.0006e+00 +2.8424e+00 +1.2982e+00
171 +1.415126570e+02 +1.415126570e+02 -1.312773430e+02 -1.312773430e+02 -3.7767e-01 -8.2816e-01 +4.7486e+00 -2.5291e+00 -7.2171e-01 +5.5523e+00 -7.9314e-01 +1.8694e+00 +5.0783e+00 -4.0601e-01
242 +1.308216559e+02 +1.308216559e+02 -1.419683441e+02 -1.419683441e+02 -1.1468e+00 -2.1464e+00 +6.5365e+00 -2.5828e+00 +5.1314e-02 +3.8439e+00 -2.5517e+00 +1.3223e-01 +6.0451e+00 -9.7099e-01
277 +1.286588676e+02 +1.286588676e+02 -1.441311324e+02 -1.441311324e+02 -1.1706e+00 -1.8640e+00 +5.8077e+00 -3.0649e+00 -5.7310e-01 +2.9841e+00 -1.7407e+00 -5.7430e-01 +5.4461e+00 +1.6448e-02
287 +1.172227349e+02 +1.172227349e+02 -1.555672651e+02 -1.555672651e+02 -1.1946e+00 -1.4781e+00 +6.0653e+00 -2.3751e+00 -4.8514e-01 +4.3593e+00 -2.3179e+00 +1.8924e-01 +4.9827e+00 +1.1546e+00
304 +1.131700045e+02 +1.131700045e+02 -1.596199955e+02 -1.596199955e+02 -6.0589e-01 -8.9621e-01 +5.7070e+00 -4.2255e+00 +1.6340e+00 +3.3666e+00 -3.2555e+00 -9.4204e-03 +4.1360e+00 -8.5200e-02
353 +1.096775120e+02 +1.096775120e+02 -1.631124880e+02 -1.631124880e+02 -1.0211e+00 -2.1085e+00 +3.4988e+00 -3.0646e+00 -6.2629e-02 +3.3472e+00 -3.2167e+00 +1.8391e+00 +3.4660e+00 -8.3659e-01
385 +1.042385492e+02 +1.042385492e+02 -1.685514508e+02 -1.685514508e+02 -7.1301e-01 -1.5554e+00 +2.6860e+00 -2.8829e+00 -1.7290e-01 +4.0571e+00 -1.4404e+00 +7.1708e-01 +3.8168e+00 +8.2433e-01
393 +8.812393131e+01 +8.812393131e+01 -1.846660687e+02 -1.846660687e+02 -1.3922e+00 -1.1355e+00 +2.7222e+00 -1.8635e+00 -4.3606e-01 +3.8732e+00 -1.4896e+00 +1.4779e+00 +2.6218e+00 +9.0627e-01
435 +8.081331821e+01 +8.081331821e+01 -1.919766818e+02 -1.919766818e+02 -1.0836e+00 -2.6311e-01 +2.0218e+00 -3.1928e+00 -9.1168e-01 +3.7067e+00 -2.0499e+00 +1.0940e+00 +3.0842e+00 +1.2948e-01
934 +5.782909485e+01 +5.782909485e+01 -2.149609052e+02 -2.149609052e+02 -2.6234e+00 -1.5874e+00 +2.6628e+00 -1.3579e+00 +3.2710e-01 +2.0998e+00 -2.3317e+00 +1.8282e+00 +5.2637e+00 -1.5769e+00
2320 +5.238521562e+01 +5.238521562e+01 -2.204047844e+02 -2.204047844e+02 -3.4010e+00 -1.9054e-01 +1.9981e+00 -3.1548e+00 +7.4677e-01 +3.9761e+00 -1.7794e+00 +3.5004e-01 +4.6947e+00 -1.0833e+00
8672 +4.708659890e+01 +4.708659890e+01 -2.257034011e+02 -2.257034011e+02 -2.7292e+00 +6.6714e-01 +4.9415e-01 -4.1412e+00 +1.9954e+00 +3.5679e+00 -1.2058e+00 +1.0579e+00 +3.3713e+00 -1.2608e+00
10375 +4.499419180e+01 +4.499419180e+01 -2.277958082e+02 -2.277958082e+02 -2.3551e+00 +1.3935e+00 +1.8171e+00 -3.8821e+00 +8.7641e-01 +3.9830e+00 -3.5700e+00 +1.4791e+00 +5.3181e+00 -1.2020e+00
11200 +4.263606835e+01 +4.263606835e+01 -2.301539316e+02 -2.301539316e+02 -2.4311e+00 +1.2648e+00 +1.7594e+00 -3.8092e+00 +8.5583e-01 +3.9403e+00 -3.5613e+00 +1.5770e+00 +5.3138e+00 -1.3405e+00
12037 +4.111194488e+01 +4.111194488e+01 -2.316780551e+02 -2.316780551e+02 -2.3883e+00 +1.2763e+00 +1.7646e+00 -3.8118e+00 +8.6963e-01 +3.9819e+00 -3.5656e+00 +1.5086e+00 +5.3032e+00 -1.2710e+00
12049 +4.072270165e+01 +4.072270165e+01 -2.320672983e+02 -2.320672983e+02 -2.3639e+00 +1.2698e+00 +1.7795e+00 -3.8099e+00 +8.9131e-01 +3.9716e+00 -3.5420e+00 +1.5220e+00 +5.3094e+00 -1.2803e+00
16343 +3.980973112e+01 +3.980973112e+01 -2.329802689e+02 -2.329802689e+02 -2.3740e+00 +1.2849e+00 +1.7916e+00 -3.8194e+00 +8.8836e-01 +3.9594e+00 -3.5443e+00 +1.4929e+00 +5.2791e+00 -1.2415e+00
% function evaluation | noise-free fitness - Fopt (1.410200000000e+02) | best noise-free fitness - Fopt | measured fitness | best measured fitness | x1 | x2...
1 +3.034120705e+02 +3.034120705e+02 +4.444320705e+02 +4.444320705e+02 +0.0000e+00 +0.0000e+00 +0.0000e+00 +0.0000e+00 +0.0000e+00 +0.0000e+00 +0.0000e+00 +0.0000e+00 +0.0000e+00 +0.0000e+00
19 +2.022523218e+02 +2.022523218e+02 +3.432723218e+02 +3.432723218e+02 -1.9756e+00 +1.3568e+00 -1.6772e+00 +2.9563e-01 +1.5272e+00 +1.2896e-01 -3.3089e-01 -4.1570e-01 +1.1544e+00 -2.9354e-01
64 +1.603638094e+02 +1.603638094e+02 +3.013838094e+02 +3.013838094e+02 -5.3743e-01 +5.1624e+00 -3.5696e+00 -1.0211e+00 +1.6919e+00 -1.0462e+00 -1.7411e+00 +1.1144e+00 +4.5409e+00 +1.4223e+00
96 +1.465935425e+02 +1.465935425e+02 +2.876135425e+02 +2.876135425e+02 -6.5242e-01 +2.5564e+00 -3.5266e+00 -3.2522e+00 +3.5947e+00 -5.9971e-01 -1.5742e+00 +3.1569e+00 +6.0825e-01 +3.0821e+00
102 +1.346821536e+02 +1.346821536e+02 +2.757021536e+02 +2.757021536e+02 -3.4460e-01 +1.9911e+00 -5.9428e+00 -3.8252e+00 +3.2748e+00 -8.0282e-01 -5.0526e-02 +1.4857e+00 +1.2748e+00 +3.3266e+00
107 +1.099475333e+02 +1.099475333e+02 +2.509675333e+02 +2.509675333e+02 -1.5508e+00 +2.6676e+00 -4.5849e+00 -2.6555e+00 +1.3339e+00 +1.9014e-01 -1.9366e+00 +3.6439e+00 +1.6305e-01 +2.0179e+00
136 +9.566614834e+01 +9.566614834e+01 +2.366861483e+02 +2.366861483e+02 -1.6517e+00 +2.3374e+00 -3.9162e+00 -5.2560e-01 +3.4572e+00 -3.1482e-02 -6.2212e-01 +1.8304e+00 +1.5057e+00 +2.2427e+00
266 +8.012110064e+01 +8.012110064e+01 +2.211411006e+02 +2.211411006e+02 -8.9854e-01 +3.3212e+00 -2.8977e+00 -2.6445e+00 +2.2565e+00 -1.5358e-01 -2.2111e+00 +4.9095e+00 +3.3565e+00 +1.6075e+00
634 +7.096221833e+01 +7.096221833e+01 +2.119822183e+02 +2.119822183e+02 -2.4520e+00 +2.4056e+00 -4.0062e+00 -3.4306e+00 +2.2421e+00 -7.7679e-01 -3.0430e+00 +3.2769e+00 +3.3275e+00 +2.5384e+00
2852 +5.827722939e+01 +5.827722939e+01 +1.992972294e+02 +1.992972294e+02 -2.0059e+00 +1.5377e+00 -1.7351e+00 -2.4472e+00 +2.0895e+00 -3.8844e-01 -3.5199e+00 +1.9999e+00 +1.9378e+00 +2.7860e+00
3019 +4.629786653e+01 +4.629786653e+01 +1.873178665e+02 +1.873178665e+02 -1.3373e+00 +1.5202e+00 -3.0878e+00 -3.1498e+00 +2.5151e+00 -5.6170e-02 -3.0165e+00 +1.6771e+00 +1.5726e-01 +4.0428e+00
12262 +3.875987356e+01 +3.875987356e+01 +1.797798736e+02 +1.797798736e+02 -2.1633e+00 +5.5346e-01 -1.9769e+00 -3.4076e+00 +4.2006e+00 +1.2911e-01 -4.0997e+00 +1.6074e+00 +7.9280e-01 +3.1219e+00
15416 +3.175901621e+01 +3.175901621e+01 +1.727790162e+02 +1.727790162e+02 -1.7014e+00 +2.2524e+00 -3.4620e+00 -4.4184e+00 +3.1696e+00 -1.2390e-01 -2.2774e+00 +2.9835e+00 +1.3823e-01 +2.1137e+00
15689 +2.177054976e+01 +2.177054976e+01 +1.627905498e+02 +1.627905498e+02 -1.8643e+00 +2.2393e+00 -3.2351e+00 -4.2807e+00 +3.0233e+00 -1.2923e-01 -2.6990e+00 +2.9158e+00 +1.9571e-01 +2.2956e+00
15695 +2.100653173e+01 +2.100653173e+01 +1.620265317e+02 +1.620265317e+02 -1.8547e+00 +2.2493e+00 -3.3013e+00 -4.2809e+00 +3.0287e+00 -4.0353e-02 -2.8155e+00 +2.8965e+00 +2.6639e-01 +2.3947e+00
15921 +1.955147058e+01 +1.955147058e+01 +1.605714706e+02 +1.605714706e+02 -1.9017e+00 +2.2856e+00 -3.2108e+00 -4.2410e+00 +3.1700e+00 -7.4233e-02 -2.8107e+00 +3.0739e+00 +2.6521e-01 +2.2827e+00
15928 +1.789472548e+01 +1.789472548e+01 +1.589147255e+02 +1.589147255e+02 -1.8791e+00 +2.2789e+00 -3.2544e+00 -4.2874e+00 +3.0722e+00 -4.9882e-02 -2.8083e+00 +3.0757e+00 +2.6919e-01 +2.3370e+00
16276 +1.343597729e+01 +1.343597729e+01 +1.544559773e+02 +1.544559773e+02 -1.9224e+00 +2.2702e+00 -3.2496e+00 -4.2630e+00 +3.1146e+00 -6.0607e-02 -2.7449e+00 +3.0015e+00 +3.1133e-01 +2.3324e+00
16762 +1.293521373e+01 +1.293521373e+01 +1.539552137e+02 +1.539552137e+02 -1.8761e+00 +2.2721e+00 -3.3211e+00 -4.2526e+00 +3.0885e+00 -8.4757e-02 -2.7610e+00 +2.9551e+00 +2.8278e-01 +2.3720e+00
16833 +1.117068927e+01 +1.117068927e+01 +1.521906893e+02 +1.521906893e+02 -1.8452e+00 +2.3052e+00 -3.2935e+00 -4.2268e+00 +3.0311e+00 -8.8465e-02 -2.7446e+00 +2.9592e+00 +2.8395e-01 +2.2936e+00
17172 +1.066726071e+01 +1.066726071e+01 +1.516872607e+02 +1.516872607e+02 -1.8823e+00 +2.3053e+00 -3.2879e+00 -4.2336e+00 +3.1290e+00 -3.1774e-02 -2.6590e+00 +2.9165e+00 +2.7209e-01 +2.2987e+00
17319 +9.101692394e+00 +9.101692394e+00 +1.501216924e+02 +1.501216924e+02 -1.8666e+00 +2.3534e+00 -3.3027e+00 -4.2751e+00 +3.0643e+00 -1.0168e-01 -2.6053e+00 +3.0090e+00 +2.9495e-01 +2.2174e+00
17745 +8.900151333e+00 +8.900151333e+00 +1.499201513e+02 +1.499201513e+02 -1.8354e+00 +2.3646e+00 -3.2820e+00 -4.3063e+00 +3.0616e+00 -9.4507e-02 -2.6644e+00 +2.9762e+00 +3.0691e-01 +2.2542e+00
17828 +8.530237326e+00 +8.530237326e+00 +1.495502373e+02 +1.495502373e+02 -1.8522e+00 +2.3326e+00 -3.2808e+00 -4.2820e+00 +3.0818e+00 -6.1469e-02 -2.6658e+00 +2.9895e+00 +3.1298e-01 +2.2698e+00
18104 +8.430650899e+00 +8.430650899e+00 +1.494506509e+02 +1.494506509e+02 -1.8376e+00 +2.3339e+00 -3.2633e+00 -4.3070e+00 +3.0972e+00 -7.6299e-02 -2.6897e+00 +2.9917e+00 +2.9250e-01 +2.2651e+00
18105 +7.848332741e+00 +7.848332741e+00 +1.488683327e+02 +1.488683327e+02 -1.8591e+00 +2.3683e+00 -3.3041e+00 -4.2720e+00 +3.1058e+00 -7.1297e-02 -2.6530e+00 +2.9634e+00 +2.7898e-01 +2.2706e+00
18243 +7.719591026e+00 +7.719591026e+00 +1.487395910e+02 +1.487395910e+02 -1.8614e+00 +2.3402e+00 -3.2985e+00 -4.2612e+00 +3.1007e+00 -5.9654e-02 -2.6552e+00 +2.9663e+00 +2.6645e-01 +2.2548e+00
18664 +7.565915683e+00 +7.565915683e+00 +1.485859157e+02 +1.485859157e+02 -1.8735e+00 +2.3431e+00 -3.2899e+00 -4.2678e+00 +3.0961e+00 -8.5718e-02 -2.6746e+00 +2.9744e+00 +2.9996e-01 +2.2629e+00
18717 +7.375488724e+00 +7.375488724e+00 +1.483954887e+02 +1.483954887e+02 -1.8544e+00 +2.3335e+00 -3.2893e+00 -4.2820e+00 +3.1053e+00 -7.3324e-02 -2.6544e+00 +2.9807e+00 +2.6787e-01 +2.2633e+00
19039 +7.242576730e+00 +7.242576730e+00 +1.482625767e+02 +1.482625767e+02 -1.8655e+00 +2.3431e+00 -3.2900e+00 -4.2722e+00 +3.1109e+00 -7.4408e-02 -2.6502e+00 +2.9924e+00 +3.0167e-01 +2.2416e+00
19662 +7.073836032e+00 +7.073836032e+00 +1.480938360e+02 +1.480938360e+02 -1.8666e+00 +2.3381e+00 -3.2928e+00 -4.2779e+00 +3.1118e+00 -7.4507e-02 -2.6377e+00 +2.9954e+00 +2.7736e-01 +2.2572e+00
% function evaluation | noise-free fitness - Fopt (8.113000000000e+01) | best noise-free fitness - Fopt | measured fitness | best measured fitness | x1 | x2...
1 +3.287726399e+02 +3.287726399e+02 +4.099026399e+02 +4.099026399e+02 +0.0000e+00 +0.0000e+00 +0.0000e+00 +0.0000e+00 +0.0000e+00 +0.0000e+00 +0.0000e+00 +0.0000e+00 +0.0000e+00 +0.0000e+00
12 +2.661460971e+02 +2.661460971e+02 +3.472760971e+02 +3.472760971e+02 -1.3715e+00 +2.8904e+00 -7.2404e-01 -8.5656e-01 -1.2655e+00 -7.9464e-01 +7.6272e-01 +7.3086e-01 -1.8237e+00 +1.1788e-01
26 +2.012672337e+02 +2.012672337e+02 +2.823972337e+02 +2.823972337e+02 +3.5434e-01 +4.4818e+00 +9.0906e-01 -6.0154e-01 -2.0885e+00 -1.7028e+00 -3.0603e-01 -7.2298e-02 -2.4015e+00 -7.3669e-01
41 +1.876584124e+02 +1.876584124e+02 +2.687884124e+02 +2.687884124e+02 +9.1197e-01 +2.1374e+00 -6.8303e-01 -2.1930e+00 -1.8457e+00 -8.4968e-02 -7.7893e-02 -4.7293e-01 -2.0593e+00 -3.2171e-01
45 +1.724786964e+02 +1.724786964e+02 +2.536086964e+02 +2.536086964e+02 +8.3602e-01 +3.3207e+00 -3.5498e-01 -2.0123e+00 -1.3753e+00 -2.0862e-01 +1.3679e-01 -1.7035e+00 -3.7338e-02 -2.1371e+00
71 +1.128545067e+02 +1.128545067e+02 +1.939845067e+02 +1.939845067e+02 +8.4880e-01 +1.0204e+00 +1.1720e+00 -2.3195e+00 -2.2288e+00 +6.7129e-01 -2.4490e+00 -1.3617e+00 -2.7071e+00 -9.6101e-01
150 +1.088906798e+02 +1.088906798e+02 +1.900206798e+02 +1.900206798e+02 +1.6463e+00 +2.1643e+00 +2.4874e+00 -2.1353e+00 -5.0418e+00 +4.6977e-02 -1.8885e+00 -2.5175e+00 -4.1602e-01 -7.5335e-01
355 +9.815485520e+01 +9.815485520e+01 +1.792848552e+02 +1.792848552e+02 +3.3276e+00 +2.5285e+00 +2.4508e+00 -3.1645e+00 -3.4496e+00 -6.5801e-01 +4.8405e-01 -3.3891e+00 -1.2372e+00 -4.5394e+00
444 +6.591519638e+01 +6.591519638e+01 +1.470451964e+02 +1.470451964e+02 +2.2743e+00 +5.4644e-01 +1.3859e+00 -3.9084e+00 -3.3118e+00 -1.7841e-02 -1.0681e+00 -4.3073e+00 -1.0723e+00 -3.7641e+00
1767 +6.051026714e+01 +6.051026714e+01 +1.416402671e+02 +1.416402671e+02 +3.4531e+00 +7.5242e-01 +2.1128e+00 -2.5869e+00 -4.3482e+00 -8.3300e-01 +8.0295e-01 -1.5614e+00 -6.2800e-01 -1.9211e+00
1848 +3.901440937e+01 +3.901440937e+01 +1.201444094e+02 +1.201444094e+02 +3.0423e+00 +1.1838e+00 +2.4225e+00 -2.8203e+00 -4.3523e+00 -1.6644e+00 +9.8487e-01 -2.5967e+00 -5.0140e-01 -3.3386e+00
9745 +3.403724687e+01 +3.403724687e+01 +1.151672469e+02 +1.151672469e+02 +2.6641e+00 +1.0101e+00 +7.5906e-01 -4.4757e+00 -2.2022e+00 -3.9820e-01 +7.7543e-01 -3.9131e+00 -1.6643e+00 -3.9698e+00
11147 +2.959621051e+01 +2.959621051e+01 +1.107262105e+02 +1.107262105e+02 +3.0273e+00 +1.0925e+00 +3.7491e-01 -4.3724e+00 -2.6012e+00 +2.5468e-01 +6.4442e-01 -4.0524e+00 -1.6134e+00 -4.1090e+00
11968 +2.712110590e+01 +2.712110590e+01 +1.082511059e+02 +1.082511059e+02 +3.0644e+00 +1.0758e+00 +3.9996e-01 -4.3258e+00 -2.6024e+00 +2.2520e-01 +7.1030e-01 -4.0793e+00 -1.5979e+00 -4.1017e+00
12599 +2.652743009e+01 +2.652743009e+01 +1.076574301e+02 +1.076574301e+02 +3.0300e+00 +1.0377e+00 +3.4561e-01 -4.3970e+00 -2.5965e+00 +2.5266e-01 +6.7465e-01 -4.0748e+00 -1.5877e+00 -4.0909e+00
12655 +2.613068276e+01 +2.613068276e+01 +1.072606828e+02 +1.072606828e+02 +3.0261e+00 +1.0321e+00 +3.5886e-01 -4.3785e+00 -2.6278e+00 +2.3103e-01 +6.8365e-01 -4.1101e+00 -1.6011e+00 -4.1009e+00
12943 +2.561722187e+01 +2.561722187e+01 +1.067472219e+02 +1.067472219e+02 +3.0427e+00 +1.0630e+00 +3.8616e-01 -4.3772e+00 -2.5897e+00 +2.2998e-01 +6.8044e-01 -4.0870e+00 -1.6005e+00 -4.1076e+00
14699 +2.510777041e+01 +2.510777041e+01 +1.062377704e+02 +1.062377704e+02 +3.0458e+00 +1.0362e+00 +3.6311e-01 -4.3725e+00 -2.6078e+00 +2.5756e-01 +6.8249e-01 -4.1005e+00 -1.5916e+00 -4.1308e+00
% function evaluation | noise-free fitness - Fopt (1.049200000000e+02) | best noise-free fitness - Fopt | measured fitness | best measured fitness | x1 | x2...
1 +3.314635015e+02 +3.314635015e+02 +4.363835015e+02 +4.363835015e+02 +0.0000e+00 +0.0000e+00 +0.0000e+00 +0.0000e+00 +0.0000e+00 +0.0000e+00 +0.0000e+00 +0.0000e+00 +0.0000e+00 +0.0000e+00
3 +2.676518941e+02 +2.676518941e+02 +3.725718941e+02 +3.725718941e+02 +1.4519e+00 +1.5850e-01 -1.5876e+00 +2.6891e+00 +1.6732e+00 +4.5495e-02 -8.9694e-01 -3.1690e-03 -1.4539e+00 -1.6126e+00
9 +2.292332227e+02 +2.292332227e+02 +3.341532227e+02 +3.341532227e+02 +3.8507e-01 -1.5642e+00 -4.9831e+00 +1.5344e+00 +1.9511e+00 +4.7023e-02 -8.4958e-01 +1.5105e+00 -8.3259e-01 +4.2761e-02
16 +2.204033886e+02 +2.204033886e+02 +3.253233886e+02 +3.253233886e+02 +5.6508e-01 -3.0863e+00 -4.1125e+00 +1.8760e+00 -1.2450e-01 -1.3834e+00 +1.2294e-01 +2.0577e+00 +8.7052e-02 -3.5441e-01
83 +1.649629782e+02 +1.649629782e+02 +2.698829782e+02 +2.698829782e+02 -1.8644e-02 -3.3525e+00 -5.2663e+00 +6.9340e-01 -5.1618e-01 -2.2132e+00 -1.8173e-01 +1.6091e+00 -7.0884e-01 -1.7199e+00
85 +1.544299315e+02 +1.544299315e+02 +2.593499315e+02 +2.593499315e+02 +1.2252e-01 -3.8139e+00 -4.6586e+00 +1.3051e+00 -1.5059e+00 -1.3548e+00 +1.5734e+00 +9.1935e-01 -8.4302e-01 -1.1516e+00
105 +1.125323478e+02 +1.125323478e+02 +2.174523478e+02 +2.174523478e+02 -7.4087e-01 -2.7944e+00 -5.4578e+00 +1.4141e+00 -5.4249e-01 -2.9199e+00 +1.5162e+00 -6.5152e-01 -1.0827e+00 -1.9785e+00
287 +1.099298392e+02 +1.099298392e+02 +2.148498392e+02 +2.148498392e+02 -1.2388e+00 -4.6677e+00 -5.0452e+00 +1.7759e+00 -2.1675e+00 -3.4016e+00 +1.5602e+00 -1.7722e+00 -1.2866e+00 +7.9568e-01
355 +9.734737664e+01 +9.734737664e+01 +2.022673766e+02 +2.022673766e+02 -3.7442e+00 -5.1851e+00 -3.2886e+00 +2.6023e+00 -2.3171e+00 -3.1617e+00 +3.3376e+00 -2.7424e+00 -2.3800e+00 -2.9336e-01
437 +9.407367331e+01 +9.407367331e+01 +1.989936733e+02 +1.989936733e+02 -1.3816e+00 -4.7064e+00 -3.2886e+00 +2.7680e-01 -3.2499e+00 -3.2602e+00 +2.4416e+00 -3.0584e+00 -3.0981e+00 -1.2559e+00
458 +8.623784783e+01 +8.623784783e+01 +1.911578478e+02 +1.911578478e+02 -1.3706e+00 -4.3090e+00 -3.2968e+00 +1.2656e+00 -3.5110e+00 -4.1101e+00 +2.4842e+00 -1.9594e+00 -1.9618e+00 -7.7153e-01
728 +8.387134723e+01 +8.387134723e+01 +1.887913472e+02 +1.887913472e+02 -1.2242e+00 -2.4879e+00 -2.8502e+00 +2.6195e+00 -1.4853e+00 -3.7776e+00 +4.2806e-01 -2.5857e+00 -4.5534e+00 -1.2055e+00
1158 +7.422660711e+01 +7.422660711e+01 +1.791466071e+02 +1.791466071e+02 -3.5964e+00 -4.8568e+00 -2.8915e+00 +9.2489e-01 -3.1749e+00 -4.3032e+00 +1.3966e+00 -2.2699e+00 -4.3043e+00 -6.9084e-01
1249 +6.754600193e+01 +6.754600193e+01 +1.724660019e+02 +1.724660019e+02 -3.4192e+00 -2.3555e+00 -2.6081e+00 +2.1498e+00 -3.9361e+00 -3.8785e+00 +1.9088e+00 -2.0604e+00 -4.2382e+00 -1.0531e+00
2836 +6.212640844e+01 +6.212640844e+01 +1.670464084e+02 +1.670464084e+02 -5.5802e-01 -2.7347e+00 -2.9529e+00 -2.1494e+00 -4.3748e+00 -2.6962e+00 +1.9155e+00 -2.5921e+00 -3.0854e+00 +5.7460e-02
3083 +5.583547803e+01 +5.583547803e+01 +1.607554780e+02 +1.607554780e+02 -1.6913e-01 -2.2343e+00 -3.5315e+00 -3.5356e-01 -2.6078e+00 -2.3013e+00 +1.8608e+00 -2.8916e+00 -2.6419e+00 -3.0580e-01
7557 +4.835465804e+01 +4.835465804e+01 +1.532746580e+02 +1.532746580e+02 -2.0753e+00 -2.0448e+00 -2.2099e+00 +1.4350e+00 -3.5059e+00 -3.6283e+00 +2.0018e+00 -2.7322e+00 -2.0735e+00 -1.2403e+00
% function evaluation | noise-free fitness - Fopt (3.029000000000e+01) | best noise-free fitness - Fopt | measured fitness | best measured fitness | x1 | x2...
1 +3.665632430e+02 +3.665632430e+02 +3.968532430e+02 +3.968532430e+02 +0.0000e+00 +0.0000e+00 +0.0000e+00 +0.0000e+00 +0.0000e+00 +0.0000e+00 +0.0000e+00 +0.0000e+00 +0.0000e+00 +0.0000e+00
9 +3.372066235e+02 +3.372066235e+02 +3.674966235e+02 +3.674966235e+02 +8.0246e-02 -2.2292e-01 +4.9659e-01 -1.7614e+00 -1.9711e-01 -1.2186e+00 +1.6687e+00 +6.9146e-01 +2.2254e-01 +9.6110e-01
12 +2.936883673e+02 +2.936883673e+02 +3.239783673e+02 +3.239783673e+02 +1.1302e+00 +8.9818e-01 -1.8918e+00 -1.6841e-01 -9.4109e-02 -1.6051e+00 +2.4752e+00 +2.2169e+00 -5.9585e-01 -6.5553e-01
24 +2.217083056e+02 +2.217083056e+02 +2.519983056e+02 +2.519983056e+02 -2.4004e-01 +2.9143e-01 -1.7465e+00 -2.2193e-01 +1.4990e+00 -2.6129e+00 +1.3452e+00 +1.8986e+00 -2.0179e+00 -1.7281e-01
42 +2.155159643e+02 +2.155159643e+02 +2.458059643e+02 +2.458059643e+02 -1.8668e-01 -8.7263e-01 -5.1500e-01 -4.0818e-01 +2.6837e+00 -1.9668e+00 +6.0405e-01 +1.2899e+00 +2.5768e-01 -1.7171e+00
44 +1.795144274e+02 +1.795144274e+02 +2.098044274e+02 +2.098044274e+02 -7.0307e-02 -1.3153e+00 +2.8619e-01 +3.3914e+00 +3.6937e+00 -2.6337e+00 +2.5604e-01 +1.3713e+00 -2.0029e+00 -9.5491e-01
45 +1.680520326e+02 +1.680520326e+02 +1.983420326e+02 +1.983420326e+02 -1.0257e+00 +1.6355e-01 -2.2258e+00 +3.0932e+00 +2.7974e+00 -3.4051e+00 +1.2830e+00 +8.0213e-01 +8.1453e-01 -4.7766e-01
70 +1.539977727e+02 +1.539977727e+02 +1.842877727e+02 +1.842877727e+02 -2.8473e+00 -1.0328e+00 +7.2783e-02 +4.9245e+00 +3.9165e+00 -2.7760e+00 +5.0115e-01 +1.0587e+00 -1.0459e+00 -1.0438e-01
98 +1.211820814e+02 +1.211820814e+02 +1.514720814e+02 +1.514720814e+02 +4.8497e-01 -9.4854e-01 -7.5373e-01 +3.0688e+00 +2.9317e+00 -2.9766e+00 +2.2741e+00 +2.2334e+00 -9.2349e-01 +1.3945e-01
187 +1.042813001e+02 +1.042813001e+02 +1.345713001e+02 +1.345713001e+02 -1.9886e+00 -1.3824e+00 +1.1741e-01 +3.7346e+00 +3.0706e+00 -3.4590e+00 +2.7122e+00 +3.4579e-01 -2.2495e+00 +1.4301e+00
542 +8.169875226e+01 +8.169875226e+01 +1.119887523e+02 +1.119887523e+02 -2.1311e+00 -2.3208e+00 +3.7126e+00 +2.8600e+00 +3.6385e+00 -1.4178e+00 +2.6567e+00 -1.3197e+00 -2.0817e+00 +6.4515e-01
1071 +6.961365260e+01 +6.961365260e+01 +9.990365260e+01 +9.990365260e+01 -3.4231e+00 -2.6111e+00 +2.6074e+00 +4.0224e+00 +3.8708e+00 -3.4726e+00 +3.3766e+00 -7.1542e-01 -3.2061e+00 -1.9995e+00
1665 +6.447655836e+01 +6.447655836e+01 +9.476655836e+01 +9.476655836e+01 -3.1758e+00 -3.0786e+00 +2.6099e+00 +2.8091e+00 +3.6852e+00 -2.8676e+00 +2.1859e+00 -5.3322e-01 -2.2409e+00 +1.1537e-01
1998 +6.190993538e+01 +6.190993538e+01 +9.219993538e+01 +9.219993538e+01 -3.8173e+00 -2.0658e+00 +3.2764e+00 +1.3309e+00 +3.6763e+00 -2.4901e+00 +2.4873e+00 -1.3673e+00 -3.5611e+00 -1.4381e+00
2099 +5.147393566e+01 +5.147393566e+01 +8.176393566e+01 +8.176393566e+01 -2.6694e+00 -1.7254e+00 +3.6914e+00 +1.8073e+00 +2.9102e+00 -3.0175e+00 +2.7320e+00 -1.4820e+00 -3.4830e+00 -2.0687e+00
2398 +4.436434985e+01 +4.436434985e+01 +7.465434985e+01 +7.465434985e+01 -3.4200e+00 -2.1002e+00 +1.7746e+00 +3.1036e+00 +3.7471e+00 -4.0341e+00 +2.0955e+00 -1.3919e+00 -1.9756e+00 -8.0435e-01
2546 +3.570666107e+01 +3.570666107e+01 +6.599666107e+01 +6.599666107e+01 -3.0090e+00 -1.4205e+00 +2.7131e+00 +4.2018e+00 +4.4768e+00 -1.8707e+00 +2.2460e+00 -1.5709e+00 -2.3433e+00 -1.3527e-01
11818 +3.490412756e+01 +3.490412756e+01 +6.519412756e+01 +6.519412756e+01 -2.3748e+00 -2.4385e+00 +1.1566e+00 +3.3834e+00 +4.1916e+00 -1.8737e+00 +2.9422e+00 -8.6428e-01 -2.3539e+00 +7.7960e-01
11896 +3.418183525e+01 +3.418183525e+01 +6.447183525e+01 +6.447183525e+01 -2.3668e+00 -2.5309e+00 +1.0996e+00 +3.4309e+00 +4.0484e+00 -1.9192e+00 +2.9867e+00 -8.8855e-01 -2.3452e+00 +7.0793e-01
12256 +3.202600002e+01 +3.202600002e+01 +6.231600002e+01 +6.231600002e+01 -2.3171e+00 -2.4751e+00 +1.0643e+00 +3.4226e+00 +4.0727e+00 -1.8207e+00 +3.0003e+00 -9.3779e-01 -2.3311e+00 +7.5391e-01
12266 +2.970685927e+01 +2.970685927e+01 +5.999685927e+01 +5.999685927e+01 -2.3407e+00 -2.4713e+00 +1.1073e+00 +3.4415e+00 +4.1215e+00 -1.7702e+00 +3.0015e+00 -8.7400e-01 -2.3712e+00 +6.7178e-01
12354 +2.923899961e+01 +2.923899961e+01 +5.952899961e+01 +5.952899961e+01 -2.3309e+00 -2.4523e+00 +1.0988e+00 +3.3986e+00 +4.0982e+00 -1.8270e+00 +3.0035e+00 -9.4093e-01 -2.3777e+00 +7.6498e-01
12657 +2.763097755e+01 +2.763097755e+01 +5.792097755e+01 +5.792097755e+01 -2.3615e+00 -2.4650e+00 +1.1383e+00 +3.3908e+00 +4.0819e+00 -1.8250e+00 +2.9774e+00 -9.0919e-01 -2.4164e+00 +6.5616e-01
13908 +2.729244944e+01 +2.729244944e+01 +5.758244944e+01 +5.758244944e+01 -2.3969e+00 -2.4223e+00 +1.1043e+00 +3.3789e+00 +4.0947e+00 -1.8568e+00 +2.9833e+00 -9.3897e-01 -2.4100e+00 +7.5887e-01
14249 +2.633020055e+01 +2.633020055e+01 +5.662020055e+01 +5.662020055e+01 -2.3902e+00 -2.4273e+00 +1.1029e+00 +3.4070e+00 +4.0902e+00 -1.8601e+00 +2.9837e+00 -9.3808e-01 -2.4169e+00 +6.9212e-01
15164 +2.614315521e+01 +2.614315521e+01 +5.643315521e+01 +5.643315521e+01 -2.3840e+00 -2.4064e+00 +1.1130e+00 +3.3982e+00 +4.1063e+00 -1.8455e+00 +2.9766e+00 -9.4048e-01 -2.4128e+00 +7.3205e-01
% function evaluation | noise-free fitness - Fopt (1.210500000000e+02) | best noise-free fitness - Fopt | measured fitness | best measured fitness | x1 | x2...
1 +4.256809988e+02 +4.256809988e+02 +5.467309988e+02 +5.467309988e+02 +0.0000e+00 +0.0000e+00 +0.0000e+00 +0.0000e+00 +0.0000e+00 +0.0000e+00 +0.0000e+00 +0.0000e+00 +0.0000e+00 +0.0000e+00
6 +2.291293688e+02 +2.291293688e+02 +3.501793688e+02 +3.501793688e+02 -2.2389e-01 -1.9988e+00 -1.2928e+00 +3.9119e+00 -2.2633e+00 +9.3576e-01 +6.3453e-01 +2.6668e-01 -7.6311e-01 +1.4837e+00
24 +2.271624878e+02 +2.271624878e+02 +3.482124878e+02 +3.482124878e+02 -3.5616e-02 -3.5308e+00 -1.7738e+00 +5.2587e+00 -2.0396e+00 +6.4815e-01 -8.5340e-01 -7.8912e-01 -6.2156e-01 +2.2137e+00
28 +2.204599661e+02 +2.204599661e+02 +3.415099661e+02 +3.415099661e+02 -2.5362e-01 -3.5757e+00 -9.6680e-01 +4.9899e+00 -3.3167e+00 +1.2555e-02 -3.2237e-01 -2.7841e+00 +4.2117e-01 +3.3585e+00
45 +1.834125025e+02 +1.834125025e+02 +3.044625025e+02 +3.044625025e+02 -3.5545e-01 -4.9334e+00 -5.4604e-01 +3.7673e+00 -3.2419e+00 +1.5523e+00 +1.8102e-01 -3.2275e+00 -1.5437e-01 +1.9294e+00
50 +1.778098589e+02 +1.778098589e+02 +2.988598589e+02 +2.988598589e+02 +7.2643e-01 -3.0444e+00 -2.1137e-01 +2.5700e+00 -3.1448e+00 +1.5593e+00 +1.0562e+00 -3.9839e+00 +6.8609e-01 +6.3238e-01
71 +1.727945509e+02 +1.727945509e+02 +2.938445509e+02 +2.938445509e+02 +2.7030e-01 -2.9145e+00 -3.4800e+00 +3.4553e+00 -4.5993e+00 +6.3322e-01 +7.9469e-01 -2.5179e+00 +7.8536e-01 +2.2412e+00
95 +1.522112929e+02 +1.522112929e+02 +2.732612929e+02 +2.732612929e+02 +4.8345e-01 -2.8219e+00 -3.3515e+00 +3.0118e+00 -5.6673e+00 +7.1158e-01 -2.5532e-01 -3.9056e+00 +7.2863e-01 +6.3782e-01
115 +1.447205790e+02 +1.447205790e+02 +2.657705790e+02 +2.657705790e+02 +1.0521e+00 -4.6750e+00 -8.9467e-01 +2.4810e+00 -3.5993e+00 +6.7298e-02 -9.1051e-01 -4.0003e+00 -1.1476e+00 +1.7539e+00
128 +1.338809257e+02 +1.338809257e+02 +2.549309257e+02 +2.549309257e+02 -5.3055e-01 -4.5392e+00 -2.2633e+00 +3.3094e+00 -2.7213e+00 -1.2309e-01 -1.4671e+00 -4.3676e+00 -7.2943e-01 +9.7384e-01
270 +1.253779354e+02 +1.253779354e+02 +2.464279354e+02 +2.464279354e+02 +1.0373e+00 -4.0405e+00 -4.3109e+00 +2.5448e+00 -3.8157e+00 +1.0097e+00 -1.9428e+00 -2.4275e+00 +1.3970e+00 +6.3699e-01
357 +1.178347289e+02 +1.178347289e+02 +2.388847289e+02 +2.388847289e+02 -2.0982e-01 -5.3010e+00 -1.9697e+00 +1.1931e+00 -3.8934e+00 -4.5280e-01 -1.6821e+00 -1.1470e+00 +1.6592e+00 +9.0338e-01
373 +1.037801856e+02 +1.037801856e+02 +2.248301856e+02 +2.248301856e+02 +4.7944e-01 -4.9001e+00 -2.2744e-01 +6.6951e-01 -3.7355e+00 -1.4918e-01 -1.2967e+00 -1.8179e+00 +1.0908e+00 +5.0276e-01
714 +6.524689604e+01 +6.524689604e+01 +1.862968960e+02 +1.862968960e+02 +4.3787e-01 -4.9924e+00 -3.2617e+00 -3.7759e-01 -4.1161e+00 -5.8242e-01 -1.4956e+00 -1.8663e+00 -5.7586e-02 -1.4125e+00
993 +6.286306796e+01 +6.286306796e+01 +1.839130680e+02 +1.839130680e+02 +1.5108e+00 -4.3863e+00 -1.5867e+00 +2.1863e+00 -2.1096e+00 -1.5151e+00 -1.2684e+00 -1.1163e+00 -2.0068e+00 -1.7229e+00
2428 +5.904371183e+01 +5.904371183e+01 +1.800937118e+02 +1.800937118e+02 +2.3902e+00 -3.5625e+00 -2.0630e+00 +2.9270e+00 -2.7598e+00 -1.3259e+00 -1.7042e+00 -2.0428e+00 -3.1067e-01 -1.6397e+00
3066 +5.466987289e+01 +5.466987289e+01 +1.757198729e+02 +1.757198729e+02 +1.9303e+00 -3.9153e+00 -1.4677e+00 +1.5850e+00 -2.7039e+00 -1.5095e+00 -2.1171e+00 -3.2305e+00 -1.3450e+00 -1.3481e+00
3795 +5.285405554e+01 +5.285405554e+01 +1.739040555e+02 +1.739040555e+02 +2.3207e+00 -3.7957e+00 -3.6282e+00 +6.5165e-01 -3.6840e+00 -2.5113e+00 -4.2607e+00 -3.4175e+00 -1.9884e+00 -9.1170e-01
5463 +5.232248299e+01 +5.232248299e+01 +1.733724830e+02 +1.733724830e+02 +3.0984e+00 -4.3822e+00 -1.3018e+00 +1.4284e+00 -4.1436e+00 -8.5166e-01 -3.8738e+00 -3.6440e+00 -9.7954e-01 -2.7073e+00
8191 +5.100668280e+01 +5.100668280e+01 +1.720566828e+02 +1.720566828e+02 +1.0442e+00 -3.9469e+00 -3.0478e+00 -5.4294e-01 -3.6770e+00 -1.8358e+00 -2.7310e+00 -1.3605e+00 -5.5062e-01 -7.0733e-01
10931 +4.360548928e+01 +4.360548928e+01 +1.646554893e+02 +1.646554893e+02 +1.4434e+00 -4.2582e+00 -3.2796e+00 +6.1479e-01 -3.5054e+00 -1.7856e+00 -2.7777e+00 -2.7556e+00 -1.2562e+00 +2.8634e-01
11142 +3.507994652e+01 +3.507994652e+01 +1.561299465e+02 +1.561299465e+02 +1.8729e+00 -3.9515e+00 -3.4057e+00 +1.0816e+00 -4.1812e+00 -4.3646e-01 -3.3356e+00 -3.1499e+00 -9.1045e-01 +1.0634e-01
11509 +3.208216596e+01 +3.208216596e+01 +1.531321660e+02 +1.531321660e+02 +1.8591e+00 -3.0735e+00 -3.5685e+00 +2.8506e+00 -3.2887e+00 -1.0626e+00 -2.3871e+00 -3.4621e+00 -9.7538e-01 -2.7182e-02
14358 +3.150251996e+01 +3.150251996e+01 +1.525525200e+02 +1.525525200e+02 +2.5638e+00 -3.2779e+00 -3.3560e+00 +2.7512e+00 -3.3856e+00 -3.3891e+00 -2.7829e+00 -4.3415e+00 -3.4019e-01 -1.8057e-01
14879 +2.911796308e+01 +2.911796308e+01 +1.501679631e+02 +1.501679631e+02 +2.5268e+00 -3.2873e+00 -3.3784e+00 +2.7825e+00 -3.3553e+00 -3.3755e+00 -2.8185e+00 -4.4058e+00 -2.8484e-01 -2.6053e-01
15726 +2.856341431e+01 +2.856341431e+01 +1.496134143e+02 +1.496134143e+02 +2.5443e+00 -3.2725e+00 -3.3782e+00 +2.7812e+00 -3.3690e+00 -3.3755e+00 -2.8430e+00 -4.4051e+00 -3.3860e-01 -2.2735e-01
15890 +2.795967280e+01 +2.795967280e+01 +1.490096728e+02 +1.490096728e+02 +2.5169e+00 -3.2625e+00 -3.4191e+00 +2.7549e+00 -3.3675e+00 -3.3407e+00 -2.8331e+00 -4.4095e+00 -3.0357e-01 -2.1163e-01
16479 +2.752958774e+01 +2.752958774e+01 +1.485795877e+02 +1.485795877e+02 +2.5302e+00 -3.2710e+00 -3.4186e+00 +2.7879e+00 -3.3482e+00 -3.3247e+00 -2.8329e+00 -4.4234e+00 -2.8011e-01 -2.3892e-01
18658 +2.691390580e+01 +2.691390580e+01 +1.479639058e+02 +1.479639058e+02 +2.5121e+00 -3.2657e+00 -3.4346e+00 +2.7727e+00 -3.3536e+00 -3.3063e+00 -2.8317e+00 -4.4208e+00 -2.7107e-01 -2.1918e-01
% function evaluation | noise-free fitness - Fopt (-1.033000000000e+01) | best noise-free fitness - Fopt | measured fitness | best measured fitness | x1 | x2...
1 +2.857409470e+02 +2.857409470e+02 +2.754109470e+02 +2.754109470e+02 +0.0000e+00 +0.0000e+00 +0.0000e+00 +0.0000e+00 +0.0000e+00 +0.0000e+00 +0.0000e+00 +0.0000e+00 +0.0000e+00 +0.0000e+00
7 +2.236276692e+02 +2.236276692e+02 +2.132976692e+02 +2.132976692e+02 +1.8978e-01 +1.5241e+00 -3.1556e+00 +4.6405e-01 +7.0071e-01 +3.4331e-01 +1.5284e+00 -1.7900e+00 -4.7200e-01 -1.2611e+00
16 +1.569785154e+02 +1.569785154e+02 +1.466485154e+02 +1.466485154e+02 +1.4270e+00 +2.9412e+00 -1.8602e+00 -7.2123e-02 +2.5635e+00 -4.3475e-01 +1.1296e+00 -1.6786e+00 +5.8076e-01 -1.5256e+00
23 +1.545197750e+02 +1.545197750e+02 +1.441897750e+02 +1.441897750e+02 +4.9101e-01 +2.1818e+00 -2.0134e+00 +8.5459e-02 +2.2608e+00 -5.5039e-01 +1.8652e+00 -2.0767e+00 +3.9119e-01 -1.5941e+00
39 +1.437470399e+02 +1.437470399e+02 +1.334170399e+02 +1.334170399e+02 +2.5263e+00 +2.7798e+00 -2.5011e+00 -3.5825e-01 +1.5310e+00 -1.0679e+00 +6.5216e-01 -1.5397e+00 -3.4912e-01 -1.0082e+00
102 +1.113137804e+02 +1.113137804e+02 +1.009837804e+02 +1.009837804e+02 +2.3662e+00 +4.9604e+00 -1.9563e+00 -5.9008e-01 -9.7811e-02 -3.4617e+00 +9.2799e-01 -3.7209e+00 +7.0206e-01 -1.1783e+00
268 +9.584542199e+01 +9.584542199e+01 +8.551542199e+01 +8.551542199e+01 +2.8010e+00 +3.8210e+00 +2.4037e-01 +7.6933e-01 +1.7593e+00 -4.6454e+00 +2.4716e-01 -2.3818e+00 +1.2440e+00 -1.3421e+00
363 +8.188238528e+01 +8.188238528e+01 +7.155238528e+01 +7.155238528e+01 +1.8970e+00 +3.5698e+00 -1.4214e+00 +1.3016e-01 +1.7424e+00 -3.1828e+00 -1.1992e+00 -2.7243e+00 +9.6050e-01 -3.0665e+00
574 +7.932012216e+01 +7.932012216e+01 +6.899012216e+01 +6.899012216e+01 +3.2131e+00 +3.3656e+00 -2.0134e+00 +2.3184e+00 +1.7694e+00 -4.4238e+00 +1.7799e-01 -2.1289e+00 +3.9689e+00 -2.6060e+00
722 +7.391752908e+01 +7.391752908e+01 +6.358752908e+01 +6.358752908e+01 +3.5841e+00 +3.3452e+00 -2.2649e+00 +1.6479e+00 +2.0426e-01 -4.0650e+00 -1.3633e+00 -3.1629e+00 +3.4054e+00 -2.5372e+00
925 +6.877221576e+01 +6.877221576e+01 +5.844221576e+01 +5.844221576e+01 +2.9365e+00 +3.5909e+00 -4.5781e-01 +6.3020e-01 -3.8806e-01 -3.4999e+00 -2.2227e-01 -4.1366e+00 +2.7371e+00 -2.2897e+00
1269 +5.081414777e+01 +5.081414777e+01 +4.048414777e+01 +4.048414777e+01 +3.8490e+00 +2.6447e+00 -1.1376e+00 +2.2909e+00 +1.8882e+00 -4.8783e+00 -1.0232e+00 -2.8585e+00 +3.1479e+00 -2.8061e+00
4785 +3.793480324e+01 +3.793480324e+01 +2.760480324e+01 +2.760480324e+01 +2.9549e+00 +3.2236e+00 -5.9257e-01 +2.1396e+00 +9.6780e-01 -3.1468e+00 -8.2318e-01 -3.4743e+00 +2.5472e+00 -1.8490e+00
14872 +3.610786204e+01 +3.610786204e+01 +2.577786204e+01 +2.577786204e+01 +3.9329e+00 +2.8617e+00 -5.6643e-01 +1.8697e+00 +3.6325e+00 -2.5364e+00 +8.1481e-01 -3.2492e+00 +1.2724e+00 -2.1334e+00
15610 +3.546112966e+01 +3.546112966e+01 +2.513112966e+01 +2.513112966e+01 +3.8393e+00 +2.7878e+00 -5.1494e-01 +1.9296e+00 +3.6837e+00 -2.5660e+00 +8.2304e-01 -3.2325e+00 +1.2811e+00 -2.1954e+00
15643 +3.435987036e+01 +3.435987036e+01 +2.402987036e+01 +2.402987036e+01 +3.8686e+00 +2.8118e+00 -5.4789e-01 +1.9225e+00 +3.6677e+00 -2.5293e+00 +8.5178e-01 -3.2279e+00 +1.2624e+00 -2.1685e+00
17393 +3.388219628e+01 +3.388219628e+01 +2.355219628e+01 +2.355219628e+01 +3.8984e+00 +2.8193e+00 -5.4071e-01 +1.9069e+00 +3.6823e+00 -2.5566e+00 +8.3549e-01 -3.2263e+00 +1.2617e+00 -2.1614e+00
% function evaluation | noise-free fitness - Fopt (-6.846000000000e+01) | best noise-free fitness - Fopt | measured fitness | best measured fitness | x1 | x2...
1 +2.297873423e+03 +2.297873423e+03 +2.229413423e+03 +2.229413423e+03 +0.0000e+00 +0.0000e+00 +0.0000e+00 +0.0000e+00 +0.0000e+00 +0.0000e+00 +0.0000e+00 +0.0000e+00 +0.0000e+00 +0.0000e+00
2 +2.231841871e+03 +2.231841871e+03 +2.163381871e+03 +2.163381871e+03 -1.9359e+00 -7.3460e-01 -1.5959e+00 +1.0094e+00 +1.5933e-01 +6.6286e-01 -1.5744e-01 +7.8373e-01 -9.0369e-01 -7.8123e-01
4 +1.338850360e+03 +1.338850360e+03 +1.270390360e+03 +1.270390360e+03 -3.5132e+00 +1.4807e+00 -7.8115e-01 -6.7190e+00 -1.2852e+00 +8.2432e-01 -3.7053e-01 -1.2329e+00 +1.2387e+00 +3.0084e-01
12 +8.998560454e+02 +8.998560454e+02 +8.313960454e+02 +8.313960454e+02 -1.8680e+00 +9.4250e-01 +7.7167e-01 -6.8230e+00 -3.0323e+00 +4.8833e-01 +5.4534e-01 -2.5718e+00 +1.1110e-02 +1.5214e-01
31 +7.713104634e+02 +7.713104634e+02 +7.028504634e+02 +7.028504634e+02 -2.0333e+00 +1.4464e+00 +1.1923e+00 -6.2846e+00 -3.1415e+00 +1.2583e+00 +1.2908e+00 -3.4051e+00 +1.6728e-01 +1.5704e+00
32 +6.261857913e+02 +6.261857913e+02 +5.577257913e+02 +5.577257913e+02 -6.9012e-01 +1.9904e+00 +1.0170e+00 -5.5187e+00 -5.5676e+00 -4.2926e-01 +1.7565e+00 -3.1543e+00 -1.5622e+00 +2.6594e+00
33 +5.603087515e+02 +5.603087515e+02 +4.918487515e+02 +4.918487515e+02 +2.5203e+00 -7.3565e-01 +1.0152e+00 -5.0640e+00 -3.5423e+00 -7.3549e-01 +3.3951e+00 -3.5983e+00 -1.8137e+00 +7.9090e-01
37 +4.770962700e+02 +4.770962700e+02 +4.086362700e+02 +4.086362700e+02 +1.2178e+00 +8.6391e-01 +1.3910e+00 -4.9298e+00 -3.5078e+00 +7.5432e-01 +3.4753e+00 -3.0249e+00 -2.7159e-01 +1.8978e+00
48 +4.453182048e+02 +4.453182048e+02 +3.768582048e+02 +3.768582048e+02 +1.5981e+00 -6.0608e-01 +5.9999e-01 -5.0635e+00 -4.4035e+00 -2.1437e-01 +5.0951e+00 -4.6998e+00 +5.6211e-01 +2.1886e+00
56 +3.933801668e+02 +3.933801668e+02 +3.249201668e+02 +3.249201668e+02 +1.6393e+00 +5.2392e-01 +2.9252e-01 -5.8675e+00 -4.1273e+00 -3.8088e-01 +2.4127e+00 -4.8232e+00 -2.9934e-01 +1.6157e+00
70 +3.723059902e+02 +3.723059902e+02 +3.038459902e+02 +3.038459902e+02 +3.1262e+00 -1.6687e-02 -1.3390e+00 -4.6260e+00 -4.5599e+00 -1.5187e+00 +3.2966e+00 -4.4205e+00 -4.0626e-01 +1.5855e+00
76 +3.697835424e+02 +3.697835424e+02 +3.013235424e+02 +3.013235424e+02 +1.7348e+00 -7.4275e-01 -1.7557e+00 -4.5880e+00 -4.3628e+00 -5.8301e-01 +3.9157e+00 -4.7109e+00 +2.1934e-01 +1.7457e+00
77 +3.600966388e+02 +3.600966388e+02 +2.916366388e+02 +2.916366388e+02 +6.4534e+00 -1.6671e+00 -2.1425e+00 -3.9205e+00 -6.8616e+00 +5.1768e-01 +4.0797e+00 -3.5880e+00 -2.2306e+00 +6.2818e-01
85 +3.282660007e+02 +3.282660007e+02 +2.598060007e+02 +2.598060007e+02 +6.1312e+00 -1.0516e+00 -1.2103e+00 -4.7394e+00 -6.2927e+00 +1.4378e+00 +3.5911e+00 -3.5392e+00 -2.3683e+00 +4.1987e-01
87 +3.002074550e+02 +3.002074550e+02 +2.317474550e+02 +2.317474550e+02 +5.8380e+00 -2.2058e+00 -3.3772e+00 -3.7851e+00 -6.1900e+00 +2.1915e+00 +4.2724e+00 -4.8346e+00 -2.2769e+00 -3.5313e-01
89 +2.648284285e+02 +2.648284285e+02 +1.963684285e+02 +1.963684285e+02 +5.0986e+00 -5.2861e-01 -1.4451e+00 -2.0226e+00 -7.0534e+00 +3.9279e-01 +4.7665e+00 -2.8899e+00 -3.7036e-01 +7.3686e-01
94 +2.309443839e+02 +2.309443839e+02 +1.624843839e+02 +1.624843839e+02 +5.0492e+00 +1.5935e-01 -3.3485e+00 -1.7768e+00 -8.4446e+00 -7.8623e-01 +4.7969e+00 -4.0201e+00 +2.7899e-01 +1.5054e+00
104 +2.044606218e+02 +2.044606218e+02 +1.360006218e+02 +1.360006218e+02 +4.1455e+00 +1.2226e+00 -2.8881e+00 -3.0746e+00 -4.3032e+00 +5.2160e-02 +4.2197e+00 -3.5636e+00 +8.4116e-01 +6.0575e-01
120 +2.001356897e+02 +2.001356897e+02 +1.316756897e+02 +1.316756897e+02 +4.6442e+00 +1.0199e+00 -2.7618e+00 -2.3745e+00 -4.9604e+00 +1.4325e-01 +4.3723e+00 -4.2734e+00 -7.4627e-02 +9.7717e-01
136 +1.959147732e+02 +1.959147732e+02 +1.274547732e+02 +1.274547732e+02 +5.0221e+00 +3.6603e-01 -3.3774e+00 +4.9134e-02 -5.7919e+00 +7.9982e-01 +4.3634e+00 -7.2676e+00 -3.8328e-01 +2.2446e+00
156 +1.770706976e+02 +1.770706976e+02 +1.086106976e+02 +1.086106976e+02 +3.1507e+00 -8.4685e-02 -2.5159e+00 +1.9844e+00 -4.7065e+00 +1.7799e+00 +5.6537e+00 -5.0377e+00 -4.7168e-01 +1.4292e+00
163 +1.721928545e+02 +1.721928545e+02 +1.037328545e+02 +1.037328545e+02 +2.1083e+00 +5.2896e-01 -3.6267e-01 +3.4138e-01 -4.8069e+00 +3.2767e+00 +6.6888e+00 -5.1062e+00 -1.9848e-01 +7.5635e-01
168 +1.396162926e+02 +1.396162926e+02 +7.115629263e+01 +7.115629263e+01 +3.5860e+00 +6.0948e-01 -2.7453e+00 +1.4290e+00 -5.1819e+00 +1.6515e+00 +5.1150e+00 -4.0391e+00 +7.3272e-01 +1.6797e+00
238 +1.224141968e+02 +1.224141968e+02 +5.395419678e+01 +5.395419678e+01 +3.5435e+00 +2.2339e+00 -2.1689e+00 +1.1149e+00 -6.0619e+00 +4.0610e+00 +5.8734e+00 -4.0868e+00 -9.1981e-01 +2.0762e-01
325 +1.189224867e+02 +1.189224867e+02 +5.046248671e+01 +5.046248671e+01 +2.9092e+00 +2.5767e+00 -4.0797e+00 -4.9030e-01 -6.3519e+00 +3.4118e+00 +5.5225e+00 -4.0012e+00 -2.3670e+00 -7.9199e-01
334 +1.087230277e+02 +1.087230277e+02 +4.026302771e+01 +4.026302771e+01 +2.7375e+00 +2.2299e+00 -3.3913e+00 +4.7632e-01 -6.4176e+00 +3.4224e+00 +6.0080e+00 -2.5391e+00 -1.6698e+00 +3.8079e-01
453 +9.226726205e+01 +9.226726205e+01 +2.380726205e+01 +2.380726205e+01 +2.7940e+00 +2.6007e+00 -3.6312e+00 +1.1938e+00 -4.9765e+00 +7.7063e-01 +4.0139e+00 -5.4653e+00 -6.6881e-01 -2.8022e-01
754 +8.837379647e+01 +8.837379647e+01 +1.991379647e+01 +1.991379647e+01 +3.8534e+00 +2.2621e+00 -3.8282e+00 -2.5809e-01 -2.2955e+00 +3.5480e+00 +4.7899e+00 -4.1498e+00 -7.1732e-02 -1.7455e+00
865 +6.167622181e+01 +6.167622181e+01 -6.783778193e+00 -6.783778193e+00 +2.8475e+00 +2.5791e+00 -4.2045e+00 +1.2288e+00 -2.7949e+00 +2.7382e+00 +4.5754e+00 -4.3373e+00 -1.5968e+00 -2.8279e+00
1970 +5.807819707e+01 +5.807819707e+01 -1.038180293e+01 -1.038180293e+01 +1.6051e+00 +1.7680e+00 -2.5899e+00 -1.8010e-01 -3.6448e+00 +3.8584e+00 +4.3967e+00 -3.8990e+00 -1.8380e+00 -1.7781e+00
1999 +5.640693791e+01 +5.640693791e+01 -1.205306209e+01 -1.205306209e+01 +2.4347e+00 +3.5807e+00 -3.7312e+00 +2.0690e-02 -4.2589e+00 +3.3177e+00 +4.8773e+00 -3.8570e+00 -1.9851e+00 -2.0586e+00
3089 +5.087817150e+01 +5.087817150e+01 -1.758182850e+01 -1.758182850e+01 +3.3728e+00 +2.3172e+00 -1.7817e+00 -3.3020e-01 -2.8316e+00 +3.4229e+00 +2.1254e+00 -3.8155e+00 -1.9137e+00 -2.2231e+00
3484 +3.778449187e+01 +3.778449187e+01 -3.067550813e+01 -3.067550813e+01 +3.5944e+00 +2.6420e+00 -2.1614e+00 -6.3088e-01 -4.5517e+00 +3.8232e+00 +2.9416e+00 -3.3302e+00 -2.0605e+00 -2.5125e+00
4588 +3.694588142e+01 +3.694588142e+01 -3.151411858e+01 -3.151411858e+01 +4.6757e+00 +2.8881e+00 -3.6936e+00 -7.6270e-02 -2.8541e+00 +3.0203e+00 +4.1365e+00 -3.9409e+00 -1.2769e+00 -1.2433e+00
% function evaluation | noise-free fitness - Fopt (-1.314900000000e+02) | best noise-free fitness - Fopt | measured fitness | best measured fitness | x1 | x2...
1 +2.404139786e+02 +2.404139786e+02 +1.089239786e+02 +1.089239786e+02 +0.0000e+00 +0.0000e+00 +0.0000e+00 +0.0000e+00 +0.0000e+00 +0.0000e+00 +0.0000e+00 +0.0000e+00 +0.0000e+00 +0.0000e+00
9 +1.940065326e+02 +1.940065326e+02 +6.251653256e+01 +6.251653256e+01 +2.7430e-01 +7.3232e-01 -1.7881e+00 -9.7171e-01 +7.0836e-01 +1.8784e-01 +1.2063e+00 +1.0656e+00 +1.7181e+00 -1.3762e+00
12 +1.903162658e+02 +1.903162658e+02 +5.882626579e+01 +5.882626579e+01 +8.6882e-01 -1.0999e+00 -4.0527e-01 -1.2593e+00 +3.1160e-01 -1.6117e+00 -6.9124e-02 +1.0665e+00 +1.8372e+00 -2.4422e+00
13 +1.501600186e+02 +1.501600186e+02 +1.867001855e+01 +1.867001855e+01 -1.1151e+00 +6.3538e-01 -1.7628e+00 -1.3801e+00 +1.1355e+00 -1.9156e+00 +1.2765e+00 +7.9435e-01 +1.0381e+00 -2.2837e+00
17 +1.404109826e+02 +1.404109826e+02 +8.920982606e+00 +8.920982606e+00 -2.0005e-01 +1.6044e+00 -1.6214e+00 -1.6385e+00 +2.2424e+00 +3.8571e-01 +4.2071e-01 +1.8897e+00 +1.5719e+00 -1.3258e+00
38 +1.199381131e+02 +1.199381131e+02 -1.155188688e+01 -1.155188688e+01 -1.0990e+00 +3.0835e-02 -2.2027e+00 -2.7412e+00 +1.8950e+00 +1.8599e+00 +1.1726e-03 +9.2866e-01 +1.4532e+00 +4.4598e-01
228 +1.139018723e+02 +1.139018723e+02 -1.758812771e+01 -1.758812771e+01 -5.2287e+00 +8.6440e-01 -1.0492e+00 -1.4568e+00 +3.2449e+00 +3.5450e+00 +2.0737e+00 +3.7946e+00 +2.2680e+00 -1.8352e+00
353 +9.427867831e+01 +9.427867831e+01 -3.721132169e+01 -3.721132169e+01 -2.5753e+00 -2.4206e-01 -1.3931e+00 -3.5629e+00 +1.0195e+00 +1.8733e+00 +2.5421e+00 +4.3174e+00 -1.3030e-02 -4.3448e+00
460 +9.290873339e+01 +9.290873339e+01 -3.858126661e+01 -3.858126661e+01 -3.5943e+00 -1.8154e+00 -2.9066e+00 -2.1540e+00 +1.3124e+00 +2.0063e+00 -6.7160e-01 +2.6469e+00 +2.2479e-01 -3.5434e+00
462 +8.752704536e+01 +8.752704536e+01 -4.396295464e+01 -4.396295464e+01 -3.5561e+00 -9.7046e-01 -3.2592e+00 -2.2511e+00 +6.7292e-02 +1.0922e+00 -4.9748e-01 +1.3035e+00 +1.5076e+00 -4.5551e+00
672 +8.119175443e+01 +8.119175443e+01 -5.029824557e+01 -5.029824557e+01 -3.4047e+00 +4.1099e-01 -2.4174e+00 -2.4260e+00 +3.2445e+00 +2.7966e+00 +1.6988e+00 +2.1810e+00 -7.3302e-01 -1.9954e+00
722 +7.699903668e+01 +7.699903668e+01 -5.449096332e+01 -5.449096332e+01 -3.1715e+00 +1.4547e-01 -2.0151e+00 -2.5265e+00 +3.1369e+00 +2.5981e+00 +2.0145e-02 +2.9568e+00 +3.5416e+00 -4.4214e+00
789 +5.775548107e+01 +5.775548107e+01 -7.373451893e+01 -7.373451893e+01 -3.7227e+00 -5.0715e-01 -6.8266e-01 -2.0759e+00 +3.1373e+00 +2.2991e+00 +1.5327e+00 +3.0047e+00 +1.0114e+00 -2.5137e+00
1644 +4.141007959e+01 +4.141007959e+01 -9.007992041e+01 -9.007992041e+01 -1.8569e+00 -2.9219e-01 -3.6887e+00 -1.3534e+00 +3.2419e+00 +2.4769e+00 +1.0015e+00 +2.7031e+00 -7.2057e-02 -3.9718e+00
7305 +3.907462538e+01 +3.907462538e+01 -9.241537462e+01 -9.241537462e+01 -3.4376e+00 +1.2443e+00 -2.6523e+00 -2.4442e+00 +2.4329e+00 +1.1251e+00 +1.0530e+00 +3.3499e+00 +2.1434e+00 -2.4398e+00
8866 +3.341416390e+01 +3.341416390e+01 -9.807583610e+01 -9.807583610e+01 -2.8316e+00 -2.2286e-01 -1.8771e+00 -2.5279e+00 +2.5691e+00 +1.2715e+00 +9.2998e-01 +2.2050e+00 +1.5411e+00 -4.0867e+00
12501 +3.134682199e+01 +3.134682199e+01 -1.001431780e+02 -1.001431780e+02 -3.5679e+00 -4.6510e-01 -2.6603e+00 -2.0161e+00 +3.6473e+00 +2.4001e+00 +2.3523e+00 +4.2871e+00 +1.9567e+00 -2.4354e+00
12692 +2.964381421e+01 +2.964381421e+01 -1.018461858e+02 -1.018461858e+02 -3.6638e+00 -5.0131e-01 -2.5405e+00 -2.0134e+00 +3.6717e+00 +2.3785e+00 +2.3343e+00 +4.3067e+00 +2.0022e+00 -2.4109e+00
12799 +2.865996202e+01 +2.865996202e+01 -1.028300380e+02 -1.028300380e+02 -3.6745e+00 -5.0756e-01 -2.5641e+00 -2.0398e+00 +3.6195e+00 +2.4030e+00 +2.3395e+00 +4.3202e+00 +2.0270e+00 -2.4271e+00
12865 +2.775251806e+01 +2.775251806e+01 -1.037374819e+02 -1.037374819e+02 -3.6786e+00 -5.1386e-01 -2.5609e+00 -2.0041e+00 +3.6753e+00 +2.4265e+00 +2.3173e+00 +4.3110e+00 +2.0296e+00 -2.4638e+00
13002 +2.751839301e+01 +2.751839301e+01 -1.039716070e+02 -1.039716070e+02 -3.6324e+00 -5.3142e-01 -2.5925e+00 -2.0047e+00 +3.6606e+00 +2.4151e+00 +2.3049e+00 +4.3110e+00 +2.0110e+00 -2.4504e+00
13465 +2.583596887e+01 +2.583596887e+01 -1.056540311e+02 -1.056540311e+02 -3.6544e+00 -4.7206e-01 -2.5963e+00 -1.9963e+00 +3.6376e+00 +2.4093e+00 +2.2979e+00 +4.3019e+00 +2.0270e+00 -2.4418e+00
13703 +2.553975435e+01 +2.553975435e+01 -1.059502457e+02 -1.059502457e+02 -3.6451e+00 -4.6558e-01 -2.6273e+00 -2.0254e+00 +3.6312e+00 +2.3999e+00 +2.3049e+00 +4.3075e+00 +2.0175e+00 -2.4122e+00
15712 +2.510040612e+01 +2.510040612e+01 -1.063895939e+02 -1.063895939e+02 -3.6454e+00 -4.7192e-01 -2.6249e+00 -2.0179e+00 +3.6286e+00 +2.4085e+00 +2.2832e+00 +4.3004e+00 +2.0504e+00 -2.4385e+00
