% function evaluation | noise-free fitness - Fopt (1.000000000000e+03) | best noise-free fitness - Fopt | measured fitness | best measured fitness | x1 | x2...
1 +1.647212407e+03 +1.647212407e+03 +2.647212407e+03 +2.647212407e+03
10 +1.440015277e+03 +1.440015277e+03 +2.440015277e+03 +2.440015277e+03
18 +1.390036801e+03 +1.390036801e+03 +2.390036801e+03 +2.390036801e+03
27 +1.322656571e+03 +1.322656571e+03 +2.322656571e+03 +2.322656571e+03
43 +1.153879123e+03 +1.153879123e+03 +2.153879123e+03 +2.153879123e+03
56 +1.127193201e+03 +1.127193201e+03 +2.127193201e+03 +2.127193201e+03
59 +9.887868717e+02 +9.887868717e+02 +1.988786872e+03 +1.988786872e+03
77 +9.617299116e+02 +9.617299116e+02 +1.961729912e+03 +1.961729912e+03
86 +8.831159932e+02 +8.831159932e+02 +1.883115993e+03 +1.883115993e+03
182 +8.465245068e+02 +8.465245068e+02 +1.846524507e+03 +1.846524507e+03
2453 +8.267528029e+02 +8.267528029e+02 +1.826752803e+03 +1.826752803e+03
2463 +7.865789481e+02 +7.865789481e+02 +1.786578948e+03 +1.786578948e+03
2470 +7.246996531e+02 +7.246996531e+02 +1.724699653e+03 +1.724699653e+03
5653 +6.952083383e+02 +6.952083383e+02 +1.695208338e+03 +1.695208338e+03
5696 +6.671432624e+02 +6.671432624e+02 +1.667143262e+03 +1.667143262e+03
5713 +6.099492398e+02 +6.099492398e+02 +1.609949240e+03 +1.609949240e+03
5949 +5.922528058e+02 +5.922528058e+02 +1.592252806e+03 +1.592252806e+03
7309 +5.862645783e+02 +5.862645783e+02 +1.586264578e+03 +1.586264578e+03
7371 +5.713086410e+02 +5.713086410e+02 +1.571308641e+03 +1.571308641e+03
8752 +5.567557659e+02 +5.567557659e+02 +1.556755766e+03 +1.556755766e+03
10225 +5.465850387e+02 +5.465850387e+02 +1.546585039e+03 +1.546585039e+03
12546 +5.340788900e+02 +5.340788900e+02 +1.534078890e+03 +1.534078890e+03
12569 +5.204283381e+02 +5.204283381e+02 +1.520428338e+03 +1.520428338e+03
15058 +5.053937747e+02 +5.053937747e+02 +1.505393775e+03 +1.505393775e+03
16368 +4.766148389e+02 +4.766148389e+02 +1.476614839e+03 +1.476614839e+03
20844 +4.660443910e+02 +4.660443910e+02 +1.466044391e+03 +1.466044391e+03
21450 +4.505436191e+02 +4.505436191e+02 +1.450543619e+03 +1.450543619e+03
23831 +4.145730864e+02 +4.145730864e+02 +1.414573086e+03 +1.414573086e+03
34164 +4.057369482e+02 +4.057369482e+02 +1.405736948e+03 +1.405736948e+03
34172 +3.779167484e+02 +3.779167484e+02 +1.377916748e+03 +1.377916748e+03
58520 +3.554981554e+02 +3.554981554e+02 +1.355498155e+03 +1.355498155e+03
69150 +3.463968172e+02 +3.463968172e+02 +1.346396817e+03 +1.346396817e+03
69328 +3.020466874e+02 +3.020466874e+02 +1.302046687e+03 +1.302046687e+03
84737 +2.874024895e+02 +2.874024895e+02 +1.287402490e+03 +1.287402490e+03
93049 +2.676465992e+02 +2.676465992e+02 +1.267646599e+03 +1.267646599e+03
93067 +2.609236299e+02 +2.609236299e+02 +1.260923630e+03 +1.260923630e+03
95586 +2.565715008e+02 +2.565715008e+02 +1.256571501e+03 +1.256571501e+03
97760 +2.489005875e+02 +2.489005875e+02 +1.248900588e+03 +1.248900588e+03
98115 +2.232675002e+02 +2.232675002e+02 +1.223267500e+03 +1.223267500e+03
98189 +2.149545702e+02 +2.149545702e+02 +1.214954570e+03 +1.214954570e+03
99604 +2.114939446e+02 +2.114939446e+02 +1.211493945e+03 +1.211493945e+03
198218 +2.034848212e+02 +2.034848212e+02 +1.203484821e+03 +1.203484821e+03
199402 +1.993000222e+02 +1.993000222e+02 +1.199300022e+03 +1.199300022e+03
286512 +1.918144443e+02 +1.918144443e+02 +1.191814444e+03 +1.191814444e+03
290388 +1.888404943e+02 +1.888404943e+02 +1.188840494e+03 +1.188840494e+03
290581 +1.800236582e+02 +1.800236582e+02 +1.180023658e+03 +1.180023658e+03
291448 +1.760436120e+02 +1.760436120e+02 +1.176043612e+03 +1.176043612e+03
291516 +1.713028514e+02 +1.713028514e+02 +1.171302851e+03 +1.171302851e+03
291528 +1.675073801e+02 +1.675073801e+02 +1.167507380e+03 +1.167507380e+03
291790 +1.619091415e+02 +1.619091415e+02 +1.161909141e+03 +1.161909141e+03
291846 +1.550198446e+02 +1.550198446e+02 +1.155019845e+03 +1.155019845e+03
291863 +1.464565821e+02 +1.464565821e+02 +1.146456582e+03 +1.146456582e+03
291937 +1.414737820e+02 +1.414737820e+02 +1.141473782e+03 +1.141473782e+03
294658 +1.397102317e+02 +1.397102317e+02 +1.139710232e+03 +1.139710232e+03
294680 +1.316957416e+02 +1.316957416e+02 +1.131695742e+03 +1.131695742e+03
294775 +1.279025251e+02 +1.279025251e+02 +1.127902525e+03 +1.127902525e+03
294792 +1.237658403e+02 +1.237658403e+02 +1.123765840e+03 +1.123765840e+03
294800 +1.224995736e+02 +1.224995736e+02 +1.122499574e+03 +1.122499574e+03
298700 +1.188790141e+02 +1.188790141e+02 +1.118879014e+03 +1.118879014e+03
298960 +1.133667277e+02 +1.133667277e+02 +1.113366728e+03 +1.113366728e+03
% function evaluation | noise-free fitness - Fopt (7.003000000000e+01) | best noise-free fitness - Fopt | measured fitness | best measured fitness | x1 | x2...
1 +1.788306963e+03 +1.788306963e+03 +1.858336963e+03 +1.858336963e+03
3 +1.601246190e+03 +1.601246190e+03 +1.671276190e+03 +1.671276190e+03
12 +1.548184251e+03 +1.548184251e+03 +1.618214251e+03 +1.618214251e+03
18 +1.177170060e+03 +1.177170060e+03 +1.247200060e+03 +1.247200060e+03
26 +1.076635176e+03 +1.076635176e+03 +1.146665176e+03 +1.146665176e+03
52 +1.060540548e+03 +1.060540548e+03 +1.130570548e+03 +1.130570548e+03
56 +9.977434516e+02 +9.977434516e+02 +1.067773452e+03 +1.067773452e+03
424 +9.621246861e+02 +9.621246861e+02 +1.032154686e+03 +1.032154686e+03
1372 +9.427446266e+02 +9.427446266e+02 +1.012774627e+03 +1.012774627e+03
1831 +9.045463268e+02 +9.045463268e+02 +9.745763268e+02 +9.745763268e+02
1832 +8.053339862e+02 +8.053339862e+02 +8.753639862e+02 +8.753639862e+02
1866 +7.023767173e+02 +7.023767173e+02 +7.724067173e+02 +7.724067173e+02
3988 +6.591542676e+02 +6.591542676e+02 +7.291842676e+02 +7.291842676e+02
4564 +5.799377572e+02 +5.799377572e+02 +6.499677572e+02 +6.499677572e+02
7203 +5.616404032e+02 +5.616404032e+02 +6.316704032e+02 +6.316704032e+02
11473 +5.452108961e+02 +5.452108961e+02 +6.152408961e+02 +6.152408961e+02
11483 +5.025491239e+02 +5.025491239e+02 +5.725791239e+02 +5.725791239e+02
11505 +4.985374104e+02 +4.985374104e+02 +5.685674104e+02 +5.685674104e+02
11541 +4.130304488e+02 +4.130304488e+02 +4.830604488e+02 +4.830604488e+02
35500 +3.947531414e+02 +3.947531414e+02 +4.647831414e+02 +4.647831414e+02
43151 +3.864218071e+02 +3.864218071e+02 +4.564518071e+02 +4.564518071e+02
45446 +3.738862746e+02 +3.738862746e+02 +4.439162746e+02 +4.439162746e+02
45495 +3.612620878e+02 +3.612620878e+02 +4.312920878e+02 +4.312920878e+02
45507 +3.534589957e+02 +3.534589957e+02 +4.234889957e+02 +4.234889957e+02
45844 +3.464385015e+02 +3.464385015e+02 +4.164685015e+02 +4.164685015e+02
67190 +3.254096179e+02 +3.254096179e+02 +3.954396179e+02 +3.954396179e+02
79762 +3.150939507e+02 +3.150939507e+02 +3.851239507e+02 +3.851239507e+02
88550 +2.907432560e+02 +2.907432560e+02 +3.607732560e+02 +3.607732560e+02
89896 +2.875124227e+02 +2.875124227e+02 +3.575424227e+02 +3.575424227e+02
89908 +2.714560155e+02 +2.714560155e+02 +3.414860155e+02 +3.414860155e+02
89930 +2.679299151e+02 +2.679299151e+02 +3.379599151e+02 +3.379599151e+02
90039 +2.546591091e+02 +2.546591091e+02 +3.246891091e+02 +3.246891091e+02
90050 +2.477769118e+02 +2.477769118e+02 +3.178069118e+02 +3.178069118e+02
94418 +2.443949742e+02 +2.443949742e+02 +3.144249742e+02 +3.144249742e+02
95062 +2.335932144e+02 +2.335932144e+02 +3.036232144e+02 +3.036232144e+02
95400 +2.219961825e+02 +2.219961825e+02 +2.920261825e+02 +2.920261825e+02
99114 +2.141916302e+02 +2.141916302e+02 +2.842216302e+02 +2.842216302e+02
99187 +2.127720554e+02 +2.127720554e+02 +2.828020554e+02 +2.828020554e+02
189584 +2.087385043e+02 +2.087385043e+02 +2.787685043e+02 +2.787685043e+02
189595 +2.023852799e+02 +2.023852799e+02 +2.724152799e+02 +2.724152799e+02
189616 +1.919630389e+02 +1.919630389e+02 +2.619930389e+02 +2.619930389e+02
192827 +1.839883906e+02 +1.839883906e+02 +2.540183906e+02 +2.540183906e+02
192846 +1.808316477e+02 +1.808316477e+02 +2.508616477e+02 +2.508616477e+02
192859 +1.774904201e+02 +1.774904201e+02 +2.475204201e+02 +2.475204201e+02
192872 +1.682395850e+02 +1.682395850e+02 +2.382695850e+02 +2.382695850e+02
192908 +1.593895950e+02 +1.593895950e+02 +2.294195950e+02 +2.294195950e+02
196072 +1.571225732e+02 +1.571225732e+02 +2.271525732e+02 +2.271525732e+02
196504 +1.538221054e+02 +1.538221054e+02 +2.238521054e+02 +2.238521054e+02
196519 +1.465061800e+02 +1.465061800e+02 +2.165361800e+02 +2.165361800e+02
196741 +1.425591255e+02 +1.425591255e+02 +2.125891255e+02 +2.125891255e+02
196748 +1.396265255e+02 +1.396265255e+02 +2.096565255e+02 +2.096565255e+02
196767 +1.354247355e+02 +1.354247355e+02 +2.054547355e+02 +2.054547355e+02
197114 +1.348160095e+02 +1.348160095e+02 +2.048460095e+02 +2.048460095e+02
197547 +1.316619266e+02 +1.316619266e+02 +2.016919266e+02 +2.016919266e+02
198353 +1.281688559e+02 +1.281688559e+02 +1.981988559e+02 +1.981988559e+02
198359 +1.239274606e+02 +1.239274606e+02 +1.939574606e+02 +1.939574606e+02
198942 +1.226542262e+02 +1.226542262e+02 +1.926842262e+02 +1.926842262e+02
199169 +1.199932069e+02 +1.199932069e+02 +1.900232069e+02 +1.900232069e+02
% function evaluation | noise-free fitness - Fopt (-4.822000000000e+01) | best noise-free fitness - Fopt | measured fitness | best measured fitness | x1 | x2...
1 +1.224588598e+03 +1.224588598e+03 +1.176368598e+03 +1.176368598e+03
35 +1.092320694e+03 +1.092320694e+03 +1.044100694e+03 +1.044100694e+03
101 +8.951631746e+02 +8.951631746e+02 +8.469431746e+02 +8.469431746e+02
1542 +7.702183240e+02 +7.702183240e+02 +7.219983240e+02 +7.219983240e+02
1750 +7.251614092e+02 +7.251614092e+02 +6.769414092e+02 +6.769414092e+02
2170 +6.758260355e+02 +6.758260355e+02 +6.276060355e+02 +6.276060355e+02
3064 +6.247090458e+02 +6.247090458e+02 +5.764890458e+02 +5.764890458e+02
6040 +5.945560961e+02 +5.945560961e+02 +5.463360961e+02 +5.463360961e+02
6042 +5.811612239e+02 +5.811612239e+02 +5.329412239e+02 +5.329412239e+02
6072 +5.750897864e+02 +5.750897864e+02 +5.268697864e+02 +5.268697864e+02
7200 +5.593158926e+02 +5.593158926e+02 +5.110958926e+02 +5.110958926e+02
7233 +5.199827536e+02 +5.199827536e+02 +4.717627536e+02 +4.717627536e+02
7261 +5.091371051e+02 +5.091371051e+02 +4.609171051e+02 +4.609171051e+02
14061 +4.993758244e+02 +4.993758244e+02 +4.511558244e+02 +4.511558244e+02
19312 +4.839646786e+02 +4.839646786e+02 +4.357446786e+02 +4.357446786e+02
19805 +4.757140406e+02 +4.757140406e+02 +4.274940406e+02 +4.274940406e+02
23039 +4.484144075e+02 +4.484144075e+02 +4.001944075e+02 +4.001944075e+02
29358 +3.907732160e+02 +3.907732160e+02 +3.425532160e+02 +3.425532160e+02
55030 +3.813442203e+02 +3.813442203e+02 +3.331242203e+02 +3.331242203e+02
71006 +3.797070327e+02 +3.797070327e+02 +3.314870327e+02 +3.314870327e+02
73057 +3.666515179e+02 +3.666515179e+02 +3.184315179e+02 +3.184315179e+02
73144 +3.391121023e+02 +3.391121023e+02 +2.908921023e+02 +2.908921023e+02
74813 +3.311019143e+02 +3.311019143e+02 +2.828819143e+02 +2.828819143e+02
80343 +3.099841623e+02 +3.099841623e+02 +2.617641623e+02 +2.617641623e+02
83421 +2.997121859e+02 +2.997121859e+02 +2.514921859e+02 +2.514921859e+02
84705 +2.899582398e+02 +2.899582398e+02 +2.417382398e+02 +2.417382398e+02
84724 +2.643909331e+02 +2.643909331e+02 +2.161709331e+02 +2.161709331e+02
87672 +2.559958092e+02 +2.559958092e+02 +2.077758092e+02 +2.077758092e+02
90015 +2.478138593e+02 +2.478138593e+02 +1.995938593e+02 +1.995938593e+02
91392 +2.343000251e+02 +2.343000251e+02 +1.860800251e+02 +1.860800251e+02
91465 +2.214914237e+02 +2.214914237e+02 +1.732714237e+02 +1.732714237e+02
91478 +2.186143787e+02 +2.186143787e+02 +1.703943787e+02 +1.703943787e+02
91949 +2.090874948e+02 +2.090874948e+02 +1.608674948e+02 +1.608674948e+02
91953 +2.061953763e+02 +2.061953763e+02 +1.579753763e+02 +1.579753763e+02
95930 +2.032949656e+02 +2.032949656e+02 +1.550749656e+02 +1.550749656e+02
95933 +1.983726561e+02 +1.983726561e+02 +1.501526561e+02 +1.501526561e+02
96311 +1.898490443e+02 +1.898490443e+02 +1.416290443e+02 +1.416290443e+02
96383 +1.858258736e+02 +1.858258736e+02 +1.376058736e+02 +1.376058736e+02
97355 +1.791267087e+02 +1.791267087e+02 +1.309067087e+02 +1.309067087e+02
97929 +1.742000033e+02 +1.742000033e+02 +1.259800033e+02 +1.259800033e+02
98828 +1.736149627e+02 +1.736149627e+02 +1.253949627e+02 +1.253949627e+02
99242 +1.666637259e+02 +1.666637259e+02 +1.184437259e+02 +1.184437259e+02
99258 +1.620088796e+02 +1.620088796e+02 +1.137888796e+02 +1.137888796e+02
99267 +1.576900709e+02 +1.576900709e+02 +1.094700709e+02 +1.094700709e+02
99804 +1.531777960e+02 +1.531777960e+02 +1.049577960e+02 +1.049577960e+02
189753 +1.490115482e+02 +1.490115482e+02 +1.007915482e+02 +1.007915482e+02
190724 +1.449608992e+02 +1.449608992e+02 +9.674089919e+01 +9.674089919e+01
190751 +1.324652104e+02 +1.324652104e+02 +8.424521040e+01 +8.424521040e+01
191300 +1.282946742e+02 +1.282946742e+02 +8.007467423e+01 +8.007467423e+01
194533 +1.251610177e+02 +1.251610177e+02 +7.694101774e+01 +7.694101774e+01
194559 +1.215301222e+02 +1.215301222e+02 +7.331012217e+01 +7.331012217e+01
194941 +1.195032708e+02 +1.195032708e+02 +7.128327076e+01 +7.128327076e+01
194945 +1.169683577e+02 +1.169683577e+02 +6.874835765e+01 +6.874835765e+01
196575 +1.141693240e+02 +1.141693240e+02 +6.594932404e+01 +6.594932404e+01
196911 +1.117570620e+02 +1.117570620e+02 +6.353706199e+01 +6.353706199e+01
197017 +1.088700814e+02 +1.088700814e+02 +6.065008144e+01 +6.065008144e+01
199462 +1.070908985e+02 +1.070908985e+02 +5.887089847e+01 +5.887089847e+01
199541 +1.045083044e+02 +1.045083044e+02 +5.628830438e+01 +5.628830438e+01
299556 +1.013673285e+02 +1.013673285e+02 +5.314732848e+01 +5.314732848e+01
% function evaluation | noise-free fitness - Fopt (2.547000000000e+01) | best noise-free fitness - Fopt | measured fitness | best measured fitness | x1 | x2...
1 +1.654844505e+03 +1.654844505e+03 +1.680314505e+03 +1.680314505e+03
15 +1.471739927e+03 +1.471739927e+03 +1.497209927e+03 +1.497209927e+03
32 +1.422435300e+03 +1.422435300e+03 +1.447905300e+03 +1.447905300e+03
37 +1.197154654e+03 +1.197154654e+03 +1.222624654e+03 +1.222624654e+03
42 +1.141112449e+03 +1.141112449e+03 +1.166582449e+03 +1.166582449e+03
61 +1.101140622e+03 +1.101140622e+03 +1.126610622e+03 +1.126610622e+03
62 +9.738604362e+02 +9.738604362e+02 +9.993304362e+02 +9.993304362e+02
70 +8.221444825e+02 +8.221444825e+02 +8.476144825e+02 +8.476144825e+02
2961 +8.091229849e+02 +8.091229849e+02 +8.345929849e+02 +8.345929849e+02
3497 +7.061321883e+02 +7.061321883e+02 +7.316021883e+02 +7.316021883e+02
5250 +6.356018949e+02 +6.356018949e+02 +6.610718949e+02 +6.610718949e+02
8104 +5.819822153e+02 +5.819822153e+02 +6.074522153e+02 +6.074522153e+02
9234 +4.884731816e+02 +4.884731816e+02 +5.139431816e+02 +5.139431816e+02
19572 +4.726696643e+02 +4.726696643e+02 +4.981396643e+02 +4.981396643e+02
24774 +4.491213923e+02 +4.491213923e+02 +4.745913923e+02 +4.745913923e+02
25140 +4.269551127e+02 +4.269551127e+02 +4.524251127e+02 +4.524251127e+02
31461 +4.251370632e+02 +4.251370632e+02 +4.506070632e+02 +4.506070632e+02
35014 +3.974148938e+02 +3.974148938e+02 +4.228848938e+02 +4.228848938e+02
35341 +3.847327607e+02 +3.847327607e+02 +4.102027607e+02 +4.102027607e+02
35695 +3.775901015e+02 +3.775901015e+02 +4.030601015e+02 +4.030601015e+02
52883 +3.666289833e+02 +3.666289833e+02 +3.920989833e+02 +3.920989833e+02
53094 +3.611715084e+02 +3.611715084e+02 +3.866415084e+02 +3.866415084e+02
60571 +3.193309770e+02 +3.193309770e+02 +3.448009770e+02 +3.448009770e+02
71893 +2.873494550e+02 +2.873494550e+02 +3.128194550e+02 +3.128194550e+02
82347 +2.767651402e+02 +2.767651402e+02 +3.022351402e+02 +3.022351402e+02
83001 +2.493064298e+02 +2.493064298e+02 +2.747764298e+02 +2.747764298e+02
88403 +2.448899461e+02 +2.448899461e+02 +2.703599461e+02 +2.703599461e+02
89865 +2.258937973e+02 +2.258937973e+02 +2.513637973e+02 +2.513637973e+02
91655 +2.221410047e+02 +2.221410047e+02 +2.476110047e+02 +2.476110047e+02
91664 +2.061207452e+02 +2.061207452e+02 +2.315907452e+02 +2.315907452e+02
93492 +1.963051182e+02 +1.963051182e+02 +2.217751182e+02 +2.217751182e+02
93539 +1.904538173e+02 +1.904538173e+02 +2.159238173e+02 +2.159238173e+02
97139 +1.849381574e+02 +1.849381574e+02 +2.104081574e+02 +2.104081574e+02
97502 +1.769396375e+02 +1.769396375e+02 +2.024096375e+02 +2.024096375e+02
97529 +1.712929059e+02 +1.712929059e+02 +1.967629059e+02 +1.967629059e+02
97531 +1.641268782e+02 +1.641268782e+02 +1.895968782e+02 +1.895968782e+02
99224 +1.612877539e+02 +1.612877539e+02 +1.867577539e+02 +1.867577539e+02
99258 +1.562405938e+02 +1.562405938e+02 +1.817105938e+02 +1.817105938e+02
99461 +1.544580708e+02 +1.544580708e+02 +1.799280708e+02 +1.799280708e+02
99628 +1.444251013e+02 +1.444251013e+02 +1.698951013e+02 +1.698951013e+02
198725 +1.392393112e+02 +1.392393112e+02 +1.647093112e+02 +1.647093112e+02
198747 +1.377997255e+02 +1.377997255e+02 +1.632697255e+02 +1.632697255e+02
198760 +1.295276959e+02 +1.295276959e+02 +1.549976959e+02 +1.549976959e+02
199559 +1.256167185e+02 +1.256167185e+02 +1.510867185e+02 +1.510867185e+02
199605 +1.227154118e+02 +1.227154118e+02 +1.481854118e+02 +1.481854118e+02
199618 +1.173198495e+02 +1.173198495e+02 +1.427898495e+02 +1.427898495e+02
% function evaluation | noise-free fitness - Fopt (-1.008100000000e+02) | best noise-free fitness - Fopt | measured fitness | best measured fitness | x1 | x2...
1 +1.231981217e+03 +1.231981217e+03 +1.131171217e+03 +1.131171217e+03
142 +1.143010801e+03 +1.143010801e+03 +1.042200801e+03 +1.042200801e+03
197 +1.119017692e+03 +1.119017692e+03 +1.018207692e+03 +1.018207692e+03
261 +1.021097813e+03 +1.021097813e+03 +9.202878125e+02 +9.202878125e+02
473 +9.605109656e+02 +9.605109656e+02 +8.597009656e+02 +8.597009656e+02
490 +9.451885943e+02 +9.451885943e+02 +8.443785943e+02 +8.443785943e+02
494 +8.752660406e+02 +8.752660406e+02 +7.744560406e+02 +7.744560406e+02
510 +8.219661332e+02 +8.219661332e+02 +7.211561332e+02 +7.211561332e+02
520 +6.828771384e+02 +6.828771384e+02 +5.820671384e+02 +5.820671384e+02
6124 +6.350613713e+02 +6.350613713e+02 +5.342513713e+02 +5.342513713e+02
6150 +6.161629808e+02 +6.161629808e+02 +5.153529808e+02 +5.153529808e+02
7832 +5.925814546e+02 +5.925814546e+02 +4.917714546e+02 +4.917714546e+02
8103 +5.635623736e+02 +5.635623736e+02 +4.627523736e+02 +4.627523736e+02
8961 +5.115822057e+02 +5.115822057e+02 +4.107722057e+02 +4.107722057e+02
15370 +4.919659023e+02 +4.919659023e+02 +3.911559023e+02 +3.911559023e+02
15413 +4.559791703e+02 +4.559791703e+02 +3.551691703e+02 +3.551691703e+02
21185 +4.366668082e+02 +4.366668082e+02 +3.358568082e+02 +3.358568082e+02
23581 +4.264201264e+02 +4.264201264e+02 +3.256101264e+02 +3.256101264e+02
35179 +4.145597120e+02 +4.145597120e+02 +3.137497120e+02 +3.137497120e+02
35191 +4.065753413e+02 +4.065753413e+02 +3.057653413e+02 +3.057653413e+02
35850 +3.854561979e+02 +3.854561979e+02 +2.846461979e+02 +2.846461979e+02
50128 +3.715006116e+02 +3.715006116e+02 +2.706906116e+02 +2.706906116e+02
70577 +3.478236473e+02 +3.478236473e+02 +2.470136473e+02 +2.470136473e+02
81612 +3.394617681e+02 +3.394617681e+02 +2.386517681e+02 +2.386517681e+02
84748 +3.352530515e+02 +3.352530515e+02 +2.344430515e+02 +2.344430515e+02
85399 +3.240580919e+02 +3.240580919e+02 +2.232480919e+02 +2.232480919e+02
87506 +3.219647523e+02 +3.219647523e+02 +2.211547523e+02 +2.211547523e+02
87521 +2.822037275e+02 +2.822037275e+02 +1.813937275e+02 +1.813937275e+02
92731 +2.811114860e+02 +2.811114860e+02 +1.803014860e+02 +1.803014860e+02
96335 +2.698390419e+02 +2.698390419e+02 +1.690290419e+02 +1.690290419e+02
97288 +2.532717149e+02 +2.532717149e+02 +1.524617149e+02 +1.524617149e+02
97858 +2.505252872e+02 +2.505252872e+02 +1.497152872e+02 +1.497152872e+02
97884 +2.443262525e+02 +2.443262525e+02 +1.435162525e+02 +1.435162525e+02
98631 +2.360530419e+02 +2.360530419e+02 +1.352430419e+02 +1.352430419e+02
98868 +2.297930688e+02 +2.297930688e+02 +1.289830688e+02 +1.289830688e+02
98959 +2.271899088e+02 +2.271899088e+02 +1.263799088e+02 +1.263799088e+02
99353 +2.234301041e+02 +2.234301041e+02 +1.226201041e+02 +1.226201041e+02
99691 +2.175046082e+02 +2.175046082e+02 +1.166946082e+02 +1.166946082e+02
99780 +2.023450020e+02 +2.023450020e+02 +1.015350020e+02 +1.015350020e+02
99798 +1.971919909e+02 +1.971919909e+02 +9.638199093e+01 +9.638199093e+01
194855 +1.906201547e+02 +1.906201547e+02 +8.981015470e+01 +8.981015470e+01
195290 +1.900115991e+02 +1.900115991e+02 +8.920159906e+01 +8.920159906e+01
195386 +1.820893288e+02 +1.820893288e+02 +8.127932878e+01 +8.127932878e+01
195405 +1.811783247e+02 +1.811783247e+02 +8.036832469e+01 +8.036832469e+01
197056 +1.747367944e+02 +1.747367944e+02 +7.392679441e+01 +7.392679441e+01
197071 +1.666962628e+02 +1.666962628e+02 +6.588626277e+01 +6.588626277e+01
197112 +1.629220995e+02 +1.629220995e+02 +6.211209952e+01 +6.211209952e+01
197118 +1.609118341e+02 +1.609118341e+02 +6.010183406e+01 +6.010183406e+01
197126 +1.577761044e+02 +1.577761044e+02 +5.696610443e+01 +5.696610443e+01
199406 +1.527226108e+02 +1.527226108e+02 +5.191261078e+01 +5.191261078e+01
199984 +1.507935937e+02 +1.507935937e+02 +4.998359368e+01 +4.998359368e+01
199992 +1.473992485e+02 +1.473992485e+02 +4.658924851e+01 +4.658924851e+01
% function evaluation | noise-free fitness - Fopt (-3.496000000000e+01) | best noise-free fitness - Fopt | measured fitness | best measured fitness | x1 | x2...
1 +1.366444230e+03 +1.366444230e+03 +1.331484230e+03 +1.331484230e+03
9 +1.263695921e+03 +1.263695921e+03 +1.228735921e+03 +1.228735921e+03
27 +1.132377497e+03 +1.132377497e+03 +1.097417497e+03 +1.097417497e+03
46 +1.114186843e+03 +1.114186843e+03 +1.079226843e+03 +1.079226843e+03
166 +1.094792174e+03 +1.094792174e+03 +1.059832174e+03 +1.059832174e+03
554 +1.057234380e+03 +1.057234380e+03 +1.022274380e+03 +1.022274380e+03
758 +1.038239665e+03 +1.038239665e+03 +1.003279665e+03 +1.003279665e+03
801 +1.013899720e+03 +1.013899720e+03 +9.789397199e+02 +9.789397199e+02
809 +9.732229717e+02 +9.732229717e+02 +9.382629717e+02 +9.382629717e+02
1229 +9.271967855e+02 +9.271967855e+02 +8.922367855e+02 +8.922367855e+02
1438 +8.655871363e+02 +8.655871363e+02 +8.306271363e+02 +8.306271363e+02
2459 +7.775062286e+02 +7.775062286e+02 +7.425462286e+02 +7.425462286e+02
2480 +7.527958685e+02 +7.527958685e+02 +7.178358685e+02 +7.178358685e+02
2564 +7.251533889e+02 +7.251533889e+02 +6.901933889e+02 +6.901933889e+02
3292 +6.807504393e+02 +6.807504393e+02 +6.457904393e+02 +6.457904393e+02
3308 +6.727331665e+02 +6.727331665e+02 +6.377731665e+02 +6.377731665e+02
3352 +6.595584623e+02 +6.595584623e+02 +6.245984623e+02 +6.245984623e+02
3386 +5.821870389e+02 +5.821870389e+02 +5.472270389e+02 +5.472270389e+02
4672 +5.651148712e+02 +5.651148712e+02 +5.301548712e+02 +5.301548712e+02
5959 +5.424301068e+02 +5.424301068e+02 +5.074701068e+02 +5.074701068e+02
11201 +5.311020977e+02 +5.311020977e+02 +4.961420977e+02 +4.961420977e+02
11638 +4.842042546e+02 +4.842042546e+02 +4.492442546e+02 +4.492442546e+02
13248 +4.743141405e+02 +4.743141405e+02 +4.393541405e+02 +4.393541405e+02
13534 +4.404849296e+02 +4.404849296e+02 +4.055249296e+02 +4.055249296e+02
30949 +4.346424554e+02 +4.346424554e+02 +3.996824554e+02 +3.996824554e+02
34724 +4.241293988e+02 +4.241293988e+02 +3.891693988e+02 +3.891693988e+02
42806 +4.158651756e+02 +4.158651756e+02 +3.809051756e+02 +3.809051756e+02
44052 +4.057565870e+02 +4.057565870e+02 +3.707965870e+02 +3.707965870e+02
44608 +3.695378361e+02 +3.695378361e+02 +3.345778361e+02 +3.345778361e+02
55723 +3.447947094e+02 +3.447947094e+02 +3.098347094e+02 +3.098347094e+02
70099 +3.223900138e+02 +3.223900138e+02 +2.874300138e+02 +2.874300138e+02
73973 +2.825250328e+02 +2.825250328e+02 +2.475650328e+02 +2.475650328e+02
77256 +2.673079412e+02 +2.673079412e+02 +2.323479412e+02 +2.323479412e+02
82418 +2.603127331e+02 +2.603127331e+02 +2.253527331e+02 +2.253527331e+02
83429 +2.563411460e+02 +2.563411460e+02 +2.213811460e+02 +2.213811460e+02
83506 +2.468214225e+02 +2.468214225e+02 +2.118614225e+02 +2.118614225e+02
83533 +2.347951123e+02 +2.347951123e+02 +1.998351123e+02 +1.998351123e+02
83582 +2.293812130e+02 +2.293812130e+02 +1.944212130e+02 +1.944212130e+02
83612 +2.214760553e+02 +2.214760553e+02 +1.865160553e+02 +1.865160553e+02
86833 +2.179614449e+02 +2.179614449e+02 +1.830014449e+02 +1.830014449e+02
86844 +2.070801086e+02 +2.070801086e+02 +1.721201086e+02 +1.721201086e+02
86885 +2.032104422e+02 +2.032104422e+02 +1.682504422e+02 +1.682504422e+02
88353 +1.922978892e+02 +1.922978892e+02 +1.573378892e+02 +1.573378892e+02
88384 +1.875062052e+02 +1.875062052e+02 +1.525462052e+02 +1.525462052e+02
88410 +1.796116418e+02 +1.796116418e+02 +1.446516418e+02 +1.446516418e+02
88415 +1.776308813e+02 +1.776308813e+02 +1.426708813e+02 +1.426708813e+02
88830 +1.654092204e+02 +1.654092204e+02 +1.304492204e+02 +1.304492204e+02
90070 +1.525906914e+02 +1.525906914e+02 +1.176306914e+02 +1.176306914e+02
92323 +1.487725632e+02 +1.487725632e+02 +1.138125632e+02 +1.138125632e+02
92431 +1.457865126e+02 +1.457865126e+02 +1.108265126e+02 +1.108265126e+02
92497 +1.440200515e+02 +1.440200515e+02 +1.090600515e+02 +1.090600515e+02
92593 +1.339247309e+02 +1.339247309e+02 +9.896473094e+01 +9.896473094e+01
94888 +1.301073813e+02 +1.301073813e+02 +9.514738131e+01 +9.514738131e+01
95325 +1.287159646e+02 +1.287159646e+02 +9.375596463e+01 +9.375596463e+01
96089 +1.256935802e+02 +1.256935802e+02 +9.073358018e+01 +9.073358018e+01
96714 +1.216068755e+02 +1.216068755e+02 +8.664687550e+01 +8.664687550e+01
97394 +1.196464296e+02 +1.196464296e+02 +8.468642965e+01 +8.468642965e+01
98141 +1.153387147e+02 +1.153387147e+02 +8.037871474e+01 +8.037871474e+01
98903 +1.139532608e+02 +1.139532608e+02 +7.899326083e+01 +7.899326083e+01
99586 +1.116363385e+02 +1.116363385e+02 +7.667633850e+01 +7.667633850e+01
% function evaluation | noise-free fitness - Fopt (-2.727900000000e+02) | best noise-free fitness - Fopt | measured fitness | best measured fitness | x1 | x2...
1 +1.319161194e+03 +1.319161194e+03 +1.046371194e+03 +1.046371194e+03
13 +1.289352782e+03 +1.289352782e+03 +1.016562782e+03 +1.016562782e+03
22 +1.287359075e+03 +1.287359075e+03 +1.014569075e+03 +1.014569075e+03
36 +1.194116147e+03 +1.194116147e+03 +9.213261470e+02 +9.213261470e+02
89 +1.141963390e+03 +1.141963390e+03 +8.691733898e+02 +8.691733898e+02
128 +1.058467385e+03 +1.058467385e+03 +7.856773854e+02 +7.856773854e+02
137 +1.044959276e+03 +1.044959276e+03 +7.721692759e+02 +7.721692759e+02
630 +9.131890799e+02 +9.131890799e+02 +6.403990799e+02 +6.403990799e+02
742 +8.772811249e+02 +8.772811249e+02 +6.044911249e+02 +6.044911249e+02
1752 +8.572027936e+02 +8.572027936e+02 +5.844127936e+02 +5.844127936e+02
2703 +8.103685957e+02 +8.103685957e+02 +5.375785957e+02 +5.375785957e+02
2734 +7.688933021e+02 +7.688933021e+02 +4.961033021e+02 +4.961033021e+02
3347 +6.951806988e+02 +6.951806988e+02 +4.223906988e+02 +4.223906988e+02
3364 +6.589711523e+02 +6.589711523e+02 +3.861811523e+02 +3.861811523e+02
5715 +6.198263870e+02 +6.198263870e+02 +3.470363870e+02 +3.470363870e+02
6366 +6.054034130e+02 +6.054034130e+02 +3.326134130e+02 +3.326134130e+02
6367 +5.811076029e+02 +5.811076029e+02 +3.083176029e+02 +3.083176029e+02
7298 +5.126791651e+02 +5.126791651e+02 +2.398891651e+02 +2.398891651e+02
13150 +4.932935423e+02 +4.932935423e+02 +2.205035423e+02 +2.205035423e+02
13197 +4.817124202e+02 +4.817124202e+02 +2.089224202e+02 +2.089224202e+02
16830 +4.358279492e+02 +4.358279492e+02 +1.630379492e+02 +1.630379492e+02
28900 +3.910428830e+02 +3.910428830e+02 +1.182528830e+02 +1.182528830e+02
48590 +3.718351581e+02 +3.718351581e+02 +9.904515808e+01 +9.904515808e+01
48684 +3.690246930e+02 +3.690246930e+02 +9.623469299e+01 +9.623469299e+01
50021 +3.592527044e+02 +3.592527044e+02 +8.646270436e+01 +8.646270436e+01
52768 +3.513630104e+02 +3.513630104e+02 +7.857301036e+01 +7.857301036e+01
62991 +3.419629670e+02 +3.419629670e+02 +6.917296699e+01 +6.917296699e+01
79333 +3.089618187e+02 +3.089618187e+02 +3.617181870e+01 +3.617181870e+01
86096 +2.962508855e+02 +2.962508855e+02 +2.346088553e+01 +2.346088553e+01
86852 +2.950628369e+02 +2.950628369e+02 +2.227283692e+01 +2.227283692e+01
90855 +2.629658948e+02 +2.629658948e+02 -9.824105176e+00 -9.824105176e+00
91297 +2.566992849e+02 +2.566992849e+02 -1.609071505e+01 -1.609071505e+01
91304 +2.510439926e+02 +2.510439926e+02 -2.174600737e+01 -2.174600737e+01
91338 +2.317795175e+02 +2.317795175e+02 -4.101048251e+01 -4.101048251e+01
91347 +1.975634960e+02 +1.975634960e+02 -7.522650404e+01 -7.522650404e+01
94874 +1.809433794e+02 +1.809433794e+02 -9.184662063e+01 -9.184662063e+01
98479 +1.768860927e+02 +1.768860927e+02 -9.590390729e+01 -9.590390729e+01
98747 +1.696243095e+02 +1.696243095e+02 -1.031656905e+02 -1.031656905e+02
99000 +1.606241681e+02 +1.606241681e+02 -1.121658319e+02 -1.121658319e+02
99552 +1.436229631e+02 +1.436229631e+02 -1.291670369e+02 -1.291670369e+02
196432 +1.365264507e+02 +1.365264507e+02 -1.362635493e+02 -1.362635493e+02
199794 +1.345584201e+02 +1.345584201e+02 -1.382315799e+02 -1.382315799e+02
% function evaluation | noise-free fitness - Fopt (1.410200000000e+02) | best noise-free fitness - Fopt | measured fitness | best measured fitness | x1 | x2...
1 +2.104332724e+03 +2.104332724e+03 +2.245352724e+03 +2.245352724e+03
20 +1.711192312e+03 +1.711192312e+03 +1.852212312e+03 +1.852212312e+03
56 +1.495909867e+03 +1.495909867e+03 +1.636929867e+03 +1.636929867e+03
70 +1.420269478e+03 +1.420269478e+03 +1.561289478e+03 +1.561289478e+03
148 +1.272836162e+03 +1.272836162e+03 +1.413856162e+03 +1.413856162e+03
161 +1.236937478e+03 +1.236937478e+03 +1.377957478e+03 +1.377957478e+03
233 +1.219692617e+03 +1.219692617e+03 +1.360712617e+03 +1.360712617e+03
282 +1.160984147e+03 +1.160984147e+03 +1.302004147e+03 +1.302004147e+03
298 +1.108511974e+03 +1.108511974e+03 +1.249531974e+03 +1.249531974e+03
335 +1.093174272e+03 +1.093174272e+03 +1.234194272e+03 +1.234194272e+03
529 +1.045414636e+03 +1.045414636e+03 +1.186434636e+03 +1.186434636e+03
535 +9.897983888e+02 +9.897983888e+02 +1.130818389e+03 +1.130818389e+03
786 +9.563437018e+02 +9.563437018e+02 +1.097363702e+03 +1.097363702e+03
806 +9.226863852e+02 +9.226863852e+02 +1.063706385e+03 +1.063706385e+03
816 +9.028011679e+02 +9.028011679e+02 +1.043821168e+03 +1.043821168e+03
1056 +8.757314248e+02 +8.757314248e+02 +1.016751425e+03 +1.016751425e+03
1068 +8.626522289e+02 +8.626522289e+02 +1.003672229e+03 +1.003672229e+03
1079 +7.571589292e+02 +7.571589292e+02 +8.981789292e+02 +8.981789292e+02
2667 +7.203536957e+02 +7.203536957e+02 +8.613736957e+02 +8.613736957e+02
3019 +7.020976628e+02 +7.020976628e+02 +8.431176628e+02 +8.431176628e+02
5685 +6.511888439e+02 +6.511888439e+02 +7.922088439e+02 +7.922088439e+02
5739 +6.335897059e+02 +6.335897059e+02 +7.746097059e+02 +7.746097059e+02
6858 +5.955991520e+02 +5.955991520e+02 +7.366191520e+02 +7.366191520e+02
7446 +5.774134951e+02 +5.774134951e+02 +7.184334951e+02 +7.184334951e+02
8898 +5.409052277e+02 +5.409052277e+02 +6.819252277e+02 +6.819252277e+02
8943 +5.203503735e+02 +5.203503735e+02 +6.613703735e+02 +6.613703735e+02
9018 +5.068236674e+02 +5.068236674e+02 +6.478436674e+02 +6.478436674e+02
12640 +4.572442165e+02 +4.572442165e+02 +5.982642165e+02 +5.982642165e+02
12657 +3.866705115e+02 +3.866705115e+02 +5.276905115e+02 +5.276905115e+02
28105 +3.582997101e+02 +3.582997101e+02 +4.993197101e+02 +4.993197101e+02
53738 +3.440191203e+02 +3.440191203e+02 +4.850391203e+02 +4.850391203e+02
78246 +3.349343119e+02 +3.349343119e+02 +4.759543119e+02 +4.759543119e+02
84602 +3.194472648e+02 +3.194472648e+02 +4.604672648e+02 +4.604672648e+02
85810 +3.161728599e+02 +3.161728599e+02 +4.571928599e+02 +4.571928599e+02
85819 +2.949576647e+02 +2.949576647e+02 +4.359776647e+02 +4.359776647e+02
87777 +2.815712524e+02 +2.815712524e+02 +4.225912524e+02 +4.225912524e+02
88329 +2.530059113e+02 +2.530059113e+02 +3.940259113e+02 +3.940259113e+02
89138 +2.351599458e+02 +2.351599458e+02 +3.761799458e+02 +3.761799458e+02
92518 +2.264081767e+02 +2.264081767e+02 +3.674281767e+02 +3.674281767e+02
93833 +2.134810799e+02 +2.134810799e+02 +3.545010799e+02 +3.545010799e+02
93868 +2.046656652e+02 +2.046656652e+02 +3.456856652e+02 +3.456856652e+02
96034 +1.953806747e+02 +1.953806747e+02 +3.364006747e+02 +3.364006747e+02
97123 +1.923635383e+02 +1.923635383e+02 +3.333835383e+02 +3.333835383e+02
97297 +1.864146769e+02 +1.864146769e+02 +3.274346769e+02 +3.274346769e+02
97308 +1.849059732e+02 +1.849059732e+02 +3.259259732e+02 +3.259259732e+02
97353 +1.813261090e+02 +1.813261090e+02 +3.223461090e+02 +3.223461090e+02
97365 +1.719624975e+02 +1.719624975e+02 +3.129824975e+02 +3.129824975e+02
97386 +1.687219349e+02 +1.687219349e+02 +3.097419349e+02 +3.097419349e+02
97403 +1.544944797e+02 +1.544944797e+02 +2.955144797e+02 +2.955144797e+02
97469 +1.510071975e+02 +1.510071975e+02 +2.920271975e+02 +2.920271975e+02
198821 +1.468120990e+02 +1.468120990e+02 +2.878320990e+02 +2.878320990e+02
198921 +1.418724009e+02 +1.418724009e+02 +2.828924009e+02 +2.828924009e+02
198973 +1.404663437e+02 +1.404663437e+02 +2.814863437e+02 +2.814863437e+02
% function evaluation | noise-free fitness - Fopt (8.113000000000e+01) | best noise-free fitness - Fopt | measured fitness | best measured fitness | x1 | x2...
1 +1.336346931e+03 +1.336346931e+03 +1.417476931e+03 +1.417476931e+03
24 +1.312439452e+03 +1.312439452e+03 +1.393569452e+03 +1.393569452e+03
35 +1.253924356e+03 +1.253924356e+03 +1.335054356e+03 +1.335054356e+03
100 +1.207942358e+03 +1.207942358e+03 +1.289072358e+03 +1.289072358e+03
103 +1.163023876e+03 +1.163023876e+03 +1.244153876e+03 +1.244153876e+03
196 +1.064549101e+03 +1.064549101e+03 +1.145679101e+03 +1.145679101e+03
480 +1.036612148e+03 +1.036612148e+03 +1.117742148e+03 +1.117742148e+03
795 +9.834055907e+02 +9.834055907e+02 +1.064535591e+03 +1.064535591e+03
813 +9.032429549e+02 +9.032429549e+02 +9.843729549e+02 +9.843729549e+02
1544 +8.474756013e+02 +8.474756013e+02 +9.286056013e+02 +9.286056013e+02
1564 +8.060613871e+02 +8.060613871e+02 +8.871913871e+02 +8.871913871e+02
1567 +7.448242834e+02 +7.448242834e+02 +8.259542834e+02 +8.259542834e+02
1576 +6.721537840e+02 +6.721537840e+02 +7.532837840e+02 +7.532837840e+02
3222 +6.330319840e+02 +6.330319840e+02 +7.141619840e+02 +7.141619840e+02
6846 +6.296382882e+02 +6.296382882e+02 +7.107682882e+02 +7.107682882e+02
6854 +5.634091204e+02 +5.634091204e+02 +6.445391204e+02 +6.445391204e+02
6914 +5.398138522e+02 +5.398138522e+02 +6.209438522e+02 +6.209438522e+02
8052 +5.345261188e+02 +5.345261188e+02 +6.156561188e+02 +6.156561188e+02
8058 +5.184490436e+02 +5.184490436e+02 +5.995790436e+02 +5.995790436e+02
10715 +5.126252998e+02 +5.126252998e+02 +5.937552998e+02 +5.937552998e+02
12091 +4.606096269e+02 +4.606096269e+02 +5.417396269e+02 +5.417396269e+02
14774 +4.435930740e+02 +4.435930740e+02 +5.247230740e+02 +5.247230740e+02
18481 +4.295453943e+02 +4.295453943e+02 +5.106753943e+02 +5.106753943e+02
25075 +3.784179023e+02 +3.784179023e+02 +4.595479023e+02 +4.595479023e+02
36218 +3.711711266e+02 +3.711711266e+02 +4.523011266e+02 +4.523011266e+02
59616 +3.569240392e+02 +3.569240392e+02 +4.380540392e+02 +4.380540392e+02
59680 +3.528267934e+02 +3.528267934e+02 +4.339567934e+02 +4.339567934e+02
60760 +3.301637332e+02 +3.301637332e+02 +4.112937332e+02 +4.112937332e+02
66763 +3.159210668e+02 +3.159210668e+02 +3.970510668e+02 +3.970510668e+02
75713 +2.989033920e+02 +2.989033920e+02 +3.800333920e+02 +3.800333920e+02
75903 +2.875626202e+02 +2.875626202e+02 +3.686926202e+02 +3.686926202e+02
75932 +2.583454308e+02 +2.583454308e+02 +3.394754308e+02 +3.394754308e+02
76308 +2.400883395e+02 +2.400883395e+02 +3.212183395e+02 +3.212183395e+02
84554 +2.211795570e+02 +2.211795570e+02 +3.023095570e+02 +3.023095570e+02
86616 +2.156635929e+02 +2.156635929e+02 +2.967935929e+02 +2.967935929e+02
86624 +2.131518278e+02 +2.131518278e+02 +2.942818278e+02 +2.942818278e+02
87301 +2.075173005e+02 +2.075173005e+02 +2.886473005e+02 +2.886473005e+02
87926 +1.837272020e+02 +1.837272020e+02 +2.648572020e+02 +2.648572020e+02
88349 +1.806879344e+02 +1.806879344e+02 +2.618179344e+02 +2.618179344e+02
88451 +1.540631898e+02 +1.540631898e+02 +2.351931898e+02 +2.351931898e+02
93924 +1.461907578e+02 +1.461907578e+02 +2.273207578e+02 +2.273207578e+02
93945 +1.400020505e+02 +1.400020505e+02 +2.211320505e+02 +2.211320505e+02
93988 +1.374973826e+02 +1.374973826e+02 +2.186273826e+02 +2.186273826e+02
94071 +1.334333352e+02 +1.334333352e+02 +2.145633352e+02 +2.145633352e+02
94295 +1.281097221e+02 +1.281097221e+02 +2.092397221e+02 +2.092397221e+02
94462 +1.239909626e+02 +1.239909626e+02 +2.051209626e+02 +2.051209626e+02
94501 +1.229025024e+02 +1.229025024e+02 +2.040325024e+02 +2.040325024e+02
95802 +1.126707523e+02 +1.126707523e+02 +1.938007523e+02 +1.938007523e+02
95815 +1.105207074e+02 +1.105207074e+02 +1.916507074e+02 +1.916507074e+02
97443 +1.060862659e+02 +1.060862659e+02 +1.872162659e+02 +1.872162659e+02
97870 +1.045275171e+02 +1.045275171e+02 +1.856575171e+02 +1.856575171e+02
97876 +9.941432002e+01 +9.941432002e+01 +1.805443200e+02 +1.805443200e+02
97962 +9.633724866e+01 +9.633724866e+01 +1.774672487e+02 +1.774672487e+02
97978 +9.523201219e+01 +9.523201219e+01 +1.763620122e+02 +1.763620122e+02
98011 +9.283441561e+01 +9.283441561e+01 +1.739644156e+02 +1.739644156e+02
99119 +8.940453868e+01 +8.940453868e+01 +1.705345387e+02 +1.705345387e+02
% function evaluation | noise-free fitness - Fopt (1.049200000000e+02) | best noise-free fitness - Fopt | measured fitness | best measured fitness | x1 | x2...
1 +1.653996792e+03 +1.653996792e+03 +1.758916792e+03 +1.758916792e+03
21 +1.593782349e+03 +1.593782349e+03 +1.698702349e+03 +1.698702349e+03
22 +1.581952554e+03 +1.581952554e+03 +1.686872554e+03 +1.686872554e+03
73 +1.426497209e+03 +1.426497209e+03 +1.531417209e+03 +1.531417209e+03
102 +1.401293715e+03 +1.401293715e+03 +1.506213715e+03 +1.506213715e+03
106 +1.367315092e+03 +1.367315092e+03 +1.472235092e+03 +1.472235092e+03
114 +1.300600976e+03 +1.300600976e+03 +1.405520976e+03 +1.405520976e+03
132 +1.238523648e+03 +1.238523648e+03 +1.343443648e+03 +1.343443648e+03
207 +1.229926683e+03 +1.229926683e+03 +1.334846683e+03 +1.334846683e+03
212 +1.187399443e+03 +1.187399443e+03 +1.292319443e+03 +1.292319443e+03
228 +1.084904348e+03 +1.084904348e+03 +1.189824348e+03 +1.189824348e+03
1186 +9.939773528e+02 +9.939773528e+02 +1.098897353e+03 +1.098897353e+03
1225 +9.563874075e+02 +9.563874075e+02 +1.061307407e+03 +1.061307407e+03
1253 +9.529538710e+02 +9.529538710e+02 +1.057873871e+03 +1.057873871e+03
1575 +9.262539906e+02 +9.262539906e+02 +1.031173991e+03 +1.031173991e+03
1582 +9.109436446e+02 +9.109436446e+02 +1.015863645e+03 +1.015863645e+03
1624 +8.064230850e+02 +8.064230850e+02 +9.113430850e+02 +9.113430850e+02
1712 +6.738478118e+02 +6.738478118e+02 +7.787678118e+02 +7.787678118e+02
4251 +5.955827504e+02 +5.955827504e+02 +7.005027504e+02 +7.005027504e+02
4301 +5.474672323e+02 +5.474672323e+02 +6.523872323e+02 +6.523872323e+02
10406 +5.072682830e+02 +5.072682830e+02 +6.121882830e+02 +6.121882830e+02
10409 +4.435336434e+02 +4.435336434e+02 +5.484536434e+02 +5.484536434e+02
26366 +4.256547283e+02 +4.256547283e+02 +5.305747283e+02 +5.305747283e+02
29475 +3.838035803e+02 +3.838035803e+02 +4.887235803e+02 +4.887235803e+02
35866 +3.603215937e+02 +3.603215937e+02 +4.652415937e+02 +4.652415937e+02
36541 +3.499305800e+02 +3.499305800e+02 +4.548505800e+02 +4.548505800e+02
85708 +3.329245732e+02 +3.329245732e+02 +4.378445732e+02 +4.378445732e+02
89591 +2.984276245e+02 +2.984276245e+02 +4.033476245e+02 +4.033476245e+02
91245 +2.788305658e+02 +2.788305658e+02 +3.837505658e+02 +3.837505658e+02
92735 +2.631211023e+02 +2.631211023e+02 +3.680411023e+02 +3.680411023e+02
94565 +2.573483659e+02 +2.573483659e+02 +3.622683659e+02 +3.622683659e+02
94622 +2.402545131e+02 +2.402545131e+02 +3.451745131e+02 +3.451745131e+02
96088 +2.339416126e+02 +2.339416126e+02 +3.388616126e+02 +3.388616126e+02
98748 +2.114439322e+02 +2.114439322e+02 +3.163639322e+02 +3.163639322e+02
299002 +2.057310703e+02 +2.057310703e+02 +3.106510703e+02 +3.106510703e+02
385408 +2.030104747e+02 +2.030104747e+02 +3.079304747e+02 +3.079304747e+02
385795 +1.978704582e+02 +1.978704582e+02 +3.027904582e+02 +3.027904582e+02
386360 +1.816153127e+02 +1.816153127e+02 +2.865353127e+02 +2.865353127e+02
386834 +1.746448273e+02 +1.746448273e+02 +2.795648273e+02 +2.795648273e+02
388090 +1.697256785e+02 +1.697256785e+02 +2.746456785e+02 +2.746456785e+02
388405 +1.644128891e+02 +1.644128891e+02 +2.693328891e+02 +2.693328891e+02
389073 +1.597676622e+02 +1.597676622e+02 +2.646876622e+02 +2.646876622e+02
390693 +1.481311412e+02 +1.481311412e+02 +2.530511412e+02 +2.530511412e+02
390723 +1.440924211e+02 +1.440924211e+02 +2.490124211e+02 +2.490124211e+02
391879 +1.338847305e+02 +1.338847305e+02 +2.388047305e+02 +2.388047305e+02
391885 +1.314257674e+02 +1.314257674e+02 +2.363457674e+02 +2.363457674e+02
393024 +1.243660815e+02 +1.243660815e+02 +2.292860815e+02 +2.292860815e+02
393212 +1.212682221e+02 +1.212682221e+02 +2.261882221e+02 +2.261882221e+02
393219 +1.177720497e+02 +1.177720497e+02 +2.226920497e+02 +2.226920497e+02
393220 +1.104734896e+02 +1.104734896e+02 +2.153934896e+02 +2.153934896e+02
393228 +1.076115812e+02 +1.076115812e+02 +2.125315812e+02 +2.125315812e+02
393243 +1.062054241e+02 +1.062054241e+02 +2.111254241e+02 +2.111254241e+02
393311 +9.881512658e+01 +9.881512658e+01 +2.037351266e+02 +2.037351266e+02
396144 +9.275258259e+01 +9.275258259e+01 +1.976725826e+02 +1.976725826e+02
397245 +9.000247198e+01 +9.000247198e+01 +1.949224720e+02 +1.949224720e+02
398082 +8.757903811e+01 +8.757903811e+01 +1.924990381e+02 +1.924990381e+02
398141 +8.702433894e+01 +8.702433894e+01 +1.919443389e+02 +1.919443389e+02
398724 +8.487168544e+01 +8.487168544e+01 +1.897916854e+02 +1.897916854e+02
398777 +8.148868107e+01 +8.148868107e+01 +1.864086811e+02 +1.864086811e+02
398804 +7.777305202e+01 +7.777305202e+01 +1.826930520e+02 +1.826930520e+02
% function evaluation | noise-free fitness - Fopt (3.029000000000e+01) | best noise-free fitness - Fopt | measured fitness | best measured fitness | x1 | x2...
1 +1.632845059e+03 +1.632845059e+03 +1.663135059e+03 +1.663135059e+03
7 +1.579302144e+03 +1.579302144e+03 +1.609592144e+03 +1.609592144e+03
43 +1.456215948e+03 +1.456215948e+03 +1.486505948e+03 +1.486505948e+03
62 +1.333580269e+03 +1.333580269e+03 +1.363870269e+03 +1.363870269e+03
96 +1.306317861e+03 +1.306317861e+03 +1.336607861e+03 +1.336607861e+03
149 +1.268354051e+03 +1.268354051e+03 +1.298644051e+03 +1.298644051e+03
162 +1.193290226e+03 +1.193290226e+03 +1.223580226e+03 +1.223580226e+03
229 +1.135695001e+03 +1.135695001e+03 +1.165985001e+03 +1.165985001e+03
237 +1.103691086e+03 +1.103691086e+03 +1.133981086e+03 +1.133981086e+03
238 +1.074648533e+03 +1.074648533e+03 +1.104938533e+03 +1.104938533e+03
243 +1.022719458e+03 +1.022719458e+03 +1.053009458e+03 +1.053009458e+03
259 +9.279181604e+02 +9.279181604e+02 +9.582081604e+02 +9.582081604e+02
484 +8.050285846e+02 +8.050285846e+02 +8.353185846e+02 +8.353185846e+02
523 +7.899688623e+02 +7.899688623e+02 +8.202588623e+02 +8.202588623e+02
2631 +7.299110336e+02 +7.299110336e+02 +7.602010336e+02 +7.602010336e+02
4243 +7.014008389e+02 +7.014008389e+02 +7.316908389e+02 +7.316908389e+02
5764 +6.764457701e+02 +6.764457701e+02 +7.067357701e+02 +7.067357701e+02
6258 +6.343151916e+02 +6.343151916e+02 +6.646051916e+02 +6.646051916e+02
6932 +6.196671854e+02 +6.196671854e+02 +6.499571854e+02 +6.499571854e+02
7115 +5.848157973e+02 +5.848157973e+02 +6.151057973e+02 +6.151057973e+02
7316 +5.696593353e+02 +5.696593353e+02 +5.999493353e+02 +5.999493353e+02
8335 +5.536160990e+02 +5.536160990e+02 +5.839060990e+02 +5.839060990e+02
10244 +5.359638803e+02 +5.359638803e+02 +5.662538803e+02 +5.662538803e+02
11826 +5.239545101e+02 +5.239545101e+02 +5.542445101e+02 +5.542445101e+02
14266 +5.110732655e+02 +5.110732655e+02 +5.413632655e+02 +5.413632655e+02
15182 +4.941631722e+02 +4.941631722e+02 +5.244531722e+02 +5.244531722e+02
15227 +4.747903493e+02 +4.747903493e+02 +5.050803493e+02 +5.050803493e+02
15560 +4.511130618e+02 +4.511130618e+02 +4.814030618e+02 +4.814030618e+02
15697 +4.310485744e+02 +4.310485744e+02 +4.613385744e+02 +4.613385744e+02
40711 +4.247473881e+02 +4.247473881e+02 +4.550373881e+02 +4.550373881e+02
50649 +3.965096741e+02 +3.965096741e+02 +4.267996741e+02 +4.267996741e+02
60833 +3.830942603e+02 +3.830942603e+02 +4.133842603e+02 +4.133842603e+02
64211 +3.616060091e+02 +3.616060091e+02 +3.918960091e+02 +3.918960091e+02
74657 +3.502778274e+02 +3.502778274e+02 +3.805678274e+02 +3.805678274e+02
75072 +3.202007238e+02 +3.202007238e+02 +3.504907238e+02 +3.504907238e+02
85698 +3.161445868e+02 +3.161445868e+02 +3.464345868e+02 +3.464345868e+02
86329 +3.049178921e+02 +3.049178921e+02 +3.352078921e+02 +3.352078921e+02
88847 +2.905575974e+02 +2.905575974e+02 +3.208475974e+02 +3.208475974e+02
91288 +2.767316154e+02 +2.767316154e+02 +3.070216154e+02 +3.070216154e+02
92060 +2.618065318e+02 +2.618065318e+02 +2.920965318e+02 +2.920965318e+02
92070 +2.526169603e+02 +2.526169603e+02 +2.829069603e+02 +2.829069603e+02
94303 +2.404677462e+02 +2.404677462e+02 +2.707577462e+02 +2.707577462e+02
94382 +2.368201122e+02 +2.368201122e+02 +2.671101122e+02 +2.671101122e+02
94630 +2.324180923e+02 +2.324180923e+02 +2.627080923e+02 +2.627080923e+02
94952 +2.266637678e+02 +2.266637678e+02 +2.569537678e+02 +2.569537678e+02
95039 +2.225425418e+02 +2.225425418e+02 +2.528325418e+02 +2.528325418e+02
95066 +2.138565144e+02 +2.138565144e+02 +2.441465144e+02 +2.441465144e+02
95073 +2.027700639e+02 +2.027700639e+02 +2.330600639e+02 +2.330600639e+02
98720 +1.924674253e+02 +1.924674253e+02 +2.227574253e+02 +2.227574253e+02
197532 +1.902526822e+02 +1.902526822e+02 +2.205426822e+02 +2.205426822e+02
197674 +1.849041628e+02 +1.849041628e+02 +2.151941628e+02 +2.151941628e+02
197680 +1.769703765e+02 +1.769703765e+02 +2.072603765e+02 +2.072603765e+02
199946 +1.722352046e+02 +1.722352046e+02 +2.025252046e+02 +2.025252046e+02
199989 +1.669396265e+02 +1.669396265e+02 +1.972296265e+02 +1.972296265e+02
397871 +1.595747265e+02 +1.595747265e+02 +1.898647265e+02 +1.898647265e+02
% function evaluation | noise-free fitness - Fopt (1.210500000000e+02) | best noise-free fitness - Fopt | measured fitness | best measured fitness | x1 | x2...
1 +1.390291702e+03 +1.390291702e+03 +1.511341702e+03 +1.511341702e+03
2 +1.191222458e+03 +1.191222458e+03 +1.312272458e+03 +1.312272458e+03
15 +9.570320407e+02 +9.570320407e+02 +1.078082041e+03 +1.078082041e+03
138 +9.271863563e+02 +9.271863563e+02 +1.048236356e+03 +1.048236356e+03
2265 +8.907405627e+02 +8.907405627e+02 +1.011790563e+03 +1.011790563e+03
2319 +8.494074071e+02 +8.494074071e+02 +9.704574071e+02 +9.704574071e+02
2925 +7.791692171e+02 +7.791692171e+02 +9.002192171e+02 +9.002192171e+02
2930 +7.250297346e+02 +7.250297346e+02 +8.460797346e+02 +8.460797346e+02
3724 +7.203333114e+02 +7.203333114e+02 +8.413833114e+02 +8.413833114e+02
3772 +7.007053446e+02 +7.007053446e+02 +8.217553446e+02 +8.217553446e+02
3777 +6.871185365e+02 +6.871185365e+02 +8.081685365e+02 +8.081685365e+02
5347 +6.729190196e+02 +6.729190196e+02 +7.939690196e+02 +7.939690196e+02
6558 +6.455464973e+02 +6.455464973e+02 +7.665964973e+02 +7.665964973e+02
7464 +6.250041328e+02 +6.250041328e+02 +7.460541328e+02 +7.460541328e+02
8297 +6.158146833e+02 +6.158146833e+02 +7.368646833e+02 +7.368646833e+02
9335 +5.635212325e+02 +5.635212325e+02 +6.845712325e+02 +6.845712325e+02
9515 +5.272728180e+02 +5.272728180e+02 +6.483228180e+02 +6.483228180e+02
16148 +5.044220204e+02 +5.044220204e+02 +6.254720204e+02 +6.254720204e+02
16164 +4.230456543e+02 +4.230456543e+02 +5.440956543e+02 +5.440956543e+02
33596 +3.870282844e+02 +3.870282844e+02 +5.080782844e+02 +5.080782844e+02
45758 +3.715348304e+02 +3.715348304e+02 +4.925848304e+02 +4.925848304e+02
62348 +3.626974895e+02 +3.626974895e+02 +4.837474895e+02 +4.837474895e+02
64216 +3.492542788e+02 +3.492542788e+02 +4.703042788e+02 +4.703042788e+02
67918 +3.269553605e+02 +3.269553605e+02 +4.480053605e+02 +4.480053605e+02
68137 +3.219186603e+02 +3.219186603e+02 +4.429686603e+02 +4.429686603e+02
68155 +3.030997266e+02 +3.030997266e+02 +4.241497266e+02 +4.241497266e+02
77000 +2.993300888e+02 +2.993300888e+02 +4.203800888e+02 +4.203800888e+02
81401 +2.766339533e+02 +2.766339533e+02 +3.976839533e+02 +3.976839533e+02
83283 +2.725137740e+02 +2.725137740e+02 +3.935637740e+02 +3.935637740e+02
83663 +2.640061183e+02 +2.640061183e+02 +3.850561183e+02 +3.850561183e+02
83784 +2.513240581e+02 +2.513240581e+02 +3.723740581e+02 +3.723740581e+02
83792 +2.507453445e+02 +2.507453445e+02 +3.717953445e+02 +3.717953445e+02
84169 +2.382610124e+02 +2.382610124e+02 +3.593110124e+02 +3.593110124e+02
84175 +2.324776320e+02 +2.324776320e+02 +3.535276320e+02 +3.535276320e+02
84524 +2.278918557e+02 +2.278918557e+02 +3.489418557e+02 +3.489418557e+02
87118 +2.219401672e+02 +2.219401672e+02 +3.429901672e+02 +3.429901672e+02
87130 +2.170589586e+02 +2.170589586e+02 +3.381089586e+02 +3.381089586e+02
87788 +2.040341525e+02 +2.040341525e+02 +3.250841525e+02 +3.250841525e+02
89505 +1.893779583e+02 +1.893779583e+02 +3.104279583e+02 +3.104279583e+02
89867 +1.796260780e+02 +1.796260780e+02 +3.006760780e+02 +3.006760780e+02
89873 +1.740118940e+02 +1.740118940e+02 +2.950618940e+02 +2.950618940e+02
90701 +1.729254950e+02 +1.729254950e+02 +2.939754950e+02 +2.939754950e+02
91577 +1.649514165e+02 +1.649514165e+02 +2.860014165e+02 +2.860014165e+02
92414 +1.621577739e+02 +1.621577739e+02 +2.832077739e+02 +2.832077739e+02
93425 +1.574707780e+02 +1.574707780e+02 +2.785207780e+02 +2.785207780e+02
93633 +1.495989493e+02 +1.495989493e+02 +2.706489493e+02 +2.706489493e+02
93792 +1.470796229e+02 +1.470796229e+02 +2.681296229e+02 +2.681296229e+02
94036 +1.431016321e+02 +1.431016321e+02 +2.641516321e+02 +2.641516321e+02
98294 +1.386286812e+02 +1.386286812e+02 +2.596786812e+02 +2.596786812e+02
98977 +1.346055511e+02 +1.346055511e+02 +2.556555511e+02 +2.556555511e+02
395911 +1.315397239e+02 +1.315397239e+02 +2.525897239e+02 +2.525897239e+02
395923 +1.266293587e+02 +1.266293587e+02 +2.476793587e+02 +2.476793587e+02
397746 +1.251097008e+02 +1.251097008e+02 +2.461597008e+02 +2.461597008e+02
397765 +1.190088095e+02 +1.190088095e+02 +2.400588095e+02 +2.400588095e+02
398087 +1.163869840e+02 +1.163869840e+02 +2.374369840e+02 +2.374369840e+02
399743 +1.129535801e+02 +1.129535801e+02 +2.340035801e+02 +2.340035801e+02
399746 +1.098502649e+02 +1.098502649e+02 +2.309002649e+02 +2.309002649e+02
399859 +1.094707979e+02 +1.094707979e+02 +2.305207979e+02 +2.305207979e+02
% function evaluation | noise-free fitness - Fopt (-1.033000000000e+01) | best noise-free fitness - Fopt | measured fitness | best measured fitness | x1 | x2...
1 +1.867898024e+03 +1.867898024e+03 +1.857568024e+03 +1.857568024e+03
9 +1.607608564e+03 +1.607608564e+03 +1.597278564e+03 +1.597278564e+03
19 +1.360456087e+03 +1.360456087e+03 +1.350126087e+03 +1.350126087e+03
22 +1.329449296e+03 +1.329449296e+03 +1.319119296e+03 +1.319119296e+03
29 +1.243088872e+03 +1.243088872e+03 +1.232758872e+03 +1.232758872e+03
43 +1.218837804e+03 +1.218837804e+03 +1.208507804e+03 +1.208507804e+03
48 +1.087907987e+03 +1.087907987e+03 +1.077577987e+03 +1.077577987e+03
272 +1.059594493e+03 +1.059594493e+03 +1.049264493e+03 +1.049264493e+03
334 +1.033829170e+03 +1.033829170e+03 +1.023499170e+03 +1.023499170e+03
669 +1.020295242e+03 +1.020295242e+03 +1.009965242e+03 +1.009965242e+03
863 +9.829680850e+02 +9.829680850e+02 +9.726380850e+02 +9.726380850e+02
902 +9.333921063e+02 +9.333921063e+02 +9.230621063e+02 +9.230621063e+02
903 +9.070777257e+02 +9.070777257e+02 +8.967477257e+02 +8.967477257e+02
907 +7.711269606e+02 +7.711269606e+02 +7.607969606e+02 +7.607969606e+02
1442 +7.285609205e+02 +7.285609205e+02 +7.182309205e+02 +7.182309205e+02
4377 +7.219933805e+02 +7.219933805e+02 +7.116633805e+02 +7.116633805e+02
4429 +6.310506985e+02 +6.310506985e+02 +6.207206985e+02 +6.207206985e+02
4745 +6.103121060e+02 +6.103121060e+02 +5.999821060e+02 +5.999821060e+02
4863 +5.905573153e+02 +5.905573153e+02 +5.802273153e+02 +5.802273153e+02
9622 +5.616796323e+02 +5.616796323e+02 +5.513496323e+02 +5.513496323e+02
11872 +5.376760611e+02 +5.376760611e+02 +5.273460611e+02 +5.273460611e+02
12270 +5.333137949e+02 +5.333137949e+02 +5.229837949e+02 +5.229837949e+02
12915 +5.246588599e+02 +5.246588599e+02 +5.143288599e+02 +5.143288599e+02
13796 +4.920333311e+02 +4.920333311e+02 +4.817033311e+02 +4.817033311e+02
16264 +4.836034837e+02 +4.836034837e+02 +4.732734837e+02 +4.732734837e+02
18608 +4.575681311e+02 +4.575681311e+02 +4.472381311e+02 +4.472381311e+02
21723 +4.502659985e+02 +4.502659985e+02 +4.399359985e+02 +4.399359985e+02
21762 +4.436242994e+02 +4.436242994e+02 +4.332942994e+02 +4.332942994e+02
22396 +4.217546037e+02 +4.217546037e+02 +4.114246037e+02 +4.114246037e+02
44523 +4.137506673e+02 +4.137506673e+02 +4.034206673e+02 +4.034206673e+02
52068 +4.031271455e+02 +4.031271455e+02 +3.927971455e+02 +3.927971455e+02
53452 +3.897120636e+02 +3.897120636e+02 +3.793820636e+02 +3.793820636e+02
55297 +3.771130666e+02 +3.771130666e+02 +3.667830666e+02 +3.667830666e+02
55704 +3.530051219e+02 +3.530051219e+02 +3.426751219e+02 +3.426751219e+02
60197 +3.237555682e+02 +3.237555682e+02 +3.134255682e+02 +3.134255682e+02
62823 +3.230154291e+02 +3.230154291e+02 +3.126854291e+02 +3.126854291e+02
79035 +2.898841239e+02 +2.898841239e+02 +2.795541239e+02 +2.795541239e+02
85573 +2.808788895e+02 +2.808788895e+02 +2.705488895e+02 +2.705488895e+02
86145 +2.705873155e+02 +2.705873155e+02 +2.602573155e+02 +2.602573155e+02
86368 +2.610552172e+02 +2.610552172e+02 +2.507252172e+02 +2.507252172e+02
89956 +2.541111042e+02 +2.541111042e+02 +2.437811042e+02 +2.437811042e+02
89964 +2.412786298e+02 +2.412786298e+02 +2.309486298e+02 +2.309486298e+02
91380 +2.314506870e+02 +2.314506870e+02 +2.211206870e+02 +2.211206870e+02
91390 +2.189108714e+02 +2.189108714e+02 +2.085808714e+02 +2.085808714e+02
91406 +2.103456733e+02 +2.103456733e+02 +2.000156733e+02 +2.000156733e+02
92769 +2.039358030e+02 +2.039358030e+02 +1.936058030e+02 +1.936058030e+02
96243 +1.992610447e+02 +1.992610447e+02 +1.889310447e+02 +1.889310447e+02
96259 +1.932170795e+02 +1.932170795e+02 +1.828870795e+02 +1.828870795e+02
96296 +1.815551142e+02 +1.815551142e+02 +1.712251142e+02 +1.712251142e+02
96324 +1.762349332e+02 +1.762349332e+02 +1.659049332e+02 +1.659049332e+02
97124 +1.723578263e+02 +1.723578263e+02 +1.620278263e+02 +1.620278263e+02
97284 +1.673550219e+02 +1.673550219e+02 +1.570250219e+02 +1.570250219e+02
99286 +1.657036059e+02 +1.657036059e+02 +1.553736059e+02 +1.553736059e+02
99543 +1.567197440e+02 +1.567197440e+02 +1.463897440e+02 +1.463897440e+02
99582 +1.515919520e+02 +1.515919520e+02 +1.412619520e+02 +1.412619520e+02
99702 +1.508476420e+02 +1.508476420e+02 +1.405176420e+02 +1.405176420e+02
99719 +1.466928990e+02 +1.466928990e+02 +1.363628990e+02 +1.363628990e+02
394502 +1.443311618e+02 +1.443311618e+02 +1.340011618e+02 +1.340011618e+02
395027 +1.399066639e+02 +1.399066639e+02 +1.295766639e+02 +1.295766639e+02
395921 +1.371217918e+02 +1.371217918e+02 +1.267917918e+02 +1.267917918e+02
395930 +1.332364617e+02 +1.332364617e+02 +1.229064617e+02 +1.229064617e+02
396445 +1.295689291e+02 +1.295689291e+02 +1.192389291e+02 +1.192389291e+02
396559 +1.265858733e+02 +1.265858733e+02 +1.162558733e+02 +1.162558733e+02
396920 +1.185702551e+02 +1.185702551e+02 +1.082402551e+02 +1.082402551e+02
396928 +1.172302483e+02 +1.172302483e+02 +1.069002483e+02 +1.069002483e+02
396941 +1.100871807e+02 +1.100871807e+02 +9.975718074e+01 +9.975718074e+01
396965 +1.081225369e+02 +1.081225369e+02 +9.779253692e+01 +9.779253692e+01
% function evaluation | noise-free fitness - Fopt (-6.846000000000e+01) | best noise-free fitness - Fopt | measured fitness | best measured fitness | x1 | x2...
1 +2.368102566e+03 +2.368102566e+03 +2.299642566e+03 +2.299642566e+03
33 +2.342475025e+03 +2.342475025e+03 +2.274015025e+03 +2.274015025e+03
46 +2.044450111e+03 +2.044450111e+03 +1.975990111e+03 +1.975990111e+03
54 +2.015421795e+03 +2.015421795e+03 +1.946961795e+03 +1.946961795e+03
65 +1.944362601e+03 +1.944362601e+03 +1.875902601e+03 +1.875902601e+03
71 +1.650739312e+03 +1.650739312e+03 +1.582279312e+03 +1.582279312e+03
79 +1.547480286e+03 +1.547480286e+03 +1.479020286e+03 +1.479020286e+03
90 +1.431179703e+03 +1.431179703e+03 +1.362719703e+03 +1.362719703e+03
98 +1.368474114e+03 +1.368474114e+03 +1.300014114e+03 +1.300014114e+03
112 +1.302349297e+03 +1.302349297e+03 +1.233889297e+03 +1.233889297e+03
131 +1.056541640e+03 +1.056541640e+03 +9.880816404e+02 +9.880816404e+02
255 +9.991090432e+02 +9.991090432e+02 +9.306490432e+02 +9.306490432e+02
527 +9.350955594e+02 +9.350955594e+02 +8.666355594e+02 +8.666355594e+02
591 +9.314224187e+02 +9.314224187e+02 +8.629624187e+02 +8.629624187e+02
622 +8.414601505e+02 +8.414601505e+02 +7.730001505e+02 +7.730001505e+02
2185 +8.197209778e+02 +8.197209778e+02 +7.512609778e+02 +7.512609778e+02
2401 +8.046578467e+02 +8.046578467e+02 +7.361978467e+02 +7.361978467e+02
2554 +7.854199789e+02 +7.854199789e+02 +7.169599789e+02 +7.169599789e+02
2828 +7.371818412e+02 +7.371818412e+02 +6.687218412e+02 +6.687218412e+02
4593 +7.167821808e+02 +7.167821808e+02 +6.483221808e+02 +6.483221808e+02
4608 +6.671599258e+02 +6.671599258e+02 +5.986999258e+02 +5.986999258e+02
4978 +6.309727907e+02 +6.309727907e+02 +5.625127907e+02 +5.625127907e+02
5006 +5.969000909e+02 +5.969000909e+02 +5.284400909e+02 +5.284400909e+02
5017 +5.814167318e+02 +5.814167318e+02 +5.129567318e+02 +5.129567318e+02
5039 +5.552007973e+02 +5.552007973e+02 +4.867407973e+02 +4.867407973e+02
8879 +4.939114198e+02 +4.939114198e+02 +4.254514198e+02 +4.254514198e+02
15663 +4.672884536e+02 +4.672884536e+02 +3.988284536e+02 +3.988284536e+02
26102 +4.483029705e+02 +4.483029705e+02 +3.798429705e+02 +3.798429705e+02
27508 +4.389286036e+02 +4.389286036e+02 +3.704686036e+02 +3.704686036e+02
35690 +4.221053118e+02 +4.221053118e+02 +3.536453118e+02 +3.536453118e+02
44745 +4.117046899e+02 +4.117046899e+02 +3.432446899e+02 +3.432446899e+02
53232 +4.027663026e+02 +4.027663026e+02 +3.343063026e+02 +3.343063026e+02
53919 +3.902463105e+02 +3.902463105e+02 +3.217863105e+02 +3.217863105e+02
54132 +3.875954375e+02 +3.875954375e+02 +3.191354375e+02 +3.191354375e+02
55468 +3.683872066e+02 +3.683872066e+02 +2.999272066e+02 +2.999272066e+02
72734 +3.352125774e+02 +3.352125774e+02 +2.667525774e+02 +2.667525774e+02
75965 +3.186784177e+02 +3.186784177e+02 +2.502184177e+02 +2.502184177e+02
77879 +3.137686050e+02 +3.137686050e+02 +2.453086050e+02 +2.453086050e+02
80637 +3.005504075e+02 +3.005504075e+02 +2.320904075e+02 +2.320904075e+02
83400 +2.915398688e+02 +2.915398688e+02 +2.230798688e+02 +2.230798688e+02
83551 +2.720693699e+02 +2.720693699e+02 +2.036093699e+02 +2.036093699e+02
84156 +2.552865770e+02 +2.552865770e+02 +1.868265770e+02 +1.868265770e+02
87341 +2.457487792e+02 +2.457487792e+02 +1.772887792e+02 +1.772887792e+02
87639 +2.448958547e+02 +2.448958547e+02 +1.764358547e+02 +1.764358547e+02
87686 +2.362905872e+02 +2.362905872e+02 +1.678305872e+02 +1.678305872e+02
87697 +2.333646777e+02 +2.333646777e+02 +1.649046777e+02 +1.649046777e+02
88340 +2.248944578e+02 +2.248944578e+02 +1.564344578e+02 +1.564344578e+02
88691 +2.130755693e+02 +2.130755693e+02 +1.446155693e+02 +1.446155693e+02
89022 +2.041721276e+02 +2.041721276e+02 +1.357121276e+02 +1.357121276e+02
89062 +1.953838440e+02 +1.953838440e+02 +1.269238440e+02 +1.269238440e+02
90470 +1.933418362e+02 +1.933418362e+02 +1.248818362e+02 +1.248818362e+02
90713 +1.904642889e+02 +1.904642889e+02 +1.220042889e+02 +1.220042889e+02
90730 +1.838524475e+02 +1.838524475e+02 +1.153924475e+02 +1.153924475e+02
91443 +1.809721194e+02 +1.809721194e+02 +1.125121194e+02 +1.125121194e+02
91448 +1.774673236e+02 +1.774673236e+02 +1.090073236e+02 +1.090073236e+02
91662 +1.685233366e+02 +1.685233366e+02 +1.000633366e+02 +1.000633366e+02
91687 +1.586711599e+02 +1.586711599e+02 +9.021115995e+01 +9.021115995e+01
93987 +1.583797068e+02 +1.583797068e+02 +8.991970677e+01 +8.991970677e+01
94355 +1.491501273e+02 +1.491501273e+02 +8.069012731e+01 +8.069012731e+01
94359 +1.468065701e+02 +1.468065701e+02 +7.834657013e+01 +7.834657013e+01
94707 +1.436599865e+02 +1.436599865e+02 +7.519998655e+01 +7.519998655e+01
98105 +1.402225639e+02 +1.402225639e+02 +7.176256388e+01 +7.176256388e+01
98112 +1.365018089e+02 +1.365018089e+02 +6.804180890e+01 +6.804180890e+01
98339 +1.328165918e+02 +1.328165918e+02 +6.435659181e+01 +6.435659181e+01
98374 +1.302469053e+02 +1.302469053e+02 +6.178690527e+01 +6.178690527e+01
98382 +1.284305420e+02 +1.284305420e+02 +5.997054202e+01 +5.997054202e+01
99871 +1.255767528e+02 +1.255767528e+02 +5.711675277e+01 +5.711675277e+01
99964 +1.204221180e+02 +1.204221180e+02 +5.196211799e+01 +5.196211799e+01
% function evaluation | noise-free fitness - Fopt (-1.314900000000e+02) | best noise-free fitness - Fopt | measured fitness | best measured fitness | x1 | x2...
1 +1.647047479e+03 +1.647047479e+03 +1.515557479e+03 +1.515557479e+03
13 +1.588665335e+03 +1.588665335e+03 +1.457175335e+03 +1.457175335e+03
31 +1.558087334e+03 +1.558087334e+03 +1.426597334e+03 +1.426597334e+03
52 +1.531988408e+03 +1.531988408e+03 +1.400498408e+03 +1.400498408e+03
228 +1.511600182e+03 +1.511600182e+03 +1.380110182e+03 +1.380110182e+03
240 +1.432910414e+03 +1.432910414e+03 +1.301420414e+03 +1.301420414e+03
319 +1.315818791e+03 +1.315818791e+03 +1.184328791e+03 +1.184328791e+03
511 +1.279886069e+03 +1.279886069e+03 +1.148396069e+03 +1.148396069e+03
523 +1.217453523e+03 +1.217453523e+03 +1.085963523e+03 +1.085963523e+03
525 +1.139993213e+03 +1.139993213e+03 +1.008503213e+03 +1.008503213e+03
775 +1.093301783e+03 +1.093301783e+03 +9.618117826e+02 +9.618117826e+02
860 +1.045833681e+03 +1.045833681e+03 +9.143436808e+02 +9.143436808e+02
900 +1.010530552e+03 +1.010530552e+03 +8.790405523e+02 +8.790405523e+02
993 +9.814770062e+02 +9.814770062e+02 +8.499870062e+02 +8.499870062e+02
1005 +9.212040667e+02 +9.212040667e+02 +7.897140667e+02 +7.897140667e+02
1026 +9.015627543e+02 +9.015627543e+02 +7.700727543e+02 +7.700727543e+02
1050 +8.127748682e+02 +8.127748682e+02 +6.812848682e+02 +6.812848682e+02
1546 +7.683447537e+02 +7.683447537e+02 +6.368547537e+02 +6.368547537e+02
1553 +6.968995150e+02 +6.968995150e+02 +5.654095150e+02 +5.654095150e+02
4554 +6.910643272e+02 +6.910643272e+02 +5.595743272e+02 +5.595743272e+02
4578 +6.604144402e+02 +6.604144402e+02 +5.289244402e+02 +5.289244402e+02
4643 +6.111194607e+02 +6.111194607e+02 +4.796294607e+02 +4.796294607e+02
4787 +6.014567476e+02 +6.014567476e+02 +4.699667476e+02 +4.699667476e+02
8806 +5.796790739e+02 +5.796790739e+02 +4.481890739e+02 +4.481890739e+02
8819 +5.652993111e+02 +5.652993111e+02 +4.338093111e+02 +4.338093111e+02
9699 +5.604723045e+02 +5.604723045e+02 +4.289823045e+02 +4.289823045e+02
10984 +5.465689109e+02 +5.465689109e+02 +4.150789109e+02 +4.150789109e+02
11239 +5.321189673e+02 +5.321189673e+02 +4.006289673e+02 +4.006289673e+02
11268 +5.126725617e+02 +5.126725617e+02 +3.811825617e+02 +3.811825617e+02
12185 +4.474785731e+02 +4.474785731e+02 +3.159885731e+02 +3.159885731e+02
12834 +4.360478024e+02 +4.360478024e+02 +3.045578024e+02 +3.045578024e+02
24174 +4.112722613e+02 +4.112722613e+02 +2.797822613e+02 +2.797822613e+02
26640 +4.061019144e+02 +4.061019144e+02 +2.746119144e+02 +2.746119144e+02
28794 +3.911449822e+02 +3.911449822e+02 +2.596549822e+02 +2.596549822e+02
45401 +3.668194505e+02 +3.668194505e+02 +2.353294505e+02 +2.353294505e+02
53001 +3.437741525e+02 +3.437741525e+02 +2.122841525e+02 +2.122841525e+02
63175 +3.166917410e+02 +3.166917410e+02 +1.852017410e+02 +1.852017410e+02
63329 +3.139787966e+02 +3.139787966e+02 +1.824887966e+02 +1.824887966e+02
79876 +3.041015553e+02 +3.041015553e+02 +1.726115553e+02 +1.726115553e+02
81215 +3.015195286e+02 +3.015195286e+02 +1.700295286e+02 +1.700295286e+02
81881 +2.756892778e+02 +2.756892778e+02 +1.441992778e+02 +1.441992778e+02
83542 +2.743295805e+02 +2.743295805e+02 +1.428395805e+02 +1.428395805e+02
83571 +2.665822337e+02 +2.665822337e+02 +1.350922337e+02 +1.350922337e+02
86660 +2.489899875e+02 +2.489899875e+02 +1.174999875e+02 +1.174999875e+02
86664 +2.316608228e+02 +2.316608228e+02 +1.001708228e+02 +1.001708228e+02
88556 +2.277692186e+02 +2.277692186e+02 +9.627921861e+01 +9.627921861e+01
89573 +2.237833877e+02 +2.237833877e+02 +9.229338774e+01 +9.229338774e+01
91731 +2.182045579e+02 +2.182045579e+02 +8.671455794e+01 +8.671455794e+01
91967 +2.132221941e+02 +2.132221941e+02 +8.173219412e+01 +8.173219412e+01
91986 +2.063632621e+02 +2.063632621e+02 +7.487326212e+01 +7.487326212e+01
91995 +1.874963425e+02 +1.874963425e+02 +5.600634247e+01 +5.600634247e+01
92304 +1.861034247e+02 +1.861034247e+02 +5.461342471e+01 +5.461342471e+01
93932 +1.791997773e+02 +1.791997773e+02 +4.770977731e+01 +4.770977731e+01
94256 +1.764576554e+02 +1.764576554e+02 +4.496765544e+01 +4.496765544e+01
94311 +1.693765734e+02 +1.693765734e+02 +3.788657342e+01 +3.788657342e+01
96114 +1.653056808e+02 +1.653056808e+02 +3.381568080e+01 +3.381568080e+01
96393 +1.618167075e+02 +1.618167075e+02 +3.032670747e+01 +3.032670747e+01
96429 +1.584880238e+02 +1.584880238e+02 +2.699802380e+01 +2.699802380e+01
96862 +1.517711581e+02 +1.517711581e+02 +2.028115805e+01 +2.028115805e+01
96977 +1.502165630e+02 +1.502165630e+02 +1.872656305e+01 +1.872656305e+01
96981 +1.464245466e+02 +1.464245466e+02 +1.493454662e+01 +1.493454662e+01
98553 +1.422697700e+02 +1.422697700e+02 +1.077977000e+01 +1.077977000e+01
98810 +1.401867398e+02 +1.401867398e+02 +8.696739788e+00 +8.696739788e+00
99997 +1.362656476e+02 +1.362656476e+02 +4.775647616e+00 +4.775647616e+00
295117 +1.208756714e+02 +1.208756714e+02 -1.061432865e+01 -1.061432865e+01
298152 +1.183009351e+02 +1.183009351e+02 -1.318906486e+01 -1.318906486e+01
299097 +1.150331665e+02 +1.150331665e+02 -1.645683355e+01 -1.645683355e+01
