% function evaluation | noise-free fitness - Fopt (1.000000000000e+03) | best noise-free fitness - Fopt | measured fitness | best measured fitness | x1 | x2...
1 +3.833297738e+02 +3.833297738e+02 +1.383329774e+03 +1.383329774e+03 +0.0000e+00 +0.0000e+00 +0.0000e+00 +0.0000e+00 +0.0000e+00
3 +3.121231120e+02 +3.121231120e+02 +1.312123112e+03 +1.312123112e+03 +1.2551e+00 +5.5223e-01 +3.9022e-02 +9.9806e-01 -1.4154e+00
5 +2.293652521e+02 +2.293652521e+02 +1.229365252e+03 +1.229365252e+03 -2.5038e+00 -2.2375e+00 +1.5908e+00 +4.9129e+00 +9.1624e-01
11 +2.063268366e+02 +2.063268366e+02 +1.206326837e+03 +1.206326837e+03 -2.7838e+00 -1.8293e+00 +1.0961e+00 +3.1114e+00 +8.9427e-01
15 +1.659661731e+02 +1.659661731e+02 +1.165966173e+03 +1.165966173e+03 -2.5214e+00 -1.0741e+00 +9.2160e-01 +3.9985e+00 +2.0335e+00
21 +1.228967353e+02 +1.228967353e+02 +1.122896735e+03 +1.122896735e+03 -2.4620e+00 -1.0258e+00 +2.7028e+00 +3.7089e+00 +2.0567e+00
31 +1.125402801e+02 +1.125402801e+02 +1.112540280e+03 +1.112540280e+03 -3.6536e+00 -1.0517e+00 +4.0744e+00 +3.0981e+00 +1.5081e+00
34 +8.208011788e+01 +8.208011788e+01 +1.082080118e+03 +1.082080118e+03 -4.5594e+00 -4.3749e-01 +4.8415e+00 +3.7743e+00 +1.1142e+00
51 +6.435741832e+01 +6.435741832e+01 +1.064357418e+03 +1.064357418e+03 -3.5744e+00 -2.4101e-02 +3.6116e+00 +2.0516e+00 +2.5570e+00
88 +5.130704643e+01 +5.130704643e+01 +1.051307046e+03 +1.051307046e+03 -2.0539e+00 +1.9013e+00 +1.6545e+00 +3.3432e+00 +3.0378e+00
106 +5.090439665e+01 +5.090439665e+01 +1.050904397e+03 +1.050904397e+03 -2.0190e+00 +3.0173e+00 +1.0665e+00 +3.7966e+00 +2.2732e+00
140 +2.623533374e+01 +2.623533374e+01 +1.026235334e+03 +1.026235334e+03 -1.3666e+00 +3.0955e+00 +2.9309e+00 +3.9975e+00 +3.1675e+00
321 +1.957152408e+01 +1.957152408e+01 +1.019571524e+03 +1.019571524e+03 -1.7323e+00 +3.8774e+00 +1.6967e+00 +3.9185e+00 +2.1155e+00
606 +1.649645877e+01 +1.649645877e+01 +1.016496459e+03 +1.016496459e+03 -2.9463e+00 +2.7633e+00 +3.1270e+00 +2.9065e+00 +3.5102e+00
1017 +1.441862042e+01 +1.441862042e+01 +1.014418620e+03 +1.014418620e+03 -4.2755e+00 +1.6844e+00 +3.7838e+00 +3.0079e+00 +3.5174e+00
1130 +1.353680820e+01 +1.353680820e+01 +1.013536808e+03 +1.013536808e+03 -3.5956e+00 +2.6498e+00 +2.9213e+00 +3.3543e+00 +3.1521e+00
3832 +1.345444801e+01 +1.345444801e+01 +1.013454448e+03 +1.013454448e+03 -3.3360e+00 +4.7304e+00 +4.1531e+00 +3.3471e+00 +1.5667e+00
4223 +1.285643249e+01 +1.285643249e+01 +1.012856432e+03 +1.012856432e+03 -3.4097e+00 +4.6984e+00 +4.1428e+00 +3.3457e+00 +1.6010e+00
4316 +1.253298035e+01 +1.253298035e+01 +1.012532980e+03 +1.012532980e+03 -3.3660e+00 +4.7211e+00 +4.1368e+00 +3.3439e+00 +1.5733e+00
4413 +1.216495547e+01 +1.216495547e+01 +1.012164955e+03 +1.012164955e+03 -3.3679e+00 +4.6773e+00 +4.1186e+00 +3.3485e+00 +1.5986e+00
4972 +1.200634647e+01 +1.200634647e+01 +1.012006346e+03 +1.012006346e+03 -3.3684e+00 +4.7025e+00 +4.1314e+00 +3.3349e+00 +1.5929e+00
% function evaluation | noise-free fitness - Fopt (7.003000000000e+01) | best noise-free fitness - Fopt | measured fitness | best measured fitness | x1 | x2...
1 +1.421420674e+02 +1.421420674e+02 +2.121720674e+02 +2.121720674e+02 +0.0000e+00 +0.0000e+00 +0.0000e+00 +0.0000e+00 +0.0000e+00
12 +1.089899340e+02 +1.089899340e+02 +1.790199340e+02 +1.790199340e+02 -1.4763e+00 +2.6181e-02 -2.5505e+00 -1.2207e+00 -3.4565e+00
15 +8.571667328e+01 +8.571667328e+01 +1.557466733e+02 +1.557466733e+02 -1.9663e+00 +7.6350e-01 -1.2532e+00 -7.5156e-01 -7.0851e-01
36 +7.570490582e+01 +7.570490582e+01 +1.457349058e+02 +1.457349058e+02 -2.5304e+00 -4.4744e-01 -6.1979e-01 -1.0473e+00 -1.2371e+00
61 +7.205781966e+01 +7.205781966e+01 +1.420878197e+02 +1.420878197e+02 -2.3075e+00 -5.3075e-01 +5.1934e-02 -1.4217e+00 -2.5013e+00
85 +5.571220413e+01 +5.571220413e+01 +1.257422041e+02 +1.257422041e+02 -6.9911e-01 -1.9276e+00 -1.8912e+00 -9.3565e-01 -2.9176e+00
86 +3.466797147e+01 +3.466797147e+01 +1.046979715e+02 +1.046979715e+02 -7.9815e-01 -1.9746e+00 -2.6589e+00 -1.5558e+00 -3.3107e+00
210 +3.317801796e+01 +3.317801796e+01 +1.032080180e+02 +1.032080180e+02 -1.0239e+00 -2.7926e+00 -4.7387e+00 -1.9176e+00 +4.4822e-01
232 +2.388771852e+01 +2.388771852e+01 +9.391771852e+01 +9.391771852e+01 -7.1965e-01 -2.8473e+00 -4.4426e+00 -1.4499e+00 -4.2234e-01
501 +1.771919419e+01 +1.771919419e+01 +8.774919419e+01 +8.774919419e+01 -1.5891e+00 -2.1327e+00 -3.7927e+00 -1.0773e+00 -7.9229e-01
665 +1.704950949e+01 +1.704950949e+01 +8.707950949e+01 +8.707950949e+01 -1.1525e+00 -2.5604e+00 -4.8913e+00 -2.1212e+00 -5.8036e-01
1479 +1.132972101e+01 +1.132972101e+01 +8.135972101e+01 +8.135972101e+01 -1.1816e+00 -2.1300e+00 -4.2873e+00 -2.4808e+00 -7.6109e-01
% function evaluation | noise-free fitness - Fopt (-4.822000000000e+01) | best noise-free fitness - Fopt | measured fitness | best measured fitness | x1 | x2...
1 +1.511162314e+02 +1.511162314e+02 +1.028962314e+02 +1.028962314e+02 +0.0000e+00 +0.0000e+00 +0.0000e+00 +0.0000e+00 +0.0000e+00
2 +5.015037526e+01 +5.015037526e+01 +1.930375258e+00 +1.930375258e+00 +1.0619e+00 +3.4822e-01 -2.2518e+00 -1.9208e-02 -2.1589e+00
32 +4.575998606e+01 +4.575998606e+01 -2.460013941e+00 -2.460013941e+00 -3.3214e-01 -5.2393e-01 -3.1591e+00 -2.0703e+00 -2.5849e+00
50 +4.157301717e+01 +4.157301717e+01 -6.646982830e+00 -6.646982830e+00 -2.7014e+00 -1.0433e+00 -2.3888e+00 -6.9255e-01 -3.4813e+00
112 +3.849807600e+01 +3.849807600e+01 -9.721923996e+00 -9.721923996e+00 -1.6768e+00 -2.1936e+00 -3.5059e+00 +9.4205e-01 -1.7820e+00
134 +2.066941002e+01 +2.066941002e+01 -2.755058998e+01 -2.755058998e+01 -2.9910e+00 -1.9833e+00 -2.7934e+00 -4.7136e-02 -3.2043e+00
370 +2.002522966e+01 +2.002522966e+01 -2.819477034e+01 -2.819477034e+01 +2.4208e-02 -9.1523e-01 -2.8101e+00 +5.5191e-02 -3.1039e+00
825 +1.724922306e+01 +1.724922306e+01 -3.097077694e+01 -3.097077694e+01 -9.8586e-02 -9.5197e-01 -2.9480e+00 -3.9401e-01 -3.2738e+00
2288 +1.644245614e+01 +1.644245614e+01 -3.177754386e+01 -3.177754386e+01 -1.2268e+00 -7.4165e-01 -3.0235e+00 -5.5767e-01 -2.7942e+00
2527 +1.176871354e+01 +1.176871354e+01 -3.645128646e+01 -3.645128646e+01 -1.7744e+00 -5.3983e-01 -2.5776e+00 -1.3036e-01 -3.6727e+00
2666 +9.525747144e+00 +9.525747144e+00 -3.869425286e+01 -3.869425286e+01 -1.7078e+00 -8.7545e-01 -2.4678e+00 +6.0014e-02 -3.1598e+00
5383 +8.812399201e+00 +8.812399201e+00 -3.940760080e+01 -3.940760080e+01 -2.6531e+00 -1.6718e+00 -2.6858e+00 -5.3360e-02 -2.4767e+00
5390 +8.141798760e+00 +8.141798760e+00 -4.007820124e+01 -4.007820124e+01 -2.5819e+00 -1.6318e+00 -2.6946e+00 -3.9209e-03 -2.5601e+00
5521 +7.081063869e+00 +7.081063869e+00 -4.113893613e+01 -4.113893613e+01 -2.7743e+00 -1.6920e+00 -2.7323e+00 -1.8569e-02 -2.4749e+00
5609 +6.806957479e+00 +6.806957479e+00 -4.141304252e+01 -4.141304252e+01 -2.7291e+00 -1.6831e+00 -2.7180e+00 -2.6306e-02 -2.5087e+00
5686 +6.654080490e+00 +6.654080490e+00 -4.156591951e+01 -4.156591951e+01 -2.7069e+00 -1.6895e+00 -2.6902e+00 +2.9078e-02 -2.5541e+00
5703 +6.333238068e+00 +6.333238068e+00 -4.188676193e+01 -4.188676193e+01 -2.7057e+00 -1.6791e+00 -2.6806e+00 +7.3928e-03 -2.5671e+00
5985 +6.084260884e+00 +6.084260884e+00 -4.213573912e+01 -4.213573912e+01 -2.6991e+00 -1.6600e+00 -2.7000e+00 +1.3756e-02 -2.5374e+00
6499 +6.004080666e+00 +6.004080666e+00 -4.221591933e+01 -4.221591933e+01 -2.6671e+00 -1.6633e+00 -2.6783e+00 +1.7679e-02 -2.5717e+00
% function evaluation | noise-free fitness - Fopt (2.547000000000e+01) | best noise-free fitness - Fopt | measured fitness | best measured fitness | x1 | x2...
1 +1.434467868e+02 +1.434467868e+02 +1.689167868e+02 +1.689167868e+02 +0.0000e+00 +0.0000e+00 +0.0000e+00 +0.0000e+00 +0.0000e+00
4 +1.129204379e+02 +1.129204379e+02 +1.383904379e+02 +1.383904379e+02 +1.1730e+00 +4.7204e-03 -2.6541e+00 -1.5313e+00 +6.1037e-01
12 +6.846163189e+01 +6.846163189e+01 +9.393163189e+01 +9.393163189e+01 +6.4625e-02 -9.2659e-01 -2.6128e+00 -2.9739e+00 -9.5282e-01
23 +6.455680688e+01 +6.455680688e+01 +9.002680688e+01 +9.002680688e+01 -9.2174e-01 -1.6994e+00 -1.5167e+00 -3.5958e+00 -1.3160e-01
41 +4.839949669e+01 +4.839949669e+01 +7.386949669e+01 +7.386949669e+01 -1.2293e+00 -9.2585e-01 -2.0500e+00 -3.6448e+00 +1.4204e+00
55 +3.611695791e+01 +3.611695791e+01 +6.158695791e+01 +6.158695791e+01 -1.7316e+00 -8.7285e-01 -2.1631e+00 -2.8273e+00 -1.0837e+00
178 +2.883376994e+01 +2.883376994e+01 +5.430376994e+01 +5.430376994e+01 -3.4167e+00 -2.2142e+00 -1.1366e+00 -1.4003e+00 -2.1338e+00
294 +2.593864467e+01 +2.593864467e+01 +5.140864467e+01 +5.140864467e+01 -4.5254e+00 -1.6745e+00 -2.1180e+00 -2.2165e+00 -1.1784e+00
383 +2.504695430e+01 +2.504695430e+01 +5.051695430e+01 +5.051695430e+01 -1.7591e+00 -1.0961e+00 -1.0040e+00 -1.7023e+00 -2.9742e+00
401 +2.374035675e+01 +2.374035675e+01 +4.921035675e+01 +4.921035675e+01 -1.3962e+00 -1.2446e+00 -7.5615e-01 -1.7975e+00 -3.1406e+00
1053 +1.217710163e+01 +1.217710163e+01 +3.764710163e+01 +3.764710163e+01 -4.2275e+00 -2.3902e+00 -7.5849e-01 -3.0074e+00 -1.4632e+00
1698 +7.020962879e+00 +7.020962879e+00 +3.249096288e+01 +3.249096288e+01 -4.6556e+00 -2.2471e+00 -1.2506e+00 -2.1098e+00 -1.5837e+00
% function evaluation | noise-free fitness - Fopt (-1.008100000000e+02) | best noise-free fitness - Fopt | measured fitness | best measured fitness | x1 | x2...
1 +7.698999316e+01 +7.698999316e+01 -2.382000684e+01 -2.382000684e+01 +0.0000e+00 +0.0000e+00 +0.0000e+00 +0.0000e+00 +0.0000e+00
3 +6.131113855e+01 +6.131113855e+01 -3.949886145e+01 -3.949886145e+01 +7.6657e-01 -5.2351e-01 +1.1248e+00 -5.7148e-01 -5.3935e-01
9 +5.864596747e+01 +5.864596747e+01 -4.216403253e+01 -4.216403253e+01 +1.4325e+00 +6.5484e-01 +4.5922e-01 +1.2381e+00 -5.3000e-01
35 +3.764195935e+01 +3.764195935e+01 -6.316804065e+01 -6.316804065e+01 +2.8728e-01 +1.4309e+00 +9.9241e-01 +3.4450e-01 +1.4383e+00
81 +3.368814947e+01 +3.368814947e+01 -6.712185053e+01 -6.712185053e+01 -8.7899e-01 +7.2458e-01 +1.8744e+00 -1.6942e+00 +3.5455e+00
122 +3.071177218e+01 +3.071177218e+01 -7.009822782e+01 -7.009822782e+01 +1.1353e+00 +1.5641e+00 +1.8208e+00 +4.2391e-01 +4.1893e+00
187 +2.359146123e+01 +2.359146123e+01 -7.721853877e+01 -7.721853877e+01 +2.7697e+00 +1.7867e+00 +7.6298e-01 +5.6220e-01 +2.9422e+00
398 +1.689110537e+01 +1.689110537e+01 -8.391889463e+01 -8.391889463e+01 +6.4762e-01 +3.2861e-02 +1.4778e+00 +1.1871e+00 +2.4427e+00
1356 +1.421356142e+01 +1.421356142e+01 -8.659643858e+01 -8.659643858e+01 +2.6545e+00 +3.9933e-01 +6.9570e-01 +2.3168e-01 +2.3547e+00
2117 +1.183384648e+01 +1.183384648e+01 -8.897615352e+01 -8.897615352e+01 +2.4928e-01 -1.6303e-01 +1.4461e+00 -4.6679e-01 +2.6978e+00
3294 +6.598874001e+00 +6.598874001e+00 -9.421112600e+01 -9.421112600e+01 +1.0091e+00 +1.5027e+00 +1.2025e+00 +3.9596e-01 +2.4574e+00
% function evaluation | noise-free fitness - Fopt (-3.496000000000e+01) | best noise-free fitness - Fopt | measured fitness | best measured fitness | x1 | x2...
1 +1.711970251e+02 +1.711970251e+02 +1.362370251e+02 +1.362370251e+02 +0.0000e+00 +0.0000e+00 +0.0000e+00 +0.0000e+00 +0.0000e+00
2 +6.533336317e+01 +6.533336317e+01 +3.037336317e+01 +3.037336317e+01 +3.9483e+00 -9.9375e-01 -1.4678e+00 -2.7236e-01 -1.2286e+00
64 +5.425470221e+01 +5.425470221e+01 +1.929470221e+01 +1.929470221e+01 +1.5291e-01 -3.3549e+00 -1.6741e+00 -9.5498e-01 -5.6798e-01
81 +4.189922670e+01 +4.189922670e+01 +6.939226696e+00 +6.939226696e+00 +2.1432e+00 -3.6194e+00 -1.6686e+00 -5.7704e-01 -1.6392e+00
114 +4.082141978e+01 +4.082141978e+01 +5.861419777e+00 +5.861419777e+00 +1.3017e+00 -2.9306e+00 -2.2243e+00 +7.9544e-01 -1.4324e+00
185 +3.664307709e+01 +3.664307709e+01 +1.683077092e+00 +1.683077092e+00 +2.2734e+00 -3.9593e+00 -2.1253e+00 +1.7604e+00 -2.4994e+00
212 +3.222345350e+01 +3.222345350e+01 -2.736546496e+00 -2.736546496e+00 +1.4127e+00 -3.6097e+00 -3.2034e+00 +2.2295e+00 -2.4102e+00
333 +2.625630034e+01 +2.625630034e+01 -8.703699657e+00 -8.703699657e+00 +4.0569e-01 -3.1760e+00 -2.5854e+00 +3.0373e-01 -2.1063e+00
364 +2.128573178e+01 +2.128573178e+01 -1.367426822e+01 -1.367426822e+01 +8.8863e-01 -3.9949e+00 -1.5309e+00 +4.0453e-02 -9.0762e-01
2121 +1.966347562e+01 +1.966347562e+01 -1.529652438e+01 -1.529652438e+01 +1.1407e+00 -3.5381e+00 -2.6232e+00 +2.8216e+00 -2.0421e+00
2545 +1.232344955e+01 +1.232344955e+01 -2.263655045e+01 -2.263655045e+01 +1.2006e+00 -4.2949e+00 -1.9634e+00 +2.0504e+00 -2.3213e+00
2600 +5.483132600e+00 +5.483132600e+00 -2.947686740e+01 -2.947686740e+01 +1.1346e+00 -3.5726e+00 -2.2430e+00 +2.0940e+00 -2.0501e+00
7813 +5.363610052e+00 +5.363610052e+00 -2.959638995e+01 -2.959638995e+01 +1.2469e+00 -1.9588e+00 -2.3581e+00 +1.5466e+00 -2.0191e+00
8037 +5.141522349e+00 +5.141522349e+00 -2.981847765e+01 -2.981847765e+01 +1.2705e+00 -1.9599e+00 -2.3648e+00 +1.5378e+00 -2.0445e+00
8181 +5.093899554e+00 +5.093899554e+00 -2.986610045e+01 -2.986610045e+01 +1.2595e+00 -1.9701e+00 -2.3594e+00 +1.5235e+00 -2.0279e+00
8514 +5.001125387e+00 +5.001125387e+00 -2.995887461e+01 -2.995887461e+01 +1.2641e+00 -1.9525e+00 -2.3609e+00 +1.5400e+00 -2.0353e+00
% function evaluation | noise-free fitness - Fopt (-2.727900000000e+02) | best noise-free fitness - Fopt | measured fitness | best measured fitness | x1 | x2...
1 +1.082751329e+02 +1.082751329e+02 -1.645148671e+02 -1.645148671e+02 +0.0000e+00 +0.0000e+00 +0.0000e+00 +0.0000e+00 +0.0000e+00
3 +7.020987111e+01 +7.020987111e+01 -2.025801289e+02 -2.025801289e+02 -1.7292e+00 -7.0336e-01 +7.1565e-01 -2.8300e-03 +6.3424e-01
24 +4.828325097e+01 +4.828325097e+01 -2.245067490e+02 -2.245067490e+02 -2.2258e+00 -8.8643e-01 +1.4663e+00 -2.8816e+00 +1.0078e+00
45 +3.800196358e+01 +3.800196358e+01 -2.347880364e+02 -2.347880364e+02 -3.9379e+00 +5.0303e-01 +1.5035e+00 -2.8393e+00 +2.2611e-01
60 +1.754723364e+01 +1.754723364e+01 -2.552427664e+02 -2.552427664e+02 -2.6250e+00 +3.1803e-01 +3.4026e-01 -2.5244e+00 +1.1923e+00
1611 +8.881501861e+00 +8.881501861e+00 -2.639084981e+02 -2.639084981e+02 -2.3702e+00 +4.3678e-02 +1.3164e+00 -3.1737e+00 +3.2550e-01
3566 +8.701390747e+00 +8.701390747e+00 -2.640886093e+02 -2.640886093e+02 -3.5519e+00 +5.5710e-01 +1.4009e+00 -1.8855e+00 +8.7327e-01
4080 +7.594206145e+00 +7.594206145e+00 -2.651957939e+02 -2.651957939e+02 -3.7428e+00 +7.1608e-01 +1.0865e+00 -1.3770e+00 +6.5864e-01
4483 +7.224911330e+00 +7.224911330e+00 -2.655650887e+02 -2.655650887e+02 -3.7313e+00 +1.0035e+00 +1.5225e+00 -1.1478e+00 +6.7788e-01
4526 +6.188615153e+00 +6.188615153e+00 -2.666013848e+02 -2.666013848e+02 -3.8098e+00 +1.0694e+00 +1.5988e+00 -9.7675e-01 +7.4730e-01
4971 +5.981846482e+00 +5.981846482e+00 -2.668081535e+02 -2.668081535e+02 -3.7858e+00 +9.8354e-01 +1.5920e+00 -1.1780e+00 +7.3938e-01
5035 +5.602375363e+00 +5.602375363e+00 -2.671876246e+02 -2.671876246e+02 -3.7888e+00 +1.0601e+00 +1.5362e+00 -1.0269e+00 +7.4297e-01
5352 +5.371038383e+00 +5.371038383e+00 -2.674189616e+02 -2.674189616e+02 -3.8024e+00 +1.0034e+00 +1.6108e+00 -1.0950e+00 +7.8818e-01
5532 +5.117505941e+00 +5.117505941e+00 -2.676724941e+02 -2.676724941e+02 -3.7988e+00 +1.0073e+00 +1.6134e+00 -1.0778e+00 +7.7700e-01
6286 +5.008158515e+00 +5.008158515e+00 -2.677818415e+02 -2.677818415e+02 -3.8011e+00 +1.0292e+00 +1.6000e+00 -1.0472e+00 +7.7514e-01
% function evaluation | noise-free fitness - Fopt (1.410200000000e+02) | best noise-free fitness - Fopt | measured fitness | best measured fitness | x1 | x2...
1 +1.709572227e+02 +1.709572227e+02 +3.119772227e+02 +3.119772227e+02 +0.0000e+00 +0.0000e+00 +0.0000e+00 +0.0000e+00 +0.0000e+00
2 +1.637558294e+02 +1.637558294e+02 +3.047758294e+02 +3.047758294e+02 +1.1181e-01 +1.8524e+00 +1.0275e-01 -7.6320e-01 -7.5234e-01
3 +1.410989422e+02 +1.410989422e+02 +2.821189422e+02 +2.821189422e+02 +3.4504e-01 +1.4496e+00 -1.7021e+00 -2.7032e+00 +2.6250e-01
8 +1.366366233e+02 +1.366366233e+02 +2.776566233e+02 +2.776566233e+02 -4.0693e-01 -2.5646e+00 +5.3880e-01 +3.1880e-02 +3.3897e+00
12 +1.155774497e+02 +1.155774497e+02 +2.565974497e+02 +2.565974497e+02 -5.1758e-01 -2.2150e+00 +1.2709e+00 -7.1994e-02 +2.6056e+00
23 +8.905027466e+01 +8.905027466e+01 +2.300702747e+02 +2.300702747e+02 +6.8790e-01 -1.9335e+00 -1.8999e+00 -1.8726e+00 +3.1479e+00
33 +6.998922421e+01 +6.998922421e+01 +2.110092242e+02 +2.110092242e+02 +7.2890e-01 -4.5771e-01 -1.5215e+00 -2.7052e+00 +1.9481e+00
53 +6.784711112e+01 +6.784711112e+01 +2.088671111e+02 +2.088671111e+02 -3.4989e-01 +3.9743e-01 -2.1698e+00 -4.4375e+00 +1.6606e+00
57 +6.703803929e+01 +6.703803929e+01 +2.080580393e+02 +2.080580393e+02 +5.3161e-01 -3.1393e-02 -2.1840e+00 -2.7423e+00 +2.7554e+00
62 +6.147847979e+01 +6.147847979e+01 +2.024984798e+02 +2.024984798e+02 -1.7550e-01 -9.5396e-01 -1.3464e-01 -1.3736e+00 +2.5019e+00
64 +5.210691354e+01 +5.210691354e+01 +1.931269135e+02 +1.931269135e+02 -7.0919e-01 +1.7279e+00 -3.1930e+00 -3.2863e+00 +2.1884e+00
76 +4.284294729e+01 +4.284294729e+01 +1.838629473e+02 +1.838629473e+02 -1.0779e-01 +9.7568e-01 -2.5648e+00 -2.7467e+00 +3.2600e+00
121 +3.029001522e+01 +3.029001522e+01 +1.713100152e+02 +1.713100152e+02 -5.3674e-01 +5.7502e-01 -2.1913e+00 -4.9035e+00 +2.0646e+00
695 +2.952386574e+01 +2.952386574e+01 +1.705438657e+02 +1.705438657e+02 -1.8524e+00 +2.5633e+00 -2.7744e+00 -3.9918e+00 +2.3156e+00
721 +2.554705274e+01 +2.554705274e+01 +1.665670527e+02 +1.665670527e+02 -1.6583e+00 +1.8258e+00 -2.9084e+00 -4.5613e+00 +2.8228e+00
988 +2.442134188e+01 +2.442134188e+01 +1.654413419e+02 +1.654413419e+02 -1.5630e+00 +1.7626e+00 -3.0262e+00 -4.4280e+00 +3.5111e+00
1023 +1.357747609e+01 +1.357747609e+01 +1.545974761e+02 +1.545974761e+02 -1.0258e+00 +2.5206e+00 -2.9987e+00 -3.5676e+00 +3.7014e+00
1246 +8.451141865e+00 +8.451141865e+00 +1.494711419e+02 +1.494711419e+02 -2.0490e+00 +1.0420e+00 -3.0570e+00 -3.7066e+00 +3.7129e+00
2446 +7.796306532e+00 +7.796306532e+00 +1.488163065e+02 +1.488163065e+02 -2.1437e+00 +1.2301e+00 -2.9633e+00 -3.7334e+00 +2.7532e+00
3636 +6.057512927e+00 +6.057512927e+00 +1.470775129e+02 +1.470775129e+02 -5.4785e-01 +1.3141e+00 -2.6557e+00 -3.7314e+00 +3.0105e+00
3679 +5.758992633e+00 +5.758992633e+00 +1.467789926e+02 +1.467789926e+02 -9.9892e-01 +1.5729e+00 -2.4817e+00 -3.6451e+00 +2.8763e+00
3883 +5.372559303e+00 +5.372559303e+00 +1.463925593e+02 +1.463925593e+02 -2.2668e+00 +1.4291e+00 -3.1019e+00 -3.6687e+00 +3.1694e+00
% function evaluation | noise-free fitness - Fopt (8.113000000000e+01) | best noise-free fitness - Fopt | measured fitness | best measured fitness | x1 | x2...
1 +2.175991417e+02 +2.175991417e+02 +2.987291417e+02 +2.987291417e+02 +0.0000e+00 +0.0000e+00 +0.0000e+00 +0.0000e+00 +0.0000e+00
9 +1.731759774e+02 +1.731759774e+02 +2.543059774e+02 +2.543059774e+02 +2.2040e+00 +1.2351e+00 +8.3255e-01 -7.5546e+00 -1.9599e+00
14 +1.256846936e+02 +1.256846936e+02 +2.068146936e+02 +2.068146936e+02 +5.7477e-01 -1.7090e+00 +2.3035e+00 -2.3607e+00 -1.9539e+00
26 +1.063444273e+02 +1.063444273e+02 +1.874744273e+02 +1.874744273e+02 -5.3713e-01 +2.4344e-01 +2.6023e+00 -1.9538e+00 -3.2497e+00
29 +9.986307025e+01 +9.986307025e+01 +1.809930703e+02 +1.809930703e+02 +7.6254e-01 -1.5878e+00 +2.3493e+00 -3.2728e+00 -2.9525e+00
31 +9.285380108e+01 +9.285380108e+01 +1.739838011e+02 +1.739838011e+02 +1.4107e+00 -1.8794e+00 +1.4870e+00 -2.3143e+00 -1.8368e+00
37 +8.998437814e+01 +8.998437814e+01 +1.711143781e+02 +1.711143781e+02 +1.0473e+00 -2.4764e+00 +1.0633e+00 -1.7651e+00 -3.1069e+00
41 +7.470196850e+01 +7.470196850e+01 +1.558319685e+02 +1.558319685e+02 +2.5310e+00 -1.5803e+00 +1.8171e+00 -3.3248e+00 -1.5728e+00
51 +6.911050064e+01 +6.911050064e+01 +1.502405006e+02 +1.502405006e+02 +3.3750e+00 -1.0892e+00 +1.1136e+00 -2.7687e+00 -2.3144e+00
61 +5.090858163e+01 +5.090858163e+01 +1.320385816e+02 +1.320385816e+02 +4.2099e+00 -3.0123e-01 +7.6023e-01 -2.8921e+00 -2.5994e+00
82 +3.288457273e+01 +3.288457273e+01 +1.140145727e+02 +1.140145727e+02 +5.0362e+00 +5.9737e-01 +1.7064e+00 -3.9736e+00 -2.8864e+00
396 +3.174903937e+01 +3.174903937e+01 +1.128790394e+02 +1.128790394e+02 +3.7069e+00 +2.2363e+00 +3.8288e+00 -5.4393e+00 -3.7702e+00
408 +2.596617428e+01 +2.596617428e+01 +1.070961743e+02 +1.070961743e+02 +4.3773e+00 +2.0175e+00 +3.6847e+00 -4.7525e+00 -3.3607e+00
492 +1.447666559e+01 +1.447666559e+01 +9.560666559e+01 +9.560666559e+01 +3.4984e+00 +1.4646e+00 +3.3666e+00 -3.9804e+00 -3.3233e+00
1411 +1.201014012e+01 +1.201014012e+01 +9.314014012e+01 +9.314014012e+01 +3.6148e+00 +6.1325e-01 +2.2737e+00 -3.9539e+00 -2.7888e+00
3251 +1.160719886e+01 +1.160719886e+01 +9.273719886e+01 +9.273719886e+01 +4.1391e+00 +9.4235e-01 +2.6904e+00 -3.4793e+00 -4.0252e+00
3963 +1.040054699e+01 +1.040054699e+01 +9.153054699e+01 +9.153054699e+01 +3.5670e+00 +1.4555e+00 +3.0683e+00 -4.1558e+00 -4.2324e+00
4038 +7.676069548e+00 +7.676069548e+00 +8.880606955e+01 +8.880606955e+01 +3.8053e+00 +1.5490e+00 +3.1110e+00 -4.4146e+00 -4.1809e+00
4103 +6.961995929e+00 +6.961995929e+00 +8.809199593e+01 +8.809199593e+01 +3.7129e+00 +1.5133e+00 +2.8322e+00 -4.2905e+00 -4.1816e+00
4188 +6.583515644e+00 +6.583515644e+00 +8.771351564e+01 +8.771351564e+01 +3.7866e+00 +1.5136e+00 +2.9575e+00 -4.3798e+00 -4.1470e+00
4228 +5.390382917e+00 +5.390382917e+00 +8.652038292e+01 +8.652038292e+01 +3.6955e+00 +1.5842e+00 +2.9009e+00 -4.3095e+00 -4.2124e+00
4431 +5.277560171e+00 +5.277560171e+00 +8.640756017e+01 +8.640756017e+01 +3.7165e+00 +1.5833e+00 +2.9798e+00 -4.3300e+00 -4.1673e+00
4465 +4.048757099e+00 +4.048757099e+00 +8.517875710e+01 +8.517875710e+01 +3.6770e+00 +1.5936e+00 +3.0413e+00 -4.2897e+00 -4.2157e+00
4809 +3.610652854e+00 +3.610652854e+00 +8.474065285e+01 +8.474065285e+01 +3.6836e+00 +1.5935e+00 +3.0279e+00 -4.3309e+00 -4.1976e+00
4997 +3.342524098e+00 +3.342524098e+00 +8.447252410e+01 +8.447252410e+01 +3.6720e+00 +1.6118e+00 +3.0469e+00 -4.3268e+00 -4.2114e+00
5103 +3.145626063e+00 +3.145626063e+00 +8.427562606e+01 +8.427562606e+01 +3.6771e+00 +1.5954e+00 +3.0239e+00 -4.3112e+00 -4.2161e+00
5531 +3.074816935e+00 +3.074816935e+00 +8.420481693e+01 +8.420481693e+01 +3.6689e+00 +1.6093e+00 +3.0361e+00 -4.3055e+00 -4.2186e+00
5684 +3.010728868e+00 +3.010728868e+00 +8.414072887e+01 +8.414072887e+01 +3.6694e+00 +1.6048e+00 +3.0318e+00 -4.3169e+00 -4.2189e+00
% function evaluation | noise-free fitness - Fopt (1.049200000000e+02) | best noise-free fitness - Fopt | measured fitness | best measured fitness | x1 | x2...
1 +4.322521273e+02 +4.322521273e+02 +5.371721273e+02 +5.371721273e+02 +0.0000e+00 +0.0000e+00 +0.0000e+00 +0.0000e+00 +0.0000e+00
4 +5.388883799e+01 +5.388883799e+01 +1.588088380e+02 +1.588088380e+02 -5.0795e-01 -3.1246e+00 -1.6374e+00 +1.1986e+00 -1.0412e+00
32 +4.301458862e+01 +4.301458862e+01 +1.479345886e+02 +1.479345886e+02 -2.5317e+00 -2.7323e+00 -1.8072e+00 +1.1518e+00 -2.2260e+00
127 +4.173862680e+01 +4.173862680e+01 +1.466586268e+02 +1.466586268e+02 -2.0541e+00 -4.0445e+00 -2.7860e+00 +1.3737e+00 -1.0277e+00
131 +3.485960955e+01 +3.485960955e+01 +1.397796096e+02 +1.397796096e+02 -1.5797e+00 -4.0236e+00 +3.2479e-01 +1.6398e+00 -1.7420e+00
261 +3.350290438e+01 +3.350290438e+01 +1.384229044e+02 +1.384229044e+02 -2.0185e+00 -4.0628e+00 -2.2325e+00 +2.2122e+00 -4.3624e+00
288 +1.981779658e+01 +1.981779658e+01 +1.247377966e+02 +1.247377966e+02 -2.3130e+00 -3.6438e+00 -3.0377e+00 +2.4268e+00 -3.2672e+00
343 +1.696935691e+01 +1.696935691e+01 +1.218893569e+02 +1.218893569e+02 -2.8080e+00 -3.0287e+00 -2.2356e+00 +2.4665e+00 -3.2938e+00
1591 +1.636544839e+01 +1.636544839e+01 +1.212854484e+02 +1.212854484e+02 -1.9402e+00 -3.6436e+00 -3.8580e+00 +7.4116e-01 -3.2690e+00
1648 +1.298743063e+01 +1.298743063e+01 +1.179074306e+02 +1.179074306e+02 -2.3120e+00 -3.3384e+00 -3.7932e+00 +2.3726e+00 -3.3211e+00
3090 +1.067676409e+01 +1.067676409e+01 +1.155967641e+02 +1.155967641e+02 -2.7216e+00 -2.9274e+00 -3.7826e+00 +2.7942e+00 -3.2630e+00
3098 +8.018823240e+00 +8.018823240e+00 +1.129388232e+02 +1.129388232e+02 -2.6561e+00 -2.9190e+00 -3.7455e+00 +2.7622e+00 -3.2688e+00
3158 +4.538803087e+00 +4.538803087e+00 +1.094588031e+02 +1.094588031e+02 -2.6786e+00 -2.9268e+00 -3.7849e+00 +2.6961e+00 -3.2510e+00
3727 +4.432035087e+00 +4.432035087e+00 +1.093520351e+02 +1.093520351e+02 -2.7018e+00 -2.9348e+00 -3.8013e+00 +2.6642e+00 -3.2727e+00
3835 +4.134586003e+00 +4.134586003e+00 +1.090545860e+02 +1.090545860e+02 -2.7137e+00 -2.9115e+00 -3.8038e+00 +2.6787e+00 -3.2779e+00
4178 +4.020890539e+00 +4.020890539e+00 +1.089408905e+02 +1.089408905e+02 -2.7044e+00 -2.9140e+00 -3.8049e+00 +2.6858e+00 -3.2733e+00
6007 +3.980500374e+00 +3.980500374e+00 +1.089005004e+02 +1.089005004e+02 -2.7038e+00 -2.9134e+00 -3.7903e+00 +2.6906e+00 -3.2730e+00
% function evaluation | noise-free fitness - Fopt (3.029000000000e+01) | best noise-free fitness - Fopt | measured fitness | best measured fitness | x1 | x2...
1 +3.680132211e+02 +3.680132211e+02 +3.983032211e+02 +3.983032211e+02 +0.0000e+00 +0.0000e+00 +0.0000e+00 +0.0000e+00 +0.0000e+00
2 +3.507641466e+02 +3.507641466e+02 +3.810541466e+02 +3.810541466e+02 -1.0733e+00 -8.1968e-01 -1.9945e+00 +4.4869e-02 -2.8197e-01
3 +2.723438298e+02 +2.723438298e+02 +3.026338298e+02 +3.026338298e+02 -1.1316e+00 -9.7069e-01 -1.7085e+00 +1.5148e+00 -3.0026e-01
9 +2.139624274e+02 +2.139624274e+02 +2.442524274e+02 +2.442524274e+02 -2.8168e+00 -2.6654e+00 -9.4802e-01 -3.0520e-02 +1.1943e+00
10 +1.905889301e+02 +1.905889301e+02 +2.208789301e+02 +2.208789301e+02 -1.2054e+00 +5.4973e-01 +9.6546e-01 +4.0679e-01 +1.2926e+00
15 +1.540610584e+02 +1.540610584e+02 +1.843510584e+02 +1.843510584e+02 -2.0161e+00 +2.1276e-01 +7.6251e-01 +7.3046e-01 +1.5896e+00
22 +1.280872060e+02 +1.280872060e+02 +1.583772060e+02 +1.583772060e+02 -3.2574e+00 +1.6901e+00 +1.4277e+00 -4.1487e-02 +1.7957e+00
26 +1.084515881e+02 +1.084515881e+02 +1.387415881e+02 +1.387415881e+02 -2.4129e+00 -2.4450e-01 -6.1076e-01 +1.5243e+00 +2.4918e+00
27 +9.179937643e+01 +9.179937643e+01 +1.220893764e+02 +1.220893764e+02 -2.3025e+00 -1.1401e+00 +1.6106e+00 +2.7246e+00 +3.7379e-01
39 +7.617512654e+01 +7.617512654e+01 +1.064651265e+02 +1.064651265e+02 -3.0243e+00 -2.1147e+00 +2.0537e+00 +4.2409e+00 +7.2878e-01
48 +7.495223069e+01 +7.495223069e+01 +1.052422307e+02 +1.052422307e+02 -2.1522e+00 -2.2579e+00 +1.0974e+00 +2.4011e+00 +6.8244e-01
51 +6.104745361e+01 +6.104745361e+01 +9.133745361e+01 +9.133745361e+01 -2.1460e+00 -6.9549e-01 +4.8403e-01 +2.8234e+00 +2.2701e+00
80 +4.634862453e+01 +4.634862453e+01 +7.663862453e+01 +7.663862453e+01 -2.5354e+00 -4.2127e-01 +6.6292e-01 +3.4361e+00 +4.6245e+00
126 +4.230516410e+01 +4.230516410e+01 +7.259516410e+01 +7.259516410e+01 -3.5038e+00 -1.6193e+00 +1.3550e+00 +3.4990e+00 +2.7060e+00
127 +4.088027382e+01 +4.088027382e+01 +7.117027382e+01 +7.117027382e+01 -3.3593e+00 -2.5348e+00 +3.2039e+00 +2.2585e+00 +2.7700e+00
150 +3.222628899e+01 +3.222628899e+01 +6.251628899e+01 +6.251628899e+01 -2.6668e+00 -8.8522e-01 +2.2617e+00 +2.2864e+00 +3.3988e+00
309 +2.628377361e+01 +2.628377361e+01 +5.657377361e+01 +5.657377361e+01 -3.6519e+00 -2.0555e+00 +3.6443e+00 +2.0858e+00 +2.6862e+00
379 +2.395584147e+01 +2.395584147e+01 +5.424584147e+01 +5.424584147e+01 -3.2862e+00 -2.2776e+00 +3.9556e+00 +4.2317e+00 +3.5340e+00
788 +2.160344615e+01 +2.160344615e+01 +5.189344615e+01 +5.189344615e+01 -3.1436e+00 -6.5904e-02 +3.3807e+00 +3.9030e+00 +5.2711e+00
1447 +2.019106460e+01 +2.019106460e+01 +5.048106460e+01 +5.048106460e+01 -3.0901e+00 -1.9912e+00 +1.6059e+00 +3.3829e+00 +4.4961e+00
1486 +1.776742564e+01 +1.776742564e+01 +4.805742564e+01 +4.805742564e+01 -3.3806e+00 -2.2986e+00 +2.3744e+00 +2.3193e+00 +1.7903e+00
1589 +1.168568624e+01 +1.168568624e+01 +4.197568624e+01 +4.197568624e+01 -3.1371e+00 -2.1407e+00 +2.6913e+00 +3.4609e+00 +3.0901e+00
3854 +1.024828952e+01 +1.024828952e+01 +4.053828952e+01 +4.053828952e+01 -2.9414e+00 -1.6067e+00 +3.1404e+00 +3.4319e+00 +3.2066e+00
4623 +8.718549051e+00 +8.718549051e+00 +3.900854905e+01 +3.900854905e+01 -2.7474e+00 -4.0892e+00 +3.1664e+00 +3.1158e+00 +3.0155e+00
4635 +8.548886514e+00 +8.548886514e+00 +3.883888651e+01 +3.883888651e+01 -2.7384e+00 -4.0609e+00 +3.1704e+00 +3.1182e+00 +3.0519e+00
4771 +7.546965749e+00 +7.546965749e+00 +3.783696575e+01 +3.783696575e+01 -2.8496e+00 -3.9941e+00 +3.1505e+00 +3.0936e+00 +3.0050e+00
5004 +6.453207784e+00 +6.453207784e+00 +3.674320778e+01 +3.674320778e+01 -2.7496e+00 -4.0343e+00 +3.1230e+00 +3.0896e+00 +3.0185e+00
5204 +5.833547532e+00 +5.833547532e+00 +3.612354753e+01 +3.612354753e+01 -2.7699e+00 -4.0443e+00 +3.1317e+00 +3.1030e+00 +3.0490e+00
5291 +5.269379365e+00 +5.269379365e+00 +3.555937937e+01 +3.555937937e+01 -2.8363e+00 -4.0423e+00 +3.1106e+00 +3.0919e+00 +3.0275e+00
5591 +5.220267395e+00 +5.220267395e+00 +3.551026740e+01 +3.551026740e+01 -2.8357e+00 -4.0421e+00 +3.1214e+00 +3.1036e+00 +3.0617e+00
6142 +5.099070728e+00 +5.099070728e+00 +3.538907073e+01 +3.538907073e+01 -2.8337e+00 -4.0281e+00 +3.1288e+00 +3.0988e+00 +3.0451e+00
6226 +5.011104528e+00 +5.011104528e+00 +3.530110453e+01 +3.530110453e+01 -2.8292e+00 -4.0387e+00 +3.1254e+00 +3.1010e+00 +3.0436e+00
% function evaluation | noise-free fitness - Fopt (1.210500000000e+02) | best noise-free fitness - Fopt | measured fitness | best measured fitness | x1 | x2...
1 +2.292074435e+02 +2.292074435e+02 +3.502574435e+02 +3.502574435e+02 +0.0000e+00 +0.0000e+00 +0.0000e+00 +0.0000e+00 +0.0000e+00
2 +2.217000962e+02 +2.217000962e+02 +3.427500962e+02 +3.427500962e+02 -2.1666e-01 +2.0887e+00 -9.7338e-01 +8.6505e-01 +1.1214e-01
14 +2.175458951e+02 +2.175458951e+02 +3.385958951e+02 +3.385958951e+02 -1.7769e+00 +8.6489e-01 -1.0363e+00 +1.7632e+00 -1.2540e+00
15 +2.123127932e+02 +2.123127932e+02 +3.333627932e+02 +3.333627932e+02 +1.1066e+00 +2.0631e+00 -1.8377e+00 -5.6543e-01 -3.3835e-01
22 +9.942120819e+01 +9.942120819e+01 +2.204712082e+02 +2.204712082e+02 +8.7417e-01 +1.8964e+00 -2.7786e+00 -1.4059e-01 -3.1556e+00
37 +9.601726838e+01 +9.601726838e+01 +2.170672684e+02 +2.170672684e+02 +1.1873e+00 +2.5677e+00 -6.0833e-01 +2.3806e+00 -4.2540e+00
53 +8.386530875e+01 +8.386530875e+01 +2.049153088e+02 +2.049153088e+02 +2.1593e+00 +1.1740e+00 -3.5875e-01 +1.8429e+00 -5.9891e+00
64 +8.126650702e+01 +8.126650702e+01 +2.023165070e+02 +2.023165070e+02 +2.2074e+00 +1.5072e+00 +5.2481e-01 +2.5871e+00 -4.3654e+00
65 +6.615690698e+01 +6.615690698e+01 +1.872069070e+02 +1.872069070e+02 +4.5560e-01 +4.8001e-01 -9.2276e-01 +2.7628e+00 -4.2996e+00
102 +5.973620189e+01 +5.973620189e+01 +1.807862019e+02 +1.807862019e+02 +1.5543e+00 -1.4929e+00 -1.4832e+00 +3.1492e+00 -5.2361e+00
117 +5.715748465e+01 +5.715748465e+01 +1.782074846e+02 +1.782074846e+02 +1.2461e+00 -3.6844e+00 -1.7443e+00 +2.7376e+00 -4.7065e+00
131 +5.508677413e+01 +5.508677413e+01 +1.761367741e+02 +1.761367741e+02 +1.8527e+00 -2.7345e+00 -1.4648e+00 +2.1988e+00 -5.5722e+00
165 +5.402860964e+01 +5.402860964e+01 +1.750786096e+02 +1.750786096e+02 +2.8233e+00 -3.9631e+00 -2.4309e+00 +9.0501e-01 -3.4192e+00
167 +5.120210090e+01 +5.120210090e+01 +1.722521009e+02 +1.722521009e+02 +2.3544e+00 -4.6188e+00 -2.8020e+00 +3.0503e+00 -4.4094e+00
234 +4.410464432e+01 +4.410464432e+01 +1.651546443e+02 +1.651546443e+02 +1.1148e+00 -1.1648e+00 -1.8075e+00 +5.1285e-01 -2.9308e+00
363 +3.316199084e+01 +3.316199084e+01 +1.542119908e+02 +1.542119908e+02 +3.0633e+00 -3.8426e+00 -1.6256e+00 +4.4223e-02 -5.0693e+00
460 +3.037963938e+01 +3.037963938e+01 +1.514296394e+02 +1.514296394e+02 +1.8848e+00 -4.3274e+00 -2.1757e+00 +2.2311e-01 -4.8759e+00
498 +2.971516113e+01 +2.971516113e+01 +1.507651611e+02 +1.507651611e+02 +2.2095e+00 -4.4894e+00 -2.7992e+00 +9.5780e-01 -1.5268e+00
543 +2.477993835e+01 +2.477993835e+01 +1.458299383e+02 +1.458299383e+02 +2.4493e+00 -4.7939e+00 -2.9158e+00 +2.1372e-01 -3.9731e+00
636 +2.267453701e+01 +2.267453701e+01 +1.437245370e+02 +1.437245370e+02 +1.7295e+00 -3.7634e+00 -2.6981e+00 +3.0003e-01 -3.8827e+00
896 +1.932947438e+01 +1.932947438e+01 +1.403794744e+02 +1.403794744e+02 +1.9797e+00 -4.1826e+00 -2.5962e+00 +6.8804e-02 -3.5688e+00
1185 +1.699838468e+01 +1.699838468e+01 +1.380483847e+02 +1.380483847e+02 +2.4305e+00 -5.5318e+00 -3.3482e+00 +1.7860e+00 -2.5849e+00
2244 +1.052232685e+01 +1.052232685e+01 +1.315723268e+02 +1.315723268e+02 +2.2431e+00 -5.0793e+00 -3.6028e+00 +1.9299e+00 -2.4595e+00
4014 +7.739867618e+00 +7.739867618e+00 +1.287898676e+02 +1.287898676e+02 +2.3228e+00 -2.6170e+00 -2.8312e+00 +1.4875e+00 -3.4131e+00
4258 +4.727360544e+00 +4.727360544e+00 +1.257773605e+02 +1.257773605e+02 +1.8262e+00 -4.0271e+00 -2.9013e+00 +1.7663e+00 -2.3915e+00
4809 +3.989144990e+00 +3.989144990e+00 +1.250391450e+02 +1.250391450e+02 +1.9785e+00 -4.4106e+00 -2.7638e+00 +2.0361e+00 -2.6998e+00
4839 +3.909238175e+00 +3.909238175e+00 +1.249592382e+02 +1.249592382e+02 +1.9801e+00 -4.3696e+00 -2.7643e+00 +2.0423e+00 -2.6950e+00
4850 +3.305109064e+00 +3.305109064e+00 +1.243551091e+02 +1.243551091e+02 +1.9431e+00 -4.4294e+00 -2.7978e+00 +2.0300e+00 -2.6872e+00
5011 +2.568494113e+00 +2.568494113e+00 +1.236184941e+02 +1.236184941e+02 +1.9595e+00 -4.3644e+00 -2.7575e+00 +2.0612e+00 -2.6868e+00
5154 +2.426531208e+00 +2.426531208e+00 +1.234765312e+02 +1.234765312e+02 +1.9523e+00 -4.3752e+00 -2.7765e+00 +2.0549e+00 -2.7014e+00
5478 +2.322994280e+00 +2.322994280e+00 +1.233729943e+02 +1.233729943e+02 +1.9554e+00 -4.4030e+00 -2.7809e+00 +2.0741e+00 -2.6593e+00
5503 +2.238129194e+00 +2.238129194e+00 +1.232881292e+02 +1.232881292e+02 +1.9379e+00 -4.3671e+00 -2.7929e+00 +2.0637e+00 -2.6924e+00
5568 +2.086904793e+00 +2.086904793e+00 +1.231369048e+02 +1.231369048e+02 +1.9438e+00 -4.3790e+00 -2.7774e+00 +2.0608e+00 -2.6802e+00
6077 +2.039944125e+00 +2.039944125e+00 +1.230899441e+02 +1.230899441e+02 +1.9462e+00 -4.3694e+00 -2.7859e+00 +2.0707e+00 -2.6836e+00
6658 +1.992558751e+00 +1.992558751e+00 +1.230425588e+02 +1.230425588e+02 +1.9469e+00 -4.3741e+00 -2.7805e+00 +2.0714e+00 -2.6816e+00
% function evaluation | noise-free fitness - Fopt (-1.033000000000e+01) | best noise-free fitness - Fopt | measured fitness | best measured fitness | x1 | x2...
1 +3.916785999e+02 +3.916785999e+02 +3.813485999e+02 +3.813485999e+02 +0.0000e+00 +0.0000e+00 +0.0000e+00 +0.0000e+00 +0.0000e+00
2 +3.574353317e+02 +3.574353317e+02 +3.471053317e+02 +3.471053317e+02 -5.6654e-01 +5.4628e-01 -8.7180e-01 +4.8088e-01 -7.5992e-01
4 +2.111838156e+02 +2.111838156e+02 +2.008538156e+02 +2.008538156e+02 +1.4771e+00 +1.9462e+00 +1.0914e+00 -1.6707e+00 +2.4234e+00
10 +2.075358519e+02 +2.075358519e+02 +1.972058519e+02 +1.972058519e+02 +6.0434e-01 +2.5377e+00 -1.1541e+00 -1.0712e-01 +5.4735e+00
12 +1.622848890e+02 +1.622848890e+02 +1.519548890e+02 +1.519548890e+02 +1.5023e-02 +2.2110e+00 -2.4117e+00 +5.9406e-01 +3.7374e+00
15 +8.816707654e+01 +8.816707654e+01 +7.783707654e+01 +7.783707654e+01 +1.7176e+00 +2.8157e+00 -1.0639e+00 -2.4687e-01 +3.1565e+00
32 +5.598512927e+01 +5.598512927e+01 +4.565512927e+01 +4.565512927e+01 +2.4780e+00 +4.0174e+00 -7.0334e-01 +1.4422e+00 +4.9247e+00
38 +5.169898501e+01 +5.169898501e+01 +4.136898501e+01 +4.136898501e+01 +2.3538e+00 +4.2481e+00 -1.7870e+00 +1.3974e+00 +3.1649e+00
69 +4.351817117e+01 +4.351817117e+01 +3.318817117e+01 +3.318817117e+01 +4.5974e+00 +3.7305e+00 +2.4232e-01 +1.3082e+00 +1.9948e+00
70 +4.234212485e+01 +4.234212485e+01 +3.201212485e+01 +3.201212485e+01 +3.9600e+00 +4.1985e+00 -7.2149e-01 +1.3908e+00 +2.3035e+00
82 +4.044806919e+01 +4.044806919e+01 +3.011806919e+01 +3.011806919e+01 +3.8478e+00 +2.6534e+00 +1.5085e-01 +8.9394e-01 +2.3718e+00
175 +3.822277720e+01 +3.822277720e+01 +2.789277720e+01 +2.789277720e+01 +3.0400e+00 +2.7076e+00 -6.7986e-01 +2.2310e+00 +3.6863e-01
219 +3.504032053e+01 +3.504032053e+01 +2.471032053e+01 +2.471032053e+01 +3.0088e+00 +3.7678e+00 +7.7291e-01 +1.9445e+00 -1.9846e-01
283 +3.151713967e+01 +3.151713967e+01 +2.118713967e+01 +2.118713967e+01 +4.3348e+00 +2.2920e+00 -7.2330e-01 +1.7935e+00 +2.0508e+00
284 +2.924088438e+01 +2.924088438e+01 +1.891088438e+01 +1.891088438e+01 +3.4948e+00 +3.4373e+00 +1.1187e+00 +1.1781e+00 +9.5077e-01
384 +2.768774971e+01 +2.768774971e+01 +1.735774971e+01 +1.735774971e+01 +3.1939e+00 +2.5340e+00 -5.0066e-02 +7.0743e-01 +1.0628e+00
853 +1.077541249e+01 +1.077541249e+01 +4.454124875e-01 +4.454124875e-01 +4.0876e+00 +3.3374e+00 -1.2936e+00 +1.0127e+00 +2.0450e+00
1746 +6.801476432e+00 +6.801476432e+00 -3.528523568e+00 -3.528523568e+00 +4.3872e+00 +2.3638e+00 -1.1272e+00 +2.1131e+00 +1.7611e+00
% function evaluation | noise-free fitness - Fopt (-6.846000000000e+01) | best noise-free fitness - Fopt | measured fitness | best measured fitness | x1 | x2...
1 +2.585900574e+02 +2.585900574e+02 +1.901300574e+02 +1.901300574e+02 +0.0000e+00 +0.0000e+00 +0.0000e+00 +0.0000e+00 +0.0000e+00
3 +2.195409109e+02 +2.195409109e+02 +1.510809109e+02 +1.510809109e+02 +1.1437e+00 +5.5261e-01 +6.7442e-02 -5.3777e-01 -5.8806e-01
4 +2.158443786e+02 +2.158443786e+02 +1.473843786e+02 +1.473843786e+02 -2.1166e-01 +6.8995e-01 -3.0357e-01 +6.1050e-02 -5.2270e-01
9 +1.985355105e+02 +1.985355105e+02 +1.300755105e+02 +1.300755105e+02 +6.7988e-02 -1.2317e+00 -1.7988e+00 +4.4658e-01 -2.0178e+00
14 +1.878304636e+02 +1.878304636e+02 +1.193704636e+02 +1.193704636e+02 +5.9382e-01 +1.8351e+00 +3.1665e-01 -1.2426e-01 -1.0498e+00
18 +1.032080753e+02 +1.032080753e+02 +3.474807533e+01 +3.474807533e+01 -1.9241e-01 +8.0209e-01 -1.7180e+00 -1.5725e-01 -2.1721e+00
29 +8.861887397e+01 +8.861887397e+01 +2.015887397e+01 +2.015887397e+01 +1.0424e+00 +8.6948e-01 -4.2360e+00 +7.3491e-01 -2.6713e+00
32 +7.987867264e+01 +7.987867264e+01 +1.141867264e+01 +1.141867264e+01 +3.2544e+00 -4.3103e-01 -4.6322e+00 +2.5077e-01 -2.0864e+00
35 +5.768022951e+01 +5.768022951e+01 -1.077977049e+01 -1.077977049e+01 +1.8837e+00 +1.2094e+00 -2.6066e+00 +1.7964e+00 -3.2116e+00
43 +5.345041361e+01 +5.345041361e+01 -1.500958639e+01 -1.500958639e+01 +1.0568e+00 +2.9132e+00 -1.4823e+00 +9.3677e-02 -3.1042e+00
93 +4.678655171e+01 +4.678655171e+01 -2.167344829e+01 -2.167344829e+01 +2.9800e+00 +1.5823e+00 -1.8851e+00 +2.8469e-01 -3.3666e+00
105 +4.473193965e+01 +4.473193965e+01 -2.372806035e+01 -2.372806035e+01 +5.6320e+00 +1.8288e+00 -3.2190e+00 +7.4592e-01 -3.9704e+00
167 +3.146025578e+01 +3.146025578e+01 -3.699974422e+01 -3.699974422e+01 +3.7434e+00 +1.6585e+00 -3.7625e+00 +6.9174e-01 -2.4475e+00
234 +2.224412322e+01 +2.224412322e+01 -4.621587678e+01 -4.621587678e+01 +4.1262e+00 +2.2928e+00 -3.8256e+00 +1.5187e+00 -2.2529e+00
986 +1.778337238e+01 +1.778337238e+01 -5.067662762e+01 -5.067662762e+01 +3.1448e+00 +2.9183e+00 -3.2645e+00 +1.6649e+00 -2.6310e+00
2171 +1.549824920e+01 +1.549824920e+01 -5.296175080e+01 -5.296175080e+01 +2.4997e+00 +3.6164e+00 -2.7410e+00 -7.5427e-02 -3.2303e+00
2478 +1.438982253e+01 +1.438982253e+01 -5.407017747e+01 -5.407017747e+01 +3.6231e+00 +2.0827e+00 -2.9136e+00 +1.2100e+00 -2.6380e+00
2610 +1.108740213e+01 +1.108740213e+01 -5.737259787e+01 -5.737259787e+01 +3.6542e+00 +2.1972e+00 -4.2099e+00 -1.2967e-01 -2.7787e+00
4120 +1.071783146e+01 +1.071783146e+01 -5.774216854e+01 -5.774216854e+01 +1.8849e+00 +3.1201e+00 -2.6484e+00 +1.4727e+00 -2.9060e+00
4381 +9.187974342e+00 +9.187974342e+00 -5.927202566e+01 -5.927202566e+01 +2.2303e+00 +2.5981e+00 -3.5332e+00 +1.5869e+00 -3.2675e+00
% function evaluation | noise-free fitness - Fopt (-1.314900000000e+02) | best noise-free fitness - Fopt | measured fitness | best measured fitness | x1 | x2...
1 +3.067994723e+02 +3.067994723e+02 +1.753094723e+02 +1.753094723e+02 +0.0000e+00 +0.0000e+00 +0.0000e+00 +0.0000e+00 +0.0000e+00
6 +2.909010298e+02 +2.909010298e+02 +1.594110298e+02 +1.594110298e+02 +7.6413e-01 -1.8748e+00 +3.4295e-01 -1.9167e-01 +8.8621e-01
9 +1.735126746e+02 +1.735126746e+02 +4.202267457e+01 +4.202267457e+01 -2.9903e+00 -1.8714e-01 -2.9509e+00 +2.6345e+00 +1.1649e+00
12 +4.831346754e+01 +4.831346754e+01 -8.317653246e+01 -8.317653246e+01 -2.8440e+00 -5.9682e-02 -3.3540e-01 -1.8030e+00 +4.0079e-01
91 +4.629276170e+01 +4.629276170e+01 -8.519723830e+01 -8.519723830e+01 -3.3083e+00 -1.0424e+00 -1.3174e+00 -9.5041e-01 +1.9307e+00
96 +3.817446669e+01 +3.817446669e+01 -9.331553331e+01 -9.331553331e+01 -3.0609e+00 +9.9042e-01 -4.6038e+00 -2.0467e+00 +1.1683e+00
123 +3.746424408e+01 +3.746424408e+01 -9.402575592e+01 -9.402575592e+01 -3.6469e+00 -1.0016e+00 -2.9885e+00 -2.3320e+00 +1.1699e+00
133 +3.605824768e+01 +3.605824768e+01 -9.543175232e+01 -9.543175232e+01 -3.5989e+00 -8.3281e-01 -2.2958e+00 -1.9145e+00 +1.2804e+00
248 +3.434564482e+01 +3.434564482e+01 -9.714435518e+01 -9.714435518e+01 -2.2338e+00 -6.3120e-01 -2.3688e+00 -3.9730e+00 +3.1643e+00
263 +3.211626582e+01 +3.211626582e+01 -9.937373418e+01 -9.937373418e+01 -3.4136e+00 -7.6794e-01 -3.2451e+00 -1.6147e+00 +3.0472e+00
330 +3.041663340e+01 +3.041663340e+01 -1.010733666e+02 -1.010733666e+02 -2.6957e+00 -8.2857e-01 -2.1198e+00 -3.2255e+00 +2.2869e+00
347 +2.180589716e+01 +2.180589716e+01 -1.096841028e+02 -1.096841028e+02 -2.9400e+00 -1.1223e+00 -3.0580e+00 -3.0445e+00 +2.7266e+00
771 +1.769310615e+01 +1.769310615e+01 -1.137968938e+02 -1.137968938e+02 -3.6291e+00 +6.1862e-01 -2.9515e+00 -2.8260e+00 +8.3551e-01
1269 +1.095641757e+01 +1.095641757e+01 -1.205335824e+02 -1.205335824e+02 -2.6262e+00 -1.2387e+00 -2.9155e+00 -2.9460e+00 +2.3655e+00
3636 +1.062277406e+01 +1.062277406e+01 -1.208672259e+02 -1.208672259e+02 -2.5873e+00 +7.7464e-01 -3.2125e+00 -3.1666e+00 +1.3928e+00
5136 +9.924712914e+00 +9.924712914e+00 -1.215652871e+02 -1.215652871e+02 -2.9558e+00 -1.0578e+00 -2.0480e+00 -3.0808e+00 +2.4474e+00
5458 +7.609189475e+00 +7.609189475e+00 -1.238808105e+02 -1.238808105e+02 -3.1612e+00 -4.9991e-01 -2.0579e+00 -2.9922e+00 +2.7923e+00
5709 +6.326396132e+00 +6.326396132e+00 -1.251636039e+02 -1.251636039e+02 -2.8324e+00 -1.4667e-01 -2.2054e+00 -2.7559e+00 +3.2326e+00
6042 +5.211887634e+00 +5.211887634e+00 -1.262781124e+02 -1.262781124e+02 -2.7647e+00 -1.6636e-01 -2.2275e+00 -2.7550e+00 +3.2591e+00
6074 +4.719314509e+00 +4.719314509e+00 -1.267706855e+02 -1.267706855e+02 -2.8175e+00 -1.8283e-01 -2.2350e+00 -2.7388e+00 +3.2412e+00
6416 +4.644424968e+00 +4.644424968e+00 -1.268455750e+02 -1.268455750e+02 -2.8123e+00 -1.2459e-01 -2.2356e+00 -2.7573e+00 +3.2144e+00
6541 +4.156501462e+00 +4.156501462e+00 -1.273334985e+02 -1.273334985e+02 -2.8122e+00 -1.5496e-01 -2.2335e+00 -2.7618e+00 +3.2163e+00
7023 +4.046029129e+00 +4.046029129e+00 -1.274439709e+02 -1.274439709e+02 -2.8189e+00 -1.4541e-01 -2.2460e+00 -2.7470e+00 +3.1989e+00
8373 +3.980692569e+00 +3.980692569e+00 -1.275093074e+02 -1.275093074e+02 -2.8217e+00 -1.5537e-01 -2.2430e+00 -2.7436e+00 +3.2074e+00
