% function evaluation | noise-free fitness - Fopt (7.948000000000e+01) | best noise-free fitness - Fopt | measured fitness | best measured fitness | x1 | x2...
1 +1.926270080e+00 +1.926270080e+00 +8.140627008e+01 +8.140627008e+01 +0.0000e+00 +0.0000e+00 +0.0000e+00
11 +1.239251957e+00 +1.239251957e+00 +8.071925196e+01 +8.071925196e+01 +9.8184e-01 -4.0092e-01 -3.5467e-01
20 +2.176002787e-01 +2.176002787e-01 +7.969760028e+01 +7.969760028e+01 +4.6616e-01 -8.5767e-01 -1.0114e+00
144 +7.277067001e-02 +7.277067001e-02 +7.955277067e+01 +7.955277067e+01 +4.0090e-01 -1.1642e+00 -9.4935e-01
229 +6.504548371e-02 +6.504548371e-02 +7.954504548e+01 +7.954504548e+01 +4.9850e-02 -1.2577e+00 -8.4099e-01
255 +7.556607687e-03 +7.556607687e-03 +7.948755661e+01 +7.948755661e+01 +2.2564e-01 -1.1538e+00 -6.4148e-01
575 +2.693649506e-03 +2.693649506e-03 +7.948269365e+01 +7.948269365e+01 +2.8488e-01 -1.1221e+00 -7.4549e-01
662 +2.467346960e-03 +2.467346960e-03 +7.948246735e+01 +7.948246735e+01 +2.1190e-01 -1.1801e+00 -7.0819e-01
833 +1.232831075e-03 +1.232831075e-03 +7.948123283e+01 +7.948123283e+01 +2.7911e-01 -1.1340e+00 -7.1948e-01
888 +1.227920468e-04 +1.227920468e-04 +7.948012279e+01 +7.948012279e+01 +2.5346e-01 -1.1649e+00 -7.3153e-01
1313 +3.016455352e-06 +3.016455352e-06 +7.948000302e+01 +7.948000302e+01 +2.5390e-01 -1.1558e+00 -7.2489e-01
1656 +2.427769772e-07 +2.427769772e-07 +7.948000024e+01 +7.948000024e+01 +2.5310e-01 -1.1572e+00 -7.2394e-01
2244 +2.227834273e-08 +2.227834273e-08 +7.948000002e+01 +7.948000002e+01 +2.5271e-01 -1.1567e+00 -7.2407e-01
2597 +4.620375194e-09 +4.620375194e-09 +7.948000000e+01 +7.948000000e+01 +2.5274e-01 -1.1568e+00 -7.2402e-01
4869 +0.000000000e+00 +0.000000000e+00 +7.948000000e+01 +7.948000000e+01 +2.5280e-01 -1.1568e+00 -7.2400e-01
% function evaluation | noise-free fitness - Fopt (3.944800000000e+02) | best noise-free fitness - Fopt | measured fitness | best measured fitness | x1 | x2...
1 +3.801018048e+01 +3.801018048e+01 +4.324901805e+02 +4.324901805e+02 +0.0000e+00 +0.0000e+00 +0.0000e+00
7 +3.671364300e+01 +3.671364300e+01 +4.311936430e+02 +4.311936430e+02 -8.9251e-01 +9.3835e-01 -1.9422e-01
11 +2.294264181e+01 +2.294264181e+01 +4.174226418e+02 +4.174226418e+02 -2.7694e+00 +2.2181e-01 -3.4089e-01
12 +1.666718284e+01 +1.666718284e+01 +4.111471828e+02 +4.111471828e+02 -3.1260e+00 +6.2484e-01 -1.8753e+00
25 +7.479342640e+00 +7.479342640e+00 +4.019593426e+02 +4.019593426e+02 -5.5349e+00 -7.0020e-01 -3.8686e+00
35 +4.074758699e+00 +4.074758699e+00 +3.985547587e+02 +3.985547587e+02 -5.4492e+00 -1.6455e+00 -4.1488e+00
39 +1.007955377e+00 +1.007955377e+00 +3.954879554e+02 +3.954879554e+02 -3.8091e+00 -1.9346e+00 -4.0964e+00
42 +1.891092914e-01 +1.891092914e-01 +3.946691093e+02 +3.946691093e+02 -4.0839e+00 -2.5224e+00 -3.6636e+00
153 +1.778034371e-01 +1.778034371e-01 +3.946578034e+02 +3.946578034e+02 -3.9639e+00 -3.2970e+00 -3.8930e+00
166 +6.312433615e-02 +6.312433615e-02 +3.945431243e+02 +3.945431243e+02 -4.0968e+00 -3.0128e+00 -3.8961e+00
212 +2.572691342e-02 +2.572691342e-02 +3.945057269e+02 +3.945057269e+02 -3.9457e+00 -3.0364e+00 -3.8490e+00
307 +1.442925330e-02 +1.442925330e-02 +3.944944293e+02 +3.944944293e+02 -3.8561e+00 -2.7913e+00 -3.8555e+00
358 +1.189462436e-02 +1.189462436e-02 +3.944918946e+02 +3.944918946e+02 -3.8927e+00 -2.9628e+00 -3.7210e+00
524 +5.229597925e-03 +5.229597925e-03 +3.944852296e+02 +3.944852296e+02 -3.8741e+00 -2.8369e+00 -3.7603e+00
556 +2.702081292e-03 +2.702081292e-03 +3.944827021e+02 +3.944827021e+02 -3.8859e+00 -2.8757e+00 -3.8507e+00
693 +6.131990895e-04 +6.131990895e-04 +3.944806132e+02 +3.944806132e+02 -3.9064e+00 -2.8681e+00 -3.7953e+00
1019 +2.288127542e-04 +2.288127542e-04 +3.944802288e+02 +3.944802288e+02 -3.8996e+00 -2.8982e+00 -3.8153e+00
1125 +1.239434061e-04 +1.239434061e-04 +3.944801239e+02 +3.944801239e+02 -3.8937e+00 -2.8814e+00 -3.8070e+00
1388 +8.289821324e-05 +8.289821324e-05 +3.944800829e+02 +3.944800829e+02 -3.9057e+00 -2.8957e+00 -3.8035e+00
1393 +7.492384049e-05 +7.492384049e-05 +3.944800749e+02 +3.944800749e+02 -3.9057e+00 -2.8924e+00 -3.7982e+00
1410 +4.939829716e-05 +4.939829716e-05 +3.944800494e+02 +3.944800494e+02 -3.9003e+00 -2.8878e+00 -3.8086e+00
1457 +8.839133727e-06 +8.839133727e-06 +3.944800088e+02 +3.944800088e+02 -3.8963e+00 -2.8888e+00 -3.8037e+00
1559 +4.060585809e-06 +4.060585809e-06 +3.944800041e+02 +3.944800041e+02 -3.8976e+00 -2.8889e+00 -3.8014e+00
1747 +3.213801222e-06 +3.213801222e-06 +3.944800032e+02 +3.944800032e+02 -3.8984e+00 -2.8907e+00 -3.8006e+00
1862 +1.162423928e-06 +1.162423928e-06 +3.944800012e+02 +3.944800012e+02 -3.8990e+00 -2.8901e+00 -3.8032e+00
1941 +6.542671827e-07 +6.542671827e-07 +3.944800007e+02 +3.944800007e+02 -3.8979e+00 -2.8899e+00 -3.8021e+00
2169 +1.490976160e-07 +1.490976160e-07 +3.944800001e+02 +3.944800001e+02 -3.8981e+00 -2.8905e+00 -3.8025e+00
2533 +7.291441761e-08 +7.291441761e-08 +3.944800001e+02 +3.944800001e+02 -3.8984e+00 -2.8905e+00 -3.8027e+00
2587 +3.023558293e-09 +3.023558293e-09 +3.944800000e+02 +3.944800000e+02 -3.8984e+00 -2.8904e+00 -3.8024e+00
4877 +0.000000000e+00 +0.000000000e+00 +3.944800000e+02 +3.944800000e+02 -3.8984e+00 -2.8904e+00 -3.8024e+00
% function evaluation | noise-free fitness - Fopt (-2.471100000000e+02) | best noise-free fitness - Fopt | measured fitness | best measured fitness | x1 | x2...
1 +1.494689024e+01 +1.494689024e+01 -2.321631098e+02 -2.321631098e+02 +0.0000e+00 +0.0000e+00 +0.0000e+00
4 +8.555594396e+00 +8.555594396e+00 -2.385544056e+02 -2.385544056e+02 -9.0322e-01 +5.9874e-01 -8.2197e-01
7 +8.463101151e+00 +8.463101151e+00 -2.386468988e+02 -2.386468988e+02 -2.4685e+00 +2.0993e-01 +1.8962e+00
12 +3.953488970e+00 +3.953488970e+00 -2.431565110e+02 -2.431565110e+02 -1.8783e+00 +6.4385e-01 -9.6021e-01
24 +3.380437035e+00 +3.380437035e+00 -2.437295630e+02 -2.437295630e+02 -3.1201e+00 -3.2664e-01 +9.3348e-01
25 +2.986441001e+00 +2.986441001e+00 -2.441235590e+02 -2.441235590e+02 -3.3155e+00 +1.1586e+00 -2.0478e+00
27 +2.000247570e+00 +2.000247570e+00 -2.451097524e+02 -2.451097524e+02 -2.8024e+00 +1.0983e+00 -2.3621e-01
28 +1.831828643e+00 +1.831828643e+00 -2.452781714e+02 -2.452781714e+02 -3.8957e+00 +1.9397e-01 -2.0411e+00
34 +8.544498182e-01 +8.544498182e-01 -2.462555502e+02 -2.462555502e+02 -3.8846e+00 +1.0896e+00 -4.4360e-01
46 +4.324219869e-01 +4.324219869e-01 -2.466775780e+02 -2.466775780e+02 -3.9437e+00 +5.5725e-01 -1.5646e-01
55 +1.954266438e-01 +1.954266438e-01 -2.469145734e+02 -2.469145734e+02 -4.0762e+00 +4.4459e-01 -9.3613e-01
58 +8.933202390e-02 +8.933202390e-02 -2.470206680e+02 -2.470206680e+02 -3.7284e+00 +3.7409e-01 -9.2620e-01
239 +4.301199583e-02 +4.301199583e-02 -2.470669880e+02 -2.470669880e+02 -3.6811e+00 +2.0102e-01 -8.6220e-01
314 +1.943955451e-02 +1.943955451e-02 -2.470905604e+02 -2.470905604e+02 -3.6815e+00 +2.6338e-01 -6.4486e-01
423 +1.156349937e-02 +1.156349937e-02 -2.470984365e+02 -2.470984365e+02 -3.7233e+00 +2.7908e-01 -7.0394e-01
494 +1.081396275e-02 +1.081396275e-02 -2.470991860e+02 -2.470991860e+02 -3.6949e+00 +1.9605e-01 -6.8403e-01
566 +1.046115601e-02 +1.046115601e-02 -2.470995388e+02 -2.470995388e+02 -3.7753e+00 +2.9251e-01 -6.4702e-01
614 +7.390960159e-03 +7.390960159e-03 -2.471026090e+02 -2.471026090e+02 -3.8568e+00 +2.5019e-01 -6.4907e-01
667 +5.250906122e-03 +5.250906122e-03 -2.471047491e+02 -2.471047491e+02 -3.8690e+00 +2.0160e-01 -6.7479e-01
699 +2.700550573e-03 +2.700550573e-03 -2.471072994e+02 -2.471072994e+02 -3.7604e+00 +2.1274e-01 -6.5706e-01
751 +2.492997802e-03 +2.492997802e-03 -2.471075070e+02 -2.471075070e+02 -3.7831e+00 +2.3986e-01 -7.2144e-01
803 +1.456010982e-03 +1.456010982e-03 -2.471085440e+02 -2.471085440e+02 -3.8133e+00 +2.3597e-01 -7.0382e-01
808 +1.388207275e-03 +1.388207275e-03 -2.471086118e+02 -2.471086118e+02 -3.7810e+00 +2.2452e-01 -7.1633e-01
953 +1.197616312e-03 +1.197616312e-03 -2.471088024e+02 -2.471088024e+02 -3.7760e+00 +2.2533e-01 -7.0559e-01
958 +9.775272061e-04 +9.775272061e-04 -2.471090225e+02 -2.471090225e+02 -3.8287e+00 +1.9802e-01 -6.9688e-01
983 +6.253712117e-04 +6.253712117e-04 -2.471093746e+02 -2.471093746e+02 -3.8151e+00 +1.9853e-01 -6.7315e-01
1050 +5.830225463e-04 +5.830225463e-04 -2.471094170e+02 -2.471094170e+02 -3.8172e+00 +2.0159e-01 -7.0625e-01
1168 +4.352620427e-04 +4.352620427e-04 -2.471095647e+02 -2.471095647e+02 -3.8058e+00 +1.9076e-01 -6.7615e-01
1172 +3.349680285e-04 +3.349680285e-04 -2.471096650e+02 -2.471096650e+02 -3.7804e+00 +2.0016e-01 -6.9210e-01
1182 +3.023343746e-04 +3.023343746e-04 -2.471096977e+02 -2.471096977e+02 -3.7970e+00 +1.8620e-01 -6.8786e-01
1261 +2.824656816e-04 +2.824656816e-04 -2.471097175e+02 -2.471097175e+02 -3.7992e+00 +2.1982e-01 -6.8885e-01
1287 +8.918232453e-05 +8.918232453e-05 -2.471099108e+02 -2.471099108e+02 -3.7989e+00 +1.9400e-01 -6.9326e-01
1316 +5.730780896e-05 +5.730780896e-05 -2.471099427e+02 -2.471099427e+02 -3.8045e+00 +2.0661e-01 -6.9419e-01
1505 +2.840622614e-05 +2.840622614e-05 -2.471099716e+02 -2.471099716e+02 -3.7990e+00 +1.9820e-01 -6.8946e-01
1654 +1.673824087e-05 +1.673824087e-05 -2.471099833e+02 -2.471099833e+02 -3.7972e+00 +2.0538e-01 -6.8795e-01
1718 +1.332945806e-05 +1.332945806e-05 -2.471099867e+02 -2.471099867e+02 -3.7953e+00 +2.0269e-01 -6.8937e-01
1766 +1.050796152e-05 +1.050796152e-05 -2.471099895e+02 -2.471099895e+02 -3.7990e+00 +2.0559e-01 -6.8910e-01
1837 +8.106803534e-06 +8.106803534e-06 -2.471099919e+02 -2.471099919e+02 -3.7967e+00 +2.0368e-01 -6.8896e-01
1878 +5.755681713e-06 +5.755681713e-06 -2.471099942e+02 -2.471099942e+02 -3.7965e+00 +2.0303e-01 -6.8969e-01
1958 +2.483714752e-06 +2.483714752e-06 -2.471099975e+02 -2.471099975e+02 -3.7982e+00 +2.0249e-01 -6.9259e-01
2024 +2.302116656e-06 +2.302116656e-06 -2.471099977e+02 -2.471099977e+02 -3.7993e+00 +2.0269e-01 -6.9228e-01
2071 +1.056053804e-06 +1.056053804e-06 -2.471099989e+02 -2.471099989e+02 -3.7985e+00 +2.0250e-01 -6.9194e-01
2115 +5.204538240e-07 +5.204538240e-07 -2.471099995e+02 -2.471099995e+02 -3.7982e+00 +2.0367e-01 -6.9069e-01
2205 +4.939783480e-07 +4.939783480e-07 -2.471099995e+02 -2.471099995e+02 -3.7980e+00 +2.0319e-01 -6.9179e-01
2217 +4.374019511e-07 +4.374019511e-07 -2.471099996e+02 -2.471099996e+02 -3.7986e+00 +2.0380e-01 -6.9096e-01
2260 +3.517885148e-07 +3.517885148e-07 -2.471099996e+02 -2.471099996e+02 -3.7989e+00 +2.0343e-01 -6.9127e-01
2264 +2.818087523e-07 +2.818087523e-07 -2.471099997e+02 -2.471099997e+02 -3.7988e+00 +2.0348e-01 -6.9120e-01
2406 +7.506355360e-08 +7.506355360e-08 -2.471099999e+02 -2.471099999e+02 -3.7982e+00 +2.0340e-01 -6.9111e-01
2445 +5.633523870e-08 +5.633523870e-08 -2.471099999e+02 -2.471099999e+02 -3.7984e+00 +2.0328e-01 -6.9098e-01
2505 +2.324691195e-08 +2.324691195e-08 -2.471100000e+02 -2.471100000e+02 -3.7983e+00 +2.0317e-01 -6.9107e-01
2713 +1.530167992e-08 +1.530167992e-08 -2.471100000e+02 -2.471100000e+02 -3.7983e+00 +2.0319e-01 -6.9129e-01
2733 +1.417316753e-08 +1.417316753e-08 -2.471100000e+02 -2.471100000e+02 -3.7985e+00 +2.0323e-01 -6.9129e-01
2811 +8.933398021e-09 +8.933398021e-09 -2.471100000e+02 -2.471100000e+02 -3.7985e+00 +2.0325e-01 -6.9125e-01
4988 +0.000000000e+00 +0.000000000e+00 -2.471100000e+02 -2.471100000e+02 -3.7984e+00 +2.0320e-01 -6.9120e-01
% function evaluation | noise-free fitness - Fopt (-1.520400000000e+02) | best noise-free fitness - Fopt | measured fitness | best measured fitness | x1 | x2...
1 +1.750322688e+01 +1.750322688e+01 -1.345367731e+02 -1.345367731e+02 +0.0000e+00 +0.0000e+00 +0.0000e+00
4 +1.684388680e+01 +1.684388680e+01 -1.351961132e+02 -1.351961132e+02 +1.2822e-01 -2.9587e-01 -2.1946e-01
12 +1.359060307e+01 +1.359060307e+01 -1.384493969e+02 -1.384493969e+02 -1.2524e+00 -2.0798e+00 -3.3388e+00
14 +1.324038923e+01 +1.324038923e+01 -1.387996108e+02 -1.387996108e+02 +1.1906e+00 +1.6559e+00 -5.9894e-01
15 +1.196679741e+01 +1.196679741e+01 -1.400732026e+02 -1.400732026e+02 -1.7133e-01 +7.4072e-01 -5.3500e-01
28 +1.091199921e+01 +1.091199921e+01 -1.411280008e+02 -1.411280008e+02 -3.4958e+00 +1.9355e+00 -3.4487e+00
30 +7.766215102e+00 +7.766215102e+00 -1.442737849e+02 -1.442737849e+02 +1.2450e+00 +4.3744e-01 -1.8020e+00
33 +7.291583461e+00 +7.291583461e+00 -1.447484165e+02 -1.447484165e+02 +9.4319e-01 -8.4951e-02 -2.0408e+00
34 +3.916045323e+00 +3.916045323e+00 -1.481239547e+02 -1.481239547e+02 +1.2174e+00 +2.1067e-01 -3.4351e+00
40 +3.322138628e+00 +3.322138628e+00 -1.487178614e+02 -1.487178614e+02 +8.6700e-01 +5.1218e-03 -3.7748e+00
54 +5.656306623e-01 +5.656306623e-01 -1.514743693e+02 -1.514743693e+02 -8.8079e-01 +1.3167e+00 -4.3463e+00
94 +4.783468844e-01 +4.783468844e-01 -1.515616531e+02 -1.515616531e+02 -1.4970e-01 +2.0157e+00 -4.2632e+00
118 +3.740147835e-01 +3.740147835e-01 -1.516659852e+02 -1.516659852e+02 -4.6159e-02 +1.7166e+00 -3.4354e+00
129 +2.966309632e-01 +2.966309632e-01 -1.517433690e+02 -1.517433690e+02 +2.4622e-02 +1.4981e+00 -4.3787e+00
131 +2.109806327e-01 +2.109806327e-01 -1.518290194e+02 -1.518290194e+02 +1.0245e-01 +1.2542e+00 -4.1381e+00
143 +1.089087342e-01 +1.089087342e-01 -1.519310913e+02 -1.519310913e+02 -1.6394e-01 +1.4996e+00 -3.6206e+00
266 +5.777405535e-02 +5.777405535e-02 -1.519822259e+02 -1.519822259e+02 -2.3105e-01 +1.6587e+00 -3.9618e+00
423 +1.898554994e-02 +1.898554994e-02 -1.520210145e+02 -1.520210145e+02 -3.5862e-01 +1.4373e+00 -3.8226e+00
632 +1.125806089e-02 +1.125806089e-02 -1.520287419e+02 -1.520287419e+02 -2.1607e-01 +1.4230e+00 -3.8318e+00
671 +5.326954671e-03 +5.326954671e-03 -1.520346730e+02 -1.520346730e+02 -2.3592e-01 +1.4893e+00 -3.9157e+00
697 +3.764248399e-03 +3.764248399e-03 -1.520362358e+02 -1.520362358e+02 -2.3464e-01 +1.4359e+00 -3.8742e+00
812 +3.448059526e-03 +3.448059526e-03 -1.520365519e+02 -1.520365519e+02 -2.1364e-01 +1.4286e+00 -3.9484e+00
952 +2.944375987e-03 +2.944375987e-03 -1.520370556e+02 -1.520370556e+02 -3.1815e-01 +1.4054e+00 -3.9259e+00
963 +2.275698791e-03 +2.275698791e-03 -1.520377243e+02 -1.520377243e+02 -2.7722e-01 +1.4690e+00 -3.9126e+00
982 +1.274492084e-03 +1.274492084e-03 -1.520387255e+02 -1.520387255e+02 -2.9247e-01 +1.4415e+00 -3.9067e+00
1009 +1.199125876e-03 +1.199125876e-03 -1.520388009e+02 -1.520388009e+02 -2.9375e-01 +1.4080e+00 -3.9094e+00
1035 +8.416565233e-04 +8.416565233e-04 -1.520391583e+02 -1.520391583e+02 -2.8364e-01 +1.4474e+00 -3.9201e+00
1061 +3.636612599e-04 +3.636612599e-04 -1.520396363e+02 -1.520396363e+02 -2.7791e-01 +1.4091e+00 -3.9301e+00
1161 +3.159424058e-04 +3.159424058e-04 -1.520396841e+02 -1.520396841e+02 -2.7708e-01 +1.4126e+00 -3.9342e+00
1241 +1.046644927e-04 +1.046644927e-04 -1.520398953e+02 -1.520398953e+02 -2.6517e-01 +1.4224e+00 -3.9347e+00
1385 +1.789733361e-05 +1.789733361e-05 -1.520399821e+02 -1.520399821e+02 -2.6877e-01 +1.4215e+00 -3.9279e+00
1507 +1.684738370e-05 +1.684738370e-05 -1.520399832e+02 -1.520399832e+02 -2.6425e-01 +1.4259e+00 -3.9269e+00
1515 +5.626445585e-06 +5.626445585e-06 -1.520399944e+02 -1.520399944e+02 -2.6682e-01 +1.4263e+00 -3.9254e+00
1767 +3.468416878e-07 +3.468416878e-07 -1.520399997e+02 -1.520399997e+02 -2.6672e-01 +1.4240e+00 -3.9251e+00
2013 +3.414840251e-07 +3.414840251e-07 -1.520399997e+02 -1.520399997e+02 -2.6771e-01 +1.4243e+00 -3.9247e+00
2207 +2.352230126e-07 +2.352230126e-07 -1.520399998e+02 -1.520399998e+02 -2.6680e-01 +1.4242e+00 -3.9250e+00
2319 +3.443827268e-08 +3.443827268e-08 -1.520400000e+02 -1.520400000e+02 -2.6704e-01 +1.4241e+00 -3.9248e+00
2485 +3.022395845e-08 +3.022395845e-08 -1.520400000e+02 -1.520400000e+02 -2.6710e-01 +1.4240e+00 -3.9249e+00
2621 +2.491412943e-08 +2.491412943e-08 -1.520400000e+02 -1.520400000e+02 -2.6730e-01 +1.4239e+00 -3.9249e+00
2697 +4.925396979e-09 +4.925396979e-09 -1.520400000e+02 -1.520400000e+02 -2.6714e-01 +1.4240e+00 -3.9248e+00
5043 +0.000000000e+00 +0.000000000e+00 -1.520400000e+02 -1.520400000e+02 -2.6720e-01 +1.4240e+00 -3.9248e+00
% function evaluation | noise-free fitness - Fopt (-2.525000000000e+01) | best noise-free fitness - Fopt | measured fitness | best measured fitness | x1 | x2...
1 +1.548831296e+01 +1.548831296e+01 -9.761687040e+00 -9.761687040e+00 +0.0000e+00 +0.0000e+00 +0.0000e+00
6 +2.063577365e+00 +2.063577365e+00 -2.318642264e+01 -2.318642264e+01 +2.6389e+00 -4.7110e-02 -6.1754e-01
14 +8.048772376e-01 +8.048772376e-01 -2.444512276e+01 -2.444512276e+01 +3.1228e+00 -6.3336e-02 -1.6959e+00
21 +7.941653922e-01 +7.941653922e-01 -2.445583461e+01 -2.445583461e+01 +3.1968e+00 -1.4162e-02 -9.7655e-01
39 +7.124057423e-01 +7.124057423e-01 -2.453759426e+01 -2.453759426e+01 +3.7420e+00 +2.1510e-01 -2.1425e+00
51 +5.298333662e-01 +5.298333662e-01 -2.472016663e+01 -2.472016663e+01 +3.1239e+00 +5.7035e-01 -1.9555e+00
70 +3.401971667e-01 +3.401971667e-01 -2.490980283e+01 -2.490980283e+01 +3.4995e+00 +2.4951e-01 -9.9941e-01
77 +1.838409353e-01 +1.838409353e-01 -2.506615906e+01 -2.506615906e+01 +3.6865e+00 +7.2355e-01 -1.8349e+00
121 +1.491267603e-01 +1.491267603e-01 -2.510087324e+01 -2.510087324e+01 +3.6346e+00 +3.5759e-01 -1.1539e+00
130 +1.238550575e-02 +1.238550575e-02 -2.523761449e+01 -2.523761449e+01 +3.7020e+00 +6.9733e-01 -1.4508e+00
520 +1.187153817e-02 +1.187153817e-02 -2.523812846e+01 -2.523812846e+01 +3.7036e+00 +6.5074e-01 -1.3610e+00
526 +1.094893013e-02 +1.094893013e-02 -2.523905107e+01 -2.523905107e+01 +3.6848e+00 +6.8372e-01 -1.3613e+00
533 +9.122752702e-03 +9.122752702e-03 -2.524087725e+01 -2.524087725e+01 +3.5806e+00 +5.4691e-01 -1.4351e+00
691 +6.209391952e-03 +6.209391952e-03 -2.524379061e+01 -2.524379061e+01 +3.5684e+00 +6.9769e-01 -1.4080e+00
692 +5.465057640e-03 +5.465057640e-03 -2.524453494e+01 -2.524453494e+01 +3.6128e+00 +5.7606e-01 -1.4659e+00
724 +2.030522833e-03 +2.030522833e-03 -2.524796948e+01 -2.524796948e+01 +3.5962e+00 +6.7353e-01 -1.4064e+00
807 +1.473164633e-04 +1.473164633e-04 -2.524985268e+01 -2.524985268e+01 +3.6173e+00 +6.4279e-01 -1.4126e+00
875 +1.262722078e-04 +1.262722078e-04 -2.524987373e+01 -2.524987373e+01 +3.6158e+00 +6.3452e-01 -1.4105e+00
1171 +8.093795903e-05 +8.093795903e-05 -2.524991906e+01 -2.524991906e+01 +3.6179e+00 +6.3598e-01 -1.4134e+00
1229 +7.217521816e-06 +7.217521816e-06 -2.524999278e+01 -2.524999278e+01 +3.6158e+00 +6.3750e-01 -1.4213e+00
1463 +2.535528239e-06 +2.535528239e-06 -2.524999746e+01 -2.524999746e+01 +3.6142e+00 +6.3547e-01 -1.4200e+00
1803 +1.531317796e-06 +1.531317796e-06 -2.524999847e+01 -2.524999847e+01 +3.6147e+00 +6.3526e-01 -1.4204e+00
1962 +1.213735683e-06 +1.213735683e-06 -2.524999879e+01 -2.524999879e+01 +3.6147e+00 +6.3599e-01 -1.4209e+00
2072 +8.084832324e-07 +8.084832324e-07 -2.524999919e+01 -2.524999919e+01 +3.6145e+00 +6.3433e-01 -1.4218e+00
2181 +6.221364863e-07 +6.221364863e-07 -2.524999938e+01 -2.524999938e+01 +3.6152e+00 +6.3525e-01 -1.4214e+00
2205 +5.073816709e-07 +5.073816709e-07 -2.524999949e+01 -2.524999949e+01 +3.6146e+00 +6.3473e-01 -1.4211e+00
2256 +3.072466086e-07 +3.072466086e-07 -2.524999969e+01 -2.524999969e+01 +3.6144e+00 +6.3565e-01 -1.4213e+00
2259 +2.571141167e-07 +2.571141167e-07 -2.524999974e+01 -2.524999974e+01 +3.6142e+00 +6.3494e-01 -1.4212e+00
2320 +1.632723823e-08 +1.632723823e-08 -2.524999998e+01 -2.524999998e+01 +3.6143e+00 +6.3519e-01 -1.4215e+00
2421 +1.319679299e-08 +1.319679299e-08 -2.524999999e+01 -2.524999999e+01 +3.6143e+00 +6.3511e-01 -1.4216e+00
2689 +1.297709673e-08 +1.297709673e-08 -2.524999999e+01 -2.524999999e+01 +3.6144e+00 +6.3528e-01 -1.4217e+00
2710 +1.039089526e-08 +1.039089526e-08 -2.524999999e+01 -2.524999999e+01 +3.6144e+00 +6.3523e-01 -1.4217e+00
2846 +1.008217509e-09 +1.008217509e-09 -2.525000000e+01 -2.525000000e+01 +3.6144e+00 +6.3520e-01 -1.4216e+00
5076 +0.000000000e+00 +0.000000000e+00 -2.525000000e+01 -2.525000000e+01 +3.6144e+00 +6.3520e-01 -1.4216e+00
% function evaluation | noise-free fitness - Fopt (8.790000000000e+01) | best noise-free fitness - Fopt | measured fitness | best measured fitness | x1 | x2...
1 +1.260319488e+01 +1.260319488e+01 +1.005031949e+02 +1.005031949e+02 +0.0000e+00 +0.0000e+00 +0.0000e+00
12 +2.404197052e+00 +2.404197052e+00 +9.030419705e+01 +9.030419705e+01 -3.7025e+00 -2.4005e+00 +1.4735e+00
19 +2.010888499e+00 +2.010888499e+00 +8.991088850e+01 +8.991088850e+01 -2.6194e+00 -8.5859e-01 +1.3602e+00
26 +9.917553483e-01 +9.917553483e-01 +8.889175535e+01 +8.889175535e+01 -3.7877e+00 -9.3798e-01 +7.0688e-01
30 +1.531235835e-01 +1.531235835e-01 +8.805312358e+01 +8.805312358e+01 -2.9938e+00 -1.8092e+00 +5.3852e-01
94 +1.402126945e-01 +1.402126945e-01 +8.804021269e+01 +8.804021269e+01 -3.0708e+00 -1.4504e+00 +6.0753e-01
183 +1.300483456e-01 +1.300483456e-01 +8.803004835e+01 +8.803004835e+01 -3.1551e+00 -1.8577e+00 +3.7694e-02
191 +9.808348932e-02 +9.808348932e-02 +8.799808349e+01 +8.799808349e+01 -3.4310e+00 -1.4978e+00 +4.1503e-01
195 +9.317170677e-02 +9.317170677e-02 +8.799317171e+01 +8.799317171e+01 -3.0411e+00 -1.8514e+00 +3.4187e-01
247 +7.218292873e-02 +7.218292873e-02 +8.797218293e+01 +8.797218293e+01 -3.4330e+00 -1.5591e+00 +2.4706e-01
262 +4.762452977e-02 +4.762452977e-02 +8.794762453e+01 +8.794762453e+01 -3.2278e+00 -1.6347e+00 +6.7623e-02
357 +3.073991358e-02 +3.073991358e-02 +8.793073991e+01 +8.793073991e+01 -3.0341e+00 -1.6603e+00 +1.8573e-01
369 +1.892876366e-02 +1.892876366e-02 +8.791892876e+01 +8.791892876e+01 -3.0418e+00 -1.6369e+00 +2.9133e-01
415 +6.384369131e-03 +6.384369131e-03 +8.790638437e+01 +8.790638437e+01 -3.1019e+00 -1.5354e+00 +2.7322e-01
581 +3.906169171e-03 +3.906169171e-03 +8.790390617e+01 +8.790390617e+01 -3.2218e+00 -1.5603e+00 +2.8900e-01
611 +2.826083946e-03 +2.826083946e-03 +8.790282608e+01 +8.790282608e+01 -3.1310e+00 -1.5834e+00 +3.1002e-01
782 +2.691477394e-03 +2.691477394e-03 +8.790269148e+01 +8.790269148e+01 -3.2030e+00 -1.5600e+00 +2.9951e-01
829 +1.741227417e-03 +1.741227417e-03 +8.790174123e+01 +8.790174123e+01 -3.1359e+00 -1.5580e+00 +2.8508e-01
835 +8.243692501e-04 +8.243692501e-04 +8.790082437e+01 +8.790082437e+01 -3.1774e+00 -1.5590e+00 +2.5797e-01
975 +5.120734899e-04 +5.120734899e-04 +8.790051207e+01 +8.790051207e+01 -3.1861e+00 -1.5774e+00 +2.6048e-01
1075 +2.557391509e-04 +2.557391509e-04 +8.790025574e+01 +8.790025574e+01 -3.1768e+00 -1.5726e+00 +2.6320e-01
1173 +1.491821806e-04 +1.491821806e-04 +8.790014918e+01 +8.790014918e+01 -3.1656e+00 -1.5920e+00 +2.7793e-01
1178 +1.466209303e-04 +1.466209303e-04 +8.790014662e+01 +8.790014662e+01 -3.1751e+00 -1.5860e+00 +2.7804e-01
1305 +9.849903438e-05 +9.849903438e-05 +8.790009850e+01 +8.790009850e+01 -3.1625e+00 -1.5898e+00 +2.7571e-01
1356 +9.050446408e-06 +9.050446408e-06 +8.790000905e+01 +8.790000905e+01 -3.1662e+00 -1.5815e+00 +2.7325e-01
1552 +8.030391982e-06 +8.030391982e-06 +8.790000803e+01 +8.790000803e+01 -3.1687e+00 -1.5840e+00 +2.7024e-01
1600 +5.914811638e-06 +5.914811638e-06 +8.790000591e+01 +8.790000591e+01 -3.1649e+00 -1.5805e+00 +2.7003e-01
1666 +3.065232420e-06 +3.065232420e-06 +8.790000307e+01 +8.790000307e+01 -3.1665e+00 -1.5807e+00 +2.7086e-01
1778 +1.613092934e-06 +1.613092934e-06 +8.790000161e+01 +8.790000161e+01 -3.1669e+00 -1.5816e+00 +2.6952e-01
1922 +3.278014589e-07 +3.278014589e-07 +8.790000033e+01 +8.790000033e+01 -3.1662e+00 -1.5827e+00 +2.7084e-01
2135 +1.929265778e-07 +1.929265778e-07 +8.790000019e+01 +8.790000019e+01 -3.1668e+00 -1.5825e+00 +2.7050e-01
2215 +8.396683882e-08 +8.396683882e-08 +8.790000008e+01 +8.790000008e+01 -3.1663e+00 -1.5823e+00 +2.7016e-01
2414 +5.486131727e-08 +5.486131727e-08 +8.790000005e+01 +8.790000005e+01 -3.1666e+00 -1.5824e+00 +2.7044e-01
2471 +3.202828225e-09 +3.202828225e-09 +8.790000000e+01 +8.790000000e+01 -3.1664e+00 -1.5824e+00 +2.7044e-01
5124 +0.000000000e+00 +0.000000000e+00 +8.790000000e+01 +8.790000000e+01 -3.1664e+00 -1.5824e+00 +2.7040e-01
% function evaluation | noise-free fitness - Fopt (2.199800000000e+02) | best noise-free fitness - Fopt | measured fitness | best measured fitness | x1 | x2...
1 +1.523081856e+01 +1.523081856e+01 +2.352108186e+02 +2.352108186e+02 +0.0000e+00 +0.0000e+00 +0.0000e+00
7 +1.132402320e+01 +1.132402320e+01 +2.313040232e+02 +2.313040232e+02 -8.5389e-01 -1.5301e+00 +1.4660e+00
10 +2.906022773e+00 +2.906022773e+00 +2.228860228e+02 +2.228860228e+02 +2.5836e-01 -2.2571e+00 +2.4418e-02
12 +1.255444593e+00 +1.255444593e+00 +2.212354446e+02 +2.212354446e+02 +1.8658e+00 -3.0528e+00 -4.6423e-01
14 +5.524599208e-01 +5.524599208e-01 +2.205324599e+02 +2.205324599e+02 +1.2978e+00 -3.6279e+00 +4.7531e-01
30 +4.459257327e-01 +4.459257327e-01 +2.204259257e+02 +2.204259257e+02 +1.3865e+00 -4.1484e+00 -6.1791e-01
116 +3.588897473e-01 +3.588897473e-01 +2.203388897e+02 +2.203388897e+02 +1.6036e+00 -3.8336e+00 -3.9328e-02
119 +1.721369077e-01 +1.721369077e-01 +2.201521369e+02 +2.201521369e+02 +8.8045e-01 -3.4119e+00 -3.7795e-01
154 +3.668232862e-02 +3.668232862e-02 +2.200166823e+02 +2.200166823e+02 +9.6519e-01 -3.9351e+00 -2.2936e-01
295 +2.924104267e-02 +2.924104267e-02 +2.200092410e+02 +2.200092410e+02 +9.6192e-01 -3.8429e+00 -3.3690e-01
391 +1.796356795e-02 +1.796356795e-02 +2.199979636e+02 +2.199979636e+02 +1.0065e+00 -3.8845e+00 -2.4064e-01
469 +1.578590123e-02 +1.578590123e-02 +2.199957859e+02 +2.199957859e+02 +1.0506e+00 -3.8701e+00 -1.5384e-01
478 +1.464047442e-02 +1.464047442e-02 +2.199946405e+02 +2.199946405e+02 +1.0048e+00 -3.8538e+00 -1.3975e-01
498 +1.256846751e-02 +1.256846751e-02 +2.199925685e+02 +2.199925685e+02 +9.5046e-01 -3.7915e+00 -1.4005e-01
520 +9.218848597e-03 +9.218848597e-03 +2.199892188e+02 +2.199892188e+02 +9.9744e-01 -3.7868e+00 -1.2317e-01
609 +6.370502592e-03 +6.370502592e-03 +2.199863705e+02 +2.199863705e+02 +1.0107e+00 -3.8292e+00 -1.8045e-01
644 +2.284703382e-03 +2.284703382e-03 +2.199822847e+02 +2.199822847e+02 +1.0813e+00 -3.7572e+00 -2.0364e-01
734 +1.475148205e-03 +1.475148205e-03 +2.199814751e+02 +2.199814751e+02 +1.0323e+00 -3.7236e+00 -1.8946e-01
883 +7.129163643e-05 +7.129163643e-05 +2.199800713e+02 +2.199800713e+02 +1.0285e+00 -3.7580e+00 -2.0049e-01
1448 +4.917529591e-05 +4.917529591e-05 +2.199800492e+02 +2.199800492e+02 +1.0385e+00 -3.7567e+00 -2.1210e-01
1471 +3.072150088e-05 +3.072150088e-05 +2.199800307e+02 +2.199800307e+02 +1.0320e+00 -3.7613e+00 -2.1097e-01
1486 +1.180960032e-05 +1.180960032e-05 +2.199800118e+02 +2.199800118e+02 +1.0368e+00 -3.7583e+00 -2.0832e-01
1736 +6.819433963e-06 +6.819433963e-06 +2.199800068e+02 +2.199800068e+02 +1.0316e+00 -3.7577e+00 -2.0552e-01
1841 +2.397110876e-06 +2.397110876e-06 +2.199800024e+02 +2.199800024e+02 +1.0330e+00 -3.7579e+00 -2.0581e-01
1941 +1.300395922e-06 +1.300395922e-06 +2.199800013e+02 +2.199800013e+02 +1.0336e+00 -3.7584e+00 -2.0635e-01
1969 +2.748060979e-07 +2.748060979e-07 +2.199800003e+02 +2.199800003e+02 +1.0335e+00 -3.7572e+00 -2.0756e-01
2283 +2.510951163e-07 +2.510951163e-07 +2.199800003e+02 +2.199800003e+02 +1.0332e+00 -3.7578e+00 -2.0741e-01
2331 +2.133947419e-07 +2.133947419e-07 +2.199800002e+02 +2.199800002e+02 +1.0337e+00 -3.7572e+00 -2.0699e-01
2381 +1.852089042e-07 +1.852089042e-07 +2.199800002e+02 +2.199800002e+02 +1.0332e+00 -3.7576e+00 -2.0732e-01
2405 +9.276723745e-08 +9.276723745e-08 +2.199800001e+02 +2.199800001e+02 +1.0333e+00 -3.7576e+00 -2.0707e-01
2465 +1.696375307e-08 +1.696375307e-08 +2.199800000e+02 +2.199800000e+02 +1.0335e+00 -3.7575e+00 -2.0726e-01
2819 +1.508075798e-08 +1.508075798e-08 +2.199800000e+02 +2.199800000e+02 +1.0335e+00 -3.7575e+00 -2.0721e-01
2848 +5.438465678e-09 +5.438465678e-09 +2.199800000e+02 +2.199800000e+02 +1.0335e+00 -3.7576e+00 -2.0717e-01
5038 +0.000000000e+00 +0.000000000e+00 +2.199800000e+02 +2.199800000e+02 +1.0336e+00 -3.7576e+00 -2.0720e-01
% function evaluation | noise-free fitness - Fopt (-2.784000000000e+01) | best noise-free fitness - Fopt | measured fitness | best measured fitness | x1 | x2...
1 +6.179761280e+00 +6.179761280e+00 -2.166023872e+01 -2.166023872e+01 +0.0000e+00 +0.0000e+00 +0.0000e+00
2 +2.574735523e+00 +2.574735523e+00 -2.526526448e+01 -2.526526448e+01 -1.7204e+00 +1.5742e+00 +7.7222e-01
11 +2.104179597e+00 +2.104179597e+00 -2.573582040e+01 -2.573582040e+01 +1.1335e+00 +2.2184e+00 +7.5281e-01
35 +1.409600761e+00 +1.409600761e+00 -2.643039924e+01 -2.643039924e+01 +5.9503e-01 +1.4559e+00 +1.2390e+00
36 +1.369025538e+00 +1.369025538e+00 -2.647097446e+01 -2.647097446e+01 +2.0810e-01 +1.2900e+00 +1.5454e+00
42 +4.017995324e-01 +4.017995324e-01 -2.743820047e+01 -2.743820047e+01 -8.6166e-03 +1.9948e+00 +5.3788e-01
163 +2.793407273e-01 +2.793407273e-01 -2.756065927e+01 -2.756065927e+01 -1.1351e-01 +1.7505e+00 +9.2215e-01
181 +2.311165362e-01 +2.311165362e-01 -2.760888346e+01 -2.760888346e+01 -7.1443e-01 +2.0790e+00 +1.2088e+00
188 +1.496961805e-01 +1.496961805e-01 -2.769030382e+01 -2.769030382e+01 -6.3381e-01 +2.3004e+00 +1.2091e+00
249 +3.054883538e-02 +3.054883538e-02 -2.780945116e+01 -2.780945116e+01 -1.3336e-01 +2.3191e+00 +1.0521e+00
289 +2.257896492e-02 +2.257896492e-02 -2.781742104e+01 -2.781742104e+01 -1.6053e-01 +2.3048e+00 +1.0139e+00
407 +1.888451688e-02 +1.888451688e-02 -2.782111548e+01 -2.782111548e+01 -3.2745e-01 +2.1718e+00 +1.1727e+00
416 +6.502036221e-03 +6.502036221e-03 -2.783349796e+01 -2.783349796e+01 -3.0688e-01 +2.2488e+00 +1.1325e+00
573 +5.600661501e-03 +5.600661501e-03 -2.783439934e+01 -2.783439934e+01 -2.5297e-01 +2.1655e+00 +1.0695e+00
717 +3.083666764e-03 +3.083666764e-03 -2.783691633e+01 -2.783691633e+01 -2.4148e-01 +2.2506e+00 +1.0862e+00
854 +1.472116494e-03 +1.472116494e-03 -2.783852788e+01 -2.783852788e+01 -2.5092e-01 +2.2156e+00 +1.0643e+00
874 +7.769930349e-04 +7.769930349e-04 -2.783922301e+01 -2.783922301e+01 -3.0621e-01 +2.2150e+00 +1.0622e+00
980 +6.004508743e-04 +6.004508743e-04 -2.783939955e+01 -2.783939955e+01 -2.7088e-01 +2.2303e+00 +1.0367e+00
1008 +8.425688946e-05 +8.425688946e-05 -2.783991574e+01 -2.783991574e+01 -2.8406e-01 +2.2405e+00 +1.0533e+00
1418 +4.952040400e-05 +4.952040400e-05 -2.783995048e+01 -2.783995048e+01 -2.7953e-01 +2.2276e+00 +1.0584e+00
1421 +2.460144188e-05 +2.460144188e-05 -2.783997540e+01 -2.783997540e+01 -2.8186e-01 +2.2357e+00 +1.0552e+00
1642 +1.937141812e-05 +1.937141812e-05 -2.783998063e+01 -2.783998063e+01 -2.8710e-01 +2.2285e+00 +1.0581e+00
1653 +1.549797738e-05 +1.549797738e-05 -2.783998450e+01 -2.783998450e+01 -2.8377e-01 +2.2289e+00 +1.0590e+00
1719 +6.608149445e-06 +6.608149445e-06 -2.783999339e+01 -2.783999339e+01 -2.8374e-01 +2.2308e+00 +1.0548e+00
1854 +4.594379504e-06 +4.594379504e-06 -2.783999541e+01 -2.783999541e+01 -2.8353e-01 +2.2337e+00 +1.0569e+00
1971 +4.369360777e-06 +4.369360777e-06 -2.783999563e+01 -2.783999563e+01 -2.8490e-01 +2.2321e+00 +1.0589e+00
1980 +2.223225064e-06 +2.223225064e-06 -2.783999778e+01 -2.783999778e+01 -2.8399e-01 +2.2332e+00 +1.0572e+00
2019 +2.058505700e-06 +2.058505700e-06 -2.783999794e+01 -2.783999794e+01 -2.8596e-01 +2.2328e+00 +1.0567e+00
2031 +2.521763811e-07 +2.521763811e-07 -2.783999975e+01 -2.783999975e+01 -2.8437e-01 +2.2321e+00 +1.0570e+00
2185 +9.239273169e-08 +9.239273169e-08 -2.783999991e+01 -2.783999991e+01 -2.8458e-01 +2.2322e+00 +1.0568e+00
2245 +4.830711120e-08 +4.830711120e-08 -2.783999995e+01 -2.783999995e+01 -2.8485e-01 +2.2321e+00 +1.0566e+00
2341 +4.457366742e-08 +4.457366742e-08 -2.783999996e+01 -2.783999996e+01 -2.8479e-01 +2.2318e+00 +1.0568e+00
2466 +2.292810564e-08 +2.292810564e-08 -2.783999998e+01 -2.783999998e+01 -2.8468e-01 +2.2321e+00 +1.0569e+00
2648 +1.535565275e-08 +1.535565275e-08 -2.783999998e+01 -2.783999998e+01 -2.8478e-01 +2.2319e+00 +1.0567e+00
2781 +1.341730638e-08 +1.341730638e-08 -2.783999999e+01 -2.783999999e+01 -2.8472e-01 +2.2321e+00 +1.0568e+00
2936 +1.164555741e-08 +1.164555741e-08 -2.783999999e+01 -2.783999999e+01 -2.8482e-01 +2.2321e+00 +1.0568e+00
2961 +1.072276845e-08 +1.072276845e-08 -2.783999999e+01 -2.783999999e+01 -2.8477e-01 +2.2320e+00 +1.0569e+00
2968 +1.064423572e-08 +1.064423572e-08 -2.783999999e+01 -2.783999999e+01 -2.8477e-01 +2.2321e+00 +1.0569e+00
2976 +7.566463012e-09 +7.566463012e-09 -2.783999999e+01 -2.783999999e+01 -2.8486e-01 +2.2320e+00 +1.0568e+00
5204 +0.000000000e+00 +0.000000000e+00 -2.784000000e+01 -2.784000000e+01 -2.8480e-01 +2.2320e+00 +1.0568e+00
% function evaluation | noise-free fitness - Fopt (2.027000000000e+01) | best noise-free fitness - Fopt | measured fitness | best measured fitness | x1 | x2...
1 +2.235283520e+01 +2.235283520e+01 +4.262283520e+01 +4.262283520e+01 +0.0000e+00 +0.0000e+00 +0.0000e+00
2 +1.092377423e+01 +1.092377423e+01 +3.119377423e+01 +3.119377423e+01 +9.3939e-01 -2.6691e+00 -1.4171e+00
7 +9.510037321e+00 +9.510037321e+00 +2.978003732e+01 +2.978003732e+01 +1.4055e-01 -1.8292e+00 -2.6492e+00
17 +4.097391110e+00 +4.097391110e+00 +2.436739111e+01 +2.436739111e+01 +1.8514e+00 +2.6438e-01 -2.5602e+00
22 +1.970937950e+00 +1.970937950e+00 +2.224093795e+01 +2.224093795e+01 +2.9832e+00 +2.8228e-01 -3.5455e+00
25 +8.855793164e-01 +8.855793164e-01 +2.115557932e+01 +2.115557932e+01 +2.5472e+00 -7.3370e-01 -4.1605e+00
33 +2.126357871e-01 +2.126357871e-01 +2.048263579e+01 +2.048263579e+01 +3.4738e+00 -1.0374e+00 -3.5564e+00
93 +1.753699608e-01 +1.753699608e-01 +2.044536996e+01 +2.044536996e+01 +2.7123e+00 -8.5469e-01 -3.3876e+00
198 +8.157700779e-02 +8.157700779e-02 +2.035157701e+01 +2.035157701e+01 +3.1930e+00 -1.3507e+00 -3.4874e+00
208 +5.059484966e-02 +5.059484966e-02 +2.032059485e+01 +2.032059485e+01 +2.8636e+00 -1.2611e+00 -3.4920e+00
333 +1.396644986e-03 +1.396644986e-03 +2.027139664e+01 +2.027139664e+01 +3.0312e+00 -1.1185e+00 -3.4886e+00
859 +1.147757687e-03 +1.147757687e-03 +2.027114776e+01 +2.027114776e+01 +3.0133e+00 -1.1168e+00 -3.4794e+00
953 +5.993226590e-04 +5.993226590e-04 +2.027059932e+01 +2.027059932e+01 +3.0231e+00 -1.1054e+00 -3.4705e+00
1054 +5.042295408e-04 +5.042295408e-04 +2.027050423e+01 +2.027050423e+01 +3.0371e+00 -1.1060e+00 -3.4697e+00
1113 +4.406051737e-04 +4.406051737e-04 +2.027044061e+01 +2.027044061e+01 +3.0455e+00 -1.1308e+00 -3.4604e+00
1141 +3.478517830e-04 +3.478517830e-04 +2.027034785e+01 +2.027034785e+01 +3.0186e+00 -1.1146e+00 -3.4386e+00
1160 +2.767733287e-04 +2.767733287e-04 +2.027027677e+01 +2.027027677e+01 +3.0329e+00 -1.1015e+00 -3.4554e+00
1189 +5.209377918e-05 +5.209377918e-05 +2.027005209e+01 +2.027005209e+01 +3.0301e+00 -1.1244e+00 -3.4527e+00
1517 +2.676754808e-05 +2.676754808e-05 +2.027002677e+01 +2.027002677e+01 +3.0360e+00 -1.1152e+00 -3.4489e+00
1585 +1.477686367e-05 +1.477686367e-05 +2.027001478e+01 +2.027001478e+01 +3.0346e+00 -1.1192e+00 -3.4535e+00
1639 +1.023640612e-05 +1.023640612e-05 +2.027001024e+01 +2.027001024e+01 +3.0350e+00 -1.1184e+00 -3.4521e+00
1767 +5.389606820e-06 +5.389606820e-06 +2.027000539e+01 +2.027000539e+01 +3.0328e+00 -1.1174e+00 -3.4490e+00
1946 +1.582041715e-06 +1.582041715e-06 +2.027000158e+01 +2.027000158e+01 +3.0311e+00 -1.1184e+00 -3.4510e+00
2139 +9.855002752e-07 +9.855002752e-07 +2.027000099e+01 +2.027000099e+01 +3.0324e+00 -1.1171e+00 -3.4519e+00
2146 +9.304458999e-07 +9.304458999e-07 +2.027000093e+01 +2.027000093e+01 +3.0322e+00 -1.1172e+00 -3.4504e+00
2203 +8.969234990e-07 +8.969234990e-07 +2.027000090e+01 +2.027000090e+01 +3.0312e+00 -1.1172e+00 -3.4509e+00
2216 +5.426593113e-07 +5.426593113e-07 +2.027000054e+01 +2.027000054e+01 +3.0323e+00 -1.1180e+00 -3.4517e+00
2364 +4.395046638e-07 +4.395046638e-07 +2.027000044e+01 +2.027000044e+01 +3.0319e+00 -1.1175e+00 -3.4518e+00
2395 +4.168519290e-07 +4.168519290e-07 +2.027000042e+01 +2.027000042e+01 +3.0322e+00 -1.1181e+00 -3.4516e+00
2426 +1.832165140e-07 +1.832165140e-07 +2.027000018e+01 +2.027000018e+01 +3.0322e+00 -1.1172e+00 -3.4512e+00
2487 +1.484826022e-07 +1.484826022e-07 +2.027000015e+01 +2.027000015e+01 +3.0320e+00 -1.1180e+00 -3.4511e+00
2527 +9.971528314e-08 +9.971528314e-08 +2.027000010e+01 +2.027000010e+01 +3.0321e+00 -1.1175e+00 -3.4509e+00
2528 +2.557589340e-08 +2.557589340e-08 +2.027000003e+01 +2.027000003e+01 +3.0322e+00 -1.1176e+00 -3.4512e+00
2842 +1.357781798e-08 +1.357781798e-08 +2.027000001e+01 +2.027000001e+01 +3.0319e+00 -1.1175e+00 -3.4512e+00
3031 +1.121179238e-08 +1.121179238e-08 +2.027000001e+01 +2.027000001e+01 +3.0320e+00 -1.1176e+00 -3.4513e+00
3088 +7.920711198e-09 +7.920711198e-09 +2.027000001e+01 +2.027000001e+01 +3.0321e+00 -1.1176e+00 -3.4512e+00
5583 +0.000000000e+00 +0.000000000e+00 +2.027000000e+01 +2.027000000e+01 +3.0320e+00 -1.1176e+00 -3.4512e+00
% function evaluation | noise-free fitness - Fopt (9.302900000000e+02) | best noise-free fitness - Fopt | measured fitness | best measured fitness | x1 | x2...
1 +1.602589440e+01 +1.602589440e+01 +9.463158944e+02 +9.463158944e+02 +0.0000e+00 +0.0000e+00 +0.0000e+00
4 +1.520939367e+01 +1.520939367e+01 +9.454993937e+02 +9.454993937e+02 -7.8411e-01 +2.7447e+00 -3.4488e+00
6 +1.011679895e+01 +1.011679895e+01 +9.404067990e+02 +9.404067990e+02 -6.3297e-01 +1.4358e+00 -1.8019e+00
12 +2.504138754e+00 +2.504138754e+00 +9.327941388e+02 +9.327941388e+02 -3.1151e+00 -5.4654e-01 -3.5605e+00
14 +1.108154129e+00 +1.108154129e+00 +9.313981541e+02 +9.313981541e+02 -1.8455e+00 -4.1967e-01 -2.7008e+00
22 +1.093128838e+00 +1.093128838e+00 +9.313831288e+02 +9.313831288e+02 -1.8851e+00 -1.4651e+00 -2.5737e+00
35 +2.168419935e-01 +2.168419935e-01 +9.305068420e+02 +9.305068420e+02 -1.4926e+00 -6.4926e-01 -3.6709e+00
64 +5.537725673e-02 +5.537725673e-02 +9.303453773e+02 +9.303453773e+02 -1.4234e+00 -1.1645e+00 -3.5818e+00
297 +4.432183796e-03 +4.432183796e-03 +9.302944322e+02 +9.302944322e+02 -1.6353e+00 -1.1276e+00 -3.5158e+00
562 +2.488694156e-03 +2.488694156e-03 +9.302924887e+02 +9.302924887e+02 -1.6161e+00 -1.0166e+00 -3.4876e+00
620 +1.062065936e-03 +1.062065936e-03 +9.302910621e+02 +9.302910621e+02 -1.6190e+00 -1.0958e+00 -3.5094e+00
893 +1.746015531e-04 +1.746015531e-04 +9.302901746e+02 +9.302901746e+02 -1.6332e+00 -1.0596e+00 -3.5040e+00
1148 +1.696416015e-04 +1.696416015e-04 +9.302901696e+02 +9.302901696e+02 -1.6150e+00 -1.0524e+00 -3.5026e+00
1229 +1.011762962e-04 +1.011762962e-04 +9.302901012e+02 +9.302901012e+02 -1.6110e+00 -1.0643e+00 -3.5001e+00
1329 +5.375109470e-05 +5.375109470e-05 +9.302900538e+02 +9.302900538e+02 -1.6179e+00 -1.0705e+00 -3.5042e+00
1360 +1.116753640e-05 +1.116753640e-05 +9.302900112e+02 +9.302900112e+02 -1.6206e+00 -1.0667e+00 -3.5005e+00
1589 +4.558663591e-06 +4.558663591e-06 +9.302900046e+02 +9.302900046e+02 -1.6211e+00 -1.0642e+00 -3.5045e+00
1735 +3.972661261e-06 +3.972661261e-06 +9.302900040e+02 +9.302900040e+02 -1.6213e+00 -1.0621e+00 -3.5026e+00
1834 +1.873310339e-06 +1.873310339e-06 +9.302900019e+02 +9.302900019e+02 -1.6196e+00 -1.0646e+00 -3.5027e+00
1974 +1.019608135e-06 +1.019608135e-06 +9.302900010e+02 +9.302900010e+02 -1.6211e+00 -1.0647e+00 -3.5017e+00
2054 +8.168179875e-07 +8.168179875e-07 +9.302900008e+02 +9.302900008e+02 -1.6203e+00 -1.0634e+00 -3.5029e+00
2077 +4.588353022e-07 +4.588353022e-07 +9.302900005e+02 +9.302900005e+02 -1.6211e+00 -1.0645e+00 -3.5020e+00
2096 +4.034021686e-07 +4.034021686e-07 +9.302900004e+02 +9.302900004e+02 -1.6205e+00 -1.0634e+00 -3.5022e+00
2105 +8.829420040e-08 +8.829420040e-08 +9.302900001e+02 +9.302900001e+02 -1.6207e+00 -1.0638e+00 -3.5022e+00
2567 +3.610909971e-08 +3.610909971e-08 +9.302900000e+02 +9.302900000e+02 -1.6209e+00 -1.0640e+00 -3.5023e+00
2679 +7.019934856e-09 +7.019934856e-09 +9.302900000e+02 +9.302900000e+02 -1.6207e+00 -1.0640e+00 -3.5025e+00
4806 +0.000000000e+00 +0.000000000e+00 +9.302900000e+02 +9.302900000e+02 -1.6208e+00 -1.0640e+00 -3.5024e+00
% function evaluation | noise-free fitness - Fopt (7.786100000000e+02) | best noise-free fitness - Fopt | measured fitness | best measured fitness | x1 | x2...
1 +3.742419584e+01 +3.742419584e+01 +8.160341958e+02 +8.160341958e+02 +0.0000e+00 +0.0000e+00 +0.0000e+00
8 +3.556736913e+01 +3.556736913e+01 +8.141773691e+02 +8.141773691e+02 -6.9599e-01 -1.7076e-01 +6.6861e-01
14 +1.906149354e+01 +1.906149354e+01 +7.976714935e+02 +7.976714935e+02 -1.7031e+00 -4.9678e-01 -9.8593e-01
23 +1.698811407e+01 +1.698811407e+01 +7.955981141e+02 +7.955981141e+02 -8.8496e-01 -9.4730e-01 -2.6040e+00
29 +5.237649087e+00 +5.237649087e+00 +7.838476491e+02 +7.838476491e+02 -2.0706e+00 -2.4111e+00 -3.2528e+00
34 +3.075605301e+00 +3.075605301e+00 +7.816856053e+02 +7.816856053e+02 -2.7405e+00 -2.9274e+00 -3.9023e+00
39 +2.019057698e+00 +2.019057698e+00 +7.806290577e+02 +7.806290577e+02 -2.8189e+00 -3.5039e+00 -1.9125e+00
48 +1.436534502e+00 +1.436534502e+00 +7.800465345e+02 +7.800465345e+02 -3.8811e+00 -3.7298e+00 -1.6632e+00
55 +1.293840495e+00 +1.293840495e+00 +7.799038405e+02 +7.799038405e+02 -4.5731e+00 -3.4069e+00 -2.0974e+00
92 +1.091247855e-01 +1.091247855e-01 +7.787191248e+02 +7.787191248e+02 -3.5295e+00 -3.9456e+00 -2.8345e+00
201 +9.438967993e-02 +9.438967993e-02 +7.787043897e+02 +7.787043897e+02 -3.6178e+00 -3.5989e+00 -2.8834e+00
218 +6.883982245e-02 +6.883982245e-02 +7.786788398e+02 +7.786788398e+02 -3.5849e+00 -3.8891e+00 -2.8111e+00
228 +6.616161845e-02 +6.616161845e-02 +7.786761616e+02 +7.786761616e+02 -3.9643e+00 -3.5977e+00 -2.8864e+00
360 +5.342612577e-02 +5.342612577e-02 +7.786634261e+02 +7.786634261e+02 -3.8370e+00 -4.0465e+00 -2.8324e+00
364 +4.067805729e-02 +4.067805729e-02 +7.786506781e+02 +7.786506781e+02 -4.0300e+00 -3.8069e+00 -2.8163e+00
413 +1.166857538e-02 +1.166857538e-02 +7.786216686e+02 +7.786216686e+02 -3.8335e+00 -3.7489e+00 -2.7736e+00
591 +6.387541586e-03 +6.387541586e-03 +7.786163875e+02 +7.786163875e+02 -3.7895e+00 -3.8352e+00 -2.7930e+00
626 +5.272307376e-03 +5.272307376e-03 +7.786152723e+02 +7.786152723e+02 -3.7728e+00 -3.7809e+00 -2.8772e+00
753 +1.012946312e-03 +1.012946312e-03 +7.786110129e+02 +7.786110129e+02 -3.8320e+00 -3.8059e+00 -2.8277e+00
980 +6.136394423e-04 +6.136394423e-04 +7.786106136e+02 +7.786106136e+02 -3.8083e+00 -3.8206e+00 -2.8571e+00
1000 +2.093350586e-04 +2.093350586e-04 +7.786102093e+02 +7.786102093e+02 -3.8383e+00 -3.8245e+00 -2.8686e+00
1158 +2.222297655e-05 +2.222297655e-05 +7.786100222e+02 +7.786100222e+02 -3.8318e+00 -3.8173e+00 -2.8622e+00
1363 +1.124093819e-05 +1.124093819e-05 +7.786100112e+02 +7.786100112e+02 -3.8322e+00 -3.8163e+00 -2.8608e+00
1598 +6.373727388e-06 +6.373727388e-06 +7.786100064e+02 +7.786100064e+02 -3.8353e+00 -3.8170e+00 -2.8580e+00
1610 +4.568864028e-06 +4.568864028e-06 +7.786100046e+02 +7.786100046e+02 -3.8349e+00 -3.8168e+00 -2.8576e+00
1667 +2.253898401e-06 +2.253898401e-06 +7.786100023e+02 +7.786100023e+02 -3.8319e+00 -3.8157e+00 -2.8570e+00
1873 +2.072211259e-06 +2.072211259e-06 +7.786100021e+02 +7.786100021e+02 -3.8339e+00 -3.8175e+00 -2.8570e+00
1933 +1.903304337e-06 +1.903304337e-06 +7.786100019e+02 +7.786100019e+02 -3.8315e+00 -3.8170e+00 -2.8572e+00
1955 +1.832613407e-06 +1.832613407e-06 +7.786100018e+02 +7.786100018e+02 -3.8317e+00 -3.8162e+00 -2.8572e+00
2041 +9.833116792e-07 +9.833116792e-07 +7.786100010e+02 +7.786100010e+02 -3.8321e+00 -3.8170e+00 -2.8570e+00
2115 +8.996212273e-07 +8.996212273e-07 +7.786100009e+02 +7.786100009e+02 -3.8328e+00 -3.8168e+00 -2.8585e+00
2129 +6.355853657e-07 +6.355853657e-07 +7.786100006e+02 +7.786100006e+02 -3.8326e+00 -3.8165e+00 -2.8569e+00
2214 +1.516011707e-07 +1.516011707e-07 +7.786100002e+02 +7.786100002e+02 -3.8327e+00 -3.8171e+00 -2.8574e+00
2363 +1.282609219e-07 +1.282609219e-07 +7.786100001e+02 +7.786100001e+02 -3.8326e+00 -3.8167e+00 -2.8579e+00
2394 +3.422985628e-08 +3.422985628e-08 +7.786100000e+02 +7.786100000e+02 -3.8329e+00 -3.8168e+00 -2.8577e+00
2684 +1.327464361e-08 +1.327464361e-08 +7.786100000e+02 +7.786100000e+02 -3.8327e+00 -3.8168e+00 -2.8576e+00
2747 +6.763002602e-09 +6.763002602e-09 +7.786100000e+02 +7.786100000e+02 -3.8328e+00 -3.8168e+00 -2.8577e+00
4679 +0.000000000e+00 +0.000000000e+00 +7.786100000e+02 +7.786100000e+02 -3.8328e+00 -3.8168e+00 -2.8576e+00
% function evaluation | noise-free fitness - Fopt (-2.051000000000e+01) | best noise-free fitness - Fopt | measured fitness | best measured fitness | x1 | x2...
1 +2.135115008e+01 +2.135115008e+01 +8.411500800e-01 +8.411500800e-01 +0.0000e+00 +0.0000e+00 +0.0000e+00
4 +1.756856939e+01 +1.756856939e+01 -2.941430605e+00 -2.941430605e+00 +4.2266e-01 +1.9574e+00 +4.3566e+00
14 +1.709730141e+01 +1.709730141e+01 -3.412698592e+00 -3.412698592e+00 +4.7916e-01 +1.9935e+00 +4.0824e+00
16 +1.290132924e+01 +1.290132924e+01 -7.608670755e+00 -7.608670755e+00 -4.0637e-01 +1.4534e+00 +4.5568e+00
21 +1.249400099e+01 +1.249400099e+01 -8.015999015e+00 -8.015999015e+00 +1.2935e-01 +1.5993e+00 +3.0337e+00
23 +1.016405506e+01 +1.016405506e+01 -1.034594494e+01 -1.034594494e+01 -4.3104e-01 +6.5264e-01 +2.8623e+00
24 +3.616488042e+00 +3.616488042e+00 -1.689351196e+01 -1.689351196e+01 -2.1427e+00 +1.0992e+00 +3.7998e+00
25 +2.318236095e+00 +2.318236095e+00 -1.819176391e+01 -1.819176391e+01 -2.0455e+00 +2.5354e+00 +2.1920e+00
35 +8.316060349e-01 +8.316060349e-01 -1.967839397e+01 -1.967839397e+01 -2.7324e+00 +2.4633e+00 +2.2800e+00
37 +2.835066264e-01 +2.835066264e-01 -2.022649337e+01 -2.022649337e+01 -2.9351e+00 +1.6034e+00 +2.7351e+00
96 +1.060502836e-01 +1.060502836e-01 -2.040394972e+01 -2.040394972e+01 -3.2765e+00 +1.5818e+00 +2.6906e+00
152 +7.753122492e-02 +7.753122492e-02 -2.043246878e+01 -2.043246878e+01 -3.3454e+00 +1.9731e+00 +2.8169e+00
162 +3.508575049e-02 +3.508575049e-02 -2.047491425e+01 -2.047491425e+01 -3.3308e+00 +1.8527e+00 +2.3761e+00
379 +3.412604435e-02 +3.412604435e-02 -2.047587396e+01 -2.047587396e+01 -3.1938e+00 +1.8695e+00 +2.6336e+00
453 +1.607592131e-02 +1.607592131e-02 -2.049392408e+01 -2.049392408e+01 -3.2768e+00 +1.9395e+00 +2.5019e+00
540 +6.391165244e-03 +6.391165244e-03 -2.050360883e+01 -2.050360883e+01 -3.3278e+00 +1.9389e+00 +2.5612e+00
673 +4.716902228e-03 +4.716902228e-03 -2.050528310e+01 -2.050528310e+01 -3.3502e+00 +1.8914e+00 +2.6230e+00
729 +2.983683392e-03 +2.983683392e-03 -2.050701632e+01 -2.050701632e+01 -3.3294e+00 +1.8244e+00 +2.5561e+00
774 +1.020974058e-03 +1.020974058e-03 -2.050897903e+01 -2.050897903e+01 -3.3571e+00 +1.8400e+00 +2.5443e+00
867 +3.128564869e-04 +3.128564869e-04 -2.050968714e+01 -2.050968714e+01 -3.3596e+00 +1.8575e+00 +2.5456e+00
1119 +2.046604491e-04 +2.046604491e-04 -2.050979534e+01 -2.050979534e+01 -3.3649e+00 +1.8660e+00 +2.5458e+00
1226 +8.146869276e-05 +8.146869276e-05 -2.050991853e+01 -2.050991853e+01 -3.3680e+00 +1.8742e+00 +2.5569e+00
1272 +3.366459207e-05 +3.366459207e-05 -2.050996634e+01 -2.050996634e+01 -3.3609e+00 +1.8662e+00 +2.5548e+00
1425 +1.478816484e-05 +1.478816484e-05 -2.050998521e+01 -2.050998521e+01 -3.3597e+00 +1.8657e+00 +2.5602e+00
1548 +1.773469570e-06 +1.773469570e-06 -2.050999823e+01 -2.050999823e+01 -3.3643e+00 +1.8678e+00 +2.5596e+00
1984 +1.120726932e-06 +1.120726932e-06 -2.050999888e+01 -2.050999888e+01 -3.3628e+00 +1.8680e+00 +2.5605e+00
1997 +7.850536115e-07 +7.850536115e-07 -2.050999921e+01 -2.050999921e+01 -3.3636e+00 +1.8680e+00 +2.5600e+00
2011 +7.049482882e-07 +7.049482882e-07 -2.050999930e+01 -2.050999930e+01 -3.3627e+00 +1.8678e+00 +2.5598e+00
2029 +6.786304034e-07 +6.786304034e-07 -2.050999932e+01 -2.050999932e+01 -3.3635e+00 +1.8665e+00 +2.5597e+00
2075 +5.933475542e-07 +5.933475542e-07 -2.050999941e+01 -2.050999941e+01 -3.3636e+00 +1.8674e+00 +2.5606e+00
2108 +4.923291499e-07 +4.923291499e-07 -2.050999951e+01 -2.050999951e+01 -3.3635e+00 +1.8678e+00 +2.5597e+00
2157 +3.340918759e-07 +3.340918759e-07 -2.050999967e+01 -2.050999967e+01 -3.3636e+00 +1.8676e+00 +2.5602e+00
2170 +1.094025208e-07 +1.094025208e-07 -2.050999989e+01 -2.050999989e+01 -3.3632e+00 +1.8670e+00 +2.5602e+00
2326 +5.960978555e-08 +5.960978555e-08 -2.050999994e+01 -2.050999994e+01 -3.3634e+00 +1.8671e+00 +2.5600e+00
2549 +3.839605967e-09 +3.839605967e-09 -2.051000000e+01 -2.051000000e+01 -3.3631e+00 +1.8672e+00 +2.5600e+00
5236 +0.000000000e+00 +0.000000000e+00 -2.051000000e+01 -2.051000000e+01 -3.3632e+00 +1.8672e+00 +2.5600e+00
% function evaluation | noise-free fitness - Fopt (-1.000000000000e+03) | best noise-free fitness - Fopt | measured fitness | best measured fitness | x1 | x2...
1 +1.951587200e+01 +1.951587200e+01 -9.804841280e+02 -9.804841280e+02 +0.0000e+00 +0.0000e+00 +0.0000e+00
2 +1.943205856e+01 +1.943205856e+01 -9.805679414e+02 -9.805679414e+02 +8.6711e-01 +9.4486e-01 +1.0492e+00
7 +1.150409554e+01 +1.150409554e+01 -9.884959045e+02 -9.884959045e+02 -4.1094e-01 +5.8758e-01 -3.2850e+00
8 +6.022284095e+00 +6.022284095e+00 -9.939777159e+02 -9.939777159e+02 +4.5872e-01 +1.0423e+00 -2.2252e+00
18 +3.261556541e+00 +3.261556541e+00 -9.967384435e+02 -9.967384435e+02 +8.1141e-01 +2.5471e+00 -1.9909e+00
21 +2.568749381e+00 +2.568749381e+00 -9.974312506e+02 -9.974312506e+02 +1.8533e+00 +3.5653e+00 -1.8590e+00
31 +1.674206366e+00 +1.674206366e+00 -9.983257936e+02 -9.983257936e+02 +1.9279e+00 +2.1192e+00 -1.6472e+00
34 +1.059409168e+00 +1.059409168e+00 -9.989405908e+02 -9.989405908e+02 +2.1384e+00 +1.4252e+00 -2.6569e+00
45 +3.680153095e-01 +3.680153095e-01 -9.996319847e+02 -9.996319847e+02 +2.6726e+00 +2.3382e+00 -3.3565e+00
92 +1.208305709e-01 +1.208305709e-01 -9.998791694e+02 -9.998791694e+02 +2.1982e+00 +2.2900e+00 -2.5645e+00
237 +8.393795430e-02 +8.393795430e-02 -9.999160620e+02 -9.999160620e+02 +2.3963e+00 +2.1924e+00 -3.0083e+00
265 +4.926445166e-02 +4.926445166e-02 -9.999507355e+02 -9.999507355e+02 +2.3490e+00 +2.3045e+00 -2.6248e+00
308 +2.134160677e-02 +2.134160677e-02 -9.999786584e+02 -9.999786584e+02 +2.5187e+00 +2.3059e+00 -2.7894e+00
356 +1.937044422e-02 +1.937044422e-02 -9.999806296e+02 -9.999806296e+02 +2.4332e+00 +2.3244e+00 -2.9239e+00
468 +1.837246577e-02 +1.837246577e-02 -9.999816275e+02 -9.999816275e+02 +2.3355e+00 +2.2954e+00 -2.7944e+00
575 +1.168781967e-02 +1.168781967e-02 -9.999883122e+02 -9.999883122e+02 +2.3926e+00 +2.4977e+00 -2.7608e+00
583 +8.979509266e-03 +8.979509266e-03 -9.999910205e+02 -9.999910205e+02 +2.3597e+00 +2.3269e+00 -2.8105e+00
664 +6.739602291e-03 +6.739602291e-03 -9.999932604e+02 -9.999932604e+02 +2.4315e+00 +2.4836e+00 -2.8268e+00
711 +4.880119073e-03 +4.880119073e-03 -9.999951199e+02 -9.999951199e+02 +2.4407e+00 +2.3553e+00 -2.8531e+00
752 +3.553728329e-03 +3.553728329e-03 -9.999964463e+02 -9.999964463e+02 +2.3816e+00 +2.3637e+00 -2.8411e+00
756 +2.156215934e-03 +2.156215934e-03 -9.999978438e+02 -9.999978438e+02 +2.3774e+00 +2.3829e+00 -2.8313e+00
794 +1.958493748e-03 +1.958493748e-03 -9.999980415e+02 -9.999980415e+02 +2.3754e+00 +2.3944e+00 -2.7923e+00
957 +1.722736921e-03 +1.722736921e-03 -9.999982773e+02 -9.999982773e+02 +2.3854e+00 +2.4330e+00 -2.8006e+00
966 +1.514500512e-03 +1.514500512e-03 -9.999984855e+02 -9.999984855e+02 +2.4513e+00 +2.4132e+00 -2.8073e+00
967 +5.803340485e-04 +5.803340485e-04 -9.999994197e+02 -9.999994197e+02 +2.4133e+00 +2.4169e+00 -2.7912e+00
1100 +5.166094753e-04 +5.166094753e-04 -9.999994834e+02 -9.999994834e+02 +2.4004e+00 +2.3916e+00 -2.8249e+00
1157 +2.794570778e-04 +2.794570778e-04 -9.999997205e+02 -9.999997205e+02 +2.4147e+00 +2.4192e+00 -2.8205e+00
1268 +1.893661308e-04 +1.893661308e-04 -9.999998106e+02 -9.999998106e+02 +2.4179e+00 +2.4069e+00 -2.8249e+00
1362 +1.613136590e-04 +1.613136590e-04 -9.999998387e+02 -9.999998387e+02 +2.4205e+00 +2.3993e+00 -2.8029e+00
1367 +1.251782023e-04 +1.251782023e-04 -9.999998748e+02 -9.999998748e+02 +2.4044e+00 +2.4092e+00 -2.8074e+00
1389 +9.643022918e-05 +9.643022918e-05 -9.999999036e+02 -9.999999036e+02 +2.4226e+00 +2.4076e+00 -2.8148e+00
1401 +8.355554337e-05 +8.355554337e-05 -9.999999164e+02 -9.999999164e+02 +2.4079e+00 +2.4038e+00 -2.8049e+00
1415 +7.077973794e-05 +7.077973794e-05 -9.999999292e+02 -9.999999292e+02 +2.4145e+00 +2.4104e+00 -2.8182e+00
1461 +4.557807426e-05 +4.557807426e-05 -9.999999544e+02 -9.999999544e+02 +2.4108e+00 +2.4004e+00 -2.8077e+00
1515 +2.819864926e-05 +2.819864926e-05 -9.999999718e+02 -9.999999718e+02 +2.4087e+00 +2.4048e+00 -2.8141e+00
1569 +1.178258935e-05 +1.178258935e-05 -9.999999882e+02 -9.999999882e+02 +2.4156e+00 +2.4033e+00 -2.8144e+00
1572 +5.589074362e-06 +5.589074362e-06 -9.999999944e+02 -9.999999944e+02 +2.4123e+00 +2.4062e+00 -2.8134e+00
1612 +2.736281999e-06 +2.736281999e-06 -9.999999973e+02 -9.999999973e+02 +2.4130e+00 +2.4059e+00 -2.8131e+00
1869 +1.410465643e-06 +1.410465643e-06 -9.999999986e+02 -9.999999986e+02 +2.4141e+00 +2.4057e+00 -2.8126e+00
1988 +1.355870040e-06 +1.355870040e-06 -9.999999986e+02 -9.999999986e+02 +2.4141e+00 +2.4038e+00 -2.8117e+00
2016 +1.335181764e-06 +1.335181764e-06 -9.999999987e+02 -9.999999987e+02 +2.4127e+00 +2.4043e+00 -2.8116e+00
2032 +1.035912078e-06 +1.035912078e-06 -9.999999990e+02 -9.999999990e+02 +2.4127e+00 +2.4046e+00 -2.8124e+00
2050 +8.559287608e-07 +8.559287608e-07 -9.999999991e+02 -9.999999991e+02 +2.4127e+00 +2.4049e+00 -2.8123e+00
2092 +5.059670229e-07 +5.059670229e-07 -9.999999995e+02 -9.999999995e+02 +2.4131e+00 +2.4043e+00 -2.8119e+00
2121 +1.476217903e-07 +1.476217903e-07 -9.999999999e+02 -9.999999999e+02 +2.4133e+00 +2.4050e+00 -2.8121e+00
2164 +1.189275736e-07 +1.189275736e-07 -9.999999999e+02 -9.999999999e+02 +2.4135e+00 +2.4049e+00 -2.8117e+00
2183 +5.890672128e-08 +5.890672128e-08 -9.999999999e+02 -9.999999999e+02 +2.4136e+00 +2.4050e+00 -2.8120e+00
2353 +5.145136583e-08 +5.145136583e-08 -9.999999999e+02 -9.999999999e+02 +2.4134e+00 +2.4047e+00 -2.8119e+00
2402 +2.407227839e-08 +2.407227839e-08 -1.000000000e+03 -1.000000000e+03 +2.4135e+00 +2.4048e+00 -2.8119e+00
2432 +1.351941137e-08 +1.351941137e-08 -1.000000000e+03 -1.000000000e+03 +2.4137e+00 +2.4048e+00 -2.8120e+00
2617 +3.809532245e-09 +3.809532245e-09 -1.000000000e+03 -1.000000000e+03 +2.4136e+00 +2.4048e+00 -2.8120e+00
4627 +0.000000000e+00 +0.000000000e+00 -1.000000000e+03 -1.000000000e+03 +2.4136e+00 +2.4048e+00 -2.8120e+00
% function evaluation | noise-free fitness - Fopt (-1.730800000000e+02) | best noise-free fitness - Fopt | measured fitness | best measured fitness | x1 | x2...
1 +2.759479168e+01 +2.759479168e+01 -1.454852083e+02 -1.454852083e+02 +0.0000e+00 +0.0000e+00 +0.0000e+00
2 +2.006292013e+01 +2.006292013e+01 -1.530170799e+02 -1.530170799e+02 +2.5352e-01 -5.8497e+00 +1.4876e+00
6 +1.340742533e+01 +1.340742533e+01 -1.596725747e+02 -1.596725747e+02 -6.4764e-01 -1.6998e+00 +2.4431e-01
12 +1.131095040e+01 +1.131095040e+01 -1.617690496e+02 -1.617690496e+02 -1.6892e+00 -1.1825e+00 -8.9946e-02
16 +9.311333174e+00 +9.311333174e+00 -1.637686668e+02 -1.637686668e+02 -1.0363e+00 -3.4481e+00 -4.0910e-01
22 +6.331247975e+00 +6.331247975e+00 -1.667487520e+02 -1.667487520e+02 -2.0532e+00 -4.7572e+00 -3.9341e-01
23 +4.539733299e+00 +4.539733299e+00 -1.685402667e+02 -1.685402667e+02 -2.9653e+00 -3.9455e+00 -7.8982e-01
34 +4.124126790e+00 +4.124126790e+00 -1.689558732e+02 -1.689558732e+02 -2.5611e+00 -3.0329e+00 -4.2411e-01
37 +2.603024689e+00 +2.603024689e+00 -1.704769753e+02 -1.704769753e+02 -4.0075e+00 -2.8045e+00 -1.2983e-01
53 +2.554431713e+00 +2.554431713e+00 -1.705255683e+02 -1.705255683e+02 -3.8609e+00 -5.1154e+00 +1.6955e+00
60 +2.402517117e+00 +2.402517117e+00 -1.706774829e+02 -1.706774829e+02 -5.0438e+00 -3.8300e+00 +1.7756e+00
66 +1.804235108e+00 +1.804235108e+00 -1.712757649e+02 -1.712757649e+02 -4.6904e+00 -3.3896e+00 +4.3521e-01
70 +6.239417920e-02 +6.239417920e-02 -1.730176058e+02 -1.730176058e+02 -3.3970e+00 -3.5090e+00 +1.2701e+00
165 +1.075261998e-02 +1.075261998e-02 -1.730692474e+02 -1.730692474e+02 -3.7074e+00 -3.5618e+00 +1.2147e+00
620 +8.914673982e-03 +8.914673982e-03 -1.730710853e+02 -1.730710853e+02 -3.6644e+00 -3.6182e+00 +1.1299e+00
748 +6.195646368e-03 +6.195646368e-03 -1.730738044e+02 -1.730738044e+02 -3.5417e+00 -3.6340e+00 +1.2027e+00
790 +1.250673170e-03 +1.250673170e-03 -1.730787493e+02 -1.730787493e+02 -3.6469e+00 -3.5963e+00 +1.2013e+00
844 +8.207366592e-04 +8.207366592e-04 -1.730791793e+02 -1.730791793e+02 -3.5926e+00 -3.6019e+00 +1.2228e+00
888 +4.538632604e-04 +4.538632604e-04 -1.730795461e+02 -1.730795461e+02 -3.6184e+00 -3.6308e+00 +1.2211e+00
1094 +2.130096325e-04 +2.130096325e-04 -1.730797870e+02 -1.730797870e+02 -3.6113e+00 -3.6223e+00 +1.2200e+00
1263 +1.916087931e-04 +1.916087931e-04 -1.730798084e+02 -1.730798084e+02 -3.6230e+00 -3.6000e+00 +1.2082e+00
1273 +1.649059122e-04 +1.649059122e-04 -1.730798351e+02 -1.730798351e+02 -3.6292e+00 -3.6102e+00 +1.2139e+00
1284 +1.542160050e-04 +1.542160050e-04 -1.730798458e+02 -1.730798458e+02 -3.6257e+00 -3.6039e+00 +1.2082e+00
1290 +1.449257392e-04 +1.449257392e-04 -1.730798551e+02 -1.730798551e+02 -3.6279e+00 -3.6146e+00 +1.2072e+00
1412 +9.908990174e-05 +9.908990174e-05 -1.730799009e+02 -1.730799009e+02 -3.6121e+00 -3.6052e+00 +1.2168e+00
1436 +6.905457047e-05 +6.905457047e-05 -1.730799309e+02 -1.730799309e+02 -3.6144e+00 -3.6129e+00 +1.2191e+00
1442 +3.682509501e-05 +3.682509501e-05 -1.730799632e+02 -1.730799632e+02 -3.6120e+00 -3.6084e+00 +1.2123e+00
1574 +3.027358426e-05 +3.027358426e-05 -1.730799697e+02 -1.730799697e+02 -3.6137e+00 -3.6150e+00 +1.2146e+00
1610 +2.062195338e-05 +2.062195338e-05 -1.730799794e+02 -1.730799794e+02 -3.6199e+00 -3.6086e+00 +1.2112e+00
1639 +1.937991624e-05 +1.937991624e-05 -1.730799806e+02 -1.730799806e+02 -3.6190e+00 -3.6136e+00 +1.2147e+00
1696 +1.237840493e-05 +1.237840493e-05 -1.730799876e+02 -1.730799876e+02 -3.6146e+00 -3.6092e+00 +1.2114e+00
1839 +1.817786881e-07 +1.817786881e-07 -1.730799998e+02 -1.730799998e+02 -3.6166e+00 -3.6121e+00 +1.2116e+00
2263 +6.282704135e-08 +6.282704135e-08 -1.730799999e+02 -1.730799999e+02 -3.6167e+00 -3.6118e+00 +1.2113e+00
2407 +1.992231091e-08 +1.992231091e-08 -1.730800000e+02 -1.730800000e+02 -3.6169e+00 -3.6120e+00 +1.2113e+00
2581 +1.526007054e-08 +1.526007054e-08 -1.730800000e+02 -1.730800000e+02 -3.6169e+00 -3.6119e+00 +1.2112e+00
2795 +1.428281848e-08 +1.428281848e-08 -1.730800000e+02 -1.730800000e+02 -3.6169e+00 -3.6121e+00 +1.2112e+00
2906 +6.406594366e-09 +6.406594366e-09 -1.730800000e+02 -1.730800000e+02 -3.6169e+00 -3.6120e+00 +1.2111e+00
4604 +0.000000000e+00 +0.000000000e+00 -1.730800000e+02 -1.730800000e+02 -3.6168e+00 -3.6120e+00 +1.2112e+00
% function evaluation | noise-free fitness - Fopt (5.309000000000e+01) | best noise-free fitness - Fopt | measured fitness | best measured fitness | x1 | x2...
1 +1.511276416e+01 +1.511276416e+01 +6.820276416e+01 +6.820276416e+01 +0.0000e+00 +0.0000e+00 +0.0000e+00
4 +1.211419581e+01 +1.211419581e+01 +6.520419581e+01 +6.520419581e+01 -4.8212e-01 -2.7480e-01 +5.5292e-02
14 +7.931068285e+00 +7.931068285e+00 +6.102106828e+01 +6.102106828e+01 -9.1616e-01 -7.9015e-01 -3.8393e-01
19 +5.083460742e+00 +5.083460742e+00 +5.817346074e+01 +5.817346074e+01 -2.3026e+00 -2.1613e+00 +9.6727e-01
23 +2.372546602e+00 +2.372546602e+00 +5.546254660e+01 +5.546254660e+01 -7.0681e-01 -2.8562e+00 +5.1824e-01
33 +1.516181762e+00 +1.516181762e+00 +5.460618176e+01 +5.460618176e+01 -1.6545e+00 -2.9633e+00 +4.5467e-01
48 +1.433746211e+00 +1.433746211e+00 +5.452374621e+01 +5.452374621e+01 -2.0550e+00 -3.3112e+00 +4.0801e-01
52 +6.766595998e-01 +6.766595998e-01 +5.376665960e+01 +5.376665960e+01 -2.1678e+00 -3.8575e+00 -9.5499e-01
72 +4.066306583e-02 +4.066306583e-02 +5.313066307e+01 +5.313066307e+01 -1.4298e+00 -3.6830e+00 -4.9422e-01
168 +1.502582953e-02 +1.502582953e-02 +5.310502583e+01 +5.310502583e+01 -1.4608e+00 -3.5163e+00 -7.3938e-01
427 +1.123033736e-02 +1.123033736e-02 +5.310123034e+01 +5.310123034e+01 -1.5609e+00 -3.5905e+00 -5.6678e-01
519 +1.085727518e-02 +1.085727518e-02 +5.310085728e+01 +5.310085728e+01 -1.5847e+00 -3.5375e+00 -6.5828e-01
522 +1.958061623e-03 +1.958061623e-03 +5.309195806e+01 +5.309195806e+01 -1.5224e+00 -3.5527e+00 -5.9938e-01
700 +3.274910932e-04 +3.274910932e-04 +5.309032749e+01 +5.309032749e+01 -1.4737e+00 -3.5481e+00 -6.2739e-01
824 +1.378849308e-04 +1.378849308e-04 +5.309013788e+01 +5.309013788e+01 -1.4941e+00 -3.5470e+00 -6.2302e-01
1278 +7.679512706e-05 +7.679512706e-05 +5.309007680e+01 +5.309007680e+01 -1.4891e+00 -3.5423e+00 -6.2877e-01
1513 +2.668735605e-05 +2.668735605e-05 +5.309002669e+01 +5.309002669e+01 -1.4854e+00 -3.5364e+00 -6.1690e-01
1559 +1.231799025e-05 +1.231799025e-05 +5.309001232e+01 +5.309001232e+01 -1.4854e+00 -3.5388e+00 -6.2440e-01
1621 +8.639362825e-06 +8.639362825e-06 +5.309000864e+01 +5.309000864e+01 -1.4866e+00 -3.5401e+00 -6.2297e-01
1743 +7.776560096e-06 +7.776560096e-06 +5.309000778e+01 +5.309000778e+01 -1.4848e+00 -3.5391e+00 -6.2155e-01
1824 +6.593089310e-06 +6.593089310e-06 +5.309000659e+01 +5.309000659e+01 -1.4882e+00 -3.5370e+00 -6.1932e-01
1912 +4.463095927e-06 +4.463095927e-06 +5.309000446e+01 +5.309000446e+01 -1.4891e+00 -3.5367e+00 -6.2130e-01
1986 +3.951901057e-06 +3.951901057e-06 +5.309000395e+01 +5.309000395e+01 -1.4868e+00 -3.5381e+00 -6.1971e-01
2006 +2.311756013e-06 +2.311756013e-06 +5.309000231e+01 +5.309000231e+01 -1.4887e+00 -3.5380e+00 -6.2145e-01
2135 +1.674510337e-06 +1.674510337e-06 +5.309000167e+01 +5.309000167e+01 -1.4882e+00 -3.5375e+00 -6.2244e-01
2151 +1.384119912e-06 +1.384119912e-06 +5.309000138e+01 +5.309000138e+01 -1.4864e+00 -3.5381e+00 -6.2234e-01
2170 +3.894736054e-07 +3.894736054e-07 +5.309000039e+01 +5.309000039e+01 -1.4874e+00 -3.5374e+00 -6.2213e-01
2238 +3.509020061e-07 +3.509020061e-07 +5.309000035e+01 +5.309000035e+01 -1.4874e+00 -3.5379e+00 -6.2209e-01
2304 +2.190853721e-07 +2.190853721e-07 +5.309000022e+01 +5.309000022e+01 -1.4867e+00 -3.5377e+00 -6.2163e-01
2397 +1.697710275e-07 +1.697710275e-07 +5.309000017e+01 +5.309000017e+01 -1.4870e+00 -3.5379e+00 -6.2140e-01
2484 +2.180338043e-08 +2.180338043e-08 +5.309000002e+01 +5.309000002e+01 -1.4872e+00 -3.5377e+00 -6.2149e-01
2725 +1.886431988e-08 +1.886431988e-08 +5.309000002e+01 +5.309000002e+01 -1.4873e+00 -3.5375e+00 -6.2171e-01
2788 +1.467645916e-08 +1.467645916e-08 +5.309000001e+01 +5.309000001e+01 -1.4871e+00 -3.5377e+00 -6.2154e-01
2867 +1.046704767e-08 +1.046704767e-08 +5.309000001e+01 +5.309000001e+01 -1.4871e+00 -3.5376e+00 -6.2164e-01
2899 +4.803389686e-09 +4.803389686e-09 +5.309000000e+01 +5.309000000e+01 -1.4872e+00 -3.5376e+00 -6.2154e-01
4930 +0.000000000e+00 +0.000000000e+00 +5.309000000e+01 +5.309000000e+01 -1.4872e+00 -3.5376e+00 -6.2160e-01
