% function evaluation | noise-free fitness - Fopt (2.997000000000e+01) | best noise-free fitness - Fopt | measured fitness | best measured fitness | x1 | x2...
1 +7.202573670e+02 +7.202573670e+02 +7.502273670e+02 +7.502273670e+02 +0.0000e+00 +0.0000e+00 +0.0000e+00
2 +6.985749075e+02 +6.985749075e+02 +7.285449075e+02 +7.285449075e+02 -7.8610e-01 -3.6442e+00 +2.9087e-01
3 +3.733646121e+02 +3.733646121e+02 +4.033346121e+02 +4.033346121e+02 -1.3776e-01 -4.2335e+00 -2.7685e+00
18 +2.740181758e+02 +2.740181758e+02 +3.039881758e+02 +3.039881758e+02 +2.2423e+00 -4.9750e+00 -3.0325e+00
20 +2.279559827e+02 +2.279559827e+02 +2.579259827e+02 +2.579259827e+02 +1.6248e+00 -4.3704e+00 -3.2000e+00
22 +1.397123753e+02 +1.397123753e+02 +1.696823753e+02 +1.696823753e+02 +7.8477e-01 -2.2705e+00 -2.5425e+00
23 +1.184905312e+02 +1.184905312e+02 +1.484605312e+02 +1.484605312e+02 +8.7622e-01 -1.9487e+00 -4.3924e+00
38 +5.285832144e+01 +5.285832144e+01 +8.282832144e+01 +8.282832144e+01 +8.3948e-01 -1.9731e+00 -3.8735e+00
58 +4.889579208e+01 +4.889579208e+01 +7.886579208e+01 +7.886579208e+01 +1.5654e-01 -2.6639e-01 -4.6876e+00
81 +4.614396644e+01 +4.614396644e+01 +7.611396644e+01 +7.611396644e+01 +1.4071e+00 -2.8606e+00 -2.9415e+00
85 +3.239590645e+01 +3.239590645e+01 +6.236590645e+01 +6.236590645e+01 +8.5536e-01 -1.5547e+00 -3.9715e+00
146 +1.855680020e+01 +1.855680020e+01 +4.852680020e+01 +4.852680020e+01 +1.1717e+00 -2.3195e+00 -3.1824e+00
193 +8.205719437e+00 +8.205719437e+00 +3.817571944e+01 +3.817571944e+01 +1.1148e+00 -2.0070e+00 -3.3354e+00
331 +5.648719725e+00 +5.648719725e+00 +3.561871972e+01 +3.561871972e+01 +5.2575e-01 -1.1888e+00 -4.0928e+00
381 +5.243801449e+00 +5.243801449e+00 +3.521380145e+01 +3.521380145e+01 +4.7105e-01 -1.1195e+00 -4.1719e+00
1247 +5.055143476e+00 +5.055143476e+00 +3.502514348e+01 +3.502514348e+01 +4.8114e-01 -1.1201e+00 -4.1630e+00
1318 +3.924682741e+00 +3.924682741e+00 +3.389468274e+01 +3.389468274e+01 +5.6399e-01 -1.2266e+00 -4.0693e+00
1347 +1.721561887e+00 +1.721561887e+00 +3.169156189e+01 +3.169156189e+01 +6.3681e-01 -1.3513e+00 -3.9766e+00
1535 +1.661506771e+00 +1.661506771e+00 +3.163150677e+01 +3.163150677e+01 +6.5127e-01 -1.3798e+00 -3.9513e+00
1549 +1.619808122e+00 +1.619808122e+00 +3.158980812e+01 +3.158980812e+01 +6.5907e-01 -1.3899e+00 -3.9372e+00
1774 +1.266947701e+00 +1.266947701e+00 +3.123694770e+01 +3.123694770e+01 +6.3821e-01 -1.3533e+00 -3.9705e+00
2019 +1.185058018e+00 +1.185058018e+00 +3.115505802e+01 +3.115505802e+01 +6.4627e-01 -1.3661e+00 -3.9606e+00
2322 +1.154448859e+00 +1.154448859e+00 +3.112444886e+01 +3.112444886e+01 +6.4215e-01 -1.3597e+00 -3.9655e+00
2387 +1.136547032e+00 +1.136547032e+00 +3.110654703e+01 +3.110654703e+01 +6.4506e-01 -1.3641e+00 -3.9619e+00
% function evaluation | noise-free fitness - Fopt (-5.171000000000e+01) | best noise-free fitness - Fopt | measured fitness | best measured fitness | x1 | x2...
1 +9.345492948e+02 +9.345492948e+02 +8.828392948e+02 +8.828392948e+02 +0.0000e+00 +0.0000e+00 +0.0000e+00
3 +6.360869983e+02 +6.360869983e+02 +5.843769983e+02 +5.843769983e+02 -3.9147e-01 +1.6217e+00 -1.1185e+00
6 +6.148661749e+02 +6.148661749e+02 +5.631561749e+02 +5.631561749e+02 +2.2980e-01 +1.3306e+00 -1.5490e+00
12 +1.858960985e+02 +1.858960985e+02 +1.341860985e+02 +1.341860985e+02 +8.5895e-01 +3.0636e+00 -3.0371e+00
19 +8.730016354e+01 +8.730016354e+01 +3.559016354e+01 +3.559016354e+01 +7.1793e-01 +3.6587e+00 -3.1587e+00
26 +7.655575537e+01 +7.655575537e+01 +2.484575537e+01 +2.484575537e+01 +1.0152e+00 +3.5873e+00 -3.1500e+00
37 +7.226461399e+01 +7.226461399e+01 +2.055461399e+01 +2.055461399e+01 +1.2179e+00 +3.8953e+00 -3.3058e+00
54 +5.118675049e+01 +5.118675049e+01 -5.232495064e-01 -5.232495064e-01 +1.4909e+00 +3.6704e+00 -3.2758e+00
59 +3.256033996e+01 +3.256033996e+01 -1.914966004e+01 -1.914966004e+01 +1.9504e+00 +3.5578e+00 -3.6010e+00
130 +2.990508874e+01 +2.990508874e+01 -2.180491126e+01 -2.180491126e+01 +1.0817e+00 +3.8822e+00 -3.4626e+00
243 +2.239734569e+01 +2.239734569e+01 -2.931265431e+01 -2.931265431e+01 +2.7158e+00 +3.1879e+00 -3.4119e+00
295 +9.026421078e+00 +9.026421078e+00 -4.268357892e+01 -4.268357892e+01 +2.7829e+00 +3.0443e+00 -3.2938e+00
369 +5.025591959e+00 +5.025591959e+00 -4.668440804e+01 -4.668440804e+01 +2.5273e+00 +3.1913e+00 -3.3843e+00
570 +2.683120424e+00 +2.683120424e+00 -4.902687958e+01 -4.902687958e+01 +3.0782e+00 +2.9265e+00 -3.3203e+00
579 +1.764749755e+00 +1.764749755e+00 -4.994525024e+01 -4.994525024e+01 +3.0787e+00 +2.9204e+00 -3.3160e+00
1204 +7.375345594e-01 +7.375345594e-01 -5.097246544e+01 -5.097246544e+01 +2.5700e+00 +3.1455e+00 -3.3658e+00
1902 +5.586803772e-01 +5.586803772e-01 -5.115131962e+01 -5.115131962e+01 +2.4913e+00 +3.1865e+00 -3.3764e+00
2003 +3.966154800e-01 +3.966154800e-01 -5.131338452e+01 -5.131338452e+01 +2.4477e+00 +3.2054e+00 -3.3799e+00
2163 +1.938633637e-01 +1.938633637e-01 -5.151613664e+01 -5.151613664e+01 +2.3401e+00 +3.2523e+00 -3.3913e+00
2390 +1.855547419e-01 +1.855547419e-01 -5.152444526e+01 -5.152444526e+01 +2.3181e+00 +3.2625e+00 -3.3940e+00
2680 +1.175609490e-01 +1.175609490e-01 -5.159243905e+01 -5.159243905e+01 +2.4055e+00 +3.2231e+00 -3.3840e+00
2829 +1.168483833e-01 +1.168483833e-01 -5.159315162e+01 -5.159315162e+01 +2.3999e+00 +3.2257e+00 -3.3849e+00
2978 +8.927652923e-02 +8.927652923e-02 -5.162072347e+01 -5.162072347e+01 +2.4210e+00 +3.2159e+00 -3.3821e+00
3240 +7.077391875e-02 +7.077391875e-02 -5.163922608e+01 -5.163922608e+01 +2.4263e+00 +3.2134e+00 -3.3815e+00
3619 +5.908004500e-02 +5.908004500e-02 -5.165091995e+01 -5.165091995e+01 +2.4207e+00 +3.2160e+00 -3.3823e+00
% function evaluation | noise-free fitness - Fopt (-2.799500000000e+02) | best noise-free fitness - Fopt | measured fitness | best measured fitness | x1 | x2...
1 +1.696773180e+03 +1.696773180e+03 +1.416823180e+03 +1.416823180e+03 +0.0000e+00 +0.0000e+00 +0.0000e+00
2 +1.511575911e+03 +1.511575911e+03 +1.231625911e+03 +1.231625911e+03 +2.2332e+00 -2.4160e+00 -1.6997e+00
3 +1.399309101e+03 +1.399309101e+03 +1.119359101e+03 +1.119359101e+03 +3.0518e+00 -2.8020e+00 -1.3198e+00
4 +1.372980195e+03 +1.372980195e+03 +1.093030195e+03 +1.093030195e+03 +4.0405e-01 -1.6518e+00 -3.8858e-01
9 +1.308720700e+03 +1.308720700e+03 +1.028770700e+03 +1.028770700e+03 -1.1717e-01 -1.0513e+00 +7.0794e-01
12 +1.021889096e+03 +1.021889096e+03 +7.419390956e+02 +7.419390956e+02 -2.4055e-02 -1.2600e+00 +2.1884e+00
13 +8.163253441e+02 +8.163253441e+02 +5.363753441e+02 +5.363753441e+02 -1.2679e+00 -3.5174e+00 -1.6220e-01
23 +4.325322754e+02 +4.325322754e+02 +1.525822754e+02 +1.525822754e+02 -2.4672e+00 -3.7964e+00 +1.3223e+00
24 +1.878124938e+02 +1.878124938e+02 -9.213750619e+01 -9.213750619e+01 -2.5557e+00 -6.1644e+00 +1.0514e+00
36 +1.621340576e+02 +1.621340576e+02 -1.178159424e+02 -1.178159424e+02 -2.9811e+00 -5.5259e+00 +8.9481e-01
39 +1.242872048e+02 +1.242872048e+02 -1.556627952e+02 -1.556627952e+02 -1.7311e+00 -6.3012e+00 +6.0328e-01
57 +5.059980521e+01 +5.059980521e+01 -2.293501948e+02 -2.293501948e+02 -1.5299e+00 -5.7271e+00 +1.1002e+00
94 +3.564464295e+01 +3.564464295e+01 -2.443053570e+02 -2.443053570e+02 -3.3384e+00 -4.1470e+00 +2.8712e+00
143 +3.057388336e+01 +3.057388336e+01 -2.493761166e+02 -2.493761166e+02 -2.8008e+00 -4.8882e+00 +2.2062e+00
203 +2.414408038e+01 +2.414408038e+01 -2.558059196e+02 -2.558059196e+02 -3.1196e+00 -4.4393e+00 +2.8159e+00
225 +2.218706779e+01 +2.218706779e+01 -2.577629322e+02 -2.577629322e+02 -3.9331e+00 -3.4942e+00 +3.8758e+00
305 +1.256637450e+01 +1.256637450e+01 -2.673836255e+02 -2.673836255e+02 -2.8884e+00 -4.5564e+00 +2.5989e+00
764 +1.225025199e+01 +1.225025199e+01 -2.676997480e+02 -2.676997480e+02 -2.9945e+00 -4.5714e+00 +2.5130e+00
789 +9.254411875e+00 +9.254411875e+00 -2.706955881e+02 -2.706955881e+02 -3.2596e+00 -4.2510e+00 +2.8870e+00
795 +3.566271122e+00 +3.566271122e+00 -2.763837289e+02 -2.763837289e+02 -3.4784e+00 -4.0491e+00 +3.1687e+00
1499 +1.237978546e+00 +1.237978546e+00 -2.787120215e+02 -2.787120215e+02 -3.2550e+00 -4.2818e+00 +2.8901e+00
1895 +1.108083893e+00 +1.108083893e+00 -2.788419161e+02 -2.788419161e+02 -3.3600e+00 -4.1913e+00 +3.0013e+00
1908 +8.108746018e-01 +8.108746018e-01 -2.791391254e+02 -2.791391254e+02 -3.3555e+00 -4.1944e+00 +2.9958e+00
2206 +6.060434256e-01 +6.060434256e-01 -2.793439566e+02 -2.793439566e+02 -3.3678e+00 -4.1821e+00 +3.0102e+00
% function evaluation | noise-free fitness - Fopt (9.319900000000e+02) | best noise-free fitness - Fopt | measured fitness | best measured fitness | x1 | x2...
1 +3.905578211e+02 +3.905578211e+02 +1.322547821e+03 +1.322547821e+03 +0.0000e+00 +0.0000e+00 +0.0000e+00
5 +2.923259785e+02 +2.923259785e+02 +1.224315978e+03 +1.224315978e+03 +4.1221e-01 +1.9885e-01 +6.1407e-01
9 +2.850070635e+02 +2.850070635e+02 +1.216997064e+03 +1.216997064e+03 +1.5941e+00 +2.1878e+00 +9.2865e-02
12 +2.434657479e+02 +2.434657479e+02 +1.175455748e+03 +1.175455748e+03 +4.0568e-01 -5.8895e-01 +1.0550e+00
29 +1.232438587e+02 +1.232438587e+02 +1.055233859e+03 +1.055233859e+03 +1.0921e+00 -7.6950e-01 +3.5119e+00
39 +5.501886557e+01 +5.501886557e+01 +9.870088656e+02 +9.870088656e+02 +8.3587e-01 -2.4846e-01 +2.7680e+00
113 +2.052007422e+01 +2.052007422e+01 +9.525100742e+02 +9.525100742e+02 +1.3091e+00 +1.0271e+00 +2.9709e+00
115 +1.786257952e+01 +1.786257952e+01 +9.498525795e+02 +9.498525795e+02 +1.1587e+00 +3.5204e-01 +2.9430e+00
218 +1.266135461e+01 +1.266135461e+01 +9.446513546e+02 +9.446513546e+02 +1.1824e+00 +6.4530e-01 +3.0482e+00
459 +9.620290993e+00 +9.620290993e+00 +9.416102910e+02 +9.416102910e+02 +1.0838e+00 +3.6647e-01 +3.1113e+00
575 +5.457682696e+00 +5.457682696e+00 +9.374476827e+02 +9.374476827e+02 +1.0883e+00 +3.3319e-01 +3.0861e+00
662 +5.008640751e+00 +5.008640751e+00 +9.369986408e+02 +9.369986408e+02 +1.4680e+00 +1.1654e+00 +2.8878e+00
793 +2.048782608e+00 +2.048782608e+00 +9.340387826e+02 +9.340387826e+02 +1.4409e+00 +1.1242e+00 +2.8438e+00
1393 +1.091089301e+00 +1.091089301e+00 +9.330810893e+02 +9.330810893e+02 +1.2621e+00 +7.0596e-01 +2.9719e+00
1470 +2.367492084e-01 +2.367492084e-01 +9.322267492e+02 +9.322267492e+02 +1.3028e+00 +7.9801e-01 +2.9545e+00
2140 +1.986081296e-01 +1.986081296e-01 +9.321886081e+02 +9.321886081e+02 +1.3086e+00 +8.1285e-01 +2.9482e+00
2365 +1.476151081e-01 +1.476151081e-01 +9.321376151e+02 +9.321376151e+02 +1.3115e+00 +8.2044e-01 +2.9489e+00
2493 +1.259833862e-01 +1.259833862e-01 +9.321159834e+02 +9.321159834e+02 +1.3148e+00 +8.2887e-01 +2.9448e+00
2671 +8.856807019e-02 +8.856807019e-02 +9.320785681e+02 +9.320785681e+02 +1.3158e+00 +8.3109e-01 +2.9443e+00
2761 +4.685013642e-02 +4.685013642e-02 +9.320368501e+02 +9.320368501e+02 +1.3192e+00 +8.3845e-01 +2.9428e+00
2787 +3.209198979e-02 +3.209198979e-02 +9.320220920e+02 +9.320220920e+02 +1.3238e+00 +8.4896e-01 +2.9396e+00
3192 +2.893576770e-02 +2.893576770e-02 +9.320189358e+02 +9.320189358e+02 +1.3203e+00 +8.4095e-01 +2.9417e+00
3348 +2.356575834e-02 +2.356575834e-02 +9.320135658e+02 +9.320135658e+02 +1.3243e+00 +8.5031e-01 +2.9392e+00
3488 +1.934635365e-02 +1.934635365e-02 +9.320093464e+02 +9.320093464e+02 +1.3258e+00 +8.5364e-01 +2.9380e+00
3798 +1.191465654e-02 +1.191465654e-02 +9.320019147e+02 +9.320019147e+02 +1.3278e+00 +8.5838e-01 +2.9368e+00
3824 +8.352887557e-03 +8.352887557e-03 +9.319983529e+02 +9.319983529e+02 +1.3281e+00 +8.5902e-01 +2.9366e+00
4368 +5.481834002e-03 +5.481834002e-03 +9.319954818e+02 +9.319954818e+02 +1.3274e+00 +8.5747e-01 +2.9370e+00
5316 +5.156337194e-03 +5.156337194e-03 +9.319951563e+02 +9.319951563e+02 +1.3272e+00 +8.5709e-01 +2.9371e+00
5650 +5.051879085e-03 +5.051879085e-03 +9.319950519e+02 +9.319950519e+02 +1.3274e+00 +8.5745e-01 +2.9370e+00
5965 +4.915753768e-03 +4.915753768e-03 +9.319949158e+02 +9.319949158e+02 +1.3274e+00 +8.5745e-01 +2.9370e+00
6261 +4.822401518e-03 +4.822401518e-03 +9.319948224e+02 +9.319948224e+02 +1.3274e+00 +8.5746e-01 +2.9370e+00
% function evaluation | noise-free fitness - Fopt (1.133100000000e+02) | best noise-free fitness - Fopt | measured fitness | best measured fitness | x1 | x2...
1 +7.209444707e+02 +7.209444707e+02 +8.342544707e+02 +8.342544707e+02 +0.0000e+00 +0.0000e+00 +0.0000e+00
2 +6.482174619e+02 +6.482174619e+02 +7.615274619e+02 +7.615274619e+02 +1.9599e-01 -1.6449e+00 +2.8573e+00
5 +5.569873156e+02 +5.569873156e+02 +6.702973156e+02 +6.702973156e+02 +1.5657e+00 -2.2895e+00 +3.0298e+00
13 +4.162402300e+02 +4.162402300e+02 +5.295502300e+02 +5.295502300e+02 +2.4997e+00 -2.1349e+00 +4.6233e+00
19 +2.844792509e+02 +2.844792509e+02 +3.977892509e+02 +3.977892509e+02 +1.0718e+00 -2.3125e-01 +4.9264e+00
22 +2.442733546e+02 +2.442733546e+02 +3.575833546e+02 +3.575833546e+02 +1.2452e+00 +4.6514e-01 +4.6991e+00
32 +2.116719814e+02 +2.116719814e+02 +3.249819814e+02 +3.249819814e+02 +2.5945e+00 +2.4332e+00 +2.3432e+00
37 +1.759108775e+02 +1.759108775e+02 +2.892208775e+02 +2.892208775e+02 +1.4111e+00 +5.7823e-01 +3.8578e+00
83 +8.943881935e+01 +8.943881935e+01 +2.027488193e+02 +2.027488193e+02 +1.6630e+00 +1.5966e+00 +2.5983e+00
104 +6.919531850e+01 +6.919531850e+01 +1.825053185e+02 +1.825053185e+02 +1.9936e+00 +1.0795e+00 +2.6688e+00
126 +5.534412736e+01 +5.534412736e+01 +1.686541274e+02 +1.686541274e+02 +2.2355e+00 +1.6861e+00 +2.0137e+00
144 +4.802005766e+01 +4.802005766e+01 +1.613300577e+02 +1.613300577e+02 +1.8194e+00 +3.4776e+00 +5.8153e-01
194 +2.265914998e+01 +2.265914998e+01 +1.359691500e+02 +1.359691500e+02 +2.0458e+00 +3.7959e+00 +1.2309e-02
260 +2.054055709e+01 +2.054055709e+01 +1.338505571e+02 +1.338505571e+02 +2.0669e+00 +3.8404e+00 -1.0398e-02
279 +1.452093363e+01 +1.452093363e+01 +1.278309336e+02 +1.278309336e+02 +2.1934e+00 +3.8468e+00 -9.9900e-02
584 +6.188555163e+00 +6.188555163e+00 +1.194985552e+02 +1.194985552e+02 +2.1406e+00 +3.6006e+00 +1.5160e-01
973 +1.401058575e+00 +1.401058575e+00 +1.147110586e+02 +1.147110586e+02 +2.1369e+00 +3.0433e+00 +6.8972e-01
1085 +8.393043157e-01 +8.393043157e-01 +1.141493043e+02 +1.141493043e+02 +2.1313e+00 +3.0790e+00 +6.5247e-01
1218 +8.268891745e-01 +8.268891745e-01 +1.141368892e+02 +1.141368892e+02 +2.1299e+00 +3.1564e+00 +5.8724e-01
1461 +4.298571269e-01 +4.298571269e-01 +1.137398571e+02 +1.137398571e+02 +2.1366e+00 +3.1658e+00 +5.6278e-01
1698 +3.949390451e-01 +3.949390451e-01 +1.137049390e+02 +1.137049390e+02 +2.1364e+00 +3.1494e+00 +5.8524e-01
2297 +2.167836670e-01 +2.167836670e-01 +1.135267837e+02 +1.135267837e+02 +2.1305e+00 +3.0693e+00 +6.6976e-01
2783 +1.208556063e-01 +1.208556063e-01 +1.134308556e+02 +1.134308556e+02 +2.1317e+00 +3.1043e+00 +6.3402e-01
2837 +9.326709864e-02 +9.326709864e-02 +1.134032671e+02 +1.134032671e+02 +2.1319e+00 +3.1135e+00 +6.2406e-01
3140 +5.886605500e-02 +5.886605500e-02 +1.133688661e+02 +1.133688661e+02 +2.1345e+00 +3.1463e+00 +5.8831e-01
3451 +3.987892767e-02 +3.987892767e-02 +1.133498789e+02 +1.133498789e+02 +2.1327e+00 +3.1213e+00 +6.1508e-01
% function evaluation | noise-free fitness - Fopt (-2.095500000000e+02) | best noise-free fitness - Fopt | measured fitness | best measured fitness | x1 | x2...
1 +9.434242678e+02 +9.434242678e+02 +7.338742678e+02 +7.338742678e+02 +0.0000e+00 +0.0000e+00 +0.0000e+00
2 +9.033559398e+02 +9.033559398e+02 +6.938059398e+02 +6.938059398e+02 -4.9825e-02 +2.5903e-01 +3.3195e-01
3 +4.197871147e+02 +4.197871147e+02 +2.102371147e+02 +2.102371147e+02 -4.8279e+00 +5.6380e-01 -1.6402e+00
22 +3.208646872e+02 +3.208646872e+02 +1.113146872e+02 +1.113146872e+02 -3.2302e+00 +1.4976e+00 -1.6503e+00
34 +3.055905476e+02 +3.055905476e+02 +9.604054758e+01 +9.604054758e+01 -3.4313e+00 +1.4879e+00 -1.7962e+00
35 +6.810944505e+01 +6.810944505e+01 -1.414405549e+02 -1.414405549e+02 -3.4654e+00 +2.7767e+00 -1.8987e+00
62 +2.326363261e+01 +2.326363261e+01 -1.862863674e+02 -1.862863674e+02 -2.9777e+00 +3.2456e+00 -2.7145e+00
438 +9.359841711e+00 +9.359841711e+00 -2.001901583e+02 -2.001901583e+02 -2.9413e+00 +3.1480e+00 -3.7946e+00
579 +5.705614497e+00 +5.705614497e+00 -2.038443855e+02 -2.038443855e+02 -3.0688e+00 +3.1869e+00 -3.1565e+00
808 +2.833308515e+00 +2.833308515e+00 -2.067166915e+02 -2.067166915e+02 -3.0730e+00 +3.1580e+00 -3.1148e+00
881 +1.278207475e+00 +1.278207475e+00 -2.082717925e+02 -2.082717925e+02 -3.1025e+00 +3.1554e+00 -3.0979e+00
1134 +1.141295446e+00 +1.141295446e+00 -2.084087046e+02 -2.084087046e+02 -3.1150e+00 +3.1509e+00 -2.9842e+00
1232 +4.094278507e-01 +4.094278507e-01 -2.091405721e+02 -2.091405721e+02 -3.1016e+00 +3.1480e+00 -3.0897e+00
1587 +3.959204161e-01 +3.959204161e-01 -2.091540796e+02 -2.091540796e+02 -3.1171e+00 +3.1476e+00 -3.0217e+00
1823 +3.884380138e-01 +3.884380138e-01 -2.091615620e+02 -2.091615620e+02 -3.1045e+00 +3.1505e+00 -3.0692e+00
1827 +3.515947857e-01 +3.515947857e-01 -2.091984052e+02 -2.091984052e+02 -3.1132e+00 +3.1487e+00 -3.0266e+00
2030 +2.362912786e-01 +2.362912786e-01 -2.093137087e+02 -2.093137087e+02 -3.0968e+00 +3.1503e+00 -3.1130e+00
2058 +1.585626219e-01 +1.585626219e-01 -2.093914374e+02 -2.093914374e+02 -3.1049e+00 +3.1491e+00 -3.0759e+00
2065 +1.261309996e-01 +1.261309996e-01 -2.094238690e+02 -2.094238690e+02 -3.1026e+00 +3.1493e+00 -3.0935e+00
2203 +8.355451612e-02 +8.355451612e-02 -2.094664455e+02 -2.094664455e+02 -3.0897e+00 +3.1512e+00 -3.1604e+00
2449 +8.184973830e-02 +8.184973830e-02 -2.094681503e+02 -2.094681503e+02 -3.0878e+00 +3.1509e+00 -3.1753e+00
2504 +5.989669259e-02 +5.989669259e-02 -2.094901033e+02 -2.094901033e+02 -3.0947e+00 +3.1501e+00 -3.1357e+00
2533 +3.762459678e-02 +3.762459678e-02 -2.095123754e+02 -2.095123754e+02 -3.0924e+00 +3.1506e+00 -3.1455e+00
2591 +2.476178852e-02 +2.476178852e-02 -2.095252382e+02 -2.095252382e+02 -3.0931e+00 +3.1503e+00 -3.1422e+00
2841 +2.293560962e-02 +2.293560962e-02 -2.095270644e+02 -2.095270644e+02 -3.0803e+00 +3.1517e+00 -3.2126e+00
3000 +1.868069780e-02 +1.868069780e-02 -2.095313193e+02 -2.095313193e+02 -3.0813e+00 +3.1517e+00 -3.2072e+00
3023 +1.568564426e-02 +1.568564426e-02 -2.095343144e+02 -2.095343144e+02 -3.0825e+00 +3.1516e+00 -3.1996e+00
3064 +1.221637337e-02 +1.221637337e-02 -2.095377836e+02 -2.095377836e+02 -3.0840e+00 +3.1515e+00 -3.1921e+00
3386 +6.597612928e-03 +6.597612928e-03 -2.095434024e+02 -2.095434024e+02 -3.0856e+00 +3.1512e+00 -3.1829e+00
3649 +3.777740746e-03 +3.777740746e-03 -2.095462223e+02 -2.095462223e+02 -3.0868e+00 +3.1510e+00 -3.1766e+00
3931 +1.590173083e-03 +1.590173083e-03 -2.095484098e+02 -2.095484098e+02 -3.0840e+00 +3.1514e+00 -3.1921e+00
4730 +1.337855555e-03 +1.337855555e-03 -2.095486621e+02 -2.095486621e+02 -3.0832e+00 +3.1515e+00 -3.1962e+00
5101 +1.206741368e-03 +1.206741368e-03 -2.095487933e+02 -2.095487933e+02 -3.0833e+00 +3.1515e+00 -3.1958e+00
% function evaluation | noise-free fitness - Fopt (2.850000000000e+00) | best noise-free fitness - Fopt | measured fitness | best measured fitness | x1 | x2...
1 +3.939670502e+02 +3.939670502e+02 +3.968170502e+02 +3.968170502e+02 +0.0000e+00 +0.0000e+00 +0.0000e+00
4 +2.022964453e+02 +2.022964453e+02 +2.051464453e+02 +2.051464453e+02 +2.8201e-01 +1.3369e+00 -1.3866e+00
18 +9.528241106e+01 +9.528241106e+01 +9.813241106e+01 +9.813241106e+01 +2.3790e-01 +8.0286e-01 -1.8407e+00
20 +7.562596649e+01 +7.562596649e+01 +7.847596649e+01 +7.847596649e+01 +6.5126e-01 +8.3028e-01 -1.4628e+00
64 +2.879280385e+01 +2.879280385e+01 +3.164280385e+01 +3.164280385e+01 +2.4589e+00 +2.2221e+00 -7.9702e-01
246 +2.384939895e+01 +2.384939895e+01 +2.669939895e+01 +2.669939895e+01 +2.3903e+00 +1.9389e+00 -7.5642e-01
383 +1.255536229e+01 +1.255536229e+01 +1.540536229e+01 +1.540536229e+01 +2.7345e+00 +2.2685e+00 -4.9796e-01
412 +4.447428276e+00 +4.447428276e+00 +7.297428276e+00 +7.297428276e+00 +2.5781e+00 +2.1972e+00 -5.2520e-01
956 +3.082737145e+00 +3.082737145e+00 +5.932737145e+00 +5.932737145e+00 +1.6516e+00 +1.5065e+00 -1.1727e+00
1827 +2.888932015e+00 +2.888932015e+00 +5.738932015e+00 +5.738932015e+00 +1.6407e+00 +1.4993e+00 -1.1785e+00
1846 +2.831272856e+00 +2.831272856e+00 +5.681272856e+00 +5.681272856e+00 +1.6205e+00 +1.4857e+00 -1.1916e+00
1886 +2.717195549e+00 +2.717195549e+00 +5.567195549e+00 +5.567195549e+00 +1.6272e+00 +1.4937e+00 -1.1832e+00
2084 +2.665727103e+00 +2.665727103e+00 +5.515727103e+00 +5.515727103e+00 +1.5954e+00 +1.4689e+00 -1.2058e+00
2313 +2.574204394e+00 +2.574204394e+00 +5.424204394e+00 +5.424204394e+00 +1.6288e+00 +1.4946e+00 -1.1857e+00
2335 +2.567425903e+00 +2.567425903e+00 +5.417425903e+00 +5.417425903e+00 +1.6337e+00 +1.4977e+00 -1.1792e+00
2355 +2.502899640e+00 +2.502899640e+00 +5.352899640e+00 +5.352899640e+00 +1.6366e+00 +1.5010e+00 -1.1794e+00
2358 +2.278800049e+00 +2.278800049e+00 +5.128800049e+00 +5.128800049e+00 +1.6422e+00 +1.5037e+00 -1.1749e+00
2376 +2.203355561e+00 +2.203355561e+00 +5.053355561e+00 +5.053355561e+00 +1.6567e+00 +1.5142e+00 -1.1651e+00
3128 +2.165812987e+00 +2.165812987e+00 +5.015812987e+00 +5.015812987e+00 +1.6545e+00 +1.5126e+00 -1.1670e+00
3627 +2.136120740e+00 +2.136120740e+00 +4.986120740e+00 +4.986120740e+00 +1.6559e+00 +1.5138e+00 -1.1661e+00
% function evaluation | noise-free fitness - Fopt (1.975200000000e+02) | best noise-free fitness - Fopt | measured fitness | best measured fitness | x1 | x2...
1 +5.309843495e+02 +5.309843495e+02 +7.285043495e+02 +7.285043495e+02 +0.0000e+00 +0.0000e+00 +0.0000e+00
3 +2.135148095e+02 +2.135148095e+02 +4.110348095e+02 +4.110348095e+02 +3.1844e+00 -2.3106e+00 -6.6452e+00
30 +1.854310619e+02 +1.854310619e+02 +3.829510619e+02 +3.829510619e+02 +3.5232e+00 -2.3265e+00 -7.5020e+00
46 +1.543184266e+02 +1.543184266e+02 +3.518384266e+02 +3.518384266e+02 +2.4870e+00 -1.9125e+00 -6.0115e+00
57 +6.707465068e+01 +6.707465068e+01 +2.645946507e+02 +2.645946507e+02 +2.9484e+00 -1.5553e+00 -6.9786e+00
120 +6.527749948e+01 +6.527749948e+01 +2.627974995e+02 +2.627974995e+02 +2.5788e+00 -1.0388e+00 -6.5705e+00
132 +5.300701205e+01 +5.300701205e+01 +2.505270120e+02 +2.505270120e+02 +1.1135e+00 -6.3937e-01 -4.8968e+00
165 +5.111977218e+01 +5.111977218e+01 +2.486397722e+02 +2.486397722e+02 +1.5679e+00 -7.9467e-01 -5.4285e+00
186 +1.456936306e+01 +1.456936306e+01 +2.120893631e+02 +2.120893631e+02 +1.7023e+00 -9.7268e-01 -5.3509e+00
291 +9.999367049e+00 +9.999367049e+00 +2.075193670e+02 +2.075193670e+02 +7.2929e-01 -6.4992e-01 -4.0798e+00
513 +5.290707928e+00 +5.290707928e+00 +2.028107079e+02 +2.028107079e+02 +1.5266e-01 -4.6874e-01 -3.3900e+00
851 +1.599524471e+00 +1.599524471e+00 +1.991195245e+02 +1.991195245e+02 -3.8689e-01 -2.6252e-01 -2.7063e+00
1342 +1.519114117e+00 +1.519114117e+00 +1.990391141e+02 +1.990391141e+02 -1.5845e-01 -3.2905e-01 -3.0047e+00
1566 +8.457624095e-01 +8.457624095e-01 +1.983657624e+02 +1.983657624e+02 -5.1531e-02 -3.7465e-01 -3.1331e+00
1787 +4.353088072e-01 +4.353088072e-01 +1.979553088e+02 +1.979553088e+02 -8.6029e-02 -3.5643e-01 -3.0909e+00
1939 +2.606172063e-01 +2.606172063e-01 +1.977806172e+02 +1.977806172e+02 -4.9476e-02 -3.7042e-01 -3.1371e+00
2278 +1.370075263e-01 +1.370075263e-01 +1.976570075e+02 +1.976570075e+02 -7.8538e-02 -3.6007e-01 -3.0984e+00
2557 +1.308496308e-01 +1.308496308e-01 +1.976508496e+02 +1.976508496e+02 -6.7961e-02 -3.6384e-01 -3.1126e+00
2805 +1.035614044e-01 +1.035614044e-01 +1.976235614e+02 +1.976235614e+02 -6.8547e-02 -3.6442e-01 -3.1108e+00
2932 +3.385154485e-02 +3.385154485e-02 +1.975538515e+02 +1.975538515e+02 -6.1934e-02 -3.6635e-01 -3.1198e+00
3403 +3.064236672e-02 +3.064236672e-02 +1.975506424e+02 +1.975506424e+02 -5.4641e-02 -3.6868e-01 -3.1290e+00
3443 +1.432322743e-02 +1.432322743e-02 +1.975343232e+02 +1.975343232e+02 -5.5476e-02 -3.6850e-01 -3.1278e+00
3806 +1.222448320e-02 +1.222448320e-02 +1.975322245e+02 +1.975322245e+02 -5.2618e-02 -3.6947e-01 -3.1315e+00
3836 +1.092214112e-02 +1.092214112e-02 +1.975309221e+02 +1.975309221e+02 -5.2757e-02 -3.6945e-01 -3.1313e+00
4005 +7.085989576e-03 +7.085989576e-03 +1.975270860e+02 +1.975270860e+02 -5.2511e-02 -3.6951e-01 -3.1317e+00
5419 +7.043036877e-03 +7.043036877e-03 +1.975270430e+02 +1.975270430e+02 -5.2983e-02 -3.6936e-01 -3.1310e+00
5608 +6.774859521e-03 +6.774859521e-03 +1.975267749e+02 +1.975267749e+02 -5.2936e-02 -3.6937e-01 -3.1311e+00
% function evaluation | noise-free fitness - Fopt (-1.052700000000e+02) | best noise-free fitness - Fopt | measured fitness | best measured fitness | x1 | x2...
1 +3.290862118e+02 +3.290862118e+02 +2.238162118e+02 +2.238162118e+02 +0.0000e+00 +0.0000e+00 +0.0000e+00
5 +2.782938924e+02 +2.782938924e+02 +1.730238924e+02 +1.730238924e+02 -3.5736e-01 -1.0090e+00 -5.1247e-01
8 +2.495753635e+02 +2.495753635e+02 +1.443053635e+02 +1.443053635e+02 -1.6429e-01 +3.9686e-01 -7.0735e-01
24 +2.294055078e+02 +2.294055078e+02 +1.241355078e+02 +1.241355078e+02 +1.4019e+00 +9.0472e-01 -5.3640e-01
32 +1.163658992e+02 +1.163658992e+02 +1.109589916e+01 +1.109589916e+01 +2.6616e+00 +2.2848e+00 -1.2610e+00
34 +1.118868055e+02 +1.118868055e+02 +6.616805518e+00 +6.616805518e+00 +1.6388e+00 +8.5360e-01 -1.2434e+00
37 +3.623070508e+01 +3.623070508e+01 -6.903929492e+01 -6.903929492e+01 +3.2795e+00 +2.0280e+00 -1.7379e+00
212 +1.870196218e+01 +1.870196218e+01 -8.656803782e+01 -8.656803782e+01 +1.3333e+00 -8.5592e-01 -2.2232e+00
225 +1.764399657e+01 +1.764399657e+01 -8.762600343e+01 -8.762600343e+01 +1.0383e+00 -9.3793e-01 -2.2031e+00
247 +7.523666194e+00 +7.523666194e+00 -9.774633381e+01 -9.774633381e+01 +1.0008e+00 -1.1472e+00 -2.2273e+00
610 +6.187576070e+00 +6.187576070e+00 -9.908242393e+01 -9.908242393e+01 +1.8842e+00 +1.3220e-01 -2.0278e+00
1235 +4.209483016e+00 +4.209483016e+00 -1.010605170e+02 -1.010605170e+02 +1.6385e+00 -2.2839e-01 -2.0561e+00
1247 +1.715452833e+00 +1.715452833e+00 -1.035545472e+02 -1.035545472e+02 +1.4845e+00 -4.0284e-01 -2.0869e+00
1318 +8.075782626e-01 +8.075782626e-01 -1.044624217e+02 -1.044624217e+02 +1.4748e+00 -4.4435e-01 -2.0991e+00
1644 +3.498512455e-01 +3.498512455e-01 -1.049201488e+02 -1.049201488e+02 +1.2910e+00 -6.8337e-01 -2.1311e+00
% function evaluation | noise-free fitness - Fopt (2.833400000000e+02) | best noise-free fitness - Fopt | measured fitness | best measured fitness | x1 | x2...
1 +6.949197721e+02 +6.949197721e+02 +9.782597721e+02 +9.782597721e+02 +0.0000e+00 +0.0000e+00 +0.0000e+00
8 +6.103812749e+02 +6.103812749e+02 +8.937212749e+02 +8.937212749e+02 -4.3357e-01 +1.2828e-01 -2.0909e-01
14 +4.502400847e+02 +4.502400847e+02 +7.335800847e+02 +7.335800847e+02 -1.2595e+00 +4.8880e-01 -8.3969e-02
21 +4.227645545e+02 +4.227645545e+02 +7.061045545e+02 +7.061045545e+02 -1.6011e+00 +5.1581e-01 -6.0141e-01
22 +3.890664779e+02 +3.890664779e+02 +6.724064779e+02 +6.724064779e+02 -1.5226e+00 +7.8226e-01 -5.0153e-02
23 +3.583336239e+02 +3.583336239e+02 +6.416736239e+02 +6.416736239e+02 -2.6282e+00 +1.3114e-01 -4.7911e-01
24 +3.474743649e+02 +3.474743649e+02 +6.308143649e+02 +6.308143649e+02 -2.5830e+00 +5.5381e-01 -6.3016e-01
33 +1.396975074e+02 +1.396975074e+02 +4.230375074e+02 +4.230375074e+02 -3.4953e+00 +9.3007e-01 +6.0288e-01
57 +1.172577618e+02 +1.172577618e+02 +4.005977618e+02 +4.005977618e+02 -2.3297e+00 +3.7095e+00 +7.1949e-02
74 +9.065767490e+01 +9.065767490e+01 +3.739976749e+02 +3.739976749e+02 -2.8216e+00 +2.5606e+00 +7.8640e-01
84 +6.444689668e+01 +6.444689668e+01 +3.477868967e+02 +3.477868967e+02 -2.7647e+00 +2.7747e+00 +1.5353e-01
122 +4.871012260e+01 +4.871012260e+01 +3.320501226e+02 +3.320501226e+02 -3.0040e+00 +2.2380e+00 +5.7849e-01
125 +3.994516183e+01 +3.994516183e+01 +3.232851618e+02 +3.232851618e+02 -3.9113e+00 +1.2234e+00 +1.6439e+00
157 +8.653880406e+00 +8.653880406e+00 +2.919938804e+02 +2.919938804e+02 -4.1318e+00 +2.4966e-01 +2.0889e+00
776 +8.334996766e+00 +8.334996766e+00 +2.916749968e+02 +2.916749968e+02 -3.7301e+00 +1.1414e+00 +1.4599e+00
841 +6.945584118e+00 +6.945584118e+00 +2.902855841e+02 +2.902855841e+02 -4.0270e+00 +3.0517e-01 +1.9962e+00
1070 +4.295373287e+00 +4.295373287e+00 +2.876353733e+02 +2.876353733e+02 -4.1012e+00 +2.5901e-01 +2.0608e+00
1297 +3.821661637e+00 +3.821661637e+00 +2.871616616e+02 +2.871616616e+02 -4.1636e+00 +5.9861e-02 +2.1742e+00
1440 +3.398771436e+00 +3.398771436e+00 +2.867387714e+02 +2.867387714e+02 -4.1404e+00 +1.2352e-01 +2.1441e+00
1659 +2.805694000e+00 +2.805694000e+00 +2.861456940e+02 +2.861456940e+02 -4.1397e+00 +1.2576e-01 +2.1389e+00
1773 +2.751675635e+00 +2.751675635e+00 +2.860916756e+02 +2.860916756e+02 -4.1235e+00 +1.7700e-01 +2.1106e+00
1872 +1.800672481e+00 +1.800672481e+00 +2.851406725e+02 +2.851406725e+02 -4.0745e+00 +2.8736e-01 +2.0357e+00
1952 +1.641455268e+00 +1.641455268e+00 +2.849814553e+02 +2.849814553e+02 -4.0298e+00 +3.7426e-01 +1.9756e+00
1970 +1.284639275e+00 +1.284639275e+00 +2.846246393e+02 +2.846246393e+02 -4.0279e+00 +3.8720e-01 +1.9642e+00
2113 +1.224354612e+00 +1.224354612e+00 +2.845643546e+02 +2.845643546e+02 -4.0456e+00 +3.4904e-01 +1.9917e+00
2310 +1.051861565e+00 +1.051861565e+00 +2.843918616e+02 +2.843918616e+02 -4.0229e+00 +3.9935e-01 +1.9576e+00
2337 +8.490823696e-01 +8.490823696e-01 +2.841890824e+02 +2.841890824e+02 -4.0142e+00 +4.1929e-01 +1.9455e+00
2373 +7.200339724e-01 +7.200339724e-01 +2.840600340e+02 +2.840600340e+02 -4.0016e+00 +4.4744e-01 +1.9270e+00
2581 +7.000491311e-01 +7.000491311e-01 +2.840400491e+02 +2.840400491e+02 -4.0085e+00 +4.3153e-01 +1.9381e+00
3073 +6.818236095e-01 +6.818236095e-01 +2.840218236e+02 +2.840218236e+02 -4.0084e+00 +4.3299e-01 +1.9376e+00
3160 +6.672443802e-01 +6.672443802e-01 +2.840072444e+02 +2.840072444e+02 -4.0054e+00 +4.3896e-01 +1.9336e+00
3208 +6.530975837e-01 +6.530975837e-01 +2.839930976e+02 +2.839930976e+02 -4.0051e+00 +4.3970e-01 +1.9330e+00
3261 +6.433914605e-01 +6.433914605e-01 +2.839833915e+02 +2.839833915e+02 -4.0053e+00 +4.3958e-01 +1.9330e+00
3493 +6.222166009e-01 +6.222166009e-01 +2.839622166e+02 +2.839622166e+02 -4.0039e+00 +4.4297e-01 +1.9309e+00
4053 +6.159672646e-01 +6.159672646e-01 +2.839559673e+02 +2.839559673e+02 -4.0035e+00 +4.4359e-01 +1.9305e+00
% function evaluation | noise-free fitness - Fopt (-8.171000000000e+01) | best noise-free fitness - Fopt | measured fitness | best measured fitness | x1 | x2...
1 +8.880090601e+02 +8.880090601e+02 +8.062990601e+02 +8.062990601e+02 +0.0000e+00 +0.0000e+00 +0.0000e+00
3 +8.201683415e+02 +8.201683415e+02 +7.384583415e+02 +7.384583415e+02 -4.1615e-01 -1.0302e+00 +3.0588e+00
10 +5.982249804e+02 +5.982249804e+02 +5.165149804e+02 +5.165149804e+02 -7.7162e-01 -1.9233e-01 +2.3739e+00
11 +4.047262046e+02 +4.047262046e+02 +3.230162046e+02 +3.230162046e+02 -3.1398e-01 +9.4448e-01 +2.6966e+00
15 +2.988344836e+02 +2.988344836e+02 +2.171244836e+02 +2.171244836e+02 -3.2928e-01 +1.9435e+00 +3.9087e+00
17 +2.376058187e+02 +2.376058187e+02 +1.558958187e+02 +1.558958187e+02 -1.2182e+00 +2.1578e+00 +2.3033e+00
36 +7.497510135e+01 +7.497510135e+01 -6.734898648e+00 -6.734898648e+00 -3.2241e+00 +2.6466e+00 +2.8970e+00
99 +6.813818515e+01 +6.813818515e+01 -1.357181485e+01 -1.357181485e+01 -1.1158e+00 +3.1885e+00 +3.6104e+00
107 +4.784498831e+01 +4.784498831e+01 -3.386501169e+01 -3.386501169e+01 -1.0374e+00 +3.1531e+00 +3.5429e+00
135 +2.998315892e+01 +2.998315892e+01 -5.172684108e+01 -5.172684108e+01 -1.9604e+00 +2.6403e+00 +3.0066e+00
353 +1.658190991e+01 +1.658190991e+01 -6.512809009e+01 -6.512809009e+01 +1.6690e-01 +3.1913e+00 +3.8000e+00
398 +1.431432633e+01 +1.431432633e+01 -6.739567367e+01 -6.739567367e+01 -2.2796e+00 +2.6641e+00 +2.8751e+00
455 +1.267047410e+01 +1.267047410e+01 -6.903952590e+01 -6.903952590e+01 -4.0227e+00 +2.4405e+00 +2.2976e+00
484 +1.218879442e+01 +1.218879442e+01 -6.952120558e+01 -6.952120558e+01 -3.8579e+00 +2.4794e+00 +2.3770e+00
502 +9.407388545e+00 +9.407388545e+00 -7.230261145e+01 -7.230261145e+01 -3.2010e+00 +2.5787e+00 +2.5781e+00
632 +5.262621508e+00 +5.262621508e+00 -7.644737849e+01 -7.644737849e+01 -2.6950e+00 +2.6733e+00 +2.7822e+00
843 +2.559713122e+00 +2.559713122e+00 -7.915028688e+01 -7.915028688e+01 -2.1141e+00 +2.7588e+00 +2.9902e+00
2040 +2.498359057e+00 +2.498359057e+00 -7.921164094e+01 -7.921164094e+01 -1.6987e+00 +2.8433e+00 +3.1363e+00
2308 +2.290253325e+00 +2.290253325e+00 -7.941974667e+01 -7.941974667e+01 -1.7450e+00 +2.8335e+00 +3.1196e+00
2761 +2.190593354e+00 +2.190593354e+00 -7.951940665e+01 -7.951940665e+01 -1.7565e+00 +2.8313e+00 +3.1149e+00
3009 +2.142472762e+00 +2.142472762e+00 -7.956752724e+01 -7.956752724e+01 -1.7696e+00 +2.8284e+00 +3.1099e+00
3027 +2.123702925e+00 +2.123702925e+00 -7.958629708e+01 -7.958629708e+01 -1.7767e+00 +2.8268e+00 +3.1073e+00
3174 +2.069078691e+00 +2.069078691e+00 -7.964092131e+01 -7.964092131e+01 -1.7905e+00 +2.8241e+00 +3.1025e+00
3851 +2.037099174e+00 +2.037099174e+00 -7.967290083e+01 -7.967290083e+01 -1.7892e+00 +2.8247e+00 +3.1032e+00
% function evaluation | noise-free fitness - Fopt (2.941500000000e+02) | best noise-free fitness - Fopt | measured fitness | best measured fitness | x1 | x2...
1 +6.369328823e+02 +6.369328823e+02 +9.310828823e+02 +9.310828823e+02 +0.0000e+00 +0.0000e+00 +0.0000e+00
2 +5.363742475e+02 +5.363742475e+02 +8.305242475e+02 +8.305242475e+02 +2.7668e+00 +1.2634e+00 +1.5596e+00
7 +4.046723506e+02 +4.046723506e+02 +6.988223506e+02 +6.988223506e+02 +5.1316e-01 -2.0692e+00 -2.3280e+00
9 +4.632306025e+01 +4.632306025e+01 +3.404730602e+02 +3.404730602e+02 +1.7505e+00 -1.0395e+00 -9.0563e-01
204 +1.379712363e+01 +1.379712363e+01 +3.079471236e+02 +3.079471236e+02 +1.7194e+00 -1.1192e+00 -6.7180e-01
495 +1.290253543e+01 +1.290253543e+01 +3.070525354e+02 +3.070525354e+02 +1.9657e+00 -7.7975e-01 -7.2742e-01
504 +1.213316003e+01 +1.213316003e+01 +3.062831600e+02 +3.062831600e+02 +1.9106e+00 -8.5755e-01 -6.8892e-01
544 +7.197493431e+00 +7.197493431e+00 +3.013474934e+02 +3.013474934e+02 +2.1548e+00 -3.9666e-01 -8.8580e-01
568 +2.516753328e+00 +2.516753328e+00 +2.966667533e+02 +2.966667533e+02 +2.4278e+00 +7.8784e-02 -1.1059e+00
715 +1.670716770e+00 +1.670716770e+00 +2.958207168e+02 +2.958207168e+02 +2.9299e+00 +9.6776e-01 -1.4860e+00
1354 +1.550297674e+00 +1.550297674e+00 +2.957002977e+02 +2.957002977e+02 +2.9364e+00 +9.7853e-01 -1.4889e+00
1441 +8.792249251e-01 +8.792249251e-01 +2.950292249e+02 +2.950292249e+02 +2.5645e+00 +3.3629e-01 -1.2205e+00
1637 +4.902560497e-01 +4.902560497e-01 +2.946402560e+02 +2.946402560e+02 +2.5740e+00 +3.4626e-01 -1.2225e+00
1649 +2.706755657e-01 +2.706755657e-01 +2.944206756e+02 +2.944206756e+02 +2.5726e+00 +3.4384e-01 -1.2228e+00
1658 +1.804775844e-01 +1.804775844e-01 +2.943304776e+02 +2.943304776e+02 +2.5878e+00 +3.7239e-01 -1.2361e+00
2200 +1.541636484e-01 +1.541636484e-01 +2.943041636e+02 +2.943041636e+02 +2.5795e+00 +3.5671e-01 -1.2287e+00
2311 +1.211819289e-01 +1.211819289e-01 +2.942711819e+02 +2.942711819e+02 +2.5816e+00 +3.6092e-01 -1.2317e+00
2386 +1.166639693e-01 +1.166639693e-01 +2.942666640e+02 +2.942666640e+02 +2.5731e+00 +3.4451e-01 -1.2249e+00
2407 +1.147211124e-01 +1.147211124e-01 +2.942647211e+02 +2.942647211e+02 +2.5720e+00 +3.4280e-01 -1.2235e+00
2439 +9.875557092e-02 +9.875557092e-02 +2.942487556e+02 +2.942487556e+02 +2.5673e+00 +3.3462e-01 -1.2209e+00
2834 +9.427421416e-02 +9.427421416e-02 +2.942442742e+02 +2.942442742e+02 +2.5692e+00 +3.3900e-01 -1.2225e+00
2882 +8.709364774e-02 +8.709364774e-02 +2.942370936e+02 +2.942370936e+02 +2.5710e+00 +3.4211e-01 -1.2237e+00
2927 +2.572223541e-02 +2.572223541e-02 +2.941757222e+02 +2.941757222e+02 +2.5739e+00 +3.4656e-01 -1.2255e+00
3115 +2.466103936e-02 +2.466103936e-02 +2.941746610e+02 +2.941746610e+02 +2.5700e+00 +3.3999e-01 -1.2227e+00
3456 +2.349607776e-02 +2.349607776e-02 +2.941734961e+02 +2.941734961e+02 +2.5659e+00 +3.3272e-01 -1.2197e+00
3708 +1.864364210e-02 +1.864364210e-02 +2.941686436e+02 +2.941686436e+02 +2.5685e+00 +3.3726e-01 -1.2216e+00
3821 +1.779027025e-02 +1.779027025e-02 +2.941677903e+02 +2.941677903e+02 +2.5677e+00 +3.3579e-01 -1.2210e+00
3830 +1.504889657e-02 +1.504889657e-02 +2.941650489e+02 +2.941650489e+02 +2.5676e+00 +3.3559e-01 -1.2209e+00
4376 +1.403943872e-02 +1.403943872e-02 +2.941640394e+02 +2.941640394e+02 +2.5676e+00 +3.3553e-01 -1.2209e+00
5048 +1.371955336e-02 +1.371955336e-02 +2.941637196e+02 +2.941637196e+02 +2.5672e+00 +3.3490e-01 -1.2206e+00
5093 +1.322912459e-02 +1.322912459e-02 +2.941632291e+02 +2.941632291e+02 +2.5672e+00 +3.3489e-01 -1.2206e+00
5420 +1.301190328e-02 +1.301190328e-02 +2.941630119e+02 +2.941630119e+02 +2.5672e+00 +3.3484e-01 -1.2206e+00
% function evaluation | noise-free fitness - Fopt (-2.703600000000e+02) | best noise-free fitness - Fopt | measured fitness | best measured fitness | x1 | x2...
1 +2.254888047e+02 +2.254888047e+02 -4.487119533e+01 -4.487119533e+01 +0.0000e+00 +0.0000e+00 +0.0000e+00
21 +1.502923276e+02 +1.502923276e+02 -1.200676724e+02 -1.200676724e+02 -2.1691e+00 +4.0269e-01 -6.6754e-01
35 +7.519470352e+01 +7.519470352e+01 -1.951652965e+02 -1.951652965e+02 -2.5323e+00 -4.1784e-02 -2.0395e+00
58 +3.609476878e+01 +3.609476878e+01 -2.342652312e+02 -2.342652312e+02 -3.2376e+00 +2.8162e-01 -2.8637e+00
66 +2.114381841e+01 +2.114381841e+01 -2.492161816e+02 -2.492161816e+02 -4.0884e+00 +8.1052e-01 -3.6664e+00
375 +1.812622896e+01 +1.812622896e+01 -2.522337710e+02 -2.522337710e+02 -3.8921e+00 +7.5148e-01 -3.4728e+00
443 +8.590654623e+00 +8.590654623e+00 -2.617693454e+02 -2.617693454e+02 -3.2328e+00 +5.0778e-01 -2.9118e+00
512 +7.856915939e+00 +7.856915939e+00 -2.625030841e+02 -2.625030841e+02 -3.0017e+00 +3.7262e-01 -2.7113e+00
668 +6.005075681e+00 +6.005075681e+00 -2.643549243e+02 -2.643549243e+02 -2.8758e+00 +3.8257e-01 -2.5075e+00
2064 +5.815208342e+00 +5.815208342e+00 -2.645447917e+02 -2.645447917e+02 -2.7260e+00 +3.3228e-01 -2.3694e+00
2081 +5.610724390e+00 +5.610724390e+00 -2.647492756e+02 -2.647492756e+02 -2.7368e+00 +3.3276e-01 -2.3840e+00
2105 +5.374514935e+00 +5.374514935e+00 -2.649854851e+02 -2.649854851e+02 -2.7441e+00 +3.3505e-01 -2.3893e+00
2131 +5.346665284e+00 +5.346665284e+00 -2.650133347e+02 -2.650133347e+02 -2.7523e+00 +3.3852e-01 -2.3975e+00
2187 +5.201785262e+00 +5.201785262e+00 -2.651582147e+02 -2.651582147e+02 -2.7932e+00 +3.4523e-01 -2.4469e+00
2197 +5.054685447e+00 +5.054685447e+00 -2.653053146e+02 -2.653053146e+02 -2.7970e+00 +3.4691e-01 -2.4500e+00
2213 +4.981331054e+00 +4.981331054e+00 -2.653786689e+02 -2.653786689e+02 -2.7900e+00 +3.4568e-01 -2.4380e+00
2228 +4.787945646e+00 +4.787945646e+00 -2.655720544e+02 -2.655720544e+02 -2.7855e+00 +3.4585e-01 -2.4339e+00
2328 +4.708266188e+00 +4.708266188e+00 -2.656517338e+02 -2.656517338e+02 -2.7965e+00 +3.4840e-01 -2.4450e+00
2371 +4.613423834e+00 +4.613423834e+00 -2.657465762e+02 -2.657465762e+02 -2.7999e+00 +3.5041e-01 -2.4485e+00
2575 +4.562017415e+00 +4.562017415e+00 -2.657979826e+02 -2.657979826e+02 -2.8052e+00 +3.5161e-01 -2.4535e+00
2652 +4.405048121e+00 +4.405048121e+00 -2.659549519e+02 -2.659549519e+02 -2.8207e+00 +3.5633e-01 -2.4698e+00
2709 +4.353464924e+00 +4.353464924e+00 -2.660065351e+02 -2.660065351e+02 -2.8239e+00 +3.5564e-01 -2.4739e+00
2930 +4.236993963e+00 +4.236993963e+00 -2.661230060e+02 -2.661230060e+02 -2.8243e+00 +3.5641e-01 -2.4744e+00
3467 +4.166107906e+00 +4.166107906e+00 -2.661938921e+02 -2.661938921e+02 -2.8318e+00 +3.5849e-01 -2.4821e+00
% function evaluation | noise-free fitness - Fopt (-6.645000000000e+01) | best noise-free fitness - Fopt | measured fitness | best measured fitness | x1 | x2...
1 +5.612135093e+02 +5.612135093e+02 +4.947635093e+02 +4.947635093e+02 +0.0000e+00 +0.0000e+00 +0.0000e+00
2 +1.584707610e+02 +1.584707610e+02 +9.202076098e+01 +9.202076098e+01 +1.2960e+00 +9.4775e-01 -1.3891e+00
13 +8.692221303e+01 +8.692221303e+01 +2.047221303e+01 +2.047221303e+01 +2.1704e+00 +1.6272e+00 -1.2368e-01
50 +8.447151758e+01 +8.447151758e+01 +1.802151758e+01 +1.802151758e+01 +2.0115e+00 +2.2320e+00 +5.7480e-01
60 +8.183810472e+01 +8.183810472e+01 +1.538810472e+01 +1.538810472e+01 +1.9359e+00 +1.2611e+00 -3.4573e-01
83 +3.362117636e+01 +3.362117636e+01 -3.282882364e+01 -3.282882364e+01 +2.1314e+00 +2.0209e+00 -2.6145e-01
200 +2.033664902e+01 +2.033664902e+01 -4.611335098e+01 -4.611335098e+01 +2.1086e+00 +2.0522e+00 -8.9539e-02
350 +1.857843352e+01 +1.857843352e+01 -4.787156648e+01 -4.787156648e+01 +2.7666e+00 +4.6082e+00 +2.3679e+00
427 +1.757789699e+01 +1.757789699e+01 -4.887210301e+01 -4.887210301e+01 +2.8079e+00 +4.4191e+00 +2.2271e+00
475 +1.378390778e+01 +1.378390778e+01 -5.266609222e+01 -5.266609222e+01 +2.8538e+00 +4.7213e+00 +2.3167e+00
481 +9.074946773e+00 +9.074946773e+00 -5.737505323e+01 -5.737505323e+01 +2.6546e+00 +4.1030e+00 +1.7489e+00
490 +3.934138978e+00 +3.934138978e+00 -6.251586102e+01 -6.251586102e+01 +2.8520e+00 +4.7274e+00 +2.4051e+00
% function evaluation | noise-free fitness - Fopt (2.509000000000e+01) | best noise-free fitness - Fopt | measured fitness | best measured fitness | x1 | x2...
1 +8.563842623e+02 +8.563842623e+02 +8.814742623e+02 +8.814742623e+02 +0.0000e+00 +0.0000e+00 +0.0000e+00
4 +5.240869607e+02 +5.240869607e+02 +5.491769607e+02 +5.491769607e+02 +1.1923e+00 -1.9306e+00 -7.7923e-01
7 +4.537000785e+02 +4.537000785e+02 +4.787900785e+02 +4.787900785e+02 +9.8499e-01 -7.4188e-01 +1.0980e+00
8 +1.352797382e+02 +1.352797382e+02 +1.603697382e+02 +1.603697382e+02 +2.1262e+00 -3.5187e+00 +1.3178e+00
63 +6.194262648e+01 +6.194262648e+01 +8.703262648e+01 +8.703262648e+01 +2.6886e+00 +1.9536e-01 +9.6977e-01
94 +2.071386722e+01 +2.071386722e+01 +4.580386722e+01 +4.580386722e+01 +2.8611e+00 -3.3095e-01 +5.6259e-01
365 +1.154223045e+01 +1.154223045e+01 +3.663223045e+01 +3.663223045e+01 +3.3395e+00 +1.2120e+00 +2.4221e-01
703 +6.038515122e+00 +6.038515122e+00 +3.112851512e+01 +3.112851512e+01 +3.3730e+00 +1.3944e+00 +1.8438e-01
757 +4.391420203e+00 +4.391420203e+00 +2.948142020e+01 +2.948142020e+01 +3.3211e+00 +1.2944e+00 +2.4843e-01
762 +2.436170887e+00 +2.436170887e+00 +2.752617089e+01 +2.752617089e+01 +3.3097e+00 +1.2499e+00 +2.4392e-01
1010 +2.171659424e+00 +2.171659424e+00 +2.726165942e+01 +2.726165942e+01 +3.0106e+00 +3.1093e-01 +5.2974e-01
1324 +1.951849429e+00 +1.951849429e+00 +2.704184943e+01 +2.704184943e+01 +3.0784e+00 +4.9224e-01 +4.8132e-01
1384 +1.487456741e+00 +1.487456741e+00 +2.657745674e+01 +2.657745674e+01 +3.0317e+00 +3.7247e-01 +5.2906e-01
1464 +1.182217360e+00 +1.182217360e+00 +2.627221736e+01 +2.627221736e+01 +3.0172e+00 +3.3081e-01 +5.3762e-01
1573 +1.131801660e+00 +1.131801660e+00 +2.622180166e+01 +2.622180166e+01 +3.0184e+00 +3.2284e-01 +5.3883e-01
1697 +8.976192175e-01 +8.976192175e-01 +2.598761922e+01 +2.598761922e+01 +3.0398e+00 +3.9881e-01 +5.0937e-01
1728 +4.443384425e-01 +4.443384425e-01 +2.553433844e+01 +2.553433844e+01 +3.0552e+00 +4.4351e-01 +4.9618e-01
1748 +3.267090691e-01 +3.267090691e-01 +2.541670907e+01 +2.541670907e+01 +3.0547e+00 +4.3389e-01 +4.9574e-01
1828 +2.411098876e-01 +2.411098876e-01 +2.533110989e+01 +2.533110989e+01 +3.0845e+00 +5.3031e-01 +4.6832e-01
1830 +1.842509000e-01 +1.842509000e-01 +2.527425090e+01 +2.527425090e+01 +3.0834e+00 +5.2870e-01 +4.6686e-01
2087 +1.335622730e-01 +1.335622730e-01 +2.522356227e+01 +2.522356227e+01 +3.0654e+00 +4.7075e-01 +4.8627e-01
2239 +5.629370543e-02 +5.629370543e-02 +2.514629371e+01 +2.514629371e+01 +3.0745e+00 +4.9916e-01 +4.7680e-01
