% function evaluation | noise-free fitness - Fopt (-1.694000000000e+01) | best noise-free fitness - Fopt | measured fitness | best measured fitness | x1 | x2...
1 +1.275492373e+03 +1.275492373e+03 +1.258552373e+03 +1.258552373e+03 +0.0000e+00 +0.0000e+00
3 +1.109105461e+03 +1.109105461e+03 +1.092165461e+03 +1.092165461e+03 +3.7941e-02 +6.2832e-01
6 +2.155717452e+02 +2.155717452e+02 +1.986317452e+02 +1.986317452e+02 +8.9155e-01 +3.2755e+00
7 +6.126479886e+00 +6.126479886e+00 -1.081352011e+01 -1.081352011e+01 +3.1442e+00 +4.5152e+00
67 +1.447544697e+00 +1.447544697e+00 -1.549245530e+01 -1.549245530e+01 +3.5363e+00 +2.8344e+00
189 +7.984389439e-01 +7.984389439e-01 -1.614156106e+01 -1.614156106e+01 +3.4370e+00 +3.1771e+00
256 +6.758810759e-01 +6.758810759e-01 -1.626411892e+01 -1.626411892e+01 +3.5477e+00 +2.8491e+00
310 +4.876318469e-01 +4.876318469e-01 -1.645236815e+01 -1.645236815e+01 +3.5841e+00 +2.7666e+00
348 +1.653458627e-01 +1.653458627e-01 -1.677465414e+01 -1.677465414e+01 +3.6879e+00 +2.3925e+00
869 +9.779625880e-02 +9.779625880e-02 -1.684220374e+01 -1.684220374e+01 +3.6744e+00 +2.4655e+00
1547 +9.765914086e-02 +9.765914086e-02 -1.684234086e+01 -1.684234086e+01 +3.6527e+00 +2.5481e+00
2093 +5.851041954e-02 +5.851041954e-02 -1.688148958e+01 -1.688148958e+01 +3.6676e+00 +2.4927e+00
2158 +3.490835460e-02 +3.490835460e-02 -1.690509165e+01 -1.690509165e+01 +3.6530e+00 +2.5570e+00
2160 +3.463424553e-02 +3.463424553e-02 -1.690536575e+01 -1.690536575e+01 +3.6608e+00 +2.5300e+00
2162 +3.290234680e-02 +3.290234680e-02 -1.690709765e+01 -1.690709765e+01 +3.6590e+00 +2.5309e+00
2212 +3.196233478e-02 +3.196233478e-02 -1.690803767e+01 -1.690803767e+01 +3.6588e+00 +2.5342e+00
2223 +1.772139136e-02 +1.772139136e-02 -1.692227861e+01 -1.692227861e+01 +3.6535e+00 +2.5573e+00
2344 +6.061923973e-03 +6.061923973e-03 -1.693393808e+01 -1.693393808e+01 +3.6554e+00 +2.5517e+00
2455 +3.067117449e-03 +3.067117449e-03 -1.693693288e+01 -1.693693288e+01 +3.6553e+00 +2.5526e+00
2762 +3.326918849e-04 +3.326918849e-04 -1.693966731e+01 -1.693966731e+01 +3.6560e+00 +2.5497e+00
3657 +2.341699579e-04 +2.341699579e-04 -1.693976583e+01 -1.693976583e+01 +3.6560e+00 +2.5495e+00
3723 +2.087021705e-04 +2.087021705e-04 -1.693979130e+01 -1.693979130e+01 +3.6560e+00 +2.5496e+00
3818 +1.146998782e-04 +1.146998782e-04 -1.693988530e+01 -1.693988530e+01 +3.6560e+00 +2.5495e+00
4011 +2.886931500e-05 +2.886931500e-05 -1.693997113e+01 -1.693997113e+01 +3.6560e+00 +2.5496e+00
4283 +2.625274997e-05 +2.625274997e-05 -1.693997375e+01 -1.693997375e+01 +3.6560e+00 +2.5496e+00
4529 +2.301616560e-05 +2.301616560e-05 -1.693997698e+01 -1.693997698e+01 +3.6560e+00 +2.5496e+00
4732 +1.137611891e-05 +1.137611891e-05 -1.693998862e+01 -1.693998862e+01 +3.6560e+00 +2.5496e+00
% function evaluation | noise-free fitness - Fopt (1.881000000000e+01) | best noise-free fitness - Fopt | measured fitness | best measured fitness | x1 | x2...
1 +2.061503494e+02 +2.061503494e+02 +2.249603494e+02 +2.249603494e+02 +0.0000e+00 +0.0000e+00
4 +1.290476694e+02 +1.290476694e+02 +1.478576694e+02 +1.478576694e+02 +4.6144e-01 -6.8294e-01
5 +6.002281244e+01 +6.002281244e+01 +7.883281244e+01 +7.883281244e+01 -5.0898e-01 +5.8072e-01
10 +3.576113611e+01 +3.576113611e+01 +5.457113611e+01 +5.457113611e+01 -6.5089e-01 +8.9832e-01
12 +2.718431311e+01 +2.718431311e+01 +4.599431311e+01 +4.599431311e+01 -1.1954e+00 +1.2068e+00
21 +1.377658912e+01 +1.377658912e+01 +3.258658912e+01 +3.258658912e+01 -5.5717e-01 +1.6871e+00
26 +4.053325524e+00 +4.053325524e+00 +2.286332552e+01 +2.286332552e+01 -4.7290e-01 +1.7582e+00
50 +2.671315059e+00 +2.671315059e+00 +2.148131506e+01 +2.148131506e+01 +1.8304e-02 +1.7761e+00
89 +2.372046636e+00 +2.372046636e+00 +2.118204664e+01 +2.118204664e+01 +1.0812e+00 +1.7902e+00
116 +2.140778469e+00 +2.140778469e+00 +2.095077847e+01 +2.095077847e+01 -6.1254e-01 +1.8322e+00
212 +1.518037552e+00 +1.518037552e+00 +2.032803755e+01 +2.032803755e+01 -1.3431e+00 +1.8564e+00
280 +1.505428433e+00 +1.505428433e+00 +2.031542843e+01 +2.031542843e+01 -1.4136e+00 +1.8144e+00
287 +7.426013263e-01 +7.426013263e-01 +1.955260133e+01 +1.955260133e+01 -9.0120e-01 +1.8067e+00
336 +5.935345540e-01 +5.935345540e-01 +1.940353455e+01 +1.940353455e+01 -3.6112e-01 +1.7794e+00
413 +5.283900826e-01 +5.283900826e-01 +1.933839008e+01 +1.933839008e+01 -3.3423e-01 +1.8032e+00
425 +3.716293683e-01 +3.716293683e-01 +1.918162937e+01 +1.918162937e+01 -4.3164e-01 +1.8002e+00
571 +1.645530221e-01 +1.645530221e-01 +1.897455302e+01 +1.897455302e+01 -1.4494e-01 +1.7684e+00
654 +1.080420872e-01 +1.080420872e-01 +1.891804209e+01 +1.891804209e+01 -1.8093e-01 +1.7812e+00
794 +4.270473413e-02 +4.270473413e-02 +1.885270473e+01 +1.885270473e+01 -1.8028e-01 +1.7803e+00
1026 +1.883042440e-02 +1.883042440e-02 +1.882883042e+01 +1.882883042e+01 -1.7273e-01 +1.7783e+00
1314 +1.832435173e-02 +1.832435173e-02 +1.882832435e+01 +1.882832435e+01 -2.0526e-01 +1.7813e+00
1446 +1.729297058e-02 +1.729297058e-02 +1.882729297e+01 +1.882729297e+01 -1.7172e-01 +1.7780e+00
1584 +1.658906726e-02 +1.658906726e-02 +1.882658907e+01 +1.882658907e+01 -1.9149e-01 +1.7803e+00
1766 +8.483745278e-03 +8.483745278e-03 +1.881848375e+01 +1.881848375e+01 -1.8349e-01 +1.7797e+00
1913 +5.097992382e-03 +5.097992382e-03 +1.881509799e+01 +1.881509799e+01 -1.9218e-01 +1.7807e+00
1915 +3.911412011e-03 +3.911412011e-03 +1.881391141e+01 +1.881391141e+01 -1.8926e-01 +1.7805e+00
1978 +3.114709771e-03 +3.114709771e-03 +1.881311471e+01 +1.881311471e+01 -1.8976e-01 +1.7808e+00
2156 +2.265524856e-03 +2.265524856e-03 +1.881226552e+01 +1.881226552e+01 -1.9231e-01 +1.7809e+00
2297 +1.187672425e-03 +1.187672425e-03 +1.881118767e+01 +1.881118767e+01 -1.9167e-01 +1.7809e+00
2577 +9.844154682e-04 +9.844154682e-04 +1.881098442e+01 +1.881098442e+01 -1.9036e-01 +1.7807e+00
2736 +2.295833604e-04 +2.295833604e-04 +1.881022958e+01 +1.881022958e+01 -1.9141e-01 +1.7808e+00
3220 +1.665238938e-04 +1.665238938e-04 +1.881016652e+01 +1.881016652e+01 -1.9116e-01 +1.7808e+00
3252 +1.496257922e-04 +1.496257922e-04 +1.881014963e+01 +1.881014963e+01 -1.9122e-01 +1.7808e+00
3401 +1.163777132e-04 +1.163777132e-04 +1.881011638e+01 +1.881011638e+01 -1.9117e-01 +1.7808e+00
3487 +3.074693071e-05 +3.074693071e-05 +1.881003075e+01 +1.881003075e+01 -1.9121e-01 +1.7808e+00
3507 +2.924630495e-05 +2.924630495e-05 +1.881002925e+01 +1.881002925e+01 -1.9119e-01 +1.7808e+00
3704 +2.880561263e-05 +2.880561263e-05 +1.881002881e+01 +1.881002881e+01 -1.9118e-01 +1.7808e+00
3997 +6.864262478e-06 +6.864262478e-06 +1.881000686e+01 +1.881000686e+01 -1.9120e-01 +1.7808e+00
4172 +2.527868919e-06 +2.527868919e-06 +1.881000253e+01 +1.881000253e+01 -1.9120e-01 +1.7808e+00
4388 +9.444269757e-07 +9.444269757e-07 +1.881000094e+01 +1.881000094e+01 -1.9120e-01 +1.7808e+00
4599 +8.891718828e-07 +8.891718828e-07 +1.881000089e+01 +1.881000089e+01 -1.9120e-01 +1.7808e+00
4613 +5.822180000e-07 +5.822180000e-07 +1.881000058e+01 +1.881000058e+01 -1.9120e-01 +1.7808e+00
4853 +5.635902021e-07 +5.635902021e-07 +1.881000056e+01 +1.881000056e+01 -1.9120e-01 +1.7808e+00
4906 +4.992671556e-07 +4.992671556e-07 +1.881000050e+01 +1.881000050e+01 -1.9120e-01 +1.7808e+00
5126 +1.896681994e-07 +1.896681994e-07 +1.881000019e+01 +1.881000019e+01 -1.9120e-01 +1.7808e+00
5330 +1.816548618e-07 +1.816548618e-07 +1.881000018e+01 +1.881000018e+01 -1.9120e-01 +1.7808e+00
5498 +1.718297433e-07 +1.718297433e-07 +1.881000017e+01 +1.881000017e+01 -1.9120e-01 +1.7808e+00
5499 +8.153356390e-08 +8.153356390e-08 +1.881000008e+01 +1.881000008e+01 -1.9120e-01 +1.7808e+00
5500 +4.607182191e-08 +4.607182191e-08 +1.881000005e+01 +1.881000005e+01 -1.9120e-01 +1.7808e+00
5663 +4.371878504e-08 +4.371878504e-08 +1.881000004e+01 +1.881000004e+01 -1.9120e-01 +1.7808e+00
5807 +1.844216868e-08 +1.844216868e-08 +1.881000002e+01 +1.881000002e+01 -1.9120e-01 +1.7808e+00
5870 +1.543808281e-08 +1.543808281e-08 +1.881000002e+01 +1.881000002e+01 -1.9120e-01 +1.7808e+00
5958 +7.046857320e-09 +7.046857320e-09 +1.881000001e+01 +1.881000001e+01 -1.9120e-01 +1.7808e+00
9316 +0.000000000e+00 +0.000000000e+00 +1.881000000e+01 +1.881000000e+01 -1.9120e-01 +1.7808e+00
% function evaluation | noise-free fitness - Fopt (2.731500000000e+02) | best noise-free fitness - Fopt | measured fitness | best measured fitness | x1 | x2...
1 +6.092861296e+02 +6.092861296e+02 +8.824361296e+02 +8.824361296e+02 +0.0000e+00 +0.0000e+00
2 +2.867659366e+02 +2.867659366e+02 +5.599159366e+02 +5.599159366e+02 -8.9092e-01 +1.7182e+00
3 +2.507845316e+02 +2.507845316e+02 +5.239345316e+02 +5.239345316e+02 +2.7837e+00 -1.2607e+00
4 +1.926890744e+02 +1.926890744e+02 +4.658390744e+02 +4.658390744e+02 -1.1053e+00 -1.5964e+00
5 +1.130806494e+02 +1.130806494e+02 +3.862306494e+02 +3.862306494e+02 -1.4911e+00 +1.5075e+00
9 +8.737096399e+01 +8.737096399e+01 +3.605209640e+02 +3.605209640e+02 -2.3581e+00 +1.1878e+00
13 +7.049476107e+00 +7.049476107e+00 +2.801994761e+02 +2.801994761e+02 -3.4251e+00 +3.6201e+00
34 +2.234228832e+00 +2.234228832e+00 +2.753842288e+02 +2.753842288e+02 -4.2611e+00 +2.3336e+00
328 +1.248730354e+00 +1.248730354e+00 +2.743987304e+02 +2.743987304e+02 -3.2517e+00 +4.4504e+00
367 +7.598908402e-01 +7.598908402e-01 +2.739098908e+02 +2.739098908e+02 -3.3027e+00 +4.4016e+00
382 +7.106586351e-01 +7.106586351e-01 +2.738606586e+02 +2.738606586e+02 -3.4323e+00 +4.0649e+00
406 +2.181433938e-01 +2.181433938e-01 +2.733681434e+02 +2.733681434e+02 -3.5311e+00 +3.8625e+00
606 +5.954098324e-02 +5.954098324e-02 +2.732095410e+02 +2.732095410e+02 -3.5680e+00 +3.7746e+00
1485 +5.867578883e-02 +5.867578883e-02 +2.732086758e+02 +2.732086758e+02 -3.5474e+00 +3.8249e+00
1562 +3.356388291e-02 +3.356388291e-02 +2.731835639e+02 +2.731835639e+02 -3.5690e+00 +3.7787e+00
1656 +3.284510736e-02 +3.284510736e-02 +2.731828451e+02 +2.731828451e+02 -3.5924e+00 +3.7244e+00
1664 +8.161085440e-03 +8.161085440e-03 +2.731581611e+02 +2.731581611e+02 -3.5810e+00 +3.7493e+00
1982 +4.241362204e-03 +4.241362204e-03 +2.731542414e+02 +2.731542414e+02 -3.5797e+00 +3.7523e+00
2224 +3.040940906e-03 +3.040940906e-03 +2.731530409e+02 +2.731530409e+02 -3.5790e+00 +3.7542e+00
2343 +1.252205763e-03 +1.252205763e-03 +2.731512522e+02 +2.731512522e+02 -3.5789e+00 +3.7543e+00
2570 +1.219624453e-03 +1.219624453e-03 +2.731512196e+02 +2.731512196e+02 -3.5789e+00 +3.7542e+00
2587 +4.195159202e-04 +4.195159202e-04 +2.731504195e+02 +2.731504195e+02 -3.5792e+00 +3.7537e+00
% function evaluation | noise-free fitness - Fopt (3.718000000000e+01) | best noise-free fitness - Fopt | measured fitness | best measured fitness | x1 | x2...
1 +1.121427784e+02 +1.121427784e+02 +1.493227784e+02 +1.493227784e+02 +0.0000e+00 +0.0000e+00
3 +5.526713076e+01 +5.526713076e+01 +9.244713076e+01 +9.244713076e+01 +1.4119e-01 +5.7685e-02
5 +3.284135351e+01 +3.284135351e+01 +7.002135351e+01 +7.002135351e+01 +4.5950e+00 +9.3523e-01
34 +1.368982465e+01 +1.368982465e+01 +5.086982465e+01 +5.086982465e+01 +2.3408e+00 +1.3204e+00
38 +9.568747342e+00 +9.568747342e+00 +4.674874734e+01 +4.674874734e+01 +3.9122e-01 +1.6531e+00
49 +2.419828031e+00 +2.419828031e+00 +3.959982803e+01 +3.959982803e+01 -2.7267e+00 +1.9806e+00
127 +8.710402052e-01 +8.710402052e-01 +3.805104021e+01 +3.805104021e+01 -4.2600e+00 +2.0750e+00
269 +7.428018034e-01 +7.428018034e-01 +3.792280180e+01 +3.792280180e+01 -3.8139e+00 +2.0284e+00
361 +5.749365065e-01 +5.749365065e-01 +3.775493651e+01 +3.775493651e+01 -3.5408e+00 +2.0289e+00
439 +2.287959130e-01 +2.287959130e-01 +3.740879591e+01 +3.740879591e+01 -3.8736e+00 +2.0523e+00
600 +1.728971958e-01 +1.728971958e-01 +3.735289720e+01 +3.735289720e+01 -3.8273e+00 +2.0583e+00
638 +1.117199766e-01 +1.117199766e-01 +3.729171998e+01 +3.729171998e+01 -3.9837e+00 +2.0693e+00
741 +1.023910275e-01 +1.023910275e-01 +3.728239103e+01 +3.728239103e+01 -3.7998e+00 +2.0544e+00
1183 +7.753301104e-03 +7.753301104e-03 +3.718775330e+01 +3.718775330e+01 -3.9027e+00 +2.0606e+00
1814 +6.612157873e-03 +6.612157873e-03 +3.718661216e+01 +3.718661216e+01 -3.8981e+00 +2.0599e+00
1841 +4.668651844e-03 +4.668651844e-03 +3.718466865e+01 +3.718466865e+01 -3.8969e+00 +2.0598e+00
1892 +3.031186752e-03 +3.031186752e-03 +3.718303119e+01 +3.718303119e+01 -3.8968e+00 +2.0599e+00
2138 +2.281968272e-03 +2.281968272e-03 +3.718228197e+01 +3.718228197e+01 -3.8998e+00 +2.0601e+00
2314 +1.109413439e-03 +1.109413439e-03 +3.718110941e+01 +3.718110941e+01 -3.9001e+00 +2.0601e+00
2688 +1.007235619e-03 +1.007235619e-03 +3.718100724e+01 +3.718100724e+01 -3.8984e+00 +2.0599e+00
2779 +3.847041234e-04 +3.847041234e-04 +3.718038470e+01 +3.718038470e+01 -3.8991e+00 +2.0600e+00
3082 +2.342385527e-04 +2.342385527e-04 +3.718023424e+01 +3.718023424e+01 -3.8994e+00 +2.0600e+00
3483 +1.728045062e-04 +1.728045062e-04 +3.718017280e+01 +3.718017280e+01 -3.8992e+00 +2.0600e+00
3619 +1.272469266e-04 +1.272469266e-04 +3.718012725e+01 +3.718012725e+01 -3.8993e+00 +2.0600e+00
3822 +3.851016152e-05 +3.851016152e-05 +3.718003851e+01 +3.718003851e+01 -3.8992e+00 +2.0600e+00
4154 +3.009003195e-05 +3.009003195e-05 +3.718003009e+01 +3.718003009e+01 -3.8992e+00 +2.0600e+00
4403 +2.916151195e-05 +2.916151195e-05 +3.718002916e+01 +3.718002916e+01 -3.8992e+00 +2.0600e+00
4431 +2.877789443e-05 +2.877789443e-05 +3.718002878e+01 +3.718002878e+01 -3.8992e+00 +2.0600e+00
4702 +2.735469955e-05 +2.735469955e-05 +3.718002735e+01 +3.718002735e+01 -3.8992e+00 +2.0600e+00
4789 +7.898305917e-06 +7.898305917e-06 +3.718000790e+01 +3.718000790e+01 -3.8992e+00 +2.0600e+00
4960 +1.465637801e-06 +1.465637801e-06 +3.718000147e+01 +3.718000147e+01 -3.8992e+00 +2.0600e+00
5224 +1.285759446e-06 +1.285759446e-06 +3.718000129e+01 +3.718000129e+01 -3.8992e+00 +2.0600e+00
5264 +6.019104219e-07 +6.019104219e-07 +3.718000060e+01 +3.718000060e+01 -3.8992e+00 +2.0600e+00
5548 +5.615018068e-07 +5.615018068e-07 +3.718000056e+01 +3.718000056e+01 -3.8992e+00 +2.0600e+00
5739 +3.770540360e-07 +3.770540360e-07 +3.718000038e+01 +3.718000038e+01 -3.8992e+00 +2.0600e+00
5769 +3.180953811e-07 +3.180953811e-07 +3.718000032e+01 +3.718000032e+01 -3.8992e+00 +2.0600e+00
5798 +2.085175055e-07 +2.085175055e-07 +3.718000021e+01 +3.718000021e+01 -3.8992e+00 +2.0600e+00
6186 +1.674498904e-07 +1.674498904e-07 +3.718000017e+01 +3.718000017e+01 -3.8992e+00 +2.0600e+00
6189 +1.461995183e-07 +1.461995183e-07 +3.718000015e+01 +3.718000015e+01 -3.8992e+00 +2.0600e+00
6313 +4.827722933e-08 +4.827722933e-08 +3.718000005e+01 +3.718000005e+01 -3.8992e+00 +2.0600e+00
6553 +4.773400519e-08 +4.773400519e-08 +3.718000005e+01 +3.718000005e+01 -3.8992e+00 +2.0600e+00
6567 +3.547816618e-08 +3.547816618e-08 +3.718000004e+01 +3.718000004e+01 -3.8992e+00 +2.0600e+00
6570 +2.248711439e-08 +2.248711439e-08 +3.718000002e+01 +3.718000002e+01 -3.8992e+00 +2.0600e+00
6796 +1.491147827e-08 +1.491147827e-08 +3.718000001e+01 +3.718000001e+01 -3.8992e+00 +2.0600e+00
6839 +1.315560638e-08 +1.315560638e-08 +3.718000001e+01 +3.718000001e+01 -3.8992e+00 +2.0600e+00
6846 +8.445020683e-09 +8.445020683e-09 +3.718000001e+01 +3.718000001e+01 -3.8992e+00 +2.0600e+00
10364 +0.000000000e+00 +0.000000000e+00 +3.718000000e+01 +3.718000000e+01 -3.8992e+00 +2.0600e+00
% function evaluation | noise-free fitness - Fopt (-1.479000000000e+02) | best noise-free fitness - Fopt | measured fitness | best measured fitness | x1 | x2...
1 +1.284153627e+02 +1.284153627e+02 -1.948463728e+01 -1.948463728e+01 +0.0000e+00 +0.0000e+00
4 +1.173029525e+02 +1.173029525e+02 -3.059704746e+01 -3.059704746e+01 -4.9719e+00 +9.1013e-01
6 +9.033300140e+01 +9.033300140e+01 -5.756699860e+01 -5.756699860e+01 -5.1810e-03 +1.0551e+00
8 +5.711905639e+01 +5.711905639e+01 -9.078094361e+01 -9.078094361e+01 -2.8096e+00 -4.7427e-01
9 +2.328280149e+01 +2.328280149e+01 -1.246171985e+02 -1.246171985e+02 -1.0491e+00 -2.6164e-02
11 +1.752684967e+01 +1.752684967e+01 -1.303731503e+02 -1.303731503e+02 -1.2089e+00 -4.6163e-01
18 +1.427319273e+01 +1.427319273e+01 -1.336268073e+02 -1.336268073e+02 -1.8219e-01 -1.5047e+00
27 +6.666241090e+00 +6.666241090e+00 -1.412337589e+02 -1.412337589e+02 -6.1217e-01 -9.5518e-01
65 +5.978041800e+00 +5.978041800e+00 -1.419219582e+02 -1.419219582e+02 -1.1420e+00 -2.1274e-01
73 +2.462164437e+00 +2.462164437e+00 -1.454378356e+02 -1.454378356e+02 -1.4232e+00 +7.4920e-02
74 +2.247649484e+00 +2.247649484e+00 -1.456523505e+02 -1.456523505e+02 -2.3937e+00 +8.5228e-01
101 +1.391019628e+00 +1.391019628e+00 -1.465089804e+02 -1.465089804e+02 -2.2917e+00 +7.8526e-01
263 +7.814204877e-01 +7.814204877e-01 -1.471185795e+02 -1.471185795e+02 -1.5662e+00 +7.4760e-02
303 +7.658284252e-01 +7.658284252e-01 -1.471341716e+02 -1.471341716e+02 -1.6011e+00 +7.0231e-02
566 +3.642699369e-01 +3.642699369e-01 -1.475357301e+02 -1.475357301e+02 -1.4298e+00 -6.0617e-02
621 +7.440429993e-02 +7.440429993e-02 -1.478255957e+02 -1.478255957e+02 -1.6585e+00 +1.2786e-01
% function evaluation | noise-free fitness - Fopt (-6.080000000000e+00) | best noise-free fitness - Fopt | measured fitness | best measured fitness | x1 | x2...
1 +1.108816592e+02 +1.108816592e+02 +1.048016592e+02 +1.048016592e+02 +0.0000e+00 +0.0000e+00
6 +4.592243173e+01 +4.592243173e+01 +3.984243173e+01 +3.984243173e+01 -3.6791e-01 +1.1003e+00
14 +1.220100192e+01 +1.220100192e+01 +6.121001918e+00 +6.121001918e+00 -9.5116e-01 +1.6128e+00
47 +3.219817293e+00 +3.219817293e+00 -2.860182707e+00 -2.860182707e+00 -9.3409e-01 +1.9617e+00
56 +1.571474811e+00 +1.571474811e+00 -4.508525189e+00 -4.508525189e+00 -4.4249e-01 +1.9311e+00
68 +8.016703331e-01 +8.016703331e-01 -5.278329667e+00 -5.278329667e+00 -4.5701e-02 +2.0083e+00
437 +3.631326661e-01 +3.631326661e-01 -5.716867334e+00 -5.716867334e+00 +6.4245e-01 +2.0796e+00
803 +1.335678189e-01 +1.335678189e-01 -5.946432181e+00 -5.946432181e+00 +7.4610e-01 +2.0593e+00
1182 +5.799910060e-02 +5.799910060e-02 -6.022000899e+00 -6.022000899e+00 +7.0593e-01 +2.0630e+00
1216 +4.289564527e-02 +4.289564527e-02 -6.037104355e+00 -6.037104355e+00 +6.3601e-01 +2.0661e+00
1348 +1.002594480e-02 +1.002594480e-02 -6.069974055e+00 -6.069974055e+00 +6.3577e-01 +2.0674e+00
1761 +7.592905024e-03 +7.592905024e-03 -6.072407095e+00 -6.072407095e+00 +6.3967e-01 +2.0671e+00
1869 +7.547845470e-03 +7.547845470e-03 -6.072452155e+00 -6.072452155e+00 +6.3965e-01 +2.0671e+00
1987 +4.087828683e-03 +4.087828683e-03 -6.075912171e+00 -6.075912171e+00 +6.3058e-01 +2.0672e+00
2043 +1.721998185e-03 +1.721998185e-03 -6.078278002e+00 -6.078278002e+00 +6.3299e-01 +2.0673e+00
2249 +1.179804056e-03 +1.179804056e-03 -6.078820196e+00 -6.078820196e+00 +6.3112e-01 +2.0671e+00
2575 +1.090919844e-03 +1.090919844e-03 -6.078909080e+00 -6.078909080e+00 +6.3310e-01 +2.0672e+00
2727 +2.612715444e-04 +2.612715444e-04 -6.079738728e+00 -6.079738728e+00 +6.3207e-01 +2.0672e+00
2833 +2.299428064e-04 +2.299428064e-04 -6.079770057e+00 -6.079770057e+00 +6.3202e-01 +2.0672e+00
3158 +1.710756184e-04 +1.710756184e-04 -6.079828924e+00 -6.079828924e+00 +6.3198e-01 +2.0672e+00
3393 +3.462620931e-05 +3.462620931e-05 -6.079965374e+00 -6.079965374e+00 +6.3197e-01 +2.0672e+00
3474 +3.279843133e-05 +3.279843133e-05 -6.079967202e+00 -6.079967202e+00 +6.3199e-01 +2.0672e+00
3547 +2.891178878e-05 +2.891178878e-05 -6.079971088e+00 -6.079971088e+00 +6.3202e-01 +2.0672e+00
3594 +2.877771237e-05 +2.877771237e-05 -6.079971222e+00 -6.079971222e+00 +6.3202e-01 +2.0672e+00
3736 +9.181527429e-06 +9.181527429e-06 -6.079990818e+00 -6.079990818e+00 +6.3200e-01 +2.0672e+00
3819 +2.668910738e-06 +2.668910738e-06 -6.079997331e+00 -6.079997331e+00 +6.3200e-01 +2.0672e+00
% function evaluation | noise-free fitness - Fopt (2.431100000000e+02) | best noise-free fitness - Fopt | measured fitness | best measured fitness | x1 | x2...
1 +1.270339719e+01 +1.270339719e+01 +2.558133972e+02 +2.558133972e+02 +0.0000e+00 +0.0000e+00
4 +1.004610558e+01 +1.004610558e+01 +2.531561056e+02 +2.531561056e+02 +1.6733e+00 +9.4317e-01
24 +7.992832905e+00 +7.992832905e+00 +2.511028329e+02 +2.511028329e+02 -4.3034e-01 +1.7716e-01
39 +6.010400266e+00 +6.010400266e+00 +2.491204003e+02 +2.491204003e+02 +8.4080e-01 +5.2366e-01
42 +5.237585685e+00 +5.237585685e+00 +2.483475857e+02 +2.483475857e+02 +7.5067e-01 +5.3586e-01
488 +4.245398006e+00 +4.245398006e+00 +2.473553980e+02 +2.473553980e+02 -2.7305e-01 +5.3517e-02
518 +3.999390964e+00 +3.999390964e+00 +2.471093910e+02 +2.471093910e+02 -2.0569e-01 +8.2338e-02
697 +3.133180992e+00 +3.133180992e+00 +2.462431810e+02 +2.462431810e+02 -8.8794e-01 -2.5068e-01
% function evaluation | noise-free fitness - Fopt (-1.436200000000e+02) | best noise-free fitness - Fopt | measured fitness | best measured fitness | x1 | x2...
1 +2.616430789e+02 +2.616430789e+02 +1.180230789e+02 +1.180230789e+02 +0.0000e+00 +0.0000e+00
3 +1.752883307e+02 +1.752883307e+02 +3.166833075e+01 +3.166833075e+01 -1.0019e+00 +1.9028e-01
4 +1.449244641e+02 +1.449244641e+02 +1.304464113e+00 +1.304464113e+00 +3.5173e-01 -2.4952e-01
8 +4.911097455e+01 +4.911097455e+01 -9.450902545e+01 -9.450902545e+01 +2.5346e-01 +3.2386e+00
13 +1.878968572e+01 +1.878968572e+01 -1.248303143e+02 -1.248303143e+02 -5.3133e-01 +4.9305e+00
24 +4.448141191e+00 +4.448141191e+00 -1.391718588e+02 -1.391718588e+02 -1.0407e+00 +4.2212e+00
32 +1.146044982e+00 +1.146044982e+00 -1.424739550e+02 -1.424739550e+02 -2.6886e+00 +3.2892e+00
36 +1.107946020e+00 +1.107946020e+00 -1.425120540e+02 -1.425120540e+02 -2.3039e+00 +3.5133e+00
49 +7.721069365e-01 +7.721069365e-01 -1.428478931e+02 -1.428478931e+02 -3.1257e+00 +3.0228e+00
156 +4.347720827e-01 +4.347720827e-01 -1.431852279e+02 -1.431852279e+02 -2.3734e+00 +3.4646e+00
233 +2.452129580e-01 +2.452129580e-01 -1.433747870e+02 -1.433747870e+02 -2.4444e+00 +3.4224e+00
550 +1.747737162e-01 +1.747737162e-01 -1.434452263e+02 -1.434452263e+02 -2.5203e+00 +3.3732e+00
734 +4.600366052e-02 +4.600366052e-02 -1.435739963e+02 -1.435739963e+02 -2.6175e+00 +3.3142e+00
% function evaluation | noise-free fitness - Fopt (4.290000000000e+01) | best noise-free fitness - Fopt | measured fitness | best measured fitness | x1 | x2...
1 +7.022753736e+00 +7.022753736e+00 +4.992275374e+01 +4.992275374e+01 +0.0000e+00 +0.0000e+00
136 +4.418773855e+00 +4.418773855e+00 +4.731877385e+01 +4.731877385e+01 +3.5840e-01 -1.2362e+00
185 +2.424147866e+00 +2.424147866e+00 +4.532414787e+01 +4.532414787e+01 +7.3109e-01 -1.7932e+00
187 +2.046860078e+00 +2.046860078e+00 +4.494686008e+01 +4.494686008e+01 +5.2171e-01 -1.4162e+00
201 +1.667697792e+00 +1.667697792e+00 +4.456769779e+01 +4.456769779e+01 +3.9982e-01 -1.0599e+00
214 +1.038800546e+00 +1.038800546e+00 +4.393880055e+01 +4.393880055e+01 +1.2339e-01 +4.4864e-01
246 +3.427985933e-01 +3.427985933e-01 +4.324279859e+01 +4.324279859e+01 +1.3240e-01 +4.0314e-01
569 +3.056941090e-01 +3.056941090e-01 +4.320569411e+01 +4.320569411e+01 +1.5533e-01 +2.4204e-01
736 +2.660096423e-01 +2.660096423e-01 +4.316600964e+01 +4.316600964e+01 +1.6601e-01 +3.7744e-02
747 +1.696923917e-01 +1.696923917e-01 +4.306969239e+01 +4.306969239e+01 +1.7131e-01 +3.3986e-03
793 +1.553662739e-01 +1.553662739e-01 +4.305536627e+01 +4.305536627e+01 +1.6822e-01 +1.7374e-01
862 +1.271838226e-01 +1.271838226e-01 +4.302718382e+01 +4.302718382e+01 +1.6884e-01 +9.7788e-02
999 +8.651208734e-02 +8.651208734e-02 +4.298651209e+01 +4.298651209e+01 +1.7316e-01 +1.5444e-01
1111 +8.189850975e-02 +8.189850975e-02 +4.298189851e+01 +4.298189851e+01 +1.6981e-01 +2.0336e-01
1128 +6.223696321e-02 +6.223696321e-02 +4.296223696e+01 +4.296223696e+01 +1.7227e-01 +1.3913e-01
1188 +5.618789593e-02 +5.618789593e-02 +4.295618790e+01 +4.295618790e+01 +1.6937e-01 +2.0834e-01
1267 +3.204059929e-02 +3.204059929e-02 +4.293204060e+01 +4.293204060e+01 +1.7160e-01 +1.9486e-01
1347 +2.115544991e-02 +2.115544991e-02 +4.292115545e+01 +4.292115545e+01 +1.7052e-01 +1.8581e-01
1406 +2.014778055e-02 +2.014778055e-02 +4.292014778e+01 +4.292014778e+01 +1.7109e-01 +1.9422e-01
1478 +1.767686918e-02 +1.767686918e-02 +4.291767687e+01 +4.291767687e+01 +1.7137e-01 +1.7606e-01
1480 +1.641788482e-02 +1.641788482e-02 +4.291641788e+01 +4.291641788e+01 +1.6851e-01 +2.0451e-01
1506 +1.086078627e-02 +1.086078627e-02 +4.291086079e+01 +4.291086079e+01 +1.6991e-01 +1.9827e-01
1678 +8.188929414e-03 +8.188929414e-03 +4.290818893e+01 +4.290818893e+01 +1.7100e-01 +1.8695e-01
1705 +7.747114676e-03 +7.747114676e-03 +4.290774711e+01 +4.290774711e+01 +1.7034e-01 +1.9435e-01
1756 +3.238908830e-03 +3.238908830e-03 +4.290323891e+01 +4.290323891e+01 +1.7071e-01 +1.9309e-01
2075 +3.162599788e-03 +3.162599788e-03 +4.290316260e+01 +4.290316260e+01 +1.6993e-01 +1.9857e-01
2264 +1.188025285e-03 +1.188025285e-03 +4.290118803e+01 +4.290118803e+01 +1.7027e-01 +1.9687e-01
2745 +9.876631875e-04 +9.876631875e-04 +4.290098766e+01 +4.290098766e+01 +1.7044e-01 +1.9551e-01
2888 +2.298458630e-04 +2.298458630e-04 +4.290022985e+01 +4.290022985e+01 +1.7040e-01 +1.9596e-01
3190 +4.720027896e-05 +4.720027896e-05 +4.290004720e+01 +4.290004720e+01 +1.7040e-01 +1.9600e-01
3308 +2.886843058e-05 +2.886843058e-05 +4.290002887e+01 +4.290002887e+01 +1.7040e-01 +1.9600e-01
4047 +2.634835104e-05 +2.634835104e-05 +4.290002635e+01 +4.290002635e+01 +1.7040e-01 +1.9601e-01
4363 +1.469158243e-05 +1.469158243e-05 +4.290001469e+01 +4.290001469e+01 +1.7040e-01 +1.9600e-01
4398 +7.222330368e-06 +7.222330368e-06 +4.290000722e+01 +4.290000722e+01 +1.7040e-01 +1.9600e-01
4410 +3.299312866e-06 +3.299312866e-06 +4.290000330e+01 +4.290000330e+01 +1.7040e-01 +1.9600e-01
% function evaluation | noise-free fitness - Fopt (6.286500000000e+02) | best noise-free fitness - Fopt | measured fitness | best measured fitness | x1 | x2...
1 +1.260011294e+02 +1.260011294e+02 +7.546511294e+02 +7.546511294e+02 +0.0000e+00 +0.0000e+00
2 +5.571984800e+01 +5.571984800e+01 +6.843698480e+02 +6.843698480e+02 +6.1198e-01 +3.1950e+00
13 +4.273520808e+01 +4.273520808e+01 +6.713852081e+02 +6.713852081e+02 -2.1351e-01 +3.9916e+00
20 +4.209942233e+01 +4.209942233e+01 +6.707494223e+02 +6.707494223e+02 -6.7117e-01 +4.9510e+00
33 +3.232430759e+00 +3.232430759e+00 +6.318824308e+02 +6.318824308e+02 -1.4694e+00 +2.5452e+00
159 +2.167815254e+00 +2.167815254e+00 +6.308178153e+02 +6.308178153e+02 -2.6231e+00 +3.0328e-01
173 +3.485990042e-01 +3.485990042e-01 +6.289985990e+02 +6.289985990e+02 -2.6551e+00 +3.0904e-01
1909 +3.189624975e-01 +3.189624975e-01 +6.289689625e+02 +6.289689625e+02 -2.4909e+00 +6.2708e-01
1954 +2.452756149e-01 +2.452756149e-01 +6.288952756e+02 +6.288952756e+02 -2.5329e+00 +5.5326e-01
2147 +1.817495003e-01 +1.817495003e-01 +6.288317495e+02 +6.288317495e+02 -2.5508e+00 +5.1093e-01
2152 +1.595429879e-01 +1.595429879e-01 +6.288095430e+02 +6.288095430e+02 -2.5602e+00 +4.9400e-01
2154 +9.804468934e-02 +9.804468934e-02 +6.287480447e+02 +6.287480447e+02 -2.5754e+00 +4.6005e-01
2204 +8.999425701e-02 +8.999425701e-02 +6.287399943e+02 +6.287399943e+02 -2.6096e+00 +3.9193e-01
2221 +8.054960851e-02 +8.054960851e-02 +6.287305496e+02 +6.287305496e+02 -2.6075e+00 +3.8984e-01
2230 +2.791605586e-02 +2.791605586e-02 +6.286779161e+02 +6.286779161e+02 -2.6124e+00 +3.8375e-01
3227 +1.864031851e-02 +1.864031851e-02 +6.286686403e+02 +6.286686403e+02 -2.6018e+00 +4.0238e-01
3233 +1.658450738e-02 +1.658450738e-02 +6.286665845e+02 +6.286665845e+02 -2.6136e+00 +3.8288e-01
3251 +8.077397035e-03 +8.077397035e-03 +6.286580774e+02 +6.286580774e+02 -2.6032e+00 +3.9975e-01
3443 +7.555898620e-03 +7.555898620e-03 +6.286575559e+02 +6.286575559e+02 -2.6070e+00 +3.9265e-01
3555 +6.220385865e-03 +6.220385865e-03 +6.286562204e+02 +6.286562204e+02 -2.6041e+00 +3.9755e-01
3576 +5.542793048e-03 +5.542793048e-03 +6.286555428e+02 +6.286555428e+02 -2.6051e+00 +3.9597e-01
3591 +3.084425915e-03 +3.084425915e-03 +6.286530844e+02 +6.286530844e+02 -2.6045e+00 +3.9681e-01
% function evaluation | noise-free fitness - Fopt (-7.163000000000e+01) | best noise-free fitness - Fopt | measured fitness | best measured fitness | x1 | x2...
1 +3.502654145e+02 +3.502654145e+02 +2.786354145e+02 +2.786354145e+02 +0.0000e+00 +0.0000e+00
2 +2.688450509e+02 +2.688450509e+02 +1.972150509e+02 +1.972150509e+02 +1.9590e-01 +9.8162e-01
4 +1.628974914e+02 +1.628974914e+02 +9.126749143e+01 +9.126749143e+01 -1.4630e+00 +5.4766e-01
6 +1.354735145e+02 +1.354735145e+02 +6.384351451e+01 +6.384351451e+01 +7.9034e-01 -8.9272e-01
14 +5.834885141e+01 +5.834885141e+01 -1.328114859e+01 -1.328114859e+01 +1.4881e+00 -2.2819e+00
28 +9.757175994e+00 +9.757175994e+00 -6.187282401e+01 -6.187282401e+01 +2.6963e+00 -3.1117e+00
76 +6.732213856e+00 +6.732213856e+00 -6.489778614e+01 -6.489778614e+01 +4.0378e+00 -9.3884e-01
110 +4.073344306e+00 +4.073344306e+00 -6.755665569e+01 -6.755665569e+01 +2.7366e+00 -2.9629e+00
152 +1.166421595e+00 +1.166421595e+00 -7.046357841e+01 -7.046357841e+01 +1.9940e+00 -3.3533e+00
160 +6.488108558e-01 +6.488108558e-01 -7.098118914e+01 -7.098118914e+01 +1.3685e+00 -3.7116e+00
250 +3.913144780e-01 +3.913144780e-01 -7.123868552e+01 -7.123868552e+01 +1.7380e+00 -3.5092e+00
821 +2.973367880e-01 +2.973367880e-01 -7.133266321e+01 -7.133266321e+01 +2.0606e+00 -3.3514e+00
990 +1.099811721e-01 +1.099811721e-01 -7.152001883e+01 -7.152001883e+01 +1.8062e+00 -3.4620e+00
1105 +9.790002465e-02 +9.790002465e-02 -7.153209998e+01 -7.153209998e+01 +1.7939e+00 -3.4652e+00
1119 +4.334093375e-02 +4.334093375e-02 -7.158665907e+01 -7.158665907e+01 +1.7980e+00 -3.4662e+00
2160 +3.911204767e-02 +3.911204767e-02 -7.159088795e+01 -7.159088795e+01 +1.7998e+00 -3.4665e+00
2163 +3.489668688e-02 +3.489668688e-02 -7.159510331e+01 -7.159510331e+01 +1.7936e+00 -3.4680e+00
2201 +3.387789665e-02 +3.387789665e-02 -7.159612210e+01 -7.159612210e+01 +1.7917e+00 -3.4688e+00
2321 +3.211091509e-02 +3.211091509e-02 -7.159788908e+01 -7.159788908e+01 +1.7954e+00 -3.4685e+00
% function evaluation | noise-free fitness - Fopt (1.976000000000e+01) | best noise-free fitness - Fopt | measured fitness | best measured fitness | x1 | x2...
1 +1.025653552e+02 +1.025653552e+02 +1.223253552e+02 +1.223253552e+02 +0.0000e+00 +0.0000e+00
2 +5.305158647e+01 +5.305158647e+01 +7.281158647e+01 +7.281158647e+01 -3.4988e-01 -2.1232e+00
5 +5.142902877e+01 +5.142902877e+01 +7.118902877e+01 +7.118902877e+01 -5.6549e-02 -3.4671e+00
6 +1.876325541e+01 +1.876325541e+01 +3.852325541e+01 +3.852325541e+01 -7.0245e-01 -1.1236e+00
16 +5.153135139e+00 +5.153135139e+00 +2.491313514e+01 +2.491313514e+01 -7.5623e-01 -1.8302e+00
417 +5.044133842e+00 +5.044133842e+00 +2.480413384e+01 +2.480413384e+01 -7.1083e-01 -1.9034e+00
% function evaluation | noise-free fitness - Fopt (6.100000000000e-01) | best noise-free fitness - Fopt | measured fitness | best measured fitness | x1 | x2...
1 +4.682385345e+02 +4.682385345e+02 +4.688485345e+02 +4.688485345e+02 +0.0000e+00 +0.0000e+00
2 +2.404568297e+02 +2.404568297e+02 +2.410668297e+02 +2.410668297e+02 -7.8635e-01 +1.7089e+00
4 +6.159212324e+01 +6.159212324e+01 +6.220212324e+01 +6.220212324e+01 -8.7344e-02 +1.8640e+00
6 +5.046979854e+01 +5.046979854e+01 +5.107979854e+01 +5.107979854e+01 +8.0449e-01 +5.9436e-01
13 +3.832107055e+01 +3.832107055e+01 +3.893107055e+01 +3.893107055e+01 +4.3732e+00 -1.0639e+00
14 +2.269713020e+01 +2.269713020e+01 +2.330713020e+01 +2.330713020e+01 +9.6769e-01 +2.8399e+00
19 +1.699144033e+01 +1.699144033e+01 +1.760144033e+01 +1.760144033e+01 +1.0661e+00 +9.4712e-01
24 +8.555222438e+00 +8.555222438e+00 +9.165222438e+00 +9.165222438e+00 +1.4647e+00 +1.5282e+00
32 +1.431150569e+00 +1.431150569e+00 +2.041150569e+00 +2.041150569e+00 +8.8196e-01 +2.2626e+00
155 +6.237172060e-01 +6.237172060e-01 +1.233717206e+00 +1.233717206e+00 +1.0858e+00 +1.9457e+00
322 +5.812586785e-01 +5.812586785e-01 +1.191258679e+00 +1.191258679e+00 +1.0007e+00 +2.1677e+00
388 +5.360167504e-01 +5.360167504e-01 +1.146016750e+00 +1.146016750e+00 +1.2269e+00 +1.6838e+00
732 +4.163904829e-01 +4.163904829e-01 +1.026390483e+00 +1.026390483e+00 +1.0655e+00 +2.0584e+00
831 +1.844577629e-01 +1.844577629e-01 +7.944577629e-01 +7.944577629e-01 +1.1454e+00 +1.8711e+00
1246 +1.731126808e-01 +1.731126808e-01 +7.831126808e-01 +7.831126808e-01 +1.0994e+00 +1.9793e+00
1287 +1.257959627e-01 +1.257959627e-01 +7.357959627e-01 +7.357959627e-01 +1.0559e+00 +2.0491e+00
1295 +1.106195289e-01 +1.106195289e-01 +7.206195289e-01 +7.206195289e-01 +1.0589e+00 +2.0415e+00
1321 +1.035185044e-01 +1.035185044e-01 +7.135185044e-01 +7.135185044e-01 +1.0419e+00 +2.0684e+00
1365 +7.183288491e-02 +7.183288491e-02 +6.818328849e-01 +6.818328849e-01 +1.0929e+00 +1.9894e+00
1472 +6.968261119e-02 +6.968261119e-02 +6.796826112e-01 +6.796826112e-01 +1.0459e+00 +2.0683e+00
1499 +5.798716310e-02 +5.798716310e-02 +6.679871631e-01 +6.679871631e-01 +1.0521e+00 +2.0599e+00
1756 +4.304984779e-02 +4.304984779e-02 +6.530498478e-01 +6.530498478e-01 +1.0667e+00 +2.0351e+00
1772 +3.459210717e-02 +3.459210717e-02 +6.445921072e-01 +6.445921072e-01 +1.0705e+00 +2.0306e+00
1845 +3.301975057e-02 +3.301975057e-02 +6.430197506e-01 +6.430197506e-01 +1.0552e+00 +2.0519e+00
1849 +1.970838636e-02 +1.970838636e-02 +6.297083864e-01 +6.297083864e-01 +1.0628e+00 +2.0405e+00
1878 +1.671373370e-02 +1.671373370e-02 +6.267137337e-01 +6.267137337e-01 +1.0721e+00 +2.0266e+00
1883 +7.894777744e-03 +7.894777744e-03 +6.178947777e-01 +6.178947777e-01 +1.0757e+00 +2.0202e+00
1886 +5.412573908e-03 +5.412573908e-03 +6.154125739e-01 +6.154125739e-01 +1.0722e+00 +2.0259e+00
% function evaluation | noise-free fitness - Fopt (-8.634400000000e+02) | best noise-free fitness - Fopt | measured fitness | best measured fitness | x1 | x2...
1 +3.697380330e+02 +3.697380330e+02 -4.937019670e+02 -4.937019670e+02 +0.0000e+00 +0.0000e+00
3 +6.677837994e+01 +6.677837994e+01 -7.966616201e+02 -7.966616201e+02 -1.9918e+00 -1.3752e+00
8 +5.153743849e+01 +5.153743849e+01 -8.119025615e+02 -8.119025615e+02 -2.2351e+00 -3.3592e+00
14 +9.306164152e+00 +9.306164152e+00 -8.541338358e+02 -8.541338358e+02 -3.1865e+00 -1.4624e+00
35 +4.165654152e+00 +4.165654152e+00 -8.592743458e+02 -8.592743458e+02 -2.8069e+00 +9.6028e-01
234 +1.948055069e+00 +1.948055069e+00 -8.614919449e+02 -8.614919449e+02 -3.5188e+00 -1.8433e+00
249 +1.205627578e+00 +1.205627578e+00 -8.622343724e+02 -8.622343724e+02 -3.6342e+00 -2.2071e+00
420 +5.015783554e-01 +5.015783554e-01 -8.629384216e+02 -8.629384216e+02 -3.7684e+00 -2.7970e+00
460 +2.449854777e-01 +2.449854777e-01 -8.631950145e+02 -8.631950145e+02 -3.7521e+00 -2.7114e+00
1190 +1.971416258e-01 +1.971416258e-01 -8.632428584e+02 -8.632428584e+02 -3.7717e+00 -2.7869e+00
1217 +1.651994103e-01 +1.651994103e-01 -8.632748006e+02 -8.632748006e+02 -3.7924e+00 -2.8557e+00
1253 +9.967082912e-02 +9.967082912e-02 -8.633403292e+02 -8.633403292e+02 -3.7719e+00 -2.7896e+00
1371 +3.198565753e-02 +3.198565753e-02 -8.634080143e+02 -8.634080143e+02 -3.7809e+00 -2.8334e+00
1436 +7.912990272e-03 +7.912990272e-03 -8.634320870e+02 -8.634320870e+02 -3.7870e+00 -2.8564e+00
1476 +6.955106156e-03 +6.955106156e-03 -8.634330449e+02 -8.634330449e+02 -3.7890e+00 -2.8637e+00
% function evaluation | noise-free fitness - Fopt (1.318500000000e+02) | best noise-free fitness - Fopt | measured fitness | best measured fitness | x1 | x2...
1 +8.340934318e+00 +8.340934318e+00 +1.401909343e+02 +1.401909343e+02 +0.0000e+00 +0.0000e+00
9 +1.120911942e+00 +1.120911942e+00 +1.329709119e+02 +1.329709119e+02 +2.3071e-01 +5.6359e-01
135 +6.554396242e-01 +6.554396242e-01 +1.325054396e+02 +1.325054396e+02 +5.7654e-02 +2.4726e-01
154 +5.259251742e-01 +5.259251742e-01 +1.323759252e+02 +1.323759252e+02 -1.8764e-01 -3.4280e-01
424 +2.426203152e-01 +2.426203152e-01 +1.320926203e+02 +1.320926203e+02 -4.4085e-03 +1.9096e-01
485 +1.070388081e-01 +1.070388081e-01 +1.319570388e+02 +1.319570388e+02 -2.8369e-03 +1.8563e-01
1050 +9.507207437e-02 +9.507207437e-02 +1.319450721e+02 +1.319450721e+02 -3.2534e-02 +1.1217e-01
1290 +8.348804220e-02 +8.348804220e-02 +1.319334880e+02 +1.319334880e+02 -6.7550e-03 +1.7057e-01
1342 +5.782959274e-02 +5.782959274e-02 +1.319078296e+02 +1.319078296e+02 +4.5124e-03 +1.9121e-01
