% function evaluation | noise-free fitness - Fopt (-1.694000000000e+01) | best noise-free fitness - Fopt | measured fitness | best measured fitness | x1 | x2...
1 +1.211093376e+01 +1.211093376e+01 -4.829066242e+00 -4.829066242e+00 +0.0000e+00 +0.0000e+00 +0.0000e+00
5 +4.450028698e+00 +4.450028698e+00 -1.248997130e+01 -1.248997130e+01 +2.4918e+00 +1.8471e+00 -2.1136e+00
21 +3.828430927e+00 +3.828430927e+00 -1.311156907e+01 -1.311156907e+01 +2.2589e+00 +2.3610e+00 -6.5540e-01
25 +3.101827307e+00 +3.101827307e+00 -1.383817269e+01 -1.383817269e+01 +3.0221e+00 +1.4397e+00 -1.6638e+00
48 +1.763120593e+00 +1.763120593e+00 -1.517687941e+01 -1.517687941e+01 +3.3729e+00 +2.6975e+00 -1.5330e+00
118 +1.631755657e+00 +1.631755657e+00 -1.530824434e+01 -1.530824434e+01 +3.2314e+00 +2.4893e+00 -9.3919e-01
121 +8.737754423e-01 +8.737754423e-01 -1.606622456e+01 -1.606622456e+01 +4.0905e+00 +3.0702e+00 -1.9732e+00
245 +7.427116636e-01 +7.427116636e-01 -1.619728834e+01 -1.619728834e+01 +4.0550e+00 +2.5927e+00 -1.1062e+00
313 +4.897661515e-01 +4.897661515e-01 -1.645023385e+01 -1.645023385e+01 +3.5316e+00 +2.5983e+00 -1.5059e+00
319 +1.698869500e-01 +1.698869500e-01 -1.677011305e+01 -1.677011305e+01 +3.4929e+00 +2.5022e+00 -1.4411e+00
707 +1.513183225e-01 +1.513183225e-01 -1.678868168e+01 -1.678868168e+01 +3.5831e+00 +2.5483e+00 -1.4531e+00
746 +1.044073997e-01 +1.044073997e-01 -1.683559260e+01 -1.683559260e+01 +3.6023e+00 +2.5857e+00 -1.4807e+00
868 +5.964910027e-02 +5.964910027e-02 -1.688035090e+01 -1.688035090e+01 +3.6227e+00 +2.5348e+00 -1.5095e+00
1272 +5.796152843e-02 +5.796152843e-02 -1.688203847e+01 -1.688203847e+01 +3.5982e+00 +2.4651e+00 -1.4760e+00
1359 +5.114163151e-02 +5.114163151e-02 -1.688885837e+01 -1.688885837e+01 +3.6486e+00 +2.5539e+00 -1.5181e+00
1458 +4.957966044e-02 +4.957966044e-02 -1.689042034e+01 -1.689042034e+01 +3.6425e+00 +2.5354e+00 -1.5102e+00
1487 +1.324297542e-02 +1.324297542e-02 -1.692675702e+01 -1.692675702e+01 +3.6630e+00 +2.5604e+00 -1.5392e+00
1514 +1.121546306e-02 +1.121546306e-02 -1.692878454e+01 -1.692878454e+01 +3.6589e+00 +2.5492e+00 -1.5332e+00
1904 +9.505330559e-03 +9.505330559e-03 -1.693049467e+01 -1.693049467e+01 +3.6565e+00 +2.5499e+00 -1.5320e+00
1994 +5.714412401e-03 +5.714412401e-03 -1.693428559e+01 -1.693428559e+01 +3.6551e+00 +2.5481e+00 -1.5315e+00
2077 +4.131658033e-03 +4.131658033e-03 -1.693586834e+01 -1.693586834e+01 +3.6582e+00 +2.5521e+00 -1.5315e+00
2406 +3.189741436e-03 +3.189741436e-03 -1.693681026e+01 -1.693681026e+01 +3.6554e+00 +2.5471e+00 -1.5280e+00
2444 +2.648103385e-03 +2.648103385e-03 -1.693735190e+01 -1.693735190e+01 +3.6543e+00 +2.5482e+00 -1.5280e+00
2585 +2.206382700e-03 +2.206382700e-03 -1.693779362e+01 -1.693779362e+01 +3.6579e+00 +2.5514e+00 -1.5311e+00
2589 +1.908525390e-03 +1.908525390e-03 -1.693809147e+01 -1.693809147e+01 +3.6565e+00 +2.5498e+00 -1.5299e+00
2599 +1.000276947e-03 +1.000276947e-03 -1.693899972e+01 -1.693899972e+01 +3.6553e+00 +2.5496e+00 -1.5292e+00
% function evaluation | noise-free fitness - Fopt (1.881000000000e+01) | best noise-free fitness - Fopt | measured fitness | best measured fitness | x1 | x2...
1 +7.368870554e+00 +7.368870554e+00 +2.617887055e+01 +2.617887055e+01 +0.0000e+00 +0.0000e+00 +0.0000e+00
8 +3.999715621e+00 +3.999715621e+00 +2.280971562e+01 +2.280971562e+01 -7.1523e-01 +2.5574e-01 -8.7223e-01
11 +2.517952980e+00 +2.517952980e+00 +2.132795298e+01 +2.132795298e+01 -1.3792e+00 +2.0849e-01 -7.7152e-01
47 +1.799597037e+00 +1.799597037e+00 +2.060959704e+01 +2.060959704e+01 +9.6945e-01 +2.4204e+00 -1.6000e+00
73 +1.682574065e+00 +1.682574065e+00 +2.049257406e+01 +2.049257406e+01 +4.7976e-01 +1.9704e+00 -1.4129e+00
81 +9.482530450e-01 +9.482530450e-01 +1.975825304e+01 +1.975825304e+01 +1.3419e-01 +2.2912e+00 -6.6248e-01
197 +7.786809387e-01 +7.786809387e-01 +1.958868094e+01 +1.958868094e+01 -4.1871e-01 +1.4077e+00 -6.4871e-01
241 +2.920239740e-01 +2.920239740e-01 +1.910202397e+01 +1.910202397e+01 -7.7604e-02 +1.8388e+00 -7.4242e-01
470 +1.572293929e-01 +1.572293929e-01 +1.896722939e+01 +1.896722939e+01 -1.7256e-01 +1.7492e+00 -7.7402e-01
749 +1.409205473e-01 +1.409205473e-01 +1.895092055e+01 +1.895092055e+01 -2.5147e-01 +1.8021e+00 -7.6427e-01
935 +1.109504859e-01 +1.109504859e-01 +1.892095049e+01 +1.892095049e+01 -2.1430e-01 +1.7436e+00 -8.1371e-01
1000 +8.810820608e-02 +8.810820608e-02 +1.889810821e+01 +1.889810821e+01 -1.9539e-01 +1.8003e+00 -8.3463e-01
1024 +8.228457628e-02 +8.228457628e-02 +1.889228458e+01 +1.889228458e+01 -1.4755e-01 +1.8316e+00 -8.3995e-01
1113 +5.311575369e-02 +5.311575369e-02 +1.886311575e+01 +1.886311575e+01 -1.8354e-01 +1.8056e+00 -8.1743e-01
1328 +5.181245978e-02 +5.181245978e-02 +1.886181246e+01 +1.886181246e+01 -2.6851e-01 +1.7351e+00 -7.5708e-01
1353 +3.921604957e-02 +3.921604957e-02 +1.884921605e+01 +1.884921605e+01 -1.8220e-01 +1.7753e+00 -8.1817e-01
1366 +3.105215995e-02 +3.105215995e-02 +1.884105216e+01 +1.884105216e+01 -1.7753e-01 +1.7781e+00 -8.1064e-01
1574 +2.353854404e-02 +2.353854404e-02 +1.883353854e+01 +1.883353854e+01 -1.9637e-01 +1.7856e+00 -8.2444e-01
1769 +2.339551595e-02 +2.339551595e-02 +1.883339552e+01 +1.883339552e+01 -2.0161e-01 +1.7829e+00 -8.3837e-01
1778 +2.214070357e-02 +2.214070357e-02 +1.883214070e+01 +1.883214070e+01 -1.9751e-01 +1.7701e+00 -8.2399e-01
1805 +1.240242517e-02 +1.240242517e-02 +1.882240243e+01 +1.882240243e+01 -1.8056e-01 +1.7924e+00 -8.2740e-01
1946 +9.644972068e-03 +9.644972068e-03 +1.881964497e+01 +1.881964497e+01 -1.9011e-01 +1.7828e+00 -8.2487e-01
2001 +3.077090987e-03 +3.077090987e-03 +1.881307709e+01 +1.881307709e+01 -1.8825e-01 +1.7825e+00 -8.2374e-01
% function evaluation | noise-free fitness - Fopt (2.731500000000e+02) | best noise-free fitness - Fopt | measured fitness | best measured fitness | x1 | x2...
1 +2.070232976e+01 +2.070232976e+01 +2.938523298e+02 +2.938523298e+02 +0.0000e+00 +0.0000e+00 +0.0000e+00
7 +1.226441767e+01 +1.226441767e+01 +2.854144177e+02 +2.854144177e+02 +3.5663e-01 +1.6686e+00 +6.6127e-01
25 +5.461266539e+00 +5.461266539e+00 +2.786112665e+02 +2.786112665e+02 -3.0538e+00 +3.1097e+00 +1.8752e+00
47 +4.293305830e+00 +4.293305830e+00 +2.774433058e+02 +2.774433058e+02 -3.4743e+00 +3.5424e+00 +4.5781e-01
53 +4.088364744e+00 +4.088364744e+00 +2.772383647e+02 +2.772383647e+02 -4.4972e+00 +4.4300e+00 +5.0640e-01
62 +2.354432557e+00 +2.354432557e+00 +2.755044326e+02 +2.755044326e+02 -3.1427e+00 +3.8158e+00 -2.1471e-01
87 +2.225383245e+00 +2.225383245e+00 +2.753753832e+02 +2.753753832e+02 -2.6314e+00 +3.5126e+00 -1.0944e+00
91 +1.949512486e+00 +1.949512486e+00 +2.750995125e+02 +2.750995125e+02 -3.2424e+00 +3.7524e+00 -7.4025e-02
99 +1.221969612e+00 +1.221969612e+00 +2.743719696e+02 +2.743719696e+02 -3.5255e+00 +3.2160e+00 -1.3424e-01
102 +9.234781145e-01 +9.234781145e-01 +2.740734781e+02 +2.740734781e+02 -3.8552e+00 +3.9605e+00 -5.3112e-01
279 +5.955435905e-01 +5.955435905e-01 +2.737455436e+02 +2.737455436e+02 -3.2132e+00 +4.3391e+00 -5.2146e-01
302 +4.228028706e-01 +4.228028706e-01 +2.735728029e+02 +2.735728029e+02 -3.3902e+00 +3.7497e+00 -5.7495e-01
487 +2.680563409e-01 +2.680563409e-01 +2.734180563e+02 +2.734180563e+02 -3.7399e+00 +3.4142e+00 -4.7449e-01
551 +2.140760261e-01 +2.140760261e-01 +2.733640760e+02 +2.733640760e+02 -3.6422e+00 +3.6155e+00 -5.5932e-01
676 +1.070585863e-01 +1.070585863e-01 +2.732570586e+02 +2.732570586e+02 -3.4818e+00 +3.8724e+00 -4.7653e-01
935 +5.054357831e-02 +5.054357831e-02 +2.732005436e+02 +2.732005436e+02 -3.5932e+00 +3.7039e+00 -5.0658e-01
1433 +4.163956957e-02 +4.163956957e-02 +2.731916396e+02 +2.731916396e+02 -3.5914e+00 +3.7319e+00 -4.7153e-01
1825 +3.366751344e-02 +3.366751344e-02 +2.731836675e+02 +2.731836675e+02 -3.5600e+00 +3.7763e+00 -4.6432e-01
1882 +2.935144793e-02 +2.935144793e-02 +2.731793514e+02 +2.731793514e+02 -3.5766e+00 +3.7489e+00 -4.8723e-01
2032 +2.823392980e-02 +2.823392980e-02 +2.731782339e+02 +2.731782339e+02 -3.5906e+00 +3.7631e+00 -4.8750e-01
2070 +8.091815062e-03 +8.091815062e-03 +2.731580918e+02 +2.731580918e+02 -3.5771e+00 +3.7505e+00 -4.8261e-01
2465 +7.781122252e-03 +7.781122252e-03 +2.731577811e+02 +2.731577811e+02 -3.5781e+00 +3.7500e+00 -4.8264e-01
2501 +6.209995237e-03 +6.209995237e-03 +2.731562100e+02 +2.731562100e+02 -3.5771e+00 +3.7590e+00 -4.7622e-01
2590 +3.946852670e-03 +3.946852670e-03 +2.731539469e+02 +2.731539469e+02 -3.5813e+00 +3.7505e+00 -4.7858e-01
2769 +2.149973577e-03 +2.149973577e-03 +2.731521500e+02 +2.731521500e+02 -3.5787e+00 +3.7533e+00 -4.7811e-01
2823 +1.821242934e-03 +1.821242934e-03 +2.731518212e+02 +2.731518212e+02 -3.5807e+00 +3.7512e+00 -4.7871e-01
2879 +6.736720374e-04 +6.736720374e-04 +2.731506737e+02 +2.731506737e+02 -3.5796e+00 +3.7529e+00 -4.7844e-01
3687 +5.295131113e-04 +5.295131113e-04 +2.731505295e+02 +2.731505295e+02 -3.5793e+00 +3.7536e+00 -4.7851e-01
3751 +3.180893897e-04 +3.180893897e-04 +2.731503181e+02 +2.731503181e+02 -3.5792e+00 +3.7536e+00 -4.7835e-01
3808 +2.952320928e-04 +2.952320928e-04 +2.731502952e+02 +2.731502952e+02 -3.5792e+00 +3.7535e+00 -4.7832e-01
4047 +2.624854920e-04 +2.624854920e-04 +2.731502625e+02 +2.731502625e+02 -3.5793e+00 +3.7533e+00 -4.7838e-01
4055 +2.467709292e-04 +2.467709292e-04 +2.731502468e+02 +2.731502468e+02 -3.5791e+00 +3.7538e+00 -4.7846e-01
4082 +1.520140929e-04 +1.520140929e-04 +2.731501520e+02 +2.731501520e+02 -3.5793e+00 +3.7536e+00 -4.7846e-01
4399 +3.863560636e-05 +3.863560636e-05 +2.731500386e+02 +2.731500386e+02 -3.5792e+00 +3.7536e+00 -4.7839e-01
4859 +3.381282954e-05 +3.381282954e-05 +2.731500338e+02 +2.731500338e+02 -3.5792e+00 +3.7536e+00 -4.7841e-01
4883 +3.271787983e-05 +3.271787983e-05 +2.731500327e+02 +2.731500327e+02 -3.5792e+00 +3.7536e+00 -4.7840e-01
5086 +2.956703486e-05 +2.956703486e-05 +2.731500296e+02 +2.731500296e+02 -3.5792e+00 +3.7536e+00 -4.7841e-01
5194 +2.932193337e-05 +2.932193337e-05 +2.731500293e+02 +2.731500293e+02 -3.5792e+00 +3.7536e+00 -4.7840e-01
5232 +2.879203896e-05 +2.879203896e-05 +2.731500288e+02 +2.731500288e+02 -3.5792e+00 +3.7536e+00 -4.7841e-01
5258 +2.666175061e-05 +2.666175061e-05 +2.731500267e+02 +2.731500267e+02 -3.5792e+00 +3.7536e+00 -4.7840e-01
5269 +2.415795905e-05 +2.415795905e-05 +2.731500242e+02 +2.731500242e+02 -3.5792e+00 +3.7536e+00 -4.7840e-01
5301 +1.323008360e-05 +1.323008360e-05 +2.731500132e+02 +2.731500132e+02 -3.5792e+00 +3.7536e+00 -4.7839e-01
5403 +5.308586367e-06 +5.308586367e-06 +2.731500053e+02 +2.731500053e+02 -3.5792e+00 +3.7536e+00 -4.7840e-01
5891 +3.050372811e-06 +3.050372811e-06 +2.731500031e+02 +2.731500031e+02 -3.5792e+00 +3.7536e+00 -4.7840e-01
5913 +1.995560751e-06 +1.995560751e-06 +2.731500020e+02 +2.731500020e+02 -3.5792e+00 +3.7536e+00 -4.7840e-01
5915 +9.126452483e-07 +9.126452483e-07 +2.731500009e+02 +2.731500009e+02 -3.5792e+00 +3.7536e+00 -4.7840e-01
6221 +7.246254654e-07 +7.246254654e-07 +2.731500007e+02 +2.731500007e+02 -3.5792e+00 +3.7536e+00 -4.7840e-01
6419 +5.616841463e-07 +5.616841463e-07 +2.731500006e+02 +2.731500006e+02 -3.5792e+00 +3.7536e+00 -4.7840e-01
6525 +3.847516723e-07 +3.847516723e-07 +2.731500004e+02 +2.731500004e+02 -3.5792e+00 +3.7536e+00 -4.7840e-01
6903 +3.521254826e-07 +3.521254826e-07 +2.731500004e+02 +2.731500004e+02 -3.5792e+00 +3.7536e+00 -4.7840e-01
7073 +3.342837545e-07 +3.342837545e-07 +2.731500003e+02 +2.731500003e+02 -3.5792e+00 +3.7536e+00 -4.7840e-01
7077 +1.344317866e-07 +1.344317866e-07 +2.731500001e+02 +2.731500001e+02 -3.5792e+00 +3.7536e+00 -4.7840e-01
7251 +1.094566642e-07 +1.094566642e-07 +2.731500001e+02 +2.731500001e+02 -3.5792e+00 +3.7536e+00 -4.7840e-01
7436 +8.872069657e-08 +8.872069657e-08 +2.731500001e+02 +2.731500001e+02 -3.5792e+00 +3.7536e+00 -4.7840e-01
7600 +1.528502480e-08 +1.528502480e-08 +2.731500000e+02 +2.731500000e+02 -3.5792e+00 +3.7536e+00 -4.7840e-01
7904 +2.104570740e-09 +2.104570740e-09 +2.731500000e+02 +2.731500000e+02 -3.5792e+00 +3.7536e+00 -4.7840e-01
12639 +0.000000000e+00 +0.000000000e+00 +2.731500000e+02 +2.731500000e+02 -3.5792e+00 +3.7536e+00 -4.7840e-01
% function evaluation | noise-free fitness - Fopt (3.718000000000e+01) | best noise-free fitness - Fopt | measured fitness | best measured fitness | x1 | x2...
1 +7.086277518e+00 +7.086277518e+00 +4.426627752e+01 +4.426627752e+01 +0.0000e+00 +0.0000e+00 +0.0000e+00
13 +5.124829500e+00 +5.124829500e+00 +4.230482950e+01 +4.230482950e+01 -2.7448e+00 -1.8383e+00 +3.9228e+00
21 +3.217700170e+00 +3.217700170e+00 +4.039770017e+01 +4.039770017e+01 -2.7698e+00 +9.2234e-01 +3.0079e+00
24 +2.863832597e+00 +2.863832597e+00 +4.004383260e+01 +4.004383260e+01 -4.1612e+00 +1.1348e+00 +2.0761e+00
31 +6.157090728e-01 +6.157090728e-01 +3.779570907e+01 +3.779570907e+01 -3.8186e+00 +1.8944e+00 +1.9041e+00
123 +5.052103873e-01 +5.052103873e-01 +3.768521039e+01 +3.768521039e+01 -3.4334e+00 +2.2398e+00 +2.2651e+00
392 +4.218209671e-01 +4.218209671e-01 +3.760182097e+01 +3.760182097e+01 -3.6962e+00 +2.3681e+00 +2.0542e+00
474 +3.541721138e-01 +3.541721138e-01 +3.753417211e+01 +3.753417211e+01 -4.0664e+00 +2.1886e+00 +2.0986e+00
519 +3.038821951e-01 +3.038821951e-01 +3.748388220e+01 +3.748388220e+01 -3.9264e+00 +2.1165e+00 +2.0039e+00
531 +2.350212687e-01 +2.350212687e-01 +3.741502127e+01 +3.741502127e+01 -4.0664e+00 +2.1006e+00 +2.0130e+00
717 +2.007164037e-01 +2.007164037e-01 +3.738071640e+01 +3.738071640e+01 -3.8258e+00 +2.1196e+00 +1.9296e+00
786 +1.492371329e-01 +1.492371329e-01 +3.732923713e+01 +3.732923713e+01 -3.8913e+00 +2.1777e+00 +2.0454e+00
823 +1.437892285e-01 +1.437892285e-01 +3.732378923e+01 +3.732378923e+01 -3.9136e+00 +2.1544e+00 +1.9988e+00
901 +6.718726708e-02 +6.718726708e-02 +3.724718727e+01 +3.724718727e+01 -3.8506e+00 +2.0881e+00 +2.0584e+00
1356 +1.809969718e-02 +1.809969718e-02 +3.719809970e+01 +3.719809970e+01 -3.9086e+00 +2.0683e+00 +2.0359e+00
1694 +1.683618428e-02 +1.683618428e-02 +3.719683618e+01 +3.719683618e+01 -3.8844e+00 +2.0711e+00 +2.0409e+00
1712 +8.544916273e-03 +8.544916273e-03 +3.718854492e+01 +3.718854492e+01 -3.8994e+00 +2.0601e+00 +2.0378e+00
2067 +5.419191339e-03 +5.419191339e-03 +3.718541919e+01 +3.718541919e+01 -3.9069e+00 +2.0594e+00 +2.0397e+00
2215 +4.684775865e-03 +4.684775865e-03 +3.718468478e+01 +3.718468478e+01 -3.8969e+00 +2.0596e+00 +2.0404e+00
2254 +3.724762218e-03 +3.724762218e-03 +3.718372476e+01 +3.718372476e+01 -3.8958e+00 +2.0596e+00 +2.0399e+00
2527 +3.047289599e-03 +3.047289599e-03 +3.718304729e+01 +3.718304729e+01 -3.8960e+00 +2.0598e+00 +2.0404e+00
2536 +2.831299236e-03 +2.831299236e-03 +3.718283130e+01 +3.718283130e+01 -3.9026e+00 +2.0590e+00 +2.0398e+00
2669 +2.087610447e-03 +2.087610447e-03 +3.718208761e+01 +3.718208761e+01 -3.8995e+00 +2.0594e+00 +2.0408e+00
2700 +1.792894104e-03 +1.792894104e-03 +3.718179289e+01 +3.718179289e+01 -3.8988e+00 +2.0602e+00 +2.0399e+00
2798 +1.415159231e-03 +1.415159231e-03 +3.718141516e+01 +3.718141516e+01 -3.8995e+00 +2.0597e+00 +2.0403e+00
2917 +9.870154371e-04 +9.870154371e-04 +3.718098702e+01 +3.718098702e+01 -3.8992e+00 +2.0599e+00 +2.0402e+00
2959 +7.158260797e-04 +7.158260797e-04 +3.718071583e+01 +3.718071583e+01 -3.8996e+00 +2.0600e+00 +2.0400e+00
3084 +7.022404741e-04 +7.022404741e-04 +3.718070224e+01 +3.718070224e+01 -3.8984e+00 +2.0603e+00 +2.0402e+00
3144 +5.512784008e-04 +5.512784008e-04 +3.718055128e+01 +3.718055128e+01 -3.9001e+00 +2.0598e+00 +2.0399e+00
3413 +4.678673381e-04 +4.678673381e-04 +3.718046787e+01 +3.718046787e+01 -3.8992e+00 +2.0600e+00 +2.0399e+00
3445 +3.267191417e-04 +3.267191417e-04 +3.718032672e+01 +3.718032672e+01 -3.8992e+00 +2.0600e+00 +2.0399e+00
3458 +2.943150332e-04 +2.943150332e-04 +3.718029432e+01 +3.718029432e+01 -3.8990e+00 +2.0600e+00 +2.0401e+00
3550 +2.631681126e-04 +2.631681126e-04 +3.718026317e+01 +3.718026317e+01 -3.8991e+00 +2.0601e+00 +2.0401e+00
3559 +2.464155925e-04 +2.464155925e-04 +3.718024642e+01 +3.718024642e+01 -3.8991e+00 +2.0601e+00 +2.0401e+00
3623 +2.090372157e-04 +2.090372157e-04 +3.718020904e+01 +3.718020904e+01 -3.8994e+00 +2.0599e+00 +2.0400e+00
3653 +1.879069172e-04 +1.879069172e-04 +3.718018791e+01 +3.718018791e+01 -3.8989e+00 +2.0600e+00 +2.0400e+00
3958 +1.653204844e-04 +1.653204844e-04 +3.718016532e+01 +3.718016532e+01 -3.8992e+00 +2.0599e+00 +2.0400e+00
4015 +1.331836803e-04 +1.331836803e-04 +3.718013318e+01 +3.718013318e+01 -3.8994e+00 +2.0600e+00 +2.0400e+00
4038 +1.054813230e-04 +1.054813230e-04 +3.718010548e+01 +3.718010548e+01 -3.8993e+00 +2.0600e+00 +2.0400e+00
4139 +4.176707680e-05 +4.176707680e-05 +3.718004177e+01 +3.718004177e+01 -3.8992e+00 +2.0600e+00 +2.0400e+00
4343 +3.036473205e-05 +3.036473205e-05 +3.718003036e+01 +3.718003036e+01 -3.8992e+00 +2.0600e+00 +2.0400e+00
4656 +3.000011486e-05 +3.000011486e-05 +3.718003000e+01 +3.718003000e+01 -3.8992e+00 +2.0600e+00 +2.0400e+00
4678 +2.887891218e-05 +2.887891218e-05 +3.718002888e+01 +3.718002888e+01 -3.8992e+00 +2.0600e+00 +2.0400e+00
4773 +1.854701772e-05 +1.854701772e-05 +3.718001855e+01 +3.718001855e+01 -3.8992e+00 +2.0600e+00 +2.0400e+00
4910 +1.707062928e-05 +1.707062928e-05 +3.718001707e+01 +3.718001707e+01 -3.8992e+00 +2.0600e+00 +2.0400e+00
4962 +1.667318480e-05 +1.667318480e-05 +3.718001667e+01 +3.718001667e+01 -3.8992e+00 +2.0600e+00 +2.0400e+00
5018 +1.330812177e-05 +1.330812177e-05 +3.718001331e+01 +3.718001331e+01 -3.8992e+00 +2.0600e+00 +2.0400e+00
5216 +6.737676458e-06 +6.737676458e-06 +3.718000674e+01 +3.718000674e+01 -3.8992e+00 +2.0600e+00 +2.0400e+00
5415 +2.740788389e-06 +2.740788389e-06 +3.718000274e+01 +3.718000274e+01 -3.8992e+00 +2.0600e+00 +2.0400e+00
5438 +1.926187487e-06 +1.926187487e-06 +3.718000193e+01 +3.718000193e+01 -3.8992e+00 +2.0600e+00 +2.0400e+00
5738 +1.357173304e-06 +1.357173304e-06 +3.718000136e+01 +3.718000136e+01 -3.8992e+00 +2.0600e+00 +2.0400e+00
5912 +1.249360224e-06 +1.249360224e-06 +3.718000125e+01 +3.718000125e+01 -3.8992e+00 +2.0600e+00 +2.0400e+00
5966 +1.024663035e-06 +1.024663035e-06 +3.718000102e+01 +3.718000102e+01 -3.8992e+00 +2.0600e+00 +2.0400e+00
6028 +6.605095066e-07 +6.605095066e-07 +3.718000066e+01 +3.718000066e+01 -3.8992e+00 +2.0600e+00 +2.0400e+00
6274 +5.711139153e-07 +5.711139153e-07 +3.718000057e+01 +3.718000057e+01 -3.8992e+00 +2.0600e+00 +2.0400e+00
6346 +5.248908295e-07 +5.248908295e-07 +3.718000052e+01 +3.718000052e+01 -3.8992e+00 +2.0600e+00 +2.0400e+00
6362 +4.945545555e-07 +4.945545555e-07 +3.718000049e+01 +3.718000049e+01 -3.8992e+00 +2.0600e+00 +2.0400e+00
6458 +4.371883264e-07 +4.371883264e-07 +3.718000044e+01 +3.718000044e+01 -3.8992e+00 +2.0600e+00 +2.0400e+00
6722 +3.278110441e-07 +3.278110441e-07 +3.718000033e+01 +3.718000033e+01 -3.8992e+00 +2.0600e+00 +2.0400e+00
6731 +2.703326700e-07 +2.703326700e-07 +3.718000027e+01 +3.718000027e+01 -3.8992e+00 +2.0600e+00 +2.0400e+00
6829 +2.229554994e-07 +2.229554994e-07 +3.718000022e+01 +3.718000022e+01 -3.8992e+00 +2.0600e+00 +2.0400e+00
6965 +2.006740161e-07 +2.006740161e-07 +3.718000020e+01 +3.718000020e+01 -3.8992e+00 +2.0600e+00 +2.0400e+00
6978 +1.218334162e-07 +1.218334162e-07 +3.718000012e+01 +3.718000012e+01 -3.8992e+00 +2.0600e+00 +2.0400e+00
7208 +6.503702110e-08 +6.503702110e-08 +3.718000007e+01 +3.718000007e+01 -3.8992e+00 +2.0600e+00 +2.0400e+00
7255 +5.345410869e-08 +5.345410869e-08 +3.718000005e+01 +3.718000005e+01 -3.8992e+00 +2.0600e+00 +2.0400e+00
7377 +4.482722460e-08 +4.482722460e-08 +3.718000004e+01 +3.718000004e+01 -3.8992e+00 +2.0600e+00 +2.0400e+00
7389 +4.200231984e-08 +4.200231984e-08 +3.718000004e+01 +3.718000004e+01 -3.8992e+00 +2.0600e+00 +2.0400e+00
7537 +1.637442182e-08 +1.637442182e-08 +3.718000002e+01 +3.718000002e+01 -3.8992e+00 +2.0600e+00 +2.0400e+00
7693 +1.601138422e-08 +1.601138422e-08 +3.718000002e+01 +3.718000002e+01 -3.8992e+00 +2.0600e+00 +2.0400e+00
7899 +1.022021934e-08 +1.022021934e-08 +3.718000001e+01 +3.718000001e+01 -3.8992e+00 +2.0600e+00 +2.0400e+00
7923 +5.283077087e-09 +5.283077087e-09 +3.718000001e+01 +3.718000001e+01 -3.8992e+00 +2.0600e+00 +2.0400e+00
12562 +0.000000000e+00 +0.000000000e+00 +3.718000000e+01 +3.718000000e+01 -3.8992e+00 +2.0600e+00 +2.0400e+00
% function evaluation | noise-free fitness - Fopt (-1.479000000000e+02) | best noise-free fitness - Fopt | measured fitness | best measured fitness | x1 | x2...
1 +4.994380238e+00 +4.994380238e+00 -1.429056198e+02 -1.429056198e+02 +0.0000e+00 +0.0000e+00 +0.0000e+00
3 +3.353752962e+00 +3.353752962e+00 -1.445462470e+02 -1.445462470e+02 -2.9939e+00 -1.5677e+00 -6.1656e-02
10 +3.079186713e+00 +3.079186713e+00 -1.448208133e+02 -1.448208133e+02 -1.5905e+00 +3.4705e-01 +6.5714e-01
14 +2.532963498e+00 +2.532963498e+00 -1.453670365e+02 -1.453670365e+02 -2.5696e+00 +2.5387e-01 +1.2700e+00
15 +1.780965079e+00 +1.780965079e+00 -1.461190349e+02 -1.461190349e+02 -1.7964e+00 -6.3973e-01 +1.8267e+00
17 +1.589525971e+00 +1.589525971e+00 -1.463104740e+02 -1.463104740e+02 -1.7609e+00 -2.5147e-01 +2.9491e-01
62 +1.481165940e+00 +1.481165940e+00 -1.464188341e+02 -1.464188341e+02 -9.9624e-01 +9.8505e-01 +2.3888e+00
93 +1.258490444e+00 +1.258490444e+00 -1.466415096e+02 -1.466415096e+02 -1.6320e+00 -5.4784e-02 +1.7063e+00
150 +6.403524405e-01 +6.403524405e-01 -1.472596476e+02 -1.472596476e+02 -1.6915e+00 -3.3941e-01 +2.3797e-01
217 +4.061339905e-01 +4.061339905e-01 -1.474938660e+02 -1.474938660e+02 -1.7272e+00 +1.0309e-01 +1.3264e+00
356 +3.568765007e-01 +3.568765007e-01 -1.475431235e+02 -1.475431235e+02 -1.7023e+00 +1.1821e-01 +9.9144e-01
381 +3.141508456e-01 +3.141508456e-01 -1.475858492e+02 -1.475858492e+02 -1.5973e+00 +2.2303e-01 +1.2304e+00
471 +2.733203225e-01 +2.733203225e-01 -1.476266797e+02 -1.476266797e+02 -1.6484e+00 +5.8272e-02 +1.0704e+00
485 +1.932498443e-01 +1.932498443e-01 -1.477067502e+02 -1.477067502e+02 -1.6586e+00 +1.3312e-01 +1.0574e+00
831 +1.560455035e-01 +1.560455035e-01 -1.477439545e+02 -1.477439545e+02 -1.7341e+00 +1.9189e-01 +1.1997e+00
859 +1.441332170e-01 +1.441332170e-01 -1.477558668e+02 -1.477558668e+02 -1.6994e+00 +1.8722e-01 +1.2315e+00
883 +1.329449089e-01 +1.329449089e-01 -1.477670551e+02 -1.477670551e+02 -1.6472e+00 +1.5678e-01 +1.2527e+00
982 +1.213393179e-01 +1.213393179e-01 -1.477786607e+02 -1.477786607e+02 -1.6185e+00 +1.4379e-01 +1.1465e+00
1039 +1.014979018e-01 +1.014979018e-01 -1.477985021e+02 -1.477985021e+02 -1.6318e+00 +1.0776e-01 +1.1720e+00
1148 +8.345744352e-02 +8.345744352e-02 -1.478165426e+02 -1.478165426e+02 -1.6650e+00 +1.4874e-01 +1.1316e+00
1165 +7.461455986e-02 +7.461455986e-02 -1.478253854e+02 -1.478253854e+02 -1.6841e+00 +1.6429e-01 +1.1856e+00
1308 +2.699825886e-02 +2.699825886e-02 -1.478730017e+02 -1.478730017e+02 -1.6698e+00 +1.5453e-01 +1.1690e+00
1318 +1.715059728e-02 +1.715059728e-02 -1.478828494e+02 -1.478828494e+02 -1.6698e+00 +1.3282e-01 +1.1198e+00
1834 +1.665385783e-02 +1.665385783e-02 -1.478833461e+02 -1.478833461e+02 -1.6803e+00 +1.3465e-01 +1.1377e+00
1835 +1.630848999e-02 +1.630848999e-02 -1.478836915e+02 -1.478836915e+02 -1.6754e+00 +1.3834e-01 +1.1351e+00
1840 +1.115611751e-02 +1.115611751e-02 -1.478888439e+02 -1.478888439e+02 -1.6695e+00 +1.3572e-01 +1.1412e+00
1934 +3.076968063e-03 +3.076968063e-03 -1.478969230e+02 -1.478969230e+02 -1.6698e+00 +1.3639e-01 +1.1386e+00
2434 +1.109793756e-03 +1.109793756e-03 -1.478988902e+02 -1.478988902e+02 -1.6699e+00 +1.3555e-01 +1.1369e+00
2865 +1.050201750e-03 +1.050201750e-03 -1.478989498e+02 -1.478989498e+02 -1.6703e+00 +1.3597e-01 +1.1376e+00
2953 +1.012896144e-03 +1.012896144e-03 -1.478989871e+02 -1.478989871e+02 -1.6710e+00 +1.3528e-01 +1.1368e+00
2976 +3.743793278e-04 +3.743793278e-04 -1.478996256e+02 -1.478996256e+02 -1.6704e+00 +1.3541e-01 +1.1370e+00
3117 +3.062868494e-04 +3.062868494e-04 -1.478996937e+02 -1.478996937e+02 -1.6705e+00 +1.3529e-01 +1.1368e+00
3493 +2.472750874e-04 +2.472750874e-04 -1.478997527e+02 -1.478997527e+02 -1.6705e+00 +1.3524e-01 +1.1370e+00
3583 +2.364614774e-04 +2.364614774e-04 -1.478997635e+02 -1.478997635e+02 -1.6705e+00 +1.3518e-01 +1.1368e+00
3778 +1.677553921e-04 +1.677553921e-04 -1.478998322e+02 -1.478998322e+02 -1.6704e+00 +1.3512e-01 +1.1366e+00
3909 +1.456565357e-04 +1.456565357e-04 -1.478998543e+02 -1.478998543e+02 -1.6704e+00 +1.3510e-01 +1.1367e+00
3955 +1.198815123e-04 +1.198815123e-04 -1.478998801e+02 -1.478998801e+02 -1.6704e+00 +1.3525e-01 +1.1368e+00
4064 +8.874780002e-05 +8.874780002e-05 -1.478999113e+02 -1.478999113e+02 -1.6704e+00 +1.3517e-01 +1.1368e+00
4183 +5.488544687e-05 +5.488544687e-05 -1.478999451e+02 -1.478999451e+02 -1.6704e+00 +1.3518e-01 +1.1368e+00
4185 +4.200354209e-05 +4.200354209e-05 -1.478999580e+02 -1.478999580e+02 -1.6704e+00 +1.3520e-01 +1.1368e+00
4507 +3.255141954e-05 +3.255141954e-05 -1.478999674e+02 -1.478999674e+02 -1.6704e+00 +1.3521e-01 +1.1368e+00
4512 +2.898624334e-05 +2.898624334e-05 -1.478999710e+02 -1.478999710e+02 -1.6704e+00 +1.3520e-01 +1.1368e+00
4675 +2.797641909e-05 +2.797641909e-05 -1.478999720e+02 -1.478999720e+02 -1.6704e+00 +1.3519e-01 +1.1368e+00
4759 +1.907243345e-05 +1.907243345e-05 -1.478999809e+02 -1.478999809e+02 -1.6704e+00 +1.3521e-01 +1.1368e+00
4963 +1.358276464e-05 +1.358276464e-05 -1.478999864e+02 -1.478999864e+02 -1.6704e+00 +1.3521e-01 +1.1368e+00
5153 +8.342966822e-06 +8.342966822e-06 -1.478999917e+02 -1.478999917e+02 -1.6704e+00 +1.3520e-01 +1.1368e+00
5675 +5.292013356e-06 +5.292013356e-06 -1.478999947e+02 -1.478999947e+02 -1.6704e+00 +1.3520e-01 +1.1368e+00
5745 +2.853694156e-06 +2.853694156e-06 -1.478999971e+02 -1.478999971e+02 -1.6704e+00 +1.3520e-01 +1.1368e+00
5932 +2.082779957e-06 +2.082779957e-06 -1.478999979e+02 -1.478999979e+02 -1.6704e+00 +1.3520e-01 +1.1368e+00
6026 +1.926661525e-06 +1.926661525e-06 -1.478999981e+02 -1.478999981e+02 -1.6704e+00 +1.3520e-01 +1.1368e+00
6188 +5.212517351e-07 +5.212517351e-07 -1.478999995e+02 -1.478999995e+02 -1.6704e+00 +1.3520e-01 +1.1368e+00
6445 +4.358656440e-07 +4.358656440e-07 -1.478999996e+02 -1.478999996e+02 -1.6704e+00 +1.3520e-01 +1.1368e+00
6468 +3.841678051e-07 +3.841678051e-07 -1.478999996e+02 -1.478999996e+02 -1.6704e+00 +1.3520e-01 +1.1368e+00
6744 +3.308475982e-07 +3.308475982e-07 -1.478999997e+02 -1.478999997e+02 -1.6704e+00 +1.3520e-01 +1.1368e+00
6814 +3.109565512e-07 +3.109565512e-07 -1.478999997e+02 -1.478999997e+02 -1.6704e+00 +1.3520e-01 +1.1368e+00
6901 +3.062072551e-07 +3.062072551e-07 -1.478999997e+02 -1.478999997e+02 -1.6704e+00 +1.3520e-01 +1.1368e+00
6919 +2.079005412e-07 +2.079005412e-07 -1.478999998e+02 -1.478999998e+02 -1.6704e+00 +1.3520e-01 +1.1368e+00
6961 +1.806811269e-07 +1.806811269e-07 -1.478999998e+02 -1.478999998e+02 -1.6704e+00 +1.3520e-01 +1.1368e+00
6962 +1.245927876e-07 +1.245927876e-07 -1.478999999e+02 -1.478999999e+02 -1.6704e+00 +1.3520e-01 +1.1368e+00
7067 +9.392479683e-08 +9.392479683e-08 -1.478999999e+02 -1.478999999e+02 -1.6704e+00 +1.3520e-01 +1.1368e+00
7331 +7.695638260e-08 +7.695638260e-08 -1.478999999e+02 -1.478999999e+02 -1.6704e+00 +1.3520e-01 +1.1368e+00
7380 +6.122908758e-08 +6.122908758e-08 -1.478999999e+02 -1.478999999e+02 -1.6704e+00 +1.3520e-01 +1.1368e+00
7658 +5.298312544e-08 +5.298312544e-08 -1.478999999e+02 -1.478999999e+02 -1.6704e+00 +1.3520e-01 +1.1368e+00
7695 +2.887716732e-08 +2.887716732e-08 -1.479000000e+02 -1.479000000e+02 -1.6704e+00 +1.3520e-01 +1.1368e+00
7845 +2.141271693e-08 +2.141271693e-08 -1.479000000e+02 -1.479000000e+02 -1.6704e+00 +1.3520e-01 +1.1368e+00
7905 +1.422984042e-08 +1.422984042e-08 -1.479000000e+02 -1.479000000e+02 -1.6704e+00 +1.3520e-01 +1.1368e+00
8045 +6.365866057e-09 +6.365866057e-09 -1.479000000e+02 -1.479000000e+02 -1.6704e+00 +1.3520e-01 +1.1368e+00
12642 +0.000000000e+00 +0.000000000e+00 -1.479000000e+02 -1.479000000e+02 -1.6704e+00 +1.3520e-01 +1.1368e+00
% function evaluation | noise-free fitness - Fopt (-6.080000000000e+00) | best noise-free fitness - Fopt | measured fitness | best measured fitness | x1 | x2...
1 +2.789394166e+01 +2.789394166e+01 +2.181394166e+01 +2.181394166e+01 +0.0000e+00 +0.0000e+00 +0.0000e+00
2 +6.639060335e+00 +6.639060335e+00 +5.590603349e-01 +5.590603349e-01 -5.9351e-01 +3.8599e+00 +6.3847e-02
23 +5.106056527e+00 +5.106056527e+00 -9.739434734e-01 -9.739434734e-01 -1.5084e+00 +3.0761e+00 -2.1411e+00
25 +2.767127674e+00 +2.767127674e+00 -3.312872326e+00 -3.312872326e+00 -1.2231e+00 +2.1779e+00 -1.3435e+00
42 +2.516843976e+00 +2.516843976e+00 -3.563156024e+00 -3.563156024e+00 -5.3486e-01 +1.3429e+00 -3.3166e+00
85 +2.225849384e+00 +2.225849384e+00 -3.854150616e+00 -3.854150616e+00 +8.7194e-01 +1.2984e+00 -3.5012e+00
92 +9.760309949e-01 +9.760309949e-01 -5.103969005e+00 -5.103969005e+00 +4.4251e-01 +2.4435e+00 -2.8897e+00
98 +6.457515685e-01 +6.457515685e-01 -5.434248431e+00 -5.434248431e+00 +1.0740e+00 +2.0021e+00 -3.2980e+00
185 +3.753852497e-01 +3.753852497e-01 -5.704614750e+00 -5.704614750e+00 +6.1651e-01 +2.2292e+00 -3.1458e+00
340 +2.738637404e-01 +2.738637404e-01 -5.806136260e+00 -5.806136260e+00 +7.6132e-01 +2.0511e+00 -3.1786e+00
379 +2.315809430e-01 +2.315809430e-01 -5.848419057e+00 -5.848419057e+00 +7.7181e-01 +2.0711e+00 -3.2506e+00
447 +1.988587175e-01 +1.988587175e-01 -5.881141283e+00 -5.881141283e+00 +8.0438e-01 +2.1462e+00 -3.2745e+00
676 +1.225999195e-01 +1.225999195e-01 -5.957400080e+00 -5.957400080e+00 +5.2668e-01 +2.0493e+00 -3.1220e+00
916 +7.378800694e-02 +7.378800694e-02 -6.006211993e+00 -6.006211993e+00 +6.5843e-01 +2.0629e+00 -3.1714e+00
1353 +5.166587038e-02 +5.166587038e-02 -6.028334130e+00 -6.028334130e+00 +6.1510e-01 +2.0663e+00 -3.1825e+00
1372 +4.432283289e-02 +4.432283289e-02 -6.035677167e+00 -6.035677167e+00 +6.1400e-01 +2.0650e+00 -3.1711e+00
1623 +4.105527305e-02 +4.105527305e-02 -6.038944727e+00 -6.038944727e+00 +6.2318e-01 +2.0547e+00 -3.1551e+00
1632 +3.389264726e-02 +3.389264726e-02 -6.046107353e+00 -6.046107353e+00 +6.2767e-01 +2.0629e+00 -3.1825e+00
1677 +1.502094890e-02 +1.502094890e-02 -6.064979051e+00 -6.064979051e+00 +6.0803e-01 +2.0582e+00 -3.1421e+00
2245 +1.452192932e-02 +1.452192932e-02 -6.065478071e+00 -6.065478071e+00 +6.3234e-01 +2.0616e+00 -3.1645e+00
2261 +1.038579010e-02 +1.038579010e-02 -6.069614210e+00 -6.069614210e+00 +6.3711e-01 +2.0665e+00 -3.1757e+00
2275 +9.838563661e-03 +9.838563661e-03 -6.070161436e+00 -6.070161436e+00 +6.3403e-01 +2.0695e+00 -3.1690e+00
2401 +9.126041207e-03 +9.126041207e-03 -6.070873959e+00 -6.070873959e+00 +6.2917e-01 +2.0672e+00 -3.1678e+00
2402 +8.591827834e-03 +8.591827834e-03 -6.071408172e+00 -6.071408172e+00 +6.3241e-01 +2.0668e+00 -3.1691e+00
2449 +6.092755730e-03 +6.092755730e-03 -6.073907244e+00 -6.073907244e+00 +6.2506e-01 +2.0658e+00 -3.1662e+00
2648 +4.955032206e-04 +4.955032206e-04 -6.079504497e+00 -6.079504497e+00 +6.3194e-01 +2.0671e+00 -3.1719e+00
3392 +4.581255692e-04 +4.581255692e-04 -6.079541874e+00 -6.079541874e+00 +6.3182e-01 +2.0672e+00 -3.1717e+00
3463 +3.225164619e-04 +3.225164619e-04 -6.079677484e+00 -6.079677484e+00 +6.3204e-01 +2.0671e+00 -3.1719e+00
3568 +1.233260942e-04 +1.233260942e-04 -6.079876674e+00 -6.079876674e+00 +6.3213e-01 +2.0672e+00 -3.1721e+00
4416 +2.952606187e-05 +2.952606187e-05 -6.079970474e+00 -6.079970474e+00 +6.3200e-01 +2.0672e+00 -3.1720e+00
4564 +2.880215629e-05 +2.880215629e-05 -6.079971198e+00 -6.079971198e+00 +6.3200e-01 +2.0672e+00 -3.1720e+00
4780 +2.449907959e-05 +2.449907959e-05 -6.079975501e+00 -6.079975501e+00 +6.3200e-01 +2.0672e+00 -3.1720e+00
5102 +2.100924327e-05 +2.100924327e-05 -6.079978991e+00 -6.079978991e+00 +6.3200e-01 +2.0672e+00 -3.1720e+00
5148 +1.704708173e-05 +1.704708173e-05 -6.079982953e+00 -6.079982953e+00 +6.3200e-01 +2.0672e+00 -3.1720e+00
5311 +1.186554642e-05 +1.186554642e-05 -6.079988134e+00 -6.079988134e+00 +6.3201e-01 +2.0672e+00 -3.1720e+00
5421 +1.171261516e-05 +1.171261516e-05 -6.079988287e+00 -6.079988287e+00 +6.3200e-01 +2.0672e+00 -3.1720e+00
5495 +8.246626740e-06 +8.246626740e-06 -6.079991753e+00 -6.079991753e+00 +6.3200e-01 +2.0672e+00 -3.1720e+00
5511 +7.032216589e-06 +7.032216589e-06 -6.079992968e+00 -6.079992968e+00 +6.3200e-01 +2.0672e+00 -3.1720e+00
5747 +3.686174474e-06 +3.686174474e-06 -6.079996314e+00 -6.079996314e+00 +6.3200e-01 +2.0672e+00 -3.1720e+00
5833 +2.056619282e-06 +2.056619282e-06 -6.079997943e+00 -6.079997943e+00 +6.3200e-01 +2.0672e+00 -3.1720e+00
5927 +1.027720327e-06 +1.027720327e-06 -6.079998972e+00 -6.079998972e+00 +6.3200e-01 +2.0672e+00 -3.1720e+00
6173 +8.275695844e-07 +8.275695844e-07 -6.079999172e+00 -6.079999172e+00 +6.3200e-01 +2.0672e+00 -3.1720e+00
6289 +7.166356832e-07 +7.166356832e-07 -6.079999283e+00 -6.079999283e+00 +6.3200e-01 +2.0672e+00 -3.1720e+00
6297 +5.991731626e-07 +5.991731626e-07 -6.079999401e+00 -6.079999401e+00 +6.3200e-01 +2.0672e+00 -3.1720e+00
6480 +5.872763689e-07 +5.872763689e-07 -6.079999413e+00 -6.079999413e+00 +6.3200e-01 +2.0672e+00 -3.1720e+00
6553 +5.115623223e-07 +5.115623223e-07 -6.079999488e+00 -6.079999488e+00 +6.3200e-01 +2.0672e+00 -3.1720e+00
6778 +4.676380225e-07 +4.676380225e-07 -6.079999532e+00 -6.079999532e+00 +6.3200e-01 +2.0672e+00 -3.1720e+00
6794 +3.310054302e-07 +3.310054302e-07 -6.079999669e+00 -6.079999669e+00 +6.3200e-01 +2.0672e+00 -3.1720e+00
6969 +2.402631916e-07 +2.402631916e-07 -6.079999760e+00 -6.079999760e+00 +6.3200e-01 +2.0672e+00 -3.1720e+00
7202 +1.697490841e-07 +1.697490841e-07 -6.079999830e+00 -6.079999830e+00 +6.3200e-01 +2.0672e+00 -3.1720e+00
7269 +8.159142784e-08 +8.159142784e-08 -6.079999918e+00 -6.079999918e+00 +6.3200e-01 +2.0672e+00 -3.1720e+00
7609 +8.026521492e-08 +8.026521492e-08 -6.079999920e+00 -6.079999920e+00 +6.3200e-01 +2.0672e+00 -3.1720e+00
7612 +5.599796893e-08 +5.599796893e-08 -6.079999944e+00 -6.079999944e+00 +6.3200e-01 +2.0672e+00 -3.1720e+00
7628 +4.640801965e-08 +4.640801965e-08 -6.079999954e+00 -6.079999954e+00 +6.3200e-01 +2.0672e+00 -3.1720e+00
7800 +3.685596450e-08 +3.685596450e-08 -6.079999963e+00 -6.079999963e+00 +6.3200e-01 +2.0672e+00 -3.1720e+00
7815 +3.106926449e-08 +3.106926449e-08 -6.079999969e+00 -6.079999969e+00 +6.3200e-01 +2.0672e+00 -3.1720e+00
7877 +2.537891053e-08 +2.537891053e-08 -6.079999975e+00 -6.079999975e+00 +6.3200e-01 +2.0672e+00 -3.1720e+00
7879 +2.247949737e-08 +2.247949737e-08 -6.079999978e+00 -6.079999978e+00 +6.3200e-01 +2.0672e+00 -3.1720e+00
7997 +8.148071551e-09 +8.148071551e-09 -6.079999992e+00 -6.079999992e+00 +6.3200e-01 +2.0672e+00 -3.1720e+00
14036 +0.000000000e+00 +0.000000000e+00 -6.080000000e+00 -6.080000000e+00 +6.3200e-01 +2.0672e+00 -3.1720e+00
% function evaluation | noise-free fitness - Fopt (2.431100000000e+02) | best noise-free fitness - Fopt | measured fitness | best measured fitness | x1 | x2...
1 +9.381109612e+00 +9.381109612e+00 +2.524911096e+02 +2.524911096e+02 +0.0000e+00 +0.0000e+00 +0.0000e+00
6 +9.197132149e+00 +9.197132149e+00 +2.523071321e+02 +2.523071321e+02 -1.2169e+00 +4.7634e-01 -2.3282e+00
10 +7.535468857e+00 +7.535468857e+00 +2.506454689e+02 +2.506454689e+02 -1.5144e+00 -2.0278e-01 -6.3373e-01
22 +3.720289445e+00 +3.720289445e+00 +2.468302894e+02 +2.468302894e+02 -2.4550e+00 -9.1027e-01 +1.2778e+00
24 +2.197811902e+00 +2.197811902e+00 +2.453078119e+02 +2.453078119e+02 -2.1783e+00 -3.8648e-01 +7.2902e-01
111 +1.318040965e+00 +1.318040965e+00 +2.444280410e+02 +2.444280410e+02 -3.1652e+00 -2.0713e+00 -5.9574e-01
167 +7.221415552e-01 +7.221415552e-01 +2.438321416e+02 +2.438321416e+02 -3.7182e+00 -1.3660e+00 -3.6226e-01
200 +5.010138630e-01 +5.010138630e-01 +2.436110139e+02 +2.436110139e+02 -3.8145e+00 -1.4440e+00 -5.6515e-01
318 +2.558733983e-01 +2.558733983e-01 +2.433658734e+02 +2.433658734e+02 -3.8659e+00 -1.4456e+00 -6.9852e-01
516 +2.471798966e-01 +2.471798966e-01 +2.433571799e+02 +2.433571799e+02 -3.6914e+00 -1.4104e+00 -7.4834e-01
657 +2.116691986e-01 +2.116691986e-01 +2.433216692e+02 +2.433216692e+02 -3.8570e+00 -1.5399e+00 -6.1769e-01
733 +1.697813631e-01 +1.697813631e-01 +2.432797814e+02 +2.432797814e+02 -3.8213e+00 -1.5180e+00 -7.3446e-01
833 +3.261992075e-02 +3.261992075e-02 +2.431426199e+02 +2.431426199e+02 -3.7849e+00 -1.4573e+00 -6.5285e-01
1338 +2.586592669e-02 +2.586592669e-02 +2.431358659e+02 +2.431358659e+02 -3.7862e+00 -1.4580e+00 -6.5916e-01
1781 +1.927982310e-02 +1.927982310e-02 +2.431292798e+02 +2.431292798e+02 -3.7624e+00 -1.4581e+00 -6.4024e-01
% function evaluation | noise-free fitness - Fopt (-1.436200000000e+02) | best noise-free fitness - Fopt | measured fitness | best measured fitness | x1 | x2...
1 +7.229814781e+01 +7.229814781e+01 -7.132185219e+01 -7.132185219e+01 +0.0000e+00 +0.0000e+00 +0.0000e+00
2 +3.010857267e+01 +3.010857267e+01 -1.135114273e+02 -1.135114273e+02 -5.4449e-01 +8.8698e-01 +5.8641e-01
6 +2.178178484e+01 +2.178178484e+01 -1.218382152e+02 -1.218382152e+02 +1.6299e-01 +2.3584e+00 -8.7795e-01
17 +1.976325948e+01 +1.976325948e+01 -1.238567405e+02 -1.238567405e+02 -6.3049e-01 +2.0647e+00 -1.9338e+00
22 +1.020282934e+01 +1.020282934e+01 -1.334171707e+02 -1.334171707e+02 -1.3659e+00 +3.1717e+00 -2.5869e+00
29 +7.447412163e+00 +7.447412163e+00 -1.361725878e+02 -1.361725878e+02 -1.6070e+00 +1.3034e+00 -3.1660e-01
33 +3.801180422e+00 +3.801180422e+00 -1.398188196e+02 -1.398188196e+02 -3.2680e+00 +1.7588e+00 -4.3809e-01
35 +2.996925324e+00 +2.996925324e+00 -1.406230747e+02 -1.406230747e+02 -1.7820e+00 +3.6593e+00 +2.1034e+00
52 +2.830219752e+00 +2.830219752e+00 -1.407897802e+02 -1.407897802e+02 -2.2645e+00 +4.2871e+00 +5.6488e-01
65 +2.220127129e+00 +2.220127129e+00 -1.413998729e+02 -1.413998729e+02 -2.6049e+00 +4.1619e+00 -3.7989e-01
69 +1.897312692e+00 +1.897312692e+00 -1.417226873e+02 -1.417226873e+02 -3.2598e+00 +3.4820e+00 +1.4954e-01
103 +1.500202386e+00 +1.500202386e+00 -1.421197976e+02 -1.421197976e+02 -2.1265e+00 +4.2730e+00 +1.1617e+00
109 +1.444172271e+00 +1.444172271e+00 -1.421758277e+02 -1.421758277e+02 -1.5905e+00 +4.1915e+00 +1.8811e+00
114 +1.282370322e+00 +1.282370322e+00 -1.423376297e+02 -1.423376297e+02 -2.4144e+00 +3.8137e+00 +1.3494e+00
115 +1.077087443e+00 +1.077087443e+00 -1.425429126e+02 -1.425429126e+02 -2.1227e+00 +3.2143e+00 +1.3788e+00
192 +9.475080584e-01 +9.475080584e-01 -1.426724919e+02 -1.426724919e+02 -2.9536e+00 +2.4146e+00 -5.0123e-02
265 +8.113410900e-01 +8.113410900e-01 -1.428086589e+02 -1.428086589e+02 -3.0201e+00 +3.4792e+00 +1.0778e+00
299 +7.578147392e-01 +7.578147392e-01 -1.428621853e+02 -1.428621853e+02 -2.6039e+00 +4.0166e+00 +1.6161e+00
340 +6.914043831e-01 +6.914043831e-01 -1.429285956e+02 -1.429285956e+02 -2.6852e+00 +3.8089e+00 +1.3604e+00
477 +6.066745458e-01 +6.066745458e-01 -1.430133255e+02 -1.430133255e+02 -2.6889e+00 +3.5924e+00 +1.3376e+00
484 +4.612756754e-01 +4.612756754e-01 -1.431587243e+02 -1.431587243e+02 -2.3999e+00 +3.5301e+00 +1.4110e+00
583 +3.828286637e-01 +3.828286637e-01 -1.432371713e+02 -1.432371713e+02 -2.7681e+00 +3.2003e+00 +7.5953e-01
586 +2.157887924e-01 +2.157887924e-01 -1.434042112e+02 -1.434042112e+02 -2.5712e+00 +3.2114e+00 +9.9130e-01
614 +1.253018038e-01 +1.253018038e-01 -1.434946982e+02 -1.434946982e+02 -2.6462e+00 +3.2157e+00 +9.5596e-01
1014 +9.266505321e-02 +9.266505321e-02 -1.435273349e+02 -1.435273349e+02 -2.6656e+00 +3.3342e+00 +9.6731e-01
1058 +7.998683430e-02 +7.998683430e-02 -1.435400132e+02 -1.435400132e+02 -2.5966e+00 +3.3603e+00 +1.0155e+00
1227 +4.489995531e-02 +4.489995531e-02 -1.435751000e+02 -1.435751000e+02 -2.6223e+00 +3.2798e+00 +9.7257e-01
1315 +4.017426709e-02 +4.017426709e-02 -1.435798257e+02 -1.435798257e+02 -2.6409e+00 +3.3123e+00 +9.8031e-01
1451 +2.535219391e-02 +2.535219391e-02 -1.435946478e+02 -1.435946478e+02 -2.6531e+00 +3.3003e+00 +9.5381e-01
1671 +2.427379408e-02 +2.427379408e-02 -1.435957262e+02 -1.435957262e+02 -2.6354e+00 +3.3154e+00 +9.9336e-01
1698 +1.768795854e-02 +1.768795854e-02 -1.436023120e+02 -1.436023120e+02 -2.6384e+00 +3.3193e+00 +9.8720e-01
1699 +1.701857353e-02 +1.701857353e-02 -1.436029814e+02 -1.436029814e+02 -2.6365e+00 +3.3069e+00 +9.7434e-01
1738 +1.515824233e-02 +1.515824233e-02 -1.436048418e+02 -1.436048418e+02 -2.6372e+00 +3.3078e+00 +9.7354e-01
1776 +1.480295485e-02 +1.480295485e-02 -1.436051970e+02 -1.436051970e+02 -2.6438e+00 +3.2918e+00 +9.7495e-01
1793 +9.886237212e-03 +9.886237212e-03 -1.436101138e+02 -1.436101138e+02 -2.6428e+00 +3.2903e+00 +9.6051e-01
1805 +9.742899034e-03 +9.742899034e-03 -1.436102571e+02 -1.436102571e+02 -2.6402e+00 +3.2949e+00 +9.6442e-01
1885 +8.354720229e-03 +8.354720229e-03 -1.436116453e+02 -1.436116453e+02 -2.6478e+00 +3.2922e+00 +9.6048e-01
2231 +6.297231722e-03 +6.297231722e-03 -1.436137028e+02 -1.436137028e+02 -2.6449e+00 +3.2978e+00 +9.6833e-01
2250 +5.651508571e-03 +5.651508571e-03 -1.436143485e+02 -1.436143485e+02 -2.6407e+00 +3.3030e+00 +9.6928e-01
2285 +4.174780360e-03 +4.174780360e-03 -1.436158252e+02 -1.436158252e+02 -2.6442e+00 +3.3003e+00 +9.6658e-01
2321 +3.467966279e-03 +3.467966279e-03 -1.436165320e+02 -1.436165320e+02 -2.6441e+00 +3.2977e+00 +9.6570e-01
2379 +2.166762021e-03 +2.166762021e-03 -1.436178332e+02 -1.436178332e+02 -2.6441e+00 +3.2972e+00 +9.6541e-01
% function evaluation | noise-free fitness - Fopt (4.290000000000e+01) | best noise-free fitness - Fopt | measured fitness | best measured fitness | x1 | x2...
1 +8.998873893e+00 +8.998873893e+00 +5.189887389e+01 +5.189887389e+01 +0.0000e+00 +0.0000e+00 +0.0000e+00
3 +4.701532203e+00 +4.701532203e+00 +4.760153220e+01 +4.760153220e+01 -6.2465e-01 +1.2427e-01 +7.0687e-01
11 +3.689956199e+00 +3.689956199e+00 +4.658995620e+01 +4.658995620e+01 +3.8283e-02 -1.9817e+00 +1.1370e+00
38 +3.310118825e+00 +3.310118825e+00 +4.621011882e+01 +4.621011882e+01 -5.8332e-01 -1.5362e+00 +3.0383e+00
44 +1.832341594e+00 +1.832341594e+00 +4.473234159e+01 +4.473234159e+01 +6.0246e-02 -3.8116e-01 +2.6687e+00
60 +1.703879456e+00 +1.703879456e+00 +4.460387946e+01 +4.460387946e+01 +8.2325e-01 -2.8892e-01 +2.8469e+00
63 +1.520298857e+00 +1.520298857e+00 +4.442029886e+01 +4.442029886e+01 +7.0003e-01 -5.2845e-01 +2.0522e+00
79 +1.259993138e+00 +1.259993138e+00 +4.415999314e+01 +4.415999314e+01 +5.6945e-01 +5.1041e-01 +2.4644e+00
108 +4.354754582e-01 +4.354754582e-01 +4.333547546e+01 +4.333547546e+01 +2.4841e-01 +5.6551e-02 +2.7765e+00
355 +3.902176347e-01 +3.902176347e-01 +4.329021763e+01 +4.329021763e+01 +7.4772e-02 +1.6696e-01 +2.9895e+00
500 +1.150496708e-01 +1.150496708e-01 +4.301504967e+01 +4.301504967e+01 +1.9302e-01 +1.7094e-01 +2.9152e+00
987 +7.262591353e-02 +7.262591353e-02 +4.297262591e+01 +4.297262591e+01 +1.4530e-01 +2.1225e-01 +2.8450e+00
1113 +3.571509981e-02 +3.571509981e-02 +4.293571510e+01 +4.293571510e+01 +1.4421e-01 +1.8765e-01 +2.8560e+00
1503 +3.100038668e-02 +3.100038668e-02 +4.293100039e+01 +4.293100039e+01 +1.6996e-01 +2.1622e-01 +2.8800e+00
1567 +3.018927186e-02 +3.018927186e-02 +4.293018927e+01 +4.293018927e+01 +1.7116e-01 +1.9876e-01 +2.8553e+00
1799 +2.866809439e-02 +2.866809439e-02 +4.292866809e+01 +4.292866809e+01 +1.6099e-01 +1.9534e-01 +2.8664e+00
1802 +2.382955319e-02 +2.382955319e-02 +4.292382955e+01 +4.292382955e+01 +1.7166e-01 +2.1603e-01 +2.8861e+00
1811 +2.108234509e-02 +2.108234509e-02 +4.292108235e+01 +4.292108235e+01 +1.7407e-01 +2.0209e-01 +2.8646e+00
1821 +1.022507513e-02 +1.022507513e-02 +4.291022508e+01 +4.291022508e+01 +1.7038e-01 +2.0867e-01 +2.8757e+00
1843 +9.793844223e-03 +9.793844223e-03 +4.290979384e+01 +4.290979384e+01 +1.6961e-01 +2.1038e-01 +2.8732e+00
2064 +6.213630453e-03 +6.213630453e-03 +4.290621363e+01 +4.290621363e+01 +1.6922e-01 +2.0157e-01 +2.8687e+00
2093 +4.467204338e-03 +4.467204338e-03 +4.290446720e+01 +4.290446720e+01 +1.7094e-01 +1.9689e-01 +2.8659e+00
2418 +2.604088185e-03 +2.604088185e-03 +4.290260409e+01 +4.290260409e+01 +1.7038e-01 +1.9477e-01 +2.8627e+00
2609 +2.045913406e-03 +2.045913406e-03 +4.290204591e+01 +4.290204591e+01 +1.7021e-01 +1.9384e-01 +2.8610e+00
2783 +1.063097892e-03 +1.063097892e-03 +4.290106310e+01 +4.290106310e+01 +1.7011e-01 +1.9671e-01 +2.8640e+00
2832 +1.004155986e-03 +1.004155986e-03 +4.290100416e+01 +4.290100416e+01 +1.7026e-01 +1.9509e-01 +2.8626e+00
2839 +4.620051970e-04 +4.620051970e-04 +4.290046201e+01 +4.290046201e+01 +1.7038e-01 +1.9536e-01 +2.8627e+00
3115 +3.286457702e-04 +3.286457702e-04 +4.290032865e+01 +4.290032865e+01 +1.7035e-01 +1.9603e-01 +2.8634e+00
3465 +2.378274437e-04 +2.378274437e-04 +4.290023783e+01 +4.290023783e+01 +1.7033e-01 +1.9611e-01 +2.8631e+00
3766 +1.334797087e-04 +1.334797087e-04 +4.290013348e+01 +4.290013348e+01 +1.7040e-01 +1.9584e-01 +2.8631e+00
3809 +8.034063880e-05 +8.034063880e-05 +4.290008034e+01 +4.290008034e+01 +1.7039e-01 +1.9595e-01 +2.8632e+00
4262 +4.933495361e-05 +4.933495361e-05 +4.290004933e+01 +4.290004933e+01 +1.7038e-01 +1.9601e-01 +2.8632e+00
4274 +3.427139328e-05 +3.427139328e-05 +4.290003427e+01 +4.290003427e+01 +1.7040e-01 +1.9600e-01 +2.8632e+00
4374 +3.267282312e-05 +3.267282312e-05 +4.290003267e+01 +4.290003267e+01 +1.7040e-01 +1.9598e-01 +2.8632e+00
4496 +3.146957796e-05 +3.146957796e-05 +4.290003147e+01 +4.290003147e+01 +1.7041e-01 +1.9603e-01 +2.8632e+00
4501 +2.888080125e-05 +2.888080125e-05 +4.290002888e+01 +4.290002888e+01 +1.7039e-01 +1.9601e-01 +2.8632e+00
4711 +2.678139969e-05 +2.678139969e-05 +4.290002678e+01 +4.290002678e+01 +1.7041e-01 +1.9600e-01 +2.8632e+00
4804 +1.903795241e-05 +1.903795241e-05 +4.290001904e+01 +4.290001904e+01 +1.7040e-01 +1.9600e-01 +2.8632e+00
4951 +1.627027478e-05 +1.627027478e-05 +4.290001627e+01 +4.290001627e+01 +1.7040e-01 +1.9598e-01 +2.8632e+00
5054 +1.549244374e-05 +1.549244374e-05 +4.290001549e+01 +4.290001549e+01 +1.7039e-01 +1.9600e-01 +2.8632e+00
5064 +1.357778383e-05 +1.357778383e-05 +4.290001358e+01 +4.290001358e+01 +1.7039e-01 +1.9600e-01 +2.8632e+00
5123 +1.143461021e-05 +1.143461021e-05 +4.290001143e+01 +4.290001143e+01 +1.7041e-01 +1.9600e-01 +2.8632e+00
5134 +8.005206219e-06 +8.005206219e-06 +4.290000801e+01 +4.290000801e+01 +1.7040e-01 +1.9600e-01 +2.8632e+00
% function evaluation | noise-free fitness - Fopt (6.286500000000e+02) | best noise-free fitness - Fopt | measured fitness | best measured fitness | x1 | x2...
1 +8.633946120e+00 +8.633946120e+00 +6.372839461e+02 +6.372839461e+02 +0.0000e+00 +0.0000e+00 +0.0000e+00
3 +4.442819501e+00 +4.442819501e+00 +6.330928195e+02 +6.330928195e+02 -2.7063e+00 +1.7538e+00 -1.0665e+00
14 +1.648377590e+00 +1.648377590e+00 +6.302983776e+02 +6.302983776e+02 -4.0869e+00 +1.1867e+00 -2.7139e+00
57 +1.044883770e+00 +1.044883770e+00 +6.296948838e+02 +6.296948838e+02 -3.5352e+00 +7.0968e-01 -2.7607e+00
64 +6.420302818e-01 +6.420302818e-01 +6.292920303e+02 +6.292920303e+02 -2.9442e+00 +2.2438e-01 -2.3334e+00
116 +5.255524073e-01 +5.255524073e-01 +6.291755524e+02 +6.291755524e+02 -2.7943e+00 +8.2631e-01 -2.5450e+00
280 +3.779674322e-01 +3.779674322e-01 +6.290279674e+02 +6.290279674e+02 -2.7762e+00 +1.9350e-01 -2.5613e+00
292 +3.117701093e-01 +3.117701093e-01 +6.289617701e+02 +6.289617701e+02 -2.5867e+00 +2.8916e-01 -2.7266e+00
350 +1.708972913e-01 +1.708972913e-01 +6.288208973e+02 +6.288208973e+02 -2.4652e+00 +1.9170e-01 -2.6856e+00
757 +9.796386686e-02 +9.796386686e-02 +6.287479639e+02 +6.287479639e+02 -2.6271e+00 +3.7922e-01 -2.6775e+00
905 +6.400434708e-02 +6.400434708e-02 +6.287140043e+02 +6.287140043e+02 -2.6461e+00 +4.0196e-01 -2.6460e+00
1244 +4.849056868e-02 +4.849056868e-02 +6.286984906e+02 +6.286984906e+02 -2.5997e+00 +3.7141e-01 -2.6773e+00
1357 +4.785900349e-02 +4.785900349e-02 +6.286978590e+02 +6.286978590e+02 -2.6109e+00 +4.1765e-01 -2.6634e+00
1361 +4.082542419e-02 +4.082542419e-02 +6.286908254e+02 +6.286908254e+02 -2.5910e+00 +3.9921e-01 -2.6555e+00
1628 +3.495569422e-02 +3.495569422e-02 +6.286849557e+02 +6.286849557e+02 -2.6076e+00 +3.8873e-01 -2.6895e+00
1683 +1.070642633e-02 +1.070642633e-02 +6.286607064e+02 +6.286607064e+02 -2.6025e+00 +3.9953e-01 -2.6671e+00
2179 +6.390886924e-03 +6.390886924e-03 +6.286563909e+02 +6.286563909e+02 -2.6049e+00 +4.0087e-01 -2.6692e+00
2358 +5.165576623e-03 +5.165576623e-03 +6.286551656e+02 +6.286551656e+02 -2.6049e+00 +3.9999e-01 -2.6705e+00
2378 +4.174979621e-03 +4.174979621e-03 +6.286541750e+02 +6.286541750e+02 -2.6026e+00 +3.9909e-01 -2.6718e+00
2429 +3.058044899e-03 +3.058044899e-03 +6.286530580e+02 +6.286530580e+02 -2.6006e+00 +3.9670e-01 -2.6717e+00
2512 +3.012023308e-03 +3.012023308e-03 +6.286530120e+02 +6.286530120e+02 -2.6021e+00 +3.9714e-01 -2.6718e+00
2955 +1.083372312e-03 +1.083372312e-03 +6.286510834e+02 +6.286510834e+02 -2.6035e+00 +3.9931e-01 -2.6711e+00
2980 +9.919265830e-04 +9.919265830e-04 +6.286509919e+02 +6.286509919e+02 -2.6032e+00 +3.9883e-01 -2.6718e+00
3251 +7.177178517e-04 +7.177178517e-04 +6.286507177e+02 +6.286507177e+02 -2.6035e+00 +3.9948e-01 -2.6711e+00
3374 +3.209377053e-04 +3.209377053e-04 +6.286503209e+02 +6.286503209e+02 -2.6032e+00 +3.9934e-01 -2.6711e+00
3561 +2.462613347e-04 +2.462613347e-04 +6.286502463e+02 +6.286502463e+02 -2.6033e+00 +3.9910e-01 -2.6713e+00
4088 +1.607610758e-04 +1.607610758e-04 +6.286501608e+02 +6.286501608e+02 -2.6032e+00 +3.9922e-01 -2.6712e+00
4146 +1.027989908e-04 +1.027989908e-04 +6.286501028e+02 +6.286501028e+02 -2.6032e+00 +3.9924e-01 -2.6712e+00
4363 +4.672174032e-05 +4.672174032e-05 +6.286500467e+02 +6.286500467e+02 -2.6032e+00 +3.9921e-01 -2.6712e+00
4415 +3.149077361e-05 +3.149077361e-05 +6.286500315e+02 +6.286500315e+02 -2.6032e+00 +3.9920e-01 -2.6712e+00
5162 +3.017008214e-05 +3.017008214e-05 +6.286500302e+02 +6.286500302e+02 -2.6032e+00 +3.9922e-01 -2.6712e+00
5212 +2.919502640e-05 +2.919502640e-05 +6.286500292e+02 +6.286500292e+02 -2.6032e+00 +3.9921e-01 -2.6712e+00
5232 +1.249122226e-05 +1.249122226e-05 +6.286500125e+02 +6.286500125e+02 -2.6032e+00 +3.9920e-01 -2.6712e+00
5521 +1.054616519e-05 +1.054616519e-05 +6.286500105e+02 +6.286500105e+02 -2.6032e+00 +3.9919e-01 -2.6712e+00
5580 +6.371793006e-06 +6.371793006e-06 +6.286500064e+02 +6.286500064e+02 -2.6032e+00 +3.9920e-01 -2.6712e+00
5964 +3.553746069e-06 +3.553746069e-06 +6.286500036e+02 +6.286500036e+02 -2.6032e+00 +3.9920e-01 -2.6712e+00
6135 +3.431021241e-06 +3.431021241e-06 +6.286500034e+02 +6.286500034e+02 -2.6032e+00 +3.9920e-01 -2.6712e+00
6170 +3.127991818e-06 +3.127991818e-06 +6.286500031e+02 +6.286500031e+02 -2.6032e+00 +3.9920e-01 -2.6712e+00
6172 +2.616239613e-06 +2.616239613e-06 +6.286500026e+02 +6.286500026e+02 -2.6032e+00 +3.9920e-01 -2.6712e+00
6190 +9.974761497e-07 +9.974761497e-07 +6.286500010e+02 +6.286500010e+02 -2.6032e+00 +3.9920e-01 -2.6712e+00
6350 +8.186210607e-07 +8.186210607e-07 +6.286500008e+02 +6.286500008e+02 -2.6032e+00 +3.9920e-01 -2.6712e+00
6493 +7.955386536e-07 +7.955386536e-07 +6.286500008e+02 +6.286500008e+02 -2.6032e+00 +3.9920e-01 -2.6712e+00
6584 +7.092510259e-07 +7.092510259e-07 +6.286500007e+02 +6.286500007e+02 -2.6032e+00 +3.9920e-01 -2.6712e+00
6588 +6.883558399e-07 +6.883558399e-07 +6.286500007e+02 +6.286500007e+02 -2.6032e+00 +3.9920e-01 -2.6712e+00
6597 +2.521150009e-07 +2.521150009e-07 +6.286500003e+02 +6.286500003e+02 -2.6032e+00 +3.9920e-01 -2.6712e+00
6880 +2.371433538e-07 +2.371433538e-07 +6.286500002e+02 +6.286500002e+02 -2.6032e+00 +3.9920e-01 -2.6712e+00
7431 +1.699336281e-07 +1.699336281e-07 +6.286500002e+02 +6.286500002e+02 -2.6032e+00 +3.9920e-01 -2.6712e+00
7615 +1.656329687e-07 +1.656329687e-07 +6.286500002e+02 +6.286500002e+02 -2.6032e+00 +3.9920e-01 -2.6712e+00
7687 +1.565357479e-07 +1.565357479e-07 +6.286500002e+02 +6.286500002e+02 -2.6032e+00 +3.9920e-01 -2.6712e+00
7702 +1.482864036e-07 +1.482864036e-07 +6.286500001e+02 +6.286500001e+02 -2.6032e+00 +3.9920e-01 -2.6712e+00
7716 +8.229858395e-08 +8.229858395e-08 +6.286500001e+02 +6.286500001e+02 -2.6032e+00 +3.9920e-01 -2.6712e+00
7842 +6.844766176e-08 +6.844766176e-08 +6.286500001e+02 +6.286500001e+02 -2.6032e+00 +3.9920e-01 -2.6712e+00
8041 +3.693696726e-08 +3.693696726e-08 +6.286500000e+02 +6.286500000e+02 -2.6032e+00 +3.9920e-01 -2.6712e+00
8148 +3.541481419e-08 +3.541481419e-08 +6.286500000e+02 +6.286500000e+02 -2.6032e+00 +3.9920e-01 -2.6712e+00
8150 +4.716866897e-09 +4.716866897e-09 +6.286500000e+02 +6.286500000e+02 -2.6032e+00 +3.9920e-01 -2.6712e+00
12408 +0.000000000e+00 +0.000000000e+00 +6.286500000e+02 +6.286500000e+02 -2.6032e+00 +3.9920e-01 -2.6712e+00
% function evaluation | noise-free fitness - Fopt (-7.163000000000e+01) | best noise-free fitness - Fopt | measured fitness | best measured fitness | x1 | x2...
1 +1.562212157e+01 +1.562212157e+01 -5.600787843e+01 -5.600787843e+01 +0.0000e+00 +0.0000e+00 +0.0000e+00
4 +1.433095186e+01 +1.433095186e+01 -5.729904814e+01 -5.729904814e+01 +2.8085e-01 -1.8843e+00 +1.1020e+00
5 +1.076541656e+01 +1.076541656e+01 -6.086458344e+01 -6.086458344e+01 -7.0825e-01 -2.4524e+00 -1.6313e-01
9 +1.021701900e+01 +1.021701900e+01 -6.141298100e+01 -6.141298100e+01 -4.9288e-01 -5.7387e-01 +5.0581e-01
23 +8.810844115e+00 +8.810844115e+00 -6.281915588e+01 -6.281915588e+01 -1.1959e-01 -1.3446e+00 +1.8865e+00
24 +4.454011813e+00 +4.454011813e+00 -6.717598819e+01 -6.717598819e+01 +1.1663e+00 -3.6931e+00 +6.3693e-01
31 +4.114583370e+00 +4.114583370e+00 -6.751541663e+01 -6.751541663e+01 +9.0025e-01 -2.2485e+00 +2.2172e+00
32 +1.963496095e+00 +1.963496095e+00 -6.966650391e+01 -6.966650391e+01 +8.3256e-01 -2.9828e+00 +1.8077e+00
42 +1.477930163e+00 +1.477930163e+00 -7.015206984e+01 -7.015206984e+01 +1.5373e+00 -3.9828e+00 +2.6746e+00
118 +1.437107349e+00 +1.437107349e+00 -7.019289265e+01 -7.019289265e+01 +1.3810e+00 -3.5302e+00 +1.6218e+00
126 +1.060404069e+00 +1.060404069e+00 -7.056959593e+01 -7.056959593e+01 +1.1747e+00 -4.3724e+00 +2.8124e+00
204 +2.991470524e-01 +2.991470524e-01 -7.133085295e+01 -7.133085295e+01 +1.8498e+00 -3.2819e+00 +1.8035e+00
461 +2.752953476e-01 +2.752953476e-01 -7.135470465e+01 -7.135470465e+01 +1.8720e+00 -3.5248e+00 +1.8653e+00
862 +2.158764009e-01 +2.158764009e-01 -7.141412360e+01 -7.141412360e+01 +1.8360e+00 -3.4671e+00 +1.9082e+00
874 +1.952078164e-01 +1.952078164e-01 -7.143479218e+01 -7.143479218e+01 +1.7175e+00 -3.5081e+00 +1.7678e+00
907 +1.616332564e-01 +1.616332564e-01 -7.146836674e+01 -7.146836674e+01 +1.7682e+00 -3.5394e+00 +1.8667e+00
1104 +1.358609308e-01 +1.358609308e-01 -7.149413907e+01 -7.149413907e+01 +1.7547e+00 -3.4078e+00 +1.8066e+00
1143 +8.120698004e-02 +8.120698004e-02 -7.154879302e+01 -7.154879302e+01 +1.7561e+00 -3.4878e+00 +1.8161e+00
1148 +4.439314530e-02 +4.439314530e-02 -7.158560685e+01 -7.158560685e+01 +1.7364e+00 -3.5446e+00 +1.9274e+00
1634 +3.981808823e-02 +3.981808823e-02 -7.159018191e+01 -7.159018191e+01 +1.7638e+00 -3.4822e+00 +1.8649e+00
1703 +2.394192203e-02 +2.394192203e-02 -7.160605808e+01 -7.160605808e+01 +1.7607e+00 -3.4750e+00 +1.8434e+00
1963 +1.402421035e-02 +1.402421035e-02 -7.161597579e+01 -7.161597579e+01 +1.7604e+00 -3.4730e+00 +1.8445e+00
1988 +1.201759709e-02 +1.201759709e-02 -7.161798240e+01 -7.161798240e+01 +1.7610e+00 -3.4808e+00 +1.8433e+00
2040 +1.148642403e-02 +1.148642403e-02 -7.161851358e+01 -7.161851358e+01 +1.7589e+00 -3.4890e+00 +1.8517e+00
2233 +6.406919793e-03 +6.406919793e-03 -7.162359308e+01 -7.162359308e+01 +1.7623e+00 -3.4862e+00 +1.8492e+00
2603 +4.907638525e-03 +4.907638525e-03 -7.162509236e+01 -7.162509236e+01 +1.7607e+00 -3.4835e+00 +1.8469e+00
2692 +2.267349094e-03 +2.267349094e-03 -7.162773265e+01 -7.162773265e+01 +1.7612e+00 -3.4826e+00 +1.8489e+00
2839 +1.427776580e-03 +1.427776580e-03 -7.162857222e+01 -7.162857222e+01 +1.7613e+00 -3.4836e+00 +1.8499e+00
3086 +1.245013940e-03 +1.245013940e-03 -7.162875499e+01 -7.162875499e+01 +1.7618e+00 -3.4822e+00 +1.8482e+00
3135 +1.154127277e-03 +1.154127277e-03 -7.162884587e+01 -7.162884587e+01 +1.7610e+00 -3.4836e+00 +1.8490e+00
3331 +5.495844285e-04 +5.495844285e-04 -7.162945042e+01 -7.162945042e+01 +1.7618e+00 -3.4834e+00 +1.8486e+00
3884 +3.407208103e-04 +3.407208103e-04 -7.162965928e+01 -7.162965928e+01 +1.7615e+00 -3.4833e+00 +1.8491e+00
3985 +2.765167785e-04 +2.765167785e-04 -7.162972348e+01 -7.162972348e+01 +1.7616e+00 -3.4834e+00 +1.8490e+00
4076 +2.066233135e-04 +2.066233135e-04 -7.162979338e+01 -7.162979338e+01 +1.7615e+00 -3.4832e+00 +1.8488e+00
4084 +5.230897038e-05 +5.230897038e-05 -7.162994769e+01 -7.162994769e+01 +1.7616e+00 -3.4832e+00 +1.8488e+00
4573 +3.923522281e-05 +3.923522281e-05 -7.162996076e+01 -7.162996076e+01 +1.7616e+00 -3.4832e+00 +1.8488e+00
4704 +3.585498246e-05 +3.585498246e-05 -7.162996415e+01 -7.162996415e+01 +1.7616e+00 -3.4832e+00 +1.8488e+00
4758 +2.940730533e-05 +2.940730533e-05 -7.162997059e+01 -7.162997059e+01 +1.7616e+00 -3.4832e+00 +1.8488e+00
5123 +2.725326921e-05 +2.725326921e-05 -7.162997275e+01 -7.162997275e+01 +1.7616e+00 -3.4832e+00 +1.8488e+00
5228 +2.226845449e-05 +2.226845449e-05 -7.162997773e+01 -7.162997773e+01 +1.7616e+00 -3.4832e+00 +1.8488e+00
5401 +1.429011468e-05 +1.429011468e-05 -7.162998571e+01 -7.162998571e+01 +1.7616e+00 -3.4832e+00 +1.8488e+00
5407 +1.327080031e-05 +1.327080031e-05 -7.162998673e+01 -7.162998673e+01 +1.7616e+00 -3.4832e+00 +1.8488e+00
5548 +8.200884508e-06 +8.200884508e-06 -7.162999180e+01 -7.162999180e+01 +1.7616e+00 -3.4832e+00 +1.8488e+00
6308 +1.201080636e-06 +1.201080636e-06 -7.162999880e+01 -7.162999880e+01 +1.7616e+00 -3.4832e+00 +1.8488e+00
6362 +5.899740927e-07 +5.899740927e-07 -7.162999941e+01 -7.162999941e+01 +1.7616e+00 -3.4832e+00 +1.8488e+00
6887 +5.102205165e-07 +5.102205165e-07 -7.162999949e+01 -7.162999949e+01 +1.7616e+00 -3.4832e+00 +1.8488e+00
7115 +4.705895833e-07 +4.705895833e-07 -7.162999953e+01 -7.162999953e+01 +1.7616e+00 -3.4832e+00 +1.8488e+00
7171 +4.613774820e-07 +4.613774820e-07 -7.162999954e+01 -7.162999954e+01 +1.7616e+00 -3.4832e+00 +1.8488e+00
7185 +3.137676288e-07 +3.137676288e-07 -7.162999969e+01 -7.162999969e+01 +1.7616e+00 -3.4832e+00 +1.8488e+00
7350 +2.824954208e-07 +2.824954208e-07 -7.162999972e+01 -7.162999972e+01 +1.7616e+00 -3.4832e+00 +1.8488e+00
7443 +2.485642767e-07 +2.485642767e-07 -7.162999975e+01 -7.162999975e+01 +1.7616e+00 -3.4832e+00 +1.8488e+00
7455 +2.097221596e-07 +2.097221596e-07 -7.162999979e+01 -7.162999979e+01 +1.7616e+00 -3.4832e+00 +1.8488e+00
7458 +8.745288937e-08 +8.745288937e-08 -7.162999991e+01 -7.162999991e+01 +1.7616e+00 -3.4832e+00 +1.8488e+00
7977 +4.067641157e-08 +4.067641157e-08 -7.162999996e+01 -7.162999996e+01 +1.7616e+00 -3.4832e+00 +1.8488e+00
8063 +3.196363707e-08 +3.196363707e-08 -7.162999997e+01 -7.162999997e+01 +1.7616e+00 -3.4832e+00 +1.8488e+00
8251 +2.282644118e-08 +2.282644118e-08 -7.162999998e+01 -7.162999998e+01 +1.7616e+00 -3.4832e+00 +1.8488e+00
8614 +1.949277362e-08 +1.949277362e-08 -7.162999998e+01 -7.162999998e+01 +1.7616e+00 -3.4832e+00 +1.8488e+00
8636 +1.275951433e-08 +1.275951433e-08 -7.162999999e+01 -7.162999999e+01 +1.7616e+00 -3.4832e+00 +1.8488e+00
8947 +5.313737006e-09 +5.313737006e-09 -7.162999999e+01 -7.162999999e+01 +1.7616e+00 -3.4832e+00 +1.8488e+00
13464 +0.000000000e+00 +0.000000000e+00 -7.163000000e+01 -7.163000000e+01 +1.7616e+00 -3.4832e+00 +1.8488e+00
% function evaluation | noise-free fitness - Fopt (1.976000000000e+01) | best noise-free fitness - Fopt | measured fitness | best measured fitness | x1 | x2...
1 +2.887954938e+01 +2.887954938e+01 +4.863954938e+01 +4.863954938e+01 +0.0000e+00 +0.0000e+00 +0.0000e+00
2 +9.036428187e+00 +9.036428187e+00 +2.879642819e+01 +2.879642819e+01 +2.2215e-01 -7.8012e-01 -1.3302e+00
23 +7.254802240e+00 +7.254802240e+00 +2.701480224e+01 +2.701480224e+01 +9.1135e-01 +5.1203e-01 -1.5680e+00
34 +5.352648030e+00 +5.352648030e+00 +2.511264803e+01 +2.511264803e+01 +1.2674e+00 +2.2178e+00 -2.9571e+00
46 +4.272824718e+00 +4.272824718e+00 +2.403282472e+01 +2.403282472e+01 +2.1013e+00 +1.9744e+00 -1.9406e+00
50 +2.564908732e+00 +2.564908732e+00 +2.232490873e+01 +2.232490873e+01 +1.2715e+00 +3.2729e+00 -2.8066e+00
52 +2.341187968e+00 +2.341187968e+00 +2.210118797e+01 +2.210118797e+01 +1.6023e+00 +2.4587e+00 -3.1348e+00
102 +7.740488802e-01 +7.740488802e-01 +2.053404888e+01 +2.053404888e+01 +2.6424e+00 +1.2279e+00 -3.2678e+00
249 +7.305076658e-01 +7.305076658e-01 +2.049050767e+01 +2.049050767e+01 +2.5810e+00 +1.6881e+00 -2.8413e+00
267 +4.770172459e-01 +4.770172459e-01 +2.023701725e+01 +2.023701725e+01 +2.9396e+00 +1.6911e+00 -3.2709e+00
394 +4.050992144e-01 +4.050992144e-01 +2.016509921e+01 +2.016509921e+01 +2.5808e+00 +1.5437e+00 -3.2617e+00
423 +1.902948378e-01 +1.902948378e-01 +1.995029484e+01 +1.995029484e+01 +2.8436e+00 +1.4642e+00 -3.3074e+00
738 +6.948078227e-02 +6.948078227e-02 +1.982948078e+01 +1.982948078e+01 +2.7160e+00 +1.5151e+00 -3.2095e+00
1051 +4.521765899e-02 +4.521765899e-02 +1.980521766e+01 +1.980521766e+01 +2.7299e+00 +1.4918e+00 -3.2239e+00
1344 +4.147912481e-02 +4.147912481e-02 +1.980147912e+01 +1.980147912e+01 +2.7259e+00 +1.5209e+00 -3.2426e+00
1442 +3.400254864e-02 +3.400254864e-02 +1.979400255e+01 +1.979400255e+01 +2.7152e+00 +1.5163e+00 -3.2404e+00
1583 +2.578463247e-02 +2.578463247e-02 +1.978578463e+01 +1.978578463e+01 +2.7235e+00 +1.5112e+00 -3.2179e+00
1637 +1.315862175e-02 +1.315862175e-02 +1.977315862e+01 +1.977315862e+01 +2.7211e+00 +1.5304e+00 -3.2249e+00
1639 +1.088155865e-02 +1.088155865e-02 +1.977088156e+01 +1.977088156e+01 +2.7228e+00 +1.5306e+00 -3.2254e+00
1771 +1.026198215e-02 +1.026198215e-02 +1.977026198e+01 +1.977026198e+01 +2.7222e+00 +1.5275e+00 -3.2231e+00
1952 +3.061071068e-03 +3.061071068e-03 +1.976306107e+01 +1.976306107e+01 +2.7184e+00 +1.5254e+00 -3.2254e+00
2576 +2.367979331e-03 +2.367979331e-03 +1.976236798e+01 +1.976236798e+01 +2.7191e+00 +1.5267e+00 -3.2243e+00
2597 +1.188057685e-03 +1.188057685e-03 +1.976118806e+01 +1.976118806e+01 +2.7191e+00 +1.5261e+00 -3.2233e+00
2784 +1.171061422e-03 +1.171061422e-03 +1.976117106e+01 +1.976117106e+01 +2.7197e+00 +1.5251e+00 -3.2237e+00
2823 +6.361158645e-04 +6.361158645e-04 +1.976063612e+01 +1.976063612e+01 +2.7194e+00 +1.5258e+00 -3.2241e+00
3079 +2.632109393e-04 +2.632109393e-04 +1.976026321e+01 +1.976026321e+01 +2.7193e+00 +1.5255e+00 -3.2241e+00
3290 +2.304548668e-04 +2.304548668e-04 +1.976023045e+01 +1.976023045e+01 +2.7191e+00 +1.5258e+00 -3.2239e+00
3311 +1.878593058e-04 +1.878593058e-04 +1.976018786e+01 +1.976018786e+01 +2.7192e+00 +1.5257e+00 -3.2240e+00
3540 +1.213452885e-04 +1.213452885e-04 +1.976012135e+01 +1.976012135e+01 +2.7191e+00 +1.5257e+00 -3.2240e+00
3883 +1.088767529e-04 +1.088767529e-04 +1.976010888e+01 +1.976010888e+01 +2.7194e+00 +1.5254e+00 -3.2240e+00
4036 +5.776743755e-05 +5.776743755e-05 +1.976005777e+01 +1.976005777e+01 +2.7192e+00 +1.5256e+00 -3.2240e+00
4084 +3.005265532e-05 +3.005265532e-05 +1.976003005e+01 +1.976003005e+01 +2.7192e+00 +1.5256e+00 -3.2240e+00
4240 +2.923977696e-05 +2.923977696e-05 +1.976002924e+01 +1.976002924e+01 +2.7192e+00 +1.5256e+00 -3.2240e+00
4490 +1.754015368e-05 +1.754015368e-05 +1.976001754e+01 +1.976001754e+01 +2.7192e+00 +1.5256e+00 -3.2240e+00
4589 +1.077859355e-05 +1.077859355e-05 +1.976001078e+01 +1.976001078e+01 +2.7192e+00 +1.5256e+00 -3.2240e+00
4969 +6.105539658e-06 +6.105539658e-06 +1.976000611e+01 +1.976000611e+01 +2.7192e+00 +1.5256e+00 -3.2240e+00
5203 +5.016813770e-06 +5.016813770e-06 +1.976000502e+01 +1.976000502e+01 +2.7192e+00 +1.5256e+00 -3.2240e+00
5227 +3.626189546e-06 +3.626189546e-06 +1.976000363e+01 +1.976000363e+01 +2.7192e+00 +1.5256e+00 -3.2240e+00
5228 +1.601373693e-06 +1.601373693e-06 +1.976000160e+01 +1.976000160e+01 +2.7192e+00 +1.5256e+00 -3.2240e+00
5452 +8.893740606e-07 +8.893740606e-07 +1.976000089e+01 +1.976000089e+01 +2.7192e+00 +1.5256e+00 -3.2240e+00
5541 +8.583120312e-07 +8.583120312e-07 +1.976000086e+01 +1.976000086e+01 +2.7192e+00 +1.5256e+00 -3.2240e+00
5682 +6.217680522e-07 +6.217680522e-07 +1.976000062e+01 +1.976000062e+01 +2.7192e+00 +1.5256e+00 -3.2240e+00
5978 +5.213914704e-07 +5.213914704e-07 +1.976000052e+01 +1.976000052e+01 +2.7192e+00 +1.5256e+00 -3.2240e+00
6090 +4.044069328e-07 +4.044069328e-07 +1.976000040e+01 +1.976000040e+01 +2.7192e+00 +1.5256e+00 -3.2240e+00
6132 +3.675235689e-07 +3.675235689e-07 +1.976000037e+01 +1.976000037e+01 +2.7192e+00 +1.5256e+00 -3.2240e+00
6282 +3.222261746e-07 +3.222261746e-07 +1.976000032e+01 +1.976000032e+01 +2.7192e+00 +1.5256e+00 -3.2240e+00
6307 +2.646134298e-07 +2.646134298e-07 +1.976000026e+01 +1.976000026e+01 +2.7192e+00 +1.5256e+00 -3.2240e+00
6388 +2.563807584e-07 +2.563807584e-07 +1.976000026e+01 +1.976000026e+01 +2.7192e+00 +1.5256e+00 -3.2240e+00
6468 +2.206639564e-07 +2.206639564e-07 +1.976000022e+01 +1.976000022e+01 +2.7192e+00 +1.5256e+00 -3.2240e+00
6491 +1.119708202e-07 +1.119708202e-07 +1.976000011e+01 +1.976000011e+01 +2.7192e+00 +1.5256e+00 -3.2240e+00
6624 +1.063531379e-07 +1.063531379e-07 +1.976000011e+01 +1.976000011e+01 +2.7192e+00 +1.5256e+00 -3.2240e+00
6697 +9.489875907e-08 +9.489875907e-08 +1.976000009e+01 +1.976000009e+01 +2.7192e+00 +1.5256e+00 -3.2240e+00
6746 +9.178064531e-08 +9.178064531e-08 +1.976000009e+01 +1.976000009e+01 +2.7192e+00 +1.5256e+00 -3.2240e+00
6750 +4.852945779e-08 +4.852945779e-08 +1.976000005e+01 +1.976000005e+01 +2.7192e+00 +1.5256e+00 -3.2240e+00
6974 +2.541257160e-08 +2.541257160e-08 +1.976000003e+01 +1.976000003e+01 +2.7192e+00 +1.5256e+00 -3.2240e+00
7157 +1.529778260e-08 +1.529778260e-08 +1.976000002e+01 +1.976000002e+01 +2.7192e+00 +1.5256e+00 -3.2240e+00
7284 +7.304166161e-09 +7.304166161e-09 +1.976000001e+01 +1.976000001e+01 +2.7192e+00 +1.5256e+00 -3.2240e+00
12511 +0.000000000e+00 +0.000000000e+00 +1.976000000e+01 +1.976000000e+01 +2.7192e+00 +1.5256e+00 -3.2240e+00
% function evaluation | noise-free fitness - Fopt (6.100000000000e-01) | best noise-free fitness - Fopt | measured fitness | best measured fitness | x1 | x2...
1 +6.205246220e+01 +6.205246220e+01 +6.266246220e+01 +6.266246220e+01 +0.0000e+00 +0.0000e+00 +0.0000e+00
4 +3.803043907e+01 +3.803043907e+01 +3.864043907e+01 +3.864043907e+01 -3.0895e+00 -4.2225e+00 -4.9700e+00
7 +2.397241130e+01 +2.397241130e+01 +2.458241130e+01 +2.458241130e+01 +3.4688e-01 +1.6833e+00 +3.6245e-01
21 +1.738242432e+01 +1.738242432e+01 +1.799242432e+01 +1.799242432e+01 +4.4285e-01 +3.3110e+00 -2.5413e-01
23 +1.418150522e+01 +1.418150522e+01 +1.479150522e+01 +1.479150522e+01 -8.4297e-01 +2.9794e+00 -2.1282e-01
27 +9.040659748e+00 +9.040659748e+00 +9.650659748e+00 +9.650659748e+00 +8.6344e-01 +3.5459e+00 -3.0106e-01
37 +1.149622325e+00 +1.149622325e+00 +1.759622325e+00 +1.759622325e+00 +6.8295e-01 +1.9036e+00 -2.6834e+00
45 +2.913665352e-01 +2.913665352e-01 +9.013665352e-01 +9.013665352e-01 +1.0175e+00 +1.9684e+00 -2.8739e+00
345 +1.626969476e-01 +1.626969476e-01 +7.726969476e-01 +7.726969476e-01 +1.0225e+00 +1.9723e+00 -3.1357e+00
847 +1.213097120e-01 +1.213097120e-01 +7.313097120e-01 +7.313097120e-01 +1.1572e+00 +1.9664e+00 -2.9122e+00
1214 +1.080220016e-01 +1.080220016e-01 +7.180220016e-01 +7.180220016e-01 +1.1428e+00 +1.9369e+00 -2.9082e+00
1228 +9.337175792e-02 +9.337175792e-02 +7.033717579e-01 +7.033717579e-01 +1.0575e+00 +1.9785e+00 -3.0273e+00
1274 +5.199799565e-02 +5.199799565e-02 +6.619979956e-01 +6.619979956e-01 +1.1013e+00 +2.0280e+00 -3.0437e+00
1304 +5.012140175e-02 +5.012140175e-02 +6.601214018e-01 +6.601214018e-01 +1.1119e+00 +1.9777e+00 -2.9665e+00
1408 +3.469088875e-02 +3.469088875e-02 +6.446908887e-01 +6.446908887e-01 +1.0546e+00 +2.0291e+00 -3.0885e+00
1511 +8.246938008e-03 +8.246938008e-03 +6.182469380e-01 +6.182469380e-01 +1.0699e+00 +2.0264e+00 -3.0616e+00
2151 +6.985552063e-03 +6.985552063e-03 +6.169855521e-01 +6.169855521e-01 +1.0741e+00 +2.0242e+00 -3.0602e+00
2193 +4.898652212e-03 +4.898652212e-03 +6.148986522e-01 +6.148986522e-01 +1.0730e+00 +2.0272e+00 -3.0636e+00
2477 +3.449706467e-03 +3.449706467e-03 +6.134497065e-01 +6.134497065e-01 +1.0713e+00 +2.0285e+00 -3.0644e+00
2491 +3.069679312e-03 +3.069679312e-03 +6.130696793e-01 +6.130696793e-01 +1.0718e+00 +2.0284e+00 -3.0644e+00
2721 +2.078406110e-03 +2.078406110e-03 +6.120784061e-01 +6.120784061e-01 +1.0719e+00 +2.0263e+00 -3.0645e+00
2847 +1.541999412e-03 +1.541999412e-03 +6.115419994e-01 +6.115419994e-01 +1.0724e+00 +2.0261e+00 -3.0639e+00
2902 +1.340496794e-03 +1.340496794e-03 +6.113404968e-01 +6.113404968e-01 +1.0723e+00 +2.0262e+00 -3.0630e+00
2959 +7.947813552e-04 +7.947813552e-04 +6.107947814e-01 +6.107947814e-01 +1.0716e+00 +2.0268e+00 -3.0646e+00
3249 +7.465830470e-04 +7.465830470e-04 +6.107465830e-01 +6.107465830e-01 +1.0723e+00 +2.0265e+00 -3.0642e+00
3418 +5.514695763e-04 +5.514695763e-04 +6.105514696e-01 +6.105514696e-01 +1.0724e+00 +2.0260e+00 -3.0631e+00
3662 +4.526855981e-04 +4.526855981e-04 +6.104526856e-01 +6.104526856e-01 +1.0722e+00 +2.0262e+00 -3.0638e+00
3747 +4.056314300e-04 +4.056314300e-04 +6.104056314e-01 +6.104056314e-01 +1.0720e+00 +2.0263e+00 -3.0641e+00
3802 +2.852419799e-04 +2.852419799e-04 +6.102852420e-01 +6.102852420e-01 +1.0718e+00 +2.0264e+00 -3.0641e+00
3910 +2.349750940e-04 +2.349750940e-04 +6.102349751e-01 +6.102349751e-01 +1.0720e+00 +2.0265e+00 -3.0639e+00
3919 +1.649400798e-04 +1.649400798e-04 +6.101649401e-01 +6.101649401e-01 +1.0719e+00 +2.0264e+00 -3.0639e+00
3995 +1.597841264e-04 +1.597841264e-04 +6.101597841e-01 +6.101597841e-01 +1.0720e+00 +2.0264e+00 -3.0640e+00
4054 +6.087771937e-05 +6.087771937e-05 +6.100608777e-01 +6.100608777e-01 +1.0720e+00 +2.0264e+00 -3.0640e+00
4314 +5.893434779e-05 +5.893434779e-05 +6.100589343e-01 +6.100589343e-01 +1.0720e+00 +2.0264e+00 -3.0640e+00
4580 +5.018843197e-05 +5.018843197e-05 +6.100501884e-01 +6.100501884e-01 +1.0720e+00 +2.0264e+00 -3.0640e+00
4586 +3.677920086e-05 +3.677920086e-05 +6.100367792e-01 +6.100367792e-01 +1.0720e+00 +2.0264e+00 -3.0640e+00
4895 +3.349631227e-05 +3.349631227e-05 +6.100334963e-01 +6.100334963e-01 +1.0720e+00 +2.0264e+00 -3.0640e+00
4914 +3.291388523e-05 +3.291388523e-05 +6.100329139e-01 +6.100329139e-01 +1.0720e+00 +2.0264e+00 -3.0640e+00
4925 +1.488020846e-05 +1.488020846e-05 +6.100148802e-01 +6.100148802e-01 +1.0720e+00 +2.0264e+00 -3.0640e+00
5158 +1.422234408e-05 +1.422234408e-05 +6.100142223e-01 +6.100142223e-01 +1.0720e+00 +2.0264e+00 -3.0640e+00
5194 +7.964469244e-06 +7.964469244e-06 +6.100079645e-01 +6.100079645e-01 +1.0720e+00 +2.0264e+00 -3.0640e+00
5717 +2.266819681e-06 +2.266819681e-06 +6.100022668e-01 +6.100022668e-01 +1.0720e+00 +2.0264e+00 -3.0640e+00
5940 +2.020692956e-06 +2.020692956e-06 +6.100020207e-01 +6.100020207e-01 +1.0720e+00 +2.0264e+00 -3.0640e+00
6043 +1.033575852e-06 +1.033575852e-06 +6.100010336e-01 +6.100010336e-01 +1.0720e+00 +2.0264e+00 -3.0640e+00
6078 +7.416055872e-07 +7.416055872e-07 +6.100007416e-01 +6.100007416e-01 +1.0720e+00 +2.0264e+00 -3.0640e+00
6269 +7.069632706e-07 +7.069632706e-07 +6.100007070e-01 +6.100007070e-01 +1.0720e+00 +2.0264e+00 -3.0640e+00
6311 +6.292330930e-07 +6.292330930e-07 +6.100006292e-01 +6.100006292e-01 +1.0720e+00 +2.0264e+00 -3.0640e+00
6328 +5.857019104e-07 +5.857019104e-07 +6.100005857e-01 +6.100005857e-01 +1.0720e+00 +2.0264e+00 -3.0640e+00
6580 +5.674038870e-07 +5.674038870e-07 +6.100005674e-01 +6.100005674e-01 +1.0720e+00 +2.0264e+00 -3.0640e+00
6624 +5.358205220e-07 +5.358205220e-07 +6.100005358e-01 +6.100005358e-01 +1.0720e+00 +2.0264e+00 -3.0640e+00
6675 +3.637494115e-07 +3.637494115e-07 +6.100003637e-01 +6.100003637e-01 +1.0720e+00 +2.0264e+00 -3.0640e+00
6700 +2.999201317e-07 +2.999201317e-07 +6.100002999e-01 +6.100002999e-01 +1.0720e+00 +2.0264e+00 -3.0640e+00
6808 +2.669722324e-07 +2.669722324e-07 +6.100002670e-01 +6.100002670e-01 +1.0720e+00 +2.0264e+00 -3.0640e+00
6919 +1.951088542e-07 +1.951088542e-07 +6.100001951e-01 +6.100001951e-01 +1.0720e+00 +2.0264e+00 -3.0640e+00
7077 +1.323507248e-07 +1.323507248e-07 +6.100001324e-01 +6.100001324e-01 +1.0720e+00 +2.0264e+00 -3.0640e+00
7336 +1.149605749e-07 +1.149605749e-07 +6.100001150e-01 +6.100001150e-01 +1.0720e+00 +2.0264e+00 -3.0640e+00
7342 +9.226459086e-08 +9.226459086e-08 +6.100000923e-01 +6.100000923e-01 +1.0720e+00 +2.0264e+00 -3.0640e+00
7426 +3.914581848e-08 +3.914581848e-08 +6.100000391e-01 +6.100000391e-01 +1.0720e+00 +2.0264e+00 -3.0640e+00
7733 +2.809542587e-08 +2.809542587e-08 +6.100000281e-01 +6.100000281e-01 +1.0720e+00 +2.0264e+00 -3.0640e+00
7742 +1.480241218e-08 +1.480241218e-08 +6.100000148e-01 +6.100000148e-01 +1.0720e+00 +2.0264e+00 -3.0640e+00
7913 +1.416520667e-08 +1.416520667e-08 +6.100000142e-01 +6.100000142e-01 +1.0720e+00 +2.0264e+00 -3.0640e+00
8030 +4.371333850e-09 +4.371333850e-09 +6.100000044e-01 +6.100000044e-01 +1.0720e+00 +2.0264e+00 -3.0640e+00
14242 +0.000000000e+00 +0.000000000e+00 +6.100000000e-01 +6.100000000e-01 +1.0720e+00 +2.0264e+00 -3.0640e+00
% function evaluation | noise-free fitness - Fopt (-8.634400000000e+02) | best noise-free fitness - Fopt | measured fitness | best measured fitness | x1 | x2...
1 +7.247485193e+00 +7.247485193e+00 -8.561925148e+02 -8.561925148e+02 +0.0000e+00 +0.0000e+00 +0.0000e+00
4 +5.939767784e+00 +5.939767784e+00 -8.575002322e+02 -8.575002322e+02 +1.8244e+00 -9.0928e-01 +1.4095e+00
16 +5.167123486e+00 +5.167123486e+00 -8.582728765e+02 -8.582728765e+02 -1.9842e+00 -9.9628e-01 +1.1346e+00
19 +3.059490395e+00 +3.059490395e+00 -8.603805096e+02 -8.603805096e+02 -2.4948e+00 -1.4466e+00 +2.1097e+00
22 +1.984664143e+00 +1.984664143e+00 -8.614553359e+02 -8.614553359e+02 -3.9070e+00 -2.0540e+00 +1.7897e+00
32 +1.486497876e+00 +1.486497876e+00 -8.619535021e+02 -8.619535021e+02 -3.9261e+00 -3.2087e+00 +2.8540e+00
86 +9.470040808e-01 +9.470040808e-01 -8.624929959e+02 -8.624929959e+02 -3.4546e+00 -2.8263e+00 +1.7451e+00
164 +8.483749924e-01 +8.483749924e-01 -8.625916250e+02 -8.625916250e+02 -3.5873e+00 -2.6721e+00 +1.6929e+00
264 +6.144544777e-01 +6.144544777e-01 -8.628255455e+02 -8.628255455e+02 -3.7760e+00 -3.0329e+00 +2.1655e+00
326 +5.825578638e-01 +5.825578638e-01 -8.628574421e+02 -8.628574421e+02 -3.7212e+00 -3.0960e+00 +1.8829e+00
423 +3.844959677e-01 +3.844959677e-01 -8.630555040e+02 -8.630555040e+02 -3.5872e+00 -2.6843e+00 +1.9625e+00
646 +1.850028976e-01 +1.850028976e-01 -8.632549971e+02 -8.632549971e+02 -3.9049e+00 -2.9649e+00 +2.2866e+00
1104 +1.133972913e-01 +1.133972913e-01 -8.633266027e+02 -8.633266027e+02 -3.8728e+00 -2.9954e+00 +2.2455e+00
1258 +1.010200049e-01 +1.010200049e-01 -8.633389800e+02 -8.633389800e+02 -3.7663e+00 -2.8095e+00 +2.1344e+00
1505 +4.819052127e-02 +4.819052127e-02 -8.633918095e+02 -8.633918095e+02 -3.8347e+00 -2.8888e+00 +2.1944e+00
1511 +3.503602478e-02 +3.503602478e-02 -8.634049640e+02 -8.634049640e+02 -3.7916e+00 -2.8442e+00 +2.1784e+00
1705 +3.419792998e-02 +3.419792998e-02 -8.634058021e+02 -8.634058021e+02 -3.7838e+00 -2.8700e+00 +2.2000e+00
1740 +2.226832627e-02 +2.226832627e-02 -8.634177317e+02 -8.634177317e+02 -3.7911e+00 -2.8652e+00 +2.1752e+00
1878 +1.709783213e-02 +1.709783213e-02 -8.634229022e+02 -8.634229022e+02 -3.7753e+00 -2.8584e+00 +2.1780e+00
2194 +8.159585444e-03 +8.159585444e-03 -8.634318404e+02 -8.634318404e+02 -3.7942e+00 -2.8692e+00 +2.1891e+00
2305 +8.105703705e-03 +8.105703705e-03 -8.634318943e+02 -8.634318943e+02 -3.7853e+00 -2.8651e+00 +2.1891e+00
2331 +6.163717747e-03 +6.163717747e-03 -8.634338363e+02 -8.634338363e+02 -3.7921e+00 -2.8643e+00 +2.1874e+00
2598 +3.031233899e-03 +3.031233899e-03 -8.634369688e+02 -8.634369688e+02 -3.7904e+00 -2.8650e+00 +2.1882e+00
2727 +2.592927855e-03 +2.592927855e-03 -8.634374071e+02 -8.634374071e+02 -3.7900e+00 -2.8640e+00 +2.1871e+00
2775 +2.344831198e-03 +2.344831198e-03 -8.634376552e+02 -8.634376552e+02 -3.7895e+00 -2.8636e+00 +2.1875e+00
2857 +4.475162311e-04 +4.475162311e-04 -8.634395525e+02 -8.634395525e+02 -3.7888e+00 -2.8633e+00 +2.1866e+00
3391 +3.476141165e-04 +3.476141165e-04 -8.634396524e+02 -8.634396524e+02 -3.7891e+00 -2.8633e+00 +2.1864e+00
3498 +2.483352898e-04 +2.483352898e-04 -8.634397517e+02 -8.634397517e+02 -3.7888e+00 -2.8633e+00 +2.1864e+00
3955 +1.415323234e-04 +1.415323234e-04 -8.634398585e+02 -8.634398585e+02 -3.7888e+00 -2.8632e+00 +2.1863e+00
4028 +1.009686839e-04 +1.009686839e-04 -8.634398990e+02 -8.634398990e+02 -3.7888e+00 -2.8632e+00 +2.1864e+00
4085 +8.822186885e-05 +8.822186885e-05 -8.634399118e+02 -8.634399118e+02 -3.7888e+00 -2.8632e+00 +2.1864e+00
4453 +3.923316410e-05 +3.923316410e-05 -8.634399608e+02 -8.634399608e+02 -3.7888e+00 -2.8632e+00 +2.1864e+00
4686 +3.041393302e-05 +3.041393302e-05 -8.634399696e+02 -8.634399696e+02 -3.7888e+00 -2.8632e+00 +2.1864e+00
4779 +2.986745574e-05 +2.986745574e-05 -8.634399701e+02 -8.634399701e+02 -3.7888e+00 -2.8632e+00 +2.1864e+00
4929 +2.915200423e-05 +2.915200423e-05 -8.634399708e+02 -8.634399708e+02 -3.7888e+00 -2.8632e+00 +2.1864e+00
4994 +2.234143471e-05 +2.234143471e-05 -8.634399777e+02 -8.634399777e+02 -3.7888e+00 -2.8632e+00 +2.1864e+00
5200 +1.256670384e-05 +1.256670384e-05 -8.634399874e+02 -8.634399874e+02 -3.7888e+00 -2.8632e+00 +2.1864e+00
5698 +9.860816022e-06 +9.860816022e-06 -8.634399901e+02 -8.634399901e+02 -3.7888e+00 -2.8632e+00 +2.1864e+00
5832 +7.467477644e-06 +7.467477644e-06 -8.634399925e+02 -8.634399925e+02 -3.7888e+00 -2.8632e+00 +2.1864e+00
5895 +6.699706887e-06 +6.699706887e-06 -8.634399933e+02 -8.634399933e+02 -3.7888e+00 -2.8632e+00 +2.1864e+00
5914 +1.446694341e-06 +1.446694341e-06 -8.634399986e+02 -8.634399986e+02 -3.7888e+00 -2.8632e+00 +2.1864e+00
% function evaluation | noise-free fitness - Fopt (1.318500000000e+02) | best noise-free fitness - Fopt | measured fitness | best measured fitness | x1 | x2...
1 +4.113547410e+00 +4.113547410e+00 +1.359635474e+02 +1.359635474e+02 +0.0000e+00 +0.0000e+00 +0.0000e+00
12 +3.084495797e+00 +3.084495797e+00 +1.349344958e+02 +1.349344958e+02 +6.8899e-01 -7.4893e-01 +2.1810e+00
15 +1.857762402e+00 +1.857762402e+00 +1.337077624e+02 +1.337077624e+02 +3.6826e-01 +7.1939e-01 +1.7732e+00
25 +9.054622137e-01 +9.054622137e-01 +1.327554622e+02 +1.327554622e+02 +1.7448e-01 +4.0546e-01 +1.6393e+00
58 +4.529602496e-01 +4.529602496e-01 +1.323029602e+02 +1.323029602e+02 -6.6681e-02 -2.9302e-01 +1.7691e+00
127 +4.047441584e-01 +4.047441584e-01 +1.322547442e+02 +1.322547442e+02 -1.9958e-02 +1.2947e-01 +1.5550e+00
147 +3.839954007e-01 +3.839954007e-01 +1.322339954e+02 +1.322339954e+02 -1.2712e-01 -4.5528e-01 +1.6706e+00
517 +3.034259664e-01 +3.034259664e-01 +1.321534260e+02 +1.321534260e+02 -1.5789e-02 +5.2437e-01 +1.6662e+00
537 +2.478974147e-01 +2.478974147e-01 +1.320978974e+02 +1.320978974e+02 +3.5048e-02 +5.3623e-01 +1.7229e+00
550 +2.410713788e-01 +2.410713788e-01 +1.320910714e+02 +1.320910714e+02 -1.5737e-02 +3.3337e-01 +1.7049e+00
559 +1.019444634e-01 +1.019444634e-01 +1.319519445e+02 +1.319519445e+02 -6.1807e-02 +2.8793e-02 +1.7185e+00
1008 +2.663540362e-02 +2.663540362e-02 +1.318766354e+02 +1.318766354e+02 -2.2380e-02 +1.6028e-01 +1.7221e+00
1342 +1.213056304e-02 +1.213056304e-02 +1.318621306e+02 +1.318621306e+02 -1.6492e-02 +1.7077e-01 +1.7161e+00
1417 +3.829158699e-03 +3.829158699e-03 +1.318538292e+02 +1.318538292e+02 -1.7193e-02 +1.5452e-01 +1.7153e+00
2149 +3.693803453e-03 +3.693803453e-03 +1.318536938e+02 +1.318536938e+02 -1.9941e-02 +1.5219e-01 +1.7122e+00
2326 +3.370379796e-03 +3.370379796e-03 +1.318533704e+02 +1.318533704e+02 -1.7262e-02 +1.5478e-01 +1.7123e+00
2407 +2.925083885e-03 +2.925083885e-03 +1.318529251e+02 +1.318529251e+02 -1.8641e-02 +1.4899e-01 +1.7136e+00
2508 +2.182809181e-03 +2.182809181e-03 +1.318521828e+02 +1.318521828e+02 -1.7877e-02 +1.5410e-01 +1.7137e+00
2683 +1.605221423e-03 +1.605221423e-03 +1.318516052e+02 +1.318516052e+02 -1.7515e-02 +1.5377e-01 +1.7140e+00
2694 +1.062506569e-03 +1.062506569e-03 +1.318510625e+02 +1.318510625e+02 -1.7478e-02 +1.5359e-01 +1.7141e+00
2772 +7.401831958e-04 +7.401831958e-04 +1.318507402e+02 +1.318507402e+02 -1.7719e-02 +1.5205e-01 +1.7137e+00
2875 +4.360968384e-04 +4.360968384e-04 +1.318504361e+02 +1.318504361e+02 -1.7491e-02 +1.5282e-01 +1.7136e+00
2996 +3.234851009e-04 +3.234851009e-04 +1.318503235e+02 +1.318503235e+02 -1.7493e-02 +1.5279e-01 +1.7136e+00
3156 +2.394933979e-04 +2.394933979e-04 +1.318502395e+02 +1.318502395e+02 -1.7578e-02 +1.5274e-01 +1.7136e+00
3286 +8.750287088e-05 +8.750287088e-05 +1.318500875e+02 +1.318500875e+02 -1.7614e-02 +1.5281e-01 +1.7136e+00
3728 +4.925936946e-05 +4.925936946e-05 +1.318500493e+02 +1.318500493e+02 -1.7599e-02 +1.5284e-01 +1.7136e+00
3798 +3.420677146e-05 +3.420677146e-05 +1.318500342e+02 +1.318500342e+02 -1.7596e-02 +1.5283e-01 +1.7136e+00
4181 +3.276275527e-05 +3.276275527e-05 +1.318500328e+02 +1.318500328e+02 -1.7605e-02 +1.5278e-01 +1.7136e+00
4185 +3.087477913e-05 +3.087477913e-05 +1.318500309e+02 +1.318500309e+02 -1.7599e-02 +1.5278e-01 +1.7136e+00
4275 +1.317344723e-05 +1.317344723e-05 +1.318500132e+02 +1.318500132e+02 -1.7603e-02 +1.5278e-01 +1.7136e+00
4512 +1.003048311e-05 +1.003048311e-05 +1.318500100e+02 +1.318500100e+02 -1.7600e-02 +1.5280e-01 +1.7136e+00
