% function evaluation | noise-free fitness - Fopt (2.997000000000e+01) | best noise-free fitness - Fopt | measured fitness | best measured fitness | x1 | x2...
1 +1.048116465e+03 +1.048116465e+03 +1.078086465e+03 +1.078086465e+03 +0.0000e+00 +0.0000e+00 +0.0000e+00 +0.0000e+00 +0.0000e+00
4 +4.766099680e+02 +4.766099680e+02 +5.065799680e+02 +5.065799680e+02 -4.9454e-01 -3.2534e-01 -2.4593e+00 -3.2571e+00 -4.7651e-01
26 +3.674703393e+02 +3.674703393e+02 +3.974403393e+02 +3.974403393e+02 +1.7161e+00 -1.1853e+00 -2.8388e+00 -3.1645e+00 +7.2323e-01
27 +3.519123154e+02 +3.519123154e+02 +3.818823154e+02 +3.818823154e+02 +5.6847e-01 +1.0485e+00 -2.9828e+00 -1.7105e+00 +1.6025e+00
32 +3.028345082e+02 +3.028345082e+02 +3.328045082e+02 +3.328045082e+02 +1.1412e+00 +6.0183e-01 -2.3277e+00 -2.4731e+00 +1.8122e+00
36 +2.771364323e+02 +2.771364323e+02 +3.071064323e+02 +3.071064323e+02 -8.5833e-02 +1.8689e+00 -2.2545e+00 -2.0333e+00 +2.1175e+00
54 +2.524466641e+02 +2.524466641e+02 +2.824166641e+02 +2.824166641e+02 -7.3021e-01 -7.5505e-01 -3.3269e+00 -2.6890e+00 +3.7775e+00
68 +2.279692274e+02 +2.279692274e+02 +2.579392274e+02 +2.579392274e+02 -7.4261e-01 -8.3681e-01 -3.5703e+00 -2.0380e+00 +3.0791e+00
77 +2.219429812e+02 +2.219429812e+02 +2.519129812e+02 +2.519129812e+02 +7.1972e-02 +1.4439e+00 -3.0766e+00 -2.1991e+00 +4.8542e+00
97 +1.906234704e+02 +1.906234704e+02 +2.205934704e+02 +2.205934704e+02 +3.1926e-01 +1.5849e-01 -3.9168e+00 -1.4828e+00 +5.1799e+00
111 +8.982870016e+01 +8.982870016e+01 +1.197987002e+02 +1.197987002e+02 +9.9906e-03 +4.5684e-01 -3.4472e+00 -1.6456e+00 +4.2750e+00
134 +8.744006715e+01 +8.744006715e+01 +1.174100671e+02 +1.174100671e+02 -1.8668e-01 +1.3043e+00 -2.8656e+00 -1.7867e+00 +4.5673e+00
388 +7.782153348e+01 +7.782153348e+01 +1.077915335e+02 +1.077915335e+02 +1.7425e+00 -3.0598e+00 -4.1399e+00 -1.9618e+00 +2.5067e+00
478 +6.682827921e+01 +6.682827921e+01 +9.679827921e+01 +9.679827921e+01 +7.6515e-01 -2.2434e+00 -3.9945e+00 -2.0067e+00 +3.0563e+00
569 +6.065703653e+01 +6.065703653e+01 +9.062703653e+01 +9.062703653e+01 +1.1658e+00 -1.7996e+00 -3.4820e+00 -2.0381e+00 +2.8799e+00
588 +5.117457206e+01 +5.117457206e+01 +8.114457206e+01 +8.114457206e+01 +8.4288e-01 -2.2853e+00 -3.7658e+00 -2.1644e+00 +2.9477e+00
673 +2.807092192e+01 +2.807092192e+01 +5.804092192e+01 +5.804092192e+01 +8.4634e-01 -1.5654e+00 -3.5026e+00 -1.9896e+00 +3.0612e+00
758 +1.313615834e+01 +1.313615834e+01 +4.310615834e+01 +4.310615834e+01 +9.6050e-01 -1.9119e+00 -3.7144e+00 -1.9783e+00 +2.9288e+00
1520 +1.217104619e+01 +1.217104619e+01 +4.214104619e+01 +4.214104619e+01 +9.9598e-01 -1.9566e+00 -3.7497e+00 -1.9141e+00 +3.0086e+00
1687 +1.059320040e+01 +1.059320040e+01 +4.056320040e+01 +4.056320040e+01 +9.9460e-01 -2.0375e+00 -3.7194e+00 -1.9691e+00 +2.8990e+00
1756 +9.845615597e+00 +9.845615597e+00 +3.981561560e+01 +3.981561560e+01 +9.5098e-01 -1.7895e+00 -3.7038e+00 -1.9398e+00 +3.0637e+00
1762 +7.371749578e+00 +7.371749578e+00 +3.734174958e+01 +3.734174958e+01 +9.7182e-01 -1.9103e+00 -3.7021e+00 -1.9404e+00 +2.9946e+00
1826 +5.766757911e+00 +5.766757911e+00 +3.573675791e+01 +3.573675791e+01 +8.3942e-01 -1.6801e+00 -3.6713e+00 -1.9420e+00 +3.1545e+00
2011 +5.507605442e+00 +5.507605442e+00 +3.547760544e+01 +3.547760544e+01 +9.1357e-01 -1.8337e+00 -3.7033e+00 -1.9369e+00 +3.0513e+00
2285 +4.979519858e+00 +4.979519858e+00 +3.494951986e+01 +3.494951986e+01 +9.5842e-01 -1.8586e+00 -3.6959e+00 -1.9540e+00 +3.0223e+00
2359 +9.778471687e-01 +9.778471687e-01 +3.094784717e+01 +3.094784717e+01 +8.6728e-01 -1.6909e+00 -3.6564e+00 -1.9448e+00 +3.1169e+00
4112 +8.531807394e-01 +8.531807394e-01 +3.082318074e+01 +3.082318074e+01 +7.7057e-01 -1.4241e+00 -3.5909e+00 -1.9157e+00 +3.2231e+00
4319 +6.672607748e-01 +6.672607748e-01 +3.063726077e+01 +3.063726077e+01 +7.6422e-01 -1.4109e+00 -3.5880e+00 -1.9153e+00 +3.2265e+00
4346 +6.296202699e-01 +6.296202699e-01 +3.059962027e+01 +3.059962027e+01 +7.6648e-01 -1.4184e+00 -3.5879e+00 -1.9155e+00 +3.2195e+00
4844 +5.945159756e-01 +5.945159756e-01 +3.056451598e+01 +3.056451598e+01 +7.5216e-01 -1.3853e+00 -3.5813e+00 -1.9116e+00 +3.2366e+00
4891 +5.455506519e-01 +5.455506519e-01 +3.051555065e+01 +3.051555065e+01 +7.5292e-01 -1.3868e+00 -3.5816e+00 -1.9134e+00 +3.2352e+00
5214 +4.933323204e-01 +4.933323204e-01 +3.046333232e+01 +3.046333232e+01 +7.5303e-01 -1.3863e+00 -3.5804e+00 -1.9130e+00 +3.2349e+00
5341 +4.717134596e-01 +4.717134596e-01 +3.044171346e+01 +3.044171346e+01 +7.5460e-01 -1.3888e+00 -3.5815e+00 -1.9132e+00 +3.2325e+00
5435 +4.269447228e-01 +4.269447228e-01 +3.039694472e+01 +3.039694472e+01 +7.5367e-01 -1.3864e+00 -3.5807e+00 -1.9126e+00 +3.2342e+00
5573 +4.000911727e-01 +4.000911727e-01 +3.037009117e+01 +3.037009117e+01 +7.5456e-01 -1.3902e+00 -3.5821e+00 -1.9129e+00 +3.2340e+00
5646 +3.929989641e-01 +3.929989641e-01 +3.036299896e+01 +3.036299896e+01 +7.5481e-01 -1.3902e+00 -3.5821e+00 -1.9127e+00 +3.2339e+00
5719 +3.775849976e-01 +3.775849976e-01 +3.034758500e+01 +3.034758500e+01 +7.5569e-01 -1.3930e+00 -3.5825e+00 -1.9133e+00 +3.2320e+00
5978 +3.589188311e-01 +3.589188311e-01 +3.032891883e+01 +3.032891883e+01 +7.5656e-01 -1.3947e+00 -3.5830e+00 -1.9136e+00 +3.2316e+00
6012 +3.460133425e-01 +3.460133425e-01 +3.031601334e+01 +3.031601334e+01 +7.5648e-01 -1.3951e+00 -3.5832e+00 -1.9135e+00 +3.2316e+00
6083 +3.316081673e-01 +3.316081673e-01 +3.030160817e+01 +3.030160817e+01 +7.5718e-01 -1.3970e+00 -3.5837e+00 -1.9137e+00 +3.2306e+00
6197 +3.111555930e-01 +3.111555930e-01 +3.028115559e+01 +3.028115559e+01 +7.5752e-01 -1.3976e+00 -3.5839e+00 -1.9138e+00 +3.2304e+00
6880 +3.032022641e-01 +3.032022641e-01 +3.027320226e+01 +3.027320226e+01 +7.5748e-01 -1.3973e+00 -3.5838e+00 -1.9137e+00 +3.2305e+00
7868 +3.012461807e-01 +3.012461807e-01 +3.027124618e+01 +3.027124618e+01 +7.5770e-01 -1.3979e+00 -3.5840e+00 -1.9138e+00 +3.2303e+00
% function evaluation | noise-free fitness - Fopt (-5.171000000000e+01) | best noise-free fitness - Fopt | measured fitness | best measured fitness | x1 | x2...
1 +1.267442521e+03 +1.267442521e+03 +1.215732521e+03 +1.215732521e+03 +0.0000e+00 +0.0000e+00 +0.0000e+00 +0.0000e+00 +0.0000e+00
2 +1.022860183e+03 +1.022860183e+03 +9.711501832e+02 +9.711501832e+02 +1.9718e+00 -1.0259e+00 -3.6863e-01 +1.8391e-01 +2.3620e+00
13 +8.262577839e+02 +8.262577839e+02 +7.745477839e+02 +7.745477839e+02 +3.4152e+00 -5.8548e-01 -1.0537e+00 -8.8948e-02 +3.0084e+00
33 +7.537365498e+02 +7.537365498e+02 +7.020265498e+02 +7.020265498e+02 +3.1638e+00 -7.8871e-01 -1.4874e+00 -5.8587e-01 +1.3771e+00
44 +6.692303338e+02 +6.692303338e+02 +6.175203338e+02 +6.175203338e+02 +2.4306e+00 -1.1099e+00 -1.8202e+00 -1.7778e+00 +2.4398e+00
45 +6.490806301e+02 +6.490806301e+02 +5.973706301e+02 +5.973706301e+02 +3.7807e+00 -1.2005e-01 -1.8201e+00 -1.7097e+00 +3.4604e+00
55 +4.814038865e+02 +4.814038865e+02 +4.296938865e+02 +4.296938865e+02 +2.3023e+00 +7.1040e-02 -2.8260e+00 -1.3206e+00 +2.8215e+00
65 +3.700873053e+02 +3.700873053e+02 +3.183773053e+02 +3.183773053e+02 +1.8918e+00 -4.3391e-01 -5.0434e+00 -1.4791e+00 +4.9530e+00
67 +3.566769396e+02 +3.566769396e+02 +3.049669396e+02 +3.049669396e+02 +3.6275e+00 +1.1696e+00 -4.3976e+00 -1.8014e+00 +2.9358e+00
72 +3.517100883e+02 +3.517100883e+02 +3.000000883e+02 +3.000000883e+02 +3.2345e+00 +1.9383e+00 -5.0310e+00 -2.4099e+00 +3.4652e+00
75 +3.029284813e+02 +3.029284813e+02 +2.512184813e+02 +2.512184813e+02 +1.7871e+00 +2.5568e+00 -4.8082e+00 -1.5707e+00 +2.9595e+00
98 +2.945402289e+02 +2.945402289e+02 +2.428302289e+02 +2.428302289e+02 +3.1601e+00 +1.5135e+00 -4.3200e+00 -1.8864e+00 +3.1629e+00
104 +1.897090363e+02 +1.897090363e+02 +1.379990363e+02 +1.379990363e+02 +2.2680e+00 +2.1173e+00 -3.6856e+00 -2.2726e+00 +2.3938e+00
181 +1.202597443e+02 +1.202597443e+02 +6.854974431e+01 +6.854974431e+01 +2.6909e+00 +3.3607e+00 -3.7938e+00 -2.9067e+00 +1.2790e+00
187 +7.707563597e+01 +7.707563597e+01 +2.536563597e+01 +2.536563597e+01 +2.6598e+00 +4.0899e+00 -3.0921e+00 -3.3197e+00 +5.3019e-01
289 +6.172450019e+01 +6.172450019e+01 +1.001450019e+01 +1.001450019e+01 +2.4108e+00 +3.4176e+00 -3.3851e+00 -4.0262e+00 +8.5544e-01
509 +3.660236627e+01 +3.660236627e+01 -1.510763373e+01 -1.510763373e+01 +2.3626e+00 +2.9811e+00 -3.5671e+00 -3.4852e+00 +1.3170e+00
1084 +2.509376195e+01 +2.509376195e+01 -2.661623805e+01 -2.661623805e+01 +2.3630e+00 +2.4645e+00 -3.7917e+00 -3.7485e+00 +1.6600e+00
1250 +1.437674864e+01 +1.437674864e+01 -3.733325136e+01 -3.733325136e+01 +2.2776e+00 +2.4830e+00 -3.7499e+00 -3.6057e+00 +1.6961e+00
1842 +1.218927483e+01 +1.218927483e+01 -3.952072517e+01 -3.952072517e+01 +2.2968e+00 +2.5243e+00 -3.7261e+00 -3.6924e+00 +1.6148e+00
2304 +1.033049355e+01 +1.033049355e+01 -4.137950645e+01 -4.137950645e+01 +2.3046e+00 +2.4798e+00 -3.7485e+00 -3.6403e+00 +1.7142e+00
2441 +9.733729614e+00 +9.733729614e+00 -4.197627039e+01 -4.197627039e+01 +2.3868e+00 +2.7393e+00 -3.5853e+00 -3.6639e+00 +1.4401e+00
2446 +9.248963452e+00 +9.248963452e+00 -4.246103655e+01 -4.246103655e+01 +2.3974e+00 +2.7018e+00 -3.5949e+00 -3.6616e+00 +1.4265e+00
2448 +8.845314674e+00 +8.845314674e+00 -4.286468533e+01 -4.286468533e+01 +2.3948e+00 +2.6868e+00 -3.6236e+00 -3.7111e+00 +1.4749e+00
2453 +6.782048729e+00 +6.782048729e+00 -4.492795127e+01 -4.492795127e+01 +2.3973e+00 +2.6999e+00 -3.6080e+00 -3.6759e+00 +1.4430e+00
2506 +4.877403055e+00 +4.877403055e+00 -4.683259695e+01 -4.683259695e+01 +2.3802e+00 +2.6267e+00 -3.6668e+00 -3.6637e+00 +1.5445e+00
2604 +4.645044736e+00 +4.645044736e+00 -4.706495526e+01 -4.706495526e+01 +2.4317e+00 +2.7459e+00 -3.5780e+00 -3.6583e+00 +1.4014e+00
2824 +4.361646775e+00 +4.361646775e+00 -4.734835322e+01 -4.734835322e+01 +2.4592e+00 +2.8291e+00 -3.5338e+00 -3.6441e+00 +1.3500e+00
2841 +3.401925201e+00 +3.401925201e+00 -4.830807480e+01 -4.830807480e+01 +2.4581e+00 +2.8223e+00 -3.5387e+00 -3.6514e+00 +1.3526e+00
2905 +2.260876929e+00 +2.260876929e+00 -4.944912307e+01 -4.944912307e+01 +2.4544e+00 +2.7938e+00 -3.5576e+00 -3.6513e+00 +1.3733e+00
3245 +2.103349684e+00 +2.103349684e+00 -4.960665032e+01 -4.960665032e+01 +2.4659e+00 +2.8330e+00 -3.5380e+00 -3.6621e+00 +1.3336e+00
3362 +2.069471802e+00 +2.069471802e+00 -4.964052820e+01 -4.964052820e+01 +2.4774e+00 +2.8462e+00 -3.5326e+00 -3.6504e+00 +1.3320e+00
3423 +1.128280266e+00 +1.128280266e+00 -5.058171973e+01 -5.058171973e+01 +2.4694e+00 +2.8324e+00 -3.5392e+00 -3.6571e+00 +1.3389e+00
3907 +1.075311116e+00 +1.075311116e+00 -5.063468888e+01 -5.063468888e+01 +2.4896e+00 +2.8817e+00 -3.5117e+00 -3.6577e+00 +1.2944e+00
4220 +1.053989776e+00 +1.053989776e+00 -5.065601022e+01 -5.065601022e+01 +2.4927e+00 +2.8874e+00 -3.5056e+00 -3.6559e+00 +1.2868e+00
4446 +9.891659029e-01 +9.891659029e-01 -5.072083410e+01 -5.072083410e+01 +2.4930e+00 +2.8875e+00 -3.5069e+00 -3.6594e+00 +1.2851e+00
4622 +9.736821302e-01 +9.736821302e-01 -5.073631787e+01 -5.073631787e+01 +2.4884e+00 +2.8777e+00 -3.5139e+00 -3.6577e+00 +1.2972e+00
4624 +7.904559895e-01 +7.904559895e-01 -5.091954401e+01 -5.091954401e+01 +2.4920e+00 +2.8846e+00 -3.5083e+00 -3.6578e+00 +1.2888e+00
5156 +7.464965566e-01 +7.464965566e-01 -5.096350344e+01 -5.096350344e+01 +2.4939e+00 +2.8876e+00 -3.5067e+00 -3.6564e+00 +1.2858e+00
5279 +6.909788689e-01 +6.909788689e-01 -5.101902113e+01 -5.101902113e+01 +2.4951e+00 +2.8912e+00 -3.5045e+00 -3.6571e+00 +1.2823e+00
6158 +6.742341308e-01 +6.742341308e-01 -5.103576587e+01 -5.103576587e+01 +2.4952e+00 +2.8909e+00 -3.5046e+00 -3.6568e+00 +1.2827e+00
6626 +6.599862931e-01 +6.599862931e-01 -5.105001371e+01 -5.105001371e+01 +2.4959e+00 +2.8928e+00 -3.5036e+00 -3.6568e+00 +1.2811e+00
7000 +6.438374965e-01 +6.438374965e-01 -5.106616250e+01 -5.106616250e+01 +2.4963e+00 +2.8937e+00 -3.5030e+00 -3.6569e+00 +1.2801e+00
7766 +6.309537434e-01 +6.309537434e-01 -5.107904626e+01 -5.107904626e+01 +2.4966e+00 +2.8944e+00 -3.5027e+00 -3.6569e+00 +1.2795e+00
% function evaluation | noise-free fitness - Fopt (-2.799500000000e+02) | best noise-free fitness - Fopt | measured fitness | best measured fitness | x1 | x2...
1 +1.914452900e+03 +1.914452900e+03 +1.634502900e+03 +1.634502900e+03 +0.0000e+00 +0.0000e+00 +0.0000e+00 +0.0000e+00 +0.0000e+00
3 +1.394667966e+03 +1.394667966e+03 +1.114717966e+03 +1.114717966e+03 -1.2910e+00 -7.3075e-01 +8.3235e-01 -1.7098e+00 -2.0120e+00
13 +1.354842798e+03 +1.354842798e+03 +1.074892798e+03 +1.074892798e+03 -2.8111e+00 +1.4053e-01 -4.3916e-01 -3.3614e+00 -4.8266e+00
14 +1.334541117e+03 +1.334541117e+03 +1.054591117e+03 +1.054591117e+03 -1.8426e+00 -6.9640e-01 -3.7136e-01 -3.3004e+00 -4.2386e+00
16 +1.253151874e+03 +1.253151874e+03 +9.732018739e+02 +9.732018739e+02 -3.8228e-01 -2.5580e+00 +2.2827e+00 +2.4826e+00 +1.0643e+00
21 +1.004280461e+03 +1.004280461e+03 +7.243304613e+02 +7.243304613e+02 -2.0210e+00 -1.9421e+00 +2.1188e+00 +1.1780e+00 -3.4372e-01
23 +7.456477416e+02 +7.456477416e+02 +4.656977416e+02 +4.656977416e+02 -3.4912e+00 -2.8108e+00 +2.7590e+00 +2.3215e+00 +2.3993e-01
35 +4.895209489e+02 +4.895209489e+02 +2.095709489e+02 +2.095709489e+02 -4.8101e+00 -2.6737e+00 +2.7708e+00 -1.3443e-01 -3.0623e-01
43 +4.672193331e+02 +4.672193331e+02 +1.872693331e+02 +1.872693331e+02 -4.4962e+00 -4.1579e+00 +2.5453e+00 +8.3741e-01 +3.1062e-01
51 +3.649705124e+02 +3.649705124e+02 +8.502051237e+01 +8.502051237e+01 -3.9493e+00 -3.8358e+00 +3.7859e+00 +8.0825e-01 -5.8045e-01
55 +2.599264837e+02 +2.599264837e+02 -2.002351633e+01 -2.002351633e+01 -4.9268e+00 -2.9692e+00 +2.8498e+00 -1.7904e+00 -2.5653e+00
62 +1.687106113e+02 +1.687106113e+02 -1.112393887e+02 -1.112393887e+02 -4.6592e+00 -3.1531e+00 +3.4699e+00 -1.6949e+00 -2.7765e+00
67 +1.626859687e+02 +1.626859687e+02 -1.172640313e+02 -1.172640313e+02 -5.4102e+00 -2.3079e+00 +4.8472e+00 -2.6091e+00 -3.4994e+00
132 +1.471812203e+02 +1.471812203e+02 -1.327687797e+02 -1.327687797e+02 -3.2951e+00 -4.0888e+00 +4.0812e+00 -3.6744e-01 -2.8524e+00
277 +1.068866840e+02 +1.068866840e+02 -1.730633160e+02 -1.730633160e+02 -4.0401e+00 -3.5520e+00 +4.1411e+00 -1.1134e+00 -4.1159e+00
316 +1.026853001e+02 +1.026853001e+02 -1.772646999e+02 -1.772646999e+02 -2.7797e+00 -4.5459e+00 +2.8315e+00 -8.3590e-01 -3.3993e+00
682 +1.008971658e+02 +1.008971658e+02 -1.790528342e+02 -1.790528342e+02 -3.0927e+00 -4.6081e+00 +1.8030e+00 -3.9109e-01 -2.8176e+00
693 +8.079845579e+01 +8.079845579e+01 -1.991515442e+02 -1.991515442e+02 -3.1384e+00 -4.8113e+00 +2.1135e+00 -3.1752e-01 -2.9774e+00
714 +6.336898828e+01 +6.336898828e+01 -2.165810117e+02 -2.165810117e+02 -2.7440e+00 -5.1299e+00 +2.0076e+00 -1.3578e-01 -2.9509e+00
776 +4.440021463e+01 +4.440021463e+01 -2.355497854e+02 -2.355497854e+02 -3.3579e+00 -4.2418e+00 +2.7978e+00 -6.1582e-01 -3.4392e+00
1035 +3.468060344e+01 +3.468060344e+01 -2.452693966e+02 -2.452693966e+02 -2.8875e+00 -4.8109e+00 +2.4650e+00 -2.8921e-01 -3.0116e+00
1079 +2.993824593e+01 +2.993824593e+01 -2.500117541e+02 -2.500117541e+02 -3.0550e+00 -4.5693e+00 +2.4224e+00 -6.2072e-01 -3.2147e+00
1547 +2.773572223e+01 +2.773572223e+01 -2.522142778e+02 -2.522142778e+02 -3.2784e+00 -4.4098e+00 +2.6046e+00 -6.8842e-01 -3.2435e+00
1607 +1.565506755e+01 +1.565506755e+01 -2.642949324e+02 -2.642949324e+02 -3.2757e+00 -4.2787e+00 +2.8022e+00 -7.4507e-01 -3.3575e+00
1671 +1.538417625e+01 +1.538417625e+01 -2.645658238e+02 -2.645658238e+02 -3.2805e+00 -4.3194e+00 +2.7461e+00 -6.5193e-01 -3.2634e+00
1792 +1.261668886e+01 +1.261668886e+01 -2.673333111e+02 -2.673333111e+02 -3.1757e+00 -4.4119e+00 +2.7851e+00 -6.1754e-01 -3.2951e+00
1967 +9.519614653e+00 +9.519614653e+00 -2.704303853e+02 -2.704303853e+02 -3.0600e+00 -4.5625e+00 +2.5675e+00 -4.8750e-01 -3.1799e+00
2059 +6.042074312e+00 +6.042074312e+00 -2.739079257e+02 -2.739079257e+02 -3.2536e+00 -4.3464e+00 +2.7856e+00 -6.5174e-01 -3.2525e+00
2633 +5.460765038e+00 +5.460765038e+00 -2.744892350e+02 -2.744892350e+02 -3.1934e+00 -4.4025e+00 +2.7506e+00 -6.1579e-01 -3.2474e+00
2639 +3.924752288e+00 +3.924752288e+00 -2.760252477e+02 -2.760252477e+02 -3.2030e+00 -4.4056e+00 +2.7330e+00 -6.1626e-01 -3.2284e+00
2865 +3.664990169e+00 +3.664990169e+00 -2.762850098e+02 -2.762850098e+02 -3.2778e+00 -4.3127e+00 +2.8500e+00 -6.8780e-01 -3.2767e+00
3201 +3.259184469e+00 +3.259184469e+00 -2.766908155e+02 -2.766908155e+02 -3.2987e+00 -4.3036e+00 +2.8603e+00 -6.9938e-01 -3.2871e+00
3341 +2.595106140e+00 +2.595106140e+00 -2.773548939e+02 -2.773548939e+02 -3.2972e+00 -4.3036e+00 +2.8574e+00 -7.0624e-01 -3.2757e+00
3345 +2.358443292e+00 +2.358443292e+00 -2.775915567e+02 -2.775915567e+02 -3.3057e+00 -4.2964e+00 +2.8683e+00 -7.1058e-01 -3.2782e+00
3510 +1.972948714e+00 +1.972948714e+00 -2.779770513e+02 -2.779770513e+02 -3.3353e+00 -4.2634e+00 +2.9111e+00 -7.4033e-01 -3.3018e+00
3690 +1.867179789e+00 +1.867179789e+00 -2.780828202e+02 -2.780828202e+02 -3.3584e+00 -4.2389e+00 +2.9345e+00 -7.5690e-01 -3.3095e+00
3732 +1.478505778e+00 +1.478505778e+00 -2.784714942e+02 -2.784714942e+02 -3.3628e+00 -4.2305e+00 +2.9467e+00 -7.5938e-01 -3.3140e+00
3934 +1.330163747e+00 +1.330163747e+00 -2.786198363e+02 -2.786198363e+02 -3.3872e+00 -4.2087e+00 +2.9786e+00 -7.7699e-01 -3.3224e+00
4194 +1.312614457e+00 +1.312614457e+00 -2.786373855e+02 -2.786373855e+02 -3.4017e+00 -4.1920e+00 +2.9964e+00 -7.8855e-01 -3.3275e+00
4250 +1.006034877e+00 +1.006034877e+00 -2.789439651e+02 -2.789439651e+02 -3.4069e+00 -4.1867e+00 +3.0029e+00 -7.9781e-01 -3.3356e+00
4400 +8.690713587e-01 +8.690713587e-01 -2.790809286e+02 -2.790809286e+02 -3.4034e+00 -4.1887e+00 +3.0021e+00 -7.9364e-01 -3.3349e+00
4881 +7.173750467e-01 +7.173750467e-01 -2.792326250e+02 -2.792326250e+02 -3.4152e+00 -4.1765e+00 +3.0150e+00 -8.0470e-01 -3.3405e+00
5287 +6.989060640e-01 +6.989060640e-01 -2.792510939e+02 -2.792510939e+02 -3.4105e+00 -4.1813e+00 +3.0090e+00 -8.0007e-01 -3.3371e+00
5591 +6.429093127e-01 +6.429093127e-01 -2.793070907e+02 -2.793070907e+02 -3.4094e+00 -4.1824e+00 +3.0087e+00 -7.9904e-01 -3.3366e+00
% function evaluation | noise-free fitness - Fopt (9.319900000000e+02) | best noise-free fitness - Fopt | measured fitness | best measured fitness | x1 | x2...
1 +7.845967669e+02 +7.845967669e+02 +1.716586767e+03 +1.716586767e+03 +0.0000e+00 +0.0000e+00 +0.0000e+00 +0.0000e+00 +0.0000e+00
6 +5.811237969e+02 +5.811237969e+02 +1.513113797e+03 +1.513113797e+03 -1.5829e+00 +1.4015e+00 +5.5333e+00 +2.1494e+00 -1.5850e+00
8 +4.993260642e+02 +4.993260642e+02 +1.431316064e+03 +1.431316064e+03 -9.2110e-02 +7.1793e-01 +1.0154e+00 -6.6121e-01 +5.4631e-01
11 +4.670639509e+02 +4.670639509e+02 +1.399053951e+03 +1.399053951e+03 -5.5018e-01 +1.4607e+00 +4.8916e+00 +1.1459e-05 -2.0614e-01
14 +3.934973367e+02 +3.934973367e+02 +1.325487337e+03 +1.325487337e+03 -2.8174e-02 +3.0848e+00 +5.2211e+00 +1.1626e+00 +2.9233e-01
25 +2.154470171e+02 +2.154470171e+02 +1.147437017e+03 +1.147437017e+03 +8.7368e-01 +2.3634e+00 +4.9237e+00 +1.4224e+00 +3.6385e-01
64 +1.817418932e+02 +1.817418932e+02 +1.113731893e+03 +1.113731893e+03 +2.6354e+00 +8.3871e-01 +3.6367e+00 +2.4862e-01 +2.4816e+00
71 +1.389743715e+02 +1.389743715e+02 +1.070964371e+03 +1.070964371e+03 +2.4399e+00 +1.1259e+00 +3.6322e+00 +3.2503e-01 +2.4614e+00
117 +9.922280090e+01 +9.922280090e+01 +1.031212801e+03 +1.031212801e+03 +2.2222e+00 +2.2269e+00 +4.3625e+00 +7.6776e-01 +1.5717e+00
193 +3.678964194e+01 +3.678964194e+01 +9.687796419e+02 +9.687796419e+02 +1.7245e+00 +1.6840e+00 +4.2353e+00 +7.2904e-01 +1.5626e+00
1060 +2.992574292e+01 +2.992574292e+01 +9.619157429e+02 +9.619157429e+02 +1.0789e+00 +3.7259e-01 +2.3620e+00 -1.3324e+00 +2.6219e+00
1266 +2.583442456e+01 +2.583442456e+01 +9.578244246e+02 +9.578244246e+02 +9.9424e-01 +1.3509e-01 +1.8300e+00 -1.7122e+00 +2.8483e+00
1272 +2.431061665e+01 +2.431061665e+01 +9.563006167e+02 +9.563006167e+02 +8.6495e-01 +1.0980e-01 +1.7252e+00 -1.9401e+00 +2.9368e+00
1355 +2.227785089e+01 +2.227785089e+01 +9.542678509e+02 +9.542678509e+02 +8.9184e-01 +1.6984e-01 +1.8546e+00 -1.8135e+00 +2.8277e+00
1556 +2.137476462e+01 +2.137476462e+01 +9.533647646e+02 +9.533647646e+02 +1.0232e+00 +2.3940e-01 +2.0508e+00 -1.5034e+00 +2.7428e+00
1729 +1.688902301e+01 +1.688902301e+01 +9.488790230e+02 +9.488790230e+02 +1.0936e+00 +3.1814e-01 +2.1201e+00 -1.4813e+00 +2.7762e+00
1757 +1.618895374e+01 +1.618895374e+01 +9.481789537e+02 +9.481789537e+02 +1.1977e+00 +5.0070e-01 +2.2716e+00 -1.3181e+00 +2.6878e+00
1787 +1.270762161e+01 +1.270762161e+01 +9.446976216e+02 +9.446976216e+02 +1.2155e+00 +6.1199e-01 +2.4312e+00 -1.2208e+00 +2.6201e+00
1902 +1.230731987e+01 +1.230731987e+01 +9.442973199e+02 +9.442973199e+02 +1.0848e+00 +4.9837e-01 +2.2498e+00 -1.3578e+00 +2.6481e+00
1914 +9.713305117e+00 +9.713305117e+00 +9.417033051e+02 +9.417033051e+02 +1.0894e+00 +4.3999e-01 +2.2096e+00 -1.4404e+00 +2.6982e+00
2100 +8.725054411e+00 +8.725054411e+00 +9.407150544e+02 +9.407150544e+02 +1.1413e+00 +5.6175e-01 +2.4762e+00 -1.1484e+00 +2.5443e+00
2106 +7.757999641e+00 +7.757999641e+00 +9.397479996e+02 +9.397479996e+02 +1.1442e+00 +5.9314e-01 +2.4510e+00 -1.1355e+00 +2.5319e+00
2133 +6.665431682e+00 +6.665431682e+00 +9.386554317e+02 +9.386554317e+02 +1.2026e+00 +6.0366e-01 +2.4864e+00 -1.1186e+00 +2.5337e+00
2458 +6.322104519e+00 +6.322104519e+00 +9.383121045e+02 +9.383121045e+02 +1.1837e+00 +5.7922e-01 +2.4687e+00 -1.1685e+00 +2.5756e+00
2558 +6.018769009e+00 +6.018769009e+00 +9.380087690e+02 +9.380087690e+02 +1.1514e+00 +5.3913e-01 +2.3960e+00 -1.1945e+00 +2.5744e+00
2564 +5.860067400e+00 +5.860067400e+00 +9.378500674e+02 +9.378500674e+02 +1.1456e+00 +5.4982e-01 +2.3994e+00 -1.1930e+00 +2.5689e+00
2631 +3.965953162e+00 +3.965953162e+00 +9.359559532e+02 +9.359559532e+02 +1.2079e+00 +6.2695e-01 +2.5201e+00 -1.1028e+00 +2.5437e+00
2752 +2.989542270e+00 +2.989542270e+00 +9.349795423e+02 +9.349795423e+02 +1.2070e+00 +6.4457e-01 +2.5582e+00 -1.0621e+00 +2.5108e+00
3108 +2.796235593e+00 +2.796235593e+00 +9.347862356e+02 +9.347862356e+02 +1.1985e+00 +6.3895e-01 +2.5493e+00 -1.0496e+00 +2.5076e+00
3229 +1.925993668e+00 +1.925993668e+00 +9.339159937e+02 +9.339159937e+02 +1.2184e+00 +6.6811e-01 +2.5958e+00 -1.0165e+00 +2.4936e+00
3418 +1.671501642e+00 +1.671501642e+00 +9.336615016e+02 +9.336615016e+02 +1.2195e+00 +6.5782e-01 +2.5759e+00 -1.0358e+00 +2.5053e+00
3941 +1.432212416e+00 +1.432212416e+00 +9.334222124e+02 +9.334222124e+02 +1.2097e+00 +6.4984e-01 +2.5620e+00 -1.0459e+00 +2.5087e+00
4115 +1.391448587e+00 +1.391448587e+00 +9.333814486e+02 +9.333814486e+02 +1.2310e+00 +6.8489e-01 +2.6210e+00 -9.8351e-01 +2.4815e+00
4129 +1.333191621e+00 +1.333191621e+00 +9.333231916e+02 +9.333231916e+02 +1.2274e+00 +6.8587e-01 +2.6184e+00 -9.8963e-01 +2.4790e+00
4399 +1.276848427e+00 +1.276848427e+00 +9.332668484e+02 +9.332668484e+02 +1.2294e+00 +6.8624e-01 +2.6213e+00 -9.8796e-01 +2.4804e+00
4631 +1.252261883e+00 +1.252261883e+00 +9.332422619e+02 +9.332422619e+02 +1.2311e+00 +6.8560e-01 +2.6223e+00 -9.8605e-01 +2.4813e+00
4634 +1.162553615e+00 +1.162553615e+00 +9.331525536e+02 +9.331525536e+02 +1.2316e+00 +6.8775e-01 +2.6197e+00 -9.8654e-01 +2.4791e+00
4637 +9.977255303e-01 +9.977255303e-01 +9.329877255e+02 +9.329877255e+02 +1.2314e+00 +6.8439e-01 +2.6184e+00 -9.8748e-01 +2.4816e+00
5161 +9.627418940e-01 +9.627418940e-01 +9.329527419e+02 +9.329527419e+02 +1.2325e+00 +6.8669e-01 +2.6218e+00 -9.8562e-01 +2.4808e+00
5238 +9.313717725e-01 +9.313717725e-01 +9.329213718e+02 +9.329213718e+02 +1.2319e+00 +6.8714e-01 +2.6221e+00 -9.8478e-01 +2.4788e+00
5304 +8.558516274e-01 +8.558516274e-01 +9.328458516e+02 +9.328458516e+02 +1.2327e+00 +6.8896e-01 +2.6254e+00 -9.8140e-01 +2.4775e+00
5493 +8.274451343e-01 +8.274451343e-01 +9.328174451e+02 +9.328174451e+02 +1.2328e+00 +6.8963e-01 +2.6256e+00 -9.8102e-01 +2.4773e+00
5663 +7.899778512e-01 +7.899778512e-01 +9.327799779e+02 +9.327799779e+02 +1.2340e+00 +6.9138e-01 +2.6283e+00 -9.7862e-01 +2.4762e+00
5751 +7.749592750e-01 +7.749592750e-01 +9.327649593e+02 +9.327649593e+02 +1.2348e+00 +6.9202e-01 +2.6298e+00 -9.7698e-01 +2.4760e+00
6060 +7.527071306e-01 +7.527071306e-01 +9.327427071e+02 +9.327427071e+02 +1.2357e+00 +6.9384e-01 +2.6324e+00 -9.7407e-01 +2.4745e+00
6085 +7.239783966e-01 +7.239783966e-01 +9.327139784e+02 +9.327139784e+02 +1.2366e+00 +6.9550e-01 +2.6351e+00 -9.7146e-01 +2.4732e+00
9264 +7.075859951e-01 +7.075859951e-01 +9.326975860e+02 +9.326975860e+02 +1.2361e+00 +6.9486e-01 +2.6340e+00 -9.7266e-01 +2.4737e+00
% function evaluation | noise-free fitness - Fopt (1.133100000000e+02) | best noise-free fitness - Fopt | measured fitness | best measured fitness | x1 | x2...
1 +5.494990338e+02 +5.494990338e+02 +6.628090338e+02 +6.628090338e+02 +0.0000e+00 +0.0000e+00 +0.0000e+00 +0.0000e+00 +0.0000e+00
3 +5.323441545e+02 +5.323441545e+02 +6.456541545e+02 +6.456541545e+02 -1.5228e-01 +1.2302e+00 +2.5606e-01 +4.7446e-01 -6.3772e-01
18 +3.807002353e+02 +3.807002353e+02 +4.940102353e+02 +4.940102353e+02 +4.1622e-01 +2.0450e+00 +8.8506e-01 +6.6369e-01 +1.9571e-01
24 +2.929879881e+02 +2.929879881e+02 +4.062979881e+02 +4.062979881e+02 +1.4754e+00 +1.9774e+00 -6.4098e-01 -2.0666e-01 +4.7375e-02
40 +1.962513451e+02 +1.962513451e+02 +3.095613451e+02 +3.095613451e+02 +2.4544e+00 +2.7601e+00 +1.0828e+00 -2.7036e-02 +7.4367e-01
63 +1.895459680e+02 +1.895459680e+02 +3.028559680e+02 +3.028559680e+02 +1.5436e+00 +2.9660e+00 -7.5356e-02 +7.7480e-01 +1.3220e+00
65 +1.537494513e+02 +1.537494513e+02 +2.670594513e+02 +2.670594513e+02 +2.3234e+00 +2.9325e+00 +4.4907e-01 -4.5927e-01 +9.0180e-01
185 +1.491120125e+02 +1.491120125e+02 +2.624220125e+02 +2.624220125e+02 +2.8733e+00 +3.1382e+00 +3.4206e-01 +1.0022e+00 +1.5542e-01
192 +1.465631995e+02 +1.465631995e+02 +2.598731995e+02 +2.598731995e+02 +2.2709e+00 +4.2411e+00 +8.1206e-01 +4.8729e-01 +7.1588e-01
201 +8.735461903e+01 +8.735461903e+01 +2.006646190e+02 +2.006646190e+02 +1.7265e+00 +3.5755e+00 +1.0345e+00 +7.4950e-01 +5.7781e-01
408 +6.998752485e+01 +6.998752485e+01 +1.832975248e+02 +1.832975248e+02 +2.4563e+00 +2.1599e+00 -5.5713e-01 +9.7307e-01 +7.1585e-01
441 +5.244342828e+01 +5.244342828e+01 +1.657534283e+02 +1.657534283e+02 +2.2925e+00 +2.6943e+00 +1.4206e-02 +9.3840e-01 +9.0151e-01
486 +3.648934154e+01 +3.648934154e+01 +1.497993415e+02 +1.497993415e+02 +2.2585e+00 +2.2653e+00 -2.4769e-01 +3.7793e-01 +9.7594e-01
876 +2.479485311e+01 +2.479485311e+01 +1.381048531e+02 +1.381048531e+02 +2.2849e+00 +2.5434e+00 -1.4168e-01 +6.7587e-01 +9.7526e-01
1190 +1.980775495e+01 +1.980775495e+01 +1.331177549e+02 +1.331177549e+02 +2.2807e+00 +2.6468e+00 -5.9563e-02 +6.0205e-01 +9.1218e-01
1495 +1.899641839e+01 +1.899641839e+01 +1.323064184e+02 +1.323064184e+02 +2.2641e+00 +2.4940e+00 -5.5750e-02 +4.8352e-01 +9.0791e-01
1569 +1.674239301e+01 +1.674239301e+01 +1.300523930e+02 +1.300523930e+02 +2.3687e+00 +2.5638e+00 -1.0345e-01 +6.6827e-01 +8.2625e-01
1586 +1.334924711e+01 +1.334924711e+01 +1.266592471e+02 +1.266592471e+02 +2.3189e+00 +2.5407e+00 -1.2974e-01 +6.4674e-01 +9.2831e-01
1833 +1.148231271e+01 +1.148231271e+01 +1.247923127e+02 +1.247923127e+02 +2.2511e+00 +2.8160e+00 +2.4664e-01 +5.8026e-01 +7.9880e-01
1842 +9.371889854e+00 +9.371889854e+00 +1.226818899e+02 +1.226818899e+02 +2.2774e+00 +2.8048e+00 +1.7155e-01 +6.1708e-01 +8.2932e-01
1968 +6.580895435e+00 +6.580895435e+00 +1.198908954e+02 +1.198908954e+02 +2.2346e+00 +2.7574e+00 +1.6590e-01 +5.8560e-01 +8.1435e-01
2088 +6.187684039e+00 +6.187684039e+00 +1.194976840e+02 +1.194976840e+02 +2.2380e+00 +2.7654e+00 +1.4831e-01 +5.9840e-01 +7.9450e-01
2338 +5.326080528e+00 +5.326080528e+00 +1.186360805e+02 +1.186360805e+02 +2.1970e+00 +2.9545e+00 +3.4018e-01 +5.3643e-01 +7.3275e-01
2592 +5.079699434e+00 +5.079699434e+00 +1.183896994e+02 +1.183896994e+02 +2.1371e+00 +3.1773e+00 +5.6082e-01 +4.9070e-01 +6.9492e-01
2607 +4.042082771e+00 +4.042082771e+00 +1.173520828e+02 +1.173520828e+02 +2.1559e+00 +3.1706e+00 +5.5644e-01 +5.2014e-01 +6.9806e-01
2614 +3.369701536e+00 +3.369701536e+00 +1.166797015e+02 +1.166797015e+02 +2.1481e+00 +3.1677e+00 +5.6908e-01 +5.3218e-01 +6.7306e-01
2812 +2.491624316e+00 +2.491624316e+00 +1.158016243e+02 +1.158016243e+02 +2.1668e+00 +3.0660e+00 +4.5555e-01 +5.4448e-01 +7.1742e-01
2862 +2.310295853e+00 +2.310295853e+00 +1.156202959e+02 +1.156202959e+02 +2.1819e+00 +3.0030e+00 +3.9157e-01 +5.3411e-01 +7.4393e-01
2927 +2.066464072e+00 +2.066464072e+00 +1.153764641e+02 +1.153764641e+02 +2.1690e+00 +3.0833e+00 +4.7379e-01 +5.2355e-01 +7.1410e-01
3282 +8.481879989e-01 +8.481879989e-01 +1.141581880e+02 +1.141581880e+02 +2.1429e+00 +3.1408e+00 +5.4481e-01 +5.1697e-01 +6.8851e-01
3770 +7.403185028e-01 +7.403185028e-01 +1.140503185e+02 +1.140503185e+02 +2.1410e+00 +3.1363e+00 +5.3747e-01 +5.1011e-01 +6.9040e-01
3783 +3.915699053e-01 +3.915699053e-01 +1.137015699e+02 +1.137015699e+02 +2.1472e+00 +3.1254e+00 +5.2467e-01 +5.1663e-01 +6.9697e-01
3980 +3.776771102e-01 +3.776771102e-01 +1.136876771e+02 +1.136876771e+02 +2.1336e+00 +3.1643e+00 +5.6860e-01 +5.0736e-01 +6.8112e-01
4626 +2.178816606e-01 +2.178816606e-01 +1.135278817e+02 +1.135278817e+02 +2.1304e+00 +3.1848e+00 +5.8816e-01 +5.0551e-01 +6.7694e-01
4804 +1.568170577e-01 +1.568170577e-01 +1.134668171e+02 +1.134668171e+02 +2.1342e+00 +3.1693e+00 +5.7120e-01 +5.0820e-01 +6.8210e-01
5134 +1.221365535e-01 +1.221365535e-01 +1.134321366e+02 +1.134321366e+02 +2.1356e+00 +3.1626e+00 +5.6543e-01 +5.0883e-01 +6.8362e-01
5776 +6.261477138e-02 +6.261477138e-02 +1.133726148e+02 +1.133726148e+02 +2.1368e+00 +3.1595e+00 +5.6150e-01 +5.0987e-01 +6.8433e-01
6359 +5.754363870e-02 +5.754363870e-02 +1.133675436e+02 +1.133675436e+02 +2.1387e+00 +3.1527e+00 +5.5462e-01 +5.1078e-01 +6.8663e-01
6377 +3.840401103e-02 +3.840401103e-02 +1.133484040e+02 +1.133484040e+02 +2.1389e+00 +3.1529e+00 +5.5483e-01 +5.1118e-01 +6.8652e-01
6762 +2.714024353e-02 +2.714024353e-02 +1.133371402e+02 +1.133371402e+02 +2.1396e+00 +3.1508e+00 +5.5266e-01 +5.1129e-01 +6.8714e-01
7166 +1.722034957e-02 +1.722034957e-02 +1.133272203e+02 +1.133272203e+02 +2.1399e+00 +3.1495e+00 +5.5145e-01 +5.1159e-01 +6.8744e-01
7292 +1.670149594e-02 +1.670149594e-02 +1.133267015e+02 +1.133267015e+02 +2.1398e+00 +3.1498e+00 +5.5176e-01 +5.1151e-01 +6.8736e-01
7471 +1.473620239e-02 +1.473620239e-02 +1.133247362e+02 +1.133247362e+02 +2.1398e+00 +3.1496e+00 +5.5147e-01 +5.1152e-01 +6.8745e-01
7541 +1.436785677e-02 +1.436785677e-02 +1.133243679e+02 +1.133243679e+02 +2.1400e+00 +3.1493e+00 +5.5113e-01 +5.1174e-01 +6.8752e-01
7632 +1.176842538e-02 +1.176842538e-02 +1.133217684e+02 +1.133217684e+02 +2.1401e+00 +3.1488e+00 +5.5066e-01 +5.1179e-01 +6.8767e-01
7743 +1.163597904e-02 +1.163597904e-02 +1.133216360e+02 +1.133216360e+02 +2.1401e+00 +3.1487e+00 +5.5054e-01 +5.1169e-01 +6.8768e-01
7778 +1.128918204e-02 +1.128918204e-02 +1.133212892e+02 +1.133212892e+02 +2.1401e+00 +3.1488e+00 +5.5062e-01 +5.1175e-01 +6.8767e-01
7928 +7.696179982e-03 +7.696179982e-03 +1.133176962e+02 +1.133176962e+02 +2.1402e+00 +3.1485e+00 +5.5031e-01 +5.1177e-01 +6.8777e-01
8228 +5.951975864e-03 +5.951975864e-03 +1.133159520e+02 +1.133159520e+02 +2.1402e+00 +3.1484e+00 +5.5025e-01 +5.1179e-01 +6.8779e-01
8574 +5.503139791e-03 +5.503139791e-03 +1.133155031e+02 +1.133155031e+02 +2.1401e+00 +3.1487e+00 +5.5048e-01 +5.1176e-01 +6.8772e-01
8588 +4.041717932e-03 +4.041717932e-03 +1.133140417e+02 +1.133140417e+02 +2.1401e+00 +3.1487e+00 +5.5047e-01 +5.1177e-01 +6.8771e-01
8590 +3.548085975e-03 +3.548085975e-03 +1.133135481e+02 +1.133135481e+02 +2.1401e+00 +3.1487e+00 +5.5051e-01 +5.1176e-01 +6.8770e-01
9573 +3.321671107e-03 +3.321671107e-03 +1.133133217e+02 +1.133133217e+02 +2.1401e+00 +3.1487e+00 +5.5051e-01 +5.1176e-01 +6.8771e-01
9605 +3.242941963e-03 +3.242941963e-03 +1.133132429e+02 +1.133132429e+02 +2.1401e+00 +3.1487e+00 +5.5049e-01 +5.1175e-01 +6.8771e-01
9678 +2.713948617e-03 +2.713948617e-03 +1.133127139e+02 +1.133127139e+02 +2.1401e+00 +3.1486e+00 +5.5046e-01 +5.1177e-01 +6.8772e-01
9830 +2.465462841e-03 +2.465462841e-03 +1.133124655e+02 +1.133124655e+02 +2.1401e+00 +3.1486e+00 +5.5044e-01 +5.1177e-01 +6.8773e-01
10064 +2.340645835e-03 +2.340645835e-03 +1.133123406e+02 +1.133123406e+02 +2.1401e+00 +3.1487e+00 +5.5047e-01 +5.1177e-01 +6.8772e-01
10287 +2.151470180e-03 +2.151470180e-03 +1.133121515e+02 +1.133121515e+02 +2.1401e+00 +3.1486e+00 +5.5045e-01 +5.1177e-01 +6.8772e-01
11430 +2.058035173e-03 +2.058035173e-03 +1.133120580e+02 +1.133120580e+02 +2.1401e+00 +3.1487e+00 +5.5047e-01 +5.1176e-01 +6.8772e-01
11634 +2.021591976e-03 +2.021591976e-03 +1.133120216e+02 +1.133120216e+02 +2.1401e+00 +3.1487e+00 +5.5047e-01 +5.1177e-01 +6.8772e-01
11986 +1.973396788e-03 +1.973396788e-03 +1.133119734e+02 +1.133119734e+02 +2.1401e+00 +3.1487e+00 +5.5047e-01 +5.1177e-01 +6.8772e-01
12531 +1.949110441e-03 +1.949110441e-03 +1.133119491e+02 +1.133119491e+02 +2.1401e+00 +3.1487e+00 +5.5047e-01 +5.1177e-01 +6.8772e-01
13562 +1.900909721e-03 +1.900909721e-03 +1.133119009e+02 +1.133119009e+02 +2.1401e+00 +3.1487e+00 +5.5048e-01 +5.1176e-01 +6.8771e-01
% function evaluation | noise-free fitness - Fopt (-2.095500000000e+02) | best noise-free fitness - Fopt | measured fitness | best measured fitness | x1 | x2...
1 +1.241311698e+03 +1.241311698e+03 +1.031761698e+03 +1.031761698e+03 +0.0000e+00 +0.0000e+00 +0.0000e+00 +0.0000e+00 +0.0000e+00
2 +1.189424921e+03 +1.189424921e+03 +9.798749215e+02 +9.798749215e+02 -6.1537e-01 -9.0820e-01 -1.0767e+00 -7.4451e-01 +5.9891e-02
3 +1.030373605e+03 +1.030373605e+03 +8.208236047e+02 +8.208236047e+02 -1.5289e+00 +4.4318e-01 -4.2562e-01 +6.7864e-01 +8.6363e-01
13 +9.418008296e+02 +9.418008296e+02 +7.322508296e+02 +7.322508296e+02 -1.8043e+00 -1.7353e-01 -1.2738e-02 +2.3953e+00 -2.0096e+00
19 +8.323014938e+02 +8.323014938e+02 +6.227514938e+02 +6.227514938e+02 -4.6789e+00 +1.4544e+00 -4.1508e+00 +2.4527e-01 +3.0442e+00
20 +5.093268546e+02 +5.093268546e+02 +2.997768546e+02 +2.997768546e+02 -2.4072e+00 +1.5432e+00 -2.8548e+00 +6.5642e-01 -2.5059e-01
39 +4.662824625e+02 +4.662824625e+02 +2.567324625e+02 +2.567324625e+02 -3.4828e+00 +2.9430e+00 -1.9315e+00 +2.4233e+00 -1.7332e+00
65 +3.920245907e+02 +3.920245907e+02 +1.824745907e+02 +1.824745907e+02 -3.0810e+00 +1.5642e+00 -2.5787e+00 +2.0122e+00 -1.1134e+00
77 +2.370639516e+02 +2.370639516e+02 +2.751395159e+01 +2.751395159e+01 -3.4477e+00 +2.9039e+00 -2.8496e+00 +1.2906e+00 -6.5355e-01
83 +1.531381394e+02 +1.531381394e+02 -5.641186065e+01 -5.641186065e+01 -2.8779e+00 +2.6344e+00 -3.2817e+00 +9.3124e-01 -2.0044e+00
152 +1.282639839e+02 +1.282639839e+02 -8.128601608e+01 -8.128601608e+01 -2.7060e+00 +3.9041e+00 -4.0883e+00 +2.1353e-01 -1.4315e+00
194 +1.115811390e+02 +1.115811390e+02 -9.796886100e+01 -9.796886100e+01 -3.4125e+00 +3.0833e+00 -4.0177e+00 +2.7675e-01 -1.5126e+00
225 +6.984779900e+01 +6.984779900e+01 -1.397022010e+02 -1.397022010e+02 -3.0340e+00 +3.5081e+00 -4.0051e+00 +5.3640e-01 -1.6072e+00
605 +4.559568923e+01 +4.559568923e+01 -1.639543108e+02 -1.639543108e+02 -3.1730e+00 +2.9752e+00 -3.4342e+00 -4.4706e-01 -1.6575e+00
693 +3.362736488e+01 +3.362736488e+01 -1.759226351e+02 -1.759226351e+02 -3.2007e+00 +2.9074e+00 -3.1276e+00 -7.4351e-01 -1.6990e+00
737 +3.121691487e+01 +3.121691487e+01 -1.783330851e+02 -1.783330851e+02 -3.1325e+00 +3.1179e+00 -3.2288e+00 -2.5990e-01 -1.7226e+00
741 +2.774778522e+01 +2.774778522e+01 -1.818022148e+02 -1.818022148e+02 -3.0772e+00 +3.2847e+00 -3.5540e+00 -1.2651e-01 -1.5999e+00
925 +1.020296165e+01 +1.020296165e+01 -1.993470383e+02 -1.993470383e+02 -3.0247e+00 +3.2267e+00 -3.5248e+00 -2.9893e-02 -1.6761e+00
1838 +8.560450823e+00 +8.560450823e+00 -2.009895492e+02 -2.009895492e+02 -3.0526e+00 +3.1651e+00 -3.3831e+00 -3.1459e-01 -1.6685e+00
1894 +5.233356438e+00 +5.233356438e+00 -2.043166436e+02 -2.043166436e+02 -3.0415e+00 +3.1822e+00 -3.3770e+00 -3.0959e-01 -1.6768e+00
2151 +4.773135094e+00 +4.773135094e+00 -2.047768649e+02 -2.047768649e+02 -3.0565e+00 +3.1796e+00 -3.2390e+00 -5.0895e-01 -1.6975e+00
2395 +3.323206266e+00 +3.323206266e+00 -2.062267937e+02 -2.062267937e+02 -3.0840e+00 +3.1296e+00 -3.1660e+00 -6.7802e-01 -1.6959e+00
2415 +2.590848107e+00 +2.590848107e+00 -2.069591519e+02 -2.069591519e+02 -3.0932e+00 +3.1463e+00 -3.1927e+00 -6.5260e-01 -1.6799e+00
2828 +1.073605204e+00 +1.073605204e+00 -2.084763948e+02 -2.084763948e+02 -3.0440e+00 +3.1842e+00 -3.3229e+00 -3.7487e-01 -1.6825e+00
6652 +1.066187268e+00 +1.066187268e+00 -2.084838127e+02 -2.084838127e+02 -3.0360e+00 +3.1930e+00 -3.3613e+00 -3.0108e-01 -1.6802e+00
7012 +1.043038181e+00 +1.043038181e+00 -2.085069618e+02 -2.085069618e+02 -3.0366e+00 +3.1926e+00 -3.3594e+00 -3.0487e-01 -1.6802e+00
7428 +1.017979263e+00 +1.017979263e+00 -2.085320207e+02 -2.085320207e+02 -3.0369e+00 +3.1922e+00 -3.3581e+00 -3.0736e-01 -1.6802e+00
8115 +9.962431451e-01 +9.962431451e-01 -2.085537569e+02 -2.085537569e+02 -3.0373e+00 +3.1918e+00 -3.3567e+00 -3.1017e-01 -1.6802e+00
% function evaluation | noise-free fitness - Fopt (2.850000000000e+00) | best noise-free fitness - Fopt | measured fitness | best measured fitness | x1 | x2...
1 +6.537960825e+02 +6.537960825e+02 +6.566460825e+02 +6.566460825e+02 +0.0000e+00 +0.0000e+00 +0.0000e+00 +0.0000e+00 +0.0000e+00
4 +5.531153868e+02 +5.531153868e+02 +5.559653868e+02 +5.559653868e+02 +6.4406e-01 +1.6527e+00 +1.0555e-01 -9.9069e-01 -7.3942e-02
6 +4.891100501e+02 +4.891100501e+02 +4.919600501e+02 +4.919600501e+02 +4.4449e-01 +4.3177e-01 +3.0131e-01 -1.2536e+00 -2.0680e+00
15 +3.124052917e+02 +3.124052917e+02 +3.152552917e+02 +3.152552917e+02 +1.6366e+00 +6.9999e-01 -5.1494e-02 -1.4333e+00 -2.7812e+00
23 +2.318935574e+02 +2.318935574e+02 +2.347435574e+02 +2.347435574e+02 +1.0129e+00 +4.0715e-01 -1.1657e+00 +5.1367e-01 -2.3814e+00
33 +1.522417281e+02 +1.522417281e+02 +1.550917281e+02 +1.550917281e+02 +2.4171e+00 +7.2844e-01 -8.2814e-01 -1.0847e+00 -3.3117e+00
46 +8.075968423e+01 +8.075968423e+01 +8.360968423e+01 +8.360968423e+01 +1.8045e+00 +1.3629e+00 -9.4092e-01 -1.0168e+00 -3.2638e+00
380 +3.959752865e+01 +3.959752865e+01 +4.244752865e+01 +4.244752865e+01 +2.4383e+00 +2.1199e+00 -5.6503e-01 -1.4309e+00 -3.3779e+00
687 +3.265408534e+01 +3.265408534e+01 +3.550408534e+01 +3.550408534e+01 +2.1697e+00 +1.6030e+00 -7.8045e-01 -9.7841e-01 -3.4398e+00
1024 +2.780561237e+01 +2.780561237e+01 +3.065561237e+01 +3.065561237e+01 +1.8595e+00 +9.3518e-01 -1.2626e+00 -3.9597e-01 -3.4806e+00
1129 +2.255126564e+01 +2.255126564e+01 +2.540126564e+01 +2.540126564e+01 +2.1635e+00 +1.3929e+00 -1.0809e+00 -8.2351e-01 -3.5371e+00
1351 +1.759276399e+01 +1.759276399e+01 +2.044276399e+01 +2.044276399e+01 +2.0397e+00 +1.4412e+00 -9.5240e-01 -7.4041e-01 -3.3745e+00
1442 +1.493094625e+01 +1.493094625e+01 +1.778094625e+01 +1.778094625e+01 +2.1581e+00 +1.4954e+00 -9.5490e-01 -8.5461e-01 -3.5077e+00
1594 +1.180355692e+01 +1.180355692e+01 +1.465355692e+01 +1.465355692e+01 +2.1001e+00 +1.6097e+00 -9.1847e-01 -8.0747e-01 -3.4855e+00
1725 +6.970718733e+00 +6.970718733e+00 +9.820718733e+00 +9.820718733e+00 +2.0909e+00 +1.6241e+00 -9.1303e-01 -8.6950e-01 -3.4278e+00
1844 +6.119112400e+00 +6.119112400e+00 +8.969112400e+00 +8.969112400e+00 +2.1501e+00 +1.6089e+00 -9.1395e-01 -9.0645e-01 -3.4707e+00
2006 +4.999602371e+00 +4.999602371e+00 +7.849602371e+00 +7.849602371e+00 +2.1139e+00 +1.6402e+00 -9.1127e-01 -9.1021e-01 -3.4494e+00
2143 +4.404030083e+00 +4.404030083e+00 +7.254030083e+00 +7.254030083e+00 +2.1651e+00 +1.7051e+00 -8.8240e-01 -9.2344e-01 -3.4464e+00
2169 +4.143898769e+00 +4.143898769e+00 +6.993898769e+00 +6.993898769e+00 +2.1807e+00 +1.7702e+00 -8.5110e-01 -9.8308e-01 -3.4150e+00
2425 +3.428984156e+00 +3.428984156e+00 +6.278984156e+00 +6.278984156e+00 +2.2259e+00 +1.8543e+00 -8.0561e-01 -1.0316e+00 -3.4370e+00
2447 +3.053262581e+00 +3.053262581e+00 +5.903262581e+00 +5.903262581e+00 +2.2131e+00 +1.8514e+00 -8.1783e-01 -1.0540e+00 -3.4230e+00
2474 +2.229672777e+00 +2.229672777e+00 +5.079672777e+00 +5.079672777e+00 +2.2206e+00 +1.8864e+00 -7.9918e-01 -1.0658e+00 -3.4219e+00
2782 +1.693531156e+00 +1.693531156e+00 +4.543531156e+00 +4.543531156e+00 +2.2820e+00 +2.0177e+00 -7.2895e-01 -1.1447e+00 -3.4007e+00
3293 +1.489834872e+00 +1.489834872e+00 +4.339834872e+00 +4.339834872e+00 +2.3581e+00 +2.2040e+00 -6.5542e-01 -1.2616e+00 -3.3819e+00
3458 +1.336991326e+00 +1.336991326e+00 +4.186991326e+00 +4.186991326e+00 +2.3760e+00 +2.2488e+00 -6.3199e-01 -1.2953e+00 -3.3727e+00
3945 +1.284416169e+00 +1.284416169e+00 +4.134416169e+00 +4.134416169e+00 +2.3645e+00 +2.2240e+00 -6.4446e-01 -1.2808e+00 -3.3817e+00
3961 +1.217141578e+00 +1.217141578e+00 +4.067141578e+00 +4.067141578e+00 +2.3630e+00 +2.2239e+00 -6.4248e-01 -1.2793e+00 -3.3767e+00
3968 +1.121696570e+00 +1.121696570e+00 +3.971696570e+00 +3.971696570e+00 +2.3612e+00 +2.2237e+00 -6.4702e-01 -1.2782e+00 -3.3801e+00
3977 +8.896310782e-01 +8.896310782e-01 +3.739631078e+00 +3.739631078e+00 +2.3662e+00 +2.2267e+00 -6.4584e-01 -1.2817e+00 -3.3806e+00
4319 +7.792613253e-01 +7.792613253e-01 +3.629261325e+00 +3.629261325e+00 +2.3683e+00 +2.2301e+00 -6.4407e-01 -1.2849e+00 -3.3792e+00
4560 +7.061187764e-01 +7.061187764e-01 +3.556118776e+00 +3.556118776e+00 +2.3602e+00 +2.2141e+00 -6.4983e-01 -1.2730e+00 -3.3801e+00
4634 +6.559437198e-01 +6.559437198e-01 +3.505943720e+00 +3.505943720e+00 +2.3597e+00 +2.2113e+00 -6.5231e-01 -1.2728e+00 -3.3800e+00
4731 +5.883924316e-01 +5.883924316e-01 +3.438392432e+00 +3.438392432e+00 +2.3600e+00 +2.2103e+00 -6.5199e-01 -1.2720e+00 -3.3802e+00
4769 +5.700271358e-01 +5.700271358e-01 +3.420027136e+00 +3.420027136e+00 +2.3583e+00 +2.2071e+00 -6.5415e-01 -1.2700e+00 -3.3812e+00
4955 +5.153949952e-01 +5.153949952e-01 +3.365394995e+00 +3.365394995e+00 +2.3576e+00 +2.2063e+00 -6.5405e-01 -1.2690e+00 -3.3812e+00
5532 +4.819430425e-01 +4.819430425e-01 +3.331943043e+00 +3.331943043e+00 +2.3564e+00 +2.2026e+00 -6.5561e-01 -1.2670e+00 -3.3814e+00
5892 +4.638427138e-01 +4.638427138e-01 +3.313842714e+00 +3.313842714e+00 +2.3549e+00 +2.1990e+00 -6.5725e-01 -1.2644e+00 -3.3821e+00
5952 +4.528344964e-01 +4.528344964e-01 +3.302834496e+00 +3.302834496e+00 +2.3552e+00 +2.1997e+00 -6.5695e-01 -1.2649e+00 -3.3819e+00
6506 +4.461357598e-01 +4.461357598e-01 +3.296135760e+00 +3.296135760e+00 +2.3546e+00 +2.1981e+00 -6.5760e-01 -1.2639e+00 -3.3821e+00
% function evaluation | noise-free fitness - Fopt (1.975200000000e+02) | best noise-free fitness - Fopt | measured fitness | best measured fitness | x1 | x2...
1 +7.891599010e+02 +7.891599010e+02 +9.866799010e+02 +9.866799010e+02 +0.0000e+00 +0.0000e+00 +0.0000e+00 +0.0000e+00 +0.0000e+00
8 +6.736565712e+02 +6.736565712e+02 +8.711765712e+02 +8.711765712e+02 +3.2630e-01 +1.2584e-01 -9.6767e-01 +6.4206e-01 +1.9439e+00
18 +6.454222934e+02 +6.454222934e+02 +8.429422934e+02 +8.429422934e+02 +1.2012e-01 -1.1663e+00 -1.5634e+00 +1.8909e+00 +2.4631e+00
27 +5.927243243e+02 +5.927243243e+02 +7.902443243e+02 +7.902443243e+02 -6.5726e-01 -1.5293e+00 -1.9937e+00 +2.0906e+00 +2.6400e+00
36 +5.722273015e+02 +5.722273015e+02 +7.697473015e+02 +7.697473015e+02 +3.9178e-03 -1.1946e+00 -9.6831e-01 +1.7219e+00 -4.0856e-02
42 +5.225148612e+02 +5.225148612e+02 +7.200348612e+02 +7.200348612e+02 +1.2668e+00 -3.3615e-01 -1.4115e+00 +2.0158e+00 -7.8700e-01
51 +4.774404142e+02 +4.774404142e+02 +6.749604142e+02 +6.749604142e+02 -9.0212e-02 -5.2221e-01 -1.1312e+00 +2.2870e+00 +4.7386e-01
53 +2.201744305e+02 +2.201744305e+02 +4.176944305e+02 +4.176944305e+02 -5.3544e-01 -5.4619e-02 -1.9184e+00 +2.4542e+00 -8.1615e-01
98 +2.062722942e+02 +2.062722942e+02 +4.037922942e+02 +4.037922942e+02 -1.0849e+00 +1.0784e+00 -1.8063e+00 +4.1298e+00 +8.7577e-01
104 +1.732540204e+02 +1.732540204e+02 +3.707740204e+02 +3.707740204e+02 -1.7805e+00 +8.2086e-01 -1.7489e+00 +4.0088e+00 +1.4265e+00
127 +1.568361792e+02 +1.568361792e+02 +3.543561792e+02 +3.543561792e+02 -1.3991e+00 +1.4872e-01 -2.2400e+00 +3.7108e+00 +7.5594e-01
144 +1.203806568e+02 +1.203806568e+02 +3.179006568e+02 +3.179006568e+02 -1.4437e+00 +7.0089e-02 -2.5361e+00 +3.3806e+00 -2.4930e-01
194 +1.167042713e+02 +1.167042713e+02 +3.142242713e+02 +3.142242713e+02 +4.4223e-02 -4.0626e-01 -3.6143e+00 +9.8825e-01 -2.6744e+00
242 +9.938180963e+01 +9.938180963e+01 +2.969018096e+02 +2.969018096e+02 -1.3949e-01 -6.0799e-01 -2.9859e+00 +9.4728e-01 -1.8799e+00
381 +4.371485738e+01 +4.371485738e+01 +2.412348574e+02 +2.412348574e+02 +5.9148e-02 -5.2781e-01 -3.4528e+00 +1.0943e+00 -2.0283e+00
448 +3.163594529e+01 +3.163594529e+01 +2.291559453e+02 +2.291559453e+02 -1.6626e-01 -1.1654e-01 -2.9861e+00 +1.7292e+00 -1.5277e+00
1065 +2.034140089e+01 +2.034140089e+01 +2.178614009e+02 +2.178614009e+02 +5.0563e-01 -7.7572e-01 -3.3998e+00 +4.6744e-01 -2.5039e+00
1430 +1.922075318e+01 +1.922075318e+01 +2.167407532e+02 +2.167407532e+02 +1.2783e+00 -1.1097e+00 -3.6673e+00 -5.9143e-01 -3.7010e+00
1694 +1.484183088e+01 +1.484183088e+01 +2.123618309e+02 +2.123618309e+02 +9.1536e-01 -9.4065e-01 -3.5374e+00 -8.2644e-02 -3.1919e+00
2304 +1.349992411e+01 +1.349992411e+01 +2.110199241e+02 +2.110199241e+02 +1.0619e+00 -9.7514e-01 -3.5972e+00 -2.4614e-01 -3.3487e+00
2319 +1.333358461e+01 +1.333358461e+01 +2.108535846e+02 +2.108535846e+02 +1.1110e+00 -1.0339e+00 -3.6568e+00 -3.8178e-01 -3.4398e+00
2328 +9.679594202e+00 +9.679594202e+00 +2.071995942e+02 +2.071995942e+02 +1.1326e+00 -1.0440e+00 -3.6545e+00 -3.9333e-01 -3.4903e+00
3098 +9.466192311e+00 +9.466192311e+00 +2.069861923e+02 +2.069861923e+02 +1.0297e+00 -9.7224e-01 -3.6047e+00 -2.3657e-01 -3.3438e+00
3238 +8.775062530e+00 +8.775062530e+00 +2.062950625e+02 +2.062950625e+02 +1.0083e+00 -9.8038e-01 -3.6083e+00 -2.1710e-01 -3.3005e+00
3312 +8.431622595e+00 +8.431622595e+00 +2.059516226e+02 +2.059516226e+02 +9.7467e-01 -9.5799e-01 -3.5859e+00 -1.6000e-01 -3.2446e+00
3419 +7.962558246e+00 +7.962558246e+00 +2.054825582e+02 +2.054825582e+02 +9.7442e-01 -9.5485e-01 -3.5871e+00 -1.5704e-01 -3.2447e+00
3516 +7.021170299e+00 +7.021170299e+00 +2.045411703e+02 +2.045411703e+02 +9.5826e-01 -9.4157e-01 -3.5787e+00 -1.3130e-01 -3.2266e+00
3778 +6.692456311e+00 +6.692456311e+00 +2.042124563e+02 +2.042124563e+02 +9.5330e-01 -9.4122e-01 -3.5796e+00 -1.2780e-01 -3.2260e+00
4192 +6.538598951e+00 +6.538598951e+00 +2.040585990e+02 +2.040585990e+02 +9.4716e-01 -9.3676e-01 -3.5769e+00 -1.1769e-01 -3.2111e+00
4518 +6.392807224e+00 +6.392807224e+00 +2.039128072e+02 +2.039128072e+02 +9.4260e-01 -9.3515e-01 -3.5771e+00 -1.1327e-01 -3.2076e+00
4697 +6.244509376e+00 +6.244509376e+00 +2.037645094e+02 +2.037645094e+02 +9.3842e-01 -9.3115e-01 -3.5736e+00 -1.0685e-01 -3.2022e+00
5351 +6.132838224e+00 +6.132838224e+00 +2.036528382e+02 +2.036528382e+02 +9.3874e-01 -9.3145e-01 -3.5733e+00 -1.0667e-01 -3.2015e+00
5541 +6.021353299e+00 +6.021353299e+00 +2.035413533e+02 +2.035413533e+02 +9.3834e-01 -9.3152e-01 -3.5737e+00 -1.0598e-01 -3.2011e+00
% function evaluation | noise-free fitness - Fopt (-1.052700000000e+02) | best noise-free fitness - Fopt | measured fitness | best measured fitness | x1 | x2...
1 +1.039461458e+03 +1.039461458e+03 +9.341914580e+02 +9.341914580e+02 +0.0000e+00 +0.0000e+00 +0.0000e+00 +0.0000e+00 +0.0000e+00
2 +8.469060932e+02 +8.469060932e+02 +7.416360932e+02 +7.416360932e+02 +1.6075e+00 +1.8141e-02 -3.4130e+00 -2.2410e+00 -2.1607e+00
4 +7.735208590e+02 +7.735208590e+02 +6.682508590e+02 +6.682508590e+02 +2.5863e-01 -3.3842e-01 -2.5457e+00 -1.6967e+00 -1.5056e+00
6 +5.678665926e+02 +5.678665926e+02 +4.625965926e+02 +4.625965926e+02 -3.6553e-01 -1.0319e+00 -3.7212e+00 -5.9832e+00 -5.3496e-01
13 +3.542358089e+02 +3.542358089e+02 +2.489658089e+02 +2.489658089e+02 +6.3926e-01 -1.6506e+00 -3.2823e+00 -4.5080e+00 +4.8758e-01
17 +2.131439445e+02 +2.131439445e+02 +1.078739445e+02 +1.078739445e+02 +1.2756e+00 -6.9913e-02 -4.2402e+00 -3.4560e+00 -4.0197e-01
102 +1.949929950e+02 +1.949929950e+02 +8.972299499e+01 +8.972299499e+01 +1.2655e+00 -1.6862e+00 -2.4325e+00 -3.0576e+00 +2.9637e-01
114 +1.645461184e+02 +1.645461184e+02 +5.927611840e+01 +5.927611840e+01 +5.1869e-01 -1.2388e+00 -3.4280e+00 -3.0976e+00 +2.0967e-01
115 +1.606550012e+02 +1.606550012e+02 +5.538500120e+01 +5.538500120e+01 +1.4389e+00 -1.2820e+00 -3.5353e+00 -2.8612e+00 +6.0489e-01
159 +1.344826764e+02 +1.344826764e+02 +2.921267640e+01 +2.921267640e+01 +1.3130e+00 -1.2101e+00 -4.5749e+00 -2.5174e+00 -1.0016e-01
235 +8.313180708e+01 +8.313180708e+01 -2.213819292e+01 -2.213819292e+01 +1.4249e+00 -5.1900e-01 -2.4257e+00 -3.9648e+00 +6.0319e-01
420 +7.531228031e+01 +7.531228031e+01 -2.995771969e+01 -2.995771969e+01 +1.3730e+00 -6.0392e-01 -3.0321e+00 -2.9754e+00 +8.3587e-01
436 +6.627240610e+01 +6.627240610e+01 -3.899759390e+01 -3.899759390e+01 +1.2288e+00 -7.9524e-01 -3.3816e+00 -2.9135e+00 +5.2026e-01
660 +6.444730697e+01 +6.444730697e+01 -4.082269303e+01 -4.082269303e+01 +1.3621e+00 -4.9408e-01 -5.2005e+00 -2.8230e+00 +2.8265e-02
710 +5.293877100e+01 +5.293877100e+01 -5.233122900e+01 -5.233122900e+01 +1.2278e+00 -8.3661e-01 -3.5323e+00 -3.0845e+00 +4.2080e-01
740 +2.396392645e+01 +2.396392645e+01 -8.130607355e+01 -8.130607355e+01 +1.3845e+00 -4.7936e-01 -1.4792e+00 -4.0657e+00 +1.3051e+00
1321 +1.674198765e+01 +1.674198765e+01 -8.852801235e+01 -8.852801235e+01 +1.3089e+00 -4.8486e-01 -3.7825e+00 -3.2132e+00 +3.9288e-01
1663 +1.649480302e+01 +1.649480302e+01 -8.877519698e+01 -8.877519698e+01 +1.3068e+00 -4.7812e-01 -3.1963e+00 -3.3995e+00 +6.5036e-01
1861 +1.245621427e+01 +1.245621427e+01 -9.281378573e+01 -9.281378573e+01 +1.3212e+00 -5.3213e-01 -2.7758e+00 -3.5170e+00 +7.8710e-01
2010 +1.085543296e+01 +1.085543296e+01 -9.441456704e+01 -9.441456704e+01 +1.3969e+00 -4.5596e-01 -2.3758e+00 -3.7317e+00 +9.7188e-01
2032 +7.172315198e+00 +7.172315198e+00 -9.809768480e+01 -9.809768480e+01 +1.4148e+00 -5.3930e-01 -2.2607e+00 -3.6919e+00 +9.7508e-01
2141 +5.831772430e+00 +5.831772430e+00 -9.943822757e+01 -9.943822757e+01 +1.4012e+00 -5.0253e-01 -2.4605e+00 -3.6549e+00 +9.4432e-01
2372 +5.147550361e+00 +5.147550361e+00 -1.001224496e+02 -1.001224496e+02 +1.3946e+00 -5.0999e-01 -2.7562e+00 -3.5439e+00 +8.1222e-01
2463 +3.562834947e+00 +3.562834947e+00 -1.017071651e+02 -1.017071651e+02 +1.3728e+00 -5.1538e-01 -2.7719e+00 -3.5580e+00 +8.0664e-01
2703 +2.561452977e+00 +2.561452977e+00 -1.027085470e+02 -1.027085470e+02 +1.3985e+00 -5.0318e-01 -2.4961e+00 -3.6386e+00 +9.1160e-01
3248 +1.962659161e+00 +1.962659161e+00 -1.033073408e+02 -1.033073408e+02 +1.4033e+00 -5.1418e-01 -2.4063e+00 -3.6770e+00 +9.4446e-01
3423 +1.768870049e+00 +1.768870049e+00 -1.035011300e+02 -1.035011300e+02 +1.4045e+00 -5.0795e-01 -2.4194e+00 -3.6789e+00 +9.3710e-01
3448 +1.418483536e+00 +1.418483536e+00 -1.038515165e+02 -1.038515165e+02 +1.4029e+00 -5.1037e-01 -2.3867e+00 -3.6752e+00 +9.4741e-01
3625 +1.221703516e+00 +1.221703516e+00 -1.040482965e+02 -1.040482965e+02 +1.4013e+00 -5.1137e-01 -2.3786e+00 -3.6909e+00 +9.4966e-01
3652 +7.584220678e-01 +7.584220678e-01 -1.045115779e+02 -1.045115779e+02 +1.4009e+00 -5.1401e-01 -2.3853e+00 -3.6787e+00 +9.4525e-01
3981 +4.246533574e-01 +4.246533574e-01 -1.048453466e+02 -1.048453466e+02 +1.4029e+00 -5.1492e-01 -2.3495e+00 -3.6919e+00 +9.6039e-01
4224 +3.721957685e-01 +3.721957685e-01 -1.048978042e+02 -1.048978042e+02 +1.4051e+00 -5.1239e-01 -2.3049e+00 -3.7090e+00 +9.7777e-01
4535 +2.680872165e-01 +2.680872165e-01 -1.050019128e+02 -1.050019128e+02 +1.4052e+00 -5.1402e-01 -2.3155e+00 -3.7041e+00 +9.7355e-01
4678 +2.416596878e-01 +2.416596878e-01 -1.050283403e+02 -1.050283403e+02 +1.4046e+00 -5.1267e-01 -2.3213e+00 -3.7022e+00 +9.7142e-01
4901 +2.032194050e-01 +2.032194050e-01 -1.050667806e+02 -1.050667806e+02 +1.4049e+00 -5.1349e-01 -2.3184e+00 -3.7037e+00 +9.7237e-01
5447 +1.820356983e-01 +1.820356983e-01 -1.050879643e+02 -1.050879643e+02 +1.4058e+00 -5.1352e-01 -2.3065e+00 -3.7070e+00 +9.7687e-01
5731 +1.732107701e-01 +1.732107701e-01 -1.050967892e+02 -1.050967892e+02 +1.4049e+00 -5.1350e-01 -2.3182e+00 -3.7035e+00 +9.7244e-01
5963 +1.572238183e-01 +1.572238183e-01 -1.051127762e+02 -1.051127762e+02 +1.4045e+00 -5.1305e-01 -2.3225e+00 -3.7022e+00 +9.7062e-01
6175 +1.422720232e-01 +1.422720232e-01 -1.051277280e+02 -1.051277280e+02 +1.4045e+00 -5.1339e-01 -2.3227e+00 -3.7017e+00 +9.7044e-01
6591 +1.388698031e-01 +1.388698031e-01 -1.051311302e+02 -1.051311302e+02 +1.4043e+00 -5.1345e-01 -2.3278e+00 -3.7002e+00 +9.6858e-01
6604 +1.284142224e-01 +1.284142224e-01 -1.051415858e+02 -1.051415858e+02 +1.4043e+00 -5.1331e-01 -2.3278e+00 -3.7003e+00 +9.6870e-01
7137 +1.215318083e-01 +1.215318083e-01 -1.051484682e+02 -1.051484682e+02 +1.4043e+00 -5.1327e-01 -2.3279e+00 -3.7003e+00 +9.6854e-01
7139 +1.198759088e-01 +1.198759088e-01 -1.051501241e+02 -1.051501241e+02 +1.4043e+00 -5.1334e-01 -2.3279e+00 -3.7003e+00 +9.6853e-01
7200 +1.158209797e-01 +1.158209797e-01 -1.051541790e+02 -1.051541790e+02 +1.4043e+00 -5.1337e-01 -2.3273e+00 -3.7005e+00 +9.6879e-01
7959 +1.134807694e-01 +1.134807694e-01 -1.051565192e+02 -1.051565192e+02 +1.4043e+00 -5.1330e-01 -2.3271e+00 -3.7005e+00 +9.6891e-01
8074 +1.109715151e-01 +1.109715151e-01 -1.051590285e+02 -1.051590285e+02 +1.4043e+00 -5.1337e-01 -2.3270e+00 -3.7006e+00 +9.6890e-01
8477 +1.096041606e-01 +1.096041606e-01 -1.051603958e+02 -1.051603958e+02 +1.4043e+00 -5.1335e-01 -2.3264e+00 -3.7008e+00 +9.6916e-01
8543 +1.068533762e-01 +1.068533762e-01 -1.051631466e+02 -1.051631466e+02 +1.4043e+00 -5.1335e-01 -2.3264e+00 -3.7008e+00 +9.6913e-01
10862 +1.047067340e-01 +1.047067340e-01 -1.051652933e+02 -1.051652933e+02 +1.4043e+00 -5.1335e-01 -2.3267e+00 -3.7007e+00 +9.6902e-01
% function evaluation | noise-free fitness - Fopt (2.833400000000e+02) | best noise-free fitness - Fopt | measured fitness | best measured fitness | x1 | x2...
1 +1.272870017e+03 +1.272870017e+03 +1.556210017e+03 +1.556210017e+03 +0.0000e+00 +0.0000e+00 +0.0000e+00 +0.0000e+00 +0.0000e+00
2 +1.233631903e+03 +1.233631903e+03 +1.516971903e+03 +1.516971903e+03 +2.2483e-01 +7.9323e-01 -5.7006e-02 -4.8808e-01 -9.6800e-01
7 +9.269291778e+02 +9.269291778e+02 +1.210269178e+03 +1.210269178e+03 -2.5702e+00 +2.9269e-01 +2.5241e+00 -5.9819e-01 +3.1433e+00
14 +5.114958308e+02 +5.114958308e+02 +7.948358308e+02 +7.948358308e+02 -3.4664e+00 -2.5885e-01 +5.5375e-01 -1.9427e+00 +2.3946e-01
27 +3.883315660e+02 +3.883315660e+02 +6.716715660e+02 +6.716715660e+02 -2.7968e+00 +5.5664e-01 -1.1153e-01 -3.0811e+00 -1.6440e-01
28 +3.695297359e+02 +3.695297359e+02 +6.528697359e+02 +6.528697359e+02 -3.1959e+00 +6.5845e-01 +1.0352e+00 -1.8791e+00 -2.7724e-02
32 +3.501235201e+02 +3.501235201e+02 +6.334635201e+02 +6.334635201e+02 -3.7044e+00 +1.9253e+00 +1.7519e+00 -1.9355e+00 -9.0299e-02
35 +2.289459369e+02 +2.289459369e+02 +5.122859369e+02 +5.122859369e+02 -3.7792e+00 +1.5928e+00 +5.2709e-01 -2.8471e+00 +5.7640e-01
37 +1.760763806e+02 +1.760763806e+02 +4.594163806e+02 +4.594163806e+02 -4.5862e+00 +9.6137e-01 +1.5442e+00 -3.1162e+00 +1.2117e-02
59 +1.634851597e+02 +1.634851597e+02 +4.468251597e+02 +4.468251597e+02 -4.7144e+00 +2.0650e+00 +4.6333e-01 -2.9839e+00 -8.3651e-01
60 +1.385615745e+02 +1.385615745e+02 +4.219015745e+02 +4.219015745e+02 -3.9657e+00 +2.0717e-01 +1.7256e+00 -2.6873e+00 -6.9181e-01
133 +8.741334374e+01 +8.741334374e+01 +3.707533437e+02 +3.707533437e+02 -3.1624e+00 -8.7965e-01 +3.3798e+00 -4.0155e+00 -6.1978e-01
676 +6.268026577e+01 +6.268026577e+01 +3.460202658e+02 +3.460202658e+02 -4.7990e+00 +2.2988e+00 -8.9032e-02 -2.3082e+00 -6.2563e-01
715 +6.092770528e+01 +6.092770528e+01 +3.442677053e+02 +3.442677053e+02 -5.0543e+00 +2.7587e+00 -5.1930e-01 -1.8776e+00 -5.3402e-01
918 +4.425256405e+01 +4.425256405e+01 +3.275925640e+02 +3.275925640e+02 -5.0201e+00 +2.5521e+00 -4.4481e-01 -1.8575e+00 -5.8116e-01
939 +2.775140567e+01 +2.775140567e+01 +3.110914057e+02 +3.110914057e+02 -4.5465e+00 +1.6119e+00 +6.4908e-01 -2.3704e+00 -5.8421e-01
1200 +2.739781215e+01 +2.739781215e+01 +3.107378122e+02 +3.107378122e+02 -4.4005e+00 +1.4333e+00 +9.3583e-01 -2.5346e+00 -6.4788e-01
1341 +2.277393842e+01 +2.277393842e+01 +3.061139384e+02 +3.061139384e+02 -4.3705e+00 +1.4716e+00 +8.5433e-01 -2.6581e+00 -6.6297e-01
1958 +1.863845743e+01 +1.863845743e+01 +3.019784574e+02 +3.019784574e+02 -4.7529e+00 +2.0422e+00 +2.2371e-01 -2.2121e+00 -6.2037e-01
2095 +1.810093863e+01 +1.810093863e+01 +3.014409386e+02 +3.014409386e+02 -4.6172e+00 +1.7745e+00 +5.4240e-01 -2.3736e+00 -5.6098e-01
2209 +1.712657755e+01 +1.712657755e+01 +3.004665775e+02 +3.004665775e+02 -4.3787e+00 +1.6046e+00 +7.2904e-01 -2.5796e+00 -5.1141e-01
2210 +1.639325658e+01 +1.639325658e+01 +2.997332566e+02 +2.997332566e+02 -4.4587e+00 +1.6853e+00 +6.0290e-01 -2.5164e+00 -6.1222e-01
2227 +1.589065630e+01 +1.589065630e+01 +2.992306563e+02 +2.992306563e+02 -4.3419e+00 +1.5791e+00 +7.5651e-01 -2.6098e+00 -5.9352e-01
2243 +1.195037716e+01 +1.195037716e+01 +2.952903772e+02 +2.952903772e+02 -4.3185e+00 +1.4622e+00 +8.8255e-01 -2.6285e+00 -5.8769e-01
2413 +1.095663596e+01 +1.095663596e+01 +2.942966360e+02 +2.942966360e+02 -4.2120e+00 +1.2417e+00 +1.1324e+00 -2.8228e+00 -5.6185e-01
2415 +8.306014754e+00 +8.306014754e+00 +2.916460148e+02 +2.916460148e+02 -4.2688e+00 +1.3151e+00 +1.0977e+00 -2.7310e+00 -5.5157e-01
2565 +6.695292220e+00 +6.695292220e+00 +2.900352922e+02 +2.900352922e+02 -4.2420e+00 +1.3009e+00 +1.0741e+00 -2.7544e+00 -5.5295e-01
2843 +3.745446493e+00 +3.745446493e+00 +2.870854465e+02 +2.870854465e+02 -4.2100e+00 +1.3018e+00 +1.0909e+00 -2.7783e+00 -5.5090e-01
3213 +3.334258742e+00 +3.334258742e+00 +2.866742587e+02 +2.866742587e+02 -4.2337e+00 +1.3343e+00 +1.0572e+00 -2.7555e+00 -5.4643e-01
3528 +2.901133054e+00 +2.901133054e+00 +2.862411331e+02 +2.862411331e+02 -4.1880e+00 +1.2557e+00 +1.1493e+00 -2.8056e+00 -5.4093e-01
4141 +2.650914314e+00 +2.650914314e+00 +2.859909143e+02 +2.859909143e+02 -4.2206e+00 +1.3055e+00 +1.0916e+00 -2.7746e+00 -5.4916e-01
4450 +2.609731225e+00 +2.609731225e+00 +2.859497312e+02 +2.859497312e+02 -4.2211e+00 +1.3079e+00 +1.0889e+00 -2.7704e+00 -5.4685e-01
4675 +2.456255817e+00 +2.456255817e+00 +2.857962558e+02 +2.857962558e+02 -4.2195e+00 +1.3017e+00 +1.0966e+00 -2.7746e+00 -5.4748e-01
4839 +2.449280957e+00 +2.449280957e+00 +2.857892810e+02 +2.857892810e+02 -4.2232e+00 +1.3097e+00 +1.0863e+00 -2.7712e+00 -5.4784e-01
5417 +2.318213881e+00 +2.318213881e+00 +2.856582139e+02 +2.856582139e+02 -4.2250e+00 +1.3123e+00 +1.0842e+00 -2.7682e+00 -5.4675e-01
6077 +2.266007934e+00 +2.266007934e+00 +2.856060079e+02 +2.856060079e+02 -4.2242e+00 +1.3110e+00 +1.0857e+00 -2.7695e+00 -5.4715e-01
6747 +2.236497826e+00 +2.236497826e+00 +2.855764978e+02 +2.855764978e+02 -4.2232e+00 +1.3095e+00 +1.0873e+00 -2.7703e+00 -5.4708e-01
% function evaluation | noise-free fitness - Fopt (-8.171000000000e+01) | best noise-free fitness - Fopt | measured fitness | best measured fitness | x1 | x2...
1 +1.317013740e+03 +1.317013740e+03 +1.235303740e+03 +1.235303740e+03 +0.0000e+00 +0.0000e+00 +0.0000e+00 +0.0000e+00 +0.0000e+00
5 +1.235563137e+03 +1.235563137e+03 +1.153853137e+03 +1.153853137e+03 -5.9202e-01 +2.3750e-01 -3.2866e-01 +3.1385e-01 +1.0096e+00
6 +8.155016044e+02 +8.155016044e+02 +7.337916044e+02 +7.337916044e+02 -1.5648e+00 +6.8374e-02 -1.2070e-01 -1.0995e+00 -2.9460e+00
13 +6.942620297e+02 +6.942620297e+02 +6.125520297e+02 +6.125520297e+02 -3.6377e+00 -1.7368e+00 +5.4841e-01 -1.7313e+00 -2.9112e+00
14 +6.776924801e+02 +6.776924801e+02 +5.959824801e+02 +5.959824801e+02 -2.3578e+00 +7.3594e-01 -5.6396e-01 -1.6458e+00 -3.9765e+00
21 +4.245191052e+02 +4.245191052e+02 +3.428091052e+02 +3.428091052e+02 -3.6075e+00 +1.8463e-01 +7.9938e-01 -2.6067e+00 -3.6095e+00
64 +2.488881927e+02 +2.488881927e+02 +1.671781927e+02 +1.671781927e+02 -4.0315e+00 +1.6070e+00 +1.6033e+00 -8.7274e-01 -2.3972e+00
70 +1.811997610e+02 +1.811997610e+02 +9.948976104e+01 +9.948976104e+01 -2.9648e+00 +2.7153e+00 +1.8334e+00 -1.6870e+00 -3.2167e+00
113 +1.445777740e+02 +1.445777740e+02 +6.286777396e+01 +6.286777396e+01 -3.6899e+00 +1.3289e+00 +2.2149e+00 -1.0658e+00 -3.1051e+00
206 +5.044012769e+01 +5.044012769e+01 -3.126987231e+01 -3.126987231e+01 -2.3820e+00 +4.0233e+00 +2.5760e+00 -2.8719e+00 -2.0944e+00
1082 +3.151332452e+01 +3.151332452e+01 -5.019667548e+01 -5.019667548e+01 -3.0635e+00 +2.5498e+00 +2.5724e+00 -2.0220e+00 -3.2285e+00
1291 +1.985398101e+01 +1.985398101e+01 -6.185601899e+01 -6.185601899e+01 -2.6406e+00 +3.5260e+00 +2.5029e+00 -2.6177e+00 -2.5207e+00
1927 +1.401817876e+01 +1.401817876e+01 -6.769182124e+01 -6.769182124e+01 -2.6762e+00 +3.4807e+00 +2.5832e+00 -2.7299e+00 -2.6629e+00
2045 +1.055151915e+01 +1.055151915e+01 -7.115848085e+01 -7.115848085e+01 -2.7876e+00 +3.2587e+00 +2.5772e+00 -2.6169e+00 -2.7803e+00
2530 +9.781100336e+00 +9.781100336e+00 -7.192889966e+01 -7.192889966e+01 -2.7804e+00 +3.2837e+00 +2.5514e+00 -2.5371e+00 -2.7125e+00
2539 +6.863353220e+00 +6.863353220e+00 -7.484664678e+01 -7.484664678e+01 -2.7740e+00 +3.2777e+00 +2.5557e+00 -2.5822e+00 -2.7326e+00
2654 +5.470829321e+00 +5.470829321e+00 -7.623917068e+01 -7.623917068e+01 -2.7855e+00 +3.2624e+00 +2.5662e+00 -2.5526e+00 -2.7682e+00
3193 +4.754091598e+00 +4.754091598e+00 -7.695590840e+01 -7.695590840e+01 -2.7683e+00 +3.2894e+00 +2.5781e+00 -2.5893e+00 -2.7652e+00
3244 +4.549006541e+00 +4.549006541e+00 -7.716099346e+01 -7.716099346e+01 -2.7727e+00 +3.2912e+00 +2.5597e+00 -2.5823e+00 -2.7511e+00
3417 +4.254143850e+00 +4.254143850e+00 -7.745585615e+01 -7.745585615e+01 -2.7679e+00 +3.2875e+00 +2.5704e+00 -2.5826e+00 -2.7680e+00
3668 +3.758414638e+00 +3.758414638e+00 -7.795158536e+01 -7.795158536e+01 -2.7678e+00 +3.2886e+00 +2.5678e+00 -2.5787e+00 -2.7481e+00
3783 +2.863442591e+00 +2.863442591e+00 -7.884655741e+01 -7.884655741e+01 -2.7760e+00 +3.2651e+00 +2.5692e+00 -2.5729e+00 -2.7739e+00
4187 +2.526321625e+00 +2.526321625e+00 -7.918367837e+01 -7.918367837e+01 -2.8010e+00 +3.1989e+00 +2.5750e+00 -2.5425e+00 -2.8240e+00
4445 +2.411911255e+00 +2.411911255e+00 -7.929808875e+01 -7.929808875e+01 -2.8018e+00 +3.1972e+00 +2.5793e+00 -2.5390e+00 -2.8258e+00
4450 +2.174244738e+00 +2.174244738e+00 -7.953575526e+01 -7.953575526e+01 -2.8022e+00 +3.1964e+00 +2.5754e+00 -2.5393e+00 -2.8235e+00
5270 +1.992305028e+00 +1.992305028e+00 -7.971769497e+01 -7.971769497e+01 -2.8075e+00 +3.1831e+00 +2.5769e+00 -2.5314e+00 -2.8326e+00
5808 +1.928069324e+00 +1.928069324e+00 -7.978193068e+01 -7.978193068e+01 -2.8125e+00 +3.1704e+00 +2.5787e+00 -2.5259e+00 -2.8437e+00
6048 +1.853624960e+00 +1.853624960e+00 -7.985637504e+01 -7.985637504e+01 -2.8131e+00 +3.1675e+00 +2.5796e+00 -2.5246e+00 -2.8458e+00
6673 +1.808148286e+00 +1.808148286e+00 -7.990185171e+01 -7.990185171e+01 -2.8139e+00 +3.1662e+00 +2.5799e+00 -2.5235e+00 -2.8465e+00
7738 +1.778091018e+00 +1.778091018e+00 -7.993190898e+01 -7.993190898e+01 -2.8132e+00 +3.1680e+00 +2.5795e+00 -2.5246e+00 -2.8451e+00
% function evaluation | noise-free fitness - Fopt (2.941500000000e+02) | best noise-free fitness - Fopt | measured fitness | best measured fitness | x1 | x2...
1 +9.328562667e+02 +9.328562667e+02 +1.227006267e+03 +1.227006267e+03 +0.0000e+00 +0.0000e+00 +0.0000e+00 +0.0000e+00 +0.0000e+00
3 +9.039177089e+02 +9.039177089e+02 +1.198067709e+03 +1.198067709e+03 +2.5045e+00 -1.5667e+00 +4.4708e-01 -5.4014e-01 +1.3015e+00
4 +8.701182992e+02 +8.701182992e+02 +1.164268299e+03 +1.164268299e+03 -1.4919e+00 -4.9997e-01 -1.6537e-01 -8.8738e-01 +2.6506e+00
23 +8.509083439e+02 +8.509083439e+02 +1.145058344e+03 +1.145058344e+03 -1.3782e+00 -4.5413e-01 -7.9780e-01 +2.6583e+00 +9.9352e-01
31 +7.506882494e+02 +7.506882494e+02 +1.044838249e+03 +1.044838249e+03 -2.0999e+00 +3.2473e-02 +2.8388e-01 +2.0191e+00 +2.8466e+00
33 +7.070925816e+02 +7.070925816e+02 +1.001242582e+03 +1.001242582e+03 -1.3955e+00 -3.7523e-01 +3.7564e-01 +2.7624e+00 +2.2555e+00
36 +6.657372256e+02 +6.657372256e+02 +9.598872256e+02 +9.598872256e+02 +5.5311e-02 +9.2805e-01 -8.9989e-01 +4.0714e-01 +1.5680e+00
44 +5.792639405e+02 +5.792639405e+02 +8.734139405e+02 +8.734139405e+02 -3.0822e-01 +1.5209e+00 -1.2786e+00 +1.5642e+00 +2.5853e+00
47 +5.210018234e+02 +5.210018234e+02 +8.151518234e+02 +8.151518234e+02 -1.1349e-01 +5.1371e-01 -3.7273e-01 +2.0574e+00 +2.2514e+00
55 +4.020347992e+02 +4.020347992e+02 +6.961847992e+02 +6.961847992e+02 +4.9188e-01 +1.6463e+00 -5.4521e-02 -5.8356e-01 +4.3760e+00
122 +3.027932794e+02 +3.027932794e+02 +5.969432794e+02 +5.969432794e+02 +2.8947e-01 +7.9948e-01 +1.4095e+00 +4.9341e-01 +3.6092e+00
135 +2.683588260e+02 +2.683588260e+02 +5.625088260e+02 +5.625088260e+02 +9.0612e-01 +6.5027e-01 -4.9896e-02 +1.2815e+00 +3.1303e+00
137 +2.142776909e+02 +2.142776909e+02 +5.084276909e+02 +5.084276909e+02 +2.5464e-01 -3.6502e-01 +2.8969e+00 +1.3926e-02 +3.7118e+00
153 +1.780984573e+02 +1.780984573e+02 +4.722484573e+02 +4.722484573e+02 +1.4477e+00 -8.8756e-01 +3.9264e+00 +6.7721e-01 +3.5239e+00
163 +1.662136875e+02 +1.662136875e+02 +4.603636875e+02 +4.603636875e+02 +1.9641e+00 -5.0115e-01 +1.8716e+00 +1.2024e+00 +4.1134e+00
295 +1.583135689e+02 +1.583135689e+02 +4.524635689e+02 +4.524635689e+02 +1.4704e+00 -4.7516e-01 +2.0088e+00 +3.3664e-01 +3.8992e+00
313 +1.043030784e+02 +1.043030784e+02 +3.984530784e+02 +3.984530784e+02 +1.3617e+00 -6.2248e-01 +3.2483e+00 +2.2655e-01 +3.1307e+00
418 +7.657800954e+01 +7.657800954e+01 +3.707280095e+02 +3.707280095e+02 +2.4427e+00 +2.2807e-01 -1.2276e+00 +2.3703e+00 +3.7086e+00
534 +7.432752962e+01 +7.432752962e+01 +3.684775296e+02 +3.684775296e+02 +2.2689e+00 -4.1956e-02 -2.2198e-01 +2.0886e+00 +3.6606e+00
626 +3.868901831e+01 +3.868901831e+01 +3.328390183e+02 +3.328390183e+02 +2.7585e+00 +5.1689e-01 -1.4105e+00 +2.1710e+00 +4.1078e+00
792 +3.529310721e+01 +3.529310721e+01 +3.294431072e+02 +3.294431072e+02 +2.3731e+00 +4.0455e-01 -4.8526e-01 +1.6278e+00 +3.8944e+00
944 +2.391557076e+01 +2.391557076e+01 +3.180655708e+02 +3.180655708e+02 +2.9601e+00 +7.2091e-01 -2.2043e+00 +2.3891e+00 +4.1564e+00
1182 +2.074585373e+01 +2.074585373e+01 +3.148958537e+02 +3.148958537e+02 +3.2477e+00 +7.9517e-01 -3.0985e+00 +2.7537e+00 +4.1728e+00
1368 +1.374278263e+01 +1.374278263e+01 +3.078927826e+02 +3.078927826e+02 +2.8310e+00 +6.2713e-01 -1.9362e+00 +2.2612e+00 +4.1191e+00
1669 +1.326926994e+01 +1.326926994e+01 +3.074192699e+02 +3.074192699e+02 +2.6550e+00 +5.2432e-01 -1.6061e+00 +2.1569e+00 +3.9978e+00
1683 +1.295623897e+01 +1.295623897e+01 +3.071062390e+02 +3.071062390e+02 +2.7348e+00 +4.4523e-01 -1.5838e+00 +2.2331e+00 +4.0110e+00
1924 +1.190037616e+01 +1.190037616e+01 +3.060503762e+02 +3.060503762e+02 +2.4474e+00 +3.3434e-01 -8.7765e-01 +1.8864e+00 +3.8725e+00
2118 +6.517782357e+00 +6.517782357e+00 +3.006677824e+02 +3.006677824e+02 +2.4174e+00 +2.4505e-01 -5.3909e-01 +1.7694e+00 +3.8786e+00
2199 +5.895547718e+00 +5.895547718e+00 +3.000455477e+02 +3.000455477e+02 +2.3281e+00 +2.0453e-01 -4.1277e-01 +1.7249e+00 +3.8431e+00
2555 +4.232589792e+00 +4.232589792e+00 +2.983825898e+02 +2.983825898e+02 +2.4150e+00 +2.9437e-01 -6.8241e-01 +1.8123e+00 +3.9042e+00
2646 +4.167512082e+00 +4.167512082e+00 +2.983175121e+02 +2.983175121e+02 +2.4364e+00 +2.7219e-01 -6.3934e-01 +1.8034e+00 +3.8908e+00
2871 +1.971267049e+00 +1.971267049e+00 +2.961212670e+02 +2.961212670e+02 +2.4168e+00 +2.7556e-01 -6.5257e-01 +1.8109e+00 +3.8910e+00
3033 +1.914553541e+00 +1.914553541e+00 +2.960645535e+02 +2.960645535e+02 +2.4574e+00 +3.0258e-01 -7.6202e-01 +1.8505e+00 +3.8953e+00
3486 +1.786128228e+00 +1.786128228e+00 +2.959361282e+02 +2.959361282e+02 +2.4256e+00 +2.7742e-01 -6.5194e-01 +1.8088e+00 +3.8845e+00
3693 +1.643844409e+00 +1.643844409e+00 +2.957938444e+02 +2.957938444e+02 +2.3987e+00 +2.6736e-01 -5.9683e-01 +1.7810e+00 +3.8806e+00
3717 +1.532827480e+00 +1.532827480e+00 +2.956828275e+02 +2.956828275e+02 +2.4007e+00 +2.6680e-01 -6.0837e-01 +1.7901e+00 +3.8816e+00
3747 +1.333679256e+00 +1.333679256e+00 +2.954836793e+02 +2.954836793e+02 +2.4104e+00 +2.6623e-01 -6.1300e-01 +1.7939e+00 +3.8813e+00
3777 +1.162522590e+00 +1.162522590e+00 +2.953125226e+02 +2.953125226e+02 +2.4018e+00 +2.6195e-01 -5.9547e-01 +1.7882e+00 +3.8784e+00
4170 +1.086893846e+00 +1.086893846e+00 +2.952368938e+02 +2.952368938e+02 +2.4189e+00 +2.8025e-01 -6.5568e-01 +1.8074e+00 +3.8869e+00
4460 +1.020137010e+00 +1.020137010e+00 +2.951701370e+02 +2.951701370e+02 +2.4199e+00 +2.7746e-01 -6.5354e-01 +1.8069e+00 +3.8863e+00
4579 +7.309420378e-01 +7.309420378e-01 +2.948809420e+02 +2.948809420e+02 +2.4123e+00 +2.7168e-01 -6.2834e-01 +1.7992e+00 +3.8837e+00
4876 +7.235436240e-01 +7.235436240e-01 +2.948735436e+02 +2.948735436e+02 +2.4145e+00 +2.7442e-01 -6.3678e-01 +1.8014e+00 +3.8853e+00
5892 +6.964028793e-01 +6.964028793e-01 +2.948464029e+02 +2.948464029e+02 +2.4116e+00 +2.7174e-01 -6.2751e-01 +1.7986e+00 +3.8838e+00
6405 +6.902112682e-01 +6.902112682e-01 +2.948402113e+02 +2.948402113e+02 +2.4119e+00 +2.7172e-01 -6.2745e-01 +1.7985e+00 +3.8839e+00
6454 +6.611380391e-01 +6.611380391e-01 +2.948111380e+02 +2.948111380e+02 +2.4115e+00 +2.7170e-01 -6.2718e-01 +1.7982e+00 +3.8838e+00
7078 +6.605595771e-01 +6.605595771e-01 +2.948105596e+02 +2.948105596e+02 +2.4118e+00 +2.7178e-01 -6.2762e-01 +1.7984e+00 +3.8838e+00
8244 +6.456481624e-01 +6.456481624e-01 +2.947956482e+02 +2.947956482e+02 +2.4122e+00 +2.7213e-01 -6.2909e-01 +1.7990e+00 +3.8840e+00
% function evaluation | noise-free fitness - Fopt (-2.703600000000e+02) | best noise-free fitness - Fopt | measured fitness | best measured fitness | x1 | x2...
1 +7.957094694e+02 +7.957094694e+02 +5.253494694e+02 +5.253494694e+02 +0.0000e+00 +0.0000e+00 +0.0000e+00 +0.0000e+00 +0.0000e+00
2 +6.958419794e+02 +6.958419794e+02 +4.254819794e+02 +4.254819794e+02 -6.7102e-01 +7.8066e-01 -4.8688e-01 +6.4161e-01 +4.6421e-01
14 +6.000756500e+02 +6.000756500e+02 +3.297156500e+02 +3.297156500e+02 +5.7095e-01 +5.4607e-01 -2.4428e+00 +9.3962e-01 +1.0100e+00
18 +3.801008876e+02 +3.801008876e+02 +1.097408876e+02 +1.097408876e+02 -1.0354e+00 +1.6375e+00 -2.4365e+00 -8.7967e-01 +7.3279e-01
32 +3.646045666e+02 +3.646045666e+02 +9.424456661e+01 +9.424456661e+01 -2.3647e+00 +1.1893e+00 -2.9072e+00 -2.0794e+00 +1.5983e+00
50 +3.521621173e+02 +3.521621173e+02 +8.180211728e+01 +8.180211728e+01 -8.0516e-01 +1.1509e+00 -3.1255e+00 -7.5883e-01 +1.4213e+00
54 +2.168120022e+02 +2.168120022e+02 -5.354799781e+01 -5.354799781e+01 -1.3907e+00 +7.7017e-01 -2.9949e+00 -1.2905e+00 +1.5347e+00
73 +1.901685242e+02 +1.901685242e+02 -8.019147583e+01 -8.019147583e+01 -2.6562e+00 -1.3764e-01 -2.7360e+00 +2.4885e-01 -7.4858e-02
126 +1.638849807e+02 +1.638849807e+02 -1.064750193e+02 -1.064750193e+02 -2.6293e+00 +5.7936e-01 -2.8577e+00 +9.1410e-01 -2.6911e-01
130 +1.285396659e+02 +1.285396659e+02 -1.418203341e+02 -1.418203341e+02 -4.0298e+00 +2.6523e-01 -3.5787e+00 +1.3301e+00 -1.3965e+00
138 +8.504655737e+01 +8.504655737e+01 -1.853134426e+02 -1.853134426e+02 -4.4484e+00 +2.1618e-01 -3.3674e+00 +1.8337e+00 -1.0426e+00
429 +7.566363652e+01 +7.566363652e+01 -1.946963635e+02 -1.946963635e+02 -1.1045e+00 +6.2425e-01 -3.1816e+00 -1.2805e+00 +6.1655e-01
606 +7.287730196e+01 +7.287730196e+01 -1.974826980e+02 -1.974826980e+02 -3.0246e-01 +6.6509e-01 -2.9267e+00 -1.7625e+00 +6.2064e-01
659 +7.134256055e+01 +7.134256055e+01 -1.990174395e+02 -1.990174395e+02 -1.1954e+00 +6.4590e-01 -2.8895e+00 -1.1214e+00 +1.9987e-01
666 +5.126953752e+01 +5.126953752e+01 -2.190904625e+02 -2.190904625e+02 -5.9187e-01 +5.1204e-01 -2.9969e+00 -1.3977e+00 +7.9472e-01
844 +4.929221460e+01 +4.929221460e+01 -2.210677854e+02 -2.210677854e+02 -1.5182e-01 +5.9703e-01 -2.9093e+00 -1.9476e+00 +8.8244e-01
1039 +4.397985332e+01 +4.397985332e+01 -2.263801467e+02 -2.263801467e+02 -4.3972e-02 +5.4696e-01 -2.8353e+00 -1.9675e+00 +1.0259e+00
1176 +3.662818398e+01 +3.662818398e+01 -2.337318160e+02 -2.337318160e+02 -3.1373e-01 +5.3835e-01 -2.9183e+00 -1.7461e+00 +8.3660e-01
1366 +3.442682463e+01 +3.442682463e+01 -2.359331754e+02 -2.359331754e+02 -1.9435e+00 +4.0278e-01 -3.0961e+00 -4.1507e-01 +2.0457e-01
1368 +3.147721048e+01 +3.147721048e+01 -2.388827895e+02 -2.388827895e+02 -1.3835e+00 +4.3697e-01 -2.9595e+00 -8.3313e-01 +4.6945e-01
1455 +2.267256158e+01 +2.267256158e+01 -2.476874384e+02 -2.476874384e+02 -1.8562e+00 +4.7279e-01 -2.9752e+00 -5.5204e-01 +2.8545e-01
1651 +1.562801288e+01 +1.562801288e+01 -2.547319871e+02 -2.547319871e+02 -1.7233e+00 +5.0867e-01 -3.0520e+00 -6.9268e-01 +2.9046e-01
1717 +1.475001679e+01 +1.475001679e+01 -2.556099832e+02 -2.556099832e+02 -2.0541e+00 +5.4577e-01 -3.0870e+00 -4.4194e-01 +1.1142e-01
1973 +1.305803138e+01 +1.305803138e+01 -2.573019686e+02 -2.573019686e+02 -2.8295e+00 +5.0038e-01 -3.0861e+00 +2.5424e-01 -2.3796e-01
1978 +1.248114319e+01 +1.248114319e+01 -2.578788568e+02 -2.578788568e+02 -2.6446e+00 +5.5830e-01 -3.1204e+00 +7.5400e-02 -1.6589e-01
2030 +4.757084810e+00 +4.757084810e+00 -2.656029152e+02 -2.656029152e+02 -2.6285e+00 +5.1909e-01 -3.1024e+00 +5.4750e-02 -1.4634e-01
2166 +4.604006372e+00 +4.604006372e+00 -2.657559936e+02 -2.657559936e+02 -2.5906e+00 +5.2705e-01 -3.1113e+00 +9.5441e-03 -1.3647e-01
2943 +3.169935833e+00 +3.169935833e+00 -2.671900642e+02 -2.671900642e+02 -2.9079e+00 +5.2486e-01 -3.1288e+00 +2.7788e-01 -2.8494e-01
3037 +2.478100525e+00 +2.478100525e+00 -2.678818995e+02 -2.678818995e+02 -2.8461e+00 +5.2806e-01 -3.1321e+00 +2.3474e-01 -2.7218e-01
3250 +1.964112493e+00 +1.964112493e+00 -2.683958875e+02 -2.683958875e+02 -2.9028e+00 +5.3135e-01 -3.1394e+00 +2.6522e-01 -2.9961e-01
3760 +1.645582826e+00 +1.645582826e+00 -2.687144172e+02 -2.687144172e+02 -2.9570e+00 +5.3074e-01 -3.1367e+00 +3.1573e-01 -3.2057e-01
3767 +1.606587707e+00 +1.606587707e+00 -2.687534123e+02 -2.687534123e+02 -2.9460e+00 +5.3262e-01 -3.1391e+00 +3.0458e-01 -3.2432e-01
3892 +1.437542499e+00 +1.437542499e+00 -2.689224575e+02 -2.689224575e+02 -2.9849e+00 +5.3308e-01 -3.1399e+00 +3.3327e-01 -3.3771e-01
3930 +1.390284828e+00 +1.390284828e+00 -2.689697152e+02 -2.689697152e+02 -2.9756e+00 +5.3215e-01 -3.1417e+00 +3.2299e-01 -3.3309e-01
3938 +1.180156207e+00 +1.180156207e+00 -2.691798438e+02 -2.691798438e+02 -2.9775e+00 +5.3046e-01 -3.1406e+00 +3.2931e-01 -3.3538e-01
4100 +1.052061081e+00 +1.052061081e+00 -2.693079389e+02 -2.693079389e+02 -2.9397e+00 +5.3070e-01 -3.1377e+00 +2.9700e-01 -3.1334e-01
4736 +1.020760695e+00 +1.020760695e+00 -2.693392393e+02 -2.693392393e+02 -2.9443e+00 +5.2959e-01 -3.1400e+00 +3.0212e-01 -3.1659e-01
4830 +9.486469815e-01 +9.486469815e-01 -2.694113530e+02 -2.694113530e+02 -2.9387e+00 +5.2920e-01 -3.1386e+00 +2.9870e-01 -3.1352e-01
5000 +9.184083050e-01 +9.184083050e-01 -2.694415917e+02 -2.694415917e+02 -2.9539e+00 +5.2975e-01 -3.1403e+00 +3.1071e-01 -3.2057e-01
5064 +8.688889536e-01 +8.688889536e-01 -2.694911110e+02 -2.694911110e+02 -2.9543e+00 +5.3014e-01 -3.1400e+00 +3.1030e-01 -3.2070e-01
5141 +8.145755475e-01 +8.145755475e-01 -2.695454245e+02 -2.695454245e+02 -2.9537e+00 +5.3040e-01 -3.1398e+00 +3.1092e-01 -3.2296e-01
5212 +8.099095329e-01 +8.099095329e-01 -2.695500905e+02 -2.695500905e+02 -2.9581e+00 +5.3100e-01 -3.1398e+00 +3.1346e-01 -3.2393e-01
5338 +7.908383926e-01 +7.908383926e-01 -2.695691616e+02 -2.695691616e+02 -2.9566e+00 +5.3069e-01 -3.1405e+00 +3.1333e-01 -3.2378e-01
5390 +7.219414292e-01 +7.219414292e-01 -2.696380586e+02 -2.696380586e+02 -2.9618e+00 +5.3035e-01 -3.1404e+00 +3.1643e-01 -3.2559e-01
5747 +6.878719696e-01 +6.878719696e-01 -2.696721280e+02 -2.696721280e+02 -2.9582e+00 +5.3033e-01 -3.1403e+00 +3.1431e-01 -3.2388e-01
6488 +6.694828494e-01 +6.694828494e-01 -2.696905172e+02 -2.696905172e+02 -2.9606e+00 +5.3047e-01 -3.1405e+00 +3.1593e-01 -3.2541e-01
6519 +6.585309290e-01 +6.585309290e-01 -2.697014691e+02 -2.697014691e+02 -2.9595e+00 +5.3036e-01 -3.1405e+00 +3.1502e-01 -3.2453e-01
7706 +6.451827374e-01 +6.451827374e-01 -2.697148173e+02 -2.697148173e+02 -2.9582e+00 +5.3042e-01 -3.1403e+00 +3.1399e-01 -3.2401e-01
% function evaluation | noise-free fitness - Fopt (-6.645000000000e+01) | best noise-free fitness - Fopt | measured fitness | best measured fitness | x1 | x2...
1 +1.560604204e+03 +1.560604204e+03 +1.494154204e+03 +1.494154204e+03 +0.0000e+00 +0.0000e+00 +0.0000e+00 +0.0000e+00 +0.0000e+00
3 +1.239538308e+03 +1.239538308e+03 +1.173088308e+03 +1.173088308e+03 -1.2402e-01 +7.2719e-01 +3.1080e+00 -2.1261e+00 +1.7885e+00
12 +1.205867169e+03 +1.205867169e+03 +1.139417169e+03 +1.139417169e+03 +7.7431e-01 +6.1867e-01 +1.7817e+00 -2.2529e+00 +4.0477e+00
15 +1.185125695e+03 +1.185125695e+03 +1.118675695e+03 +1.118675695e+03 -2.9850e-01 +1.6581e+00 +1.2780e+00 -1.0382e+00 +3.7058e-02
17 +9.781894602e+02 +9.781894602e+02 +9.117394602e+02 +9.117394602e+02 -5.8989e-01 +2.4553e+00 +2.6734e+00 -2.7120e+00 +5.7266e-01
20 +7.807602450e+02 +7.807602450e+02 +7.143102450e+02 +7.143102450e+02 +1.6399e+00 +2.4227e+00 +4.0617e+00 -2.0636e+00 +2.5103e-01
22 +5.197747008e+02 +5.197747008e+02 +4.533247008e+02 +4.533247008e+02 +2.0331e+00 +3.8960e+00 +3.9985e+00 -3.1794e+00 -9.4953e-01
43 +2.905025565e+02 +2.905025565e+02 +2.240525565e+02 +2.240525565e+02 +3.6385e+00 +1.8422e+00 +1.4947e+00 -4.4912e+00 +5.2287e-01
113 +1.433925284e+02 +1.433925284e+02 +7.694252836e+01 +7.694252836e+01 +2.6008e+00 +3.7899e+00 +3.3526e-01 -3.4952e+00 -3.6335e-01
253 +1.168338378e+02 +1.168338378e+02 +5.038383778e+01 +5.038383778e+01 +2.0920e+00 +3.5406e+00 -9.7222e-02 -3.9150e+00 -1.2275e+00
299 +1.110486475e+02 +1.110486475e+02 +4.459864755e+01 +4.459864755e+01 +2.4519e+00 +3.7393e+00 +1.8155e+00 -3.9095e+00 -2.3857e-01
326 +8.984145947e+01 +8.984145947e+01 +2.339145947e+01 +2.339145947e+01 +2.0169e+00 +3.9512e+00 +1.2068e+00 -3.7670e+00 -8.6249e-01
380 +7.990449825e+01 +7.990449825e+01 +1.345449825e+01 +1.345449825e+01 +2.6916e+00 +4.0009e+00 +1.1455e+00 -3.7911e+00 +4.2621e-01
583 +5.849488673e+01 +5.849488673e+01 -7.955113265e+00 -7.955113265e+00 +1.9182e+00 +3.8971e+00 +1.0776e-01 -3.5392e+00 -1.4803e+00
659 +5.620205779e+01 +5.620205779e+01 -1.024794221e+01 -1.024794221e+01 +2.0209e+00 +3.7409e+00 +3.0800e-01 -3.7121e+00 -1.1885e+00
778 +3.639686095e+01 +3.639686095e+01 -3.005313905e+01 -3.005313905e+01 +1.6421e+00 +4.0124e+00 +7.7873e-02 -3.5580e+00 -1.7244e+00
1155 +3.401638628e+01 +3.401638628e+01 -3.243361372e+01 -3.243361372e+01 +2.0211e+00 +4.0110e+00 +8.0517e-01 -3.7183e+00 -7.1986e-01
1169 +3.185661084e+01 +3.185661084e+01 -3.459338916e+01 -3.459338916e+01 +1.9723e+00 +4.0603e+00 +7.5505e-01 -3.6596e+00 -8.5775e-01
1232 +2.603752947e+01 +2.603752947e+01 -4.041247053e+01 -4.041247053e+01 +2.4377e+00 +3.8855e+00 +1.2072e+00 -3.6659e+00 -1.1582e-01
1259 +2.162759269e+01 +2.162759269e+01 -4.482240731e+01 -4.482240731e+01 +2.3248e+00 +4.0532e+00 +1.1711e+00 -3.6980e+00 -5.2658e-02
1471 +2.076119423e+01 +2.076119423e+01 -4.568880577e+01 -4.568880577e+01 +2.3581e+00 +4.1313e+00 +1.3402e+00 -3.6670e+00 -6.0663e-03
1519 +5.058833348e+00 +5.058833348e+00 -6.139116665e+01 -6.139116665e+01 +2.3723e+00 +3.9798e+00 +1.2672e+00 -3.6993e+00 -2.3949e-02
2181 +2.728366283e+00 +2.728366283e+00 -6.372163372e+01 -6.372163372e+01 +2.5539e+00 +3.9510e+00 +1.5427e+00 -3.7387e+00 +3.3572e-01
2774 +2.689622412e+00 +2.689622412e+00 -6.376037759e+01 -6.376037759e+01 +2.5302e+00 +3.9738e+00 +1.5290e+00 -3.7428e+00 +3.1370e-01
3080 +2.519062886e+00 +2.519062886e+00 -6.393093711e+01 -6.393093711e+01 +2.6702e+00 +3.9380e+00 +1.7596e+00 -3.7783e+00 +6.1289e-01
3120 +2.264508895e+00 +2.264508895e+00 -6.418549110e+01 -6.418549110e+01 +2.6941e+00 +3.9401e+00 +1.7936e+00 -3.7756e+00 +6.7784e-01
3131 +1.254062619e+00 +1.254062619e+00 -6.519593738e+01 -6.519593738e+01 +2.7001e+00 +3.9478e+00 +1.8108e+00 -3.7789e+00 +6.9682e-01
3663 +1.175716609e+00 +1.175716609e+00 -6.527428339e+01 -6.527428339e+01 +2.6791e+00 +3.9545e+00 +1.7784e+00 -3.7770e+00 +6.4305e-01
3915 +6.742469031e-01 +6.742469031e-01 -6.577575310e+01 -6.577575310e+01 +2.6831e+00 +3.9553e+00 +1.7814e+00 -3.7742e+00 +6.5382e-01
4593 +5.640118234e-01 +5.640118234e-01 -6.588598818e+01 -6.588598818e+01 +2.6910e+00 +3.9482e+00 +1.7867e+00 -3.7779e+00 +6.6343e-01
4641 +5.269306348e-01 +5.269306348e-01 -6.592306937e+01 -6.592306937e+01 +2.6884e+00 +3.9509e+00 +1.7830e+00 -3.7769e+00 +6.5752e-01
4767 +5.034359670e-01 +5.034359670e-01 -6.594656403e+01 -6.594656403e+01 +2.6924e+00 +3.9496e+00 +1.7889e+00 -3.7787e+00 +6.6720e-01
4834 +4.645122854e-01 +4.645122854e-01 -6.598548771e+01 -6.598548771e+01 +2.6945e+00 +3.9492e+00 +1.7978e+00 -3.7792e+00 +6.7497e-01
4842 +4.498929197e-01 +4.498929197e-01 -6.600010708e+01 -6.600010708e+01 +2.6953e+00 +3.9481e+00 +1.7969e+00 -3.7792e+00 +6.7559e-01
4906 +4.451227654e-01 +4.451227654e-01 -6.600487723e+01 -6.600487723e+01 +2.7027e+00 +3.9511e+00 +1.8120e+00 -3.7801e+00 +6.9569e-01
4910 +3.858804631e-01 +3.858804631e-01 -6.606411954e+01 -6.606411954e+01 +2.7006e+00 +3.9489e+00 +1.8052e+00 -3.7804e+00 +6.8711e-01
4911 +3.449926738e-01 +3.449926738e-01 -6.610500733e+01 -6.610500733e+01 +2.7000e+00 +3.9499e+00 +1.8070e+00 -3.7799e+00 +6.8930e-01
4961 +3.071995354e-01 +3.071995354e-01 -6.614280046e+01 -6.614280046e+01 +2.7050e+00 +3.9481e+00 +1.8148e+00 -3.7824e+00 +7.0016e-01
5384 +2.974987637e-01 +2.974987637e-01 -6.615250124e+01 -6.615250124e+01 +2.7047e+00 +3.9487e+00 +1.8137e+00 -3.7820e+00 +7.0021e-01
5484 +2.518752708e-01 +2.518752708e-01 -6.619812473e+01 -6.619812473e+01 +2.7058e+00 +3.9484e+00 +1.8158e+00 -3.7826e+00 +7.0156e-01
5609 +2.364685343e-01 +2.364685343e-01 -6.621353147e+01 -6.621353147e+01 +2.7062e+00 +3.9487e+00 +1.8157e+00 -3.7819e+00 +7.0225e-01
6112 +1.842026906e-01 +1.842026906e-01 -6.626579731e+01 -6.626579731e+01 +2.7094e+00 +3.9484e+00 +1.8214e+00 -3.7831e+00 +7.0966e-01
6882 +1.807620312e-01 +1.807620312e-01 -6.626923797e+01 -6.626923797e+01 +2.7090e+00 +3.9485e+00 +1.8207e+00 -3.7830e+00 +7.0891e-01
7039 +1.768543129e-01 +1.768543129e-01 -6.627314569e+01 -6.627314569e+01 +2.7086e+00 +3.9486e+00 +1.8201e+00 -3.7829e+00 +7.0790e-01
7417 +1.719188809e-01 +1.719188809e-01 -6.627808112e+01 -6.627808112e+01 +2.7086e+00 +3.9485e+00 +1.8200e+00 -3.7830e+00 +7.0792e-01
7438 +1.693384720e-01 +1.693384720e-01 -6.628066153e+01 -6.628066153e+01 +2.7086e+00 +3.9485e+00 +1.8200e+00 -3.7829e+00 +7.0789e-01
7510 +1.649164675e-01 +1.649164675e-01 -6.628508353e+01 -6.628508353e+01 +2.7086e+00 +3.9485e+00 +1.8199e+00 -3.7829e+00 +7.0783e-01
8448 +1.608265290e-01 +1.608265290e-01 -6.628917347e+01 -6.628917347e+01 +2.7081e+00 +3.9485e+00 +1.8191e+00 -3.7828e+00 +7.0674e-01
% function evaluation | noise-free fitness - Fopt (2.509000000000e+01) | best noise-free fitness - Fopt | measured fitness | best measured fitness | x1 | x2...
1 +5.979150885e+02 +5.979150885e+02 +6.230050885e+02 +6.230050885e+02 +0.0000e+00 +0.0000e+00 +0.0000e+00 +0.0000e+00 +0.0000e+00
18 +4.430627232e+02 +4.430627232e+02 +4.681527232e+02 +4.681527232e+02 +1.4655e+00 +2.7727e+00 +1.7113e-01 +8.6900e-01 -3.5551e-01
25 +3.958278854e+02 +3.958278854e+02 +4.209178854e+02 +4.209178854e+02 +1.6258e+00 +1.5161e+00 -7.3247e-01 -1.0384e-01 -7.0138e-01
26 +3.663887797e+02 +3.663887797e+02 +3.914787797e+02 +3.914787797e+02 +2.9147e+00 +3.0945e+00 +7.2476e-01 +1.1844e+00 -1.0993e+00
47 +2.645626349e+02 +2.645626349e+02 +2.896526349e+02 +2.896526349e+02 +1.9899e+00 +2.3863e+00 +6.6133e-01 -5.4177e-01 -1.5999e+00
81 +1.630927814e+02 +1.630927814e+02 +1.881827814e+02 +1.881827814e+02 +1.0890e+00 +1.6015e+00 +1.9171e+00 -7.2068e-01 -2.0005e+00
144 +1.337870331e+02 +1.337870331e+02 +1.588770331e+02 +1.588770331e+02 +3.7349e+00 +4.8631e-01 +8.3667e-01 +2.2727e+00 -1.9972e+00
194 +1.280270032e+02 +1.280270032e+02 +1.531170032e+02 +1.531170032e+02 +2.3575e+00 +1.0218e-01 +2.6191e-01 +4.3043e-01 -1.9533e+00
241 +1.096041784e+02 +1.096041784e+02 +1.346941784e+02 +1.346941784e+02 +3.7349e+00 +6.4845e-01 -6.2535e-02 +2.2170e+00 -2.7154e+00
415 +8.524287410e+01 +8.524287410e+01 +1.103328741e+02 +1.103328741e+02 +4.7437e+00 -1.9872e-01 -3.7897e-01 +2.8486e+00 -2.5842e+00
498 +2.580268058e+01 +2.580268058e+01 +5.089268058e+01 +5.089268058e+01 +3.7651e+00 +3.6045e-01 +1.4875e-01 +1.9105e+00 -2.4673e+00
890 +2.439625416e+01 +2.439625416e+01 +4.948625416e+01 +4.948625416e+01 +3.1857e+00 +5.2340e-01 +4.8849e-01 +1.0476e+00 -2.3460e+00
1169 +1.746370793e+01 +1.746370793e+01 +4.255370793e+01 +4.255370793e+01 +3.1205e+00 +6.1707e-01 +5.5670e-01 +1.0827e+00 -2.3258e+00
1177 +1.663702204e+01 +1.663702204e+01 +4.172702204e+01 +4.172702204e+01 +2.9254e+00 +8.1497e-01 +6.1953e-01 +9.8576e-01 -2.2677e+00
1502 +1.621180633e+01 +1.621180633e+01 +4.130180633e+01 +4.130180633e+01 +2.9104e+00 +7.1668e-01 +5.5882e-01 +1.0405e+00 -2.2918e+00
1512 +8.585542810e+00 +8.585542810e+00 +3.367554281e+01 +3.367554281e+01 +3.0695e+00 +5.6964e-01 +4.5291e-01 +1.0447e+00 -2.2986e+00
1783 +7.023791946e+00 +7.023791946e+00 +3.211379195e+01 +3.211379195e+01 +3.0258e+00 +5.9747e-01 +4.8615e-01 +1.0166e+00 -2.2861e+00
1938 +6.357439559e+00 +6.357439559e+00 +3.144743956e+01 +3.144743956e+01 +2.9007e+00 +7.4108e-01 +5.5105e-01 +9.1546e-01 -2.2609e+00
1958 +5.094761015e+00 +5.094761015e+00 +3.018476101e+01 +3.018476101e+01 +2.9122e+00 +7.0753e-01 +5.6319e-01 +9.6527e-01 -2.2713e+00
2317 +4.987295332e+00 +4.987295332e+00 +3.007729533e+01 +3.007729533e+01 +3.0949e+00 +6.4870e-01 +4.6774e-01 +1.1273e+00 -2.2941e+00
2448 +4.715524372e+00 +4.715524372e+00 +2.980552437e+01 +2.980552437e+01 +3.0591e+00 +6.2015e-01 +4.7558e-01 +1.0910e+00 -2.3189e+00
2459 +4.527776140e+00 +4.527776140e+00 +2.961777614e+01 +2.961777614e+01 +3.0589e+00 +6.2351e-01 +4.6146e-01 +1.0779e+00 -2.3196e+00
2545 +2.993975801e+00 +2.993975801e+00 +2.808397580e+01 +2.808397580e+01 +2.9779e+00 +6.7374e-01 +5.2335e-01 +1.0045e+00 -2.2904e+00
3025 +2.621312794e+00 +2.621312794e+00 +2.771131279e+01 +2.771131279e+01 +2.9304e+00 +6.7725e-01 +5.5029e-01 +9.5010e-01 -2.2690e+00
3036 +2.415940891e+00 +2.415940891e+00 +2.750594089e+01 +2.750594089e+01 +2.9196e+00 +6.9380e-01 +5.5705e-01 +9.3633e-01 -2.2702e+00
3147 +2.086674041e+00 +2.086674041e+00 +2.717667404e+01 +2.717667404e+01 +2.9163e+00 +6.9859e-01 +5.4738e-01 +9.3454e-01 -2.2696e+00
3165 +1.834202782e+00 +1.834202782e+00 +2.692420278e+01 +2.692420278e+01 +2.9189e+00 +6.8766e-01 +5.4712e-01 +9.3975e-01 -2.2701e+00
3351 +1.750482362e+00 +1.750482362e+00 +2.684048236e+01 +2.684048236e+01 +2.9536e+00 +6.7794e-01 +5.3929e-01 +9.7915e-01 -2.2735e+00
3437 +1.568269389e+00 +1.568269389e+00 +2.665826939e+01 +2.665826939e+01 +2.9654e+00 +6.7394e-01 +5.2728e-01 +1.0001e+00 -2.2751e+00
3456 +1.548033683e+00 +1.548033683e+00 +2.663803368e+01 +2.663803368e+01 +2.9656e+00 +6.7617e-01 +5.2027e-01 +9.8881e-01 -2.2744e+00
3683 +1.334867461e+00 +1.334867461e+00 +2.642486746e+01 +2.642486746e+01 +2.9274e+00 +6.9381e-01 +5.4752e-01 +9.5319e-01 -2.2674e+00
3715 +1.223412940e+00 +1.223412940e+00 +2.631341294e+01 +2.631341294e+01 +2.9379e+00 +6.8629e-01 +5.4176e-01 +9.6161e-01 -2.2698e+00
3732 +1.146451549e+00 +1.146451549e+00 +2.623645155e+01 +2.623645155e+01 +2.9367e+00 +6.8779e-01 +5.3818e-01 +9.6100e-01 -2.2697e+00
3922 +9.752219255e-01 +9.752219255e-01 +2.606522193e+01 +2.606522193e+01 +2.9554e+00 +6.7549e-01 +5.2802e-01 +9.8270e-01 -2.2732e+00
4083 +8.379420208e-01 +8.379420208e-01 +2.592794202e+01 +2.592794202e+01 +2.9750e+00 +6.6848e-01 +5.1886e-01 +1.0031e+00 -2.2773e+00
4165 +8.147409471e-01 +8.147409471e-01 +2.590474095e+01 +2.590474095e+01 +2.9775e+00 +6.6556e-01 +5.1787e-01 +1.0068e+00 -2.2801e+00
4257 +6.828959744e-01 +6.828959744e-01 +2.577289597e+01 +2.577289597e+01 +2.9804e+00 +6.6645e-01 +5.1577e-01 +1.0086e+00 -2.2792e+00
4343 +6.692339264e-01 +6.692339264e-01 +2.575923393e+01 +2.575923393e+01 +2.9707e+00 +6.6918e-01 +5.1988e-01 +9.9663e-01 -2.2774e+00
4423 +5.855963579e-01 +5.855963579e-01 +2.567559636e+01 +2.567559636e+01 +2.9795e+00 +6.6549e-01 +5.1563e-01 +1.0075e+00 -2.2806e+00
4439 +5.355303610e-01 +5.355303610e-01 +2.562553036e+01 +2.562553036e+01 +2.9776e+00 +6.6574e-01 +5.1567e-01 +1.0046e+00 -2.2800e+00
4818 +5.198056356e-01 +5.198056356e-01 +2.560980564e+01 +2.560980564e+01 +2.9763e+00 +6.6727e-01 +5.1709e-01 +1.0030e+00 -2.2791e+00
4968 +4.856371404e-01 +4.856371404e-01 +2.557563714e+01 +2.557563714e+01 +2.9776e+00 +6.6632e-01 +5.1646e-01 +1.0045e+00 -2.2801e+00
5198 +4.665311866e-01 +4.665311866e-01 +2.555653119e+01 +2.555653119e+01 +2.9773e+00 +6.6634e-01 +5.1697e-01 +1.0039e+00 -2.2798e+00
5287 +4.274765506e-01 +4.274765506e-01 +2.551747655e+01 +2.551747655e+01 +2.9785e+00 +6.6585e-01 +5.1599e-01 +1.0054e+00 -2.2801e+00
5536 +4.265182325e-01 +4.265182325e-01 +2.551651823e+01 +2.551651823e+01 +2.9828e+00 +6.6430e-01 +5.1359e-01 +1.0100e+00 -2.2810e+00
5832 +4.145062929e-01 +4.145062929e-01 +2.550450629e+01 +2.550450629e+01 +2.9841e+00 +6.6325e-01 +5.1277e-01 +1.0110e+00 -2.2814e+00
6118 +3.997985583e-01 +3.997985583e-01 +2.548979856e+01 +2.548979856e+01 +2.9834e+00 +6.6367e-01 +5.1336e-01 +1.0105e+00 -2.2810e+00
6326 +3.967631163e-01 +3.967631163e-01 +2.548676312e+01 +2.548676312e+01 +2.9836e+00 +6.6352e-01 +5.1307e-01 +1.0107e+00 -2.2811e+00
6350 +3.822448674e-01 +3.822448674e-01 +2.547224487e+01 +2.547224487e+01 +2.9837e+00 +6.6351e-01 +5.1298e-01 +1.0107e+00 -2.2812e+00
6850 +3.779030492e-01 +3.779030492e-01 +2.546790305e+01 +2.546790305e+01 +2.9840e+00 +6.6335e-01 +5.1290e-01 +1.0110e+00 -2.2812e+00
8459 +3.713209037e-01 +3.713209037e-01 +2.546132090e+01 +2.546132090e+01 +2.9840e+00 +6.6338e-01 +5.1290e-01 +1.0110e+00 -2.2812e+00
