% function evaluation | noise-free fitness - Fopt (-1.025500000000e+02) | best noise-free fitness - Fopt | measured fitness | best measured fitness | x1 | x2...
1 +2.503737427e-01 +2.503737427e-01 -1.022996263e+02 -1.022996263e+02 +0.0000e+00 +0.0000e+00 +0.0000e+00
2529 +1.107270651e-01 +1.107270651e-01 -1.024392729e+02 -1.024392729e+02 +7.7973e-01 -5.8945e-01 +7.6524e-02
9482 +7.049229952e-02 +7.049229952e-02 -1.024795077e+02 -1.024795077e+02 -1.9172e+00 +2.2765e+00 +8.1973e-01
17733 +3.740946921e-02 +3.740946921e-02 -1.025125905e+02 -1.025125905e+02 -7.5337e-01 +8.8895e-01 -1.1257e+00
18163 +2.700742077e-02 +2.700742077e-02 -1.025229926e+02 -1.025229926e+02 -5.0749e-01 +1.1900e+00 +9.1394e-01
% function evaluation | noise-free fitness - Fopt (7.169000000000e+01) | best noise-free fitness - Fopt | measured fitness | best measured fitness | x1 | x2...
1 +2.503737427e-01 +2.503737427e-01 +7.194037374e+01 +7.194037374e+01 +0.0000e+00 +0.0000e+00 +0.0000e+00
3331 +1.741363703e-01 +1.741363703e-01 +7.186413637e+01 +7.186413637e+01 +1.8019e+00 -2.0348e+00 -7.4071e+00
9683 +1.692469008e-01 +1.692469008e-01 +7.185924690e+01 +7.185924690e+01 +4.8521e+00 -3.3525e+00 -1.2785e+01
11997 +7.918397510e-02 +7.918397510e-02 +7.176918398e+01 +7.176918398e+01 +5.3014e+00 -3.6534e+00 -1.3793e+01
48120 +5.587873982e-02 +5.587873982e-02 +7.174587874e+01 +7.174587874e+01 +4.9712e+00 -3.4098e+00 -1.2802e+01
% function evaluation | noise-free fitness - Fopt (2.140100000000e+02) | best noise-free fitness - Fopt | measured fitness | best measured fitness | x1 | x2...
1 +2.503737427e-01 +2.503737427e-01 +2.142603737e+02 +2.142603737e+02 +0.0000e+00 +0.0000e+00 +0.0000e+00
2434 +6.497488713e-02 +6.497488713e-02 +2.140749749e+02 +2.140749749e+02 -1.9893e-01 +1.0278e+00 -2.7590e-01
7023 +1.261605084e-02 +1.261605084e-02 +2.140226161e+02 +2.140226161e+02 -2.2364e-01 +7.1028e-01 -1.2430e-01
10572 +1.450110623e-04 +1.450110623e-04 +2.140101450e+02 +2.140101450e+02 -2.2722e-01 +1.0154e+00 +1.3203e-02
14675 +1.170414809e-04 +1.170414809e-04 +2.140101170e+02 +2.140101170e+02 -2.2867e-01 +1.0056e+00 +8.0225e-03
14677 +1.071520110e-04 +1.071520110e-04 +2.140101072e+02 +2.140101072e+02 -2.2824e-01 +1.0047e+00 +7.2567e-03
14691 +7.467802826e-05 +7.467802826e-05 +2.140100747e+02 +2.140100747e+02 -2.2671e-01 +9.8655e-01 -9.9213e-04
14703 +6.801786282e-05 +6.801786282e-05 +2.140100680e+02 +2.140100680e+02 -2.2569e-01 +9.8006e-01 -1.9535e-03
14770 +6.006363088e-05 +6.006363088e-05 +2.140100601e+02 +2.140100601e+02 -2.2546e-01 +9.7623e-01 -4.7119e-03
14808 +5.694971077e-05 +5.694971077e-05 +2.140100569e+02 +2.140100569e+02 -2.2604e-01 +9.7235e-01 -5.3157e-03
14854 +5.328287347e-05 +5.328287347e-05 +2.140100533e+02 +2.140100533e+02 -2.2633e-01 +9.7500e-01 -4.9013e-03
14940 +5.070478085e-05 +5.070478085e-05 +2.140100507e+02 +2.140100507e+02 -2.2549e-01 +9.7197e-01 -6.1037e-03
14954 +4.941678901e-05 +4.941678901e-05 +2.140100494e+02 +2.140100494e+02 -2.2659e-01 +9.7284e-01 -6.2894e-03
14977 +4.655843304e-05 +4.655843304e-05 +2.140100466e+02 +2.140100466e+02 -2.2601e-01 +9.6065e-01 -1.0328e-02
14984 +3.856425707e-05 +3.856425707e-05 +2.140100386e+02 +2.140100386e+02 -2.2636e-01 +9.6306e-01 -1.0504e-02
15027 +3.217307977e-05 +3.217307977e-05 +2.140100322e+02 +2.140100322e+02 -2.2532e-01 +9.5726e-01 -1.2532e-02
15032 +2.946188258e-05 +2.946188258e-05 +2.140100295e+02 +2.140100295e+02 -2.2586e-01 +9.5440e-01 -1.4417e-02
15069 +2.701729630e-05 +2.701729630e-05 +2.140100270e+02 +2.140100270e+02 -2.2491e-01 +9.4081e-01 -1.8618e-02
15073 +2.104931323e-05 +2.104931323e-05 +2.140100210e+02 +2.140100210e+02 -2.2435e-01 +9.3933e-01 -1.9469e-02
15075 +1.967739144e-05 +1.967739144e-05 +2.140100197e+02 +2.140100197e+02 -2.2561e-01 +9.3632e-01 -2.2526e-02
15079 +1.874297817e-05 +1.874297817e-05 +2.140100187e+02 +2.140100187e+02 -2.2428e-01 +9.3538e-01 -2.1137e-02
15083 +1.527728125e-05 +1.527728125e-05 +2.140100153e+02 +2.140100153e+02 -2.2281e-01 +9.2355e-01 -2.6984e-02
15085 +1.305439972e-05 +1.305439972e-05 +2.140100131e+02 +2.140100131e+02 -2.2431e-01 +9.3018e-01 -2.4101e-02
15140 +1.248039780e-05 +1.248039780e-05 +2.140100125e+02 +2.140100125e+02 -2.2404e-01 +9.2800e-01 -2.4738e-02
15152 +1.006252930e-05 +1.006252930e-05 +2.140100101e+02 +2.140100101e+02 -2.2464e-01 +9.1631e-01 -3.0382e-02
15170 +9.189883116e-06 +9.189883116e-06 +2.140100092e+02 +2.140100092e+02 -2.2438e-01 +9.1908e-01 -2.9129e-02
15186 +7.407042261e-06 +7.407042261e-06 +2.140100074e+02 +2.140100074e+02 -2.2417e-01 +9.0629e-01 -3.4995e-02
15187 +6.901288145e-06 +6.901288145e-06 +2.140100069e+02 +2.140100069e+02 -2.2390e-01 +9.1189e-01 -3.1779e-02
15289 +6.407018333e-06 +6.407018333e-06 +2.140100064e+02 +2.140100064e+02 -2.2351e-01 +9.1242e-01 -3.1557e-02
15332 +5.822227678e-06 +5.822227678e-06 +2.140100058e+02 +2.140100058e+02 -2.2347e-01 +9.0840e-01 -3.3007e-02
15347 +5.614498377e-06 +5.614498377e-06 +2.140100056e+02 +2.140100056e+02 -2.2285e-01 +9.0810e-01 -3.3059e-02
15404 +5.292213501e-06 +5.292213501e-06 +2.140100053e+02 +2.140100053e+02 -2.2280e-01 +9.0690e-01 -3.3846e-02
15420 +5.196211447e-06 +5.196211447e-06 +2.140100052e+02 +2.140100052e+02 -2.2274e-01 +9.0640e-01 -3.3964e-02
15433 +5.000649793e-06 +5.000649793e-06 +2.140100050e+02 +2.140100050e+02 -2.2332e-01 +9.0683e-01 -3.4140e-02
15475 +4.791427557e-06 +4.791427557e-06 +2.140100048e+02 +2.140100048e+02 -2.2251e-01 +9.0166e-01 -3.5328e-02
15482 +4.346538418e-06 +4.346538418e-06 +2.140100043e+02 +2.140100043e+02 -2.2296e-01 +9.0211e-01 -3.6326e-02
15502 +4.201393097e-06 +4.201393097e-06 +2.140100042e+02 +2.140100042e+02 -2.2296e-01 +9.0194e-01 -3.5620e-02
15503 +4.051189507e-06 +4.051189507e-06 +2.140100041e+02 +2.140100041e+02 -2.2303e-01 +8.9913e-01 -3.7775e-02
15512 +2.886645547e-06 +2.886645547e-06 +2.140100029e+02 +2.140100029e+02 -2.2277e-01 +8.9467e-01 -3.8768e-02
15546 +2.610052945e-06 +2.610052945e-06 +2.140100026e+02 +2.140100026e+02 -2.2239e-01 +8.9348e-01 -3.9378e-02
15558 +2.504878523e-06 +2.504878523e-06 +2.140100025e+02 +2.140100025e+02 -2.2231e-01 +8.9253e-01 -3.9779e-02
15569 +2.285687827e-06 +2.285687827e-06 +2.140100023e+02 +2.140100023e+02 -2.2234e-01 +8.9061e-01 -4.0790e-02
15579 +2.044761516e-06 +2.044761516e-06 +2.140100020e+02 +2.140100020e+02 -2.2211e-01 +8.8783e-01 -4.1359e-02
15584 +1.930491919e-06 +1.930491919e-06 +2.140100019e+02 +2.140100019e+02 -2.2187e-01 +8.8491e-01 -4.2361e-02
15596 +1.820211622e-06 +1.820211622e-06 +2.140100018e+02 +2.140100018e+02 -2.2210e-01 +8.8187e-01 -4.3605e-02
15602 +1.432927377e-06 +1.432927377e-06 +2.140100014e+02 +2.140100014e+02 -2.2217e-01 +8.8067e-01 -4.4414e-02
15604 +1.214262937e-06 +1.214262937e-06 +2.140100012e+02 +2.140100012e+02 -2.2169e-01 +8.7747e-01 -4.5467e-02
15608 +1.179107585e-06 +1.179107585e-06 +2.140100012e+02 +2.140100012e+02 -2.2220e-01 +8.7542e-01 -4.7085e-02
15621 +1.038589659e-06 +1.038589659e-06 +2.140100010e+02 +2.140100010e+02 -2.2203e-01 +8.7602e-01 -4.6501e-02
15707 +9.327461612e-07 +9.327461612e-07 +2.140100009e+02 +2.140100009e+02 -2.2151e-01 +8.7550e-01 -4.6509e-02
15715 +8.130888034e-07 +8.130888034e-07 +2.140100008e+02 +2.140100008e+02 -2.2149e-01 +8.7330e-01 -4.7349e-02
15749 +7.300021707e-07 +7.300021707e-07 +2.140100007e+02 +2.140100007e+02 -2.2168e-01 +8.7262e-01 -4.7938e-02
15753 +7.236580473e-07 +7.236580473e-07 +2.140100007e+02 +2.140100007e+02 -2.2141e-01 +8.7137e-01 -4.8105e-02
15976 +6.398243215e-07 +6.398243215e-07 +2.140100006e+02 +2.140100006e+02 -2.2151e-01 +8.7037e-01 -4.9023e-02
16094 +5.461239709e-07 +5.461239709e-07 +2.140100005e+02 +2.140100005e+02 -2.2145e-01 +8.6752e-01 -4.9795e-02
16102 +5.271049304e-07 +5.271049304e-07 +2.140100005e+02 +2.140100005e+02 -2.2134e-01 +8.6689e-01 -4.9968e-02
16121 +4.752892835e-07 +4.752892835e-07 +2.140100005e+02 +2.140100005e+02 -2.2135e-01 +8.6578e-01 -5.0490e-02
16129 +4.379354834e-07 +4.379354834e-07 +2.140100004e+02 +2.140100004e+02 -2.2130e-01 +8.6572e-01 -5.0839e-02
16173 +4.217550895e-07 +4.217550895e-07 +2.140100004e+02 +2.140100004e+02 -2.2119e-01 +8.6506e-01 -5.0774e-02
16192 +4.148937194e-07 +4.148937194e-07 +2.140100004e+02 +2.140100004e+02 -2.2130e-01 +8.6432e-01 -5.1488e-02
16264 +3.536607380e-07 +3.536607380e-07 +2.140100004e+02 +2.140100004e+02 -2.2115e-01 +8.6298e-01 -5.1963e-02
16295 +3.271773892e-07 +3.271773892e-07 +2.140100003e+02 +2.140100003e+02 -2.2102e-01 +8.6024e-01 -5.2596e-02
16307 +2.735445150e-07 +2.735445150e-07 +2.140100003e+02 +2.140100003e+02 -2.2094e-01 +8.6055e-01 -5.2817e-02
16325 +2.650691044e-07 +2.650691044e-07 +2.140100003e+02 +2.140100003e+02 -2.2096e-01 +8.6006e-01 -5.2838e-02
16327 +2.358585220e-07 +2.358585220e-07 +2.140100002e+02 +2.140100002e+02 -2.2089e-01 +8.5911e-01 -5.3383e-02
16334 +2.209538366e-07 +2.209538366e-07 +2.140100002e+02 +2.140100002e+02 -2.2093e-01 +8.5787e-01 -5.3740e-02
16366 +2.181209027e-07 +2.181209027e-07 +2.140100002e+02 +2.140100002e+02 -2.2097e-01 +8.5668e-01 -5.4249e-02
16387 +1.783073458e-07 +1.783073458e-07 +2.140100002e+02 +2.140100002e+02 -2.2089e-01 +8.5539e-01 -5.4865e-02
16428 +1.681758306e-07 +1.681758306e-07 +2.140100002e+02 +2.140100002e+02 -2.2077e-01 +8.5560e-01 -5.4846e-02
16434 +1.616061809e-07 +1.616061809e-07 +2.140100002e+02 +2.140100002e+02 -2.2075e-01 +8.5460e-01 -5.5002e-02
16456 +1.302970816e-07 +1.302970816e-07 +2.140100001e+02 +2.140100001e+02 -2.2055e-01 +8.5126e-01 -5.6214e-02
16459 +1.039126687e-07 +1.039126687e-07 +2.140100001e+02 +2.140100001e+02 -2.2060e-01 +8.5164e-01 -5.6395e-02
16465 +9.209304608e-08 +9.209304608e-08 +2.140100001e+02 +2.140100001e+02 -2.2053e-01 +8.5102e-01 -5.6560e-02
16478 +8.291686981e-08 +8.291686981e-08 +2.140100001e+02 +2.140100001e+02 -2.2038e-01 +8.4970e-01 -5.6970e-02
16492 +7.562201176e-08 +7.562201176e-08 +2.140100001e+02 +2.140100001e+02 -2.1992e-01 +8.4389e-01 -5.9208e-02
16498 +7.290699955e-08 +7.290699955e-08 +2.140100001e+02 +2.140100001e+02 -2.2015e-01 +8.4517e-01 -5.9113e-02
16502 +5.295643746e-08 +5.295643746e-08 +2.140100001e+02 +2.140100001e+02 -2.2013e-01 +8.4569e-01 -5.8698e-02
16508 +2.844461733e-08 +2.844461733e-08 +2.140100000e+02 +2.140100000e+02 -2.2003e-01 +8.4251e-01 -6.0025e-02
16515 +1.930206395e-08 +1.930206395e-08 +2.140100000e+02 +2.140100000e+02 -2.2007e-01 +8.4250e-01 -5.9883e-02
16517 +1.788149007e-08 +1.788149007e-08 +2.140100000e+02 +2.140100000e+02 -2.1998e-01 +8.3925e-01 -6.1404e-02
16607 +1.422989726e-08 +1.422989726e-08 +2.140100000e+02 +2.140100000e+02 -2.2002e-01 +8.4138e-01 -6.0425e-02
16636 +1.531276439e-09 +1.531276439e-09 +2.140100000e+02 +2.140100000e+02 -2.1985e-01 +8.3738e-01 -6.1973e-02
20383 +0.000000000e+00 +0.000000000e+00 +2.140100000e+02 +2.140100000e+02 -2.1975e-01 +8.3533e-01 -6.2770e-02
% function evaluation | noise-free fitness - Fopt (-5.848000000000e+01) | best noise-free fitness - Fopt | measured fitness | best measured fitness | x1 | x2...
1 +2.503737427e-01 +2.503737427e-01 -5.822962626e+01 -5.822962626e+01 +0.0000e+00 +0.0000e+00 +0.0000e+00
3510 +2.256163344e-01 +2.256163344e-01 -5.825438367e+01 -5.825438367e+01 +1.1121e+00 +3.7875e-01 -1.3709e+00
5604 +2.019864631e-01 +2.019864631e-01 -5.827801354e+01 -5.827801354e+01 -1.6858e+00 -1.4491e+01 -6.1551e+00
6604 +1.072612498e-01 +1.072612498e-01 -5.837273875e+01 -5.837273875e+01 -1.7819e+00 -1.5290e+01 -6.8848e+00
31937 +8.681795485e-02 +8.681795485e-02 -5.839318205e+01 -5.839318205e+01 -1.6040e+00 -1.5019e+01 -6.5437e+00
32079 +7.583427645e-02 +7.583427645e-02 -5.840416572e+01 -5.840416572e+01 -1.6564e+00 -1.5017e+01 -6.5404e+00
32888 +7.214417907e-02 +7.214417907e-02 -5.840785582e+01 -5.840785582e+01 -1.6116e+00 -1.5005e+01 -6.5389e+00
% function evaluation | noise-free fitness - Fopt (-6.130800000000e+02) | best noise-free fitness - Fopt | measured fitness | best measured fitness | x1 | x2...
1 +2.503737427e-01 +2.503737427e-01 -6.128296263e+02 -6.128296263e+02 +0.0000e+00 +0.0000e+00 +0.0000e+00
355 +1.319867627e-01 +1.319867627e-01 -6.129480132e+02 -6.129480132e+02 +3.7946e-01 -1.0107e-01 +1.8558e-01
6469 +5.649078790e-02 +5.649078790e-02 -6.130235092e+02 -6.130235092e+02 +5.2567e+00 -2.9224e+00 -3.9498e+00
% function evaluation | noise-free fitness - Fopt (-4.317300000000e+02) | best noise-free fitness - Fopt | measured fitness | best measured fitness | x1 | x2...
1 +2.503737427e-01 +2.503737427e-01 -4.314796263e+02 -4.314796263e+02 +0.0000e+00 +0.0000e+00 +0.0000e+00
31525 +2.217242043e-01 +2.217242043e-01 -4.315082758e+02 -4.315082758e+02 +1.7177e+00 -9.2895e-01 -3.1775e+00
31883 +1.962070225e-01 +1.962070225e-01 -4.315337930e+02 -4.315337930e+02 +1.7062e+00 -9.5748e-01 -3.1916e+00
32161 +1.813280748e-01 +1.813280748e-01 -4.315486719e+02 -4.315486719e+02 +1.7238e+00 -9.8321e-01 -3.2355e+00
32199 +1.603100576e-01 +1.603100576e-01 -4.315696899e+02 -4.315696899e+02 +1.7204e+00 -1.0095e+00 -3.2563e+00
33489 +1.450137894e-01 +1.450137894e-01 -4.315849862e+02 -4.315849862e+02 +1.6684e+00 -1.0065e+00 -3.1966e+00
33591 +1.439053861e-01 +1.439053861e-01 -4.315860946e+02 -4.315860946e+02 +1.6728e+00 -1.0083e+00 -3.2021e+00
38328 +1.411729874e-01 +1.411729874e-01 -4.315888270e+02 -4.315888270e+02 +1.6337e+00 -9.9119e-01 -3.1463e+00
38536 +1.379223059e-01 +1.379223059e-01 -4.315920777e+02 -4.315920777e+02 +1.5506e+00 -9.5385e-01 -3.0243e+00
38643 +1.346417195e-01 +1.346417195e-01 -4.315953583e+02 -4.315953583e+02 +1.5046e+00 -9.3282e-01 -2.9582e+00
38753 +1.317735027e-01 +1.317735027e-01 -4.315982265e+02 -4.315982265e+02 +1.4498e+00 -9.0727e-01 -2.8794e+00
42723 +1.287630911e-01 +1.287630911e-01 -4.316012369e+02 -4.316012369e+02 +1.3621e+00 -8.6462e-01 -2.7462e+00
43154 +1.258849542e-01 +1.258849542e-01 -4.316041150e+02 -4.316041150e+02 +1.3029e+00 -8.3548e-01 -2.6624e+00
44462 +1.229581247e-01 +1.229581247e-01 -4.316070419e+02 -4.316070419e+02 +1.1831e+00 -7.7284e-01 -2.4793e+00
47882 +1.202219322e-01 +1.202219322e-01 -4.316097781e+02 -4.316097781e+02 +1.0673e+00 -7.0746e-01 -2.2916e+00
% function evaluation | noise-free fitness - Fopt (1.578000000000e+02) | best noise-free fitness - Fopt | measured fitness | best measured fitness | x1 | x2...
1 +2.503737427e-01 +2.503737427e-01 +1.580503737e+02 +1.580503737e+02 +0.0000e+00 +0.0000e+00 +0.0000e+00
141 +2.326429272e-01 +2.326429272e-01 +1.580326429e+02 +1.580326429e+02 +6.5739e-01 -4.0496e-01 -8.6652e-01
4266 +1.282731317e-01 +1.282731317e-01 +1.579282731e+02 +1.579282731e+02 -8.8843e-02 +1.8368e+00 +4.0469e-02
13155 +9.853394905e-02 +9.853394905e-02 +1.578985339e+02 +1.578985339e+02 -1.9665e-01 -5.7651e-01 +6.2912e-01
13222 +6.975291134e-02 +6.975291134e-02 +1.578697529e+02 +1.578697529e+02 -2.4786e-03 -3.3410e-01 +7.1282e-01
% function evaluation | noise-free fitness - Fopt (2.198800000000e+02) | best noise-free fitness - Fopt | measured fitness | best measured fitness | x1 | x2...
1 +2.503737427e-01 +2.503737427e-01 +2.201303737e+02 +2.201303737e+02 +0.0000e+00 +0.0000e+00 +0.0000e+00
903 +1.943631860e-01 +1.943631860e-01 +2.200743632e+02 +2.200743632e+02 -4.0214e+00 -4.1521e+00 +1.5816e+00
2344 +8.443809651e-02 +8.443809651e-02 +2.199644381e+02 +2.199644381e+02 +1.1246e+00 -1.2887e+00 +4.9341e-01
10514 +6.249285004e-02 +6.249285004e-02 +2.199424929e+02 +2.199424929e+02 +1.0644e+00 -1.7930e+00 +7.1054e-01
10579 +2.137899748e-02 +2.137899748e-02 +2.199013790e+02 +2.199013790e+02 +8.5630e-01 -1.8141e+00 +6.8617e-01
14087 +1.641736709e-02 +1.641736709e-02 +2.198964174e+02 +2.198964174e+02 +8.4623e-01 -1.2341e+00 +4.2385e-01
% function evaluation | noise-free fitness - Fopt (1.543700000000e+02) | best noise-free fitness - Fopt | measured fitness | best measured fitness | x1 | x2...
1 +2.503737427e-01 +2.503737427e-01 +1.546203737e+02 +1.546203737e+02 +0.0000e+00 +0.0000e+00 +0.0000e+00
8447 +1.726259459e-01 +1.726259459e-01 +1.545426259e+02 +1.545426259e+02 -1.4599e+00 -5.4976e+00 -1.6914e+01
8773 +1.463560597e-01 +1.463560597e-01 +1.545163561e+02 +1.545163561e+02 -1.4615e+00 -6.4631e+00 -1.8366e+01
% function evaluation | noise-free fitness - Fopt (-1.217500000000e+02) | best noise-free fitness - Fopt | measured fitness | best measured fitness | x1 | x2...
1 +2.503737427e-01 +2.503737427e-01 -1.214996263e+02 -1.214996263e+02 +0.0000e+00 +0.0000e+00 +0.0000e+00
881 +1.147713743e-01 +1.147713743e-01 -1.216352286e+02 -1.216352286e+02 +4.8559e-01 -1.8052e-02 +3.4986e-01
% function evaluation | noise-free fitness - Fopt (1.630000000000e+01) | best noise-free fitness - Fopt | measured fitness | best measured fitness | x1 | x2...
1 +2.503737427e-01 +2.503737427e-01 +1.655037374e+01 +1.655037374e+01 +0.0000e+00 +0.0000e+00 +0.0000e+00
1865 +1.375164516e-03 +1.375164516e-03 +1.630137516e+01 +1.630137516e+01 -5.7142e-01 -6.2262e-01 -3.0435e-01
% function evaluation | noise-free fitness - Fopt (-2.839700000000e+02) | best noise-free fitness - Fopt | measured fitness | best measured fitness | x1 | x2...
1 +2.503737427e-01 +2.503737427e-01 -2.837196263e+02 -2.837196263e+02 +0.0000e+00 +0.0000e+00 +0.0000e+00
141 +1.716307285e-01 +1.716307285e-01 -2.837983693e+02 -2.837983693e+02 +7.4558e-01 -5.7761e-01 -1.2086e+00
6696 +1.430566397e-01 +1.430566397e-01 -2.838269434e+02 -2.838269434e+02 -3.5104e+00 +4.5665e+00 +5.2055e+00
6985 +6.600737400e-02 +6.600737400e-02 -2.839039926e+02 -2.839039926e+02 -3.5518e+00 +4.6400e+00 +5.6159e+00
% function evaluation | noise-free fitness - Fopt (1.094000000000e+02) | best noise-free fitness - Fopt | measured fitness | best measured fitness | x1 | x2...
1 +2.503737427e-01 +2.503737427e-01 +1.096503737e+02 +1.096503737e+02 +0.0000e+00 +0.0000e+00 +0.0000e+00
918 +1.702954582e-01 +1.702954582e-01 +1.095702955e+02 +1.095702955e+02 +1.2570e-01 +4.7600e-01 +4.6215e-02
5547 +1.269545570e-01 +1.269545570e-01 +1.095269546e+02 +1.095269546e+02 -3.9300e-01 -8.8684e-01 -3.9644e-01
5790 +4.136520367e-02 +4.136520367e-02 +1.094413652e+02 +1.094413652e+02 +1.2814e+00 +4.7937e-01 -1.1998e+00
11585 +2.194975624e-02 +2.194975624e-02 +1.094219498e+02 +1.094219498e+02 +3.3103e-01 +2.2225e-01 +1.2137e-01
% function evaluation | noise-free fitness - Fopt (-5.755000000000e+01) | best noise-free fitness - Fopt | measured fitness | best measured fitness | x1 | x2...
1 +2.503737427e-01 +2.503737427e-01 -5.729962626e+01 -5.729962626e+01 +0.0000e+00 +0.0000e+00 +0.0000e+00
1151 +1.710610590e-01 +1.710610590e-01 -5.737893894e+01 -5.737893894e+01 +1.9814e-01 +1.6522e+00 +1.3882e-01
1199 +1.633326107e-01 +1.633326107e-01 -5.738666739e+01 -5.738666739e+01 -2.6510e-03 +5.2983e-01 +8.8780e-02
2443 +1.424266091e-02 +1.424266091e-02 -5.753575734e+01 -5.753575734e+01 +5.1943e-01 +1.0628e+00 +5.7115e-02
% function evaluation | noise-free fitness - Fopt (-1.883200000000e+02) | best noise-free fitness - Fopt | measured fitness | best measured fitness | x1 | x2...
1 +2.503737427e-01 +2.503737427e-01 -1.880696263e+02 -1.880696263e+02 +0.0000e+00 +0.0000e+00 +0.0000e+00
2263 +1.643173148e-01 +1.643173148e-01 -1.881556827e+02 -1.881556827e+02 +8.1970e-01 +1.7770e-01 +1.2109e+00
2446 +1.588578836e-01 +1.588578836e-01 -1.881611421e+02 -1.881611421e+02 +3.6020e-01 +1.8688e-01 +1.2613e+00
9312 +1.275202344e-01 +1.275202344e-01 -1.881924798e+02 -1.881924798e+02 -1.3385e+00 -1.1931e+00 -2.1925e-02
9506 +4.924888437e-02 +4.924888437e-02 -1.882707511e+02 -1.882707511e+02 -1.1253e+00 -6.7546e-01 -1.2131e-01
11648 +4.506330257e-02 +4.506330257e-02 -1.882749367e+02 -1.882749367e+02 -1.2697e+00 -8.5012e-01 -1.2497e-01
11806 +2.717822393e-02 +2.717822393e-02 -1.882928218e+02 -1.882928218e+02 -1.2377e+00 -8.3712e-01 -9.1217e-02
12470 +2.608044434e-02 +2.608044434e-02 -1.882939196e+02 -1.882939196e+02 -1.3416e+00 -8.5582e-01 +1.1779e-01
12516 +2.398824482e-02 +2.398824482e-02 -1.882960118e+02 -1.882960118e+02 -1.3401e+00 -8.5396e-01 +1.1951e-01
12538 +1.617291084e-02 +1.617291084e-02 -1.883038271e+02 -1.883038271e+02 -1.2250e+00 -8.1322e-01 +7.1809e-02
12562 +1.245955297e-02 +1.245955297e-02 -1.883075404e+02 -1.883075404e+02 -1.0843e+00 -7.4708e-01 +1.9503e-02
12608 +1.081684548e-02 +1.081684548e-02 -1.883091832e+02 -1.883091832e+02 -1.0722e+00 -7.4091e-01 +2.7628e-02
12612 +1.015975181e-02 +1.015975181e-02 -1.883098402e+02 -1.883098402e+02 -1.0739e+00 -7.5840e-01 +1.9593e-02
12632 +4.812752875e-03 +4.812752875e-03 -1.883151872e+02 -1.883151872e+02 -1.0193e+00 -7.2399e-01 -1.6347e-03
12647 +3.387968398e-03 +3.387968398e-03 -1.883166120e+02 -1.883166120e+02 -1.0080e+00 -7.2835e-01 -9.0486e-04
12650 +3.180069227e-03 +3.180069227e-03 -1.883168199e+02 -1.883168199e+02 -1.0032e+00 -7.1541e-01 -5.3296e-04
12651 +3.051880903e-03 +3.051880903e-03 -1.883169481e+02 -1.883169481e+02 -1.0208e+00 -7.2460e-01 +5.2576e-03
12685 +1.798363779e-03 +1.798363779e-03 -1.883182016e+02 -1.883182016e+02 -9.7936e-01 -7.0845e-01 -1.1100e-02
13264 +1.565438353e-03 +1.565438353e-03 -1.883184346e+02 -1.883184346e+02 -9.7314e-01 -7.0831e-01 -1.2415e-02
13267 +1.507842716e-03 +1.507842716e-03 -1.883184922e+02 -1.883184922e+02 -9.5859e-01 -6.9991e-01 -1.8430e-02
13289 +1.327495169e-03 +1.327495169e-03 -1.883186725e+02 -1.883186725e+02 -9.6021e-01 -7.0324e-01 -1.7992e-02
13296 +1.228440155e-03 +1.228440155e-03 -1.883187716e+02 -1.883187716e+02 -9.3999e-01 -6.9257e-01 -2.2568e-02
13335 +1.107028654e-03 +1.107028654e-03 -1.883188930e+02 -1.883188930e+02 -9.3813e-01 -6.9743e-01 -2.5977e-02
13365 +1.071193114e-03 +1.071193114e-03 -1.883189288e+02 -1.883189288e+02 -9.3591e-01 -6.9235e-01 -2.6435e-02
13527 +1.033599120e-03 +1.033599120e-03 -1.883189664e+02 -1.883189664e+02 -9.4035e-01 -6.9520e-01 -2.3994e-02
13577 +9.941465191e-04 +9.941465191e-04 -1.883190059e+02 -1.883190059e+02 -9.3701e-01 -6.9366e-01 -2.5037e-02
13587 +9.207140891e-04 +9.207140891e-04 -1.883190793e+02 -1.883190793e+02 -9.3101e-01 -6.9277e-01 -2.7239e-02
13614 +8.825233317e-04 +8.825233317e-04 -1.883191175e+02 -1.883191175e+02 -9.2492e-01 -6.9114e-01 -2.9971e-02
13632 +8.387730603e-04 +8.387730603e-04 -1.883191612e+02 -1.883191612e+02 -9.2418e-01 -6.8977e-01 -2.9538e-02
13638 +7.908465540e-04 +7.908465540e-04 -1.883192092e+02 -1.883192092e+02 -9.1739e-01 -6.8814e-01 -3.2093e-02
13662 +7.749611862e-04 +7.749611862e-04 -1.883192250e+02 -1.883192250e+02 -9.1243e-01 -6.8592e-01 -3.2488e-02
13682 +7.295781697e-04 +7.295781697e-04 -1.883192704e+02 -1.883192704e+02 -9.1356e-01 -6.8505e-01 -3.3226e-02
13738 +6.977988806e-04 +6.977988806e-04 -1.883193022e+02 -1.883193022e+02 -9.0642e-01 -6.8339e-01 -3.4596e-02
13746 +6.900520278e-04 +6.900520278e-04 -1.883193099e+02 -1.883193099e+02 -9.0393e-01 -6.8226e-01 -3.5133e-02
13750 +6.700740937e-04 +6.700740937e-04 -1.883193299e+02 -1.883193299e+02 -9.0668e-01 -6.8324e-01 -3.5031e-02
13758 +6.467632950e-04 +6.467632950e-04 -1.883193532e+02 -1.883193532e+02 -9.0131e-01 -6.8128e-01 -3.7802e-02
13770 +6.448312812e-04 +6.448312812e-04 -1.883193552e+02 -1.883193552e+02 -9.0005e-01 -6.8139e-01 -3.8139e-02
13774 +5.955206496e-04 +5.955206496e-04 -1.883194045e+02 -1.883194045e+02 -8.9512e-01 -6.7713e-01 -3.7733e-02
13798 +5.797894201e-04 +5.797894201e-04 -1.883194202e+02 -1.883194202e+02 -8.9377e-01 -6.7510e-01 -3.8661e-02
13808 +5.583182458e-04 +5.583182458e-04 -1.883194417e+02 -1.883194417e+02 -8.8814e-01 -6.7659e-01 -4.0542e-02
13811 +5.459458376e-04 +5.459458376e-04 -1.883194541e+02 -1.883194541e+02 -8.9332e-01 -6.7707e-01 -3.9124e-02
13812 +5.237324262e-04 +5.237324262e-04 -1.883194763e+02 -1.883194763e+02 -8.8841e-01 -6.7636e-01 -4.1236e-02
13854 +5.108864804e-04 +5.108864804e-04 -1.883194891e+02 -1.883194891e+02 -8.7648e-01 -6.7284e-01 -4.4800e-02
13862 +4.833521097e-04 +4.833521097e-04 -1.883195166e+02 -1.883195166e+02 -8.7664e-01 -6.7068e-01 -4.6131e-02
13877 +4.112377680e-04 +4.112377680e-04 -1.883195888e+02 -1.883195888e+02 -8.7099e-01 -6.6875e-01 -4.5811e-02
13967 +3.933829445e-04 +3.933829445e-04 -1.883196066e+02 -1.883196066e+02 -8.7162e-01 -6.6705e-01 -4.6237e-02
13979 +3.727351045e-04 +3.727351045e-04 -1.883196273e+02 -1.883196273e+02 -8.6925e-01 -6.6721e-01 -4.6916e-02
14002 +3.544111898e-04 +3.544111898e-04 -1.883196456e+02 -1.883196456e+02 -8.6366e-01 -6.6532e-01 -4.8180e-02
14015 +3.394646956e-04 +3.394646956e-04 -1.883196605e+02 -1.883196605e+02 -8.6277e-01 -6.6346e-01 -4.8783e-02
14020 +3.351347548e-04 +3.351347548e-04 -1.883196649e+02 -1.883196649e+02 -8.5880e-01 -6.6261e-01 -5.1148e-02
14023 +3.066632374e-04 +3.066632374e-04 -1.883196933e+02 -1.883196933e+02 -8.5102e-01 -6.6106e-01 -5.2090e-02
14047 +2.874986009e-04 +2.874986009e-04 -1.883197125e+02 -1.883197125e+02 -8.4697e-01 -6.5708e-01 -5.2711e-02
14073 +2.795342150e-04 +2.795342150e-04 -1.883197205e+02 -1.883197205e+02 -8.4601e-01 -6.5633e-01 -5.3087e-02
14084 +2.576589141e-04 +2.576589141e-04 -1.883197423e+02 -1.883197423e+02 -8.4363e-01 -6.5534e-01 -5.4090e-02
14086 +2.530318871e-04 +2.530318871e-04 -1.883197470e+02 -1.883197470e+02 -8.4101e-01 -6.5431e-01 -5.6457e-02
14092 +2.469486911e-04 +2.469486911e-04 -1.883197531e+02 -1.883197531e+02 -8.4358e-01 -6.5561e-01 -5.5260e-02
14093 +2.193421916e-04 +2.193421916e-04 -1.883197807e+02 -1.883197807e+02 -8.3628e-01 -6.5493e-01 -5.7260e-02
14105 +2.025629212e-04 +2.025629212e-04 -1.883197974e+02 -1.883197974e+02 -8.3497e-01 -6.5326e-01 -5.7681e-02
14123 +1.930721031e-04 +1.930721031e-04 -1.883198069e+02 -1.883198069e+02 -8.3157e-01 -6.5105e-01 -5.8285e-02
14129 +1.900824430e-04 +1.900824430e-04 -1.883198099e+02 -1.883198099e+02 -8.3022e-01 -6.5022e-01 -5.8642e-02
14131 +1.849771573e-04 +1.849771573e-04 -1.883198150e+02 -1.883198150e+02 -8.2538e-01 -6.4745e-01 -5.9909e-02
14137 +1.716770334e-04 +1.716770334e-04 -1.883198283e+02 -1.883198283e+02 -8.2271e-01 -6.4647e-01 -6.0881e-02
14160 +1.619414226e-04 +1.619414226e-04 -1.883198381e+02 -1.883198381e+02 -8.2260e-01 -6.4768e-01 -6.0987e-02
14203 +1.539227025e-04 +1.539227025e-04 -1.883198461e+02 -1.883198461e+02 -8.2007e-01 -6.4784e-01 -6.2438e-02
14239 +1.455281903e-04 +1.455281903e-04 -1.883198545e+02 -1.883198545e+02 -8.1761e-01 -6.4508e-01 -6.2922e-02
14244 +1.383420717e-04 +1.383420717e-04 -1.883198617e+02 -1.883198617e+02 -8.1080e-01 -6.4482e-01 -6.5198e-02
14252 +1.201981552e-04 +1.201981552e-04 -1.883198798e+02 -1.883198798e+02 -8.0858e-01 -6.4266e-01 -6.5457e-02
14281 +1.156859080e-04 +1.156859080e-04 -1.883198843e+02 -1.883198843e+02 -8.0413e-01 -6.4156e-01 -6.6823e-02
14301 +1.143387291e-04 +1.143387291e-04 -1.883198857e+02 -1.883198857e+02 -8.0699e-01 -6.4097e-01 -6.6116e-02
14332 +9.274865985e-05 +9.274865985e-05 -1.883199073e+02 -1.883199073e+02 -7.9581e-01 -6.3802e-01 -6.9531e-02
14334 +8.737222493e-05 +8.737222493e-05 -1.883199126e+02 -1.883199126e+02 -7.9566e-01 -6.3713e-01 -6.9630e-02
14378 +8.449527462e-05 +8.449527462e-05 -1.883199155e+02 -1.883199155e+02 -7.9282e-01 -6.3659e-01 -7.0480e-02
14390 +8.225280735e-05 +8.225280735e-05 -1.883199177e+02 -1.883199177e+02 -7.9318e-01 -6.3563e-01 -7.0266e-02
14393 +7.666410426e-05 +7.666410426e-05 -1.883199233e+02 -1.883199233e+02 -7.9023e-01 -6.3459e-01 -7.1085e-02
14419 +6.960412790e-05 +6.960412790e-05 -1.883199304e+02 -1.883199304e+02 -7.8369e-01 -6.3082e-01 -7.2696e-02
14457 +6.318633589e-05 +6.318633589e-05 -1.883199368e+02 -1.883199368e+02 -7.8238e-01 -6.3174e-01 -7.3515e-02
14502 +6.157024899e-05 +6.157024899e-05 -1.883199384e+02 -1.883199384e+02 -7.8169e-01 -6.3117e-01 -7.3878e-02
14524 +5.922745370e-05 +5.922745370e-05 -1.883199408e+02 -1.883199408e+02 -7.7902e-01 -6.2918e-01 -7.4358e-02
14531 +5.799098633e-05 +5.799098633e-05 -1.883199420e+02 -1.883199420e+02 -7.7850e-01 -6.2944e-01 -7.4999e-02
14570 +5.643301378e-05 +5.643301378e-05 -1.883199436e+02 -1.883199436e+02 -7.7708e-01 -6.2960e-01 -7.4860e-02
14628 +5.488169717e-05 +5.488169717e-05 -1.883199451e+02 -1.883199451e+02 -7.7667e-01 -6.2949e-01 -7.5167e-02
14633 +5.292925101e-05 +5.292925101e-05 -1.883199471e+02 -1.883199471e+02 -7.7391e-01 -6.2704e-01 -7.6250e-02
14645 +4.843282960e-05 +4.843282960e-05 -1.883199516e+02 -1.883199516e+02 -7.7210e-01 -6.2679e-01 -7.6820e-02
14683 +4.618960577e-05 +4.618960577e-05 -1.883199538e+02 -1.883199538e+02 -7.6440e-01 -6.2310e-01 -7.7913e-02
14687 +4.286133682e-05 +4.286133682e-05 -1.883199571e+02 -1.883199571e+02 -7.6691e-01 -6.2435e-01 -7.7723e-02
14707 +3.962009765e-05 +3.962009765e-05 -1.883199604e+02 -1.883199604e+02 -7.6558e-01 -6.2415e-01 -7.8535e-02
14714 +3.872088385e-05 +3.872088385e-05 -1.883199613e+02 -1.883199613e+02 -7.6364e-01 -6.2294e-01 -7.9191e-02
14720 +3.733706166e-05 +3.733706166e-05 -1.883199627e+02 -1.883199627e+02 -7.6294e-01 -6.2273e-01 -7.9261e-02
14723 +3.503201049e-05 +3.503201049e-05 -1.883199650e+02 -1.883199650e+02 -7.5946e-01 -6.2247e-01 -8.0059e-02
14732 +3.348990796e-05 +3.348990796e-05 -1.883199665e+02 -1.883199665e+02 -7.5951e-01 -6.2159e-01 -8.0474e-02
14741 +3.273710743e-05 +3.273710743e-05 -1.883199673e+02 -1.883199673e+02 -7.5835e-01 -6.2184e-01 -8.0492e-02
14775 +3.235892723e-05 +3.235892723e-05 -1.883199676e+02 -1.883199676e+02 -7.5598e-01 -6.1944e-01 -8.1401e-02
14786 +3.054877581e-05 +3.054877581e-05 -1.883199695e+02 -1.883199695e+02 -7.5422e-01 -6.1951e-01 -8.1270e-02
14815 +2.843122996e-05 +2.843122996e-05 -1.883199716e+02 -1.883199716e+02 -7.5407e-01 -6.1944e-01 -8.2143e-02
14816 +2.815159866e-05 +2.815159866e-05 -1.883199718e+02 -1.883199718e+02 -7.5172e-01 -6.1792e-01 -8.2048e-02
14833 +2.537947378e-05 +2.537947378e-05 -1.883199746e+02 -1.883199746e+02 -7.4754e-01 -6.1779e-01 -8.3558e-02
14846 +2.210506369e-05 +2.210506369e-05 -1.883199779e+02 -1.883199779e+02 -7.4691e-01 -6.1658e-01 -8.4079e-02
14896 +2.186161481e-05 +2.186161481e-05 -1.883199781e+02 -1.883199781e+02 -7.4508e-01 -6.1551e-01 -8.4816e-02
14908 +1.861937716e-05 +1.861937716e-05 -1.883199814e+02 -1.883199814e+02 -7.4178e-01 -6.1423e-01 -8.5446e-02
15240 +1.738806344e-05 +1.738806344e-05 -1.883199826e+02 -1.883199826e+02 -7.4003e-01 -6.1382e-01 -8.5981e-02
15249 +1.729814971e-05 +1.729814971e-05 -1.883199827e+02 -1.883199827e+02 -7.3984e-01 -6.1372e-01 -8.6102e-02
15253 +1.640667372e-05 +1.640667372e-05 -1.883199836e+02 -1.883199836e+02 -7.3838e-01 -6.1316e-01 -8.6508e-02
15275 +1.598141699e-05 +1.598141699e-05 -1.883199840e+02 -1.883199840e+02 -7.3706e-01 -6.1274e-01 -8.6651e-02
15287 +1.562769083e-05 +1.562769083e-05 -1.883199844e+02 -1.883199844e+02 -7.3660e-01 -6.1274e-01 -8.7000e-02
15306 +1.541899690e-05 +1.541899690e-05 -1.883199846e+02 -1.883199846e+02 -7.3577e-01 -6.1248e-01 -8.7143e-02
15343 +1.469772425e-05 +1.469772425e-05 -1.883199853e+02 -1.883199853e+02 -7.3514e-01 -6.1173e-01 -8.7539e-02
15360 +1.373218311e-05 +1.373218311e-05 -1.883199863e+02 -1.883199863e+02 -7.3205e-01 -6.1089e-01 -8.8661e-02
15364 +1.274374344e-05 +1.274374344e-05 -1.883199873e+02 -1.883199873e+02 -7.3103e-01 -6.1027e-01 -8.8429e-02
15389 +1.240962689e-05 +1.240962689e-05 -1.883199876e+02 -1.883199876e+02 -7.3011e-01 -6.0987e-01 -8.8635e-02
15395 +1.190025972e-05 +1.190025972e-05 -1.883199881e+02 -1.883199881e+02 -7.2976e-01 -6.0960e-01 -8.8969e-02
15421 +1.157593388e-05 +1.157593388e-05 -1.883199884e+02 -1.883199884e+02 -7.2863e-01 -6.0881e-01 -8.9038e-02
15477 +1.107797650e-05 +1.107797650e-05 -1.883199889e+02 -1.883199889e+02 -7.2774e-01 -6.0838e-01 -8.9454e-02
15518 +1.085590262e-05 +1.085590262e-05 -1.883199891e+02 -1.883199891e+02 -7.2718e-01 -6.0829e-01 -8.9499e-02
15532 +1.056424819e-05 +1.056424819e-05 -1.883199894e+02 -1.883199894e+02 -7.2613e-01 -6.0798e-01 -8.9727e-02
15546 +1.037370188e-05 +1.037370188e-05 -1.883199896e+02 -1.883199896e+02 -7.2575e-01 -6.0806e-01 -8.9940e-02
15612 +1.018637033e-05 +1.018637033e-05 -1.883199898e+02 -1.883199898e+02 -7.2554e-01 -6.0800e-01 -9.0276e-02
15635 +9.925693490e-06 +9.925693490e-06 -1.883199901e+02 -1.883199901e+02 -7.2514e-01 -6.0741e-01 -9.0200e-02
15644 +9.712997468e-06 +9.712997468e-06 -1.883199903e+02 -1.883199903e+02 -7.2458e-01 -6.0738e-01 -9.0330e-02
15689 +9.485472759e-06 +9.485472759e-06 -1.883199905e+02 -1.883199905e+02 -7.2360e-01 -6.0729e-01 -9.0727e-02
15694 +9.313854264e-06 +9.313854264e-06 -1.883199907e+02 -1.883199907e+02 -7.2342e-01 -6.0706e-01 -9.0709e-02
15739 +9.060636444e-06 +9.060636444e-06 -1.883199909e+02 -1.883199909e+02 -7.2268e-01 -6.0677e-01 -9.0903e-02
15767 +8.683162804e-06 +8.683162804e-06 -1.883199913e+02 -1.883199913e+02 -7.2196e-01 -6.0622e-01 -9.1143e-02
15772 +8.361701447e-06 +8.361701447e-06 -1.883199916e+02 -1.883199916e+02 -7.2091e-01 -6.0559e-01 -9.1441e-02
15792 +8.277626591e-06 +8.277626591e-06 -1.883199917e+02 -1.883199917e+02 -7.2056e-01 -6.0571e-01 -9.1423e-02
15805 +8.110678692e-06 +8.110678692e-06 -1.883199919e+02 -1.883199919e+02 -7.2012e-01 -6.0539e-01 -9.1792e-02
15817 +7.844056000e-06 +7.844056000e-06 -1.883199922e+02 -1.883199922e+02 -7.1931e-01 -6.0512e-01 -9.2052e-02
15825 +7.693888534e-06 +7.693888534e-06 -1.883199923e+02 -1.883199923e+02 -7.1839e-01 -6.0500e-01 -9.2028e-02
15842 +7.549431274e-06 +7.549431274e-06 -1.883199925e+02 -1.883199925e+02 -7.1860e-01 -6.0489e-01 -9.2180e-02
15860 +7.312309208e-06 +7.312309208e-06 -1.883199927e+02 -1.883199927e+02 -7.1786e-01 -6.0439e-01 -9.2265e-02
15866 +7.147320844e-06 +7.147320844e-06 -1.883199929e+02 -1.883199929e+02 -7.1589e-01 -6.0371e-01 -9.2532e-02
15868 +7.064125839e-06 +7.064125839e-06 -1.883199929e+02 -1.883199929e+02 -7.1696e-01 -6.0394e-01 -9.2584e-02
15883 +6.592376451e-06 +6.592376451e-06 -1.883199934e+02 -1.883199934e+02 -7.1501e-01 -6.0341e-01 -9.3346e-02
15931 +6.451260901e-06 +6.451260901e-06 -1.883199935e+02 -1.883199935e+02 -7.1385e-01 -6.0334e-01 -9.3459e-02
15952 +6.285934660e-06 +6.285934660e-06 -1.883199937e+02 -1.883199937e+02 -7.1255e-01 -6.0213e-01 -9.3409e-02
15955 +6.113324872e-06 +6.113324872e-06 -1.883199939e+02 -1.883199939e+02 -7.1289e-01 -6.0206e-01 -9.3463e-02
15972 +5.947578131e-06 +5.947578131e-06 -1.883199941e+02 -1.883199941e+02 -7.1212e-01 -6.0240e-01 -9.4248e-02
15982 +5.498755741e-06 +5.498755741e-06 -1.883199945e+02 -1.883199945e+02 -7.1111e-01 -6.0200e-01 -9.4324e-02
16032 +5.467978440e-06 +5.467978440e-06 -1.883199945e+02 -1.883199945e+02 -7.1133e-01 -6.0185e-01 -9.4102e-02
16067 +5.322231175e-06 +5.322231175e-06 -1.883199947e+02 -1.883199947e+02 -7.1085e-01 -6.0160e-01 -9.4296e-02
16101 +5.223474119e-06 +5.223474119e-06 -1.883199948e+02 -1.883199948e+02 -7.1024e-01 -6.0153e-01 -9.4539e-02
16106 +5.125264181e-06 +5.125264181e-06 -1.883199949e+02 -1.883199949e+02 -7.0987e-01 -6.0119e-01 -9.4466e-02
16125 +4.963538572e-06 +4.963538572e-06 -1.883199950e+02 -1.883199950e+02 -7.0910e-01 -6.0108e-01 -9.4870e-02
16142 +4.856719471e-06 +4.856719471e-06 -1.883199951e+02 -1.883199951e+02 -7.0799e-01 -6.0071e-01 -9.5345e-02
16148 +4.783198762e-06 +4.783198762e-06 -1.883199952e+02 -1.883199952e+02 -7.0780e-01 -6.0067e-01 -9.5329e-02
16161 +4.580410405e-06 +4.580410405e-06 -1.883199954e+02 -1.883199954e+02 -7.0564e-01 -5.9998e-01 -9.6013e-02
16164 +4.361123501e-06 +4.361123501e-06 -1.883199956e+02 -1.883199956e+02 -7.0444e-01 -5.9942e-01 -9.6443e-02
16165 +4.165666695e-06 +4.165666695e-06 -1.883199958e+02 -1.883199958e+02 -7.0489e-01 -5.9948e-01 -9.6020e-02
16174 +3.889238030e-06 +3.889238030e-06 -1.883199961e+02 -1.883199961e+02 -7.0309e-01 -5.9836e-01 -9.6194e-02
16175 +3.561260371e-06 +3.561260371e-06 -1.883199964e+02 -1.883199964e+02 -7.0163e-01 -5.9812e-01 -9.7027e-02
16185 +2.890613956e-06 +2.890613956e-06 -1.883199971e+02 -1.883199971e+02 -6.9789e-01 -5.9626e-01 -9.8161e-02
16195 +2.811888265e-06 +2.811888265e-06 -1.883199972e+02 -1.883199972e+02 -6.9652e-01 -5.9532e-01 -9.8552e-02
16197 +2.344245502e-06 +2.344245502e-06 -1.883199977e+02 -1.883199977e+02 -6.9457e-01 -5.9487e-01 -9.8970e-02
16203 +2.081135619e-06 +2.081135619e-06 -1.883199979e+02 -1.883199979e+02 -6.9215e-01 -5.9390e-01 -9.9702e-02
16206 +1.268242670e-06 +1.268242670e-06 -1.883199987e+02 -1.883199987e+02 -6.8365e-01 -5.8991e-01 -1.0200e-01
16220 +7.970449190e-07 +7.970449190e-07 -1.883199992e+02 -1.883199992e+02 -6.6149e-01 -5.7994e-01 -1.0805e-01
16222 +4.872118211e-07 +4.872118211e-07 -1.883199995e+02 -1.883199995e+02 -6.6647e-01 -5.8234e-01 -1.0651e-01
16234 +3.807807616e-07 +3.807807616e-07 -1.883199996e+02 -1.883199996e+02 -6.5758e-01 -5.7844e-01 -1.0885e-01
16236 +2.516684106e-07 +2.516684106e-07 -1.883199997e+02 -1.883199997e+02 -6.5718e-01 -5.7842e-01 -1.0892e-01
16237 +2.072501388e-07 +2.072501388e-07 -1.883199998e+02 -1.883199998e+02 -6.4549e-01 -5.7335e-01 -1.1194e-01
16246 +1.287513101e-07 +1.287513101e-07 -1.883199999e+02 -1.883199999e+02 -6.4546e-01 -5.7353e-01 -1.1186e-01
16256 +1.007903450e-07 +1.007903450e-07 -1.883199999e+02 -1.883199999e+02 -6.3609e-01 -5.6966e-01 -1.1434e-01
16281 +9.613756902e-08 +9.613756902e-08 -1.883199999e+02 -1.883199999e+02 -6.4305e-01 -5.7247e-01 -1.1267e-01
16283 +5.414236171e-08 +5.414236171e-08 -1.883199999e+02 -1.883199999e+02 -6.4460e-01 -5.7351e-01 -1.1218e-01
16285 +4.311797852e-08 +4.311797852e-08 -1.883200000e+02 -1.883200000e+02 -6.4121e-01 -5.7195e-01 -1.1309e-01
16296 +1.240070446e-08 +1.240070446e-08 -1.883200000e+02 -1.883200000e+02 -6.3852e-01 -5.7081e-01 -1.1404e-01
16331 +5.654499091e-09 +5.654499091e-09 -1.883200000e+02 -1.883200000e+02 -6.4112e-01 -5.7200e-01 -1.1330e-01
19976 +0.000000000e+00 +0.000000000e+00 -1.883200000e+02 -1.883200000e+02 -6.4044e-01 -5.7178e-01 -1.1357e-01
