% function evaluation | noise-free fitness - Fopt (7.948000000000e+01) | best noise-free fitness - Fopt | measured fitness | best measured fitness | x1 | x2...
1 +1.402094080e+00 +1.402094080e+00 +8.088209408e+01 +8.088209408e+01 +0.0000e+00 +0.0000e+00
4 +1.278500583e+00 +1.278500583e+00 +8.075850058e+01 +8.075850058e+01 +5.0183e-01 -5.3857e-02
5 +7.515655721e-01 +7.515655721e-01 +8.023156557e+01 +8.023156557e+01 +1.3362e-01 -2.9810e-01
20 +3.704686313e-01 +3.704686313e-01 +7.985046863e+01 +7.985046863e+01 -3.5337e-01 -1.2118e+00
66 +2.851633020e-01 +2.851633020e-01 +7.976516330e+01 +7.976516330e+01 +6.0379e-01 -1.5593e+00
93 +5.623755565e-02 +5.623755565e-02 +7.953623756e+01 +7.953623756e+01 +4.8479e-01 -1.1076e+00
94 +4.095632649e-03 +4.095632649e-03 +7.948409563e+01 +7.948409563e+01 +3.0403e-01 -1.1184e+00
273 +3.414770532e-03 +3.414770532e-03 +7.948341477e+01 +7.948341477e+01 +3.0256e-01 -1.1874e+00
377 +2.071332618e-03 +2.071332618e-03 +7.948207133e+01 +7.948207133e+01 +2.2410e-01 -1.1921e+00
383 +5.398400914e-04 +5.398400914e-04 +7.948053984e+01 +7.948053984e+01 +2.7322e-01 -1.1457e+00
461 +4.705831134e-04 +4.705831134e-04 +7.948047058e+01 +7.948047058e+01 +2.4617e-01 -1.1361e+00
508 +3.780886584e-05 +3.780886584e-05 +7.948003781e+01 +7.948003781e+01 +2.4693e-01 -1.1550e+00
671 +9.239249493e-06 +9.239249493e-06 +7.948000924e+01 +7.948000924e+01 +2.5315e-01 -1.1598e+00
771 +8.968602970e-06 +8.968602970e-06 +7.948000897e+01 +7.948000897e+01 +2.5025e-01 -1.1552e+00
853 +3.775038380e-06 +3.775038380e-06 +7.948000378e+01 +7.948000378e+01 +2.5196e-01 -1.1586e+00
947 +1.353921988e-06 +1.353921988e-06 +7.948000135e+01 +7.948000135e+01 +2.5340e-01 -1.1578e+00
1004 +5.573849648e-07 +5.573849648e-07 +7.948000056e+01 +7.948000056e+01 +2.5211e-01 -1.1565e+00
1126 +3.512297582e-07 +3.512297582e-07 +7.948000035e+01 +7.948000035e+01 +2.5328e-01 -1.1565e+00
1177 +2.944668438e-07 +2.944668438e-07 +7.948000029e+01 +7.948000029e+01 +2.5230e-01 -1.1566e+00
1180 +1.635438593e-07 +1.635438593e-07 +7.948000016e+01 +7.948000016e+01 +2.5270e-01 -1.1564e+00
1216 +1.446406230e-07 +1.446406230e-07 +7.948000014e+01 +7.948000014e+01 +2.5252e-01 -1.1565e+00
1337 +9.582934979e-08 +9.582934979e-08 +7.948000010e+01 +7.948000010e+01 +2.5294e-01 -1.1565e+00
1397 +3.222652367e-08 +3.222652367e-08 +7.948000003e+01 +7.948000003e+01 +2.5266e-01 -1.1569e+00
1449 +3.131791004e-08 +3.131791004e-08 +7.948000003e+01 +7.948000003e+01 +2.5275e-01 -1.1570e+00
1518 +4.604942205e-09 +4.604942205e-09 +7.948000000e+01 +7.948000000e+01 +2.5277e-01 -1.1567e+00
2832 +0.000000000e+00 +0.000000000e+00 +7.948000000e+01 +7.948000000e+01 +2.5280e-01 -1.1568e+00
% function evaluation | noise-free fitness - Fopt (3.944800000000e+02) | best noise-free fitness - Fopt | measured fitness | best measured fitness | x1 | x2...
1 +2.355193472e+01 +2.355193472e+01 +4.180319347e+02 +4.180319347e+02 +0.0000e+00 +0.0000e+00
2 +2.125541649e+01 +2.125541649e+01 +4.157354165e+02 +4.157354165e+02 -1.2757e+00 +9.0126e-01
4 +1.453718339e+01 +1.453718339e+01 +4.090171834e+02 +4.090171834e+02 -7.5181e+00 -4.0884e+00
9 +1.273577989e+01 +1.273577989e+01 +4.072157799e+02 +4.072157799e+02 -2.3378e+00 +3.1901e-01
16 +4.994344829e+00 +4.994344829e+00 +3.994743448e+02 +3.994743448e+02 -4.5038e+00 -7.3917e-01
24 +4.245591430e+00 +4.245591430e+00 +3.987255914e+02 +3.987255914e+02 -4.4842e+00 -9.1495e-01
25 +9.605839979e-01 +9.605839979e-01 +3.954405840e+02 +3.954405840e+02 -4.8579e+00 -2.6904e+00
32 +8.329907332e-01 +8.329907332e-01 +3.953129907e+02 +3.953129907e+02 -2.9898e+00 -2.9769e+00
38 +8.001975079e-01 +8.001975079e-01 +3.952801975e+02 +3.952801975e+02 -4.3492e+00 -2.1177e+00
46 +7.177797798e-01 +7.177797798e-01 +3.951977798e+02 +3.951977798e+02 -3.2968e+00 -2.2939e+00
66 +1.061130221e-02 +1.061130221e-02 +3.944906113e+02 +3.944906113e+02 -3.9443e+00 -2.7982e+00
205 +7.023445484e-03 +7.023445484e-03 +3.944870234e+02 +3.944870234e+02 -3.9486e+00 -2.9575e+00
276 +2.102100219e-03 +2.102100219e-03 +3.944821021e+02 +3.944821021e+02 -3.9165e+00 -2.9325e+00
278 +8.168728418e-04 +8.168728418e-04 +3.944808169e+02 +3.944808169e+02 -3.8902e+00 -2.8630e+00
435 +1.821347622e-04 +1.821347622e-04 +3.944801821e+02 +3.944801821e+02 -3.9091e+00 -2.8821e+00
673 +1.459861496e-04 +1.459861496e-04 +3.944801460e+02 +3.944801460e+02 -3.8930e+00 -2.9012e+00
715 +1.052677686e-04 +1.052677686e-04 +3.944801053e+02 +3.944801053e+02 -3.9082e+00 -2.8873e+00
750 +3.507655066e-05 +3.507655066e-05 +3.944800351e+02 +3.944800351e+02 -3.8926e+00 -2.8891e+00
838 +2.436004308e-05 +2.436004308e-05 +3.944800244e+02 +3.944800244e+02 -3.8953e+00 -2.8943e+00
893 +1.308084092e-05 +1.308084092e-05 +3.944800131e+02 +3.944800131e+02 -3.8949e+00 -2.8914e+00
938 +1.136276546e-05 +1.136276546e-05 +3.944800114e+02 +3.944800114e+02 -3.8950e+00 -2.8906e+00
941 +1.379267871e-06 +1.379267871e-06 +3.944800014e+02 +3.944800014e+02 -3.8980e+00 -2.8915e+00
1111 +1.081052062e-06 +1.081052062e-06 +3.944800011e+02 +3.944800011e+02 -3.8987e+00 -2.8914e+00
1152 +4.174625019e-07 +4.174625019e-07 +3.944800004e+02 +3.944800004e+02 -3.8987e+00 -2.8899e+00
1180 +8.048994005e-08 +8.048994005e-08 +3.944800001e+02 +3.944800001e+02 -3.8985e+00 -2.8906e+00
1233 +5.374926104e-08 +5.374926104e-08 +3.944800001e+02 +3.944800001e+02 -3.8985e+00 -2.8902e+00
1340 +3.994762210e-08 +3.994762210e-08 +3.944800000e+02 +3.944800000e+02 -3.8985e+00 -2.8906e+00
1371 +3.728416686e-08 +3.728416686e-08 +3.944800000e+02 +3.944800000e+02 -3.8984e+00 -2.8902e+00
1461 +2.255768550e-08 +2.255768550e-08 +3.944800000e+02 +3.944800000e+02 -3.8983e+00 -2.8905e+00
1503 +8.679819530e-09 +8.679819530e-09 +3.944800000e+02 +3.944800000e+02 -3.8983e+00 -2.8904e+00
2635 +0.000000000e+00 +0.000000000e+00 +3.944800000e+02 +3.944800000e+02 -3.8984e+00 -2.8904e+00
% function evaluation | noise-free fitness - Fopt (-2.471100000000e+02) | best noise-free fitness - Fopt | measured fitness | best measured fitness | x1 | x2...
1 +1.446913280e+01 +1.446913280e+01 -2.326408672e+02 -2.326408672e+02 +0.0000e+00 +0.0000e+00
4 +1.383201864e+01 +1.383201864e+01 -2.332779814e+02 -2.332779814e+02 -3.3810e-01 -1.1600e+00
7 +1.375887348e+01 +1.375887348e+01 -2.333511265e+02 -2.333511265e+02 -9.8591e-02 +4.6832e-01
10 +1.048910628e+01 +1.048910628e+01 -2.366208937e+02 -2.366208937e+02 -6.5402e-01 +9.7908e-01
15 +3.439496468e+00 +3.439496468e+00 -2.436705035e+02 -2.436705035e+02 -2.2002e+00 +1.1441e+00
21 +2.628219266e+00 +2.628219266e+00 -2.444817807e+02 -2.444817807e+02 -2.2773e+00 +7.6389e-01
24 +1.847149310e+00 +1.847149310e+00 -2.452628507e+02 -2.452628507e+02 -4.0705e+00 +1.5348e+00
30 +1.533823535e+00 +1.533823535e+00 -2.455761765e+02 -2.455761765e+02 -3.2904e+00 +1.3327e+00
41 +5.797268874e-01 +5.797268874e-01 -2.465302731e+02 -2.465302731e+02 -3.1300e+00 +5.6793e-01
42 +3.415514806e-01 +3.415514806e-01 -2.467684485e+02 -2.467684485e+02 -3.5215e+00 +7.1787e-01
46 +2.110218800e-01 +2.110218800e-01 -2.468989781e+02 -2.468989781e+02 -3.8600e+00 -2.5202e-01
99 +3.586155121e-02 +3.586155121e-02 -2.470741384e+02 -2.470741384e+02 -3.7276e+00 +2.7542e-02
144 +5.362515646e-03 +5.362515646e-03 -2.471046375e+02 -2.471046375e+02 -3.7793e+00 +2.7391e-01
149 +1.369187919e-03 +1.369187919e-03 -2.471086308e+02 -2.471086308e+02 -3.7800e+00 +1.7108e-01
338 +3.434842816e-05 +3.434842816e-05 -2.471099657e+02 -2.471099657e+02 -3.7930e+00 +2.0548e-01
546 +2.558753357e-05 +2.558753357e-05 -2.471099744e+02 -2.471099744e+02 -3.7946e+00 +1.9990e-01
732 +6.299836116e-06 +6.299836116e-06 -2.471099937e+02 -2.471099937e+02 -3.7959e+00 +2.0295e-01
923 +3.052822592e-06 +3.052822592e-06 -2.471099969e+02 -2.471099969e+02 -3.7967e+00 +2.0272e-01
1022 +8.863482890e-07 +8.863482890e-07 -2.471099991e+02 -2.471099991e+02 -3.7982e+00 +2.0412e-01
1107 +2.095969478e-07 +2.095969478e-07 -2.471099998e+02 -2.471099998e+02 -3.7988e+00 +2.0346e-01
1174 +1.798266851e-07 +1.798266851e-07 -2.471099998e+02 -2.471099998e+02 -3.7985e+00 +2.0280e-01
1244 +1.677864248e-07 +1.677864248e-07 -2.471099998e+02 -2.471099998e+02 -3.7988e+00 +2.0317e-01
1264 +1.650891761e-07 +1.650891761e-07 -2.471099998e+02 -2.471099998e+02 -3.7981e+00 +2.0295e-01
1378 +2.369040430e-08 +2.369040430e-08 -2.471100000e+02 -2.471100000e+02 -3.7985e+00 +2.0313e-01
1412 +3.516277047e-09 +3.516277047e-09 -2.471100000e+02 -2.471100000e+02 -3.7984e+00 +2.0316e-01
2853 +0.000000000e+00 +0.000000000e+00 -2.471100000e+02 -2.471100000e+02 -3.7984e+00 +2.0320e-01
% function evaluation | noise-free fitness - Fopt (-1.520400000000e+02) | best noise-free fitness - Fopt | measured fitness | best measured fitness | x1 | x2...
1 +2.099171840e+00 +2.099171840e+00 -1.499408282e+02 -1.499408282e+02 +0.0000e+00 +0.0000e+00
5 +1.656714706e+00 +1.656714706e+00 -1.503832853e+02 -1.503832853e+02 -6.0373e-01 +2.6664e+00
11 +6.187456589e-02 +6.187456589e-02 -1.519781254e+02 -1.519781254e+02 -3.4812e-01 +1.6592e+00
23 +2.964824698e-02 +2.964824698e-02 -1.520103518e+02 -1.520103518e+02 -4.2828e-01 +1.3632e+00
177 +1.113333082e-02 +1.113333082e-02 -1.520288667e+02 -1.520288667e+02 -2.0821e-01 +1.3365e+00
213 +9.688177349e-03 +9.688177349e-03 -1.520303118e+02 -1.520303118e+02 -2.7322e-01 +1.3258e+00
259 +2.864761796e-03 +2.864761796e-03 -1.520371352e+02 -1.520371352e+02 -2.1766e-01 +1.4443e+00
417 +1.672870242e-03 +1.672870242e-03 -1.520383271e+02 -1.520383271e+02 -2.4543e-01 +1.4586e+00
463 +1.512117395e-03 +1.512117395e-03 -1.520384879e+02 -1.520384879e+02 -2.3189e-01 +1.4077e+00
480 +1.469702487e-03 +1.469702487e-03 -1.520385303e+02 -1.520385303e+02 -3.0496e-01 +1.4174e+00
491 +6.366122067e-04 +6.366122067e-04 -1.520393634e+02 -1.520393634e+02 -2.8702e-01 +1.4396e+00
519 +5.650805273e-04 +5.650805273e-04 -1.520394349e+02 -1.520394349e+02 -2.5763e-01 +1.4022e+00
596 +1.631518274e-04 +1.631518274e-04 -1.520398368e+02 -1.520398368e+02 -2.5785e-01 +1.4327e+00
680 +9.126575623e-05 +9.126575623e-05 -1.520399087e+02 -1.520399087e+02 -2.7641e-01 +1.4215e+00
780 +4.407490979e-05 +4.407490979e-05 -1.520399559e+02 -1.520399559e+02 -2.7320e-01 +1.4268e+00
821 +2.019791359e-05 +2.019791359e-05 -1.520399798e+02 -1.520399798e+02 -2.6414e-01 +1.4207e+00
917 +1.895250384e-05 +1.895250384e-05 -1.520399810e+02 -1.520399810e+02 -2.6832e-01 +1.4198e+00
935 +1.718827119e-05 +1.718827119e-05 -1.520399828e+02 -1.520399828e+02 -2.7100e-01 +1.4223e+00
962 +1.458911134e-05 +1.458911134e-05 -1.520399854e+02 -1.520399854e+02 -2.6555e-01 +1.4206e+00
1031 +1.236216369e-05 +1.236216369e-05 -1.520399876e+02 -1.520399876e+02 -2.6828e-01 +1.4273e+00
1046 +1.172093889e-05 +1.172093889e-05 -1.520399883e+02 -1.520399883e+02 -2.6538e-01 +1.4211e+00
1066 +7.496197441e-08 +7.496197441e-08 -1.520399999e+02 -1.520399999e+02 -2.6731e-01 +1.4237e+00
1379 +6.965080956e-09 +6.965080956e-09 -1.520400000e+02 -1.520400000e+02 -2.6725e-01 +1.4239e+00
3053 +0.000000000e+00 +0.000000000e+00 -1.520400000e+02 -1.520400000e+02 -2.6720e-01 +1.4240e+00
% function evaluation | noise-free fitness - Fopt (-2.525000000000e+01) | best noise-free fitness - Fopt | measured fitness | best measured fitness | x1 | x2...
1 +1.346736640e+01 +1.346736640e+01 -1.178263360e+01 -1.178263360e+01 +0.0000e+00 +0.0000e+00
4 +4.912901863e+00 +4.912901863e+00 -2.033709814e+01 -2.033709814e+01 +1.4649e+00 +9.4416e-02
8 +4.239416007e+00 +4.239416007e+00 -2.101058399e+01 -2.101058399e+01 +1.6884e+00 +1.3632e+00
14 +1.369745611e+00 +1.369745611e+00 -2.388025439e+01 -2.388025439e+01 +2.4501e+00 +5.1620e-01
15 +7.079972690e-01 +7.079972690e-01 -2.454200273e+01 -2.454200273e+01 +3.3699e+00 +1.4403e+00
29 +5.350796391e-01 +5.350796391e-01 -2.471492036e+01 -2.471492036e+01 +3.9255e+00 +1.2972e+00
36 +2.850798316e-01 +2.850798316e-01 -2.496492017e+01 -2.496492017e+01 +3.4942e+00 +1.1554e+00
72 +6.751538078e-02 +6.751538078e-02 -2.518248462e+01 -2.518248462e+01 +3.8395e+00 +7.6503e-01
81 +1.268636233e-02 +1.268636233e-02 -2.523731364e+01 -2.523731364e+01 +3.6768e+00 +7.2898e-01
144 +3.709524565e-03 +3.709524565e-03 -2.524629048e+01 -2.524629048e+01 +3.5853e+00 +6.8870e-01
162 +2.431610555e-03 +2.431610555e-03 -2.524756839e+01 -2.524756839e+01 +3.6078e+00 +5.8633e-01
235 +9.556983782e-04 +9.556983782e-04 -2.524904430e+01 -2.524904430e+01 +3.6237e+00 +6.0571e-01
263 +2.633301137e-04 +2.633301137e-04 -2.524973667e+01 -2.524973667e+01 +3.6285e+00 +6.4317e-01
487 +2.164715094e-04 +2.164715094e-04 -2.524978353e+01 -2.524978353e+01 +3.6001e+00 +6.3849e-01
520 +1.743701153e-04 +1.743701153e-04 -2.524982563e+01 -2.524982563e+01 +3.6215e+00 +6.2407e-01
535 +2.603001370e-05 +2.603001370e-05 -2.524997397e+01 -2.524997397e+01 +3.6140e+00 +6.3012e-01
704 +2.139359705e-05 +2.139359705e-05 -2.524997861e+01 -2.524997861e+01 +3.6176e+00 +6.3182e-01
782 +6.023007657e-06 +6.023007657e-06 -2.524999398e+01 -2.524999398e+01 +3.6168e+00 +6.3491e-01
908 +1.067080586e-06 +1.067080586e-06 -2.524999893e+01 -2.524999893e+01 +3.6153e+00 +6.3562e-01
972 +9.039334437e-07 +9.039334437e-07 -2.524999910e+01 -2.524999910e+01 +3.6153e+00 +6.3483e-01
1128 +1.440463002e-07 +1.440463002e-07 -2.524999986e+01 -2.524999986e+01 +3.6146e+00 +6.3486e-01
1190 +1.469056699e-08 +1.469056699e-08 -2.524999999e+01 -2.524999999e+01 +3.6143e+00 +6.3527e-01
1487 +1.418725759e-08 +1.418725759e-08 -2.524999999e+01 -2.524999999e+01 +3.6143e+00 +6.3523e-01
1529 +1.198972654e-08 +1.198972654e-08 -2.524999999e+01 -2.524999999e+01 +3.6145e+00 +6.3527e-01
1619 +3.916866831e-09 +3.916866831e-09 -2.525000000e+01 -2.525000000e+01 +3.6144e+00 +6.3526e-01
3156 +0.000000000e+00 +0.000000000e+00 -2.525000000e+01 -2.525000000e+01 +3.6144e+00 +6.3520e-01
% function evaluation | noise-free fitness - Fopt (8.790000000000e+01) | best noise-free fitness - Fopt | measured fitness | best measured fitness | x1 | x2...
1 +1.253007872e+01 +1.253007872e+01 +1.004300787e+02 +1.004300787e+02 +0.0000e+00 +0.0000e+00
4 +1.688086940e+00 +1.688086940e+00 +8.958808694e+01 +8.958808694e+01 -1.8822e+00 -1.7798e+00
16 +1.343029835e+00 +1.343029835e+00 +8.924302984e+01 +8.924302984e+01 -2.6496e+00 -2.6197e+00
20 +1.872357834e-02 +1.872357834e-02 +8.791872358e+01 +8.791872358e+01 -3.1568e+00 -1.7189e+00
130 +4.636602850e-03 +4.636602850e-03 +8.790463660e+01 +8.790463660e+01 -3.2058e+00 -1.5269e+00
135 +3.851256457e-03 +3.851256457e-03 +8.790385126e+01 +8.790385126e+01 -3.1975e+00 -1.5287e+00
150 +2.044237847e-03 +2.044237847e-03 +8.790204424e+01 +8.790204424e+01 -3.1477e+00 -1.5412e+00
311 +3.630952257e-04 +3.630952257e-04 +8.790036310e+01 +8.790036310e+01 -3.1513e+00 -1.5708e+00
320 +1.601145610e-04 +1.601145610e-04 +8.790016011e+01 +8.790016011e+01 -3.1636e+00 -1.5701e+00
399 +3.244191657e-05 +3.244191657e-05 +8.790003244e+01 +8.790003244e+01 -3.1614e+00 -1.5852e+00
637 +1.876039964e-05 +1.876039964e-05 +8.790001876e+01 +8.790001876e+01 -3.1707e+00 -1.5821e+00
667 +1.745776622e-05 +1.745776622e-05 +8.790001746e+01 +8.790001746e+01 -3.1703e+00 -1.5838e+00
669 +6.243286165e-06 +6.243286165e-06 +8.790000624e+01 +8.790000624e+01 -3.1682e+00 -1.5806e+00
793 +5.541725855e-06 +5.541725855e-06 +8.790000554e+01 +8.790000554e+01 -3.1679e+00 -1.5842e+00
807 +4.235644170e-06 +4.235644170e-06 +8.790000424e+01 +8.790000424e+01 -3.1669e+00 -1.5844e+00
986 +3.931909077e-06 +3.931909077e-06 +8.790000393e+01 +8.790000393e+01 -3.1646e+00 -1.5816e+00
993 +3.001238582e-06 +3.001238582e-06 +8.790000300e+01 +8.790000300e+01 -3.1681e+00 -1.5826e+00
998 +7.800653066e-07 +7.800653066e-07 +8.790000078e+01 +8.790000078e+01 -3.1663e+00 -1.5833e+00
1041 +5.425458340e-07 +5.425458340e-07 +8.790000054e+01 +8.790000054e+01 -3.1671e+00 -1.5824e+00
1104 +2.562975254e-07 +2.562975254e-07 +8.790000026e+01 +8.790000026e+01 -3.1669e+00 -1.5824e+00
1147 +7.137496993e-08 +7.137496993e-08 +8.790000007e+01 +8.790000007e+01 -3.1665e+00 -1.5827e+00
1231 +6.408454567e-08 +6.408454567e-08 +8.790000006e+01 +8.790000006e+01 -3.1663e+00 -1.5822e+00
1297 +4.465796621e-08 +4.465796621e-08 +8.790000004e+01 +8.790000004e+01 -3.1663e+00 -1.5826e+00
1323 +4.253480768e-08 +4.253480768e-08 +8.790000004e+01 +8.790000004e+01 -3.1666e+00 -1.5824e+00
1332 +1.828571783e-08 +1.828571783e-08 +8.790000002e+01 +8.790000002e+01 -3.1663e+00 -1.5825e+00
1339 +8.995428402e-09 +8.995428402e-09 +8.790000001e+01 +8.790000001e+01 -3.1664e+00 -1.5825e+00
2869 +0.000000000e+00 +0.000000000e+00 +8.790000000e+01 +8.790000000e+01 -3.1664e+00 -1.5824e+00
% function evaluation | noise-free fitness - Fopt (2.199800000000e+02) | best noise-free fitness - Fopt | measured fitness | best measured fitness | x1 | x2...
1 +1.518788672e+01 +1.518788672e+01 +2.351678867e+02 +2.351678867e+02 +0.0000e+00 +0.0000e+00
6 +1.112992412e+01 +1.112992412e+01 +2.311099241e+02 +2.311099241e+02 +1.0447e+00 -4.2146e-01
12 +8.041597154e+00 +8.041597154e+00 +2.280215972e+02 +2.280215972e+02 -6.1982e-01 -1.4537e+00
23 +2.407747498e+00 +2.407747498e+00 +2.223877475e+02 +2.223877475e+02 -5.4589e-02 -2.6514e+00
26 +3.383984468e-01 +3.383984468e-01 +2.203183984e+02 +2.203183984e+02 +5.8840e-01 -3.3832e+00
42 +2.324394497e-01 +2.324394497e-01 +2.202124394e+02 +2.202124394e+02 +5.5419e-01 -3.8086e+00
53 +5.745395370e-02 +5.745395370e-02 +2.200374540e+02 +2.200374540e+02 +1.0825e+00 -3.5230e+00
76 +2.204879206e-02 +2.204879206e-02 +2.200020488e+02 +2.200020488e+02 +9.6622e-01 -3.6253e+00
123 +8.051445140e-04 +8.051445140e-04 +2.199808051e+02 +2.199808051e+02 +1.0615e+00 -3.7522e+00
472 +5.312070205e-04 +5.312070205e-04 +2.199805312e+02 +2.199805312e+02 +1.0121e+00 -3.7494e+00
474 +2.238839405e-04 +2.238839405e-04 +2.199802239e+02 +2.199802239e+02 +1.0290e+00 -3.7718e+00
496 +9.182875030e-05 +9.182875030e-05 +2.199800918e+02 +2.199800918e+02 +1.0432e+00 -3.7578e+00
530 +7.901341476e-05 +7.901341476e-05 +2.199800790e+02 +2.199800790e+02 +1.0360e+00 -3.7490e+00
751 +7.508383146e-05 +7.508383146e-05 +2.199800751e+02 +2.199800751e+02 +1.0367e+00 -3.7495e+00
789 +2.289783649e-05 +2.289783649e-05 +2.199800229e+02 +2.199800229e+02 +1.0313e+00 -3.7618e+00
837 +1.691701186e-05 +1.691701186e-05 +2.199800169e+02 +2.199800169e+02 +1.0344e+00 -3.7536e+00
839 +1.162407372e-05 +1.162407372e-05 +2.199800116e+02 +2.199800116e+02 +1.0324e+00 -3.7544e+00
852 +4.899507161e-06 +4.899507161e-06 +2.199800049e+02 +2.199800049e+02 +1.0356e+00 -3.7566e+00
979 +3.859862346e-06 +3.859862346e-06 +2.199800039e+02 +2.199800039e+02 +1.0326e+00 -3.7559e+00
982 +3.590222661e-07 +3.590222661e-07 +2.199800004e+02 +2.199800004e+02 +1.0333e+00 -3.7581e+00
1200 +2.965388717e-07 +2.965388717e-07 +2.199800003e+02 +2.199800003e+02 +1.0341e+00 -3.7578e+00
1275 +2.585343566e-07 +2.585343566e-07 +2.199800003e+02 +2.199800003e+02 +1.0332e+00 -3.7579e+00
1281 +2.562219947e-07 +2.562219947e-07 +2.199800003e+02 +2.199800003e+02 +1.0332e+00 -3.7573e+00
1297 +2.885121830e-08 +2.885121830e-08 +2.199800000e+02 +2.199800000e+02 +1.0335e+00 -3.7577e+00
1314 +2.232457064e-08 +2.232457064e-08 +2.199800000e+02 +2.199800000e+02 +1.0337e+00 -3.7575e+00
1444 +1.452053766e-08 +1.452053766e-08 +2.199800000e+02 +2.199800000e+02 +1.0335e+00 -3.7577e+00
1504 +1.311298092e-08 +1.311298092e-08 +2.199800000e+02 +2.199800000e+02 +1.0336e+00 -3.7575e+00
1599 +8.997204759e-09 +8.997204759e-09 +2.199800000e+02 +2.199800000e+02 +1.0335e+00 -3.7576e+00
2718 +0.000000000e+00 +0.000000000e+00 +2.199800000e+02 +2.199800000e+02 +1.0336e+00 -3.7576e+00
% function evaluation | noise-free fitness - Fopt (-2.784000000000e+01) | best noise-free fitness - Fopt | measured fitness | best measured fitness | x1 | x2...
1 +5.062935040e+00 +5.062935040e+00 -2.277706496e+01 -2.277706496e+01 +0.0000e+00 +0.0000e+00
2 +3.707424538e-01 +3.707424538e-01 -2.746925755e+01 -2.746925755e+01 +3.1614e-01 +2.1339e+00
23 +3.599511740e-01 +3.599511740e-01 -2.748004883e+01 -2.748004883e+01 +8.3717e-02 +2.7054e+00
36 +3.409246986e-02 +3.409246986e-02 -2.780590753e+01 -2.780590753e+01 -4.2680e-01 +2.1140e+00
168 +7.458472812e-03 +7.458472812e-03 -2.783254153e+01 -2.783254153e+01 -2.0012e-01 +2.2150e+00
183 +5.652500119e-03 +5.652500119e-03 -2.783434750e+01 -2.783434750e+01 -2.4876e-01 +2.2980e+00
186 +4.718043748e-03 +4.718043748e-03 -2.783528196e+01 -2.783528196e+01 -2.1965e-01 +2.2537e+00
208 +3.257940680e-03 +3.257940680e-03 -2.783674206e+01 -2.783674206e+01 -2.3712e-01 +2.2006e+00
254 +2.577915903e-03 +2.577915903e-03 -2.783742208e+01 -2.783742208e+01 -3.3524e-01 +2.2262e+00
283 +2.310503937e-03 +2.310503937e-03 -2.783768950e+01 -2.783768950e+01 -3.1899e-01 +2.1982e+00
343 +4.988956537e-04 +4.988956537e-04 -2.783950110e+01 -2.783950110e+01 -2.9431e-01 +2.2522e+00
377 +5.451713337e-05 +5.451713337e-05 -2.783994548e+01 -2.783994548e+01 -2.7883e-01 +2.2277e+00
576 +5.577720607e-06 +5.577720607e-06 -2.783999442e+01 -2.783999442e+01 -2.8617e-01 +2.2301e+00
850 +2.607887463e-06 +2.607887463e-06 -2.783999739e+01 -2.783999739e+01 -2.8611e-01 +2.2311e+00
967 +2.222806685e-07 +2.222806685e-07 -2.783999978e+01 -2.783999978e+01 -2.8477e-01 +2.2315e+00
1085 +3.546104210e-08 +3.546104210e-08 -2.783999996e+01 -2.783999996e+01 -2.8465e-01 +2.2319e+00
1249 +2.979951219e-08 +2.979951219e-08 -2.783999997e+01 -2.783999997e+01 -2.8474e-01 +2.2322e+00
1467 +1.627221025e-09 +1.627221025e-09 -2.784000000e+01 -2.784000000e+01 -2.8482e-01 +2.2320e+00
2900 +0.000000000e+00 +0.000000000e+00 -2.784000000e+01 -2.784000000e+01 -2.8480e-01 +2.2320e+00
% function evaluation | noise-free fitness - Fopt (2.027000000000e+01) | best noise-free fitness - Fopt | measured fitness | best measured fitness | x1 | x2...
1 +1.044205376e+01 +1.044205376e+01 +3.071205376e+01 +3.071205376e+01 +0.0000e+00 +0.0000e+00
3 +7.087960069e+00 +7.087960069e+00 +2.735796007e+01 +2.735796007e+01 +1.1752e+00 +7.9034e-01
5 +7.362063810e-01 +7.362063810e-01 +2.100620638e+01 +2.100620638e+01 +3.2995e+00 -3.0234e-01
14 +3.011771396e-01 +3.011771396e-01 +2.057117714e+01 +2.057117714e+01 +3.0863e+00 -1.6637e+00
23 +9.903797968e-02 +9.903797968e-02 +2.036903798e+01 +2.036903798e+01 +2.8863e+00 -8.3867e-01
63 +3.413428704e-02 +3.413428704e-02 +2.030413429e+01 +2.030413429e+01 +3.2052e+00 -1.0533e+00
100 +3.037678787e-02 +3.037678787e-02 +2.030037679e+01 +2.030037679e+01 +2.9477e+00 -1.2701e+00
129 +2.967859959e-03 +2.967859959e-03 +2.027296786e+01 +2.027296786e+01 +3.0865e+00 -1.1191e+00
140 +1.163981111e-03 +1.163981111e-03 +2.027116398e+01 +2.027116398e+01 +3.0296e+00 -1.0836e+00
394 +6.459212363e-04 +6.459212363e-04 +2.027064592e+01 +2.027064592e+01 +3.0528e+00 -1.1321e+00
493 +8.219939222e-05 +8.219939222e-05 +2.027008220e+01 +2.027008220e+01 +3.0312e+00 -1.1266e+00
625 +7.336615228e-05 +7.336615228e-05 +2.027007337e+01 +2.027007337e+01 +3.0238e+00 -1.1202e+00
715 +4.614162023e-06 +4.614162023e-06 +2.027000461e+01 +2.027000461e+01 +3.0316e+00 -1.1197e+00
922 +4.379439783e-06 +4.379439783e-06 +2.027000438e+01 +2.027000438e+01 +3.0300e+00 -1.1170e+00
923 +1.298924460e-06 +1.298924460e-06 +2.027000130e+01 +2.027000130e+01 +3.0311e+00 -1.1169e+00
964 +9.477722500e-07 +9.477722500e-07 +2.027000095e+01 +2.027000095e+01 +3.0325e+00 -1.1184e+00
1126 +5.180757121e-07 +5.180757121e-07 +2.027000052e+01 +2.027000052e+01 +3.0326e+00 -1.1180e+00
1133 +3.001192539e-07 +3.001192539e-07 +2.027000030e+01 +2.027000030e+01 +3.0325e+00 -1.1175e+00
1139 +1.910404599e-07 +1.910404599e-07 +2.027000019e+01 +2.027000019e+01 +3.0316e+00 -1.1178e+00
1180 +1.288666311e-07 +1.288666311e-07 +2.027000013e+01 +2.027000013e+01 +3.0317e+00 -1.1177e+00
1227 +1.284647269e-07 +1.284647269e-07 +2.027000013e+01 +2.027000013e+01 +3.0323e+00 -1.1174e+00
1248 +7.855654971e-08 +7.855654971e-08 +2.027000008e+01 +2.027000008e+01 +3.0323e+00 -1.1177e+00
1396 +6.509836226e-08 +6.509836226e-08 +2.027000007e+01 +2.027000007e+01 +3.0318e+00 -1.1174e+00
1397 +2.961072099e-08 +2.961072099e-08 +2.027000003e+01 +2.027000003e+01 +3.0318e+00 -1.1176e+00
1435 +1.049837905e-08 +1.049837905e-08 +2.027000001e+01 +2.027000001e+01 +3.0321e+00 -1.1176e+00
1451 +3.188667108e-10 +3.188667108e-10 +2.027000000e+01 +2.027000000e+01 +3.0320e+00 -1.1176e+00
2898 +0.000000000e+00 +0.000000000e+00 +2.027000000e+01 +2.027000000e+01 +3.0320e+00 -1.1176e+00
% function evaluation | noise-free fitness - Fopt (9.302900000000e+02) | best noise-free fitness - Fopt | measured fitness | best measured fitness | x1 | x2...
1 +3.759088640e+00 +3.759088640e+00 +9.340490886e+02 +9.340490886e+02 +0.0000e+00 +0.0000e+00
2 +3.111978745e+00 +3.111978745e+00 +9.334019787e+02 +9.334019787e+02 -8.4832e-01 +5.2195e-01
3 +2.984835383e+00 +2.984835383e+00 +9.332748354e+02 +9.332748354e+02 -3.2279e+00 -4.2993e-01
4 +2.200430477e+00 +2.200430477e+00 +9.324904305e+02 +9.324904305e+02 -8.2612e-01 +1.8856e-01
9 +1.338371409e+00 +1.338371409e+00 +9.316283714e+02 +9.316283714e+02 -9.8353e-01 -2.0295e+00
22 +7.668122363e-01 +7.668122363e-01 +9.310568122e+02 +9.310568122e+02 -7.4512e-01 -1.0618e+00
41 +9.899733007e-02 +9.899733007e-02 +9.303889973e+02 +9.303889973e+02 -1.4579e+00 -1.3332e+00
88 +5.681589128e-02 +5.681589128e-02 +9.303468159e+02 +9.303468159e+02 -1.3971e+00 -9.8176e-01
97 +3.866219489e-02 +3.866219489e-02 +9.303286622e+02 +9.303286622e+02 -1.5930e+00 -8.6935e-01
108 +3.359368141e-02 +3.359368141e-02 +9.303235937e+02 +9.303235937e+02 -1.7671e+00 -9.5357e-01
243 +1.858613828e-03 +1.858613828e-03 +9.302918586e+02 +9.302918586e+02 -1.6621e+00 -1.0763e+00
284 +4.377932343e-04 +4.377932343e-04 +9.302904378e+02 +9.302904378e+02 -1.6378e+00 -1.0762e+00
527 +4.093377039e-04 +4.093377039e-04 +9.302904093e+02 +9.302904093e+02 -1.6022e+00 -1.0561e+00
568 +5.799606606e-05 +5.799606606e-05 +9.302900580e+02 +9.302900580e+02 -1.6139e+00 -1.0608e+00
713 +4.484018291e-06 +4.484018291e-06 +9.302900045e+02 +9.302900045e+02 -1.6218e+00 -1.0659e+00
1017 +3.208059979e-06 +3.208059979e-06 +9.302900032e+02 +9.302900032e+02 -1.6221e+00 -1.0628e+00
1158 +1.624395622e-06 +1.624395622e-06 +9.302900016e+02 +9.302900016e+02 -1.6202e+00 -1.0629e+00
1161 +1.204488399e-06 +1.204488399e-06 +9.302900012e+02 +9.302900012e+02 -1.6204e+00 -1.0650e+00
1178 +9.996201698e-07 +9.996201698e-07 +9.302900010e+02 +9.302900010e+02 -1.6199e+00 -1.0635e+00
1244 +8.198366004e-07 +8.198366004e-07 +9.302900008e+02 +9.302900008e+02 -1.6211e+00 -1.0649e+00
1260 +5.961533134e-07 +5.961533134e-07 +9.302900006e+02 +9.302900006e+02 -1.6213e+00 -1.0634e+00
1372 +4.375499429e-07 +4.375499429e-07 +9.302900004e+02 +9.302900004e+02 -1.6214e+00 -1.0636e+00
1443 +7.229641596e-08 +7.229641596e-08 +9.302900001e+02 +9.302900001e+02 -1.6206e+00 -1.0639e+00
1450 +5.415313353e-08 +5.415313353e-08 +9.302900001e+02 +9.302900001e+02 -1.6207e+00 -1.0638e+00
1527 +3.153593298e-08 +3.153593298e-08 +9.302900000e+02 +9.302900000e+02 -1.6206e+00 -1.0640e+00
1533 +1.284422524e-08 +1.284422524e-08 +9.302900000e+02 +9.302900000e+02 -1.6208e+00 -1.0641e+00
1614 +1.631065061e-09 +1.631065061e-09 +9.302900000e+02 +9.302900000e+02 -1.6208e+00 -1.0640e+00
2609 +0.000000000e+00 +0.000000000e+00 +9.302900000e+02 +9.302900000e+02 -1.6208e+00 -1.0640e+00
% function evaluation | noise-free fitness - Fopt (7.786100000000e+02) | best noise-free fitness - Fopt | measured fitness | best measured fitness | x1 | x2...
1 +2.925831808e+01 +2.925831808e+01 +8.078683181e+02 +8.078683181e+02 +0.0000e+00 +0.0000e+00
2 +2.678414192e+01 +2.678414192e+01 +8.053941419e+02 +8.053941419e+02 -1.8373e-02 -3.1905e-01
5 +2.228740350e+01 +2.228740350e+01 +8.008974035e+02 +8.008974035e+02 -7.5383e-01 -2.3807e-01
15 +2.175616406e+01 +2.175616406e+01 +8.003661641e+02 +8.003661641e+02 +5.4701e-01 -2.2126e+00
16 +1.599840536e+01 +1.599840536e+01 +7.946084054e+02 +7.946084054e+02 -1.3955e+00 -6.4540e-01
20 +9.060338263e+00 +9.060338263e+00 +7.876703383e+02 +7.876703383e+02 -1.4388e+00 -1.9922e+00
22 +8.075065687e+00 +8.075065687e+00 +7.866850657e+02 +7.866850657e+02 -1.0061e+00 -3.5260e+00
23 +5.910727387e+00 +5.910727387e+00 +7.845207274e+02 +7.845207274e+02 -1.8008e+00 -2.4821e+00
25 +5.170540402e+00 +5.170540402e+00 +7.837805404e+02 +7.837805404e+02 -3.0796e+00 -1.6713e+00
26 +4.063885388e+00 +4.063885388e+00 +7.826738854e+02 +7.826738854e+02 -2.3799e+00 -2.4193e+00
33 +3.944684307e-02 +3.944684307e-02 +7.786494468e+02 +7.786494468e+02 -3.9242e+00 -3.6405e+00
200 +3.220450347e-02 +3.220450347e-02 +7.786422045e+02 +7.786422045e+02 -3.9912e+00 -3.9012e+00
255 +9.456226561e-03 +9.456226561e-03 +7.786194562e+02 +7.786194562e+02 -3.8227e+00 -3.7201e+00
353 +7.723235666e-03 +7.723235666e-03 +7.786177232e+02 +7.786177232e+02 -3.7532e+00 -3.7795e+00
358 +8.958549051e-04 +8.958549051e-04 +7.786108959e+02 +7.786108959e+02 -3.8198e+00 -3.8438e+00
406 +5.238697278e-04 +5.238697278e-04 +7.786105239e+02 +7.786105239e+02 -3.8427e+00 -3.8374e+00
442 +5.155047563e-05 +5.155047563e-05 +7.786100516e+02 +7.786100516e+02 -3.8398e+00 -3.8184e+00
687 +4.238925976e-05 +4.238925976e-05 +7.786100424e+02 +7.786100424e+02 -3.8280e+00 -3.8212e+00
821 +2.988041877e-05 +2.988041877e-05 +7.786100299e+02 +7.786100299e+02 -3.8366e+00 -3.8207e+00
852 +9.055678561e-06 +9.055678561e-06 +7.786100091e+02 +7.786100091e+02 -3.8346e+00 -3.8192e+00
905 +7.383460229e-06 +7.383460229e-06 +7.786100074e+02 +7.786100074e+02 -3.8344e+00 -3.8190e+00
930 +7.494312513e-07 +7.494312513e-07 +7.786100007e+02 +7.786100007e+02 -3.8330e+00 -3.8160e+00
1009 +5.655856512e-07 +5.655856512e-07 +7.786100006e+02 +7.786100006e+02 -3.8335e+00 -3.8166e+00
1040 +2.270575123e-07 +2.270575123e-07 +7.786100002e+02 +7.786100002e+02 -3.8325e+00 -3.8164e+00
1089 +7.392941370e-08 +7.392941370e-08 +7.786100001e+02 +7.786100001e+02 -3.8330e+00 -3.8170e+00
1244 +6.471202596e-08 +6.471202596e-08 +7.786100001e+02 +7.786100001e+02 -3.8328e+00 -3.8170e+00
1267 +1.055320809e-08 +1.055320809e-08 +7.786100000e+02 +7.786100000e+02 -3.8328e+00 -3.8167e+00
1446 +4.414687282e-09 +4.414687282e-09 +7.786100000e+02 +7.786100000e+02 -3.8328e+00 -3.8167e+00
2651 +0.000000000e+00 +0.000000000e+00 +7.786100000e+02 +7.786100000e+02 -3.8328e+00 -3.8168e+00
% function evaluation | noise-free fitness - Fopt (-2.051000000000e+01) | best noise-free fitness - Fopt | measured fitness | best measured fitness | x1 | x2...
1 +1.479755008e+01 +1.479755008e+01 -5.712449920e+00 -5.712449920e+00 +0.0000e+00 +0.0000e+00
10 +7.275783228e+00 +7.275783228e+00 -1.323421677e+01 -1.323421677e+01 -7.6493e-01 +1.1428e+00
16 +5.558288669e+00 +5.558288669e+00 -1.495171133e+01 -1.495171133e+01 -1.1327e+00 +1.1036e+00
18 +2.869671466e+00 +2.869671466e+00 -1.764032853e+01 -1.764032853e+01 -2.1998e+00 +3.0986e+00
25 +2.657067808e+00 +2.657067808e+00 -1.785293219e+01 -1.785293219e+01 -1.7517e+00 +2.1124e+00
26 +2.219541004e+00 +2.219541004e+00 -1.829045900e+01 -1.829045900e+01 -3.7795e+00 +3.2977e+00
31 +3.104529515e-01 +3.104529515e-01 -2.019954705e+01 -2.019954705e+01 -3.3392e+00 +1.3105e+00
58 +2.988373774e-01 +2.988373774e-01 -2.021116262e+01 -2.021116262e+01 -2.8768e+00 +1.6177e+00
64 +1.053996179e-01 +1.053996179e-01 -2.040460038e+01 -2.040460038e+01 -3.0572e+00 +1.7586e+00
164 +6.520262973e-02 +6.520262973e-02 -2.044479737e+01 -2.044479737e+01 -3.2111e+00 +1.6621e+00
183 +3.693045415e-02 +3.693045415e-02 -2.047306955e+01 -2.047306955e+01 -3.1711e+00 +1.8631e+00
227 +2.667783756e-02 +2.667783756e-02 -2.048332216e+01 -2.048332216e+01 -3.4015e+00 +1.7084e+00
245 +6.622527621e-03 +6.622527621e-03 -2.050337747e+01 -2.050337747e+01 -3.4432e+00 +1.8821e+00
250 +1.371444765e-03 +1.371444765e-03 -2.050862856e+01 -2.050862856e+01 -3.3310e+00 +1.8855e+00
276 +5.274303959e-04 +5.274303959e-04 -2.050947257e+01 -2.050947257e+01 -3.3711e+00 +1.8888e+00
412 +2.982138494e-04 +2.982138494e-04 -2.050970179e+01 -2.050970179e+01 -3.3687e+00 +1.8508e+00
415 +2.074524457e-04 +2.074524457e-04 -2.050979255e+01 -2.050979255e+01 -3.3764e+00 +1.8729e+00
495 +1.023662608e-04 +1.023662608e-04 -2.050989763e+01 -2.050989763e+01 -3.3563e+00 +1.8746e+00
719 +8.888603762e-05 +8.888603762e-05 -2.050991111e+01 -2.050991111e+01 -3.3600e+00 +1.8761e+00
742 +5.875297129e-05 +5.875297129e-05 -2.050994125e+01 -2.050994125e+01 -3.3668e+00 +1.8740e+00
747 +2.580058678e-05 +2.580058678e-05 -2.050997420e+01 -2.050997420e+01 -3.3665e+00 +1.8634e+00
764 +2.206795605e-05 +2.206795605e-05 -2.050997793e+01 -2.050997793e+01 -3.3662e+00 +1.8636e+00
923 +3.418115064e-06 +3.418115064e-06 -2.050999658e+01 -2.050999658e+01 -3.3638e+00 +1.8655e+00
1027 +3.359048087e-06 +3.359048087e-06 -2.050999664e+01 -2.050999664e+01 -3.3616e+00 +1.8663e+00
1038 +3.743929007e-07 +3.743929007e-07 -2.050999963e+01 -2.050999963e+01 -3.3637e+00 +1.8676e+00
1095 +3.091232585e-07 +3.091232585e-07 -2.050999969e+01 -2.050999969e+01 -3.3630e+00 +1.8677e+00
1142 +2.998612629e-07 +2.998612629e-07 -2.050999970e+01 -2.050999970e+01 -3.3634e+00 +1.8667e+00
1312 +7.916663236e-08 +7.916663236e-08 -2.050999992e+01 -2.050999992e+01 -3.3634e+00 +1.8674e+00
1365 +1.343128275e-09 +1.343128275e-09 -2.051000000e+01 -2.051000000e+01 -3.3632e+00 +1.8672e+00
2528 +0.000000000e+00 +0.000000000e+00 -2.051000000e+01 -2.051000000e+01 -3.3632e+00 +1.8672e+00
% function evaluation | noise-free fitness - Fopt (-1.000000000000e+03) | best noise-free fitness - Fopt | measured fitness | best measured fitness | x1 | x2...
1 +1.160852800e+01 +1.160852800e+01 -9.883914720e+02 -9.883914720e+02 +0.0000e+00 +0.0000e+00
2 +1.147331892e+01 +1.147331892e+01 -9.885266811e+02 -9.885266811e+02 -2.7207e-01 +3.4070e-01
8 +1.111782718e+01 +1.111782718e+01 -9.888821728e+02 -9.888821728e+02 -5.6784e-01 +9.1187e-01
10 +9.646120893e+00 +9.646120893e+00 -9.903538791e+02 -9.903538791e+02 +9.1019e-01 -3.1290e-01
11 +2.337621708e+00 +2.337621708e+00 -9.976623783e+02 -9.976623783e+02 +2.1443e+00 +8.9978e-01
13 +1.763393199e+00 +1.763393199e+00 -9.982366068e+02 -9.982366068e+02 +1.9325e+00 +1.1671e+00
22 +4.964847877e-01 +4.964847877e-01 -9.995035152e+02 -9.995035152e+02 +2.9337e+00 +1.9294e+00
72 +3.552868486e-01 +3.552868486e-01 -9.996447132e+02 -9.996447132e+02 +1.8221e+00 +2.4784e+00
101 +1.207183425e-01 +1.207183425e-01 -9.998792817e+02 -9.998792817e+02 +2.6968e+00 +2.6061e+00
112 +1.033243152e-01 +1.033243152e-01 -9.998966757e+02 -9.998966757e+02 +2.5309e+00 +2.7041e+00
146 +2.333734208e-02 +2.333734208e-02 -9.999766627e+02 -9.999766627e+02 +2.2936e+00 +2.3103e+00
172 +1.252048382e-02 +1.252048382e-02 -9.999874795e+02 -9.999874795e+02 +2.3246e+00 +2.4727e+00
337 +1.556051232e-03 +1.556051232e-03 -9.999984439e+02 -9.999984439e+02 +2.3746e+00 +2.4107e+00
367 +1.312755085e-03 +1.312755085e-03 -9.999986872e+02 -9.999986872e+02 +2.4014e+00 +2.3707e+00
511 +1.263243202e-03 +1.263243202e-03 -9.999987368e+02 -9.999987368e+02 +2.4007e+00 +2.3717e+00
515 +4.144619849e-04 +4.144619849e-04 -9.999995855e+02 -9.999995855e+02 +2.3961e+00 +2.3944e+00
530 +2.014635569e-04 +2.014635569e-04 -9.999997985e+02 -9.999997985e+02 +2.4237e+00 +2.3948e+00
555 +1.672233738e-04 +1.672233738e-04 -9.999998328e+02 -9.999998328e+02 +2.4034e+00 +2.3969e+00
586 +2.027502967e-05 +2.027502967e-05 -9.999999797e+02 -9.999999797e+02 +2.4164e+00 +2.4083e+00
714 +8.474131732e-06 +8.474131732e-06 -9.999999915e+02 -9.999999915e+02 +2.4122e+00 +2.4074e+00
919 +4.021142331e-06 +4.021142331e-06 -9.999999960e+02 -9.999999960e+02 +2.4122e+00 +2.4033e+00
1075 +1.735179012e-06 +1.735179012e-06 -9.999999983e+02 -9.999999983e+02 +2.4142e+00 +2.4036e+00
1098 +1.027535518e-06 +1.027535518e-06 -9.999999990e+02 -9.999999990e+02 +2.4143e+00 +2.4040e+00
1153 +5.216685395e-07 +5.216685395e-07 -9.999999995e+02 -9.999999995e+02 +2.4135e+00 +2.4041e+00
1213 +4.633318440e-07 +4.633318440e-07 -9.999999995e+02 -9.999999995e+02 +2.4137e+00 +2.4041e+00
1318 +2.613240895e-07 +2.613240895e-07 -9.999999997e+02 -9.999999997e+02 +2.4141e+00 +2.4048e+00
1351 +1.018589728e-07 +1.018589728e-07 -9.999999999e+02 -9.999999999e+02 +2.4135e+00 +2.4045e+00
1378 +6.152242804e-08 +6.152242804e-08 -9.999999999e+02 -9.999999999e+02 +2.4138e+00 +2.4050e+00
1464 +1.285127382e-08 +1.285127382e-08 -1.000000000e+03 -1.000000000e+03 +2.4136e+00 +2.4047e+00
1604 +5.746073839e-09 +5.746073839e-09 -1.000000000e+03 -1.000000000e+03 +2.4137e+00 +2.4048e+00
2560 +0.000000000e+00 +0.000000000e+00 -1.000000000e+03 -1.000000000e+03 +2.4136e+00 +2.4048e+00
% function evaluation | noise-free fitness - Fopt (-1.730800000000e+02) | best noise-free fitness - Fopt | measured fitness | best measured fitness | x1 | x2...
1 +2.612778624e+01 +2.612778624e+01 -1.469522138e+02 -1.469522138e+02 +0.0000e+00 +0.0000e+00
6 +2.953631149e+00 +2.953631149e+00 -1.701263689e+02 -1.701263689e+02 -2.5575e+00 -4.9653e+00
14 +5.150806574e-02 +5.150806574e-02 -1.730284919e+02 -1.730284919e+02 -3.7372e+00 -3.8044e+00
179 +3.088329494e-02 +3.088329494e-02 -1.730491167e+02 -1.730491167e+02 -3.7880e+00 -3.5722e+00
204 +1.616886811e-02 +1.616886811e-02 -1.730638311e+02 -1.730638311e+02 -3.5593e+00 -3.7254e+00
223 +7.470367204e-03 +7.470367204e-03 -1.730725296e+02 -1.730725296e+02 -3.6651e+00 -3.5403e+00
277 +4.398515067e-04 +4.398515067e-04 -1.730795601e+02 -1.730795601e+02 -3.6089e+00 -3.5926e+00
496 +1.793154647e-05 +1.793154647e-05 -1.730799821e+02 -1.730799821e+02 -3.6127e+00 -3.6130e+00
798 +1.746057282e-05 +1.746057282e-05 -1.730799825e+02 -1.730799825e+02 -3.6186e+00 -3.6158e+00
1001 +6.777341099e-06 +6.777341099e-06 -1.730799932e+02 -1.730799932e+02 -3.6143e+00 -3.6127e+00
1024 +2.309656423e-06 +2.309656423e-06 -1.730799977e+02 -1.730799977e+02 -3.6159e+00 -3.6133e+00
1063 +1.587001663e-06 +1.587001663e-06 -1.730799984e+02 -1.730799984e+02 -3.6180e+00 -3.6117e+00
1157 +2.962521251e-07 +2.962521251e-07 -1.730799997e+02 -1.730799997e+02 -3.6165e+00 -3.6124e+00
1315 +1.546727049e-07 +1.546727049e-07 -1.730799998e+02 -1.730799998e+02 -3.6171e+00 -3.6123e+00
1367 +1.318863383e-07 +1.318863383e-07 -1.730799999e+02 -1.730799999e+02 -3.6171e+00 -3.6118e+00
1432 +8.481723057e-08 +8.481723057e-08 -1.730799999e+02 -1.730799999e+02 -3.6165e+00 -3.6121e+00
1488 +6.989810686e-08 +6.989810686e-08 -1.730799999e+02 -1.730799999e+02 -3.6166e+00 -3.6122e+00
1534 +3.536132454e-08 +3.536132454e-08 -1.730800000e+02 -1.730800000e+02 -3.6170e+00 -3.6120e+00
1535 +3.382859859e-08 +3.382859859e-08 -1.730800000e+02 -1.730800000e+02 -3.6166e+00 -3.6119e+00
1552 +2.416845746e-08 +2.416845746e-08 -1.730800000e+02 -1.730800000e+02 -3.6168e+00 -3.6121e+00
1572 +9.976020010e-11 +9.976020010e-11 -1.730800000e+02 -1.730800000e+02 -3.6168e+00 -3.6120e+00
2527 +0.000000000e+00 +0.000000000e+00 -1.730800000e+02 -1.730800000e+02 -3.6168e+00 -3.6120e+00
% function evaluation | noise-free fitness - Fopt (5.309000000000e+01) | best noise-free fitness - Fopt | measured fitness | best measured fitness | x1 | x2...
1 +1.472637760e+01 +1.472637760e+01 +6.781637760e+01 +6.781637760e+01 +0.0000e+00 +0.0000e+00
2 +7.136606436e+00 +7.136606436e+00 +6.022660644e+01 +6.022660644e+01 -6.6691e-01 -9.9521e-01
12 +4.991564406e+00 +4.991564406e+00 +5.808156441e+01 +5.808156441e+01 -2.1669e+00 -1.4093e+00
16 +2.007347767e+00 +2.007347767e+00 +5.509734777e+01 +5.509734777e+01 -1.6102e+00 -2.1261e+00
18 +1.506720889e+00 +1.506720889e+00 +5.459672089e+01 +5.459672089e+01 -2.2786e+00 -2.5993e+00
21 +1.028501183e+00 +1.028501183e+00 +5.411850118e+01 +5.411850118e+01 -1.3245e+00 -4.5386e+00
22 +6.612328850e-01 +6.612328850e-01 +5.375123288e+01 +5.375123288e+01 -2.2429e+00 -3.8379e+00
36 +5.575263653e-01 +5.575263653e-01 +5.364752637e+01 +5.364752637e+01 -1.4726e+00 -2.7911e+00
48 +2.891092377e-01 +2.891092377e-01 +5.337910924e+01 +5.337910924e+01 -2.0144e+00 -3.6433e+00
74 +2.073195554e-01 +2.073195554e-01 +5.329731956e+01 +5.329731956e+01 -1.5450e+00 -3.0860e+00
75 +1.353216220e-01 +1.353216220e-01 +5.322532162e+01 +5.322532162e+01 -1.4458e+00 -3.1721e+00
79 +1.380477998e-02 +1.380477998e-02 +5.310380478e+01 +5.310380478e+01 -1.3698e+00 -3.5427e+00
257 +3.548386592e-03 +3.548386592e-03 +5.309354839e+01 +5.309354839e+01 -1.4559e+00 -3.4869e+00
322 +3.023639250e-03 +3.023639250e-03 +5.309302364e+01 +5.309302364e+01 -1.4606e+00 -3.4895e+00
358 +4.874598818e-04 +4.874598818e-04 +5.309048746e+01 +5.309048746e+01 -1.4768e+00 -3.5181e+00
465 +1.392831764e-04 +1.392831764e-04 +5.309013928e+01 +5.309013928e+01 -1.4951e+00 -3.5288e+00
506 +6.297195064e-06 +6.297195064e-06 +5.309000630e+01 +5.309000630e+01 -1.4894e+00 -3.5389e+00
840 +2.758391915e-06 +2.758391915e-06 +5.309000276e+01 +5.309000276e+01 -1.4861e+00 -3.5363e+00
937 +2.494125830e-06 +2.494125830e-06 +5.309000249e+01 +5.309000249e+01 -1.4874e+00 -3.5392e+00
1092 +6.014049490e-07 +6.014049490e-07 +5.309000060e+01 +5.309000060e+01 -1.4865e+00 -3.5379e+00
1160 +2.874580076e-07 +2.874580076e-07 +5.309000029e+01 +5.309000029e+01 -1.4870e+00 -3.5381e+00
1175 +3.670805881e-10 +3.670805881e-10 +5.309000000e+01 +5.309000000e+01 -1.4872e+00 -3.5376e+00
2557 +0.000000000e+00 +0.000000000e+00 +5.309000000e+01 +5.309000000e+01 -1.4872e+00 -3.5376e+00
