% function evaluation | noise-free fitness - Fopt (7.135000000000e+01) | best noise-free fitness - Fopt | measured fitness | best measured fitness | x1 | x2...
1 +7.554021144e+01 +7.554021144e+01 +1.468902114e+02 +1.468902114e+02 +0.0000e+00 +0.0000e+00
2 +6.724654670e+00 +6.724654670e+00 +7.807465467e+01 +7.807465467e+01 +1.8933e+00 -2.2701e+00
6 +5.451049742e-01 +5.451049742e-01 +7.189510497e+01 +7.189510497e+01 +1.5257e+00 -1.6034e-01
93 +4.036380664e-01 +4.036380664e-01 +7.175363807e+01 +7.175363807e+01 +1.0445e+00 +1.8380e+00
188 +3.834212426e-01 +3.834212426e-01 +7.173342124e+01 +7.173342124e+01 +1.1034e+00 +9.1631e-01
211 +2.838961708e-01 +2.838961708e-01 +7.163389617e+01 +7.163389617e+01 +1.0930e+00 +9.1468e-01
347 +2.771798560e-01 +2.771798560e-01 +7.162717986e+01 +7.162717986e+01 +1.0934e+00 +9.1476e-01
384 +2.748834866e-01 +2.748834866e-01 +7.162488349e+01 +7.162488349e+01 +1.0834e+00 +9.1500e-01
427 +2.598376028e-01 +2.598376028e-01 +7.160983760e+01 +7.160983760e+01 +1.0827e+00 +9.1517e-01
437 +2.498319514e-01 +2.498319514e-01 +7.159983195e+01 +7.159983195e+01 +1.0834e+00 +9.1512e-01
60681 +2.417834244e-01 +2.417834244e-01 +7.159178342e+01 +7.159178342e+01 +2.1910e+00 -5.1833e+00
60721 +2.291511036e-01 +2.291511036e-01 +7.157915110e+01 +7.157915110e+01 +2.1955e+00 -5.2027e+00
60724 +2.128690760e-01 +2.128690760e-01 +7.156286908e+01 +7.156286908e+01 +2.1359e+00 -5.1993e+00
60727 +1.934189174e-01 +1.934189174e-01 +7.154341892e+01 +7.154341892e+01 +2.1762e+00 -5.1945e+00
60907 +1.900504278e-01 +1.900504278e-01 +7.154005043e+01 +7.154005043e+01 +2.1782e+00 -5.1928e+00
121792 +1.104901928e-01 +1.104901928e-01 +7.146049019e+01 +7.146049019e+01 +1.8636e+00 -2.1487e+00
121811 +1.894613025e-02 +1.894613025e-02 +7.136894613e+01 +7.136894613e+01 +1.8476e+00 -2.1457e+00
121816 +1.320023909e-02 +1.320023909e-02 +7.136320024e+01 +7.136320024e+01 +1.7918e+00 -2.1423e+00
121833 +8.603487507e-03 +8.603487507e-03 +7.135860349e+01 +7.135860349e+01 +1.8147e+00 -2.1417e+00
121866 +9.967562156e-04 +9.967562156e-04 +7.135099676e+01 +7.135099676e+01 +1.8268e+00 -2.1427e+00
121894 +9.123908642e-04 +9.123908642e-04 +7.135091239e+01 +7.135091239e+01 +1.8318e+00 -2.1432e+00
121909 +6.701109346e-05 +6.701109346e-05 +7.135006701e+01 +7.135006701e+01 +1.8314e+00 -2.1423e+00
122010 +6.154138724e-05 +6.154138724e-05 +7.135006154e+01 +7.135006154e+01 +1.8347e+00 -2.1423e+00
122038 +3.019739529e-05 +3.019739529e-05 +7.135003020e+01 +7.135003020e+01 +1.8326e+00 -2.1422e+00
122040 +5.728396744e-06 +5.728396744e-06 +7.135000573e+01 +7.135000573e+01 +1.8323e+00 -2.1424e+00
122122 +2.189272578e-06 +2.189272578e-06 +7.135000219e+01 +7.135000219e+01 +1.8331e+00 -2.1424e+00
122129 +1.479369203e-06 +1.479369203e-06 +7.135000148e+01 +7.135000148e+01 +1.8328e+00 -2.1424e+00
122141 +6.258045460e-08 +6.258045460e-08 +7.135000006e+01 +7.135000006e+01 +1.8329e+00 -2.1424e+00
122163 +1.636755087e-08 +1.636755087e-08 +7.135000002e+01 +7.135000002e+01 +1.8327e+00 -2.1424e+00
122213 +1.208280764e-08 +1.208280764e-08 +7.135000001e+01 +7.135000001e+01 +1.8328e+00 -2.1424e+00
122214 +9.257078659e-09 +9.257078659e-09 +7.135000001e+01 +7.135000001e+01 +1.8328e+00 -2.1424e+00
122321 +0.000000000e+00 +0.000000000e+00 +7.135000000e+01 +7.135000000e+01 +1.8328e+00 -2.1424e+00
% function evaluation | noise-free fitness - Fopt (-3.552200000000e+02) | best noise-free fitness - Fopt | measured fitness | best measured fitness | x1 | x2...
1 +2.629527895e+02 +2.629527895e+02 -9.226721048e+01 -9.226721048e+01 +0.0000e+00 +0.0000e+00
3 +2.125800075e+01 +2.125800075e+01 -3.339619992e+02 -3.339619992e+02 -2.3666e+00 +2.8309e+00
4 +1.177105276e+01 +1.177105276e+01 -3.434489472e+02 -3.434489472e+02 +4.2883e+00 -1.8665e+00
44 +9.238968180e-01 +9.238968180e-01 -3.542961032e+02 -3.542961032e+02 +5.2720e+00 -3.2793e+00
186 +9.027265711e-01 +9.027265711e-01 -3.543172734e+02 -3.543172734e+02 +5.3065e+00 -3.2434e+00
260 +6.388208128e-01 +6.388208128e-01 -3.545811792e+02 -3.545811792e+02 +5.1119e+00 -3.3175e+00
277 +5.438030393e-01 +5.438030393e-01 -3.546761970e+02 -3.546761970e+02 +5.1734e+00 -3.3055e+00
278 +4.790308080e-01 +4.790308080e-01 -3.547409692e+02 -3.547409692e+02 +5.0617e+00 -3.3425e+00
284 +2.978484583e-01 +2.978484583e-01 -3.549221515e+02 -3.549221515e+02 +5.0119e+00 -3.3592e+00
324 +2.532248288e-01 +2.532248288e-01 -3.549667752e+02 -3.549667752e+02 +5.1418e+00 -3.3152e+00
451 +2.378600978e-01 +2.378600978e-01 -3.549821399e+02 -3.549821399e+02 +5.1419e+00 -3.3150e+00
550 +2.331340393e-01 +2.331340393e-01 -3.549868660e+02 -3.549868660e+02 +5.1421e+00 -3.3149e+00
579 +2.242829565e-01 +2.242829565e-01 -3.549957170e+02 -3.549957170e+02 +5.1424e+00 -3.3148e+00
642 +2.234117649e-01 +2.234117649e-01 -3.549965882e+02 -3.549965882e+02 +5.1424e+00 -3.3148e+00
30217 +1.342223242e-01 +1.342223242e-01 -3.550857777e+02 -3.550857777e+02 -2.2817e+00 -2.2313e+00
30245 +5.622780678e-02 +5.622780678e-02 -3.551637722e+02 -3.551637722e+02 -2.2624e+00 -2.2153e+00
30247 +2.010795531e-02 +2.010795531e-02 -3.551998920e+02 -3.551998920e+02 -2.3279e+00 -2.2429e+00
30275 +1.282135510e-02 +1.282135510e-02 -3.552071786e+02 -3.552071786e+02 -2.3330e+00 -2.2425e+00
30284 +6.458739648e-03 +6.458739648e-03 -3.552135413e+02 -3.552135413e+02 -2.3287e+00 -2.2388e+00
30304 +5.430095019e-04 +5.430095019e-04 -3.552194570e+02 -3.552194570e+02 -2.3503e+00 -2.2480e+00
30375 +1.155661550e-06 +1.155661550e-06 -3.552199988e+02 -3.552199988e+02 -2.3533e+00 -2.2479e+00
30567 +8.420971653e-08 +8.420971653e-08 -3.552199999e+02 -3.552199999e+02 -2.3531e+00 -2.2480e+00
30636 +1.459835630e-08 +1.459835630e-08 -3.552200000e+02 -3.552200000e+02 -2.3532e+00 -2.2480e+00
30664 +8.891504422e-09 +8.891504422e-09 -3.552200000e+02 -3.552200000e+02 -2.3532e+00 -2.2480e+00
30832 +0.000000000e+00 +0.000000000e+00 -3.552200000e+02 -3.552200000e+02 -2.3532e+00 -2.2480e+00
% function evaluation | noise-free fitness - Fopt (9.917000000000e+01) | best noise-free fitness - Fopt | measured fitness | best measured fitness | x1 | x2...
1 +3.418304207e+01 +3.418304207e+01 +1.333530421e+02 +1.333530421e+02 +0.0000e+00 +0.0000e+00
3 +5.243447133e+00 +5.243447133e+00 +1.044134471e+02 +1.044134471e+02 -5.7487e-01 +1.0250e+00
49 +7.160058261e-01 +7.160058261e-01 +9.988600583e+01 +9.988600583e+01 +3.8477e+00 +2.1304e-01
98 +2.991924771e-01 +2.991924771e-01 +9.946919248e+01 +9.946919248e+01 +2.3297e+00 +9.6963e-01
186 +1.145989141e-01 +1.145989141e-01 +9.928459891e+01 +9.928459891e+01 +2.4740e+00 +7.6834e-01
204 +2.946592865e-02 +2.946592865e-02 +9.919946593e+01 +9.919946593e+01 +2.4369e+00 +8.3002e-01
212 +1.669032654e-02 +1.669032654e-02 +9.918669033e+01 +9.918669033e+01 +2.4416e+00 +8.1941e-01
220 +7.237500697e-03 +7.237500697e-03 +9.917723750e+01 +9.917723750e+01 +2.4070e+00 +8.6093e-01
254 +1.908650420e-03 +1.908650420e-03 +9.917190865e+01 +9.917190865e+01 +2.4175e+00 +8.5209e-01
59345 +1.613140081e-03 +1.613140081e-03 +9.917161314e+01 +9.917161314e+01 -2.4478e+00 -3.7707e+00
59360 +1.483319539e-03 +1.483319539e-03 +9.917148332e+01 +9.917148332e+01 -2.4519e+00 -3.7646e+00
59362 +7.778988245e-04 +7.778988245e-04 +9.917077790e+01 +9.917077790e+01 -2.4550e+00 -3.7619e+00
59411 +3.872744528e-04 +3.872744528e-04 +9.917038727e+01 +9.917038727e+01 -2.4501e+00 -3.7681e+00
59424 +9.786505318e-05 +9.786505318e-05 +9.917009787e+01 +9.917009787e+01 -2.4518e+00 -3.7663e+00
59452 +9.147601229e-05 +9.147601229e-05 +9.917009148e+01 +9.917009148e+01 -2.4517e+00 -3.7664e+00
59466 +9.008868619e-05 +9.008868619e-05 +9.917009009e+01 +9.917009009e+01 -2.4514e+00 -3.7665e+00
59474 +2.741900630e-06 +2.741900630e-06 +9.917000274e+01 +9.917000274e+01 -2.4510e+00 -3.7666e+00
59630 +4.877158517e-07 +4.877158517e-07 +9.917000049e+01 +9.917000049e+01 -2.4511e+00 -3.7666e+00
59685 +1.071790763e-07 +1.071790763e-07 +9.917000011e+01 +9.917000011e+01 -2.4510e+00 -3.7666e+00
59694 +8.869295698e-08 +8.869295698e-08 +9.917000009e+01 +9.917000009e+01 -2.4510e+00 -3.7666e+00
59726 +2.515008646e-08 +2.515008646e-08 +9.917000003e+01 +9.917000003e+01 -2.4510e+00 -3.7666e+00
59752 +1.218710111e-08 +1.218710111e-08 +9.917000001e+01 +9.917000001e+01 -2.4510e+00 -3.7667e+00
59760 +1.126768723e-08 +1.126768723e-08 +9.917000001e+01 +9.917000001e+01 -2.4510e+00 -3.7667e+00
59774 +1.631761393e-09 +1.631761393e-09 +9.917000000e+01 +9.917000000e+01 -2.4510e+00 -3.7666e+00
59825 +0.000000000e+00 +0.000000000e+00 +9.917000000e+01 +9.917000000e+01 -2.4510e+00 -3.7666e+00
% function evaluation | noise-free fitness - Fopt (-5.179100000000e+02) | best noise-free fitness - Fopt | measured fitness | best measured fitness | x1 | x2...
1 +6.376199996e+01 +6.376199996e+01 -4.541480000e+02 -4.541480000e+02 +0.0000e+00 +0.0000e+00
5 +5.429443707e+01 +5.429443707e+01 -4.636155629e+02 -4.636155629e+02 +1.2766e+00 -9.1576e-01
6 +4.120775500e+01 +4.120775500e+01 -4.767022450e+02 -4.767022450e+02 +1.2242e+00 -9.5795e-01
8 +2.290700728e+01 +2.290700728e+01 -4.950029927e+02 -4.950029927e+02 -6.1297e-01 -1.6139e-01
10 +2.174512239e+01 +2.174512239e+01 -4.961648776e+02 -4.961648776e+02 +1.8307e+00 -5.1600e-01
11 +8.344503578e+00 +8.344503578e+00 -5.095654964e+02 -5.095654964e+02 -2.7089e+00 +2.4646e+00
12 +1.791229835e+00 +1.791229835e+00 -5.161187702e+02 -5.161187702e+02 -3.7888e+00 +2.6721e+00
29701 +1.447317792e+00 +1.447317792e+00 -5.164626822e+02 -5.164626822e+02 +4.9706e+00 +6.6557e-01
29725 +9.247352029e-01 +9.247352029e-01 -5.169852648e+02 -5.169852648e+02 +4.9662e+00 +7.2272e-01
29784 +8.170812575e-01 +8.170812575e-01 -5.170929187e+02 -5.170929187e+02 +5.0809e+00 +8.2225e-01
29806 +5.692978584e-01 +5.692978584e-01 -5.173407021e+02 -5.173407021e+02 +5.0457e+00 +7.9387e-01
29869 +1.232587808e-01 +1.232587808e-01 -5.177867412e+02 -5.177867412e+02 +4.8998e+00 +6.4085e-01
90341 +9.217777996e-02 +9.217777996e-02 -5.178178222e+02 -5.178178222e+02 -2.2156e+00 -1.4517e+00
90351 +5.999150823e-02 +5.999150823e-02 -5.178500085e+02 -5.178500085e+02 -2.2897e+00 -1.4998e+00
90386 +1.950938013e-02 +1.950938013e-02 -5.178904906e+02 -5.178904906e+02 -2.2244e+00 -1.4390e+00
90409 +5.149905430e-03 +5.149905430e-03 -5.179048501e+02 -5.179048501e+02 -2.2272e+00 -1.4480e+00
90419 +4.652951916e-03 +4.652951916e-03 -5.179053470e+02 -5.179053470e+02 -2.2199e+00 -1.4406e+00
90426 +3.767392356e-03 +3.767392356e-03 -5.179062326e+02 -5.179062326e+02 -2.2365e+00 -1.4547e+00
90468 +1.700460778e-03 +1.700460778e-03 -5.179082995e+02 -5.179082995e+02 -2.2214e+00 -1.4400e+00
90517 +7.348502131e-04 +7.348502131e-04 -5.179092651e+02 -5.179092651e+02 -2.2378e+00 -1.4547e+00
90519 +1.501128315e-04 +1.501128315e-04 -5.179098499e+02 -5.179098499e+02 -2.2294e+00 -1.4475e+00
90532 +8.332734342e-05 +8.332734342e-05 -5.179099167e+02 -5.179099167e+02 -2.2320e+00 -1.4496e+00
90533 +7.086415928e-05 +7.086415928e-05 -5.179099291e+02 -5.179099291e+02 -2.2301e+00 -1.4485e+00
90540 +2.340299716e-05 +2.340299716e-05 -5.179099766e+02 -5.179099766e+02 -2.2311e+00 -1.4485e+00
90559 +1.097202357e-06 +1.097202357e-06 -5.179099989e+02 -5.179099989e+02 -2.2314e+00 -1.4490e+00
90572 +6.360141924e-07 +6.360141924e-07 -5.179099994e+02 -5.179099994e+02 -2.2313e+00 -1.4489e+00
% function evaluation | noise-free fitness - Fopt (-5.721000000000e+01) | best noise-free fitness - Fopt | measured fitness | best measured fitness | x1 | x2...
1 +7.084914332e+01 +7.084914332e+01 +1.363914332e+01 +1.363914332e+01 +0.0000e+00 +0.0000e+00
6 +6.601760738e+01 +6.601760738e+01 +8.807607376e+00 +8.807607376e+00 +3.7163e-01 +2.1584e-01
9 +1.292030557e+01 +1.292030557e+01 -4.428969443e+01 -4.428969443e+01 +5.4632e+00 -3.5443e+00
26 +2.284511778e+00 +2.284511778e+00 -5.492548822e+01 -5.492548822e+01 +5.0223e+00 -1.5344e+00
81 +3.308298507e-01 +3.308298507e-01 -5.687917015e+01 -5.687917015e+01 +9.4561e-01 -1.4479e+00
323 +2.257702921e-01 +2.257702921e-01 -5.698422971e+01 -5.698422971e+01 -4.1643e+00 +1.5723e+00
325 +6.757497141e-02 +6.757497141e-02 -5.714242503e+01 -5.714242503e+01 -4.3682e+00 +1.7612e+00
364 +3.251366606e-02 +3.251366606e-02 -5.717748633e+01 -5.717748633e+01 -4.3495e+00 +1.7354e+00
401 +2.783812727e-02 +2.783812727e-02 -5.718216187e+01 -5.718216187e+01 -4.3091e+00 +1.6929e+00
403 +1.076878275e-02 +1.076878275e-02 -5.719923122e+01 -5.719923122e+01 -4.3093e+00 +1.6954e+00
404 +4.194811706e-03 +4.194811706e-03 -5.720580519e+01 -5.720580519e+01 -4.2987e+00 +1.6914e+00
433 +2.637406083e-03 +2.637406083e-03 -5.720736259e+01 -5.720736259e+01 -4.3170e+00 +1.7056e+00
472 +1.698790929e-03 +1.698790929e-03 -5.720830121e+01 -5.720830121e+01 -4.3156e+00 +1.7047e+00
482 +1.507540372e-03 +1.507540372e-03 -5.720849246e+01 -5.720849246e+01 -4.3163e+00 +1.7043e+00
499 +1.398255429e-03 +1.398255429e-03 -5.720860174e+01 -5.720860174e+01 -4.3131e+00 +1.7017e+00
500 +9.596961575e-04 +9.596961575e-04 -5.720904030e+01 -5.720904030e+01 -4.3140e+00 +1.7028e+00
503 +4.453111053e-04 +4.453111053e-04 -5.720955469e+01 -5.720955469e+01 -4.3097e+00 +1.6992e+00
528 +1.638937522e-04 +1.638937522e-04 -5.720983611e+01 -5.720983611e+01 -4.3100e+00 +1.6999e+00
543 +1.499347041e-04 +1.499347041e-04 -5.720985007e+01 -5.720985007e+01 -4.3100e+00 +1.6996e+00
565 +7.045664652e-05 +7.045664652e-05 -5.720992954e+01 -5.720992954e+01 -4.3079e+00 +1.6979e+00
573 +6.378434647e-05 +6.378434647e-05 -5.720993622e+01 -5.720993622e+01 -4.3073e+00 +1.6976e+00
581 +4.075409397e-05 +4.075409397e-05 -5.720995925e+01 -5.720995925e+01 -4.3079e+00 +1.6980e+00
586 +1.320054373e-05 +1.320054373e-05 -5.720998680e+01 -5.720998680e+01 -4.3086e+00 +1.6987e+00
596 +6.009634745e-06 +6.009634745e-06 -5.720999399e+01 -5.720999399e+01 -4.3083e+00 +1.6985e+00
609 +3.711846382e-06 +3.711846382e-06 -5.720999629e+01 -5.720999629e+01 -4.3084e+00 +1.6985e+00
618 +3.140281990e-08 +3.140281990e-08 -5.720999997e+01 -5.720999997e+01 -4.3083e+00 +1.6984e+00
624 +1.594939647e-08 +1.594939647e-08 -5.720999998e+01 -5.720999998e+01 -4.3082e+00 +1.6984e+00
706 +2.528679488e-10 +2.528679488e-10 -5.721000000e+01 -5.721000000e+01 -4.3083e+00 +1.6984e+00
853 +0.000000000e+00 +0.000000000e+00 -5.721000000e+01 -5.721000000e+01 -4.3083e+00 +1.6984e+00
% function evaluation | noise-free fitness - Fopt (-1.000000000000e+03) | best noise-free fitness - Fopt | measured fitness | best measured fitness | x1 | x2...
1 +2.764021458e+01 +2.764021458e+01 -9.723597854e+02 -9.723597854e+02 +0.0000e+00 +0.0000e+00
3 +2.589552126e+01 +2.589552126e+01 -9.741044787e+02 -9.741044787e+02 +5.9156e-01 -6.4612e-02
16 +1.552107695e+01 +1.552107695e+01 -9.844789231e+02 -9.844789231e+02 +1.2310e+00 -9.9809e-01
19 +8.553931677e+00 +8.553931677e+00 -9.914460683e+02 -9.914460683e+02 -1.3364e+00 -2.4213e+00
58 +4.891093850e+00 +4.891093850e+00 -9.951089061e+02 -9.951089061e+02 +9.0656e-01 -5.2386e+00
69 +1.635257596e+00 +1.635257596e+00 -9.983647424e+02 -9.983647424e+02 +7.2249e-01 -5.1899e+00
173 +5.695145303e-01 +5.695145303e-01 -9.994304855e+02 -9.994304855e+02 +7.2454e-01 -5.0532e+00
195 +4.440872696e-01 +4.440872696e-01 -9.995559127e+02 -9.995559127e+02 +8.3334e-01 -5.2573e+00
200 +3.291250160e-01 +3.291250160e-01 -9.996708750e+02 -9.996708750e+02 +7.3236e-01 -5.0954e+00
266 +2.874724530e-01 +2.874724530e-01 -9.997125275e+02 -9.997125275e+02 +7.3401e-01 -5.1222e+00
320 +2.247178721e-01 +2.247178721e-01 -9.997752821e+02 -9.997752821e+02 +6.9782e-01 -5.0224e+00
364 +2.014802064e-01 +2.014802064e-01 -9.997985198e+02 -9.997985198e+02 +7.7245e-01 -5.1730e+00
376 +1.851656731e-01 +1.851656731e-01 -9.998148343e+02 -9.998148343e+02 +7.6161e-01 -5.1497e+00
60835 +6.533549133e-03 +6.533549133e-03 -9.999934665e+02 -9.999934665e+02 -3.4334e+00 -3.8801e-01
61091 +6.171451213e-03 +6.171451213e-03 -9.999938285e+02 -9.999938285e+02 -3.4353e+00 -3.7479e-01
61105 +5.293172123e-03 +5.293172123e-03 -9.999947068e+02 -9.999947068e+02 -3.4352e+00 -3.7687e-01
61130 +1.601917993e-03 +1.601917993e-03 -9.999983981e+02 -9.999983981e+02 -3.4319e+00 -3.8953e-01
61137 +1.112614902e-03 +1.112614902e-03 -9.999988874e+02 -9.999988874e+02 -3.4300e+00 -3.9402e-01
61148 +3.381292968e-04 +3.381292968e-04 -9.999996619e+02 -9.999996619e+02 -3.4264e+00 -3.9912e-01
61188 +9.989892419e-05 +9.989892419e-05 -9.999999001e+02 -9.999999001e+02 -3.4270e+00 -3.9676e-01
61206 +5.569439645e-05 +5.569439645e-05 -9.999999443e+02 -9.999999443e+02 -3.4273e+00 -3.9637e-01
61213 +1.614309815e-05 +1.614309815e-05 -9.999999839e+02 -9.999999839e+02 -3.4275e+00 -3.9615e-01
61240 +6.445613622e-06 +6.445613622e-06 -9.999999936e+02 -9.999999936e+02 -3.4272e+00 -3.9656e-01
61256 +1.964229341e-06 +1.964229341e-06 -9.999999980e+02 -9.999999980e+02 -3.4272e+00 -3.9680e-01
61287 +4.176737320e-07 +4.176737320e-07 -9.999999996e+02 -9.999999996e+02 -3.4272e+00 -3.9671e-01
61320 +2.169820164e-07 +2.169820164e-07 -9.999999998e+02 -9.999999998e+02 -3.4272e+00 -3.9674e-01
61445 +1.357119572e-07 +1.357119572e-07 -9.999999999e+02 -9.999999999e+02 -3.4272e+00 -3.9671e-01
61455 +1.117872444e-07 +1.117872444e-07 -9.999999999e+02 -9.999999999e+02 -3.4272e+00 -3.9671e-01
61483 +1.465161859e-08 +1.465161859e-08 -1.000000000e+03 -1.000000000e+03 -3.4272e+00 -3.9675e-01
61514 +1.778062142e-09 +1.778062142e-09 -1.000000000e+03 -1.000000000e+03 -3.4272e+00 -3.9679e-01
61744 +0.000000000e+00 +0.000000000e+00 -1.000000000e+03 -1.000000000e+03 -3.4272e+00 -3.9680e-01
% function evaluation | noise-free fitness - Fopt (-6.554000000000e+01) | best noise-free fitness - Fopt | measured fitness | best measured fitness | x1 | x2...
1 +2.734228213e+02 +2.734228213e+02 +2.078828213e+02 +2.078828213e+02 +0.0000e+00 +0.0000e+00
2 +7.793867490e+01 +7.793867490e+01 +1.239867490e+01 +1.239867490e+01 -5.1534e-01 -6.5805e-01
5 +4.710017881e+01 +4.710017881e+01 -1.843982119e+01 -1.843982119e+01 -2.3587e+00 +1.5181e+00
10 +2.981504975e+01 +2.981504975e+01 -3.572495025e+01 -3.572495025e+01 +1.1387e+00 -1.3973e+00
13 +1.668475246e+01 +1.668475246e+01 -4.885524754e+01 -4.885524754e+01 +3.5598e+00 -4.5479e+00
34 +5.746020704e+00 +5.746020704e+00 -5.979397930e+01 -5.979397930e+01 -9.0967e-01 -2.1587e+00
65 +2.410050393e+00 +2.410050393e+00 -6.312994961e+01 -6.312994961e+01 -2.1943e+00 -2.7672e+00
145 +2.973787271e-01 +2.973787271e-01 -6.524262127e+01 -6.524262127e+01 -3.2923e-01 -5.0898e+00
248 +1.405156967e-01 +1.405156967e-01 -6.539948430e+01 -6.539948430e+01 -3.6766e-01 -5.0925e+00
338 +1.377282677e-01 +1.377282677e-01 -6.540227173e+01 -6.540227173e+01 -3.2451e-01 -5.0769e+00
354 +9.544798775e-02 +9.544798775e-02 -6.544455201e+01 -6.544455201e+01 -3.5991e-01 -5.0923e+00
396 +8.031489053e-02 +8.031489053e-02 -6.545968511e+01 -6.545968511e+01 -3.0143e-01 -5.0707e+00
400 +6.395956208e-02 +6.395956208e-02 -6.547604044e+01 -6.547604044e+01 -3.1831e-01 -5.0787e+00
428 +6.283891558e-02 +6.283891558e-02 -6.547716108e+01 -6.547716108e+01 -3.1464e-01 -5.0774e+00
445 +5.544981944e-02 +5.544981944e-02 -6.548455018e+01 -6.548455018e+01 -3.0514e-01 -5.0738e+00
450 +5.227888718e-02 +5.227888718e-02 -6.548772111e+01 -6.548772111e+01 -3.0896e-01 -5.0750e+00
477 +4.771070062e-02 +4.771070062e-02 -6.549228930e+01 -6.549228930e+01 -3.0632e-01 -5.0740e+00
560 +4.538858989e-02 +4.538858989e-02 -6.549461141e+01 -6.549461141e+01 -3.0724e-01 -5.0745e+00
570 +4.390899413e-02 +4.390899413e-02 -6.549609101e+01 -6.549609101e+01 -3.0746e-01 -5.0745e+00
640 +4.356444118e-02 +4.356444118e-02 -6.549643556e+01 -6.549643556e+01 -3.0734e-01 -5.0745e+00
30787 +1.510179050e-03 +1.510179050e-03 -6.553848982e+01 -6.553848982e+01 -2.9415e+00 -1.0014e+00
30934 +2.237679945e-04 +2.237679945e-04 -6.553977623e+01 -6.553977623e+01 -2.9319e+00 -9.9492e-01
30979 +1.081396618e-04 +1.081396618e-04 -6.553989186e+01 -6.553989186e+01 -2.9329e+00 -9.9483e-01
30986 +4.907035725e-05 +4.907035725e-05 -6.553995093e+01 -6.553995093e+01 -2.9328e+00 -9.9538e-01
31002 +3.828314036e-06 +3.828314036e-06 -6.553999617e+01 -6.553999617e+01 -2.9333e+00 -9.9540e-01
31084 +2.196580226e-06 +2.196580226e-06 -6.553999780e+01 -6.553999780e+01 -2.9331e+00 -9.9530e-01
31087 +6.320040313e-08 +6.320040313e-08 -6.553999994e+01 -6.553999994e+01 -2.9330e+00 -9.9513e-01
31239 +1.149496143e-08 +1.149496143e-08 -6.553999999e+01 -6.553999999e+01 -2.9329e+00 -9.9511e-01
31243 +5.088196531e-10 +5.088196531e-10 -6.554000000e+01 -6.554000000e+01 -2.9330e+00 -9.9514e-01
31357 +0.000000000e+00 +0.000000000e+00 -6.554000000e+01 -6.554000000e+01 -2.9330e+00 -9.9514e-01
% function evaluation | noise-free fitness - Fopt (-2.375000000000e+01) | best noise-free fitness - Fopt | measured fitness | best measured fitness | x1 | x2...
1 +2.711322325e+02 +2.711322325e+02 +2.473822325e+02 +2.473822325e+02 +0.0000e+00 +0.0000e+00
2 +2.522596258e+00 +2.522596258e+00 -2.122740374e+01 -2.122740374e+01 -1.5254e+00 +2.4429e-01
224 +1.919714870e+00 +1.919714870e+00 -2.183028513e+01 -2.183028513e+01 -5.4958e+00 -1.5202e+00
263 +1.622534379e+00 +1.622534379e+00 -2.212746562e+01 -2.212746562e+01 -5.5520e+00 -1.1436e+00
269 +1.559553430e+00 +1.559553430e+00 -2.219044657e+01 -2.219044657e+01 -5.5434e+00 -1.2292e+00
283 +1.541297964e+00 +1.541297964e+00 -2.220870204e+01 -2.220870204e+01 -5.5390e+00 -1.2381e+00
294 +1.503635721e+00 +1.503635721e+00 -2.224636428e+01 -2.224636428e+01 -5.5303e+00 -1.2357e+00
313 +1.438341020e+00 +1.438341020e+00 -2.231165898e+01 -2.231165898e+01 -5.5287e+00 -1.2449e+00
30285 +6.360378047e-01 +6.360378047e-01 -2.311396220e+01 -2.311396220e+01 +7.9171e-01 -4.8259e+00
30309 +5.269027786e-01 +5.269027786e-01 -2.322309722e+01 -2.322309722e+01 +8.2839e-01 -4.9390e+00
30433 +4.960628680e-01 +4.960628680e-01 -2.325393713e+01 -2.325393713e+01 +8.9391e-01 -5.1914e+00
30434 +2.334348502e-01 +2.334348502e-01 -2.351656515e+01 -2.351656515e+01 +8.8729e-01 -5.0946e+00
30452 +1.315734115e-01 +1.315734115e-01 -2.361842659e+01 -2.361842659e+01 +8.5519e-01 -5.0275e+00
30455 +7.314529577e-02 +7.314529577e-02 -2.367685470e+01 -2.367685470e+01 +8.8101e-01 -5.0916e+00
30478 +6.992177901e-03 +6.992177901e-03 -2.374300782e+01 -2.374300782e+01 +8.6570e-01 -5.0216e+00
30515 +6.286939351e-03 +6.286939351e-03 -2.374371306e+01 -2.374371306e+01 +8.6668e-01 -5.0302e+00
30541 +4.645382114e-03 +4.645382114e-03 -2.374535462e+01 -2.374535462e+01 +8.6544e-01 -5.0175e+00
30564 +4.164020416e-03 +4.164020416e-03 -2.374583598e+01 -2.374583598e+01 +8.6466e-01 -5.0267e+00
30580 +3.183374683e-03 +3.183374683e-03 -2.374681663e+01 -2.374681663e+01 +8.6508e-01 -5.0243e+00
30604 +2.464739029e-03 +2.464739029e-03 -2.374753526e+01 -2.374753526e+01 +8.6387e-01 -5.0210e+00
30612 +1.912831766e-03 +1.912831766e-03 -2.374808717e+01 -2.374808717e+01 +8.6252e-01 -5.0167e+00
30621 +1.790821674e-03 +1.790821674e-03 -2.374820918e+01 -2.374820918e+01 +8.6136e-01 -5.0125e+00
30694 +1.721293413e-03 +1.721293413e-03 -2.374827871e+01 -2.374827871e+01 +8.6261e-01 -5.0169e+00
30912 +1.697355634e-03 +1.697355634e-03 -2.374830264e+01 -2.374830264e+01 +8.6257e-01 -5.0168e+00
185750 +1.374375981e-03 +1.374375981e-03 -2.374862562e+01 -2.374862562e+01 +8.6152e-01 -5.0129e+00
185947 +1.335267539e-03 +1.335267539e-03 -2.374866473e+01 -2.374866473e+01 +8.6157e-01 -5.0132e+00
185955 +1.248275542e-03 +1.248275542e-03 -2.374875172e+01 -2.374875172e+01 +8.6155e-01 -5.0131e+00
186005 +1.218907380e-03 +1.218907380e-03 -2.374878109e+01 -2.374878109e+01 +8.6155e-01 -5.0131e+00
% function evaluation | noise-free fitness - Fopt (3.513000000000e+01) | best noise-free fitness - Fopt | measured fitness | best measured fitness | x1 | x2...
1 +4.176014743e+01 +4.176014743e+01 +7.689014743e+01 +7.689014743e+01 +0.0000e+00 +0.0000e+00
2 +1.852812053e+01 +1.852812053e+01 +5.365812053e+01 +5.365812053e+01 -4.9103e-01 -4.1227e-01
3 +1.196711463e+01 +1.196711463e+01 +4.709711463e+01 +4.709711463e+01 -3.6910e+00 +8.8052e-02
4 +1.627748708e+00 +1.627748708e+00 +3.675774871e+01 +3.675774871e+01 -1.5787e+00 -1.3522e-01
15 +3.555413495e-01 +3.555413495e-01 +3.548554135e+01 +3.548554135e+01 -1.0832e+00 -7.1377e-01
70 +1.319032070e-01 +1.319032070e-01 +3.526190321e+01 +3.526190321e+01 -8.7364e-01 +4.9241e-01
276 +5.678152732e-02 +5.678152732e-02 +3.518678153e+01 +3.518678153e+01 -1.1042e+00 -7.4198e-01
340 +2.864242982e-02 +2.864242982e-02 +3.515864243e+01 +3.515864243e+01 -1.0959e+00 -7.3718e-01
342 +1.079157962e-03 +1.079157962e-03 +3.513107916e+01 +3.513107916e+01 -1.1354e+00 -7.4805e-01
436 +3.329230869e-04 +3.329230869e-04 +3.513033292e+01 +3.513033292e+01 -1.1234e+00 -7.4434e-01
437 +2.072916769e-04 +2.072916769e-04 +3.513020729e+01 +3.513020729e+01 -1.1292e+00 -7.4579e-01
457 +3.530759935e-05 +3.530759935e-05 +3.513003531e+01 +3.513003531e+01 -1.1271e+00 -7.4507e-01
500 +8.434033575e-06 +8.434033575e-06 +3.513000843e+01 +3.513000843e+01 -1.1270e+00 -7.4526e-01
512 +5.973069463e-06 +5.973069463e-06 +3.513000597e+01 +3.513000597e+01 -1.1276e+00 -7.4557e-01
569 +2.190111736e-06 +2.190111736e-06 +3.513000219e+01 +3.513000219e+01 -1.1270e+00 -7.4538e-01
574 +4.802545703e-07 +4.802545703e-07 +3.513000048e+01 +3.513000048e+01 -1.1270e+00 -7.4532e-01
598 +1.467065971e-07 +1.467065971e-07 +3.513000015e+01 +3.513000015e+01 -1.1274e+00 -7.4548e-01
638 +1.252202964e-08 +1.252202964e-08 +3.513000001e+01 +3.513000001e+01 -1.1273e+00 -7.4543e-01
683 +7.339231445e-09 +7.339231445e-09 +3.513000001e+01 +3.513000001e+01 -1.1272e+00 -7.4541e-01
914 +0.000000000e+00 +0.000000000e+00 +3.513000000e+01 +3.513000000e+01 -1.1272e+00 -7.4541e-01
% function evaluation | noise-free fitness - Fopt (-7.982000000000e+01) | best noise-free fitness - Fopt | measured fitness | best measured fitness | x1 | x2...
1 +1.723557012e+01 +1.723557012e+01 -6.258442988e+01 -6.258442988e+01 +0.0000e+00 +0.0000e+00
2 +9.165049585e+00 +9.165049585e+00 -7.065495041e+01 -7.065495041e+01 -8.9059e-01 +1.6573e-01
28 +1.823598144e+00 +1.823598144e+00 -7.799640186e+01 -7.799640186e+01 -1.9520e+00 +1.8821e-01
249 +1.722751149e+00 +1.722751149e+00 -7.809724885e+01 -7.809724885e+01 -3.5234e+00 +2.1554e+00
296 +8.781537687e-01 +8.781537687e-01 -7.894184623e+01 -7.894184623e+01 -1.2267e+00 +1.2451e-01
303 +4.880640910e-01 +4.880640910e-01 -7.933193591e+01 -7.933193591e+01 -8.2572e-01 +9.0102e-02
336 +1.713921536e-01 +1.713921536e-01 -7.964860785e+01 -7.964860785e+01 +2.2366e+00 +1.8199e+00
644 +6.223859484e-02 +6.223859484e-02 -7.975776141e+01 -7.975776141e+01 +4.1984e+00 -4.1115e+00
645 +7.299021774e-04 +7.299021774e-04 -7.981927010e+01 -7.981927010e+01 +4.2234e+00 -4.1196e+00
723 +4.226373410e-04 +4.226373410e-04 -7.981957736e+01 -7.981957736e+01 +4.2167e+00 -4.1204e+00
738 +4.166358681e-04 +4.166358681e-04 -7.981958336e+01 -7.981958336e+01 +4.2126e+00 -4.1194e+00
771 +9.782512336e-05 +9.782512336e-05 -7.981990217e+01 -7.981990217e+01 +4.2145e+00 -4.1196e+00
775 +2.186133278e-05 +2.186133278e-05 -7.981997814e+01 -7.981997814e+01 +4.2167e+00 -4.1198e+00
809 +1.271763118e-05 +1.271763118e-05 -7.981998728e+01 -7.981998728e+01 +4.2158e+00 -4.1199e+00
872 +6.830546312e-06 +6.830546312e-06 -7.981999317e+01 -7.981999317e+01 +4.2163e+00 -4.1198e+00
890 +1.581113978e-06 +1.581113978e-06 -7.981999842e+01 -7.981999842e+01 +4.2163e+00 -4.1198e+00
900 +1.268705972e-06 +1.268705972e-06 -7.981999873e+01 -7.981999873e+01 +4.2166e+00 -4.1199e+00
906 +1.753162309e-07 +1.753162309e-07 -7.981999982e+01 -7.981999982e+01 +4.2165e+00 -4.1199e+00
943 +5.849196327e-08 +5.849196327e-08 -7.981999994e+01 -7.981999994e+01 +4.2164e+00 -4.1199e+00
964 +3.134587701e-09 +3.134587701e-09 -7.982000000e+01 -7.982000000e+01 +4.2164e+00 -4.1199e+00
1066 +0.000000000e+00 +0.000000000e+00 -7.982000000e+01 -7.982000000e+01 +4.2165e+00 -4.1199e+00
% function evaluation | noise-free fitness - Fopt (1.925800000000e+02) | best noise-free fitness - Fopt | measured fitness | best measured fitness | x1 | x2...
1 +3.370222876e+01 +3.370222876e+01 +2.262822288e+02 +2.262822288e+02 +0.0000e+00 +0.0000e+00
2 +3.004029108e+01 +3.004029108e+01 +2.226202911e+02 +2.226202911e+02 -7.4198e-01 +1.0086e+00
21 +2.843934827e+01 +2.843934827e+01 +2.210193483e+02 +2.210193483e+02 -2.3267e+00 -4.0026e-01
26 +2.512790935e+01 +2.512790935e+01 +2.177079094e+02 +2.177079094e+02 -2.4023e+00 -6.9374e-01
36 +1.473942865e+01 +1.473942865e+01 +2.073194287e+02 +2.073194287e+02 -2.3732e+00 -1.5160e+00
38 +4.971337066e-02 +4.971337066e-02 +1.926297134e+02 +1.926297134e+02 -3.4017e+00 -2.1197e+00
30854 +3.929555043e-02 +3.929555043e-02 +1.926192956e+02 +1.926192956e+02 -4.4802e-01 +1.5196e+00
30888 +3.101606665e-02 +3.101606665e-02 +1.926110161e+02 +1.926110161e+02 -4.5246e-01 +1.5458e+00
30893 +6.661207177e-03 +6.661207177e-03 +1.925866612e+02 +1.925866612e+02 -4.5169e-01 +1.5503e+00
30899 +6.358211262e-03 +6.358211262e-03 +1.925863582e+02 +1.925863582e+02 -4.5308e-01 +1.5127e+00
30938 +5.009318815e-03 +5.009318815e-03 +1.925850093e+02 +1.925850093e+02 -4.5126e-01 +1.5343e+00
30983 +4.526652570e-03 +4.526652570e-03 +1.925845267e+02 +1.925845267e+02 -4.5141e-01 +1.5295e+00
30995 +4.182079890e-03 +4.182079890e-03 +1.925841821e+02 +1.925841821e+02 -4.5164e-01 +1.5329e+00
31023 +3.296854828e-03 +3.296854828e-03 +1.925832969e+02 +1.925832969e+02 -4.5173e-01 +1.5299e+00
31045 +3.117050587e-03 +3.117050587e-03 +1.925831171e+02 +1.925831171e+02 -4.5174e-01 +1.5293e+00
31057 +2.954278163e-03 +2.954278163e-03 +1.925829543e+02 +1.925829543e+02 -4.5170e-01 +1.5307e+00
31061 +2.667804359e-03 +2.667804359e-03 +1.925826678e+02 +1.925826678e+02 -4.5168e-01 +1.5299e+00
31074 +2.568699316e-03 +2.568699316e-03 +1.925825687e+02 +1.925825687e+02 -4.5166e-01 +1.5301e+00
31075 +2.480240093e-03 +2.480240093e-03 +1.925824802e+02 +1.925824802e+02 -4.5167e-01 +1.5301e+00
31083 +2.426749050e-03 +2.426749050e-03 +1.925824267e+02 +1.925824267e+02 -4.5167e-01 +1.5305e+00
31088 +2.327666803e-03 +2.327666803e-03 +1.925823277e+02 +1.925823277e+02 -4.5165e-01 +1.5304e+00
31100 +2.118214558e-03 +2.118214558e-03 +1.925821182e+02 +1.925821182e+02 -4.5165e-01 +1.5305e+00
31129 +2.027623710e-03 +2.027623710e-03 +1.925820276e+02 +1.925820276e+02 -4.5165e-01 +1.5305e+00
31168 +1.941365638e-03 +1.941365638e-03 +1.925819414e+02 +1.925819414e+02 -4.5165e-01 +1.5306e+00
92157 +2.132563112e-04 +2.132563112e-04 +1.925802133e+02 +1.925802133e+02 -4.4946e-01 +1.5687e+00
92307 +1.831182462e-04 +1.831182462e-04 +1.925801831e+02 +1.925801831e+02 -4.4942e-01 +1.5638e+00
92315 +1.310511093e-04 +1.310511093e-04 +1.925801311e+02 +1.925801311e+02 -4.4939e-01 +1.5641e+00
92334 +9.827931950e-05 +9.827931950e-05 +1.925800983e+02 +1.925800983e+02 -4.4966e-01 +1.5623e+00
92431 +7.146036808e-05 +7.146036808e-05 +1.925800715e+02 +1.925800715e+02 -4.4969e-01 +1.5614e+00
92467 +6.136403235e-05 +6.136403235e-05 +1.925800614e+02 +1.925800614e+02 -4.4968e-01 +1.5616e+00
92555 +5.960726574e-05 +5.960726574e-05 +1.925800596e+02 +1.925800596e+02 -4.4968e-01 +1.5616e+00
92596 +5.808722500e-05 +5.808722500e-05 +1.925800581e+02 +1.925800581e+02 -4.4968e-01 +1.5615e+00
92609 +5.609798231e-05 +5.609798231e-05 +1.925800561e+02 +1.925800561e+02 -4.4968e-01 +1.5615e+00
% function evaluation | noise-free fitness - Fopt (-2.684800000000e+02) | best noise-free fitness - Fopt | measured fitness | best measured fitness | x1 | x2...
1 +9.047066618e+01 +9.047066618e+01 -1.780093338e+02 -1.780093338e+02 +0.0000e+00 +0.0000e+00
5 +7.615267507e+01 +7.615267507e+01 -1.923273249e+02 -1.923273249e+02 -1.0701e-02 +2.7253e-01
7 +6.636149504e+01 +6.636149504e+01 -2.021185050e+02 -2.021185050e+02 -1.0018e+00 +1.6467e+00
8 +6.350405097e+01 +6.350405097e+01 -2.049759490e+02 -2.049759490e+02 -1.2178e+00 +8.5554e-01
12 +1.323390361e+01 +1.323390361e+01 -2.552460964e+02 -2.552460964e+02 -1.9023e+00 +2.2272e+00
18 +1.236931863e+01 +1.236931863e+01 -2.561106814e+02 -2.561106814e+02 -1.4023e-01 -4.0907e-01
38 +5.814945784e+00 +5.814945784e+00 -2.626650542e+02 -2.626650542e+02 -3.3901e-03 -1.6965e+00
50 +3.166261119e-01 +3.166261119e-01 -2.681633739e+02 -2.681633739e+02 +1.1685e+00 -2.8516e+00
31299 +1.307486282e-01 +1.307486282e-01 -2.683492514e+02 -2.683492514e+02 -3.2474e+00 +3.2703e+00
31305 +7.271458540e-02 +7.271458540e-02 -2.684072854e+02 -2.684072854e+02 -3.2553e+00 +3.2958e+00
31325 +2.997830588e-02 +2.997830588e-02 -2.684500217e+02 -2.684500217e+02 -3.2627e+00 +3.2843e+00
31338 +6.521703017e-03 +6.521703017e-03 -2.684734783e+02 -2.684734783e+02 -3.2712e+00 +3.3229e+00
31348 +3.743832645e-03 +3.743832645e-03 -2.684762562e+02 -2.684762562e+02 -3.2763e+00 +3.3432e+00
31358 +1.431592388e-03 +1.431592388e-03 -2.684785684e+02 -2.684785684e+02 -3.2775e+00 +3.3439e+00
31528 +1.325230463e-03 +1.325230463e-03 -2.684786748e+02 -2.684786748e+02 -3.2720e+00 +3.3118e+00
31553 +2.583150098e-05 +2.583150098e-05 -2.684799742e+02 -2.684799742e+02 -3.2753e+00 +3.3298e+00
31603 +2.938817545e-06 +2.938817545e-06 -2.684799971e+02 -2.684799971e+02 -3.2749e+00 +3.3284e+00
31657 +1.088864394e-06 +1.088864394e-06 -2.684799989e+02 -2.684799989e+02 -3.2750e+00 +3.3285e+00
31691 +9.403448757e-07 +9.403448757e-07 -2.684799991e+02 -2.684799991e+02 -3.2750e+00 +3.3287e+00
31694 +1.438634172e-07 +1.438634172e-07 -2.684799999e+02 -2.684799999e+02 -3.2750e+00 +3.3289e+00
31726 +1.199396138e-11 +1.199396138e-11 -2.684800000e+02 -2.684800000e+02 -3.2750e+00 +3.3289e+00
31867 +0.000000000e+00 +0.000000000e+00 -2.684800000e+02 -2.684800000e+02 -3.2750e+00 +3.3289e+00
% function evaluation | noise-free fitness - Fopt (-1.000000000000e+03) | best noise-free fitness - Fopt | measured fitness | best measured fitness | x1 | x2...
1 +5.327739641e+01 +5.327739641e+01 -9.467226036e+02 -9.467226036e+02 +0.0000e+00 +0.0000e+00
3 +2.454247823e+01 +2.454247823e+01 -9.754575218e+02 -9.754575218e+02 +3.8519e-01 -1.1213e-01
8 +6.322562161e-01 +6.322562161e-01 -9.993677438e+02 -9.993677438e+02 -3.2495e+00 +2.0614e-01
52 +2.255773288e-01 +2.255773288e-01 -9.997744227e+02 -9.997744227e+02 -3.6530e+00 +3.4043e-01
70 +1.535513257e-01 +1.535513257e-01 -9.998464487e+02 -9.998464487e+02 -3.6383e+00 +3.4278e-01
85 +1.576431568e-02 +1.576431568e-02 -9.999842357e+02 -9.999842357e+02 -3.5208e+00 +3.2020e-01
194 +1.530823096e-02 +1.530823096e-02 -9.999846918e+02 -9.999846918e+02 -3.5220e+00 +3.1363e-01
211 +1.379112961e-02 +1.379112961e-02 -9.999862089e+02 -9.999862089e+02 -3.5148e+00 +3.1133e-01
216 +1.330225255e-03 +1.330225255e-03 -9.999986698e+02 -9.999986698e+02 -3.5436e+00 +3.2530e-01
356 +2.017922735e-04 +2.017922735e-04 -9.999997982e+02 -9.999997982e+02 -3.5380e+00 +3.2197e-01
426 +1.643227782e-04 +1.643227782e-04 -9.999998357e+02 -9.999998357e+02 -3.5328e+00 +3.2073e-01
471 +9.484269833e-05 +9.484269833e-05 -9.999999052e+02 -9.999999052e+02 -3.5336e+00 +3.2094e-01
487 +1.652002447e-05 +1.652002447e-05 -9.999999835e+02 -9.999999835e+02 -3.5344e+00 +3.2147e-01
540 +1.551406331e-05 +1.551406331e-05 -9.999999845e+02 -9.999999845e+02 -3.5351e+00 +3.2149e-01
545 +2.016846565e-07 +2.016846565e-07 -9.999999998e+02 -9.999999998e+02 -3.5353e+00 +3.2163e-01
727 +0.000000000e+00 +0.000000000e+00 -1.000000000e+03 -1.000000000e+03 -3.5352e+00 +3.2160e-01
% function evaluation | noise-free fitness - Fopt (-1.388000000000e+01) | best noise-free fitness - Fopt | measured fitness | best measured fitness | x1 | x2...
1 +8.372143730e+01 +8.372143730e+01 +6.984143730e+01 +6.984143730e+01 +0.0000e+00 +0.0000e+00
2 +5.848257780e+01 +5.848257780e+01 +4.460257780e+01 +4.460257780e+01 -3.7888e+00 -4.5458e+00
4 +2.804090398e+01 +2.804090398e+01 +1.416090398e+01 +1.416090398e+01 +3.1495e+00 +1.6266e+00
12 +8.324242340e+00 +8.324242340e+00 -5.555757660e+00 -5.555757660e+00 +1.6154e+00 +1.8544e+00
46 +2.082913325e+00 +2.082913325e+00 -1.179708668e+01 -1.179708668e+01 +1.7452e+00 +1.6371e+00
68 +7.927971586e-01 +7.927971586e-01 -1.308720284e+01 -1.308720284e+01 +1.6965e+00 +1.5225e+00
32327 +3.285825622e-01 +3.285825622e-01 -1.355141744e+01 -1.355141744e+01 -2.0210e+00 +4.2061e+00
32336 +1.938761769e-01 +1.938761769e-01 -1.368612382e+01 -1.368612382e+01 -2.0202e+00 +4.2918e+00
32352 +1.772031919e-01 +1.772031919e-01 -1.370279681e+01 -1.370279681e+01 -2.0353e+00 +4.3145e+00
32422 +1.137275942e-01 +1.137275942e-01 -1.376627241e+01 -1.376627241e+01 -2.0299e+00 +4.2745e+00
32454 +6.972775007e-02 +6.972775007e-02 -1.381027225e+01 -1.381027225e+01 -1.9863e+00 +4.1342e+00
32465 +1.283630774e-02 +1.283630774e-02 -1.386716369e+01 -1.386716369e+01 -2.0047e+00 +4.2190e+00
32472 +1.096141360e-02 +1.096141360e-02 -1.386903859e+01 -1.386903859e+01 -1.9981e+00 +4.1862e+00
32490 +1.718648050e-03 +1.718648050e-03 -1.387828135e+01 -1.387828135e+01 -1.9998e+00 +4.1990e+00
32533 +6.022314692e-04 +6.022314692e-04 -1.387939777e+01 -1.387939777e+01 -2.0049e+00 +4.2122e+00
32558 +5.368036005e-04 +5.368036005e-04 -1.387946320e+01 -1.387946320e+01 -2.0065e+00 +4.2134e+00
32568 +1.244882338e-04 +1.244882338e-04 -1.387987551e+01 -1.387987551e+01 -2.0043e+00 +4.2089e+00
32608 +5.531335515e-05 +5.531335515e-05 -1.387994469e+01 -1.387994469e+01 -2.0032e+00 +4.2055e+00
32649 +3.434686294e-06 +3.434686294e-06 -1.387999657e+01 -1.387999657e+01 -2.0036e+00 +4.2066e+00
32679 +1.366138850e-06 +1.366138850e-06 -1.387999863e+01 -1.387999863e+01 -2.0037e+00 +4.2069e+00
32721 +1.120085225e-06 +1.120085225e-06 -1.387999888e+01 -1.387999888e+01 -2.0037e+00 +4.2069e+00
32729 +5.024308436e-07 +5.024308436e-07 -1.387999950e+01 -1.387999950e+01 -2.0037e+00 +4.2070e+00
32734 +2.382851765e-07 +2.382851765e-07 -1.387999976e+01 -1.387999976e+01 -2.0038e+00 +4.2071e+00
32745 +1.007932280e-07 +1.007932280e-07 -1.387999990e+01 -1.387999990e+01 -2.0038e+00 +4.2071e+00
32761 +7.475291497e-09 +7.475291497e-09 -1.387999999e+01 -1.387999999e+01 -2.0038e+00 +4.2071e+00
32862 +0.000000000e+00 +0.000000000e+00 -1.388000000e+01 -1.388000000e+01 -2.0038e+00 +4.2071e+00
% function evaluation | noise-free fitness - Fopt (-1.240400000000e+02) | best noise-free fitness - Fopt | measured fitness | best measured fitness | x1 | x2...
1 +5.457307114e+01 +5.457307114e+01 -6.946692886e+01 -6.946692886e+01 +0.0000e+00 +0.0000e+00
14 +7.095380036e+00 +7.095380036e+00 -1.169446200e+02 -1.169446200e+02 -6.1501e-02 -2.9401e+00
25 +5.274333313e+00 +5.274333313e+00 -1.187656667e+02 -1.187656667e+02 +1.8013e+00 -2.8115e+00
26 +1.895247781e+00 +1.895247781e+00 -1.221447522e+02 -1.221447522e+02 -2.8953e-02 -2.9934e+00
32 +1.816448112e+00 +1.816448112e+00 -1.222235519e+02 -1.222235519e+02 -6.6057e-01 -2.7387e+00
52 +1.436748758e+00 +1.436748758e+00 -1.226032512e+02 -1.226032512e+02 +4.1098e-02 -3.0427e+00
153 +1.307868984e+00 +1.307868984e+00 -1.227321310e+02 -1.227321310e+02 -5.8319e-01 -2.8832e+00
161 +2.508291138e-01 +2.508291138e-01 -1.237891709e+02 -1.237891709e+02 -3.4713e-01 -2.9546e+00
188 +9.740661988e-02 +9.740661988e-02 -1.239425934e+02 -1.239425934e+02 -5.2292e-01 -2.8742e+00
217 +6.686300843e-02 +6.686300843e-02 -1.239731370e+02 -1.239731370e+02 -4.8381e-01 -2.8948e+00
247 +1.532299582e-02 +1.532299582e-02 -1.240246770e+02 -1.240246770e+02 -5.6363e-01 -2.8388e+00
269 +1.414585248e-02 +1.414585248e-02 -1.240258541e+02 -1.240258541e+02 -5.6154e-01 -2.8432e+00
272 +9.617979478e-03 +9.617979478e-03 -1.240303820e+02 -1.240303820e+02 -5.5015e-01 -2.8533e+00
291 +5.247952120e-03 +5.247952120e-03 -1.240347520e+02 -1.240347520e+02 -5.4873e-01 -2.8492e+00
300 +4.946499692e-03 +4.946499692e-03 -1.240350535e+02 -1.240350535e+02 -5.5470e-01 -2.8472e+00
314 +4.113478820e-03 +4.113478820e-03 -1.240358865e+02 -1.240358865e+02 -5.5095e-01 -2.8479e+00
321 +1.283082330e-03 +1.283082330e-03 -1.240387169e+02 -1.240387169e+02 -5.5315e-01 -2.8478e+00
339 +1.121263879e-03 +1.121263879e-03 -1.240388787e+02 -1.240388787e+02 -5.5144e-01 -2.8489e+00
376 +9.826662381e-04 +9.826662381e-04 -1.240390173e+02 -1.240390173e+02 -5.5072e-01 -2.8493e+00
393 +4.410026191e-04 +4.410026191e-04 -1.240395590e+02 -1.240395590e+02 -5.5242e-01 -2.8483e+00
483 +3.888593879e-04 +3.888593879e-04 -1.240396111e+02 -1.240396111e+02 -5.5028e-01 -2.8498e+00
542 +3.560785944e-04 +3.560785944e-04 -1.240396439e+02 -1.240396439e+02 -5.5014e-01 -2.8499e+00
549 +2.993334887e-04 +2.993334887e-04 -1.240397007e+02 -1.240397007e+02 -5.5009e-01 -2.8499e+00
556 +2.654661254e-04 +2.654661254e-04 -1.240397345e+02 -1.240397345e+02 -5.5011e-01 -2.8499e+00
630 +2.538077763e-04 +2.538077763e-04 -1.240397462e+02 -1.240397462e+02 -5.5009e-01 -2.8499e+00
655 +2.450334533e-04 +2.450334533e-04 -1.240397550e+02 -1.240397550e+02 -5.5011e-01 -2.8499e+00
30151 +7.975431302e-05 +7.975431302e-05 -1.240399202e+02 -1.240399202e+02 -4.7203e+00 +3.6705e+00
30248 +7.492612738e-05 +7.492612738e-05 -1.240399251e+02 -1.240399251e+02 -4.7184e+00 +3.6694e+00
30345 +3.457383340e-05 +3.457383340e-05 -1.240399654e+02 -1.240399654e+02 -4.7163e+00 +3.6687e+00
30372 +2.551746917e-06 +2.551746917e-06 -1.240399974e+02 -1.240399974e+02 -4.7178e+00 +3.6693e+00
30427 +2.433261827e-06 +2.433261827e-06 -1.240399976e+02 -1.240399976e+02 -4.7179e+00 +3.6694e+00
30436 +2.070595144e-07 +2.070595144e-07 -1.240399998e+02 -1.240399998e+02 -4.7177e+00 +3.6693e+00
30477 +1.789236848e-07 +1.789236848e-07 -1.240399998e+02 -1.240399998e+02 -4.7179e+00 +3.6694e+00
30480 +5.652134405e-08 +5.652134405e-08 -1.240399999e+02 -1.240399999e+02 -4.7178e+00 +3.6693e+00
30533 +5.354961274e-08 +5.354961274e-08 -1.240399999e+02 -1.240399999e+02 -4.7178e+00 +3.6693e+00
30534 +1.993718968e-08 +1.993718968e-08 -1.240400000e+02 -1.240400000e+02 -4.7178e+00 +3.6693e+00
30541 +5.684341886e-13 +5.684341886e-13 -1.240400000e+02 -1.240400000e+02 -4.7178e+00 +3.6693e+00
30703 +0.000000000e+00 +0.000000000e+00 -1.240400000e+02 -1.240400000e+02 -4.7177e+00 +3.6693e+00
