% function evaluation | noise-free fitness - Fopt (7.135000000000e+01) | best noise-free fitness - Fopt | measured fitness | best measured fitness | x1 | x2...
1 +1.205674855e+02 +1.205674855e+02 +1.919174855e+02 +1.919174855e+02 +0.0000e+00 +0.0000e+00 +0.0000e+00 +0.0000e+00 +0.0000e+00
4 +5.718422629e+01 +5.718422629e+01 +1.285342263e+02 +1.285342263e+02 +4.3274e+00 -6.0181e+00 +3.5578e+00 +2.9552e+00 -4.7477e+00
11 +4.617868813e+01 +4.617868813e+01 +1.175286881e+02 +1.175286881e+02 +3.7716e+00 -4.3746e+00 +2.3868e+00 +1.7729e+00 -3.5168e+00
18 +2.331032420e+01 +2.331032420e+01 +9.466032420e+01 +9.466032420e+01 +4.3482e+00 -5.1689e+00 +2.4367e+00 +1.7274e-01 -3.1999e+00
37 +1.828006541e+01 +1.828006541e+01 +8.963006541e+01 +8.963006541e+01 +2.3569e+00 -2.1656e+00 +1.3783e+00 -3.7343e-01 -2.1776e+00
74 +1.027328582e+01 +1.027328582e+01 +8.162328582e+01 +8.162328582e+01 +1.6031e+00 -2.3271e+00 +1.1390e+00 +6.7652e-01 -1.8502e+00
189 +8.271666109e+00 +8.271666109e+00 +7.962166611e+01 +7.962166611e+01 +1.5061e+00 -2.7621e+00 +1.2689e+00 +9.6129e-01 -1.3440e+00
292 +8.056678531e+00 +8.056678531e+00 +7.940667853e+01 +7.940667853e+01 +1.6839e+00 -2.8527e+00 +1.3537e+00 +1.3659e+00 -1.3753e+00
332 +7.273772661e+00 +7.273772661e+00 +7.862377266e+01 +7.862377266e+01 +1.4485e+00 -2.7489e+00 +1.3216e+00 +1.1892e+00 -1.4331e+00
344 +6.457885017e+00 +6.457885017e+00 +7.780788502e+01 +7.780788502e+01 +1.4845e+00 -2.7666e+00 +1.3245e+00 +1.1378e+00 -1.3980e+00
392 +5.429882967e+00 +5.429882967e+00 +7.677988297e+01 +7.677988297e+01 +1.4701e+00 -2.7678e+00 +1.2878e+00 +1.2017e+00 -1.4048e+00
426 +5.139357693e+00 +5.139357693e+00 +7.648935769e+01 +7.648935769e+01 +1.4386e+00 -2.7584e+00 +1.2760e+00 +1.2281e+00 -1.3845e+00
470 +4.983231833e+00 +4.983231833e+00 +7.633323183e+01 +7.633323183e+01 +1.4597e+00 -2.7584e+00 +1.2672e+00 +1.1982e+00 -1.4194e+00
473 +4.100458925e+00 +4.100458925e+00 +7.545045892e+01 +7.545045892e+01 +1.4512e+00 -2.7557e+00 +1.2791e+00 +1.1765e+00 -1.4064e+00
674 +3.998082661e+00 +3.998082661e+00 +7.534808266e+01 +7.534808266e+01 +1.4617e+00 -2.7469e+00 +1.2367e+00 +1.1585e+00 -1.4146e+00
680 +3.889253981e+00 +3.889253981e+00 +7.523925398e+01 +7.523925398e+01 +1.4572e+00 -2.7446e+00 +1.2382e+00 +1.1538e+00 -1.4137e+00
700 +3.762256995e+00 +3.762256995e+00 +7.511225699e+01 +7.511225699e+01 +1.4642e+00 -2.7475e+00 +1.2432e+00 +1.1502e+00 -1.4163e+00
705 +3.660618159e+00 +3.660618159e+00 +7.501061816e+01 +7.501061816e+01 +1.4627e+00 -2.7466e+00 +1.2378e+00 +1.1543e+00 -1.4175e+00
715 +3.608549598e+00 +3.608549598e+00 +7.495854960e+01 +7.495854960e+01 +1.4636e+00 -2.7448e+00 +1.2350e+00 +1.1517e+00 -1.4180e+00
717 +3.527777657e+00 +3.527777657e+00 +7.487777766e+01 +7.487777766e+01 +1.4684e+00 -2.7462e+00 +1.2363e+00 +1.1473e+00 -1.4190e+00
761 +3.402629786e+00 +3.402629786e+00 +7.475262979e+01 +7.475262979e+01 +1.4657e+00 -2.7457e+00 +1.2370e+00 +1.1509e+00 -1.4191e+00
762 +3.254882287e+00 +3.254882287e+00 +7.460488229e+01 +7.460488229e+01 +1.4658e+00 -2.7458e+00 +1.2363e+00 +1.1497e+00 -1.4198e+00
816 +3.231296834e+00 +3.231296834e+00 +7.458129683e+01 +7.458129683e+01 +1.4664e+00 -2.7455e+00 +1.2362e+00 +1.1496e+00 -1.4201e+00
1003 +3.153534299e+00 +3.153534299e+00 +7.450353430e+01 +7.450353430e+01 +1.4667e+00 -2.7456e+00 +1.2364e+00 +1.1492e+00 -1.4204e+00
113868 +2.850243258e+00 +2.850243258e+00 +7.420024326e+01 +7.420024326e+01 -2.3756e+00 -1.3203e+00 -3.8201e+00 +9.7779e-01 -6.8540e-01
113910 +2.539720099e+00 +2.539720099e+00 +7.388972010e+01 +7.388972010e+01 -2.3784e+00 -1.3123e+00 -3.8434e+00 +9.9059e-01 -7.0039e-01
113922 +2.486742555e+00 +2.486742555e+00 +7.383674255e+01 +7.383674255e+01 -2.3686e+00 -1.3012e+00 -3.8486e+00 +9.7879e-01 -6.9791e-01
113942 +2.267205159e+00 +2.267205159e+00 +7.361720516e+01 +7.361720516e+01 -2.3799e+00 -1.3119e+00 -3.8393e+00 +9.7762e-01 -6.9777e-01
113954 +2.138288157e+00 +2.138288157e+00 +7.348828816e+01 +7.348828816e+01 -2.3719e+00 -1.3148e+00 -3.8478e+00 +9.8969e-01 -6.9805e-01
113959 +2.052518006e+00 +2.052518006e+00 +7.340251801e+01 +7.340251801e+01 -2.3678e+00 -1.3128e+00 -3.8531e+00 +9.8840e-01 -6.9603e-01
114016 +2.037750932e+00 +2.037750932e+00 +7.338775093e+01 +7.338775093e+01 -2.3711e+00 -1.3088e+00 -3.8516e+00 +9.7836e-01 -6.9860e-01
114019 +1.970603695e+00 +1.970603695e+00 +7.332060369e+01 +7.332060369e+01 -2.3667e+00 -1.3130e+00 -3.8493e+00 +9.8097e-01 -6.9951e-01
114154 +1.943546242e+00 +1.943546242e+00 +7.329354624e+01 +7.329354624e+01 -2.3709e+00 -1.3111e+00 -3.8480e+00 +9.7795e-01 -6.9868e-01
114169 +1.855750986e+00 +1.855750986e+00 +7.320575099e+01 +7.320575099e+01 -2.3697e+00 -1.3110e+00 -3.8463e+00 +9.7815e-01 -6.9935e-01
114174 +1.795536134e+00 +1.795536134e+00 +7.314553613e+01 +7.314553613e+01 -2.3692e+00 -1.3103e+00 -3.8467e+00 +9.7715e-01 -6.9999e-01
114267 +1.774281722e+00 +1.774281722e+00 +7.312428172e+01 +7.312428172e+01 -2.3710e+00 -1.3109e+00 -3.8457e+00 +9.7699e-01 -6.9935e-01
114280 +1.722305407e+00 +1.722305407e+00 +7.307230541e+01 +7.307230541e+01 -2.3709e+00 -1.3108e+00 -3.8459e+00 +9.7663e-01 -6.9939e-01
114426 +1.698168824e+00 +1.698168824e+00 +7.304816882e+01 +7.304816882e+01 -2.3708e+00 -1.3109e+00 -3.8460e+00 +9.7673e-01 -6.9943e-01
175260 +9.523803920e-01 +9.523803920e-01 +7.230238039e+01 +7.230238039e+01 -3.5071e+00 -5.1830e+00 +4.9029e+00 -3.5460e+00 +2.0474e-01
175275 +5.678389052e-01 +5.678389052e-01 +7.191783891e+01 +7.191783891e+01 -3.6089e+00 -5.1631e+00 +4.8762e+00 -3.5878e+00 +2.1880e-01
175328 +3.282430308e-01 +3.282430308e-01 +7.167824303e+01 +7.167824303e+01 -3.7202e+00 -5.2237e+00 +4.9345e+00 -3.6403e+00 +2.2378e-01
175335 +2.450107919e-01 +2.450107919e-01 +7.159501079e+01 +7.159501079e+01 -3.6999e+00 -5.2273e+00 +4.9279e+00 -3.6194e+00 +2.4209e-01
175338 +2.119843026e-01 +2.119843026e-01 +7.156198430e+01 +7.156198430e+01 -3.7210e+00 -5.2208e+00 +4.9256e+00 -3.6272e+00 +2.5717e-01
175517 +2.033666152e-01 +2.033666152e-01 +7.155336662e+01 +7.155336662e+01 -3.7470e+00 -5.2275e+00 +4.9551e+00 -3.5484e+00 +2.6672e-01
175533 +1.868275237e-01 +1.868275237e-01 +7.153682752e+01 +7.153682752e+01 -3.7362e+00 -5.2256e+00 +4.9484e+00 -3.5567e+00 +2.6281e-01
175553 +1.834645610e-01 +1.834645610e-01 +7.153346456e+01 +7.153346456e+01 -3.7228e+00 -5.2245e+00 +4.9394e+00 -3.5663e+00 +2.6595e-01
175586 +1.531988761e-01 +1.531988761e-01 +7.150319888e+01 +7.150319888e+01 -3.7488e+00 -5.2277e+00 +4.9623e+00 -3.5990e+00 +2.6956e-01
175611 +1.447469549e-01 +1.447469549e-01 +7.149474695e+01 +7.149474695e+01 -3.7532e+00 -5.2375e+00 +4.9918e+00 -3.5886e+00 +2.7639e-01
175617 +1.425834328e-01 +1.425834328e-01 +7.149258343e+01 +7.149258343e+01 -3.7390e+00 -5.2455e+00 +4.9943e+00 -3.5951e+00 +2.7001e-01
175639 +1.317900283e-01 +1.317900283e-01 +7.148179003e+01 +7.148179003e+01 -3.7371e+00 -5.2419e+00 +4.9925e+00 -3.6000e+00 +2.6539e-01
175765 +1.282221354e-01 +1.282221354e-01 +7.147822214e+01 +7.147822214e+01 -3.7493e+00 -5.2446e+00 +5.0043e+00 -3.5958e+00 +2.7524e-01
175858 +1.257958412e-01 +1.257958412e-01 +7.147579584e+01 +7.147579584e+01 -3.7502e+00 -5.2439e+00 +5.0041e+00 -3.5964e+00 +2.7535e-01
472535 +8.591133818e-02 +8.591133818e-02 +7.143591134e+01 +7.143591134e+01 +4.9220e+00 -4.3074e+00 +1.3663e+00 +1.7260e+00 +9.8074e-01
472548 +7.990774634e-02 +7.990774634e-02 +7.142990775e+01 +7.142990775e+01 +4.9252e+00 -4.3064e+00 +1.3674e+00 +1.7229e+00 +9.7618e-01
472553 +7.628861428e-02 +7.628861428e-02 +7.142628861e+01 +7.142628861e+01 +4.9182e+00 -4.2995e+00 +1.3716e+00 +1.7108e+00 +9.8078e-01
472579 +6.330276015e-02 +6.330276015e-02 +7.141330276e+01 +7.141330276e+01 +4.9153e+00 -4.3075e+00 +1.3835e+00 +1.7011e+00 +9.9274e-01
472599 +5.834884001e-02 +5.834884001e-02 +7.140834884e+01 +7.140834884e+01 +4.9186e+00 -4.3105e+00 +1.3794e+00 +1.7209e+00 +9.9691e-01
472612 +4.555304671e-02 +4.555304671e-02 +7.139555305e+01 +7.139555305e+01 +4.9231e+00 -4.3121e+00 +1.3867e+00 +1.7286e+00 +9.8905e-01
472634 +4.075042484e-02 +4.075042484e-02 +7.139075042e+01 +7.139075042e+01 +4.9210e+00 -4.3087e+00 +1.3753e+00 +1.7215e+00 +9.9208e-01
472672 +3.922633512e-02 +3.922633512e-02 +7.138922634e+01 +7.138922634e+01 +4.9200e+00 -4.3088e+00 +1.3799e+00 +1.7238e+00 +9.8712e-01
472693 +3.873473937e-02 +3.873473937e-02 +7.138873474e+01 +7.138873474e+01 +4.9214e+00 -4.3077e+00 +1.3753e+00 +1.7232e+00 +9.9072e-01
472694 +3.793825725e-02 +3.793825725e-02 +7.138793826e+01 +7.138793826e+01 +4.9204e+00 -4.3074e+00 +1.3778e+00 +1.7226e+00 +9.8616e-01
472709 +3.647799550e-02 +3.647799550e-02 +7.138647800e+01 +7.138647800e+01 +4.9204e+00 -4.3078e+00 +1.3776e+00 +1.7244e+00 +9.8825e-01
472739 +3.343981061e-02 +3.343981061e-02 +7.138343981e+01 +7.138343981e+01 +4.9209e+00 -4.3084e+00 +1.3763e+00 +1.7207e+00 +9.8966e-01
472749 +3.111296328e-02 +3.111296328e-02 +7.138111296e+01 +7.138111296e+01 +4.9212e+00 -4.3089e+00 +1.3757e+00 +1.7226e+00 +9.8942e-01
472791 +3.048294314e-02 +3.048294314e-02 +7.138048294e+01 +7.138048294e+01 +4.9229e+00 -4.3088e+00 +1.3742e+00 +1.7255e+00 +9.8779e-01
472800 +2.999433232e-02 +2.999433232e-02 +7.137999433e+01 +7.137999433e+01 +4.9246e+00 -4.3083e+00 +1.3732e+00 +1.7275e+00 +9.8598e-01
472852 +2.898658959e-02 +2.898658959e-02 +7.137898659e+01 +7.137898659e+01 +4.9243e+00 -4.3086e+00 +1.3726e+00 +1.7257e+00 +9.8657e-01
472863 +2.861145528e-02 +2.861145528e-02 +7.137861146e+01 +7.137861146e+01 +4.9253e+00 -4.3077e+00 +1.3718e+00 +1.7263e+00 +9.8675e-01
472872 +2.807783565e-02 +2.807783565e-02 +7.137807784e+01 +7.137807784e+01 +4.9256e+00 -4.3083e+00 +1.3718e+00 +1.7251e+00 +9.8505e-01
472879 +2.232182192e-02 +2.232182192e-02 +7.137232182e+01 +7.137232182e+01 +4.9252e+00 -4.3074e+00 +1.3708e+00 +1.7245e+00 +9.8570e-01
472927 +2.122016675e-02 +2.122016675e-02 +7.137122017e+01 +7.137122017e+01 +4.9265e+00 -4.3070e+00 +1.3698e+00 +1.7262e+00 +9.8416e-01
473058 +2.081467759e-02 +2.081467759e-02 +7.137081468e+01 +7.137081468e+01 +4.9258e+00 -4.3075e+00 +1.3704e+00 +1.7259e+00 +9.8497e-01
473145 +2.028435000e-02 +2.028435000e-02 +7.137028435e+01 +7.137028435e+01 +4.9256e+00 -4.3076e+00 +1.3706e+00 +1.7260e+00 +9.8513e-01
473266 +1.972239240e-02 +1.972239240e-02 +7.136972239e+01 +7.136972239e+01 +4.9258e+00 -4.3075e+00 +1.3705e+00 +1.7260e+00 +9.8505e-01
473284 +1.946695810e-02 +1.946695810e-02 +7.136946696e+01 +7.136946696e+01 +4.9258e+00 -4.3075e+00 +1.3704e+00 +1.7261e+00 +9.8505e-01
% function evaluation | noise-free fitness - Fopt (-3.552200000000e+02) | best noise-free fitness - Fopt | measured fitness | best measured fitness | x1 | x2...
1 +1.380502722e+02 +1.380502722e+02 -2.171697278e+02 -2.171697278e+02 +0.0000e+00 +0.0000e+00 +0.0000e+00 +0.0000e+00 +0.0000e+00
2 +1.161382507e+02 +1.161382507e+02 -2.390817493e+02 -2.390817493e+02 +1.3721e-02 +1.2175e-01 -1.2378e+00 +1.3113e+00 -9.7989e-01
3 +4.159620123e+01 +4.159620123e+01 -3.136237988e+02 -3.136237988e+02 +2.3073e-01 -2.6334e+00 +2.4128e+00 -3.7578e-01 +1.6986e+00
5 +2.878096549e+01 +2.878096549e+01 -3.264390345e+02 -3.264390345e+02 +4.0519e+00 -4.1645e-01 +3.4807e+00 +2.0147e+00 +3.8551e+00
57 +1.009988241e+01 +1.009988241e+01 -3.451201176e+02 -3.451201176e+02 +5.7781e+00 +5.0149e-01 +4.0337e+00 +5.6070e+00 +3.4389e+00
554 +9.659638668e+00 +9.659638668e+00 -3.455603613e+02 -3.455603613e+02 +5.4389e+00 +1.2339e+00 +3.5106e-02 +1.5958e+00 -1.4435e-01
726 +9.536710913e+00 +9.536710913e+00 -3.456832891e+02 -3.456832891e+02 +5.5876e+00 +5.2496e-01 -8.5096e-01 +2.6425e+00 -1.9022e-01
733 +8.317880525e+00 +8.317880525e+00 -3.469021195e+02 -3.469021195e+02 +5.5298e+00 +8.3114e-01 -8.6233e-01 +2.7280e+00 -9.2468e-02
734 +6.172864516e+00 +6.172864516e+00 -3.490471355e+02 -3.490471355e+02 +5.6000e+00 +6.9974e-01 -6.4869e-01 +2.5803e+00 +2.1340e-02
744 +6.108752643e+00 +6.108752643e+00 -3.491112474e+02 -3.491112474e+02 +5.4481e+00 +9.3218e-01 -7.6336e-01 +2.7351e+00 -6.3934e-02
773 +4.519971174e+00 +4.519971174e+00 -3.507000288e+02 -3.507000288e+02 +5.4325e+00 +1.0051e+00 -5.8318e-01 +2.4859e+00 -1.3944e-01
794 +4.000880329e+00 +4.000880329e+00 -3.512191197e+02 -3.512191197e+02 +5.4448e+00 +1.0024e+00 -4.9625e-01 +2.5716e+00 -1.2193e-01
800 +3.917882616e+00 +3.917882616e+00 -3.513021174e+02 -3.513021174e+02 +5.4733e+00 +1.0065e+00 -4.9310e-01 +2.5468e+00 -5.6052e-02
814 +3.860995223e+00 +3.860995223e+00 -3.513590048e+02 -3.513590048e+02 +5.4559e+00 +1.0019e+00 -5.5196e-01 +2.4356e+00 -2.1664e-02
821 +2.513654533e+00 +2.513654533e+00 -3.527063455e+02 -3.527063455e+02 +5.5078e+00 +8.7420e-01 -6.0685e-01 +2.6394e+00 -1.3818e-01
835 +2.411796922e+00 +2.411796922e+00 -3.528082031e+02 -3.528082031e+02 +5.5172e+00 +8.8574e-01 -5.4318e-01 +2.4568e+00 -9.1554e-02
855 +2.216284583e+00 +2.216284583e+00 -3.530037154e+02 -3.530037154e+02 +5.5103e+00 +8.9063e-01 -6.4161e-01 +2.5720e+00 -1.0673e-01
865 +1.728769850e+00 +1.728769850e+00 -3.534912302e+02 -3.534912302e+02 +5.4913e+00 +9.1712e-01 -6.2151e-01 +2.5403e+00 -1.0159e-01
952 +1.487182500e+00 +1.487182500e+00 -3.537328175e+02 -3.537328175e+02 +5.4870e+00 +9.1386e-01 -6.0796e-01 +2.5508e+00 -1.1420e-01
1009 +1.324343607e+00 +1.324343607e+00 -3.538956564e+02 -3.538956564e+02 +5.4861e+00 +9.1607e-01 -6.1641e-01 +2.5540e+00 -1.1395e-01
1124 +1.310462374e+00 +1.310462374e+00 -3.539095376e+02 -3.539095376e+02 +5.4856e+00 +9.1669e-01 -6.1600e-01 +2.5544e+00 -1.1426e-01
1252 +1.266634680e+00 +1.266634680e+00 -3.539533653e+02 -3.539533653e+02 +5.4871e+00 +9.1390e-01 -6.1865e-01 +2.5516e+00 -1.1568e-01
1347 +1.258364777e+00 +1.258364777e+00 -3.539616352e+02 -3.539616352e+02 +5.4869e+00 +9.1480e-01 -6.1795e-01 +2.5510e+00 -1.1509e-01
1450 +1.229835812e+00 +1.229835812e+00 -3.539901642e+02 -3.539901642e+02 +5.4868e+00 +9.1485e-01 -6.1804e-01 +2.5511e+00 -1.1515e-01
% function evaluation | noise-free fitness - Fopt (9.917000000000e+01) | best noise-free fitness - Fopt | measured fitness | best measured fitness | x1 | x2...
1 +1.990461148e+02 +1.990461148e+02 +2.982161148e+02 +2.982161148e+02 +0.0000e+00 +0.0000e+00 +0.0000e+00 +0.0000e+00 +0.0000e+00
2 +7.749077301e+01 +7.749077301e+01 +1.766607730e+02 +1.766607730e+02 -1.3459e+00 +2.1298e+00 -7.8990e-01 +3.3649e-01 +3.6709e-01
6 +6.901023789e+01 +6.901023789e+01 +1.681802379e+02 +1.681802379e+02 -3.3170e+00 +3.4221e-01 -7.6447e+00 +1.6316e+00 -2.9856e+00
8 +4.079864046e+01 +4.079864046e+01 +1.399686405e+02 +1.399686405e+02 -1.7798e+00 +4.4066e-01 -3.3050e+00 +2.1171e+00 -1.3623e+00
15 +2.452239125e+01 +2.452239125e+01 +1.236923913e+02 +1.236923913e+02 -1.6666e+00 +1.1901e+00 -4.0028e+00 +1.9353e+00 -6.9899e-01
27 +2.180199428e+01 +2.180199428e+01 +1.209719943e+02 +1.209719943e+02 -2.9119e+00 +9.9758e-01 -4.7971e+00 +2.5641e+00 -7.0227e-02
59 +2.034771328e+01 +2.034771328e+01 +1.195177133e+02 +1.195177133e+02 -1.6762e+00 +1.7816e+00 -4.7238e+00 +1.1644e+00 -1.2446e+00
71 +1.772693821e+01 +1.772693821e+01 +1.168969382e+02 +1.168969382e+02 -6.4661e-01 +3.7343e+00 -4.2577e+00 -1.3717e-03 -1.4493e+00
77 +1.701715827e+01 +1.701715827e+01 +1.161871583e+02 +1.161871583e+02 +5.4577e-01 +4.4873e+00 -4.5472e+00 -9.7426e-01 -1.7761e+00
134 +1.695790093e+01 +1.695790093e+01 +1.161279009e+02 +1.161279009e+02 -8.5004e-01 +2.9202e+00 +7.7445e-01 -1.6714e+00 -5.8324e+00
201 +8.421872897e+00 +8.421872897e+00 +1.075918729e+02 +1.075918729e+02 +4.8697e+00 +1.4856e+00 +2.4161e+00 +1.4659e-01 -6.1337e+00
569 +6.102870445e+00 +6.102870445e+00 +1.052728704e+02 +1.052728704e+02 +3.9476e+00 -2.9820e+00 +6.5111e+00 +5.1417e-02 -2.8961e+00
576 +5.265503770e+00 +5.265503770e+00 +1.044355038e+02 +1.044355038e+02 +3.8504e+00 -2.8754e+00 +6.1162e+00 -1.5915e-01 -2.8994e+00
584 +4.604782245e+00 +4.604782245e+00 +1.037747822e+02 +1.037747822e+02 +3.8880e+00 -2.7281e+00 +6.0980e+00 -8.0936e-02 -2.9332e+00
648 +1.893074735e+00 +1.893074735e+00 +1.010630747e+02 +1.010630747e+02 +3.8072e+00 -2.6589e+00 +5.3899e+00 -7.6537e-02 -2.5560e+00
679 +1.464565841e+00 +1.464565841e+00 +1.006345658e+02 +1.006345658e+02 +3.7734e+00 -2.5838e+00 +5.5506e+00 +4.1048e-02 -2.5411e+00
704 +9.343125854e-01 +9.343125854e-01 +1.001043126e+02 +1.001043126e+02 +3.7806e+00 -2.6120e+00 +5.5133e+00 -5.0235e-04 -2.5269e+00
748 +8.675933892e-01 +8.675933892e-01 +1.000375934e+02 +1.000375934e+02 +3.7584e+00 -2.6124e+00 +5.4044e+00 +4.7060e-03 -2.4574e+00
821 +8.271568183e-01 +8.271568183e-01 +9.999715682e+01 +9.999715682e+01 +3.7649e+00 -2.6454e+00 +5.4401e+00 +1.6411e-02 -2.4785e+00
893 +7.431990299e-01 +7.431990299e-01 +9.991319903e+01 +9.991319903e+01 +3.7626e+00 -2.6133e+00 +5.4314e+00 +1.3617e-02 -2.4586e+00
907 +7.294392795e-01 +7.294392795e-01 +9.989943928e+01 +9.989943928e+01 +3.7691e+00 -2.6161e+00 +5.4192e+00 +8.0228e-03 -2.4632e+00
942 +7.010142813e-01 +7.010142813e-01 +9.987101428e+01 +9.987101428e+01 +3.7658e+00 -2.6155e+00 +5.4200e+00 -2.6028e-04 -2.4598e+00
954 +6.543560211e-01 +6.543560211e-01 +9.982435602e+01 +9.982435602e+01 +3.7634e+00 -2.6136e+00 +5.4271e+00 -1.9746e-03 -2.4635e+00
970 +6.205165606e-01 +6.205165606e-01 +9.979051656e+01 +9.979051656e+01 +3.7650e+00 -2.6139e+00 +5.4232e+00 +1.9663e-03 -2.4634e+00
1055 +6.057566552e-01 +6.057566552e-01 +9.977575666e+01 +9.977575666e+01 +3.7633e+00 -2.6101e+00 +5.4245e+00 +5.4161e-03 -2.4572e+00
1062 +6.001470771e-01 +6.001470771e-01 +9.977014708e+01 +9.977014708e+01 +3.7631e+00 -2.6104e+00 +5.4259e+00 +3.5225e-03 -2.4582e+00
1082 +5.794910307e-01 +5.794910307e-01 +9.974949103e+01 +9.974949103e+01 +3.7623e+00 -2.6102e+00 +5.4273e+00 +2.4278e-03 -2.4592e+00
1164 +5.679717140e-01 +5.679717140e-01 +9.973797171e+01 +9.973797171e+01 +3.7629e+00 -2.6100e+00 +5.4272e+00 +3.9718e-03 -2.4589e+00
1258 +5.557135815e-01 +5.557135815e-01 +9.972571358e+01 +9.972571358e+01 +3.7633e+00 -2.6099e+00 +5.4292e+00 +4.5153e-03 -2.4600e+00
1452 +5.483574297e-01 +5.483574297e-01 +9.971835743e+01 +9.971835743e+01 +3.7633e+00 -2.6101e+00 +5.4292e+00 +3.7371e-03 -2.4603e+00
352433 +4.930209505e-01 +4.930209505e-01 +9.966302095e+01 +9.966302095e+01 -5.2469e+00 +4.3717e+00 +3.9024e+00 +4.6212e-01 +3.0215e+00
352685 +4.885663291e-01 +4.885663291e-01 +9.965856633e+01 +9.965856633e+01 -5.2498e+00 +4.3789e+00 +3.9051e+00 +4.5475e-01 +3.0197e+00
352692 +4.448192074e-01 +4.448192074e-01 +9.961481921e+01 +9.961481921e+01 -5.2485e+00 +4.3781e+00 +3.9046e+00 +4.5511e-01 +3.0205e+00
352703 +4.142374772e-01 +4.142374772e-01 +9.958423748e+01 +9.958423748e+01 -5.2461e+00 +4.3761e+00 +3.9069e+00 +4.5506e-01 +3.0190e+00
352727 +3.997471802e-01 +3.997471802e-01 +9.956974718e+01 +9.956974718e+01 -5.2460e+00 +4.3763e+00 +3.9055e+00 +4.5491e-01 +3.0197e+00
352841 +3.896559776e-01 +3.896559776e-01 +9.955965598e+01 +9.955965598e+01 -5.2462e+00 +4.3764e+00 +3.9060e+00 +4.5559e-01 +3.0196e+00
352862 +3.858967435e-01 +3.858967435e-01 +9.955589674e+01 +9.955589674e+01 -5.2459e+00 +4.3760e+00 +3.9058e+00 +4.5599e-01 +3.0195e+00
352970 +3.797228320e-01 +3.797228320e-01 +9.954972283e+01 +9.954972283e+01 -5.2458e+00 +4.3760e+00 +3.9056e+00 +4.5606e-01 +3.0196e+00
% function evaluation | noise-free fitness - Fopt (-5.179100000000e+02) | best noise-free fitness - Fopt | measured fitness | best measured fitness | x1 | x2...
1 +7.971953023e+01 +7.971953023e+01 -4.381904698e+02 -4.381904698e+02 +0.0000e+00 +0.0000e+00 +0.0000e+00 +0.0000e+00 +0.0000e+00
4 +2.231680684e+01 +2.231680684e+01 -4.955931932e+02 -4.955931932e+02 +2.0654e+00 +2.1120e+00 -6.8395e-01 -2.8622e+00 -2.0793e+00
18 +1.469626800e+01 +1.469626800e+01 -5.032137320e+02 -5.032137320e+02 -1.0009e-01 +3.4861e-02 -3.2541e-03 -6.9125e-01 +7.5046e-01
51 +1.365364239e+01 +1.365364239e+01 -5.042563576e+02 -5.042563576e+02 -5.9697e-01 -2.2365e-01 +4.0574e-02 +1.8834e+00 -2.5717e-01
136 +9.935616412e+00 +9.935616412e+00 -5.079743836e+02 -5.079743836e+02 +4.5637e+00 -2.1696e-01 -2.6781e+00 +1.8899e+00 +2.1480e-01
544 +9.124897311e+00 +9.124897311e+00 -5.087851027e+02 -5.087851027e+02 +3.4026e+00 +4.8161e+00 +1.3047e+00 -6.3513e+00 -6.7179e-01
592 +8.227222761e+00 +8.227222761e+00 -5.096827772e+02 -5.096827772e+02 +3.4217e+00 +4.7550e+00 +1.4350e+00 -6.2840e+00 -7.5922e-01
604 +6.807883984e+00 +6.807883984e+00 -5.111021160e+02 -5.111021160e+02 +3.4688e+00 +4.8714e+00 +1.4406e+00 -6.4020e+00 -8.0610e-01
628 +6.506330488e+00 +6.506330488e+00 -5.114036695e+02 -5.114036695e+02 +3.2265e+00 +4.7493e+00 +1.3969e+00 -6.5156e+00 -6.6833e-01
661 +6.095787212e+00 +6.095787212e+00 -5.118142128e+02 -5.118142128e+02 +3.4357e+00 +4.8677e+00 +1.3055e+00 -6.3352e+00 -7.4599e-01
676 +5.907979479e+00 +5.907979479e+00 -5.120020205e+02 -5.120020205e+02 +3.5507e+00 +4.8631e+00 +1.2614e+00 -6.3210e+00 -7.6436e-01
698 +5.620986255e+00 +5.620986255e+00 -5.122890137e+02 -5.122890137e+02 +3.5578e+00 +4.9839e+00 +1.2528e+00 -6.3446e+00 -7.5990e-01
735 +5.074561413e+00 +5.074561413e+00 -5.128354386e+02 -5.128354386e+02 +3.4811e+00 +5.0050e+00 +1.1957e+00 -6.3793e+00 -7.7164e-01
779 +4.760332350e+00 +4.760332350e+00 -5.131496677e+02 -5.131496677e+02 +3.3981e+00 +4.9342e+00 +1.1065e+00 -6.3246e+00 -7.5794e-01
783 +4.657201500e+00 +4.657201500e+00 -5.132527985e+02 -5.132527985e+02 +3.4115e+00 +4.9017e+00 +1.1265e+00 -6.3123e+00 -7.8918e-01
784 +4.219761929e+00 +4.219761929e+00 -5.136902381e+02 -5.136902381e+02 +3.4290e+00 +4.8836e+00 +1.0818e+00 -6.2808e+00 -7.8137e-01
786 +3.851582282e+00 +3.851582282e+00 -5.140584177e+02 -5.140584177e+02 +3.3683e+00 +4.8968e+00 +1.1067e+00 -6.3318e+00 -7.7480e-01
872 +3.708372088e+00 +3.708372088e+00 -5.142016279e+02 -5.142016279e+02 +3.4032e+00 +4.9485e+00 +9.9911e-01 -6.2596e+00 -7.4048e-01
927 +3.566682092e+00 +3.566682092e+00 -5.143433179e+02 -5.143433179e+02 +3.4084e+00 +4.9336e+00 +1.0013e+00 -6.2136e+00 -7.1392e-01
939 +3.481760443e+00 +3.481760443e+00 -5.144282396e+02 -5.144282396e+02 +3.4038e+00 +4.9339e+00 +9.9927e-01 -6.2018e+00 -7.1115e-01
951 +3.464652399e+00 +3.464652399e+00 -5.144453476e+02 -5.144453476e+02 +3.3985e+00 +4.9248e+00 +9.9760e-01 -6.2067e+00 -7.1462e-01
1200 +3.371289722e+00 +3.371289722e+00 -5.145387103e+02 -5.145387103e+02 +3.4162e+00 +4.9378e+00 +9.8971e-01 -6.1902e+00 -7.0284e-01
59174 +2.946028161e+00 +2.946028161e+00 -5.149639718e+02 -5.149639718e+02 -3.6266e+00 -2.0982e+00 -3.8800e+00 -5.6080e-01 +3.9214e+00
59408 +2.833087612e+00 +2.833087612e+00 -5.150769124e+02 -5.150769124e+02 -3.7302e+00 -2.0826e+00 -3.9895e+00 -6.0478e-01 +3.8506e+00
59415 +2.677033465e+00 +2.677033465e+00 -5.152329665e+02 -5.152329665e+02 -3.7356e+00 -2.0911e+00 -3.9822e+00 -5.9948e-01 +3.8402e+00
59420 +2.304354526e+00 +2.304354526e+00 -5.156056455e+02 -5.156056455e+02 -3.7230e+00 -2.0798e+00 -3.9681e+00 -5.9362e-01 +3.8547e+00
59425 +2.063970605e+00 +2.063970605e+00 -5.158460294e+02 -5.158460294e+02 -3.7221e+00 -2.0960e+00 -3.9602e+00 -5.8410e-01 +3.8633e+00
59436 +2.013009435e+00 +2.013009435e+00 -5.158969906e+02 -5.158969906e+02 -3.7179e+00 -2.1016e+00 -3.9472e+00 -5.6329e-01 +3.8653e+00
59445 +1.758938096e+00 +1.758938096e+00 -5.161510619e+02 -5.161510619e+02 -3.6960e+00 -2.0985e+00 -3.9308e+00 -5.5375e-01 +3.8792e+00
59470 +1.715371048e+00 +1.715371048e+00 -5.161946290e+02 -5.161946290e+02 -3.6930e+00 -2.1268e+00 -3.9203e+00 -5.6995e-01 +3.9143e+00
59497 +1.515570732e+00 +1.515570732e+00 -5.163944293e+02 -5.163944293e+02 -3.7132e+00 -2.1327e+00 -3.9164e+00 -5.5668e-01 +3.8838e+00
59510 +1.462171658e+00 +1.462171658e+00 -5.164478283e+02 -5.164478283e+02 -3.7108e+00 -2.1253e+00 -3.9233e+00 -5.7269e-01 +3.8758e+00
59523 +1.197192855e+00 +1.197192855e+00 -5.167128071e+02 -5.167128071e+02 -3.6971e+00 -2.1086e+00 -3.9362e+00 -5.6205e-01 +3.8893e+00
59586 +1.147756760e+00 +1.147756760e+00 -5.167622432e+02 -5.167622432e+02 -3.7013e+00 -2.1129e+00 -3.9307e+00 -5.6572e-01 +3.8823e+00
59594 +1.049765975e+00 +1.049765975e+00 -5.168602340e+02 -5.168602340e+02 -3.7050e+00 -2.1132e+00 -3.9324e+00 -5.6034e-01 +3.8762e+00
59615 +1.042987613e+00 +1.042987613e+00 -5.168670124e+02 -5.168670124e+02 -3.7016e+00 -2.1089e+00 -3.9347e+00 -5.6192e-01 +3.8768e+00
59636 +9.936066469e-01 +9.936066469e-01 -5.169163934e+02 -5.169163934e+02 -3.7007e+00 -2.1082e+00 -3.9344e+00 -5.6433e-01 +3.8814e+00
59655 +9.746194950e-01 +9.746194950e-01 -5.169353805e+02 -5.169353805e+02 -3.7028e+00 -2.1089e+00 -3.9358e+00 -5.6081e-01 +3.8770e+00
59664 +9.183710197e-01 +9.183710197e-01 -5.169916290e+02 -5.169916290e+02 -3.7023e+00 -2.1075e+00 -3.9369e+00 -5.5975e-01 +3.8775e+00
59699 +9.068543657e-01 +9.068543657e-01 -5.170031456e+02 -5.170031456e+02 -3.7028e+00 -2.1085e+00 -3.9377e+00 -5.5989e-01 +3.8788e+00
59738 +8.618007010e-01 +8.618007010e-01 -5.170481993e+02 -5.170481993e+02 -3.7010e+00 -2.1072e+00 -3.9371e+00 -5.5885e-01 +3.8802e+00
59775 +8.508452525e-01 +8.508452525e-01 -5.170591547e+02 -5.170591547e+02 -3.7004e+00 -2.1061e+00 -3.9367e+00 -5.6100e-01 +3.8797e+00
59847 +8.269192552e-01 +8.269192552e-01 -5.170830807e+02 -5.170830807e+02 -3.7003e+00 -2.1064e+00 -3.9362e+00 -5.6072e-01 +3.8800e+00
59860 +8.114570021e-01 +8.114570021e-01 -5.170985430e+02 -5.170985430e+02 -3.7003e+00 -2.1065e+00 -3.9364e+00 -5.6058e-01 +3.8801e+00
60165 +7.941041981e-01 +7.941041981e-01 -5.171158958e+02 -5.171158958e+02 -3.7005e+00 -2.1067e+00 -3.9362e+00 -5.6064e-01 +3.8800e+00
180960 +6.573147637e-01 +6.573147637e-01 -5.172526852e+02 -5.172526852e+02 -4.3758e+00 -5.8713e-01 -2.5579e+00 -4.4781e+00 -2.0419e+00
181007 +6.404312989e-01 +6.404312989e-01 -5.172695687e+02 -5.172695687e+02 -4.3644e+00 -6.0020e-01 -2.5599e+00 -4.4213e+00 -2.0771e+00
181010 +6.144341831e-01 +6.144341831e-01 -5.172955658e+02 -5.172955658e+02 -4.3809e+00 -6.0033e-01 -2.5638e+00 -4.4401e+00 -2.0679e+00
181019 +5.745124683e-01 +5.745124683e-01 -5.173354875e+02 -5.173354875e+02 -4.3801e+00 -6.0330e-01 -2.5795e+00 -4.4168e+00 -2.0810e+00
181027 +5.106076130e-01 +5.106076130e-01 -5.173993924e+02 -5.173993924e+02 -4.3763e+00 -6.0171e-01 -2.5623e+00 -4.4169e+00 -2.0918e+00
181037 +4.044462095e-01 +4.044462095e-01 -5.175055538e+02 -5.175055538e+02 -4.3895e+00 -6.1009e-01 -2.5682e+00 -4.4103e+00 -2.1039e+00
181182 +3.944535499e-01 +3.944535499e-01 -5.175155465e+02 -5.175155465e+02 -4.3884e+00 -6.1298e-01 -2.5606e+00 -4.4043e+00 -2.1008e+00
181210 +3.594304756e-01 +3.594304756e-01 -5.175505695e+02 -5.175505695e+02 -4.3961e+00 -6.1407e-01 -2.5669e+00 -4.4088e+00 -2.1022e+00
181238 +3.423535552e-01 +3.423535552e-01 -5.175676464e+02 -5.175676464e+02 -4.3963e+00 -6.1276e-01 -2.5659e+00 -4.4138e+00 -2.1031e+00
181250 +3.141757801e-01 +3.141757801e-01 -5.175958242e+02 -5.175958242e+02 -4.3975e+00 -6.1271e-01 -2.5669e+00 -4.4130e+00 -2.1046e+00
181455 +3.075770201e-01 +3.075770201e-01 -5.176024230e+02 -5.176024230e+02 -4.3943e+00 -6.1198e-01 -2.5672e+00 -4.4096e+00 -2.1038e+00
181562 +2.988094500e-01 +2.988094500e-01 -5.176111905e+02 -5.176111905e+02 -4.3944e+00 -6.1167e-01 -2.5670e+00 -4.4105e+00 -2.1043e+00
181734 +2.945696469e-01 +2.945696469e-01 -5.176154304e+02 -5.176154304e+02 -4.3944e+00 -6.1158e-01 -2.5667e+00 -4.4110e+00 -2.1044e+00
181892 +2.874561339e-01 +2.874561339e-01 -5.176225439e+02 -5.176225439e+02 -4.3943e+00 -6.1154e-01 -2.5669e+00 -4.4108e+00 -2.1043e+00
% function evaluation | noise-free fitness - Fopt (-5.721000000000e+01) | best noise-free fitness - Fopt | measured fitness | best measured fitness | x1 | x2...
1 +1.005348962e+02 +1.005348962e+02 +4.332489617e+01 +4.332489617e+01 +0.0000e+00 +0.0000e+00 +0.0000e+00 +0.0000e+00 +0.0000e+00
2 +8.611447757e+01 +8.611447757e+01 +2.890447757e+01 +2.890447757e+01 -7.2623e-01 +1.6476e+00 -1.4201e+00 +7.0867e-01 -1.8763e+00
4 +5.444652429e+01 +5.444652429e+01 -2.763475714e+00 -2.763475714e+00 -1.0260e+00 -5.9438e-01 +9.7421e-01 -9.5100e-02 +2.8644e-01
21 +3.459582489e+01 +3.459582489e+01 -2.261417511e+01 -2.261417511e+01 +7.5881e-01 -1.8630e+00 +4.3397e+00 +4.7342e-01 +2.4020e+00
38 +2.888653948e+01 +2.888653948e+01 -2.832346052e+01 -2.832346052e+01 +1.3897e-01 +1.5378e+00 +1.2743e+00 +2.5968e-01 -2.7627e-01
43 +1.439005192e+01 +1.439005192e+01 -4.281994808e+01 -4.281994808e+01 +2.2275e-01 +1.7310e+00 +1.9552e+00 +8.5128e-01 +3.4367e-01
53 +1.139450986e+01 +1.139450986e+01 -4.581549014e+01 -4.581549014e+01 -4.0342e-02 +2.6926e+00 +1.9283e+00 +1.0490e+00 +1.8055e-01
205 +8.018049430e+00 +8.018049430e+00 -4.919195057e+01 -4.919195057e+01 -3.5434e+00 -2.1203e-01 +2.0094e+00 +1.4181e-01 +1.1456e-01
318 +7.297171003e+00 +7.297171003e+00 -4.991282900e+01 -4.991282900e+01 -3.5070e+00 -1.8882e-01 +1.4888e+00 +4.4619e-01 -2.5979e-01
322 +6.854243306e+00 +6.854243306e+00 -5.035575669e+01 -5.035575669e+01 -3.4031e+00 -3.0395e-01 +1.3156e+00 +4.3192e-01 -2.9230e-01
324 +5.712271792e+00 +5.712271792e+00 -5.149772821e+01 -5.149772821e+01 -3.4875e+00 -1.4492e-01 +1.5496e+00 +4.0478e-01 -2.3132e-01
381 +2.429690438e+00 +2.429690438e+00 -5.478030956e+01 -5.478030956e+01 -3.5625e+00 -7.5207e-02 +1.7327e+00 +6.0523e-01 +7.9933e-02
465 +2.028917930e+00 +2.028917930e+00 -5.518108207e+01 -5.518108207e+01 -3.5533e+00 -1.1533e-01 +1.7996e+00 +4.9700e-01 +6.5510e-02
473 +1.898339591e+00 +1.898339591e+00 -5.531166041e+01 -5.531166041e+01 -3.5813e+00 -7.3439e-02 +1.8135e+00 +4.9261e-01 +6.8787e-02
475 +1.842469096e+00 +1.842469096e+00 -5.536753090e+01 -5.536753090e+01 -3.5683e+00 -7.6405e-02 +1.7615e+00 +5.4924e-01 +4.7335e-02
507 +1.142463979e+00 +1.142463979e+00 -5.606753602e+01 -5.606753602e+01 -3.5570e+00 -4.3592e-02 +1.6767e+00 +6.0251e-01 +2.5009e-02
578 +9.719584849e-01 +9.719584849e-01 -5.623804152e+01 -5.623804152e+01 -3.5979e+00 +3.2792e-03 +1.6485e+00 +6.4819e-01 -1.1629e-02
602 +8.971202638e-01 +8.971202638e-01 -5.631287974e+01 -5.631287974e+01 -3.6093e+00 +2.8471e-03 +1.6670e+00 +6.4805e-01 -5.6382e-03
642 +8.506899979e-01 +8.506899979e-01 -5.635931000e+01 -5.635931000e+01 -3.5915e+00 -4.0943e-03 +1.6670e+00 +6.4460e-01 +3.3435e-03
682 +7.248492312e-01 +7.248492312e-01 -5.648515077e+01 -5.648515077e+01 -3.5964e+00 -2.3508e-03 +1.6691e+00 +6.4267e-01 +4.8383e-04
733 +7.009929546e-01 +7.009929546e-01 -5.650900705e+01 -5.650900705e+01 -3.5983e+00 -1.6084e-03 +1.6695e+00 +6.4053e-01 -2.0820e-03
734 +6.808374401e-01 +6.808374401e-01 -5.652916256e+01 -5.652916256e+01 -3.5968e+00 -6.4266e-04 +1.6676e+00 +6.4231e-01 -1.5958e-03
768 +6.518749691e-01 +6.518749691e-01 -5.655812503e+01 -5.655812503e+01 -3.5943e+00 -3.5269e-03 +1.6627e+00 +6.4193e-01 -2.6881e-03
859 +6.387246215e-01 +6.387246215e-01 -5.657127538e+01 -5.657127538e+01 -3.5938e+00 -3.9524e-03 +1.6647e+00 +6.4110e-01 -1.3236e-03
959 +6.243884218e-01 +6.243884218e-01 -5.658561158e+01 -5.658561158e+01 -3.5948e+00 -3.6015e-03 +1.6664e+00 +6.4090e-01 -1.0760e-03
977 +6.151650745e-01 +6.151650745e-01 -5.659483493e+01 -5.659483493e+01 -3.5951e+00 -3.2653e-03 +1.6671e+00 +6.4076e-01 -1.1941e-03
991 +5.989401399e-01 +5.989401399e-01 -5.661105986e+01 -5.661105986e+01 -3.5954e+00 -3.0374e-03 +1.6673e+00 +6.4078e-01 -1.2591e-03
1023 +5.884828528e-01 +5.884828528e-01 -5.662151715e+01 -5.662151715e+01 -3.5954e+00 -3.0047e-03 +1.6675e+00 +6.4081e-01 -1.1230e-03
1360 +5.754398235e-01 +5.754398235e-01 -5.663456018e+01 -5.663456018e+01 -3.5955e+00 -3.0153e-03 +1.6676e+00 +6.4080e-01 -1.0295e-03
121769 +5.528272429e-01 +5.528272429e-01 -5.665717276e+01 -5.665717276e+01 +2.2768e+00 +5.5031e+00 -1.5709e+00 +2.2327e+00 +2.8530e+00
121801 +5.415878759e-01 +5.415878759e-01 -5.666841212e+01 -5.666841212e+01 +2.2800e+00 +5.4888e+00 -1.5762e+00 +2.2191e+00 +2.8516e+00
121849 +5.310258796e-01 +5.310258796e-01 -5.667897412e+01 -5.667897412e+01 +2.2864e+00 +5.4974e+00 -1.5758e+00 +2.2294e+00 +2.8528e+00
121954 +5.220214383e-01 +5.220214383e-01 -5.668797856e+01 -5.668797856e+01 +2.2808e+00 +5.4787e+00 -1.5609e+00 +2.2113e+00 +2.8567e+00
122006 +5.059572463e-01 +5.059572463e-01 -5.670404275e+01 -5.670404275e+01 +2.3036e+00 +5.4789e+00 -1.5566e+00 +2.1989e+00 +2.8654e+00
122071 +4.970331097e-01 +4.970331097e-01 -5.671296689e+01 -5.671296689e+01 +2.3004e+00 +5.4824e+00 -1.5505e+00 +2.2012e+00 +2.8605e+00
% function evaluation | noise-free fitness - Fopt (-1.000000000000e+03) | best noise-free fitness - Fopt | measured fitness | best measured fitness | x1 | x2...
1 +4.672527583e+01 +4.672527583e+01 -9.532747242e+02 -9.532747242e+02 +0.0000e+00 +0.0000e+00 +0.0000e+00 +0.0000e+00 +0.0000e+00
9 +3.929696053e+01 +3.929696053e+01 -9.607030395e+02 -9.607030395e+02 -2.5484e+00 -2.1396e+00 -9.4432e-02 -9.7980e-01 +6.1868e-01
13 +2.736904483e+01 +2.736904483e+01 -9.726309552e+02 -9.726309552e+02 -3.2271e+00 -4.0218e+00 -1.5485e+00 -1.6968e+00 +9.0287e-01
68 +1.714171645e+01 +1.714171645e+01 -9.828582836e+02 -9.828582836e+02 -2.8930e+00 -2.2213e+00 -1.5518e+00 -2.1210e+00 +5.2121e+00
90 +7.766991616e+00 +7.766991616e+00 -9.922330084e+02 -9.922330084e+02 -3.4897e+00 -2.2552e+00 -1.3637e+00 -2.0710e+00 +5.0823e+00
100 +7.542074980e+00 +7.542074980e+00 -9.924579250e+02 -9.924579250e+02 -3.7069e+00 -2.3135e+00 -1.1650e+00 -2.0919e+00 +5.1984e+00
183 +6.300599435e+00 +6.300599435e+00 -9.936994006e+02 -9.936994006e+02 -3.2493e+00 -2.5350e+00 -1.6376e+00 -2.2320e+00 +5.8535e+00
197 +4.534313675e+00 +4.534313675e+00 -9.954656863e+02 -9.954656863e+02 -2.8291e+00 -2.7014e+00 -1.8337e+00 -2.3750e+00 +5.9999e+00
241 +4.325566618e+00 +4.325566618e+00 -9.956744334e+02 -9.956744334e+02 -3.0764e+00 -2.5782e+00 -1.6870e+00 -2.3959e+00 +5.8727e+00
280 +3.792170992e+00 +3.792170992e+00 -9.962078290e+02 -9.962078290e+02 -3.2375e+00 -2.5464e+00 -1.5910e+00 -2.2887e+00 +5.7494e+00
293 +3.080741278e+00 +3.080741278e+00 -9.969192587e+02 -9.969192587e+02 -3.2217e+00 -2.5682e+00 -1.5852e+00 -2.2120e+00 +5.7495e+00
330 +2.939242306e+00 +2.939242306e+00 -9.970607577e+02 -9.970607577e+02 -3.1120e+00 -2.5896e+00 -1.4928e+00 -2.2511e+00 +5.7016e+00
331 +2.531970073e+00 +2.531970073e+00 -9.974680299e+02 -9.974680299e+02 -3.1225e+00 -2.5734e+00 -1.5034e+00 -2.2321e+00 +5.6642e+00
365 +1.884566174e+00 +1.884566174e+00 -9.981154338e+02 -9.981154338e+02 -3.1988e+00 -2.5356e+00 -1.5357e+00 -2.2017e+00 +5.6308e+00
383 +1.835039019e+00 +1.835039019e+00 -9.981649610e+02 -9.981649610e+02 -3.1831e+00 -2.5341e+00 -1.5424e+00 -2.2313e+00 +5.6165e+00
394 +1.505469654e+00 +1.505469654e+00 -9.984945303e+02 -9.984945303e+02 -3.1891e+00 -2.5083e+00 -1.5576e+00 -2.2560e+00 +5.5701e+00
416 +1.434159790e+00 +1.434159790e+00 -9.985658402e+02 -9.985658402e+02 -3.1930e+00 -2.4515e+00 -1.6240e+00 -2.3102e+00 +5.5152e+00
425 +1.288614552e+00 +1.288614552e+00 -9.987113854e+02 -9.987113854e+02 -3.1944e+00 -2.4860e+00 -1.6116e+00 -2.2976e+00 +5.5495e+00
426 +1.120752908e+00 +1.120752908e+00 -9.988792471e+02 -9.988792471e+02 -3.1891e+00 -2.4423e+00 -1.6297e+00 -2.3036e+00 +5.4984e+00
433 +6.237923218e-01 +6.237923218e-01 -9.993762077e+02 -9.993762077e+02 -3.1789e+00 -2.3849e+00 -1.6878e+00 -2.3297e+00 +5.4305e+00
822 +5.924114404e-01 +5.924114404e-01 -9.994075886e+02 -9.994075886e+02 -3.1919e+00 -2.4311e+00 -1.6515e+00 -2.3321e+00 +5.4505e+00
854 +5.721030857e-01 +5.721030857e-01 -9.994278969e+02 -9.994278969e+02 -3.1927e+00 -2.4305e+00 -1.6505e+00 -2.3315e+00 +5.4499e+00
1118 +5.610435718e-01 +5.610435718e-01 -9.994389564e+02 -9.994389564e+02 -3.1906e+00 -2.4279e+00 -1.6520e+00 -2.3331e+00 +5.4468e+00
365368 +5.445397612e-01 +5.445397612e-01 -9.994554602e+02 -9.994554602e+02 -2.9261e+00 -2.1773e+00 +2.6475e+00 -1.2473e+00 -4.1043e-01
365396 +5.340636703e-01 +5.340636703e-01 -9.994659363e+02 -9.994659363e+02 -2.9260e+00 -2.1774e+00 +2.6476e+00 -1.2470e+00 -4.1032e-01
365595 +5.236405084e-01 +5.236405084e-01 -9.994763595e+02 -9.994763595e+02 -2.9260e+00 -2.1774e+00 +2.6476e+00 -1.2471e+00 -4.1022e-01
% function evaluation | noise-free fitness - Fopt (-6.554000000000e+01) | best noise-free fitness - Fopt | measured fitness | best measured fitness | x1 | x2...
1 +6.219955573e+01 +6.219955573e+01 -3.340444274e+00 -3.340444274e+00 +0.0000e+00 +0.0000e+00 +0.0000e+00 +0.0000e+00 +0.0000e+00
3 +4.781437363e+01 +4.781437363e+01 -1.772562637e+01 -1.772562637e+01 -1.0351e+00 +1.3863e+00 -1.1133e+00 -6.3972e+00 -7.3785e-01
6 +4.671657785e+01 +4.671657785e+01 -1.882342215e+01 -1.882342215e+01 +1.1576e-01 +2.1976e-01 +3.1097e-01 +1.5789e+00 +8.4045e-02
14 +4.398108916e+01 +4.398108916e+01 -2.155891084e+01 -2.155891084e+01 -8.8922e-01 -7.6666e-01 -7.4239e-01 +6.0101e-01 +1.7429e-01
16 +3.505525918e+01 +3.505525918e+01 -3.048474082e+01 -3.048474082e+01 -1.0967e+00 +1.0868e+00 -1.4910e-01 -8.6825e-01 +4.5654e-01
23 +2.978491468e+01 +2.978491468e+01 -3.575508532e+01 -3.575508532e+01 -1.6352e+00 +7.7777e-02 -1.4138e+00 -2.1639e+00 -1.0969e+00
63 +2.637791644e+01 +2.637791644e+01 -3.916208356e+01 -3.916208356e+01 -1.8457e+00 +2.1979e+00 -2.5420e+00 -2.7059e+00 -4.1385e+00
104 +2.526559260e+01 +2.526559260e+01 -4.027440740e+01 -4.027440740e+01 +2.2579e+00 +3.9840e+00 -3.7821e+00 -6.0710e+00 +1.2938e-01
169 +2.332981917e+01 +2.332981917e+01 -4.221018083e+01 -4.221018083e+01 -2.8431e+00 +4.0079e+00 -6.1625e+00 -1.9233e+00 -3.0198e-01
173 +1.489225768e+01 +1.489225768e+01 -5.064774232e+01 -5.064774232e+01 -1.3147e+00 +5.7940e+00 -5.5356e+00 -2.4728e+00 -4.4317e-01
185 +1.397182681e+01 +1.397182681e+01 -5.156817319e+01 -5.156817319e+01 -7.3304e-01 +4.4455e+00 -5.6743e+00 -3.5305e+00 -7.9409e-01
243 +1.282300112e+01 +1.282300112e+01 -5.271699888e+01 -5.271699888e+01 -2.5454e+00 +4.4657e+00 -6.2028e+00 -4.8792e+00 -1.6030e+00
286 +1.027414892e+01 +1.027414892e+01 -5.526585108e+01 -5.526585108e+01 -2.1022e+00 +4.0040e+00 -5.8941e+00 -4.8773e+00 -3.8727e-01
290 +4.276985952e+00 +4.276985952e+00 -6.126301405e+01 -6.126301405e+01 -1.9825e+00 +4.1403e+00 -5.3920e+00 -4.8546e+00 -1.9990e-01
385 +3.975742148e+00 +3.975742148e+00 -6.156425785e+01 -6.156425785e+01 -1.8808e+00 +4.1641e+00 -6.2373e+00 -4.6846e+00 -2.2303e-01
396 +3.319548329e+00 +3.319548329e+00 -6.222045167e+01 -6.222045167e+01 -1.8744e+00 +3.9818e+00 -6.2372e+00 -4.7116e+00 -1.7565e-01
449 +3.171484107e+00 +3.171484107e+00 -6.236851589e+01 -6.236851589e+01 -2.0049e+00 +3.8998e+00 -6.0814e+00 -4.9229e+00 -5.2684e-01
461 +2.869200134e+00 +2.869200134e+00 -6.267079987e+01 -6.267079987e+01 -2.0071e+00 +3.9478e+00 -6.0986e+00 -4.8952e+00 -5.2207e-01
529 +2.594039086e+00 +2.594039086e+00 -6.294596091e+01 -6.294596091e+01 -1.9043e+00 +3.8953e+00 -5.9870e+00 -4.8665e+00 -5.2466e-01
621 +2.217684478e+00 +2.217684478e+00 -6.332231552e+01 -6.332231552e+01 -1.8519e+00 +3.8722e+00 -5.8668e+00 -4.8884e+00 -4.6602e-01
862 +2.145550042e+00 +2.145550042e+00 -6.339444996e+01 -6.339444996e+01 -1.9328e+00 +3.8052e+00 -5.9044e+00 -4.8682e+00 -6.0093e-01
906 +2.091802559e+00 +2.091802559e+00 -6.344819744e+01 -6.344819744e+01 -1.9337e+00 +3.8199e+00 -5.9071e+00 -4.8671e+00 -5.9115e-01
950 +2.048339535e+00 +2.048339535e+00 -6.349166047e+01 -6.349166047e+01 -1.9312e+00 +3.8163e+00 -5.9045e+00 -4.8713e+00 -5.9594e-01
956 +2.013522533e+00 +2.013522533e+00 -6.352647747e+01 -6.352647747e+01 -1.9271e+00 +3.8187e+00 -5.8998e+00 -4.8697e+00 -5.9317e-01
1076 +1.963697827e+00 +1.963697827e+00 -6.357630217e+01 -6.357630217e+01 -1.9295e+00 +3.8092e+00 -5.8912e+00 -4.8706e+00 -5.9910e-01
1308 +1.937513414e+00 +1.937513414e+00 -6.360248659e+01 -6.360248659e+01 -1.9299e+00 +3.8095e+00 -5.8920e+00 -4.8705e+00 -5.9894e-01
61820 +1.141640407e+00 +1.141640407e+00 -6.439835959e+01 -6.439835959e+01 +4.2424e-01 -2.5351e+00 -2.3241e+00 +4.1778e+00 -5.5872e+00
61832 +1.018016177e+00 +1.018016177e+00 -6.452198382e+01 -6.452198382e+01 +4.3250e-01 -2.4465e+00 -2.2894e+00 +4.1596e+00 -5.5755e+00
61852 +8.575807146e-01 +8.575807146e-01 -6.468241929e+01 -6.468241929e+01 +4.4017e-01 -2.3898e+00 -2.2930e+00 +4.1986e+00 -5.4991e+00
61888 +8.417089424e-01 +8.417089424e-01 -6.469829106e+01 -6.469829106e+01 +4.7562e-01 -2.3038e+00 -2.3783e+00 +4.3215e+00 -5.4773e+00
61915 +5.099844149e-01 +5.099844149e-01 -6.503001559e+01 -6.503001559e+01 +4.8428e-01 -2.3360e+00 -2.4149e+00 +4.2076e+00 -5.4172e+00
61958 +4.347739686e-01 +4.347739686e-01 -6.510522603e+01 -6.510522603e+01 +4.9473e-01 -2.3251e+00 -2.3794e+00 +4.2337e+00 -5.4314e+00
62072 +4.197013126e-01 +4.197013126e-01 -6.512029869e+01 -6.512029869e+01 +4.9556e-01 -2.3362e+00 -2.3688e+00 +4.2264e+00 -5.4246e+00
62084 +4.093804270e-01 +4.093804270e-01 -6.513061957e+01 -6.513061957e+01 +5.0010e-01 -2.3208e+00 -2.3810e+00 +4.2257e+00 -5.4053e+00
62093 +3.801511140e-01 +3.801511140e-01 -6.515984889e+01 -6.515984889e+01 +5.0037e-01 -2.3134e+00 -2.3775e+00 +4.2172e+00 -5.4077e+00
62112 +3.658383967e-01 +3.658383967e-01 -6.517416160e+01 -6.517416160e+01 +5.0200e-01 -2.3096e+00 -2.3810e+00 +4.2260e+00 -5.4004e+00
62113 +3.432558725e-01 +3.432558725e-01 -6.519674413e+01 -6.519674413e+01 +5.0412e-01 -2.3028e+00 -2.3698e+00 +4.2321e+00 -5.4025e+00
62168 +3.378499028e-01 +3.378499028e-01 -6.520215010e+01 -6.520215010e+01 +5.1727e-01 -2.2947e+00 -2.3485e+00 +4.2403e+00 -5.3985e+00
62175 +3.305397789e-01 +3.305397789e-01 -6.520946022e+01 -6.520946022e+01 +5.1856e-01 -2.3009e+00 -2.3421e+00 +4.2403e+00 -5.3948e+00
62187 +3.199505061e-01 +3.199505061e-01 -6.522004949e+01 -6.522004949e+01 +5.2064e-01 -2.3019e+00 -2.3441e+00 +4.2403e+00 -5.3958e+00
62211 +3.150156231e-01 +3.150156231e-01 -6.522498438e+01 -6.522498438e+01 +5.2523e-01 -2.2981e+00 -2.3435e+00 +4.2450e+00 -5.3872e+00
62345 +3.072808726e-01 +3.072808726e-01 -6.523271913e+01 -6.523271913e+01 +5.2769e-01 -2.2971e+00 -2.3516e+00 +4.2446e+00 -5.3807e+00
62394 +2.982801870e-01 +2.982801870e-01 -6.524171981e+01 -6.524171981e+01 +5.2907e-01 -2.2882e+00 -2.3434e+00 +4.2342e+00 -5.3783e+00
62410 +2.928112062e-01 +2.928112062e-01 -6.524718879e+01 -6.524718879e+01 +5.3030e-01 -2.3051e+00 -2.3458e+00 +4.2344e+00 -5.3777e+00
62541 +2.833376498e-01 +2.833376498e-01 -6.525666235e+01 -6.525666235e+01 +5.3639e-01 -2.3115e+00 -2.3465e+00 +4.2282e+00 -5.3675e+00
62556 +2.800733835e-01 +2.800733835e-01 -6.525992662e+01 -6.525992662e+01 +5.3833e-01 -2.3128e+00 -2.3457e+00 +4.2281e+00 -5.3638e+00
62589 +2.744348466e-01 +2.744348466e-01 -6.526556515e+01 -6.526556515e+01 +5.4024e-01 -2.3088e+00 -2.3420e+00 +4.2348e+00 -5.3590e+00
62597 +2.685177722e-01 +2.685177722e-01 -6.527148223e+01 -6.527148223e+01 +5.4040e-01 -2.3047e+00 -2.3465e+00 +4.2356e+00 -5.3606e+00
62701 +2.612295619e-01 +2.612295619e-01 -6.527877044e+01 -6.527877044e+01 +5.4255e-01 -2.3023e+00 -2.3450e+00 +4.2373e+00 -5.3569e+00
62723 +2.564072759e-01 +2.564072759e-01 -6.528359272e+01 -6.528359272e+01 +5.4352e-01 -2.3038e+00 -2.3442e+00 +4.2371e+00 -5.3539e+00
62806 +2.508209725e-01 +2.508209725e-01 -6.528917903e+01 -6.528917903e+01 +5.4631e-01 -2.3027e+00 -2.3421e+00 +4.2381e+00 -5.3488e+00
62840 +2.438006924e-01 +2.438006924e-01 -6.529619931e+01 -6.529619931e+01 +5.4904e-01 -2.3033e+00 -2.3426e+00 +4.2365e+00 -5.3454e+00
62904 +2.394947904e-01 +2.394947904e-01 -6.530050521e+01 -6.530050521e+01 +5.5112e-01 -2.3004e+00 -2.3415e+00 +4.2393e+00 -5.3413e+00
62969 +2.340253615e-01 +2.340253615e-01 -6.530597464e+01 -6.530597464e+01 +5.5276e-01 -2.2978e+00 -2.3446e+00 +4.2408e+00 -5.3379e+00
63105 +2.286697077e-01 +2.286697077e-01 -6.531133029e+01 -6.531133029e+01 +5.5616e-01 -2.2955e+00 -2.3432e+00 +4.2418e+00 -5.3307e+00
247708 +2.049827306e-01 +2.049827306e-01 -6.533501727e+01 -6.533501727e+01 -4.9367e+00 -5.8485e-03 -2.6804e+00 +2.9954e+00 +1.8627e-01
247874 +1.800481874e-01 +1.800481874e-01 -6.535995181e+01 -6.535995181e+01 -4.9440e+00 +2.8242e-02 -2.6977e+00 +2.9935e+00 +1.7078e-01
247883 +1.747372163e-01 +1.747372163e-01 -6.536526278e+01 -6.536526278e+01 -4.9452e+00 +3.0163e-02 -2.7002e+00 +2.9928e+00 +1.6907e-01
247899 +1.726513599e-01 +1.726513599e-01 -6.536734864e+01 -6.536734864e+01 -4.9451e+00 +2.1758e-02 -2.7014e+00 +2.9918e+00 +1.6922e-01
247952 +1.581567385e-01 +1.581567385e-01 -6.538184326e+01 -6.538184326e+01 -4.9434e+00 +2.0614e-02 -2.6967e+00 +2.9904e+00 +1.7079e-01
247979 +1.516525129e-01 +1.516525129e-01 -6.538834749e+01 -6.538834749e+01 -4.9445e+00 +2.3815e-02 -2.6964e+00 +2.9904e+00 +1.6958e-01
248008 +1.507103909e-01 +1.507103909e-01 -6.538928961e+01 -6.538928961e+01 -4.9442e+00 +2.1481e-02 -2.6974e+00 +2.9913e+00 +1.7027e-01
248032 +1.476950015e-01 +1.476950015e-01 -6.539230500e+01 -6.539230500e+01 -4.9435e+00 +2.0885e-02 -2.6982e+00 +2.9909e+00 +1.7048e-01
248057 +1.432106052e-01 +1.432106052e-01 -6.539678939e+01 -6.539678939e+01 -4.9436e+00 +2.1156e-02 -2.6985e+00 +2.9913e+00 +1.7033e-01
248143 +1.402584104e-01 +1.402584104e-01 -6.539974159e+01 -6.539974159e+01 -4.9429e+00 +2.1718e-02 -2.6988e+00 +2.9919e+00 +1.7124e-01
248155 +1.367811347e-01 +1.367811347e-01 -6.540321887e+01 -6.540321887e+01 -4.9428e+00 +2.1843e-02 -2.6991e+00 +2.9920e+00 +1.7135e-01
248278 +1.333822745e-01 +1.333822745e-01 -6.540661773e+01 -6.540661773e+01 -4.9428e+00 +2.1838e-02 -2.6989e+00 +2.9919e+00 +1.7125e-01
% function evaluation | noise-free fitness - Fopt (-2.375000000000e+01) | best noise-free fitness - Fopt | measured fitness | best measured fitness | x1 | x2...
1 +1.083546752e+02 +1.083546752e+02 +8.460467518e+01 +8.460467518e+01 +0.0000e+00 +0.0000e+00 +0.0000e+00 +0.0000e+00 +0.0000e+00
4 +3.679123587e+01 +3.679123587e+01 +1.304123587e+01 +1.304123587e+01 -4.2825e-01 +1.5289e+00 +8.9728e-01 -1.0192e-01 -5.8446e-01
6 +1.381556203e+01 +1.381556203e+01 -9.934437968e+00 -9.934437968e+00 +2.0518e+00 -1.9701e-01 -1.3758e-01 -2.4995e+00 -1.0733e+00
117 +1.370987906e+01 +1.370987906e+01 -1.004012094e+01 -1.004012094e+01 +4.8300e+00 -2.2050e+00 +5.2673e+00 +2.5687e+00 -6.0291e+00
123 +1.326131433e+01 +1.326131433e+01 -1.048868567e+01 -1.048868567e+01 +3.8298e+00 -9.4342e-01 +4.2454e+00 +2.7913e+00 -4.2499e+00
138 +1.115507251e+01 +1.115507251e+01 -1.259492749e+01 -1.259492749e+01 +4.1652e+00 -3.9226e+00 +4.1398e+00 +2.6143e+00 -1.5235e+00
191 +4.386030765e+00 +4.386030765e+00 -1.936396924e+01 -1.936396924e+01 +5.3818e+00 -3.5360e+00 +4.9225e+00 +2.4855e+00 -9.3930e-01
516 +4.242199735e+00 +4.242199735e+00 -1.950780027e+01 -1.950780027e+01 +5.6784e+00 -5.0102e+00 +2.2862e+00 +2.1321e+00 -3.0447e+00
549 +4.099779665e+00 +4.099779665e+00 -1.965022034e+01 -1.965022034e+01 +5.8847e+00 -5.0818e+00 +2.2524e+00 +2.1844e+00 -2.9032e+00
551 +4.006620072e+00 +4.006620072e+00 -1.974337993e+01 -1.974337993e+01 +5.9288e+00 -4.9541e+00 +2.2394e+00 +2.2384e+00 -2.8160e+00
555 +3.474483938e+00 +3.474483938e+00 -2.027551606e+01 -2.027551606e+01 +5.7957e+00 -4.9686e+00 +2.0763e+00 +2.1858e+00 -2.9874e+00
557 +3.406774479e+00 +3.406774479e+00 -2.034322552e+01 -2.034322552e+01 +5.9890e+00 -4.9339e+00 +2.3794e+00 +2.1595e+00 -2.7891e+00
562 +2.663276376e+00 +2.663276376e+00 -2.108672362e+01 -2.108672362e+01 +5.9362e+00 -4.9163e+00 +2.3357e+00 +2.2214e+00 -2.8043e+00
572 +2.622255357e+00 +2.622255357e+00 -2.112774464e+01 -2.112774464e+01 +5.9213e+00 -4.9410e+00 +2.3555e+00 +2.1798e+00 -2.8001e+00
617 +2.477682625e+00 +2.477682625e+00 -2.127231737e+01 -2.127231737e+01 +5.8630e+00 -4.9782e+00 +2.4323e+00 +2.1799e+00 -2.7821e+00
637 +2.417754577e+00 +2.417754577e+00 -2.133224542e+01 -2.133224542e+01 +5.8448e+00 -4.9912e+00 +2.4210e+00 +2.1955e+00 -2.8155e+00
676 +2.306277043e+00 +2.306277043e+00 -2.144372296e+01 -2.144372296e+01 +5.8481e+00 -4.9942e+00 +2.3686e+00 +2.1973e+00 -2.8553e+00
678 +2.238291663e+00 +2.238291663e+00 -2.151170834e+01 -2.151170834e+01 +5.8522e+00 -5.0195e+00 +2.3787e+00 +2.1888e+00 -2.8177e+00
703 +2.151269342e+00 +2.151269342e+00 -2.159873066e+01 -2.159873066e+01 +5.8932e+00 -5.0035e+00 +2.4018e+00 +2.1932e+00 -2.8049e+00
732 +2.128394563e+00 +2.128394563e+00 -2.162160544e+01 -2.162160544e+01 +5.8735e+00 -5.0195e+00 +2.3973e+00 +2.1876e+00 -2.8096e+00
755 +2.078172766e+00 +2.078172766e+00 -2.167182723e+01 -2.167182723e+01 +5.8852e+00 -5.0217e+00 +2.3945e+00 +2.1706e+00 -2.8125e+00
756 +1.970831009e+00 +1.970831009e+00 -2.177916899e+01 -2.177916899e+01 +5.8618e+00 -5.0211e+00 +2.3824e+00 +2.1834e+00 -2.8214e+00
917 +1.941318994e+00 +1.941318994e+00 -2.180868101e+01 -2.180868101e+01 +5.8897e+00 -5.0162e+00 +2.3709e+00 +2.1778e+00 -2.8234e+00
58910 +1.817767840e+00 +1.817767840e+00 -2.193223216e+01 -2.193223216e+01 +3.9378e-01 -5.4952e+00 -5.1197e-01 -2.5966e+00 +4.7923e+00
58919 +1.672418628e+00 +1.672418628e+00 -2.207758137e+01 -2.207758137e+01 +3.8033e-01 -5.4927e+00 -5.0404e-01 -2.5938e+00 +4.7930e+00
58944 +1.527353169e+00 +1.527353169e+00 -2.222264683e+01 -2.222264683e+01 +3.8475e-01 -5.4834e+00 -5.2343e-01 -2.6011e+00 +4.7778e+00
59032 +1.492222386e+00 +1.492222386e+00 -2.225777761e+01 -2.225777761e+01 +3.7810e-01 -5.4867e+00 -5.1977e-01 -2.5991e+00 +4.7780e+00
59033 +1.416638765e+00 +1.416638765e+00 -2.233336123e+01 -2.233336123e+01 +3.7600e-01 -5.4871e+00 -5.1734e-01 -2.5990e+00 +4.7799e+00
59087 +1.406597602e+00 +1.406597602e+00 -2.234340240e+01 -2.234340240e+01 +3.7703e-01 -5.4863e+00 -5.1377e-01 -2.5992e+00 +4.7805e+00
59095 +1.353484608e+00 +1.353484608e+00 -2.239651539e+01 -2.239651539e+01 +3.7629e-01 -5.4852e+00 -5.1310e-01 -2.6006e+00 +4.7804e+00
59113 +1.347617828e+00 +1.347617828e+00 -2.240238217e+01 -2.240238217e+01 +3.7442e-01 -5.4859e+00 -5.0966e-01 -2.6004e+00 +4.7821e+00
59154 +1.303508057e+00 +1.303508057e+00 -2.244649194e+01 -2.244649194e+01 +3.7781e-01 -5.4837e+00 -5.1046e-01 -2.5986e+00 +4.7821e+00
59213 +1.245537466e+00 +1.245537466e+00 -2.250446253e+01 -2.250446253e+01 +3.7889e-01 -5.4834e+00 -5.0763e-01 -2.5968e+00 +4.7840e+00
343922 +1.191249100e+00 +1.191249100e+00 -2.255875090e+01 -2.255875090e+01 -1.4158e+00 +2.9734e-01 -2.8748e-01 -1.5470e+00 -1.2923e+00
343928 +1.134671064e+00 +1.134671064e+00 -2.261532894e+01 -2.261532894e+01 -1.4174e+00 +2.9588e-01 -2.8852e-01 -1.5494e+00 -1.2949e+00
343970 +1.045904210e+00 +1.045904210e+00 -2.270409579e+01 -2.270409579e+01 -1.4155e+00 +2.9518e-01 -2.9305e-01 -1.5489e+00 -1.2965e+00
344118 +9.916919703e-01 +9.916919703e-01 -2.275830803e+01 -2.275830803e+01 -1.4121e+00 +2.9382e-01 -2.9469e-01 -1.5488e+00 -1.2936e+00
344278 +9.706461301e-01 +9.706461301e-01 -2.277935387e+01 -2.277935387e+01 -1.4118e+00 +2.9397e-01 -2.9427e-01 -1.5486e+00 -1.2932e+00
344482 +9.547433191e-01 +9.547433191e-01 -2.279525668e+01 -2.279525668e+01 -1.4118e+00 +2.9399e-01 -2.9425e-01 -1.5486e+00 -1.2932e+00
% function evaluation | noise-free fitness - Fopt (3.513000000000e+01) | best noise-free fitness - Fopt | measured fitness | best measured fitness | x1 | x2...
1 +1.031865279e+02 +1.031865279e+02 +1.383165279e+02 +1.383165279e+02 +0.0000e+00 +0.0000e+00 +0.0000e+00 +0.0000e+00 +0.0000e+00
3 +6.649864902e+01 +6.649864902e+01 +1.016286490e+02 +1.016286490e+02 -7.6435e-01 +1.5601e+00 -1.8616e+00 +3.2228e-01 +2.4346e-01
4 +6.273414338e+01 +6.273414338e+01 +9.786414338e+01 +9.786414338e+01 -1.0406e+00 +9.8046e-01 -6.3699e-01 -2.4039e-01 -1.0756e+00
6 +3.336786351e+01 +3.336786351e+01 +6.849786351e+01 +6.849786351e+01 +1.6089e+00 -3.4363e-01 +1.3871e-01 +2.8694e+00 +1.3852e+00
12 +1.284864735e+01 +1.284864735e+01 +4.797864735e+01 +4.797864735e+01 +1.0742e+00 -1.0988e-01 -1.8208e+00 +3.3569e-01 +8.7712e-01
220 +8.000538409e+00 +8.000538409e+00 +4.313053841e+01 +4.313053841e+01 +3.1504e+00 -4.2997e+00 +4.9066e-01 +3.5558e+00 -4.7917e+00
254 +5.657027270e+00 +5.657027270e+00 +4.078702727e+01 +4.078702727e+01 +3.3674e+00 -4.0697e+00 +4.4071e-01 +3.1565e+00 -4.5064e+00
305 +4.114865968e+00 +4.114865968e+00 +3.924486597e+01 +3.924486597e+01 +2.8644e+00 -4.1646e+00 +6.4828e-01 +3.8175e+00 -5.1738e+00
365 +3.708884163e+00 +3.708884163e+00 +3.883888416e+01 +3.883888416e+01 +2.9834e+00 -4.3071e+00 +5.2519e-01 +3.9671e+00 -5.3662e+00
368 +3.417958597e+00 +3.417958597e+00 +3.854795860e+01 +3.854795860e+01 +2.9958e+00 -4.4144e+00 +5.1642e-01 +3.8478e+00 -5.2471e+00
369 +3.262579858e+00 +3.262579858e+00 +3.839257986e+01 +3.839257986e+01 +2.8914e+00 -4.3483e+00 +4.8348e-01 +3.8818e+00 -5.3478e+00
414 +3.160839599e+00 +3.160839599e+00 +3.829083960e+01 +3.829083960e+01 +2.8157e+00 -4.3774e+00 +4.0665e-01 +3.7473e+00 -5.4632e+00
416 +2.947822192e+00 +2.947822192e+00 +3.807782219e+01 +3.807782219e+01 +2.7995e+00 -4.2922e+00 +4.4037e-01 +3.8324e+00 -5.3227e+00
452 +2.730342574e+00 +2.730342574e+00 +3.786034257e+01 +3.786034257e+01 +2.7847e+00 -4.2464e+00 +3.7407e-01 +3.7012e+00 -5.2532e+00
470 +2.220001927e+00 +2.220001927e+00 +3.735000193e+01 +3.735000193e+01 +2.7147e+00 -4.2707e+00 +3.4468e-01 +3.7380e+00 -5.2301e+00
496 +1.930693956e+00 +1.930693956e+00 +3.706069396e+01 +3.706069396e+01 +2.6530e+00 -4.2645e+00 +3.6938e-01 +3.7622e+00 -5.1864e+00
509 +1.859905122e+00 +1.859905122e+00 +3.698990512e+01 +3.698990512e+01 +2.6651e+00 -4.2525e+00 +4.0551e-01 +3.8033e+00 -5.1711e+00
516 +1.759113835e+00 +1.759113835e+00 +3.688911384e+01 +3.688911384e+01 +2.6894e+00 -4.2501e+00 +3.9168e-01 +3.7502e+00 -5.2580e+00
532 +1.715423091e+00 +1.715423091e+00 +3.684542309e+01 +3.684542309e+01 +2.7228e+00 -4.2538e+00 +4.2945e-01 +3.7673e+00 -5.3246e+00
539 +1.654024006e+00 +1.654024006e+00 +3.678402401e+01 +3.678402401e+01 +2.6545e+00 -4.2090e+00 +4.2191e-01 +3.6942e+00 -5.3760e+00
557 +1.604060552e+00 +1.604060552e+00 +3.673406055e+01 +3.673406055e+01 +2.6542e+00 -4.2562e+00 +4.0049e-01 +3.7378e+00 -5.3941e+00
579 +1.194297074e+00 +1.194297074e+00 +3.632429707e+01 +3.632429707e+01 +2.5998e+00 -4.2225e+00 +3.9731e-01 +3.7114e+00 -5.3385e+00
580 +1.110220530e+00 +1.110220530e+00 +3.624022053e+01 +3.624022053e+01 +2.6282e+00 -4.2452e+00 +3.8462e-01 +3.7100e+00 -5.3863e+00
632 +9.512736903e-01 +9.512736903e-01 +3.608127369e+01 +3.608127369e+01 +2.6134e+00 -4.2444e+00 +3.7259e-01 +3.7189e+00 -5.4076e+00
690 +9.323305416e-01 +9.323305416e-01 +3.606233054e+01 +3.606233054e+01 +2.6228e+00 -4.2273e+00 +3.9072e-01 +3.7236e+00 -5.4075e+00
709 +9.051178327e-01 +9.051178327e-01 +3.603511783e+01 +3.603511783e+01 +2.6252e+00 -4.2254e+00 +3.9332e-01 +3.7180e+00 -5.3900e+00
719 +8.512091236e-01 +8.512091236e-01 +3.598120912e+01 +3.598120912e+01 +2.6206e+00 -4.2235e+00 +3.8895e-01 +3.7129e+00 -5.3832e+00
752 +7.216526370e-01 +7.216526370e-01 +3.585165264e+01 +3.585165264e+01 +2.6130e+00 -4.2320e+00 +3.8161e-01 +3.7266e+00 -5.3817e+00
814 +6.915559410e-01 +6.915559410e-01 +3.582155594e+01 +3.582155594e+01 +2.6114e+00 -4.2315e+00 +3.8084e-01 +3.7231e+00 -5.3898e+00
822 +6.649240213e-01 +6.649240213e-01 +3.579492402e+01 +3.579492402e+01 +2.6111e+00 -4.2303e+00 +3.8050e-01 +3.7244e+00 -5.3871e+00
832 +6.560528994e-01 +6.560528994e-01 +3.578605290e+01 +3.578605290e+01 +2.6116e+00 -4.2308e+00 +3.8023e-01 +3.7253e+00 -5.3877e+00
892 +6.407829477e-01 +6.407829477e-01 +3.577078295e+01 +3.577078295e+01 +2.6116e+00 -4.2309e+00 +3.7997e-01 +3.7254e+00 -5.3850e+00
920 +6.203087598e-01 +6.203087598e-01 +3.575030876e+01 +3.575030876e+01 +2.6110e+00 -4.2310e+00 +3.7951e-01 +3.7250e+00 -5.3855e+00
1111 +6.153094881e-01 +6.153094881e-01 +3.574530949e+01 +3.574530949e+01 +2.6112e+00 -4.2313e+00 +3.7934e-01 +3.7251e+00 -5.3862e+00
1286 +6.023740640e-01 +6.023740640e-01 +3.573237406e+01 +3.573237406e+01 +2.6110e+00 -4.2312e+00 +3.7911e-01 +3.7251e+00 -5.3865e+00
116877 +5.247490576e-01 +5.247490576e-01 +3.565474906e+01 +3.565474906e+01 +4.1441e+00 +1.7521e-01 -5.0655e+00 +2.1369e+00 -2.7646e+00
117067 +4.727020976e-01 +4.727020976e-01 +3.560270210e+01 +3.560270210e+01 +4.0104e+00 +2.9785e-01 -5.0561e+00 +2.0276e+00 -2.6242e+00
117201 +4.479480534e-01 +4.479480534e-01 +3.557794805e+01 +3.557794805e+01 +4.0196e+00 +2.8705e-01 -5.0464e+00 +2.0330e+00 -2.6345e+00
117204 +4.207938176e-01 +4.207938176e-01 +3.555079382e+01 +3.555079382e+01 +4.0179e+00 +2.7484e-01 -5.0526e+00 +2.0400e+00 -2.6340e+00
117304 +3.616312482e-01 +3.616312482e-01 +3.549163125e+01 +3.549163125e+01 +4.0140e+00 +2.9512e-01 -5.0541e+00 +2.0483e+00 -2.6641e+00
117323 +3.300476802e-01 +3.300476802e-01 +3.546004768e+01 +3.546004768e+01 +4.0190e+00 +2.8749e-01 -5.0531e+00 +2.0480e+00 -2.6616e+00
117324 +3.192269125e-01 +3.192269125e-01 +3.544922691e+01 +3.544922691e+01 +4.0305e+00 +2.9705e-01 -5.0526e+00 +2.0429e+00 -2.6615e+00
117331 +3.022434489e-01 +3.022434489e-01 +3.543224345e+01 +3.543224345e+01 +4.0196e+00 +2.9314e-01 -5.0570e+00 +2.0468e+00 -2.6668e+00
117334 +2.686146840e-01 +2.686146840e-01 +3.539861468e+01 +3.539861468e+01 +4.0173e+00 +2.8770e-01 -5.0574e+00 +2.0559e+00 -2.6583e+00
117342 +2.562893558e-01 +2.562893558e-01 +3.538628936e+01 +3.538628936e+01 +4.0297e+00 +3.0000e-01 -5.0556e+00 +2.0470e+00 -2.6637e+00
117377 +2.460372091e-01 +2.460372091e-01 +3.537603721e+01 +3.537603721e+01 +4.0285e+00 +2.7456e-01 -5.0618e+00 +2.0605e+00 -2.6674e+00
117436 +2.434011809e-01 +2.434011809e-01 +3.537340118e+01 +3.537340118e+01 +4.0253e+00 +2.7365e-01 -5.0645e+00 +2.0595e+00 -2.6669e+00
117500 +2.260083518e-01 +2.260083518e-01 +3.535600835e+01 +3.535600835e+01 +4.0296e+00 +2.7567e-01 -5.0619e+00 +2.0595e+00 -2.6674e+00
117513 +2.202711377e-01 +2.202711377e-01 +3.535027114e+01 +3.535027114e+01 +4.0323e+00 +2.7107e-01 -5.0603e+00 +2.0610e+00 -2.6672e+00
117525 +2.186773621e-01 +2.186773621e-01 +3.534867736e+01 +3.534867736e+01 +4.0290e+00 +2.7248e-01 -5.0617e+00 +2.0589e+00 -2.6676e+00
117557 +2.114751316e-01 +2.114751316e-01 +3.534147513e+01 +3.534147513e+01 +4.0308e+00 +2.7379e-01 -5.0611e+00 +2.0609e+00 -2.6666e+00
117577 +2.003371199e-01 +2.003371199e-01 +3.533033712e+01 +3.533033712e+01 +4.0316e+00 +2.7421e-01 -5.0609e+00 +2.0619e+00 -2.6665e+00
117652 +1.961148975e-01 +1.961148975e-01 +3.532611490e+01 +3.532611490e+01 +4.0315e+00 +2.7489e-01 -5.0612e+00 +2.0613e+00 -2.6670e+00
117669 +1.934186181e-01 +1.934186181e-01 +3.532341862e+01 +3.532341862e+01 +4.0321e+00 +2.7488e-01 -5.0611e+00 +2.0616e+00 -2.6674e+00
117698 +1.877760338e-01 +1.877760338e-01 +3.531777603e+01 +3.531777603e+01 +4.0322e+00 +2.7489e-01 -5.0610e+00 +2.0615e+00 -2.6674e+00
117706 +1.854097262e-01 +1.854097262e-01 +3.531540973e+01 +3.531540973e+01 +4.0321e+00 +2.7501e-01 -5.0610e+00 +2.0614e+00 -2.6676e+00
117731 +1.818470216e-01 +1.818470216e-01 +3.531184702e+01 +3.531184702e+01 +4.0325e+00 +2.7488e-01 -5.0610e+00 +2.0613e+00 -2.6680e+00
117767 +1.778120818e-01 +1.778120818e-01 +3.530781208e+01 +3.530781208e+01 +4.0326e+00 +2.7513e-01 -5.0610e+00 +2.0613e+00 -2.6681e+00
117895 +1.734003370e-01 +1.734003370e-01 +3.530340034e+01 +3.530340034e+01 +4.0325e+00 +2.7508e-01 -5.0610e+00 +2.0613e+00 -2.6682e+00
231039 +1.159013451e-01 +1.159013451e-01 +3.524590135e+01 +3.524590135e+01 -1.0785e+00 +1.4745e+00 -4.6383e+00 -5.5309e-01 +3.9374e-02
231055 +1.087198204e-01 +1.087198204e-01 +3.523871982e+01 +3.523871982e+01 -1.0679e+00 +1.4718e+00 -4.6688e+00 -5.5714e-01 +5.4900e-02
231062 +6.458002239e-02 +6.458002239e-02 +3.519458002e+01 +3.519458002e+01 -1.0336e+00 +1.4373e+00 -4.6728e+00 -5.5379e-01 +2.6119e-02
231064 +5.360324413e-02 +5.360324413e-02 +3.518360324e+01 +3.518360324e+01 -1.0629e+00 +1.4451e+00 -4.6732e+00 -5.3689e-01 +3.0862e-02
231075 +4.628031720e-02 +4.628031720e-02 +3.517628032e+01 +3.517628032e+01 -1.0785e+00 +1.4415e+00 -4.6973e+00 -5.2941e-01 +5.8626e-02
231077 +2.955868075e-02 +2.955868075e-02 +3.515955868e+01 +3.515955868e+01 -1.0783e+00 +1.4458e+00 -4.6879e+00 -5.3883e-01 +8.1090e-02
231094 +2.424327322e-02 +2.424327322e-02 +3.515424327e+01 +3.515424327e+01 -1.0766e+00 +1.4669e+00 -4.6802e+00 -5.1849e-01 +7.1578e-02
231120 +1.459715499e-02 +1.459715499e-02 +3.514459715e+01 +3.514459715e+01 -1.0592e+00 +1.4523e+00 -4.6740e+00 -5.3649e-01 +6.3658e-02
231140 +7.020892568e-03 +7.020892568e-03 +3.513702089e+01 +3.513702089e+01 -1.0655e+00 +1.4502e+00 -4.6687e+00 -5.4411e-01 +7.9987e-02
231169 +5.842318441e-03 +5.842318441e-03 +3.513584232e+01 +3.513584232e+01 -1.0584e+00 +1.4444e+00 -4.6752e+00 -5.4108e-01 +7.5003e-02
231195 +5.435645921e-03 +5.435645921e-03 +3.513543565e+01 +3.513543565e+01 -1.0623e+00 +1.4463e+00 -4.6722e+00 -5.4195e-01 +7.7652e-02
231197 +4.399646717e-03 +4.399646717e-03 +3.513439965e+01 +3.513439965e+01 -1.0610e+00 +1.4470e+00 -4.6738e+00 -5.4099e-01 +7.5763e-02
231202 +3.041547777e-03 +3.041547777e-03 +3.513304155e+01 +3.513304155e+01 -1.0619e+00 +1.4494e+00 -4.6734e+00 -5.3576e-01 +7.6789e-02
231210 +1.652932299e-03 +1.652932299e-03 +3.513165293e+01 +3.513165293e+01 -1.0622e+00 +1.4506e+00 -4.6731e+00 -5.3394e-01 +7.5386e-02
231216 +1.237889463e-03 +1.237889463e-03 +3.513123789e+01 +3.513123789e+01 -1.0625e+00 +1.4508e+00 -4.6727e+00 -5.3487e-01 +7.3128e-02
231226 +1.016451731e-03 +1.016451731e-03 +3.513101645e+01 +3.513101645e+01 -1.0618e+00 +1.4481e+00 -4.6743e+00 -5.3358e-01 +7.0583e-02
231240 +6.628929880e-04 +6.628929880e-04 +3.513066289e+01 +3.513066289e+01 -1.0608e+00 +1.4486e+00 -4.6749e+00 -5.3259e-01 +6.6519e-02
231290 +5.531379456e-04 +5.531379456e-04 +3.513055314e+01 +3.513055314e+01 -1.0627e+00 +1.4516e+00 -4.6730e+00 -5.3325e-01 +6.9807e-02
231303 +5.329194912e-04 +5.329194912e-04 +3.513053292e+01 +3.513053292e+01 -1.0633e+00 +1.4516e+00 -4.6729e+00 -5.3354e-01 +7.1682e-02
231311 +4.281809369e-04 +4.281809369e-04 +3.513042818e+01 +3.513042818e+01 -1.0633e+00 +1.4511e+00 -4.6736e+00 -5.3438e-01 +7.2407e-02
231318 +4.170856820e-04 +4.170856820e-04 +3.513041709e+01 +3.513041709e+01 -1.0641e+00 +1.4513e+00 -4.6734e+00 -5.3383e-01 +7.2254e-02
231329 +3.948069622e-04 +3.948069622e-04 +3.513039481e+01 +3.513039481e+01 -1.0633e+00 +1.4504e+00 -4.6735e+00 -5.3453e-01 +7.2124e-02
231341 +2.896728858e-04 +2.896728858e-04 +3.513028967e+01 +3.513028967e+01 -1.0637e+00 +1.4513e+00 -4.6732e+00 -5.3486e-01 +7.1879e-02
231369 +2.023017862e-04 +2.023017862e-04 +3.513020230e+01 +3.513020230e+01 -1.0637e+00 +1.4513e+00 -4.6732e+00 -5.3467e-01 +7.1543e-02
231422 +1.806153484e-04 +1.806153484e-04 +3.513018062e+01 +3.513018062e+01 -1.0636e+00 +1.4515e+00 -4.6729e+00 -5.3449e-01 +7.1773e-02
231468 +1.596892921e-04 +1.596892921e-04 +3.513015969e+01 +3.513015969e+01 -1.0635e+00 +1.4513e+00 -4.6730e+00 -5.3470e-01 +7.1659e-02
231477 +1.535352464e-04 +1.535352464e-04 +3.513015354e+01 +3.513015354e+01 -1.0636e+00 +1.4514e+00 -4.6729e+00 -5.3461e-01 +7.1560e-02
231487 +1.461360725e-04 +1.461360725e-04 +3.513014614e+01 +3.513014614e+01 -1.0636e+00 +1.4515e+00 -4.6729e+00 -5.3452e-01 +7.1565e-02
231491 +1.212105773e-04 +1.212105773e-04 +3.513012121e+01 +3.513012121e+01 -1.0636e+00 +1.4515e+00 -4.6729e+00 -5.3456e-01 +7.1500e-02
231514 +1.150433786e-04 +1.150433786e-04 +3.513011504e+01 +3.513011504e+01 -1.0637e+00 +1.4515e+00 -4.6730e+00 -5.3457e-01 +7.1491e-02
231526 +1.123124092e-04 +1.123124092e-04 +3.513011231e+01 +3.513011231e+01 -1.0636e+00 +1.4515e+00 -4.6729e+00 -5.3459e-01 +7.1596e-02
231546 +1.030548520e-04 +1.030548520e-04 +3.513010305e+01 +3.513010305e+01 -1.0637e+00 +1.4516e+00 -4.6728e+00 -5.3460e-01 +7.1577e-02
231547 +1.003441429e-04 +1.003441429e-04 +3.513010034e+01 +3.513010034e+01 -1.0637e+00 +1.4515e+00 -4.6729e+00 -5.3455e-01 +7.1540e-02
231652 +9.970878529e-05 +9.970878529e-05 +3.513009971e+01 +3.513009971e+01 -1.0636e+00 +1.4515e+00 -4.6729e+00 -5.3455e-01 +7.1561e-02
231664 +9.687858871e-05 +9.687858871e-05 +3.513009688e+01 +3.513009688e+01 -1.0636e+00 +1.4515e+00 -4.6729e+00 -5.3455e-01 +7.1553e-02
231669 +9.404685409e-05 +9.404685409e-05 +3.513009405e+01 +3.513009405e+01 -1.0636e+00 +1.4515e+00 -4.6729e+00 -5.3454e-01 +7.1546e-02
231680 +8.696512597e-05 +8.696512597e-05 +3.513008697e+01 +3.513008697e+01 -1.0636e+00 +1.4515e+00 -4.6729e+00 -5.3454e-01 +7.1539e-02
231757 +8.428151577e-05 +8.428151577e-05 +3.513008428e+01 +3.513008428e+01 -1.0636e+00 +1.4515e+00 -4.6729e+00 -5.3455e-01 +7.1566e-02
231809 +8.116202827e-05 +8.116202827e-05 +3.513008116e+01 +3.513008116e+01 -1.0636e+00 +1.4515e+00 -4.6729e+00 -5.3455e-01 +7.1542e-02
231991 +7.942953717e-05 +7.942953717e-05 +3.513007943e+01 +3.513007943e+01 -1.0637e+00 +1.4515e+00 -4.6729e+00 -5.3455e-01 +7.1547e-02
% function evaluation | noise-free fitness - Fopt (-7.982000000000e+01) | best noise-free fitness - Fopt | measured fitness | best measured fitness | x1 | x2...
1 +5.763519936e+01 +5.763519936e+01 -2.218480064e+01 -2.218480064e+01 +0.0000e+00 +0.0000e+00 +0.0000e+00 +0.0000e+00 +0.0000e+00
6 +3.318614235e+01 +3.318614235e+01 -4.663385765e+01 -4.663385765e+01 -8.4269e-01 +3.6370e-01 -2.6711e-01 +5.5447e-01 -1.1598e+00
24 +2.020185476e+01 +2.020185476e+01 -5.961814524e+01 -5.961814524e+01 -2.3771e+00 -7.9895e-01 -9.8496e-01 -2.1306e+00 +6.0056e-01
79 +1.416337247e+01 +1.416337247e+01 -6.565662753e+01 -6.565662753e+01 -1.5834e+00 +3.0064e-01 -1.8374e+00 -1.1976e+00 +1.1003e+00
82 +6.276460486e+00 +6.276460486e+00 -7.354353951e+01 -7.354353951e+01 -2.8009e+00 +4.1628e-01 -7.1267e-01 -2.2987e+00 +9.6078e-01
229 +2.995204403e+00 +2.995204403e+00 -7.682479560e+01 -7.682479560e+01 -2.3409e+00 +1.3257e+00 -1.2137e+00 -3.0955e+00 +2.1761e+00
285 +2.806687388e+00 +2.806687388e+00 -7.701331261e+01 -7.701331261e+01 -2.2142e+00 +1.2713e+00 -9.9117e-01 -3.1995e+00 +2.1868e+00
320 +2.200753251e+00 +2.200753251e+00 -7.761924675e+01 -7.761924675e+01 -2.2029e+00 +1.2681e+00 -9.5888e-01 -3.1686e+00 +2.1379e+00
442 +1.945342738e+00 +1.945342738e+00 -7.787465726e+01 -7.787465726e+01 -2.1982e+00 +1.2390e+00 -9.4477e-01 -3.1747e+00 +2.1173e+00
446 +1.707894597e+00 +1.707894597e+00 -7.811210540e+01 -7.811210540e+01 -2.1925e+00 +1.2419e+00 -9.5335e-01 -3.1543e+00 +2.1087e+00
544 +1.605507388e+00 +1.605507388e+00 -7.821449261e+01 -7.821449261e+01 -2.1946e+00 +1.2356e+00 -9.4531e-01 -3.1802e+00 +2.1202e+00
555 +1.421639796e+00 +1.421639796e+00 -7.839836020e+01 -7.839836020e+01 -2.1885e+00 +1.2361e+00 -9.5220e-01 -3.1769e+00 +2.1140e+00
654 +1.400742886e+00 +1.400742886e+00 -7.841925711e+01 -7.841925711e+01 -2.1955e+00 +1.2411e+00 -9.5507e-01 -3.1804e+00 +2.1251e+00
666 +1.339246447e+00 +1.339246447e+00 -7.848075355e+01 -7.848075355e+01 -2.1950e+00 +1.2412e+00 -9.5617e-01 -3.1829e+00 +2.1273e+00
773 +1.314056528e+00 +1.314056528e+00 -7.850594347e+01 -7.850594347e+01 -2.1950e+00 +1.2404e+00 -9.5561e-01 -3.1822e+00 +2.1266e+00
829 +1.279710913e+00 +1.279710913e+00 -7.854028909e+01 -7.854028909e+01 -2.1945e+00 +1.2397e+00 -9.5474e-01 -3.1821e+00 +2.1252e+00
1021 +1.250150527e+00 +1.250150527e+00 -7.856984947e+01 -7.856984947e+01 -2.1943e+00 +1.2397e+00 -9.5501e-01 -3.1821e+00 +2.1255e+00
181522 +1.036731894e+00 +1.036731894e+00 -7.878326811e+01 -7.878326811e+01 -2.9918e+00 +2.9100e+00 +1.9727e+00 -4.9225e+00 -3.2932e+00
181611 +1.020829237e+00 +1.020829237e+00 -7.879917076e+01 -7.879917076e+01 -3.0434e+00 +2.9739e+00 +1.9408e+00 -4.9547e+00 -3.2791e+00
181656 +5.759997724e-01 +5.759997724e-01 -7.924400023e+01 -7.924400023e+01 -3.0283e+00 +2.9697e+00 +1.9401e+00 -4.9424e+00 -3.2772e+00
181811 +5.568822077e-01 +5.568822077e-01 -7.926311779e+01 -7.926311779e+01 -3.0274e+00 +2.9733e+00 +1.9368e+00 -4.9446e+00 -3.2789e+00
181818 +5.452030203e-01 +5.452030203e-01 -7.927479698e+01 -7.927479698e+01 -3.0268e+00 +2.9731e+00 +1.9350e+00 -4.9453e+00 -3.2798e+00
181846 +5.315583426e-01 +5.315583426e-01 -7.928844166e+01 -7.928844166e+01 -3.0269e+00 +2.9748e+00 +1.9335e+00 -4.9492e+00 -3.2802e+00
181982 +5.037221075e-01 +5.037221075e-01 -7.931627789e+01 -7.931627789e+01 -3.0268e+00 +2.9769e+00 +1.9319e+00 -4.9539e+00 -3.2805e+00
182062 +4.970009698e-01 +4.970009698e-01 -7.932299903e+01 -7.932299903e+01 -3.0274e+00 +2.9768e+00 +1.9326e+00 -4.9548e+00 -3.2804e+00
182117 +4.881083102e-01 +4.881083102e-01 -7.933189169e+01 -7.933189169e+01 -3.0273e+00 +2.9773e+00 +1.9320e+00 -4.9547e+00 -3.2807e+00
182194 +4.767454682e-01 +4.767454682e-01 -7.934325453e+01 -7.934325453e+01 -3.0275e+00 +2.9770e+00 +1.9319e+00 -4.9540e+00 -3.2805e+00
% function evaluation | noise-free fitness - Fopt (1.925800000000e+02) | best noise-free fitness - Fopt | measured fitness | best measured fitness | x1 | x2...
1 +3.068868514e+02 +3.068868514e+02 +4.994668514e+02 +4.994668514e+02 +0.0000e+00 +0.0000e+00 +0.0000e+00 +0.0000e+00 +0.0000e+00
2 +4.535960210e+01 +4.535960210e+01 +2.379396021e+02 +2.379396021e+02 +2.4061e+00 -1.5198e+00 +2.7973e-02 -8.8337e-01 +3.3234e+00
12 +9.459302208e+00 +9.459302208e+00 +2.020393022e+02 +2.020393022e+02 +2.3193e+00 -7.6275e-02 +1.0769e+00 -1.6730e+00 +3.4819e+00
233 +2.245727570e+00 +2.245727570e+00 +1.948257276e+02 +1.948257276e+02 +2.1909e+00 -4.6512e-01 +1.1662e+00 -1.5201e+00 +4.1012e+00
436 +1.897291624e+00 +1.897291624e+00 +1.944772916e+02 +1.944772916e+02 +2.4605e+00 +1.8688e-01 +8.1412e-01 -1.5380e+00 +3.5232e+00
459 +1.814947741e+00 +1.814947741e+00 +1.943949477e+02 +1.943949477e+02 +2.4204e+00 +9.3284e-02 +7.8929e-01 -1.5113e+00 +3.5550e+00
465 +1.231895993e+00 +1.231895993e+00 +1.938118960e+02 +1.938118960e+02 +2.4492e+00 +7.4723e-02 +7.8975e-01 -1.4789e+00 +3.5823e+00
473 +1.031387010e+00 +1.031387010e+00 +1.936113870e+02 +1.936113870e+02 +2.3751e+00 +2.1146e-01 +8.3262e-01 -1.4864e+00 +3.5295e+00
747 +9.902494128e-01 +9.902494128e-01 +1.935702494e+02 +1.935702494e+02 +2.3620e+00 +2.3344e-01 +8.3609e-01 -1.4960e+00 +3.4845e+00
780 +9.396165421e-01 +9.396165421e-01 +1.935196165e+02 +1.935196165e+02 +2.3637e+00 +2.3702e-01 +8.3418e-01 -1.4938e+00 +3.4842e+00
785 +8.670682546e-01 +8.670682546e-01 +1.934470683e+02 +1.934470683e+02 +2.3630e+00 +2.3809e-01 +8.3539e-01 -1.4931e+00 +3.4844e+00
942 +8.319867661e-01 +8.319867661e-01 +1.934119868e+02 +1.934119868e+02 +2.3613e+00 +2.3681e-01 +8.3544e-01 -1.4950e+00 +3.4851e+00
952 +8.278454957e-01 +8.278454957e-01 +1.934078455e+02 +1.934078455e+02 +2.3614e+00 +2.3653e-01 +8.3545e-01 -1.4951e+00 +3.4851e+00
% function evaluation | noise-free fitness - Fopt (-2.684800000000e+02) | best noise-free fitness - Fopt | measured fitness | best measured fitness | x1 | x2...
1 +5.329528781e+01 +5.329528781e+01 -2.151847122e+02 -2.151847122e+02 +0.0000e+00 +0.0000e+00 +0.0000e+00 +0.0000e+00 +0.0000e+00
3 +2.983212150e+01 +2.983212150e+01 -2.386478785e+02 -2.386478785e+02 +3.6080e+00 -3.8684e-01 +1.1458e+00 -6.9263e-01 -9.2161e-01
16 +2.748462060e+01 +2.748462060e+01 -2.409953794e+02 -2.409953794e+02 +4.8327e+00 +1.0412e-01 +3.6602e+00 -7.4077e-01 -1.7345e+00
25 +2.242219300e+01 +2.242219300e+01 -2.460578070e+02 -2.460578070e+02 +3.4202e+00 +2.4523e-01 +6.4672e-01 -4.1518e-01 -9.7791e-01
44 +1.388704980e+01 +1.388704980e+01 -2.545929502e+02 -2.545929502e+02 +4.1272e+00 +8.0267e-01 +1.3737e+00 -7.9364e-02 -1.6792e+00
58 +1.250019292e+01 +1.250019292e+01 -2.559798071e+02 -2.559798071e+02 +3.1817e+00 -8.3414e-04 +7.2133e-01 +2.3985e-01 -1.6045e+00
61 +9.983656663e+00 +9.983656663e+00 -2.584963433e+02 -2.584963433e+02 +3.7228e+00 +1.7673e-01 +1.0636e+00 -1.4645e-01 -1.2446e+00
87 +5.532350942e+00 +5.532350942e+00 -2.629476491e+02 -2.629476491e+02 +3.7967e+00 +1.2346e+00 +2.1792e+00 -7.5169e-01 -1.0621e+00
117 +5.200121989e+00 +5.200121989e+00 -2.632798780e+02 -2.632798780e+02 +3.4489e+00 +1.4829e+00 +2.1276e+00 -1.3734e-01 -1.1342e+00
131 +2.021483071e+00 +2.021483071e+00 -2.664585169e+02 -2.664585169e+02 +3.3928e+00 +8.6720e-01 +1.6612e+00 -1.2527e-01 -1.3415e+00
172 +1.057452560e+00 +1.057452560e+00 -2.674225474e+02 -2.674225474e+02 +3.4806e+00 +1.0603e+00 +2.0001e+00 -2.9442e-01 -1.3081e+00
218 +9.952858503e-01 +9.952858503e-01 -2.674847141e+02 -2.674847141e+02 +3.6783e+00 +1.2154e+00 +2.0382e+00 -2.1773e-01 -1.2414e+00
226 +5.586456268e-01 +5.586456268e-01 -2.679213544e+02 -2.679213544e+02 +3.4661e+00 +1.0873e+00 +1.9285e+00 -1.7865e-01 -1.2740e+00
271 +5.243169116e-01 +5.243169116e-01 -2.679556831e+02 -2.679556831e+02 +3.5730e+00 +9.8694e-01 +1.8844e+00 -3.3813e-01 -1.1159e+00
280 +4.208406721e-01 +4.208406721e-01 -2.680591593e+02 -2.680591593e+02 +3.5518e+00 +1.0216e+00 +1.8566e+00 -4.3518e-01 -1.1464e+00
368 +3.380527532e-01 +3.380527532e-01 -2.681419472e+02 -2.681419472e+02 +3.4390e+00 +1.1158e+00 +1.9113e+00 -5.0292e-01 -1.0563e+00
383 +3.149242117e-01 +3.149242117e-01 -2.681650758e+02 -2.681650758e+02 +3.5145e+00 +1.0718e+00 +1.8885e+00 -4.0427e-01 -1.1214e+00
431 +2.421555729e-01 +2.421555729e-01 -2.682378444e+02 -2.682378444e+02 +3.5241e+00 +1.0613e+00 +1.8958e+00 -3.2573e-01 -1.1482e+00
442 +2.164514421e-01 +2.164514421e-01 -2.682635486e+02 -2.682635486e+02 +3.5254e+00 +1.0837e+00 +1.8892e+00 -3.0964e-01 -1.1478e+00
516 +1.947430585e-01 +1.947430585e-01 -2.682852569e+02 -2.682852569e+02 +3.5241e+00 +1.0758e+00 +1.8716e+00 -3.2721e-01 -1.1704e+00
528 +1.730500860e-01 +1.730500860e-01 -2.683069499e+02 -2.683069499e+02 +3.5235e+00 +1.0722e+00 +1.8630e+00 -3.2928e-01 -1.1838e+00
545 +1.665518019e-01 +1.665518019e-01 -2.683134482e+02 -2.683134482e+02 +3.5268e+00 +1.0552e+00 +1.8613e+00 -3.3758e-01 -1.1776e+00
554 +1.373402815e-01 +1.373402815e-01 -2.683426597e+02 -2.683426597e+02 +3.5366e+00 +1.0634e+00 +1.8597e+00 -3.4603e-01 -1.1783e+00
557 +1.163205257e-01 +1.163205257e-01 -2.683636795e+02 -2.683636795e+02 +3.5212e+00 +1.0428e+00 +1.8512e+00 -3.3146e-01 -1.1794e+00
565 +9.991249929e-02 +9.991249929e-02 -2.683800875e+02 -2.683800875e+02 +3.5118e+00 +1.0394e+00 +1.8478e+00 -3.2324e-01 -1.1789e+00
575 +9.135954794e-02 +9.135954794e-02 -2.683886405e+02 -2.683886405e+02 +3.5118e+00 +1.0238e+00 +1.8391e+00 -3.1073e-01 -1.1871e+00
588 +4.755679356e-02 +4.755679356e-02 -2.684324432e+02 -2.684324432e+02 +3.5106e+00 +1.0021e+00 +1.8238e+00 -3.0449e-01 -1.1994e+00
644 +3.985127464e-02 +3.985127464e-02 -2.684401487e+02 -2.684401487e+02 +3.4953e+00 +9.9353e-01 +1.8204e+00 -3.2321e-01 -1.1919e+00
699 +3.576744842e-02 +3.576744842e-02 -2.684442326e+02 -2.684442326e+02 +3.4883e+00 +1.0015e+00 +1.8248e+00 -3.1004e-01 -1.1964e+00
701 +3.137119883e-02 +3.137119883e-02 -2.684486288e+02 -2.684486288e+02 +3.4907e+00 +1.0006e+00 +1.8242e+00 -3.1509e-01 -1.1953e+00
711 +3.050047522e-02 +3.050047522e-02 -2.684494995e+02 -2.684494995e+02 +3.4940e+00 +9.9470e-01 +1.8185e+00 -3.1944e-01 -1.1941e+00
757 +2.765781420e-02 +2.765781420e-02 -2.684523422e+02 -2.684523422e+02 +3.4972e+00 +9.9334e-01 +1.8199e+00 -3.1330e-01 -1.1981e+00
811 +2.751201254e-02 +2.751201254e-02 -2.684524880e+02 -2.684524880e+02 +3.4955e+00 +9.9829e-01 +1.8224e+00 -3.1457e-01 -1.1940e+00
822 +2.665506745e-02 +2.665506745e-02 -2.684533449e+02 -2.684533449e+02 +3.4967e+00 +9.9671e-01 +1.8216e+00 -3.1292e-01 -1.1955e+00
847 +2.520885176e-02 +2.520885176e-02 -2.684547911e+02 -2.684547911e+02 +3.4951e+00 +9.9706e-01 +1.8208e+00 -3.1326e-01 -1.1964e+00
853 +2.433570078e-02 +2.433570078e-02 -2.684556643e+02 -2.684556643e+02 +3.4948e+00 +9.9631e-01 +1.8205e+00 -3.1272e-01 -1.1966e+00
859 +2.273989715e-02 +2.273989715e-02 -2.684572601e+02 -2.684572601e+02 +3.4943e+00 +9.9713e-01 +1.8209e+00 -3.1317e-01 -1.1969e+00
865 +2.225141893e-02 +2.225141893e-02 -2.684577486e+02 -2.684577486e+02 +3.4941e+00 +9.9663e-01 +1.8210e+00 -3.1352e-01 -1.1973e+00
910 +2.060888312e-02 +2.060888312e-02 -2.684593911e+02 -2.684593911e+02 +3.4934e+00 +9.9771e-01 +1.8212e+00 -3.1320e-01 -1.1969e+00
922 +2.041473513e-02 +2.041473513e-02 -2.684595853e+02 -2.684595853e+02 +3.4930e+00 +9.9713e-01 +1.8209e+00 -3.1269e-01 -1.1970e+00
941 +1.975719449e-02 +1.975719449e-02 -2.684602428e+02 -2.684602428e+02 +3.4931e+00 +9.9726e-01 +1.8210e+00 -3.1233e-01 -1.1968e+00
951 +1.929628025e-02 +1.929628025e-02 -2.684607037e+02 -2.684607037e+02 +3.4930e+00 +9.9714e-01 +1.8208e+00 -3.1280e-01 -1.1969e+00
1053 +1.881799715e-02 +1.881799715e-02 -2.684611820e+02 -2.684611820e+02 +3.4929e+00 +9.9712e-01 +1.8210e+00 -3.1297e-01 -1.1968e+00
1063 +1.810141296e-02 +1.810141296e-02 -2.684618986e+02 -2.684618986e+02 +3.4931e+00 +9.9723e-01 +1.8210e+00 -3.1301e-01 -1.1967e+00
1099 +1.776401249e-02 +1.776401249e-02 -2.684622360e+02 -2.684622360e+02 +3.4929e+00 +9.9749e-01 +1.8211e+00 -3.1303e-01 -1.1966e+00
1212 +1.639066987e-02 +1.639066987e-02 -2.684636093e+02 -2.684636093e+02 +3.4921e+00 +9.9773e-01 +1.8214e+00 -3.1290e-01 -1.1967e+00
1266 +1.585121855e-02 +1.585121855e-02 -2.684641488e+02 -2.684641488e+02 +3.4919e+00 +9.9773e-01 +1.8214e+00 -3.1282e-01 -1.1967e+00
1302 +1.577913401e-02 +1.577913401e-02 -2.684642209e+02 -2.684642209e+02 +3.4919e+00 +9.9798e-01 +1.8216e+00 -3.1288e-01 -1.1967e+00
1318 +1.505391894e-02 +1.505391894e-02 -2.684649461e+02 -2.684649461e+02 +3.4918e+00 +9.9807e-01 +1.8216e+00 -3.1294e-01 -1.1966e+00
1719 +1.472576206e-02 +1.472576206e-02 -2.684652742e+02 -2.684652742e+02 +3.4915e+00 +9.9805e-01 +1.8217e+00 -3.1287e-01 -1.1967e+00
1844 +1.436960405e-02 +1.436960405e-02 -2.684656304e+02 -2.684656304e+02 +3.4915e+00 +9.9806e-01 +1.8216e+00 -3.1294e-01 -1.1967e+00
1989 +1.412482167e-02 +1.412482167e-02 -2.684658752e+02 -2.684658752e+02 +3.4914e+00 +9.9805e-01 +1.8216e+00 -3.1293e-01 -1.1967e+00
% function evaluation | noise-free fitness - Fopt (-1.000000000000e+03) | best noise-free fitness - Fopt | measured fitness | best measured fitness | x1 | x2...
1 +1.060293030e+02 +1.060293030e+02 -8.939706970e+02 -8.939706970e+02 +0.0000e+00 +0.0000e+00 +0.0000e+00 +0.0000e+00 +0.0000e+00
3 +9.502295830e+01 +9.502295830e+01 -9.049770417e+02 -9.049770417e+02 -3.4807e-01 +1.6145e+00 +1.1078e+00 +4.6939e-01 -9.6650e-01
4 +4.260296489e+01 +4.260296489e+01 -9.573970351e+02 -9.573970351e+02 -6.4005e-01 +1.8998e+00 +2.8444e+00 +2.0730e-01 +8.0887e-01
21 +3.136246810e+01 +3.136246810e+01 -9.686375319e+02 -9.686375319e+02 -5.4683e-01 +1.5729e+00 +2.9717e+00 +9.5935e-01 -7.0553e-01
38 +6.879595661e+00 +6.879595661e+00 -9.931204043e+02 -9.931204043e+02 +4.4488e-01 +1.0635e-01 +1.2934e+00 +3.1638e+00 -1.9593e+00
256 +2.376010255e+00 +2.376010255e+00 -9.976239897e+02 -9.976239897e+02 +1.1472e+00 +1.8483e+00 +1.1451e+00 +3.3174e+00 -2.5260e+00
340 +1.745504153e+00 +1.745504153e+00 -9.982544958e+02 -9.982544958e+02 +1.8887e+00 +1.8000e+00 +1.4425e+00 +3.8428e+00 -2.1849e+00
354 +9.675261295e-01 +9.675261295e-01 -9.990324739e+02 -9.990324739e+02 +2.3941e+00 +1.6939e+00 +1.4786e+00 +3.6249e+00 -2.4369e+00
554 +9.003174397e-01 +9.003174397e-01 -9.990996826e+02 -9.990996826e+02 +2.0144e+00 +1.7115e+00 +1.4218e+00 +3.7096e+00 -2.4041e+00
561 +3.606218616e-01 +3.606218616e-01 -9.996393781e+02 -9.996393781e+02 +2.0293e+00 +1.6941e+00 +1.3689e+00 +3.7259e+00 -2.3309e+00
628 +2.732010642e-01 +2.732010642e-01 -9.997267989e+02 -9.997267989e+02 +1.9922e+00 +1.7494e+00 +1.3954e+00 +3.7413e+00 -2.3752e+00
693 +2.432473921e-01 +2.432473921e-01 -9.997567526e+02 -9.997567526e+02 +1.9955e+00 +1.7360e+00 +1.3989e+00 +3.7509e+00 -2.3426e+00
720 +2.268781004e-01 +2.268781004e-01 -9.997731219e+02 -9.997731219e+02 +2.0061e+00 +1.7336e+00 +1.3984e+00 +3.7517e+00 -2.3404e+00
759 +2.221645348e-01 +2.221645348e-01 -9.997778355e+02 -9.997778355e+02 +2.0006e+00 +1.7348e+00 +1.3988e+00 +3.7508e+00 -2.3382e+00
762 +1.942775236e-01 +1.942775236e-01 -9.998057225e+02 -9.998057225e+02 +2.0044e+00 +1.7321e+00 +1.4008e+00 +3.7516e+00 -2.3344e+00
778 +1.890279147e-01 +1.890279147e-01 -9.998109721e+02 -9.998109721e+02 +2.0053e+00 +1.7318e+00 +1.4022e+00 +3.7520e+00 -2.3335e+00
793 +1.764972359e-01 +1.764972359e-01 -9.998235028e+02 -9.998235028e+02 +2.0105e+00 +1.7307e+00 +1.4027e+00 +3.7530e+00 -2.3344e+00
860 +1.683374116e-01 +1.683374116e-01 -9.998316626e+02 -9.998316626e+02 +2.0070e+00 +1.7330e+00 +1.4021e+00 +3.7519e+00 -2.3340e+00
876 +1.577495123e-01 +1.577495123e-01 -9.998422505e+02 -9.998422505e+02 +2.0064e+00 +1.7327e+00 +1.4029e+00 +3.7523e+00 -2.3340e+00
931 +1.544742536e-01 +1.544742536e-01 -9.998455257e+02 -9.998455257e+02 +2.0098e+00 +1.7307e+00 +1.4021e+00 +3.7516e+00 -2.3321e+00
943 +1.512044947e-01 +1.512044947e-01 -9.998487955e+02 -9.998487955e+02 +2.0093e+00 +1.7319e+00 +1.4027e+00 +3.7518e+00 -2.3322e+00
1027 +1.456078025e-01 +1.456078025e-01 -9.998543922e+02 -9.998543922e+02 +2.0093e+00 +1.7320e+00 +1.4019e+00 +3.7516e+00 -2.3333e+00
1216 +1.436922512e-01 +1.436922512e-01 -9.998563077e+02 -9.998563077e+02 +2.0090e+00 +1.7319e+00 +1.4030e+00 +3.7520e+00 -2.3327e+00
1315 +1.412147412e-01 +1.412147412e-01 -9.998587853e+02 -9.998587853e+02 +2.0091e+00 +1.7319e+00 +1.4029e+00 +3.7520e+00 -2.3326e+00
417114 +1.229120433e-01 +1.229120433e-01 -9.998770880e+02 -9.998770880e+02 -2.7711e+00 -2.5129e+00 +2.5607e-01 -1.5416e+00 +1.7268e+00
417135 +3.301704075e-02 +3.301704075e-02 -9.999669830e+02 -9.999669830e+02 -2.8547e+00 -2.4681e+00 +2.6623e-01 -1.5994e+00 +1.6012e+00
417225 +3.205020692e-02 +3.205020692e-02 -9.999679498e+02 -9.999679498e+02 -2.8669e+00 -2.4446e+00 +2.7345e-01 -1.5886e+00 +1.6228e+00
417437 +2.461792563e-02 +2.461792563e-02 -9.999753821e+02 -9.999753821e+02 -2.8293e+00 -2.4849e+00 +2.4716e-01 -1.5930e+00 +1.6354e+00
417456 +9.259910131e-03 +9.259910131e-03 -9.999907401e+02 -9.999907401e+02 -2.8467e+00 -2.4739e+00 +2.7090e-01 -1.5879e+00 +1.6309e+00
417524 +4.857723443e-03 +4.857723443e-03 -9.999951423e+02 -9.999951423e+02 -2.8345e+00 -2.4809e+00 +2.5128e-01 -1.5949e+00 +1.6302e+00
417602 +4.772777726e-03 +4.772777726e-03 -9.999952272e+02 -9.999952272e+02 -2.8536e+00 -2.4705e+00 +2.5261e-01 -1.6055e+00 +1.6100e+00
417642 +4.375259216e-03 +4.375259216e-03 -9.999956247e+02 -9.999956247e+02 -2.8551e+00 -2.4703e+00 +2.5264e-01 -1.6085e+00 +1.5951e+00
417662 +1.739403703e-03 +1.739403703e-03 -9.999982606e+02 -9.999982606e+02 -2.8611e+00 -2.4719e+00 +2.5079e-01 -1.6085e+00 +1.5938e+00
417699 +1.514251656e-03 +1.514251656e-03 -9.999984857e+02 -9.999984857e+02 -2.8676e+00 -2.4660e+00 +2.5141e-01 -1.6091e+00 +1.6018e+00
417706 +1.408176697e-03 +1.408176697e-03 -9.999985918e+02 -9.999985918e+02 -2.8608e+00 -2.4675e+00 +2.5347e-01 -1.6084e+00 +1.6017e+00
417720 +8.937205318e-04 +8.937205318e-04 -9.999991063e+02 -9.999991063e+02 -2.8651e+00 -2.4656e+00 +2.5257e-01 -1.6079e+00 +1.6017e+00
417732 +8.166069645e-04 +8.166069645e-04 -9.999991834e+02 -9.999991834e+02 -2.8643e+00 -2.4665e+00 +2.5317e-01 -1.6079e+00 +1.6012e+00
417735 +4.903508927e-04 +4.903508927e-04 -9.999995096e+02 -9.999995096e+02 -2.8671e+00 -2.4668e+00 +2.5295e-01 -1.6078e+00 +1.6023e+00
417742 +3.543226810e-04 +3.543226810e-04 -9.999996457e+02 -9.999996457e+02 -2.8677e+00 -2.4662e+00 +2.5269e-01 -1.6086e+00 +1.6009e+00
417779 +1.440334830e-04 +1.440334830e-04 -9.999998560e+02 -9.999998560e+02 -2.8679e+00 -2.4662e+00 +2.5340e-01 -1.6083e+00 +1.6016e+00
417905 +1.396468775e-04 +1.396468775e-04 -9.999998604e+02 -9.999998604e+02 -2.8686e+00 -2.4644e+00 +2.5392e-01 -1.6083e+00 +1.6008e+00
417909 +9.263851473e-05 +9.263851473e-05 -9.999999074e+02 -9.999999074e+02 -2.8681e+00 -2.4644e+00 +2.5398e-01 -1.6081e+00 +1.6010e+00
417990 +8.207968415e-05 +8.207968415e-05 -9.999999179e+02 -9.999999179e+02 -2.8676e+00 -2.4644e+00 +2.5391e-01 -1.6078e+00 +1.6016e+00
417997 +6.199748793e-05 +6.199748793e-05 -9.999999380e+02 -9.999999380e+02 -2.8674e+00 -2.4644e+00 +2.5394e-01 -1.6077e+00 +1.6014e+00
418000 +5.805934586e-05 +5.805934586e-05 -9.999999419e+02 -9.999999419e+02 -2.8673e+00 -2.4645e+00 +2.5387e-01 -1.6078e+00 +1.6014e+00
418014 +4.911922690e-05 +4.911922690e-05 -9.999999509e+02 -9.999999509e+02 -2.8674e+00 -2.4645e+00 +2.5388e-01 -1.6077e+00 +1.6014e+00
418048 +4.731576951e-05 +4.731576951e-05 -9.999999527e+02 -9.999999527e+02 -2.8673e+00 -2.4645e+00 +2.5390e-01 -1.6078e+00 +1.6013e+00
418049 +3.862174970e-05 +3.862174970e-05 -9.999999614e+02 -9.999999614e+02 -2.8675e+00 -2.4645e+00 +2.5391e-01 -1.6078e+00 +1.6013e+00
418069 +3.686568357e-05 +3.686568357e-05 -9.999999631e+02 -9.999999631e+02 -2.8676e+00 -2.4644e+00 +2.5392e-01 -1.6078e+00 +1.6013e+00
418163 +3.299352261e-05 +3.299352261e-05 -9.999999670e+02 -9.999999670e+02 -2.8675e+00 -2.4645e+00 +2.5393e-01 -1.6077e+00 +1.6014e+00
418178 +3.099966034e-05 +3.099966034e-05 -9.999999690e+02 -9.999999690e+02 -2.8675e+00 -2.4645e+00 +2.5393e-01 -1.6077e+00 +1.6014e+00
418188 +3.039115143e-05 +3.039115143e-05 -9.999999696e+02 -9.999999696e+02 -2.8675e+00 -2.4645e+00 +2.5393e-01 -1.6077e+00 +1.6013e+00
418214 +2.849998589e-05 +2.849998589e-05 -9.999999715e+02 -9.999999715e+02 -2.8675e+00 -2.4645e+00 +2.5393e-01 -1.6077e+00 +1.6013e+00
418278 +2.753793649e-05 +2.753793649e-05 -9.999999725e+02 -9.999999725e+02 -2.8675e+00 -2.4645e+00 +2.5393e-01 -1.6077e+00 +1.6013e+00
418395 +2.680580712e-05 +2.680580712e-05 -9.999999732e+02 -9.999999732e+02 -2.8675e+00 -2.4645e+00 +2.5393e-01 -1.6077e+00 +1.6013e+00
% function evaluation | noise-free fitness - Fopt (-1.388000000000e+01) | best noise-free fitness - Fopt | measured fitness | best measured fitness | x1 | x2...
1 +1.350085785e+02 +1.350085785e+02 +1.211285785e+02 +1.211285785e+02 +0.0000e+00 +0.0000e+00 +0.0000e+00 +0.0000e+00 +0.0000e+00
2 +7.429989681e+01 +7.429989681e+01 +6.041989681e+01 +6.041989681e+01 -4.9134e-01 -1.0149e+00 -1.0472e+00 +1.6011e+00 -5.5366e-01
6 +1.578681849e+01 +1.578681849e+01 +1.906818491e+00 +1.906818491e+00 +2.8953e+00 -2.8921e+00 -9.8345e-01 +1.9690e-01 -1.7395e-01
92 +1.508243667e+01 +1.508243667e+01 +1.202436673e+00 +1.202436673e+00 +2.6902e+00 -4.6851e+00 -8.5978e-01 +1.8759e+00 -3.2750e-01
187 +1.136521228e+01 +1.136521228e+01 -2.514787718e+00 -2.514787718e+00 +3.2015e+00 -6.0506e+00 -3.5243e+00 +2.0295e+00 +1.6284e+00
242 +9.225815946e+00 +9.225815946e+00 -4.654184054e+00 -4.654184054e+00 +2.2747e+00 -5.5620e+00 -2.8250e+00 +2.3102e+00 +1.5971e+00
273 +6.249206238e+00 +6.249206238e+00 -7.630793762e+00 -7.630793762e+00 +2.3369e+00 -5.9019e+00 -3.1927e+00 +2.5043e+00 +1.6806e+00
285 +6.160693337e+00 +6.160693337e+00 -7.719306663e+00 -7.719306663e+00 +1.8798e+00 -5.9185e+00 -3.2820e+00 +2.5806e+00 +1.5705e+00
322 +5.456168386e+00 +5.456168386e+00 -8.423831614e+00 -8.423831614e+00 +1.7150e+00 -5.8501e+00 -3.3090e+00 +2.9994e+00 +1.4937e+00
336 +5.110584639e+00 +5.110584639e+00 -8.769415361e+00 -8.769415361e+00 +1.5987e+00 -5.8762e+00 -3.3204e+00 +3.0333e+00 +1.4571e+00
340 +4.119525233e+00 +4.119525233e+00 -9.760474767e+00 -9.760474767e+00 +1.7477e+00 -5.8997e+00 -3.2190e+00 +2.9671e+00 +1.6899e+00
344 +3.703142700e+00 +3.703142700e+00 -1.017685730e+01 -1.017685730e+01 +1.9373e+00 -5.7661e+00 -3.0188e+00 +2.9260e+00 +1.7574e+00
345 +3.610286908e+00 +3.610286908e+00 -1.026971309e+01 -1.026971309e+01 +1.8815e+00 -5.8862e+00 -3.2583e+00 +2.8337e+00 +1.7064e+00
354 +3.480282268e+00 +3.480282268e+00 -1.039971773e+01 -1.039971773e+01 +1.9701e+00 -5.8246e+00 -3.1002e+00 +3.0237e+00 +1.6852e+00
387 +3.331384549e+00 +3.331384549e+00 -1.054861545e+01 -1.054861545e+01 +1.5570e+00 -5.8451e+00 -3.2038e+00 +3.0800e+00 +1.6318e+00
394 +3.095602443e+00 +3.095602443e+00 -1.078439756e+01 -1.078439756e+01 +1.5758e+00 -5.8464e+00 -3.1249e+00 +3.0916e+00 +1.4148e+00
403 +2.760220374e+00 +2.760220374e+00 -1.111977963e+01 -1.111977963e+01 +1.7130e+00 -5.7879e+00 -3.1440e+00 +2.9929e+00 +1.3320e+00
423 +2.566931851e+00 +2.566931851e+00 -1.131306815e+01 -1.131306815e+01 +1.9038e+00 -5.8025e+00 -3.2194e+00 +2.8274e+00 +1.5814e+00
428 +1.979943352e+00 +1.979943352e+00 -1.190005665e+01 -1.190005665e+01 +1.6696e+00 -5.7209e+00 -3.0918e+00 +2.9466e+00 +1.2822e+00
465 +1.644289114e+00 +1.644289114e+00 -1.223571089e+01 -1.223571089e+01 +1.6743e+00 -5.7334e+00 -3.0695e+00 +2.9614e+00 +1.4032e+00
491 +1.556437420e+00 +1.556437420e+00 -1.232356258e+01 -1.232356258e+01 +1.6955e+00 -5.7106e+00 -3.0219e+00 +3.0515e+00 +1.5383e+00
498 +1.377428259e+00 +1.377428259e+00 -1.250257174e+01 -1.250257174e+01 +1.6437e+00 -5.6711e+00 -3.0170e+00 +3.0865e+00 +1.5709e+00
521 +1.294028914e+00 +1.294028914e+00 -1.258597109e+01 -1.258597109e+01 +1.5725e+00 -5.6266e+00 -2.9174e+00 +3.1508e+00 +1.6168e+00
529 +9.909176708e-01 +9.909176708e-01 -1.288908233e+01 -1.288908233e+01 +1.5234e+00 -5.6271e+00 -2.8695e+00 +3.2510e+00 +1.5895e+00
547 +9.023001121e-01 +9.023001121e-01 -1.297769989e+01 -1.297769989e+01 +1.5125e+00 -5.5525e+00 -2.7738e+00 +3.3026e+00 +1.6318e+00
583 +8.571435814e-01 +8.571435814e-01 -1.302285642e+01 -1.302285642e+01 +1.3233e+00 -5.5488e+00 -2.8398e+00 +3.3476e+00 +1.6314e+00
605 +8.398670795e-01 +8.398670795e-01 -1.304013292e+01 -1.304013292e+01 +1.3180e+00 -5.4990e+00 -2.6989e+00 +3.3575e+00 +1.6073e+00
632 +7.325269398e-01 +7.325269398e-01 -1.314747306e+01 -1.314747306e+01 +1.3387e+00 -5.5428e+00 -2.8405e+00 +3.3398e+00 +1.6164e+00
730 +6.931927865e-01 +6.931927865e-01 -1.318680721e+01 -1.318680721e+01 +1.3938e+00 -5.5480e+00 -2.8225e+00 +3.3261e+00 +1.6050e+00
737 +6.795036081e-01 +6.795036081e-01 -1.320049639e+01 -1.320049639e+01 +1.4047e+00 -5.5420e+00 -2.8236e+00 +3.3262e+00 +1.6087e+00
765 +6.358637851e-01 +6.358637851e-01 -1.324413621e+01 -1.324413621e+01 +1.4054e+00 -5.5460e+00 -2.8269e+00 +3.2922e+00 +1.6033e+00
851 +6.289646558e-01 +6.289646558e-01 -1.325103534e+01 -1.325103534e+01 +1.4090e+00 -5.5469e+00 -2.8283e+00 +3.3003e+00 +1.6071e+00
865 +6.160175994e-01 +6.160175994e-01 -1.326398240e+01 -1.326398240e+01 +1.4073e+00 -5.5460e+00 -2.8262e+00 +3.2915e+00 +1.6092e+00
64948 +5.164258980e-01 +5.164258980e-01 -1.336357410e+01 -1.336357410e+01 -9.0831e-01 -2.9261e+00 -4.9840e+00 -4.1924e+00 +3.6781e+00
64954 +3.972358443e-01 +3.972358443e-01 -1.348276416e+01 -1.348276416e+01 -9.2064e-01 -2.9526e+00 -4.9904e+00 -4.1658e+00 +3.6829e+00
64956 +3.583880885e-01 +3.583880885e-01 -1.352161191e+01 -1.352161191e+01 -8.8017e-01 -2.9362e+00 -4.9780e+00 -4.1898e+00 +3.6754e+00
64983 +3.450081700e-01 +3.450081700e-01 -1.353499183e+01 -1.353499183e+01 -9.1900e-01 -2.9452e+00 -4.9990e+00 -4.1687e+00 +3.6761e+00
64990 +2.806758803e-01 +2.806758803e-01 -1.359932412e+01 -1.359932412e+01 -9.2214e-01 -2.9506e+00 -4.9936e+00 -4.1680e+00 +3.6686e+00
65006 +2.672621285e-01 +2.672621285e-01 -1.361273787e+01 -1.361273787e+01 -9.0850e-01 -2.9665e+00 -5.0059e+00 -4.1533e+00 +3.6664e+00
65013 +2.101768690e-01 +2.101768690e-01 -1.366982313e+01 -1.366982313e+01 -9.1235e-01 -2.9589e+00 -5.0022e+00 -4.1448e+00 +3.6722e+00
65036 +2.063495512e-01 +2.063495512e-01 -1.367365045e+01 -1.367365045e+01 -9.0388e-01 -2.9637e+00 -5.0142e+00 -4.1595e+00 +3.6656e+00
65254 +2.032131152e-01 +2.032131152e-01 -1.367678688e+01 -1.367678688e+01 -9.2016e-01 -2.9587e+00 -5.0192e+00 -4.1642e+00 +3.6480e+00
65257 +1.953787730e-01 +1.953787730e-01 -1.368462123e+01 -1.368462123e+01 -9.1959e-01 -2.9600e+00 -5.0190e+00 -4.1605e+00 +3.6487e+00
65260 +1.899937349e-01 +1.899937349e-01 -1.369000627e+01 -1.369000627e+01 -9.2010e-01 -2.9596e+00 -5.0184e+00 -4.1625e+00 +3.6479e+00
65353 +1.821896976e-01 +1.821896976e-01 -1.369781030e+01 -1.369781030e+01 -9.2146e-01 -2.9587e+00 -5.0161e+00 -4.1600e+00 +3.6512e+00
65383 +1.602579388e-01 +1.602579388e-01 -1.371974206e+01 -1.371974206e+01 -9.1956e-01 -2.9590e+00 -5.0159e+00 -4.1612e+00 +3.6521e+00
65418 +1.550088782e-01 +1.550088782e-01 -1.372499112e+01 -1.372499112e+01 -9.2053e-01 -2.9593e+00 -5.0166e+00 -4.1603e+00 +3.6521e+00
65420 +1.530181582e-01 +1.530181582e-01 -1.372698184e+01 -1.372698184e+01 -9.2105e-01 -2.9589e+00 -5.0162e+00 -4.1601e+00 +3.6521e+00
65471 +1.501156177e-01 +1.501156177e-01 -1.372988438e+01 -1.372988438e+01 -9.2051e-01 -2.9588e+00 -5.0162e+00 -4.1604e+00 +3.6520e+00
65484 +1.467192642e-01 +1.467192642e-01 -1.373328074e+01 -1.373328074e+01 -9.2067e-01 -2.9590e+00 -5.0160e+00 -4.1601e+00 +3.6522e+00
65541 +1.415625711e-01 +1.415625711e-01 -1.373843743e+01 -1.373843743e+01 -9.2076e-01 -2.9590e+00 -5.0161e+00 -4.1603e+00 +3.6519e+00
65623 +1.410280500e-01 +1.410280500e-01 -1.373897195e+01 -1.373897195e+01 -9.2076e-01 -2.9590e+00 -5.0160e+00 -4.1602e+00 +3.6519e+00
% function evaluation | noise-free fitness - Fopt (-1.240400000000e+02) | best noise-free fitness - Fopt | measured fitness | best measured fitness | x1 | x2...
1 +5.977881306e+01 +5.977881306e+01 -6.426118694e+01 -6.426118694e+01 +0.0000e+00 +0.0000e+00 +0.0000e+00 +0.0000e+00 +0.0000e+00
4 +3.696598994e+01 +3.696598994e+01 -8.707401006e+01 -8.707401006e+01 -6.9321e-01 -1.3033e+00 -1.7793e+00 -4.0102e-01 +8.0403e-01
17 +2.715830580e+01 +2.715830580e+01 -9.688169420e+01 -9.688169420e+01 +5.9680e-02 -1.7936e+00 -2.7730e+00 +3.5073e-01 -4.9522e-01
71 +1.960562529e+01 +1.960562529e+01 -1.044343747e+02 -1.044343747e+02 -9.0789e-01 +8.4435e-01 -5.8720e+00 -1.7866e-01 -1.2221e+00
146 +1.726757118e+01 +1.726757118e+01 -1.067724288e+02 -1.067724288e+02 +5.1870e+00 +1.7812e+00 -2.0344e+00 +5.1157e+00 -4.4907e+00
194 +1.648349429e+01 +1.648349429e+01 -1.075565057e+02 -1.075565057e+02 +4.9854e+00 -1.2454e+00 -6.7223e+00 +3.1951e+00 -1.5951e+00
414 +7.701963293e+00 +7.701963293e+00 -1.163380367e+02 -1.163380367e+02 -1.2256e+00 +2.8738e-01 -5.9084e+00 +5.6420e+00 +5.4973e+00
491 +6.867439275e+00 +6.867439275e+00 -1.171725607e+02 -1.171725607e+02 -8.3871e-01 +1.2996e-02 -5.3758e+00 +5.2510e+00 +5.4521e+00
500 +5.744520690e+00 +5.744520690e+00 -1.182954793e+02 -1.182954793e+02 -6.2400e-01 -1.6221e-01 -5.4453e+00 +5.2678e+00 +5.4188e+00
526 +2.724354333e+00 +2.724354333e+00 -1.213156457e+02 -1.213156457e+02 -1.0678e+00 +1.3365e-01 -5.5673e+00 +5.2966e+00 +5.3359e+00
550 +1.730410742e+00 +1.730410742e+00 -1.223095893e+02 -1.223095893e+02 -1.1358e+00 +1.1117e-01 -5.6483e+00 +5.3560e+00 +5.2766e+00
748 +1.642917599e+00 +1.642917599e+00 -1.223970824e+02 -1.223970824e+02 -1.1314e+00 +1.0825e-01 -5.6916e+00 +5.3342e+00 +5.2891e+00
839 +1.617796839e+00 +1.617796839e+00 -1.224222032e+02 -1.224222032e+02 -1.1318e+00 +1.1962e-01 -5.6901e+00 +5.3372e+00 +5.3056e+00
860 +1.570724279e+00 +1.570724279e+00 -1.224692757e+02 -1.224692757e+02 -1.1309e+00 +1.2521e-01 -5.6942e+00 +5.3362e+00 +5.3147e+00
913 +1.547998225e+00 +1.547998225e+00 -1.224920018e+02 -1.224920018e+02 -1.1363e+00 +1.3566e-01 -5.6705e+00 +5.3202e+00 +5.3111e+00
923 +1.506601578e+00 +1.506601578e+00 -1.225333984e+02 -1.225333984e+02 -1.1358e+00 +1.3845e-01 -5.6695e+00 +5.3218e+00 +5.3112e+00
1167 +1.475185096e+00 +1.475185096e+00 -1.225648149e+02 -1.225648149e+02 -1.1346e+00 +1.3807e-01 -5.6687e+00 +5.3209e+00 +5.3111e+00
349714 +1.357781428e+00 +1.357781428e+00 -1.226822186e+02 -1.226822186e+02 -5.5985e+00 +1.9343e-01 -3.8776e+00 -3.2523e+00 +5.3187e+00
349744 +1.245851230e+00 +1.245851230e+00 -1.227941488e+02 -1.227941488e+02 -5.6624e+00 +1.7525e-01 -3.9280e+00 -3.2288e+00 +5.2635e+00
349762 +1.195229590e+00 +1.195229590e+00 -1.228447704e+02 -1.228447704e+02 -5.6618e+00 +1.6675e-01 -3.9221e+00 -3.2196e+00 +5.2180e+00
349784 +1.044061355e+00 +1.044061355e+00 -1.229959386e+02 -1.229959386e+02 -5.6561e+00 +1.7275e-01 -3.9033e+00 -3.2338e+00 +5.2243e+00
350328 +1.023012183e+00 +1.023012183e+00 -1.230169878e+02 -1.230169878e+02 -5.6646e+00 +1.6423e-01 -3.8991e+00 -3.2307e+00 +5.1985e+00
