% function evaluation | noise-free fitness - Fopt (7.135000000000e+01) | best noise-free fitness - Fopt | measured fitness | best measured fitness | x1 | x2...
1 +5.650476606e+01 +5.650476606e+01 +1.278547661e+02 +1.278547661e+02 +0.0000e+00 +0.0000e+00 +0.0000e+00
2 +5.336060745e+01 +5.336060745e+01 +1.247106075e+02 +1.247106075e+02 -2.7462e+00 +3.4668e-01 +2.6071e+00
5 +1.331052659e+01 +1.331052659e+01 +8.466052659e+01 +8.466052659e+01 -2.6950e+00 +2.6382e-02 +1.1669e+00
13 +8.433163586e+00 +8.433163586e+00 +7.978316359e+01 +7.978316359e+01 -5.3299e+00 +1.4556e+00 -1.2849e+00
153 +6.503883019e+00 +6.503883019e+00 +7.785388302e+01 +7.785388302e+01 -4.2436e+00 +1.2046e+00 -4.3292e+00
203 +2.444008683e+00 +2.444008683e+00 +7.379400868e+01 +7.379400868e+01 -4.9474e+00 +1.3634e+00 -3.1345e+00
221 +1.691192398e+00 +1.691192398e+00 +7.304119240e+01 +7.304119240e+01 -5.0202e+00 +1.4820e+00 -3.0841e+00
362 +4.689870999e-01 +4.689870999e-01 +7.181898710e+01 +7.181898710e+01 -4.9559e+00 +1.3415e+00 -3.2686e+00
430 +3.561068924e-01 +3.561068924e-01 +7.170610689e+01 +7.170610689e+01 -4.7582e+00 +1.1492e+00 -3.4315e+00
443 +2.240034939e-01 +2.240034939e-01 +7.157400349e+01 +7.157400349e+01 -4.8143e+00 +1.2206e+00 -3.4743e+00
465 +1.774742816e-01 +1.774742816e-01 +7.152747428e+01 +7.152747428e+01 -4.8221e+00 +1.2035e+00 -3.4522e+00
473 +1.268417147e-01 +1.268417147e-01 +7.147684171e+01 +7.147684171e+01 -4.8236e+00 +1.2211e+00 -3.4612e+00
484 +8.638300100e-02 +8.638300100e-02 +7.143638300e+01 +7.143638300e+01 -4.8400e+00 +1.2265e+00 -3.4281e+00
487 +1.944492553e-02 +1.944492553e-02 +7.136944493e+01 +7.136944493e+01 -4.8271e+00 +1.2090e+00 -3.3975e+00
553 +3.907326915e-03 +3.907326915e-03 +7.135390733e+01 +7.135390733e+01 -4.8561e+00 +1.2423e+00 -3.3922e+00
582 +3.806812505e-03 +3.806812505e-03 +7.135380681e+01 +7.135380681e+01 -4.8485e+00 +1.2314e+00 -3.3998e+00
604 +1.986857626e-03 +1.986857626e-03 +7.135198686e+01 +7.135198686e+01 -4.8438e+00 +1.2266e+00 -3.3989e+00
643 +1.180996290e-03 +1.180996290e-03 +7.135118100e+01 +7.135118100e+01 -4.8478e+00 +1.2324e+00 -3.3988e+00
662 +2.032402330e-04 +2.032402330e-04 +7.135020324e+01 +7.135020324e+01 -4.8465e+00 +1.2311e+00 -3.3968e+00
668 +6.922908294e-05 +6.922908294e-05 +7.135006923e+01 +7.135006923e+01 -4.8472e+00 +1.2325e+00 -3.3955e+00
749 +4.958936755e-05 +4.958936755e-05 +7.135004959e+01 +7.135004959e+01 -4.8465e+00 +1.2314e+00 -3.3969e+00
765 +3.660839454e-05 +3.660839454e-05 +7.135003661e+01 +7.135003661e+01 -4.8462e+00 +1.2311e+00 -3.3968e+00
788 +2.797370175e-05 +2.797370175e-05 +7.135002797e+01 +7.135002797e+01 -4.8463e+00 +1.2310e+00 -3.3966e+00
793 +2.314303579e-05 +2.314303579e-05 +7.135002314e+01 +7.135002314e+01 -4.8463e+00 +1.2312e+00 -3.3966e+00
796 +2.258263773e-05 +2.258263773e-05 +7.135002258e+01 +7.135002258e+01 -4.8462e+00 +1.2310e+00 -3.3967e+00
798 +1.458860844e-05 +1.458860844e-05 +7.135001459e+01 +7.135001459e+01 -4.8462e+00 +1.2310e+00 -3.3968e+00
814 +1.241335019e-05 +1.241335019e-05 +7.135001241e+01 +7.135001241e+01 -4.8463e+00 +1.2311e+00 -3.3968e+00
844 +1.087861985e-05 +1.087861985e-05 +7.135001088e+01 +7.135001088e+01 -4.8464e+00 +1.2311e+00 -3.3969e+00
853 +1.033273715e-05 +1.033273715e-05 +7.135001033e+01 +7.135001033e+01 -4.8463e+00 +1.2311e+00 -3.3969e+00
898 +9.461523803e-06 +9.461523803e-06 +7.135000946e+01 +7.135000946e+01 -4.8463e+00 +1.2311e+00 -3.3968e+00
904 +9.227368125e-06 +9.227368125e-06 +7.135000923e+01 +7.135000923e+01 -4.8463e+00 +1.2311e+00 -3.3968e+00
905 +8.588149470e-06 +8.588149470e-06 +7.135000859e+01 +7.135000859e+01 -4.8463e+00 +1.2311e+00 -3.3968e+00
917 +8.239900396e-06 +8.239900396e-06 +7.135000824e+01 +7.135000824e+01 -4.8463e+00 +1.2311e+00 -3.3968e+00
921 +7.897667032e-06 +7.897667032e-06 +7.135000790e+01 +7.135000790e+01 -4.8463e+00 +1.2311e+00 -3.3968e+00
928 +6.905524671e-06 +6.905524671e-06 +7.135000691e+01 +7.135000691e+01 -4.8463e+00 +1.2311e+00 -3.3968e+00
929 +6.389803232e-06 +6.389803232e-06 +7.135000639e+01 +7.135000639e+01 -4.8463e+00 +1.2311e+00 -3.3968e+00
947 +6.252800404e-06 +6.252800404e-06 +7.135000625e+01 +7.135000625e+01 -4.8463e+00 +1.2311e+00 -3.3968e+00
950 +5.907336885e-06 +5.907336885e-06 +7.135000591e+01 +7.135000591e+01 -4.8463e+00 +1.2311e+00 -3.3969e+00
955 +5.800711904e-06 +5.800711904e-06 +7.135000580e+01 +7.135000580e+01 -4.8463e+00 +1.2311e+00 -3.3969e+00
957 +4.805553857e-06 +4.805553857e-06 +7.135000481e+01 +7.135000481e+01 -4.8463e+00 +1.2311e+00 -3.3969e+00
967 +4.697406283e-06 +4.697406283e-06 +7.135000470e+01 +7.135000470e+01 -4.8463e+00 +1.2311e+00 -3.3969e+00
981 +4.368230918e-06 +4.368230918e-06 +7.135000437e+01 +7.135000437e+01 -4.8463e+00 +1.2311e+00 -3.3969e+00
1002 +4.281858835e-06 +4.281858835e-06 +7.135000428e+01 +7.135000428e+01 -4.8463e+00 +1.2311e+00 -3.3969e+00
1014 +4.253142862e-06 +4.253142862e-06 +7.135000425e+01 +7.135000425e+01 -4.8463e+00 +1.2311e+00 -3.3969e+00
1028 +3.690976143e-06 +3.690976143e-06 +7.135000369e+01 +7.135000369e+01 -4.8463e+00 +1.2311e+00 -3.3969e+00
1032 +3.323070416e-06 +3.323070416e-06 +7.135000332e+01 +7.135000332e+01 -4.8463e+00 +1.2311e+00 -3.3969e+00
1051 +3.090425764e-06 +3.090425764e-06 +7.135000309e+01 +7.135000309e+01 -4.8463e+00 +1.2311e+00 -3.3969e+00
1123 +3.031268591e-06 +3.031268591e-06 +7.135000303e+01 +7.135000303e+01 -4.8463e+00 +1.2311e+00 -3.3969e+00
1133 +3.015114601e-06 +3.015114601e-06 +7.135000302e+01 +7.135000302e+01 -4.8463e+00 +1.2311e+00 -3.3969e+00
% function evaluation | noise-free fitness - Fopt (-3.552200000000e+02) | best noise-free fitness - Fopt | measured fitness | best measured fitness | x1 | x2...
1 +1.157138576e+02 +1.157138576e+02 -2.395061424e+02 -2.395061424e+02 +0.0000e+00 +0.0000e+00 +0.0000e+00
2 +2.217015825e+01 +2.217015825e+01 -3.330498417e+02 -3.330498417e+02 +3.1267e+00 +1.6079e+00 +1.0486e+00
9 +9.327763544e+00 +9.327763544e+00 -3.458922365e+02 -3.458922365e+02 +9.7968e-02 -3.4252e+00 +2.4163e-01
266 +5.824351411e+00 +5.824351411e+00 -3.493956486e+02 -3.493956486e+02 -2.9640e+00 -4.7273e+00 +2.8961e+00
348 +4.872818237e+00 +4.872818237e+00 -3.503471818e+02 -3.503471818e+02 -2.6213e+00 -4.9528e+00 +1.3770e+00
407 +3.847674268e+00 +3.847674268e+00 -3.513723257e+02 -3.513723257e+02 -3.0213e+00 -5.3270e+00 +1.9272e+00
414 +1.431827303e+00 +1.431827303e+00 -3.537881727e+02 -3.537881727e+02 -3.0123e+00 -5.2879e+00 +1.8133e+00
428 +1.319940902e+00 +1.319940902e+00 -3.539000591e+02 -3.539000591e+02 -3.0302e+00 -5.0542e+00 +1.6930e+00
466 +1.027278480e+00 +1.027278480e+00 -3.541927215e+02 -3.541927215e+02 -3.0249e+00 -5.0484e+00 +1.6186e+00
478 +6.053938744e-01 +6.053938744e-01 -3.546146061e+02 -3.546146061e+02 -3.0202e+00 -5.0333e+00 +1.6586e+00
489 +5.821915740e-01 +5.821915740e-01 -3.546378084e+02 -3.546378084e+02 -3.0375e+00 -5.2157e+00 +1.6790e+00
776 +5.729721975e-01 +5.729721975e-01 -3.546470278e+02 -3.546470278e+02 -3.0535e+00 -5.3998e+00 +1.5157e+00
124118 +3.913880344e-01 +3.913880344e-01 -3.548286120e+02 -3.548286120e+02 -1.2804e+00 -1.2175e+00 -3.5010e+00
124129 +2.485730828e-01 +2.485730828e-01 -3.549714269e+02 -3.549714269e+02 -1.3000e+00 -1.3456e+00 -3.5304e+00
124141 +1.674980810e-01 +1.674980810e-01 -3.550525019e+02 -3.550525019e+02 -1.3059e+00 -1.3584e+00 -3.5236e+00
124144 +1.386207494e-01 +1.386207494e-01 -3.550813793e+02 -3.550813793e+02 -1.3095e+00 -1.3697e+00 -3.5491e+00
124266 +1.293087159e-01 +1.293087159e-01 -3.550906913e+02 -3.550906913e+02 -1.3000e+00 -1.3372e+00 -3.5621e+00
124277 +1.259342726e-01 +1.259342726e-01 -3.550940657e+02 -3.550940657e+02 -1.3005e+00 -1.3473e+00 -3.5707e+00
124289 +8.197648997e-02 +8.197648997e-02 -3.551380235e+02 -3.551380235e+02 -1.3027e+00 -1.3527e+00 -3.5584e+00
124351 +7.741610498e-02 +7.741610498e-02 -3.551425839e+02 -3.551425839e+02 -1.3039e+00 -1.3595e+00 -3.5601e+00
124382 +6.323135648e-02 +6.323135648e-02 -3.551567686e+02 -3.551567686e+02 -1.3045e+00 -1.3592e+00 -3.5573e+00
124430 +6.250122462e-02 +6.250122462e-02 -3.551574988e+02 -3.551574988e+02 -1.3036e+00 -1.3566e+00 -3.5585e+00
124466 +6.039476484e-02 +6.039476484e-02 -3.551596052e+02 -3.551596052e+02 -1.3037e+00 -1.3573e+00 -3.5586e+00
124469 +5.867635313e-02 +5.867635313e-02 -3.551613236e+02 -3.551613236e+02 -1.3036e+00 -1.3571e+00 -3.5585e+00
124486 +5.727533489e-02 +5.727533489e-02 -3.551627247e+02 -3.551627247e+02 -1.3038e+00 -1.3574e+00 -3.5583e+00
124522 +5.565559124e-02 +5.565559124e-02 -3.551643444e+02 -3.551643444e+02 -1.3038e+00 -1.3576e+00 -3.5582e+00
124545 +5.478135995e-02 +5.478135995e-02 -3.551652186e+02 -3.551652186e+02 -1.3039e+00 -1.3576e+00 -3.5581e+00
124597 +5.339959391e-02 +5.339959391e-02 -3.551666004e+02 -3.551666004e+02 -1.3039e+00 -1.3577e+00 -3.5581e+00
124795 +5.248007251e-02 +5.248007251e-02 -3.551675199e+02 -3.551675199e+02 -1.3039e+00 -1.3578e+00 -3.5581e+00
% function evaluation | noise-free fitness - Fopt (9.917000000000e+01) | best noise-free fitness - Fopt | measured fitness | best measured fitness | x1 | x2...
1 +1.430728932e+02 +1.430728932e+02 +2.422428932e+02 +2.422428932e+02 +0.0000e+00 +0.0000e+00 +0.0000e+00
2 +3.215221310e+01 +3.215221310e+01 +1.313222131e+02 +1.313222131e+02 -1.4396e+00 +1.6581e+00 +1.4339e+00
10 +1.925370268e+01 +1.925370268e+01 +1.184237027e+02 +1.184237027e+02 -4.4035e+00 +5.3802e+00 +2.9693e+00
21 +1.083263499e+01 +1.083263499e+01 +1.100026350e+02 +1.100026350e+02 -1.1172e+00 +4.9966e+00 +1.0663e+00
111 +1.014440509e+01 +1.014440509e+01 +1.093144051e+02 +1.093144051e+02 +4.2802e+00 -2.1243e-01 -3.4801e+00
131 +6.372740509e+00 +6.372740509e+00 +1.055427405e+02 +1.055427405e+02 +3.6902e+00 -1.8170e+00 -2.9845e+00
179 +6.015148727e+00 +6.015148727e+00 +1.051851487e+02 +1.051851487e+02 +3.5258e+00 -3.3758e+00 -3.5987e+00
301 +5.879362570e+00 +5.879362570e+00 +1.050493626e+02 +1.050493626e+02 +3.9416e+00 -6.1902e-01 -3.0919e+00
309 +5.383512327e+00 +5.383512327e+00 +1.045535123e+02 +1.045535123e+02 +3.9848e+00 -8.6229e-01 -2.8815e+00
337 +4.857117569e-01 +4.857117569e-01 +9.965571176e+01 +9.965571176e+01 +3.8235e+00 -9.5209e-01 -2.6503e+00
439 +4.099161758e-01 +4.099161758e-01 +9.957991618e+01 +9.957991618e+01 +3.8050e+00 -9.3859e-01 -2.6502e+00
442 +3.129475381e-01 +3.129475381e-01 +9.948294754e+01 +9.948294754e+01 +3.7961e+00 -9.2932e-01 -2.6575e+00
447 +2.783088347e-01 +2.783088347e-01 +9.944830883e+01 +9.944830883e+01 +3.8054e+00 -9.3400e-01 -2.6335e+00
449 +2.010143932e-01 +2.010143932e-01 +9.937101439e+01 +9.937101439e+01 +3.8199e+00 -9.3403e-01 -2.6256e+00
456 +1.435801624e-01 +1.435801624e-01 +9.931358016e+01 +9.931358016e+01 +3.8224e+00 -9.2371e-01 -2.6231e+00
469 +1.283839781e-01 +1.283839781e-01 +9.929838398e+01 +9.929838398e+01 +3.8136e+00 -9.3141e-01 -2.6080e+00
532 +1.035439495e-01 +1.035439495e-01 +9.927354395e+01 +9.927354395e+01 +3.7898e+00 -9.2544e-01 -2.5613e+00
568 +5.180564339e-02 +5.180564339e-02 +9.922180564e+01 +9.922180564e+01 +3.7478e+00 -9.7403e-01 -2.5080e+00
569 +4.753369424e-02 +4.753369424e-02 +9.921753369e+01 +9.921753369e+01 +3.7627e+00 -9.5021e-01 -2.5153e+00
587 +3.652310331e-02 +3.652310331e-02 +9.920652310e+01 +9.920652310e+01 +3.7970e+00 -9.2361e-01 -2.5666e+00
598 +2.742364058e-02 +2.742364058e-02 +9.919742364e+01 +9.919742364e+01 +3.7792e+00 -9.5245e-01 -2.5654e+00
610 +1.789895901e-02 +1.789895901e-02 +9.918789896e+01 +9.918789896e+01 +3.7759e+00 -9.4696e-01 -2.5419e+00
626 +1.076763858e-02 +1.076763858e-02 +9.918076764e+01 +9.918076764e+01 +3.7726e+00 -9.6172e-01 -2.5493e+00
634 +9.083218281e-03 +9.083218281e-03 +9.917908322e+01 +9.917908322e+01 +3.7717e+00 -9.6308e-01 -2.5480e+00
644 +5.706347881e-03 +5.706347881e-03 +9.917570635e+01 +9.917570635e+01 +3.7670e+00 -9.6293e-01 -2.5476e+00
646 +4.858358283e-03 +4.858358283e-03 +9.917485836e+01 +9.917485836e+01 +3.7645e+00 -9.6036e-01 -2.5332e+00
652 +1.420058107e-03 +1.420058107e-03 +9.917142006e+01 +9.917142006e+01 +3.7699e+00 -9.6281e-01 -2.5430e+00
682 +7.683985010e-04 +7.683985010e-04 +9.917076840e+01 +9.917076840e+01 +3.7605e+00 -9.7512e-01 -2.5335e+00
712 +4.139398234e-04 +4.139398234e-04 +9.917041394e+01 +9.917041394e+01 +3.7646e+00 -9.6805e-01 -2.5408e+00
747 +3.232563815e-04 +3.232563815e-04 +9.917032326e+01 +9.917032326e+01 +3.7619e+00 -9.7260e-01 -2.5362e+00
763 +2.812755467e-04 +2.812755467e-04 +9.917028128e+01 +9.917028128e+01 +3.7613e+00 -9.7528e-01 -2.5354e+00
784 +2.191754459e-04 +2.191754459e-04 +9.917021918e+01 +9.917021918e+01 +3.7615e+00 -9.7327e-01 -2.5349e+00
795 +1.426841966e-04 +1.426841966e-04 +9.917014268e+01 +9.917014268e+01 +3.7611e+00 -9.7302e-01 -2.5336e+00
807 +1.240654796e-04 +1.240654796e-04 +9.917012407e+01 +9.917012407e+01 +3.7616e+00 -9.7205e-01 -2.5329e+00
810 +4.331400356e-05 +4.331400356e-05 +9.917004331e+01 +9.917004331e+01 +3.7610e+00 -9.7260e-01 -2.5337e+00
822 +1.201115856e-05 +1.201115856e-05 +9.917001201e+01 +9.917001201e+01 +3.7613e+00 -9.7226e-01 -2.5333e+00
832 +9.633367000e-06 +9.633367000e-06 +9.917000963e+01 +9.917000963e+01 +3.7614e+00 -9.7224e-01 -2.5338e+00
879 +6.790912224e-06 +6.790912224e-06 +9.917000679e+01 +9.917000679e+01 +3.7609e+00 -9.7267e-01 -2.5334e+00
907 +3.789813206e-06 +3.789813206e-06 +9.917000379e+01 +9.917000379e+01 +3.7615e+00 -9.7198e-01 -2.5341e+00
917 +5.702170256e-07 +5.702170256e-07 +9.917000057e+01 +9.917000057e+01 +3.7617e+00 -9.7167e-01 -2.5342e+00
1044 +3.267400217e-07 +3.267400217e-07 +9.917000033e+01 +9.917000033e+01 +3.7618e+00 -9.7166e-01 -2.5343e+00
1055 +2.629639226e-07 +2.629639226e-07 +9.917000026e+01 +9.917000026e+01 +3.7618e+00 -9.7166e-01 -2.5343e+00
1088 +2.514821631e-07 +2.514821631e-07 +9.917000025e+01 +9.917000025e+01 +3.7617e+00 -9.7172e-01 -2.5342e+00
1103 +3.126191928e-08 +3.126191928e-08 +9.917000003e+01 +9.917000003e+01 +3.7617e+00 -9.7175e-01 -2.5342e+00
1118 +2.451987768e-08 +2.451987768e-08 +9.917000002e+01 +9.917000002e+01 +3.7616e+00 -9.7179e-01 -2.5341e+00
1177 +1.686198914e-08 +1.686198914e-08 +9.917000002e+01 +9.917000002e+01 +3.7616e+00 -9.7181e-01 -2.5341e+00
1186 +1.613754819e-08 +1.613754819e-08 +9.917000002e+01 +9.917000002e+01 +3.7616e+00 -9.7179e-01 -2.5341e+00
1202 +1.924476578e-09 +1.924476578e-09 +9.917000000e+01 +9.917000000e+01 +3.7617e+00 -9.7177e-01 -2.5342e+00
1369 +0.000000000e+00 +0.000000000e+00 +9.917000000e+01 +9.917000000e+01 +3.7616e+00 -9.7179e-01 -2.5341e+00
% function evaluation | noise-free fitness - Fopt (-5.179100000000e+02) | best noise-free fitness - Fopt | measured fitness | best measured fitness | x1 | x2...
1 +2.600132960e+01 +2.600132960e+01 -4.919086704e+02 -4.919086704e+02 +0.0000e+00 +0.0000e+00 +0.0000e+00
75 +2.038335048e+01 +2.038335048e+01 -4.975266495e+02 -4.975266495e+02 +3.3699e+00 -4.4983e+00 +1.2316e+00
80 +1.249823884e+01 +1.249823884e+01 -5.054117612e+02 -5.054117612e+02 +6.7417e+00 -4.8019e+00 +2.9499e+00
204 +1.209012056e+01 +1.209012056e+01 -5.058198794e+02 -5.058198794e+02 +6.5995e+00 -4.4526e+00 +3.3528e+00
221 +9.029822503e+00 +9.029822503e+00 -5.088801775e+02 -5.088801775e+02 +6.4278e+00 -4.3633e+00 +3.0232e+00
230 +6.601040016e+00 +6.601040016e+00 -5.113089600e+02 -5.113089600e+02 +6.3682e+00 -4.2911e+00 +2.7159e+00
242 +6.330582773e+00 +6.330582773e+00 -5.115794172e+02 -5.115794172e+02 +5.9159e+00 -3.6983e+00 +2.6352e+00
261 +4.795398179e+00 +4.795398179e+00 -5.131146018e+02 -5.131146018e+02 +5.7082e+00 -3.4402e+00 +2.5917e+00
79773 +1.861579176e+00 +1.861579176e+00 -5.160484208e+02 -5.160484208e+02 -3.5397e+00 +4.4212e+00 +3.5049e+00
79795 +1.345119006e+00 +1.345119006e+00 -5.165648810e+02 -5.165648810e+02 -3.5243e+00 +4.3002e+00 +3.6412e+00
79798 +1.112213331e+00 +1.112213331e+00 -5.167977867e+02 -5.167977867e+02 -3.4878e+00 +4.6158e+00 +3.3666e+00
79846 +6.076121052e-01 +6.076121052e-01 -5.173023879e+02 -5.173023879e+02 -3.6034e+00 +4.6513e+00 +3.1896e+00
80646 +6.025358779e-01 +6.025358779e-01 -5.173074641e+02 -5.173074641e+02 -3.5375e+00 +4.5334e+00 +3.4433e+00
119963 +5.450727930e-01 +5.450727930e-01 -5.173649272e+02 -5.173649272e+02 -3.0286e+00 +1.7869e+00 +5.2620e+00
120047 +4.884752453e-01 +4.884752453e-01 -5.174215248e+02 -5.174215248e+02 -3.0076e+00 +1.7766e+00 +5.3063e+00
120070 +4.461029994e-01 +4.461029994e-01 -5.174638970e+02 -5.174638970e+02 -3.0062e+00 +1.7729e+00 +5.2983e+00
120082 +4.305442855e-01 +4.305442855e-01 -5.174794557e+02 -5.174794557e+02 -3.0068e+00 +1.7715e+00 +5.2983e+00
120107 +4.198018257e-01 +4.198018257e-01 -5.174901982e+02 -5.174901982e+02 -3.0075e+00 +1.7734e+00 +5.3020e+00
120117 +4.106764481e-01 +4.106764481e-01 -5.174993236e+02 -5.174993236e+02 -3.0086e+00 +1.7751e+00 +5.3018e+00
120124 +4.058510374e-01 +4.058510374e-01 -5.175041490e+02 -5.175041490e+02 -3.0087e+00 +1.7744e+00 +5.3010e+00
120159 +3.866529429e-01 +3.866529429e-01 -5.175233471e+02 -5.175233471e+02 -3.0096e+00 +1.7757e+00 +5.2991e+00
120173 +3.717689406e-01 +3.717689406e-01 -5.175382311e+02 -5.175382311e+02 -3.0098e+00 +1.7752e+00 +5.2992e+00
120276 +3.713559332e-01 +3.713559332e-01 -5.175386441e+02 -5.175386441e+02 -3.0108e+00 +1.7765e+00 +5.2967e+00
120514 +3.626645936e-01 +3.626645936e-01 -5.175473354e+02 -5.175473354e+02 -3.0106e+00 +1.7763e+00 +5.2973e+00
162030 +1.388388221e-01 +1.388388221e-01 -5.177711612e+02 -5.177711612e+02 -2.8690e+00 +1.5595e+00 +4.7932e-01
162173 +1.331646010e-01 +1.331646010e-01 -5.177768354e+02 -5.177768354e+02 -2.8828e+00 +1.5703e+00 +4.5462e-01
162176 +1.222454018e-01 +1.222454018e-01 -5.177877546e+02 -5.177877546e+02 -2.8815e+00 +1.5703e+00 +4.6075e-01
162224 +8.732425387e-02 +8.732425387e-02 -5.178226757e+02 -5.178226757e+02 -2.8767e+00 +1.5659e+00 +4.6928e-01
162264 +8.683385158e-02 +8.683385158e-02 -5.178231661e+02 -5.178231661e+02 -2.8764e+00 +1.5653e+00 +4.6984e-01
162344 +8.470641675e-02 +8.470641675e-02 -5.178252936e+02 -5.178252936e+02 -2.8781e+00 +1.5666e+00 +4.6709e-01
162437 +8.123818389e-02 +8.123818389e-02 -5.178287618e+02 -5.178287618e+02 -2.8779e+00 +1.5666e+00 +4.6733e-01
162569 +7.942315205e-02 +7.942315205e-02 -5.178305768e+02 -5.178305768e+02 -2.8779e+00 +1.5666e+00 +4.6744e-01
162836 +7.761121767e-02 +7.761121767e-02 -5.178323888e+02 -5.178323888e+02 -2.8778e+00 +1.5666e+00 +4.6749e-01
% function evaluation | noise-free fitness - Fopt (-5.721000000000e+01) | best noise-free fitness - Fopt | measured fitness | best measured fitness | x1 | x2...
1 +8.758449571e+01 +8.758449571e+01 +3.037449571e+01 +3.037449571e+01 +0.0000e+00 +0.0000e+00 +0.0000e+00
2 +3.016938316e+01 +3.016938316e+01 -2.704061684e+01 -2.704061684e+01 +2.0879e+00 -4.2713e-01 -7.2250e-01
6 +2.411659052e+01 +2.411659052e+01 -3.309340948e+01 -3.309340948e+01 -3.8080e+00 -1.0600e+00 -1.9942e+00
15 +2.344117183e+01 +2.344117183e+01 -3.376882817e+01 -3.376882817e+01 -3.8955e+00 +1.1830e+00 -5.7431e-02
53 +2.258354578e+01 +2.258354578e+01 -3.462645422e+01 -3.462645422e+01 -3.1879e+00 +2.1024e+00 +1.2236e+00
54 +1.232858881e+01 +1.232858881e+01 -4.488141119e+01 -4.488141119e+01 -4.0938e+00 +3.9456e+00 +2.6392e+00
69 +6.433842997e+00 +6.433842997e+00 -5.077615700e+01 -5.077615700e+01 -3.8685e+00 +4.1108e+00 +2.1512e+00
155 +5.672390660e+00 +5.672390660e+00 -5.153760934e+01 -5.153760934e+01 -5.7588e+00 +4.3616e+00 +1.1972e+00
187 +5.571122598e+00 +5.571122598e+00 -5.163887740e+01 -5.163887740e+01 -6.0741e+00 +3.9987e+00 +1.1466e+00
209 +5.117048287e+00 +5.117048287e+00 -5.209295171e+01 -5.209295171e+01 -5.9542e+00 +4.1148e+00 +1.2617e+00
235 +4.887383631e+00 +4.887383631e+00 -5.232261637e+01 -5.232261637e+01 -6.0656e+00 +4.0283e+00 +1.2788e+00
237 +4.278757716e+00 +4.278757716e+00 -5.293124228e+01 -5.293124228e+01 -6.0081e+00 +4.0666e+00 +1.2265e+00
284 +4.180245091e+00 +4.180245091e+00 -5.302975491e+01 -5.302975491e+01 -6.0015e+00 +4.0662e+00 +1.3175e+00
288 +4.121339549e+00 +4.121339549e+00 -5.308866045e+01 -5.308866045e+01 -5.9876e+00 +4.0925e+00 +1.2771e+00
325 +3.984115867e+00 +3.984115867e+00 -5.322588413e+01 -5.322588413e+01 -6.0314e+00 +4.0385e+00 +1.3332e+00
435 +3.952338829e+00 +3.952338829e+00 -5.325766117e+01 -5.325766117e+01 -6.0479e+00 +4.0324e+00 +1.3159e+00
475 +3.864067565e+00 +3.864067565e+00 -5.334593243e+01 -5.334593243e+01 -6.0521e+00 +4.0245e+00 +1.3439e+00
40165 +2.091433227e+00 +2.091433227e+00 -5.511856677e+01 -5.511856677e+01 +1.7833e+00 -2.1171e+00 +4.0972e+00
82838 +1.424714314e+00 +1.424714314e+00 -5.578528569e+01 -5.578528569e+01 +3.9630e+00 -5.5109e+00 -5.1455e+00
83125 +1.371963839e+00 +1.371963839e+00 -5.583803616e+01 -5.583803616e+01 +3.9834e+00 -5.5751e+00 -5.0664e+00
83135 +1.275785520e+00 +1.275785520e+00 -5.593421448e+01 -5.593421448e+01 +4.0000e+00 -5.5626e+00 -5.0798e+00
83149 +1.188730152e+00 +1.188730152e+00 -5.602126985e+01 -5.602126985e+01 +4.0206e+00 -5.5383e+00 -5.0963e+00
83154 +1.149225492e+00 +1.149225492e+00 -5.606077451e+01 -5.606077451e+01 +4.0348e+00 -5.5109e+00 -5.1026e+00
83158 +1.119662960e+00 +1.119662960e+00 -5.609033704e+01 -5.609033704e+01 +4.0322e+00 -5.5089e+00 -5.1074e+00
83175 +1.056042552e+00 +1.056042552e+00 -5.615395745e+01 -5.615395745e+01 +4.0648e+00 -5.4839e+00 -5.1134e+00
83194 +1.040145730e+00 +1.040145730e+00 -5.616985427e+01 -5.616985427e+01 +4.0636e+00 -5.4855e+00 -5.1106e+00
83289 +1.014264781e+00 +1.014264781e+00 -5.619573522e+01 -5.619573522e+01 +4.0331e+00 -5.5149e+00 -5.1041e+00
83321 +9.992476158e-01 +9.992476158e-01 -5.621075238e+01 -5.621075238e+01 +4.0439e+00 -5.5065e+00 -5.1049e+00
83424 +9.769746732e-01 +9.769746732e-01 -5.623302533e+01 -5.623302533e+01 +4.0382e+00 -5.5134e+00 -5.1023e+00
126257 +8.268242121e-01 +8.268242121e-01 -5.638317579e+01 -5.638317579e+01 -6.6895e-01 -2.3986e+00 -4.8127e+00
126269 +7.185134764e-01 +7.185134764e-01 -5.649148652e+01 -5.649148652e+01 -6.7437e-01 -2.4044e+00 -4.8177e+00
126340 +6.848865046e-01 +6.848865046e-01 -5.652511350e+01 -5.652511350e+01 -6.6674e-01 -2.3996e+00 -4.8201e+00
126367 +6.644515092e-01 +6.644515092e-01 -5.654554849e+01 -5.654554849e+01 -6.6842e-01 -2.3999e+00 -4.8202e+00
126380 +6.196695568e-01 +6.196695568e-01 -5.659033044e+01 -5.659033044e+01 -6.6907e-01 -2.3997e+00 -4.8217e+00
126407 +6.154443864e-01 +6.154443864e-01 -5.659455561e+01 -5.659455561e+01 -6.6814e-01 -2.3991e+00 -4.8217e+00
126450 +5.965821296e-01 +5.965821296e-01 -5.661341787e+01 -5.661341787e+01 -6.6957e-01 -2.4003e+00 -4.8204e+00
126465 +5.874416442e-01 +5.874416442e-01 -5.662255836e+01 -5.662255836e+01 -6.7073e-01 -2.4012e+00 -4.8202e+00
126628 +5.627442184e-01 +5.627442184e-01 -5.664725578e+01 -5.664725578e+01 -6.7059e-01 -2.4014e+00 -4.8192e+00
126689 +5.620309707e-01 +5.620309707e-01 -5.664796903e+01 -5.664796903e+01 -6.7066e-01 -2.4015e+00 -4.8195e+00
% function evaluation | noise-free fitness - Fopt (-1.000000000000e+03) | best noise-free fitness - Fopt | measured fitness | best measured fitness | x1 | x2...
1 +3.177340174e+01 +3.177340174e+01 -9.682265983e+02 -9.682265983e+02 +0.0000e+00 +0.0000e+00 +0.0000e+00
3 +2.911981472e+01 +2.911981472e+01 -9.708801853e+02 -9.708801853e+02 +2.1231e+00 +2.5289e+00 -1.3405e-01
4 +2.621054518e+01 +2.621054518e+01 -9.737894548e+02 -9.737894548e+02 +3.1383e-01 +4.2726e-01 -1.3461e+00
10 +1.382337162e+01 +1.382337162e+01 -9.861766284e+02 -9.861766284e+02 -1.4174e+00 -3.8461e-02 +1.4775e+00
15 +1.122828448e+01 +1.122828448e+01 -9.887717155e+02 -9.887717155e+02 -1.5234e+00 +6.5977e-01 -1.9988e+00
29 +1.019156083e+01 +1.019156083e+01 -9.898084392e+02 -9.898084392e+02 -1.1959e+00 +1.9266e-01 -1.5708e+00
31 +8.083114524e+00 +8.083114524e+00 -9.919168855e+02 -9.919168855e+02 -9.5023e-01 +1.4149e+00 -6.9607e-01
85 +7.576217243e+00 +7.576217243e+00 -9.924237828e+02 -9.924237828e+02 +5.1303e-01 +4.7986e+00 +5.6277e-01
118 +6.689155439e+00 +6.689155439e+00 -9.933108446e+02 -9.933108446e+02 +3.2640e+00 +1.7579e+00 +1.8173e+00
269 +4.315322301e+00 +4.315322301e+00 -9.956846777e+02 -9.956846777e+02 +4.9396e+00 +9.4124e-01 +8.2070e-01
320 +3.443293741e+00 +3.443293741e+00 -9.965567063e+02 -9.965567063e+02 +5.0787e+00 +1.5170e+00 +1.2901e+00
328 +1.263410891e+00 +1.263410891e+00 -9.987365891e+02 -9.987365891e+02 +5.2214e+00 +1.7679e+00 +1.4256e+00
369 +5.608917959e-01 +5.608917959e-01 -9.994391082e+02 -9.994391082e+02 +5.2359e+00 +1.7306e+00 +1.5400e+00
441 +4.840125544e-01 +4.840125544e-01 -9.995159874e+02 -9.995159874e+02 +5.2666e+00 +1.8638e+00 +1.5613e+00
445 +4.169885632e-01 +4.169885632e-01 -9.995830114e+02 -9.995830114e+02 +5.2643e+00 +1.8730e+00 +1.5467e+00
447 +4.084164816e-01 +4.084164816e-01 -9.995915835e+02 -9.995915835e+02 +5.2785e+00 +1.8724e+00 +1.5521e+00
472 +3.984957856e-01 +3.984957856e-01 -9.996015042e+02 -9.996015042e+02 +5.2948e+00 +1.9425e+00 +1.5409e+00
475 +3.488505600e-01 +3.488505600e-01 -9.996511494e+02 -9.996511494e+02 +5.3019e+00 +1.9502e+00 +1.5894e+00
483 +3.463538764e-01 +3.463538764e-01 -9.996536461e+02 -9.996536461e+02 +5.3187e+00 +2.0126e+00 +1.5916e+00
511 +3.360610778e-01 +3.360610778e-01 -9.996639389e+02 -9.996639389e+02 +5.3145e+00 +2.0051e+00 +1.5801e+00
536 +3.229643397e-01 +3.229643397e-01 -9.996770357e+02 -9.996770357e+02 +5.2953e+00 +2.0017e+00 +1.5681e+00
625 +3.108253459e-01 +3.108253459e-01 -9.996891747e+02 -9.996891747e+02 +5.2866e+00 +1.9626e+00 +1.5554e+00
664 +3.048418787e-01 +3.048418787e-01 -9.996951581e+02 -9.996951581e+02 +5.2880e+00 +1.9714e+00 +1.5530e+00
679 +3.012211852e-01 +3.012211852e-01 -9.996987788e+02 -9.996987788e+02 +5.2897e+00 +1.9764e+00 +1.5548e+00
776 +2.947397418e-01 +2.947397418e-01 -9.997052603e+02 -9.997052603e+02 +5.2897e+00 +1.9784e+00 +1.5553e+00
251201 +2.219897431e-01 +2.219897431e-01 -9.997780103e+02 -9.997780103e+02 -1.9984e+00 -1.8864e+00 -3.9037e+00
251226 +2.144742078e-01 +2.144742078e-01 -9.997855258e+02 -9.997855258e+02 -2.0018e+00 -1.8722e+00 -3.9055e+00
251298 +7.750318532e-02 +7.750318532e-02 -9.999224968e+02 -9.999224968e+02 -1.9579e+00 -1.8654e+00 -3.8099e+00
251512 +7.404408704e-02 +7.404408704e-02 -9.999259559e+02 -9.999259559e+02 -1.9573e+00 -1.8628e+00 -3.8499e+00
251524 +6.959501174e-02 +6.959501174e-02 -9.999304050e+02 -9.999304050e+02 -1.9581e+00 -1.8645e+00 -3.8559e+00
251555 +4.210771385e-02 +4.210771385e-02 -9.999578923e+02 -9.999578923e+02 -1.9594e+00 -1.8470e+00 -3.8578e+00
251565 +2.707709220e-02 +2.707709220e-02 -9.999729229e+02 -9.999729229e+02 -1.9598e+00 -1.8444e+00 -3.8558e+00
251578 +2.457018938e-02 +2.457018938e-02 -9.999754298e+02 -9.999754298e+02 -1.9626e+00 -1.8321e+00 -3.8463e+00
251581 +1.693947272e-02 +1.693947272e-02 -9.999830605e+02 -9.999830605e+02 -1.9612e+00 -1.8367e+00 -3.8549e+00
251590 +1.265189989e-02 +1.265189989e-02 -9.999873481e+02 -9.999873481e+02 -1.9617e+00 -1.8325e+00 -3.8531e+00
251611 +1.206975054e-02 +1.206975054e-02 -9.999879302e+02 -9.999879302e+02 -1.9609e+00 -1.8345e+00 -3.8547e+00
251678 +9.375573236e-03 +9.375573236e-03 -9.999906244e+02 -9.999906244e+02 -1.9611e+00 -1.8359e+00 -3.8556e+00
251799 +8.019110924e-03 +8.019110924e-03 -9.999919809e+02 -9.999919809e+02 -1.9610e+00 -1.8359e+00 -3.8557e+00
251835 +7.769471827e-03 +7.769471827e-03 -9.999922305e+02 -9.999922305e+02 -1.9610e+00 -1.8354e+00 -3.8556e+00
251912 +7.663325296e-03 +7.663325296e-03 -9.999923367e+02 -9.999923367e+02 -1.9610e+00 -1.8358e+00 -3.8555e+00
251922 +7.111148710e-03 +7.111148710e-03 -9.999928889e+02 -9.999928889e+02 -1.9610e+00 -1.8357e+00 -3.8556e+00
251951 +6.928934583e-03 +6.928934583e-03 -9.999930711e+02 -9.999930711e+02 -1.9610e+00 -1.8357e+00 -3.8556e+00
252055 +6.866870271e-03 +6.866870271e-03 -9.999931331e+02 -9.999931331e+02 -1.9610e+00 -1.8357e+00 -3.8556e+00
252132 +6.746491135e-03 +6.746491135e-03 -9.999932535e+02 -9.999932535e+02 -1.9610e+00 -1.8357e+00 -3.8556e+00
% function evaluation | noise-free fitness - Fopt (-6.554000000000e+01) | best noise-free fitness - Fopt | measured fitness | best measured fitness | x1 | x2...
1 +3.309321730e+01 +3.309321730e+01 -3.244678270e+01 -3.244678270e+01 +0.0000e+00 +0.0000e+00 +0.0000e+00
3 +3.205559469e+01 +3.205559469e+01 -3.348440531e+01 -3.348440531e+01 -5.6253e+00 -3.5163e+00 -3.3335e+00
17 +2.230313672e+01 +2.230313672e+01 -4.323686328e+01 -4.323686328e+01 -4.1970e+00 -3.4384e+00 -3.4494e+00
36 +1.893225076e+01 +1.893225076e+01 -4.660774924e+01 -4.660774924e+01 -4.7292e+00 -1.3296e+00 -2.3189e+00
50 +1.766332227e+01 +1.766332227e+01 -4.787667773e+01 -4.787667773e+01 -5.1597e+00 -1.9583e+00 -2.0710e+00
67 +1.461394618e+01 +1.461394618e+01 -5.092605382e+01 -5.092605382e+01 -4.7883e+00 -2.1130e+00 -3.7720e-01
78 +2.998164242e+00 +2.998164242e+00 -6.254183576e+01 -6.254183576e+01 -4.9307e+00 -2.2955e+00 -4.5767e-01
247 +2.712201727e+00 +2.712201727e+00 -6.282779827e+01 -6.282779827e+01 -5.0876e+00 -8.6379e-01 -2.5980e+00
248 +2.622592151e+00 +2.622592151e+00 -6.291740785e+01 -6.291740785e+01 -5.0237e+00 -8.9601e-01 -2.4576e+00
256 +1.568512171e+00 +1.568512171e+00 -6.397148783e+01 -6.397148783e+01 -5.0147e+00 -8.9739e-01 -2.5078e+00
279 +1.422717240e+00 +1.422717240e+00 -6.411728276e+01 -6.411728276e+01 -5.0300e+00 -8.5815e-01 -2.4951e+00
289 +9.654372911e-01 +9.654372911e-01 -6.457456271e+01 -6.457456271e+01 -5.0383e+00 -8.3730e-01 -2.5350e+00
376 +9.234520882e-01 +9.234520882e-01 -6.461654791e+01 -6.461654791e+01 -5.0378e+00 -8.7011e-01 -2.5270e+00
399 +9.089135095e-01 +9.089135095e-01 -6.463108649e+01 -6.463108649e+01 -5.0338e+00 -8.6766e-01 -2.5228e+00
428 +8.773116704e-01 +8.773116704e-01 -6.466268833e+01 -6.466268833e+01 -5.0335e+00 -8.5614e-01 -2.5263e+00
444 +8.131273928e-01 +8.131273928e-01 -6.472687261e+01 -6.472687261e+01 -5.0364e+00 -8.4215e-01 -2.5353e+00
541 +7.346363284e-01 +7.346363284e-01 -6.480536367e+01 -6.480536367e+01 -5.0347e+00 -8.4629e-01 -2.5310e+00
584 +7.232440312e-01 +7.232440312e-01 -6.481675597e+01 -6.481675597e+01 -5.0350e+00 -8.4677e-01 -2.5315e+00
593 +7.052789754e-01 +7.052789754e-01 -6.483472102e+01 -6.483472102e+01 -5.0349e+00 -8.4637e-01 -2.5318e+00
656 +6.858556740e-01 +6.858556740e-01 -6.485414433e+01 -6.485414433e+01 -5.0349e+00 -8.4554e-01 -2.5321e+00
41442 +4.448035033e-01 +4.448035033e-01 -6.509519650e+01 -6.509519650e+01 +1.6168e+00 -5.0042e+00 +1.2075e+00
41474 +4.138909176e-01 +4.138909176e-01 -6.512610908e+01 -6.512610908e+01 +1.6432e+00 -4.9388e+00 +1.1513e+00
41547 +3.988347638e-01 +3.988347638e-01 -6.514116524e+01 -6.514116524e+01 +1.6082e+00 -4.9536e+00 +1.1545e+00
41556 +3.970955947e-01 +3.970955947e-01 -6.514290441e+01 -6.514290441e+01 +1.6229e+00 -4.9781e+00 +1.1751e+00
41557 +3.732124415e-01 +3.732124415e-01 -6.516678756e+01 -6.516678756e+01 +1.5936e+00 -4.9538e+00 +1.1552e+00
41558 +2.425732549e-01 +2.425732549e-01 -6.529742675e+01 -6.529742675e+01 +1.6231e+00 -4.9406e+00 +1.1766e+00
41605 +7.178514286e-02 +7.178514286e-02 -6.546821486e+01 -6.546821486e+01 +1.6215e+00 -4.9311e+00 +1.1570e+00
41655 +6.940337636e-02 +6.940337636e-02 -6.547059662e+01 -6.547059662e+01 +1.6234e+00 -4.9273e+00 +1.1516e+00
41673 +6.757725116e-02 +6.757725116e-02 -6.547242275e+01 -6.547242275e+01 +1.6245e+00 -4.9313e+00 +1.1560e+00
41694 +5.760005597e-02 +5.760005597e-02 -6.548239994e+01 -6.548239994e+01 +1.6227e+00 -4.9289e+00 +1.1532e+00
41728 +5.005142314e-02 +5.005142314e-02 -6.548994858e+01 -6.548994858e+01 +1.6232e+00 -4.9268e+00 +1.1533e+00
41740 +4.471066120e-02 +4.471066120e-02 -6.549528934e+01 -6.549528934e+01 +1.6228e+00 -4.9282e+00 +1.1535e+00
41771 +3.796724999e-02 +3.796724999e-02 -6.550203275e+01 -6.550203275e+01 +1.6229e+00 -4.9289e+00 +1.1542e+00
41984 +3.667406992e-02 +3.667406992e-02 -6.550332593e+01 -6.550332593e+01 +1.6229e+00 -4.9290e+00 +1.1542e+00
42079 +3.626514632e-02 +3.626514632e-02 -6.550373485e+01 -6.550373485e+01 +1.6229e+00 -4.9290e+00 +1.1543e+00
% function evaluation | noise-free fitness - Fopt (-2.375000000000e+01) | best noise-free fitness - Fopt | measured fitness | best measured fitness | x1 | x2...
1 +7.978379990e+01 +7.978379990e+01 +5.603379990e+01 +5.603379990e+01 +0.0000e+00 +0.0000e+00 +0.0000e+00
7 +7.791922299e+01 +7.791922299e+01 +5.416922299e+01 +5.416922299e+01 -3.5260e-02 +2.2282e-01 -2.3035e+00
9 +5.089570457e+01 +5.089570457e+01 +2.714570457e+01 +2.714570457e+01 +3.1719e-01 +8.7636e-01 +1.3000e+00
21 +3.471908023e+01 +3.471908023e+01 +1.096908023e+01 +1.096908023e+01 +2.0828e-01 +5.3245e-01 +2.8290e+00
27 +3.091916713e+01 +3.091916713e+01 +7.169167132e+00 +7.169167132e+00 +9.3501e-01 +8.6965e-01 +6.0584e+00
37 +1.483323916e+01 +1.483323916e+01 -8.916760842e+00 -8.916760842e+00 +7.7245e-01 +1.3178e+00 +5.4536e+00
56 +8.218850650e+00 +8.218850650e+00 -1.553114935e+01 -1.553114935e+01 -1.4796e+00 +1.3987e+00 +2.9764e+00
227 +2.089014375e+00 +2.089014375e+00 -2.166098562e+01 -2.166098562e+01 +2.4857e+00 -3.9170e+00 -1.7327e+00
44931 +2.040564788e+00 +2.040564788e+00 -2.170943521e+01 -2.170943521e+01 -5.3328e+00 +1.5742e-01 +1.2492e+00
83355 +1.964967481e+00 +1.964967481e+00 -2.178503252e+01 -2.178503252e+01 -1.0090e+00 +3.6802e-01 -4.9962e+00
83380 +1.718575293e+00 +1.718575293e+00 -2.203142471e+01 -2.203142471e+01 -1.0648e+00 +4.5631e-01 -4.8247e+00
83384 +9.890659194e-01 +9.890659194e-01 -2.276093408e+01 -2.276093408e+01 -9.7912e-01 +3.0886e-01 -4.8257e+00
83393 +8.373584549e-01 +8.373584549e-01 -2.291264155e+01 -2.291264155e+01 -1.0528e+00 +4.5942e-01 -4.9600e+00
83419 +7.620626257e-01 +7.620626257e-01 -2.298793737e+01 -2.298793737e+01 -1.0546e+00 +3.7841e-01 -4.8879e+00
83426 +1.673926058e-01 +1.673926058e-01 -2.358260739e+01 -2.358260739e+01 -1.0584e+00 +3.1414e-01 -4.9090e+00
83629 +1.364490246e-01 +1.364490246e-01 -2.361355098e+01 -2.361355098e+01 -1.0323e+00 +2.2857e-01 -4.9127e+00
83651 +7.222392215e-02 +7.222392215e-02 -2.367777608e+01 -2.367777608e+01 -1.0352e+00 +2.3657e-01 -4.9141e+00
83792 +6.545637405e-02 +6.545637405e-02 -2.368454363e+01 -2.368454363e+01 -1.0343e+00 +2.2897e-01 -4.9166e+00
83813 +6.175566771e-02 +6.175566771e-02 -2.368824433e+01 -2.368824433e+01 -1.0345e+00 +2.2942e-01 -4.9153e+00
83857 +5.522890066e-02 +5.522890066e-02 -2.369477110e+01 -2.369477110e+01 -1.0351e+00 +2.3260e-01 -4.9152e+00
83862 +5.201608697e-02 +5.201608697e-02 -2.369798391e+01 -2.369798391e+01 -1.0346e+00 +2.3046e-01 -4.9164e+00
83892 +4.561248451e-02 +4.561248451e-02 -2.370438752e+01 -2.370438752e+01 -1.0355e+00 +2.3258e-01 -4.9155e+00
83901 +4.096413578e-02 +4.096413578e-02 -2.370903586e+01 -2.370903586e+01 -1.0354e+00 +2.3266e-01 -4.9160e+00
84032 +3.995376894e-02 +3.995376894e-02 -2.371004623e+01 -2.371004623e+01 -1.0353e+00 +2.3226e-01 -4.9159e+00
84034 +3.948962247e-02 +3.948962247e-02 -2.371051038e+01 -2.371051038e+01 -1.0353e+00 +2.3227e-01 -4.9160e+00
84039 +3.885043825e-02 +3.885043825e-02 -2.371114956e+01 -2.371114956e+01 -1.0354e+00 +2.3254e-01 -4.9159e+00
84060 +3.739931959e-02 +3.739931959e-02 -2.371260068e+01 -2.371260068e+01 -1.0354e+00 +2.3248e-01 -4.9159e+00
84120 +3.693699600e-02 +3.693699600e-02 -2.371306300e+01 -2.371306300e+01 -1.0354e+00 +2.3250e-01 -4.9159e+00
84210 +3.627611053e-02 +3.627611053e-02 -2.371372389e+01 -2.371372389e+01 -1.0354e+00 +2.3247e-01 -4.9159e+00
248203 +3.159881330e-02 +3.159881330e-02 -2.371840119e+01 -2.371840119e+01 +9.3406e-01 -4.8464e+00 -2.9473e-01
248214 +1.892923874e-02 +1.892923874e-02 -2.373107076e+01 -2.373107076e+01 +9.3287e-01 -4.8334e+00 -2.9334e-01
248240 +1.405638941e-02 +1.405638941e-02 -2.373594361e+01 -2.373594361e+01 +9.3388e-01 -4.8401e+00 -2.9476e-01
248261 +1.377034845e-02 +1.377034845e-02 -2.373622965e+01 -2.373622965e+01 +9.3408e-01 -4.8431e+00 -2.9614e-01
248279 +1.196299571e-02 +1.196299571e-02 -2.373803700e+01 -2.373803700e+01 +9.3373e-01 -4.8389e+00 -2.9525e-01
248280 +9.718765030e-03 +9.718765030e-03 -2.374028123e+01 -2.374028123e+01 +9.3429e-01 -4.8422e+00 -2.9535e-01
248289 +9.478169899e-03 +9.478169899e-03 -2.374052183e+01 -2.374052183e+01 +9.3423e-01 -4.8420e+00 -2.9557e-01
248346 +8.240167466e-03 +8.240167466e-03 -2.374175983e+01 -2.374175983e+01 +9.3414e-01 -4.8412e+00 -2.9532e-01
248424 +7.809436703e-03 +7.809436703e-03 -2.374219056e+01 -2.374219056e+01 +9.3416e-01 -4.8415e+00 -2.9543e-01
248429 +7.671977458e-03 +7.671977458e-03 -2.374232802e+01 -2.374232802e+01 +9.3414e-01 -4.8415e+00 -2.9538e-01
248504 +7.469191377e-03 +7.469191377e-03 -2.374253081e+01 -2.374253081e+01 +9.3408e-01 -4.8411e+00 -2.9538e-01
248536 +7.387131091e-03 +7.387131091e-03 -2.374261287e+01 -2.374261287e+01 +9.3410e-01 -4.8412e+00 -2.9539e-01
248562 +7.226788597e-03 +7.226788597e-03 -2.374277321e+01 -2.374277321e+01 +9.3412e-01 -4.8413e+00 -2.9544e-01
248608 +7.062192896e-03 +7.062192896e-03 -2.374293781e+01 -2.374293781e+01 +9.3413e-01 -4.8414e+00 -2.9541e-01
248658 +6.900076444e-03 +6.900076444e-03 -2.374309992e+01 -2.374309992e+01 +9.3413e-01 -4.8414e+00 -2.9541e-01
248948 +6.758720083e-03 +6.758720083e-03 -2.374324128e+01 -2.374324128e+01 +9.3413e-01 -4.8414e+00 -2.9541e-01
% function evaluation | noise-free fitness - Fopt (3.513000000000e+01) | best noise-free fitness - Fopt | measured fitness | best measured fitness | x1 | x2...
1 +8.274571093e+01 +8.274571093e+01 +1.178757109e+02 +1.178757109e+02 +0.0000e+00 +0.0000e+00 +0.0000e+00
5 +3.115391610e+01 +3.115391610e+01 +6.628391610e+01 +6.628391610e+01 -2.1948e+00 -5.0549e+00 +1.1418e+00
7 +2.153765198e+01 +2.153765198e+01 +5.666765198e+01 +5.666765198e+01 +2.6420e+00 +4.0810e+00 -1.0090e+00
8 +1.368642861e+01 +1.368642861e+01 +4.881642861e+01 +4.881642861e+01 +2.5973e+00 +6.1919e+00 +1.3479e+00
34 +5.625257954e+00 +5.625257954e+00 +4.075525795e+01 +4.075525795e+01 -5.5302e-01 +1.1160e+00 +1.2715e+00
164 +3.877478533e+00 +3.877478533e+00 +3.900747853e+01 +3.900747853e+01 -6.1627e-01 +1.4926e+00 -3.0266e+00
423 +2.432393189e+00 +2.432393189e+00 +3.756239319e+01 +3.756239319e+01 +2.7964e+00 +2.3631e+00 -3.8609e+00
424 +9.677396850e-01 +9.677396850e-01 +3.609773969e+01 +3.609773969e+01 +3.3085e+00 +2.3112e+00 -4.1475e+00
505 +7.092433758e-01 +7.092433758e-01 +3.583924338e+01 +3.583924338e+01 +3.0962e+00 +2.5607e+00 -3.9196e+00
522 +5.574587392e-01 +5.574587392e-01 +3.568745874e+01 +3.568745874e+01 +3.1189e+00 +2.4860e+00 -3.9315e+00
580 +2.982785793e-01 +2.982785793e-01 +3.542827858e+01 +3.542827858e+01 +3.0520e+00 +2.5085e+00 -3.8834e+00
584 +1.779647970e-01 +1.779647970e-01 +3.530796480e+01 +3.530796480e+01 +3.0614e+00 +2.5183e+00 -3.9028e+00
684 +1.649380703e-01 +1.649380703e-01 +3.529493807e+01 +3.529493807e+01 +3.0222e+00 +2.5387e+00 -3.8787e+00
701 +1.566277156e-01 +1.566277156e-01 +3.528662772e+01 +3.528662772e+01 +3.0207e+00 +2.5436e+00 -3.8821e+00
707 +9.972521339e-02 +9.972521339e-02 +3.522972521e+01 +3.522972521e+01 +3.0244e+00 +2.5399e+00 -3.8820e+00
803 +9.646615310e-02 +9.646615310e-02 +3.522646615e+01 +3.522646615e+01 +3.0165e+00 +2.5469e+00 -3.8781e+00
844 +8.938005740e-02 +8.938005740e-02 +3.521938006e+01 +3.521938006e+01 +3.0153e+00 +2.5471e+00 -3.8779e+00
901 +8.633105352e-02 +8.633105352e-02 +3.521633105e+01 +3.521633105e+01 +3.0171e+00 +2.5471e+00 -3.8785e+00
963 +8.133475974e-02 +8.133475974e-02 +3.521133476e+01 +3.521133476e+01 +3.0159e+00 +2.5468e+00 -3.8782e+00
967 +7.641097263e-02 +7.641097263e-02 +3.520641097e+01 +3.520641097e+01 +3.0163e+00 +2.5469e+00 -3.8783e+00
1074 +7.497233613e-02 +7.497233613e-02 +3.520497234e+01 +3.520497234e+01 +3.0162e+00 +2.5471e+00 -3.8783e+00
1089 +7.297783506e-02 +7.297783506e-02 +3.520297784e+01 +3.520297784e+01 +3.0161e+00 +2.5471e+00 -3.8783e+00
1143 +7.184109962e-02 +7.184109962e-02 +3.520184110e+01 +3.520184110e+01 +3.0161e+00 +2.5471e+00 -3.8783e+00
1507 +7.079386954e-02 +7.079386954e-02 +3.520079387e+01 +3.520079387e+01 +3.0162e+00 +2.5471e+00 -3.8783e+00
41194 +2.684844609e-02 +2.684844609e-02 +3.515684845e+01 +3.515684845e+01 +3.5358e+00 +1.0253e+00 +4.9698e+00
41230 +1.564832627e-02 +1.564832627e-02 +3.514564833e+01 +3.514564833e+01 +3.5621e+00 +1.0117e+00 +4.9717e+00
41280 +1.266455947e-02 +1.266455947e-02 +3.514266456e+01 +3.514266456e+01 +3.5920e+00 +1.0312e+00 +4.9540e+00
41327 +3.154639629e-03 +3.154639629e-03 +3.513315464e+01 +3.513315464e+01 +3.5660e+00 +1.0183e+00 +4.9608e+00
41329 +1.255825771e-03 +1.255825771e-03 +3.513125583e+01 +3.513125583e+01 +3.5715e+00 +1.0192e+00 +4.9597e+00
41354 +2.281183449e-04 +2.281183449e-04 +3.513022812e+01 +3.513022812e+01 +3.5626e+00 +1.0243e+00 +4.9623e+00
41392 +1.934030007e-04 +1.934030007e-04 +3.513019340e+01 +3.513019340e+01 +3.5602e+00 +1.0235e+00 +4.9641e+00
41413 +1.389075666e-04 +1.389075666e-04 +3.513013891e+01 +3.513013891e+01 +3.5610e+00 +1.0231e+00 +4.9639e+00
41415 +1.250359986e-04 +1.250359986e-04 +3.513012504e+01 +3.513012504e+01 +3.5603e+00 +1.0236e+00 +4.9640e+00
41420 +1.151134340e-04 +1.151134340e-04 +3.513011511e+01 +3.513011511e+01 +3.5622e+00 +1.0233e+00 +4.9637e+00
41429 +3.433373389e-05 +3.433373389e-05 +3.513003433e+01 +3.513003433e+01 +3.5613e+00 +1.0241e+00 +4.9637e+00
41432 +1.223657155e-05 +1.223657155e-05 +3.513001224e+01 +3.513001224e+01 +3.5626e+00 +1.0234e+00 +4.9631e+00
41564 +1.063397361e-05 +1.063397361e-05 +3.513001063e+01 +3.513001063e+01 +3.5624e+00 +1.0240e+00 +4.9633e+00
41565 +1.009003348e-05 +1.009003348e-05 +3.513001009e+01 +3.513001009e+01 +3.5615e+00 +1.0242e+00 +4.9635e+00
41591 +7.368812398e-06 +7.368812398e-06 +3.513000737e+01 +3.513000737e+01 +3.5612e+00 +1.0243e+00 +4.9637e+00
41619 +6.732391860e-06 +6.732391860e-06 +3.513000673e+01 +3.513000673e+01 +3.5618e+00 +1.0240e+00 +4.9634e+00
41665 +4.494800216e-06 +4.494800216e-06 +3.513000449e+01 +3.513000449e+01 +3.5619e+00 +1.0239e+00 +4.9634e+00
41666 +3.668861886e-06 +3.668861886e-06 +3.513000367e+01 +3.513000367e+01 +3.5618e+00 +1.0240e+00 +4.9634e+00
41669 +1.974753800e-06 +1.974753800e-06 +3.513000197e+01 +3.513000197e+01 +3.5619e+00 +1.0240e+00 +4.9634e+00
41746 +6.727049495e-07 +6.727049495e-07 +3.513000067e+01 +3.513000067e+01 +3.5616e+00 +1.0239e+00 +4.9635e+00
41752 +4.143306853e-07 +4.143306853e-07 +3.513000041e+01 +3.513000041e+01 +3.5616e+00 +1.0239e+00 +4.9635e+00
41808 +2.774141734e-07 +2.774141734e-07 +3.513000028e+01 +3.513000028e+01 +3.5617e+00 +1.0238e+00 +4.9634e+00
41831 +2.081798129e-07 +2.081798129e-07 +3.513000021e+01 +3.513000021e+01 +3.5617e+00 +1.0239e+00 +4.9634e+00
41905 +1.847128743e-07 +1.847128743e-07 +3.513000018e+01 +3.513000018e+01 +3.5617e+00 +1.0238e+00 +4.9634e+00
41917 +1.765621178e-07 +1.765621178e-07 +3.513000018e+01 +3.513000018e+01 +3.5617e+00 +1.0238e+00 +4.9634e+00
41922 +1.718255263e-07 +1.718255263e-07 +3.513000017e+01 +3.513000017e+01 +3.5617e+00 +1.0238e+00 +4.9634e+00
41950 +1.462223551e-07 +1.462223551e-07 +3.513000015e+01 +3.513000015e+01 +3.5617e+00 +1.0238e+00 +4.9634e+00
42007 +1.402037313e-07 +1.402037313e-07 +3.513000014e+01 +3.513000014e+01 +3.5617e+00 +1.0238e+00 +4.9634e+00
% function evaluation | noise-free fitness - Fopt (-7.982000000000e+01) | best noise-free fitness - Fopt | measured fitness | best measured fitness | x1 | x2...
1 +3.902901381e+01 +3.902901381e+01 -4.079098619e+01 -4.079098619e+01 +0.0000e+00 +0.0000e+00 +0.0000e+00
5 +3.362508612e+01 +3.362508612e+01 -4.619491388e+01 -4.619491388e+01 +1.2372e+00 -2.6879e+00 -9.6490e-02
20 +1.773904040e+01 +1.773904040e+01 -6.208095960e+01 -6.208095960e+01 +1.8370e+00 -2.9201e+00 +7.0881e-01
23 +8.374350366e+00 +8.374350366e+00 -7.144564963e+01 -7.144564963e+01 +1.6550e+00 -2.3298e+00 +5.9484e-01
54 +7.287730804e+00 +7.287730804e+00 -7.253226920e+01 -7.253226920e+01 +2.1612e+00 -3.5825e+00 +1.2359e+00
65 +4.573266001e+00 +4.573266001e+00 -7.524673400e+01 -7.524673400e+01 +2.7807e+00 -4.6116e+00 +1.8194e+00
74 +1.707060032e+00 +1.707060032e+00 -7.811293997e+01 -7.811293997e+01 +2.1963e+00 -3.5150e+00 +1.1969e+00
231 +1.469817250e+00 +1.469817250e+00 -7.835018275e+01 -7.835018275e+01 +2.1762e+00 -3.5319e+00 +1.2007e+00
299 +1.161641554e+00 +1.161641554e+00 -7.865835845e+01 -7.865835845e+01 +2.1549e+00 -3.5048e+00 +1.2124e+00
323 +1.112903544e+00 +1.112903544e+00 -7.870709646e+01 -7.870709646e+01 +2.1947e+00 -3.5182e+00 +1.2241e+00
325 +1.072963464e+00 +1.072963464e+00 -7.874703654e+01 -7.874703654e+01 +2.1662e+00 -3.5162e+00 +1.2291e+00
334 +9.851965631e-01 +9.851965631e-01 -7.883480344e+01 -7.883480344e+01 +2.1788e+00 -3.5135e+00 +1.2194e+00
342 +7.153571764e-01 +7.153571764e-01 -7.910464282e+01 -7.910464282e+01 +2.1704e+00 -3.5153e+00 +1.2239e+00
382 +6.683049399e-01 +6.683049399e-01 -7.915169506e+01 -7.915169506e+01 +2.1838e+00 -3.5257e+00 +1.2171e+00
387 +6.303000324e-01 +6.303000324e-01 -7.918969997e+01 -7.918969997e+01 +2.1954e+00 -3.5267e+00 +1.2136e+00
415 +5.859483763e-01 +5.859483763e-01 -7.923405162e+01 -7.923405162e+01 +2.1861e+00 -3.5256e+00 +1.2122e+00
417 +5.716171893e-01 +5.716171893e-01 -7.924838281e+01 -7.924838281e+01 +2.1826e+00 -3.5223e+00 +1.2126e+00
429 +4.509099418e-01 +4.509099418e-01 -7.936909006e+01 -7.936909006e+01 +2.1819e+00 -3.5221e+00 +1.2143e+00
526 +4.396033754e-01 +4.396033754e-01 -7.938039662e+01 -7.938039662e+01 +2.1900e+00 -3.5253e+00 +1.2113e+00
552 +4.315701058e-01 +4.315701058e-01 -7.938842989e+01 -7.938842989e+01 +2.1904e+00 -3.5253e+00 +1.2118e+00
642 +4.222025299e-01 +4.222025299e-01 -7.939779747e+01 -7.939779747e+01 +2.1907e+00 -3.5255e+00 +1.2114e+00
785 +4.166291526e-01 +4.166291526e-01 -7.940337085e+01 -7.940337085e+01 +2.1907e+00 -3.5255e+00 +1.2114e+00
122980 +2.128425442e-01 +2.128425442e-01 -7.960715746e+01 -7.960715746e+01 +4.2753e+00 +3.7371e+00 -2.4461e+00
123012 +1.513269916e-01 +1.513269916e-01 -7.966867301e+01 -7.966867301e+01 +4.2641e+00 +3.7296e+00 -2.4890e+00
123019 +9.013884461e-02 +9.013884461e-02 -7.972986116e+01 -7.972986116e+01 +4.2333e+00 +3.7469e+00 -2.4787e+00
123032 +7.960535629e-02 +7.960535629e-02 -7.974039464e+01 -7.974039464e+01 +4.2389e+00 +3.7606e+00 -2.4520e+00
123047 +6.889761847e-02 +6.889761847e-02 -7.975110238e+01 -7.975110238e+01 +4.2307e+00 +3.7622e+00 -2.4330e+00
123063 +6.147063820e-02 +6.147063820e-02 -7.975852936e+01 -7.975852936e+01 +4.2430e+00 +3.7485e+00 -2.4607e+00
123070 +3.095419208e-02 +3.095419208e-02 -7.978904581e+01 -7.978904581e+01 +4.2488e+00 +3.7496e+00 -2.4546e+00
123089 +3.067790123e-02 +3.067790123e-02 -7.978932210e+01 -7.978932210e+01 +4.2573e+00 +3.7501e+00 -2.4479e+00
123099 +2.278868208e-02 +2.278868208e-02 -7.979721132e+01 -7.979721132e+01 +4.2505e+00 +3.7525e+00 -2.4480e+00
123112 +2.226058069e-02 +2.226058069e-02 -7.979773942e+01 -7.979773942e+01 +4.2497e+00 +3.7498e+00 -2.4508e+00
123132 +1.287835686e-02 +1.287835686e-02 -7.980712164e+01 -7.980712164e+01 +4.2455e+00 +3.7526e+00 -2.4492e+00
123194 +8.082596894e-03 +8.082596894e-03 -7.981191740e+01 -7.981191740e+01 +4.2456e+00 +3.7529e+00 -2.4496e+00
123362 +7.897675041e-03 +7.897675041e-03 -7.981210232e+01 -7.981210232e+01 +4.2452e+00 +3.7531e+00 -2.4494e+00
123407 +7.576733053e-03 +7.576733053e-03 -7.981242327e+01 -7.981242327e+01 +4.2452e+00 +3.7530e+00 -2.4496e+00
123451 +7.317679597e-03 +7.317679597e-03 -7.981268232e+01 -7.981268232e+01 +4.2454e+00 +3.7530e+00 -2.4496e+00
123463 +7.160497149e-03 +7.160497149e-03 -7.981283950e+01 -7.981283950e+01 +4.2454e+00 +3.7530e+00 -2.4496e+00
123519 +6.983149509e-03 +6.983149509e-03 -7.981301685e+01 -7.981301685e+01 +4.2454e+00 +3.7530e+00 -2.4496e+00
123538 +6.865884155e-03 +6.865884155e-03 -7.981313412e+01 -7.981313412e+01 +4.2454e+00 +3.7530e+00 -2.4496e+00
123599 +6.753789346e-03 +6.753789346e-03 -7.981324621e+01 -7.981324621e+01 +4.2454e+00 +3.7530e+00 -2.4496e+00
% function evaluation | noise-free fitness - Fopt (1.925800000000e+02) | best noise-free fitness - Fopt | measured fitness | best measured fitness | x1 | x2...
1 +2.784913069e+01 +2.784913069e+01 +2.204291307e+02 +2.204291307e+02 +0.0000e+00 +0.0000e+00 +0.0000e+00
14 +1.701792904e+01 +1.701792904e+01 +2.095979290e+02 +2.095979290e+02 +1.7631e+00 -4.7615e+00 -1.0280e+00
20 +1.513785653e+01 +1.513785653e+01 +2.077178565e+02 +2.077178565e+02 -6.0499e-01 -2.1043e+00 -5.6938e-01
34 +2.670921483e+00 +2.670921483e+00 +1.952509215e+02 +1.952509215e+02 +4.4671e-01 -1.1990e+00 +8.2238e-01
236 +1.682147586e+00 +1.682147586e+00 +1.942621476e+02 +1.942621476e+02 -5.1293e+00 -1.1964e+00 -4.5983e+00
254 +9.873901999e-01 +9.873901999e-01 +1.935673902e+02 +1.935673902e+02 -5.2026e+00 -9.5239e-01 -4.8734e+00
357 +8.429926270e-01 +8.429926270e-01 +1.934229926e+02 +1.934229926e+02 -5.2923e+00 -7.7059e-01 -5.0317e+00
373 +5.412603379e-01 +5.412603379e-01 +1.931212603e+02 +1.931212603e+02 -5.2690e+00 -8.5910e-01 -5.0607e+00
382 +4.780208067e-01 +4.780208067e-01 +1.930580208e+02 +1.930580208e+02 -5.2763e+00 -8.5745e-01 -5.1089e+00
388 +4.146194224e-01 +4.146194224e-01 +1.929946194e+02 +1.929946194e+02 -5.2815e+00 -8.8565e-01 -5.1502e+00
405 +3.115702368e-01 +3.115702368e-01 +1.928915702e+02 +1.928915702e+02 -5.2316e+00 -9.8268e-01 -5.0626e+00
466 +2.411842637e-01 +2.411842637e-01 +1.928211843e+02 +1.928211843e+02 -5.2484e+00 -9.4753e-01 -5.0586e+00
522 +2.361451893e-01 +2.361451893e-01 +1.928161452e+02 +1.928161452e+02 -5.2480e+00 -9.4522e-01 -5.0606e+00
535 +2.329208652e-01 +2.329208652e-01 +1.928129209e+02 +1.928129209e+02 -5.2497e+00 -9.4194e-01 -5.0677e+00
637 +2.287452759e-01 +2.287452759e-01 +1.928087453e+02 +1.928087453e+02 -5.2497e+00 -9.4097e-01 -5.0673e+00
121969 +2.210358291e-01 +2.210358291e-01 +1.928010358e+02 +1.928010358e+02 -5.2445e+00 -9.5405e-01 -5.0247e+00
122026 +2.178677498e-01 +2.178677498e-01 +1.927978677e+02 +1.927978677e+02 -5.2434e+00 -9.5168e-01 -5.0241e+00
122038 +2.119567649e-01 +2.119567649e-01 +1.927919568e+02 +1.927919568e+02 -5.2438e+00 -9.5484e-01 -5.0271e+00
244891 +1.409976375e-01 +1.409976375e-01 +1.927209976e+02 +1.927209976e+02 +5.1230e+00 -1.3469e+00 -4.2965e+00
244893 +9.247419540e-02 +9.247419540e-02 +1.926724742e+02 +1.926724742e+02 +5.1371e+00 -1.3764e+00 -4.2728e+00
244902 +7.848351444e-02 +7.848351444e-02 +1.926584835e+02 +1.926584835e+02 +5.1232e+00 -1.3392e+00 -4.2673e+00
244979 +7.381428989e-02 +7.381428989e-02 +1.926538143e+02 +1.926538143e+02 +5.1202e+00 -1.3296e+00 -4.2670e+00
244980 +7.072838172e-02 +7.072838172e-02 +1.926507284e+02 +1.926507284e+02 +5.1360e+00 -1.3680e+00 -4.2658e+00
244985 +6.874984126e-02 +6.874984126e-02 +1.926487498e+02 +1.926487498e+02 +5.1264e+00 -1.3325e+00 -4.2925e+00
245001 +6.500239428e-02 +6.500239428e-02 +1.926450024e+02 +1.926450024e+02 +5.1246e+00 -1.3508e+00 -4.2416e+00
245017 +5.931893432e-02 +5.931893432e-02 +1.926393189e+02 +1.926393189e+02 +5.1249e+00 -1.3444e+00 -4.2437e+00
245041 +5.711798800e-02 +5.711798800e-02 +1.926371180e+02 +1.926371180e+02 +5.1235e+00 -1.3455e+00 -4.2345e+00
245065 +5.613844544e-02 +5.613844544e-02 +1.926361384e+02 +1.926361384e+02 +5.1255e+00 -1.3469e+00 -4.2431e+00
245123 +5.380502208e-02 +5.380502208e-02 +1.926338050e+02 +1.926338050e+02 +5.1247e+00 -1.3504e+00 -4.2247e+00
245153 +5.346915890e-02 +5.346915890e-02 +1.926334692e+02 +1.926334692e+02 +5.1243e+00 -1.3499e+00 -4.2243e+00
245178 +5.245420041e-02 +5.245420041e-02 +1.926324542e+02 +1.926324542e+02 +5.1235e+00 -1.3478e+00 -4.2245e+00
290717 +3.091191498e-02 +3.091191498e-02 +1.926109119e+02 +1.926109119e+02 -2.2704e+00 -8.7207e-01 -2.4386e+00
290783 +2.041787573e-02 +2.041787573e-02 +1.926004179e+02 +1.926004179e+02 -2.2881e+00 -8.4105e-01 -2.4625e+00
290833 +1.400105817e-02 +1.400105817e-02 +1.925940011e+02 +1.925940011e+02 -2.2886e+00 -8.2280e-01 -2.4358e+00
290849 +1.279776097e-02 +1.279776097e-02 +1.925927978e+02 +1.925927978e+02 -2.2804e+00 -8.3527e-01 -2.4367e+00
290858 +5.724513690e-03 +5.724513690e-03 +1.925857245e+02 +1.925857245e+02 -2.2838e+00 -8.3595e-01 -2.4554e+00
290892 +4.165598538e-03 +4.165598538e-03 +1.925841656e+02 +1.925841656e+02 -2.2767e+00 -8.4280e-01 -2.4412e+00
290903 +2.875842200e-04 +2.875842200e-04 +1.925802876e+02 +1.925802876e+02 -2.2803e+00 -8.4739e-01 -2.4524e+00
290938 +2.593715786e-04 +2.593715786e-04 +1.925802594e+02 +1.925802594e+02 -2.2802e+00 -8.4566e-01 -2.4553e+00
290948 +6.261745753e-05 +6.261745753e-05 +1.925800626e+02 +1.925800626e+02 -2.2799e+00 -8.4755e-01 -2.4547e+00
290999 +3.652723294e-05 +3.652723294e-05 +1.925800365e+02 +1.925800365e+02 -2.2802e+00 -8.4645e-01 -2.4547e+00
291011 +1.495266221e-05 +1.495266221e-05 +1.925800150e+02 +1.925800150e+02 -2.2803e+00 -8.4654e-01 -2.4552e+00
291190 +1.202460169e-05 +1.202460169e-05 +1.925800120e+02 +1.925800120e+02 -2.2805e+00 -8.4628e-01 -2.4566e+00
291206 +1.073561958e-05 +1.073561958e-05 +1.925800107e+02 +1.925800107e+02 -2.2805e+00 -8.4629e-01 -2.4566e+00
291230 +9.785585235e-06 +9.785585235e-06 +1.925800098e+02 +1.925800098e+02 -2.2805e+00 -8.4629e-01 -2.4566e+00
291267 +9.382916630e-06 +9.382916630e-06 +1.925800094e+02 +1.925800094e+02 -2.2805e+00 -8.4629e-01 -2.4566e+00
291273 +9.132934849e-06 +9.132934849e-06 +1.925800091e+02 +1.925800091e+02 -2.2805e+00 -8.4629e-01 -2.4566e+00
291288 +9.070651004e-06 +9.070651004e-06 +1.925800091e+02 +1.925800091e+02 -2.2805e+00 -8.4629e-01 -2.4566e+00
% function evaluation | noise-free fitness - Fopt (-2.684800000000e+02) | best noise-free fitness - Fopt | measured fitness | best measured fitness | x1 | x2...
1 +1.322416434e+02 +1.322416434e+02 -1.362383566e+02 -1.362383566e+02 +0.0000e+00 +0.0000e+00 +0.0000e+00
2 +7.628675835e+01 +7.628675835e+01 -1.921932417e+02 -1.921932417e+02 +1.5013e+00 +5.5293e-01 -1.3556e+00
3 +1.695509910e+01 +1.695509910e+01 -2.515249009e+02 -2.515249009e+02 +1.8438e+00 +1.9001e+00 -6.4119e-01
34 +9.369260673e+00 +9.369260673e+00 -2.591107393e+02 -2.591107393e+02 -7.7483e-01 +2.1591e+00 +3.7169e-01
36 +8.216089668e+00 +8.216089668e+00 -2.602639103e+02 -2.602639103e+02 -1.4667e+00 +2.6139e+00 -2.9407e-01
243 +7.588278089e+00 +7.588278089e+00 -2.608917219e+02 -2.608917219e+02 -3.7709e-01 +2.2343e+00 +2.4609e-01
279 +7.554197046e+00 +7.554197046e+00 -2.609258030e+02 -2.609258030e+02 -4.3478e-01 +2.2060e+00 +2.6457e-01
283 +7.059414850e+00 +7.059414850e+00 -2.614205851e+02 -2.614205851e+02 -4.9342e-01 +2.1795e+00 +2.8417e-01
344 +6.631294271e+00 +6.631294271e+00 -2.618487057e+02 -2.618487057e+02 -4.1008e-01 +2.2117e+00 +2.6213e-01
538 +6.463870639e+00 +6.463870639e+00 -2.620161294e+02 -2.620161294e+02 -4.0427e-01 +2.2147e+00 +2.5882e-01
592 +6.434952530e+00 +6.434952530e+00 -2.620450475e+02 -2.620450475e+02 -4.0806e-01 +2.2135e+00 +2.5980e-01
593 +6.213215021e+00 +6.213215021e+00 -2.622667850e+02 -2.622667850e+02 -4.0876e-01 +2.2132e+00 +2.5988e-01
715 +6.161801374e+00 +6.161801374e+00 -2.623181986e+02 -2.623181986e+02 -4.0940e-01 +2.2126e+00 +2.6023e-01
42557 +5.079296819e+00 +5.079296819e+00 -2.634007032e+02 -2.634007032e+02 +1.9121e+00 +2.7825e+00 +5.8447e+00
42573 +4.966034400e+00 +4.966034400e+00 -2.635139656e+02 -2.635139656e+02 +1.5495e+00 +2.6501e+00 +5.9058e+00
42583 +4.536737401e+00 +4.536737401e+00 -2.639432626e+02 -2.639432626e+02 +1.3195e+00 +2.5402e+00 +5.9153e+00
42584 +4.362769636e+00 +4.362769636e+00 -2.641172304e+02 -2.641172304e+02 +1.5415e+00 +2.6493e+00 +5.9321e+00
42599 +3.385480289e+00 +3.385480289e+00 -2.650945197e+02 -2.650945197e+02 +1.4880e+00 +2.6092e+00 +5.9332e+00
42608 +3.111414539e+00 +3.111414539e+00 -2.653685855e+02 -2.653685855e+02 +1.4462e+00 +2.4971e+00 +5.9110e+00
42623 +3.062758293e+00 +3.062758293e+00 -2.654172417e+02 -2.654172417e+02 +1.4735e+00 +2.5591e+00 +5.9080e+00
42633 +2.968727775e+00 +2.968727775e+00 -2.655112722e+02 -2.655112722e+02 +1.4411e+00 +2.5157e+00 +5.9363e+00
42646 +2.822972189e+00 +2.822972189e+00 -2.656570278e+02 -2.656570278e+02 +1.3712e+00 +2.5013e+00 +5.9094e+00
42704 +2.807442056e+00 +2.807442056e+00 -2.656725579e+02 -2.656725579e+02 +1.4489e+00 +2.5399e+00 +5.9052e+00
84998 +1.592134023e+00 +1.592134023e+00 -2.668878660e+02 -2.668878660e+02 +1.7672e+00 -5.5047e+00 -4.8660e+00
85009 +1.094475476e+00 +1.094475476e+00 -2.673855245e+02 -2.673855245e+02 +1.8686e+00 -5.4441e+00 -4.8496e+00
85083 +9.802198405e-01 +9.802198405e-01 -2.674997802e+02 -2.674997802e+02 +1.7424e+00 -5.4730e+00 -4.8593e+00
85094 +8.656347274e-01 +8.656347274e-01 -2.676143653e+02 -2.676143653e+02 +1.7660e+00 -5.4584e+00 -4.8618e+00
85168 +8.377546090e-01 +8.377546090e-01 -2.676422454e+02 -2.676422454e+02 +1.7954e+00 -5.4540e+00 -4.8677e+00
85174 +7.860402615e-01 +7.860402615e-01 -2.676939597e+02 -2.676939597e+02 +1.7953e+00 -5.4522e+00 -4.8648e+00
85216 +7.658395455e-01 +7.658395455e-01 -2.677141605e+02 -2.677141605e+02 +1.8122e+00 -5.4382e+00 -4.8723e+00
85224 +7.146790044e-01 +7.146790044e-01 -2.677653210e+02 -2.677653210e+02 +1.8386e+00 -5.4295e+00 -4.8804e+00
85252 +6.935315204e-01 +6.935315204e-01 -2.677864685e+02 -2.677864685e+02 +1.8769e+00 -5.4296e+00 -4.8702e+00
85275 +6.408734593e-01 +6.408734593e-01 -2.678391265e+02 -2.678391265e+02 +1.8853e+00 -5.4243e+00 -4.8674e+00
85279 +6.287039313e-01 +6.287039313e-01 -2.678512961e+02 -2.678512961e+02 +1.9356e+00 -5.4132e+00 -4.8782e+00
85292 +5.893310555e-01 +5.893310555e-01 -2.678906689e+02 -2.678906689e+02 +1.9335e+00 -5.4077e+00 -4.8740e+00
85294 +5.558652656e-01 +5.558652656e-01 -2.679241347e+02 -2.679241347e+02 +1.9360e+00 -5.3974e+00 -4.8792e+00
85305 +5.391246194e-01 +5.391246194e-01 -2.679408754e+02 -2.679408754e+02 +1.9281e+00 -5.3944e+00 -4.8859e+00
85317 +5.262508455e-01 +5.262508455e-01 -2.679537492e+02 -2.679537492e+02 +1.9194e+00 -5.3955e+00 -4.8960e+00
85336 +5.016847458e-01 +5.016847458e-01 -2.679783153e+02 -2.679783153e+02 +1.9643e+00 -5.3780e+00 -4.8883e+00
85364 +5.005783293e-01 +5.005783293e-01 -2.679794217e+02 -2.679794217e+02 +1.9604e+00 -5.3810e+00 -4.8930e+00
85414 +4.806694951e-01 +4.806694951e-01 -2.679993305e+02 -2.679993305e+02 +1.9639e+00 -5.3735e+00 -4.8917e+00
85467 +4.763950147e-01 +4.763950147e-01 -2.680036050e+02 -2.680036050e+02 +1.9612e+00 -5.3709e+00 -4.8944e+00
85916 +4.676935468e-01 +4.676935468e-01 -2.680123065e+02 -2.680123065e+02 +1.9682e+00 -5.3696e+00 -4.8936e+00
% function evaluation | noise-free fitness - Fopt (-1.000000000000e+03) | best noise-free fitness - Fopt | measured fitness | best measured fitness | x1 | x2...
1 +2.928115252e+01 +2.928115252e+01 -9.707188475e+02 -9.707188475e+02 +0.0000e+00 +0.0000e+00 +0.0000e+00
5 +2.605979084e+01 +2.605979084e+01 -9.739402092e+02 -9.739402092e+02 -2.0187e+00 -1.1519e+00 +5.6047e-01
29 +1.074230683e+01 +1.074230683e+01 -9.892576932e+02 -9.892576932e+02 -3.3599e+00 -2.9063e-01 +2.5829e-01
58 +7.043585505e+00 +7.043585505e+00 -9.929564145e+02 -9.929564145e+02 -1.9367e+00 -5.9538e-01 +1.0875e+00
85 +6.369935098e+00 +6.369935098e+00 -9.936300649e+02 -9.936300649e+02 -1.9090e+00 -3.9051e-01 +1.2211e+00
106 +4.180290838e+00 +4.180290838e+00 -9.958197092e+02 -9.958197092e+02 -1.6745e+00 -9.5801e-01 +9.8978e-01
138 +7.085635966e-01 +7.085635966e-01 -9.992914364e+02 -9.992914364e+02 -1.4893e+00 -1.0033e+00 +1.1356e+00
147 +5.658663681e-01 +5.658663681e-01 -9.994341336e+02 -9.994341336e+02 -1.3811e+00 -9.7777e-01 +1.1892e+00
159 +6.048414451e-02 +6.048414451e-02 -9.999395159e+02 -9.999395159e+02 -1.2319e+00 -9.3739e-01 +1.3239e+00
220 +3.816512372e-02 +3.816512372e-02 -9.999618349e+02 -9.999618349e+02 -1.2450e+00 -9.3313e-01 +1.3303e+00
223 +2.313233309e-02 +2.313233309e-02 -9.999768677e+02 -9.999768677e+02 -1.2538e+00 -9.3367e-01 +1.3341e+00
123717 +2.231984998e-02 +2.231984998e-02 -9.999776802e+02 -9.999776802e+02 +2.7317e+00 +4.8020e+00 +2.7504e+00
123759 +4.978228652e-03 +4.978228652e-03 -9.999950218e+02 -9.999950218e+02 +2.6915e+00 +4.8293e+00 +2.7462e+00
123817 +3.957019987e-03 +3.957019987e-03 -9.999960430e+02 -9.999960430e+02 +2.7141e+00 +4.8254e+00 +2.7533e+00
123821 +2.085538754e-03 +2.085538754e-03 -9.999979145e+02 -9.999979145e+02 +2.7212e+00 +4.8289e+00 +2.7652e+00
123857 +4.872476652e-04 +4.872476652e-04 -9.999995128e+02 -9.999995128e+02 +2.7177e+00 +4.8287e+00 +2.7646e+00
123875 +1.352314682e-04 +1.352314682e-04 -9.999998648e+02 -9.999998648e+02 +2.7114e+00 +4.8290e+00 +2.7587e+00
124027 +8.302759647e-05 +8.302759647e-05 -9.999999170e+02 -9.999999170e+02 +2.7125e+00 +4.8285e+00 +2.7594e+00
124048 +3.972049365e-05 +3.972049365e-05 -9.999999603e+02 -9.999999603e+02 +2.7099e+00 +4.8290e+00 +2.7571e+00
124150 +1.888954046e-05 +1.888954046e-05 -9.999999811e+02 -9.999999811e+02 +2.7109e+00 +4.8284e+00 +2.7572e+00
124187 +7.110564184e-06 +7.110564184e-06 -9.999999929e+02 -9.999999929e+02 +2.7104e+00 +4.8284e+00 +2.7570e+00
124213 +6.948182545e-06 +6.948182545e-06 -9.999999931e+02 -9.999999931e+02 +2.7107e+00 +4.8284e+00 +2.7574e+00
124219 +3.956236242e-06 +3.956236242e-06 -9.999999960e+02 -9.999999960e+02 +2.7109e+00 +4.8282e+00 +2.7570e+00
124237 +2.422039188e-06 +2.422039188e-06 -9.999999976e+02 -9.999999976e+02 +2.7106e+00 +4.8281e+00 +2.7569e+00
124273 +1.917227905e-06 +1.917227905e-06 -9.999999981e+02 -9.999999981e+02 +2.7106e+00 +4.8283e+00 +2.7570e+00
124281 +8.923724408e-07 +8.923724408e-07 -9.999999991e+02 -9.999999991e+02 +2.7106e+00 +4.8283e+00 +2.7571e+00
124302 +8.659859532e-07 +8.659859532e-07 -9.999999991e+02 -9.999999991e+02 +2.7106e+00 +4.8282e+00 +2.7569e+00
124345 +6.845490361e-07 +6.845490361e-07 -9.999999993e+02 -9.999999993e+02 +2.7105e+00 +4.8283e+00 +2.7570e+00
124366 +4.327123406e-07 +4.327123406e-07 -9.999999996e+02 -9.999999996e+02 +2.7104e+00 +4.8283e+00 +2.7569e+00
124395 +3.346758604e-07 +3.346758604e-07 -9.999999997e+02 -9.999999997e+02 +2.7103e+00 +4.8282e+00 +2.7568e+00
124399 +2.563147063e-07 +2.563147063e-07 -9.999999997e+02 -9.999999997e+02 +2.7104e+00 +4.8282e+00 +2.7568e+00
124428 +2.125542551e-07 +2.125542551e-07 -9.999999998e+02 -9.999999998e+02 +2.7103e+00 +4.8283e+00 +2.7569e+00
124437 +1.765214392e-07 +1.765214392e-07 -9.999999998e+02 -9.999999998e+02 +2.7103e+00 +4.8283e+00 +2.7568e+00
124445 +1.516209522e-07 +1.516209522e-07 -9.999999998e+02 -9.999999998e+02 +2.7103e+00 +4.8283e+00 +2.7568e+00
124448 +4.242599516e-08 +4.242599516e-08 -1.000000000e+03 -1.000000000e+03 +2.7103e+00 +4.8283e+00 +2.7568e+00
124479 +3.109721547e-08 +3.109721547e-08 -1.000000000e+03 -1.000000000e+03 +2.7102e+00 +4.8283e+00 +2.7568e+00
124487 +1.277965112e-08 +1.277965112e-08 -1.000000000e+03 -1.000000000e+03 +2.7103e+00 +4.8283e+00 +2.7568e+00
124493 +8.908841664e-09 +8.908841664e-09 -1.000000000e+03 -1.000000000e+03 +2.7103e+00 +4.8283e+00 +2.7568e+00
124699 +0.000000000e+00 +0.000000000e+00 -1.000000000e+03 -1.000000000e+03 +2.7102e+00 +4.8283e+00 +2.7568e+00
% function evaluation | noise-free fitness - Fopt (-1.388000000000e+01) | best noise-free fitness - Fopt | measured fitness | best measured fitness | x1 | x2...
1 +8.424706601e+01 +8.424706601e+01 +7.036706601e+01 +7.036706601e+01 +0.0000e+00 +0.0000e+00 +0.0000e+00
2 +4.249500990e+01 +4.249500990e+01 +2.861500990e+01 +2.861500990e+01 -1.2171e+00 -2.2483e+00 -2.2230e+00
3 +3.708841740e+01 +3.708841740e+01 +2.320841740e+01 +2.320841740e+01 -2.4666e-01 +1.1588e+00 +7.7560e-02
6 +3.117423300e+01 +3.117423300e+01 +1.729423300e+01 +1.729423300e+01 -3.0162e-01 -1.0546e-01 -8.1684e-01
9 +1.994521351e+01 +1.994521351e+01 +6.065213514e+00 +6.065213514e+00 -2.5941e+00 -9.9359e-01 +1.3032e-01
14 +1.678985057e+01 +1.678985057e+01 +2.909850567e+00 +2.909850567e+00 +7.2033e-02 +6.1192e-01 +1.9081e-02
69 +1.322948274e+01 +1.322948274e+01 -6.505172589e-01 -6.505172589e-01 +5.8604e-01 -1.9540e+00 -5.0783e-01
277 +1.311253973e+01 +1.311253973e+01 -7.674602700e-01 -7.674602700e-01 +4.1268e+00 -5.8772e+00 -4.2349e-01
302 +1.197267857e+01 +1.197267857e+01 -1.907321426e+00 -1.907321426e+00 +4.1712e+00 -5.8936e+00 -4.4692e-01
306 +1.159484678e+01 +1.159484678e+01 -2.285153218e+00 -2.285153218e+00 +4.2191e+00 -5.9547e+00 -5.4702e-01
332 +1.132109882e+01 +1.132109882e+01 -2.558901180e+00 -2.558901180e+00 +4.2162e+00 -5.8982e+00 -5.3467e-01
335 +1.107835902e+01 +1.107835902e+01 -2.801640980e+00 -2.801640980e+00 +4.1454e+00 -5.8265e+00 -5.4154e-01
345 +9.648758820e+00 +9.648758820e+00 -4.231241180e+00 -4.231241180e+00 +4.1581e+00 -5.8180e+00 -5.3953e-01
347 +8.018793428e+00 +8.018793428e+00 -5.861206572e+00 -5.861206572e+00 +4.1952e+00 -5.8112e+00 -5.8959e-01
354 +7.932793714e+00 +7.932793714e+00 -5.947206286e+00 -5.947206286e+00 +4.2004e+00 -5.8043e+00 -5.9441e-01
387 +7.408069204e+00 +7.408069204e+00 -6.471930796e+00 -6.471930796e+00 +4.2432e+00 -5.7859e+00 -6.8524e-01
416 +7.095971300e+00 +7.095971300e+00 -6.784028700e+00 -6.784028700e+00 +4.2410e+00 -5.7728e+00 -7.2284e-01
419 +6.895233303e+00 +6.895233303e+00 -6.984766697e+00 -6.984766697e+00 +4.2843e+00 -5.7919e+00 -7.6478e-01
425 +6.402722776e+00 +6.402722776e+00 -7.477277224e+00 -7.477277224e+00 +4.3018e+00 -5.7961e+00 -7.8396e-01
429 +6.274658246e+00 +6.274658246e+00 -7.605341754e+00 -7.605341754e+00 +4.2906e+00 -5.7917e+00 -7.7566e-01
437 +6.036773677e+00 +6.036773677e+00 -7.843226323e+00 -7.843226323e+00 +4.3026e+00 -5.7907e+00 -7.7307e-01
454 +5.782934759e+00 +5.782934759e+00 -8.097065241e+00 -8.097065241e+00 +4.3012e+00 -5.7948e+00 -7.7901e-01
465 +5.694223921e+00 +5.694223921e+00 -8.185776079e+00 -8.185776079e+00 +4.3028e+00 -5.7983e+00 -7.7829e-01
537 +5.415994059e+00 +5.415994059e+00 -8.464005941e+00 -8.464005941e+00 +4.2997e+00 -5.7831e+00 -7.7167e-01
552 +4.780086494e+00 +4.780086494e+00 -9.099913506e+00 -9.099913506e+00 +4.3016e+00 -5.7703e+00 -7.8409e-01
581 +4.547734291e+00 +4.547734291e+00 -9.332265709e+00 -9.332265709e+00 +4.3046e+00 -5.7692e+00 -7.8955e-01
654 +4.465596046e+00 +4.465596046e+00 -9.414403954e+00 -9.414403954e+00 +4.3078e+00 -5.7659e+00 -7.9836e-01
728 +4.358380942e+00 +4.358380942e+00 -9.521619058e+00 -9.521619058e+00 +4.3100e+00 -5.7645e+00 -8.0287e-01
123180 +2.994623064e+00 +2.994623064e+00 -1.088537694e+01 -1.088537694e+01 +2.3309e+00 +4.9244e+00 -2.7569e+00
123200 +1.171895657e+00 +1.171895657e+00 -1.270810434e+01 -1.270810434e+01 +2.3402e+00 +4.8071e+00 -2.7239e+00
123247 +3.353866423e-01 +3.353866423e-01 -1.354461336e+01 -1.354461336e+01 +2.3709e+00 +4.7753e+00 -2.6836e+00
123308 +2.691909888e-01 +2.691909888e-01 -1.361080901e+01 -1.361080901e+01 +2.3718e+00 +4.7666e+00 -2.6569e+00
123330 +1.940806701e-01 +1.940806701e-01 -1.368591933e+01 -1.368591933e+01 +2.3544e+00 +4.7782e+00 -2.6742e+00
123401 +1.093861349e-01 +1.093861349e-01 -1.377061387e+01 -1.377061387e+01 +2.3491e+00 +4.7697e+00 -2.6432e+00
123687 +9.920805697e-02 +9.920805697e-02 -1.378079194e+01 -1.378079194e+01 +2.3208e+00 +4.7627e+00 -2.5775e+00
123730 +9.533746766e-02 +9.533746766e-02 -1.378466253e+01 -1.378466253e+01 +2.3201e+00 +4.7622e+00 -2.5760e+00
123737 +8.814376126e-02 +8.814376126e-02 -1.379185624e+01 -1.379185624e+01 +2.3193e+00 +4.7614e+00 -2.5725e+00
123754 +8.214407798e-02 +8.214407798e-02 -1.379785592e+01 -1.379785592e+01 +2.3196e+00 +4.7616e+00 -2.5729e+00
123755 +7.854636523e-02 +7.854636523e-02 -1.380145363e+01 -1.380145363e+01 +2.3202e+00 +4.7617e+00 -2.5746e+00
123762 +7.519273403e-02 +7.519273403e-02 -1.380480727e+01 -1.380480727e+01 +2.3203e+00 +4.7611e+00 -2.5728e+00
123785 +7.220780517e-02 +7.220780517e-02 -1.380779219e+01 -1.380779219e+01 +2.3201e+00 +4.7614e+00 -2.5734e+00
123814 +7.001448795e-02 +7.001448795e-02 -1.380998551e+01 -1.380998551e+01 +2.3202e+00 +4.7615e+00 -2.5736e+00
123818 +6.895024590e-02 +6.895024590e-02 -1.381104975e+01 -1.381104975e+01 +2.3201e+00 +4.7614e+00 -2.5734e+00
123828 +6.696042330e-02 +6.696042330e-02 -1.381303958e+01 -1.381303958e+01 +2.3201e+00 +4.7615e+00 -2.5737e+00
123832 +6.420363004e-02 +6.420363004e-02 -1.381579637e+01 -1.381579637e+01 +2.3202e+00 +4.7614e+00 -2.5737e+00
123905 +6.303453888e-02 +6.303453888e-02 -1.381696546e+01 -1.381696546e+01 +2.3202e+00 +4.7614e+00 -2.5737e+00
124050 +6.163275793e-02 +6.163275793e-02 -1.381836724e+01 -1.381836724e+01 +2.3202e+00 +4.7615e+00 -2.5738e+00
166576 +5.545714688e-02 +5.545714688e-02 -1.382454285e+01 -1.382454285e+01 -4.2636e+00 -2.6028e+00 +4.6655e+00
166577 +5.025348635e-02 +5.025348635e-02 -1.382974651e+01 -1.382974651e+01 -4.2600e+00 -2.5932e+00 +4.6445e+00
166593 +3.930406104e-02 +3.930406104e-02 -1.384069594e+01 -1.384069594e+01 -4.2604e+00 -2.6088e+00 +4.6541e+00
166617 +3.281489438e-02 +3.281489438e-02 -1.384718511e+01 -1.384718511e+01 -4.2668e+00 -2.5929e+00 +4.6234e+00
166632 +2.538367587e-02 +2.538367587e-02 -1.385461632e+01 -1.385461632e+01 -4.2624e+00 -2.5997e+00 +4.6505e+00
166645 +1.877508852e-02 +1.877508852e-02 -1.386122491e+01 -1.386122491e+01 -4.2540e+00 -2.6004e+00 +4.6298e+00
166653 +8.900980872e-03 +8.900980872e-03 -1.387109902e+01 -1.387109902e+01 -4.2434e+00 -2.6039e+00 +4.6174e+00
166654 +7.449003371e-03 +7.449003371e-03 -1.387255100e+01 -1.387255100e+01 -4.2484e+00 -2.5987e+00 +4.6291e+00
166672 +6.544123848e-03 +6.544123848e-03 -1.387345588e+01 -1.387345588e+01 -4.2483e+00 -2.5985e+00 +4.6220e+00
166678 +5.551723139e-03 +5.551723139e-03 -1.387444828e+01 -1.387444828e+01 -4.2468e+00 -2.5991e+00 +4.6229e+00
166679 +3.828362538e-03 +3.828362538e-03 -1.387617164e+01 -1.387617164e+01 -4.2455e+00 -2.5993e+00 +4.6145e+00
166681 +3.978495887e-04 +3.978495887e-04 -1.387960215e+01 -1.387960215e+01 -4.2426e+00 -2.5967e+00 +4.6121e+00
166757 +2.161994300e-04 +2.161994300e-04 -1.387978380e+01 -1.387978380e+01 -4.2404e+00 -2.5951e+00 +4.6065e+00
166770 +1.920390510e-04 +1.920390510e-04 -1.387980796e+01 -1.387980796e+01 -4.2403e+00 -2.5950e+00 +4.6050e+00
166809 +5.750049791e-05 +5.750049791e-05 -1.387994250e+01 -1.387994250e+01 -4.2404e+00 -2.5951e+00 +4.6046e+00
166835 +4.114897255e-05 +4.114897255e-05 -1.387995885e+01 -1.387995885e+01 -4.2387e+00 -2.5953e+00 +4.6037e+00
166882 +1.923435575e-05 +1.923435575e-05 -1.387998077e+01 -1.387998077e+01 -4.2394e+00 -2.5953e+00 +4.6043e+00
166896 +4.757024726e-06 +4.757024726e-06 -1.387999524e+01 -1.387999524e+01 -4.2394e+00 -2.5955e+00 +4.6049e+00
166918 +2.408747021e-06 +2.408747021e-06 -1.387999759e+01 -1.387999759e+01 -4.2391e+00 -2.5957e+00 +4.6046e+00
166980 +1.262951219e-07 +1.262951219e-07 -1.387999987e+01 -1.387999987e+01 -4.2392e+00 -2.5955e+00 +4.6045e+00
167039 +9.657361311e-08 +9.657361311e-08 -1.387999990e+01 -1.387999990e+01 -4.2392e+00 -2.5955e+00 +4.6045e+00
167051 +5.374288747e-08 +5.374288747e-08 -1.387999995e+01 -1.387999995e+01 -4.2392e+00 -2.5955e+00 +4.6046e+00
167076 +4.826103250e-08 +4.826103250e-08 -1.387999995e+01 -1.387999995e+01 -4.2392e+00 -2.5955e+00 +4.6046e+00
167098 +4.318779823e-08 +4.318779823e-08 -1.387999996e+01 -1.387999996e+01 -4.2392e+00 -2.5955e+00 +4.6046e+00
167128 +2.586592274e-08 +2.586592274e-08 -1.387999997e+01 -1.387999997e+01 -4.2392e+00 -2.5955e+00 +4.6046e+00
167134 +1.975865516e-08 +1.975865516e-08 -1.387999998e+01 -1.387999998e+01 -4.2392e+00 -2.5955e+00 +4.6046e+00
167143 +1.211835610e-08 +1.211835610e-08 -1.387999999e+01 -1.387999999e+01 -4.2392e+00 -2.5956e+00 +4.6046e+00
167154 +9.171898796e-09 +9.171898796e-09 -1.387999999e+01 -1.387999999e+01 -4.2392e+00 -2.5956e+00 +4.6046e+00
167385 +0.000000000e+00 +0.000000000e+00 -1.388000000e+01 -1.388000000e+01 -4.2392e+00 -2.5955e+00 +4.6046e+00
% function evaluation | noise-free fitness - Fopt (-1.240400000000e+02) | best noise-free fitness - Fopt | measured fitness | best measured fitness | x1 | x2...
1 +6.105837901e+01 +6.105837901e+01 -6.298162099e+01 -6.298162099e+01 +0.0000e+00 +0.0000e+00 +0.0000e+00
7 +5.036163568e+01 +5.036163568e+01 -7.367836432e+01 -7.367836432e+01 +2.4488e+00 -1.2702e+00 -2.0229e+00
12 +2.358826626e+01 +2.358826626e+01 -1.004517337e+02 -1.004517337e+02 -1.6539e+00 -9.6587e-01 -7.5104e-01
50 +2.131146158e+01 +2.131146158e+01 -1.027285384e+02 -1.027285384e+02 -5.3212e+00 +1.8558e+00 -1.2022e+00
54 +1.386542680e+01 +1.386542680e+01 -1.101745732e+02 -1.101745732e+02 -6.3967e+00 +1.7896e+00 -1.1579e+00
108 +3.097150759e+00 +3.097150759e+00 -1.209428492e+02 -1.209428492e+02 -4.4559e+00 +5.4370e-01 -1.6518e+00
173 +2.851184875e+00 +2.851184875e+00 -1.211888151e+02 -1.211888151e+02 -4.6691e+00 +5.3928e-02 -1.7809e+00
181 +2.455525620e+00 +2.455525620e+00 -1.215844744e+02 -1.215844744e+02 -4.4818e+00 +2.5619e-01 -1.9893e+00
182 +2.350185917e+00 +2.350185917e+00 -1.216898141e+02 -1.216898141e+02 -4.5639e+00 +1.3160e-01 -1.8934e+00
183 +1.756057263e+00 +1.756057263e+00 -1.222839427e+02 -1.222839427e+02 -4.5783e+00 +8.5014e-02 -1.8994e+00
208 +1.642690297e+00 +1.642690297e+00 -1.223973097e+02 -1.223973097e+02 -4.5412e+00 +2.3126e-01 -1.6892e+00
231 +8.998809248e-01 +8.998809248e-01 -1.231401191e+02 -1.231401191e+02 -4.6209e+00 +1.4886e-01 -1.5103e+00
234 +7.253645671e-01 +7.253645671e-01 -1.233146354e+02 -1.233146354e+02 -4.5942e+00 +1.9056e-01 -1.5041e+00
362 +7.012742731e-01 +7.012742731e-01 -1.233387257e+02 -1.233387257e+02 -4.7686e+00 +8.4045e-02 -1.3189e+00
380 +2.627462711e-01 +2.627462711e-01 -1.237772537e+02 -1.237772537e+02 -4.8362e+00 +4.2538e-03 -1.2935e+00
549 +2.560002003e-01 +2.560002003e-01 -1.237839998e+02 -1.237839998e+02 -4.7760e+00 +6.5720e-02 -1.4619e+00
640 +2.505309412e-01 +2.505309412e-01 -1.237894691e+02 -1.237894691e+02 -4.7624e+00 +7.8286e-02 -1.4562e+00
651 +2.441051840e-01 +2.441051840e-01 -1.237958948e+02 -1.237958948e+02 -4.7613e+00 +7.7610e-02 -1.4573e+00
668 +2.213586099e-01 +2.213586099e-01 -1.238186414e+02 -1.238186414e+02 -4.7629e+00 +7.8140e-02 -1.4576e+00
681 +2.150122123e-01 +2.150122123e-01 -1.238249878e+02 -1.238249878e+02 -4.7652e+00 +7.6016e-02 -1.4568e+00
682 +2.114154522e-01 +2.114154522e-01 -1.238285845e+02 -1.238285845e+02 -4.7652e+00 +7.5826e-02 -1.4575e+00
814 +1.857862247e-01 +1.857862247e-01 -1.238542138e+02 -1.238542138e+02 -4.7711e+00 +7.2144e-02 -1.4541e+00
1034 +1.795456929e-01 +1.795456929e-01 -1.238604543e+02 -1.238604543e+02 -4.7721e+00 +7.0598e-02 -1.4534e+00
123217 +1.028988404e-01 +1.028988404e-01 -1.239371012e+02 -1.239371012e+02 +2.3871e+00 +1.3142e+00 -3.8601e+00
123261 +6.696626126e-02 +6.696626126e-02 -1.239730337e+02 -1.239730337e+02 +2.4009e+00 +1.3399e+00 -3.8793e+00
123280 +3.376659912e-02 +3.376659912e-02 -1.240062334e+02 -1.240062334e+02 +2.4232e+00 +1.3396e+00 -3.9343e+00
123299 +1.878114412e-02 +1.878114412e-02 -1.240212189e+02 -1.240212189e+02 +2.4327e+00 +1.3517e+00 -3.9764e+00
123300 +1.435371150e-02 +1.435371150e-02 -1.240256463e+02 -1.240256463e+02 +2.4443e+00 +1.3521e+00 -3.9786e+00
123306 +3.767387251e-03 +3.767387251e-03 -1.240362326e+02 -1.240362326e+02 +2.4520e+00 +1.3658e+00 -3.9867e+00
123429 +2.952243364e-03 +2.952243364e-03 -1.240370478e+02 -1.240370478e+02 +2.4518e+00 +1.3708e+00 -3.9849e+00
123467 +1.594364632e-03 +1.594364632e-03 -1.240384056e+02 -1.240384056e+02 +2.4553e+00 +1.3763e+00 -3.9864e+00
123567 +1.520697870e-03 +1.520697870e-03 -1.240384793e+02 -1.240384793e+02 +2.4517e+00 +1.3660e+00 -3.9826e+00
123592 +1.456881298e-03 +1.456881298e-03 -1.240385431e+02 -1.240385431e+02 +2.4517e+00 +1.3656e+00 -3.9827e+00
123595 +1.440227695e-03 +1.440227695e-03 -1.240385598e+02 -1.240385598e+02 +2.4526e+00 +1.3662e+00 -3.9826e+00
123602 +1.317094331e-03 +1.317094331e-03 -1.240386829e+02 -1.240386829e+02 +2.4520e+00 +1.3663e+00 -3.9824e+00
123608 +1.210144597e-03 +1.210144597e-03 -1.240387899e+02 -1.240387899e+02 +2.4517e+00 +1.3658e+00 -3.9833e+00
123656 +1.031932257e-03 +1.031932257e-03 -1.240389681e+02 -1.240389681e+02 +2.4514e+00 +1.3656e+00 -3.9816e+00
123689 +7.320585277e-04 +7.320585277e-04 -1.240392679e+02 -1.240392679e+02 +2.4514e+00 +1.3655e+00 -3.9820e+00
123767 +7.239881692e-04 +7.239881692e-04 -1.240392760e+02 -1.240392760e+02 +2.4513e+00 +1.3655e+00 -3.9817e+00
123805 +7.046728700e-04 +7.046728700e-04 -1.240392953e+02 -1.240392953e+02 +2.4513e+00 +1.3655e+00 -3.9818e+00
123821 +6.875109882e-04 +6.875109882e-04 -1.240393125e+02 -1.240393125e+02 +2.4514e+00 +1.3655e+00 -3.9818e+00
123828 +6.262864571e-04 +6.262864571e-04 -1.240393737e+02 -1.240393737e+02 +2.4514e+00 +1.3655e+00 -3.9819e+00
123858 +6.095123463e-04 +6.095123463e-04 -1.240393905e+02 -1.240393905e+02 +2.4514e+00 +1.3655e+00 -3.9819e+00
123879 +5.927955332e-04 +5.927955332e-04 -1.240394072e+02 -1.240394072e+02 +2.4514e+00 +1.3655e+00 -3.9819e+00
123904 +5.869486496e-04 +5.869486496e-04 -1.240394131e+02 -1.240394131e+02 +2.4514e+00 +1.3655e+00 -3.9819e+00
123959 +5.745404494e-04 +5.745404494e-04 -1.240394255e+02 -1.240394255e+02 +2.4514e+00 +1.3655e+00 -3.9819e+00
