% function evaluation | noise-free fitness - Fopt (-4.620900000000e+02) | best noise-free fitness - Fopt | measured fitness | best measured fitness | x1 | x2...
1 +2.262090927e+02 +2.262090927e+02 -2.358809073e+02 -2.358809073e+02 +0.0000e+00 +0.0000e+00 +0.0000e+00 +0.0000e+00 +0.0000e+00 +0.0000e+00 +0.0000e+00 +0.0000e+00 +0.0000e+00 +0.0000e+00
7 +2.070442152e+02 +2.070442152e+02 -2.550457848e+02 -2.550457848e+02 +4.6623e-01 +1.7369e+00 +1.9578e+00 +1.5982e+00 +1.4779e+00 -1.9846e-03 +6.2083e-01 -7.0235e-01 +9.7230e-03 -5.9190e-01
44 +1.714678099e+02 +1.714678099e+02 -2.906221901e+02 -2.906221901e+02 +1.1932e+00 +2.3557e+00 -7.8990e-01 +2.9694e+00 +1.4427e+00 +1.0876e+00 +1.8747e+00 +2.6192e+00 -7.2667e-01 +7.4327e-01
66 +1.306574447e+02 +1.306574447e+02 -3.314325553e+02 -3.314325553e+02 +1.2236e+00 +2.4477e+00 -1.1681e+00 +2.8837e+00 +8.3348e-01 +1.7440e+00 +1.5227e+00 +2.6369e+00 +6.9534e-01 -2.2933e-01
295 +1.262524284e+02 +1.262524284e+02 -3.358375716e+02 -3.358375716e+02 +6.3180e-01 +2.2667e+00 +5.0540e-01 +2.2612e+00 +1.1482e+00 +1.3336e+00 +1.6051e-01 +2.0185e+00 +1.7691e+00 +5.7370e-01
391 +1.147960368e+02 +1.147960368e+02 -3.472939632e+02 -3.472939632e+02 -5.8206e-01 +3.2789e+00 -1.5006e+00 +6.7272e-01 +1.8906e+00 +3.7174e+00 +1.1851e+00 +2.2345e+00 +1.6766e+00 -2.5546e-01
402 +1.030378920e+02 +1.030378920e+02 -3.590521080e+02 -3.590521080e+02 -1.6019e+00 +4.1436e+00 +1.4324e+00 +2.2523e+00 +4.2911e-01 +2.7136e+00 +1.8639e+00 +2.2497e+00 +1.3307e+00 +1.2058e+00
458 +9.226059001e+01 +9.226059001e+01 -3.698294100e+02 -3.698294100e+02 +8.2940e-02 +1.4390e+00 +1.2275e+00 +2.2514e+00 +7.4745e-01 +2.5589e+00 +1.5589e+00 +2.1057e+00 +9.9720e-01 +4.5919e-01
473 +8.889975672e+01 +8.889975672e+01 -3.731902433e+02 -3.731902433e+02 -2.5845e-04 +6.9486e-01 +8.1544e-01 +1.0999e-01 +1.5370e+00 +1.1349e+00 +2.5437e+00 +1.4029e+00 +1.2811e+00 +7.8437e-01
1560 +7.615076383e+01 +7.615076383e+01 -3.859392362e+02 -3.859392362e+02 -6.4293e-01 +3.2688e+00 +1.3794e+00 -2.5783e-02 +5.9624e-01 +1.4177e+00 +1.3897e+00 +1.7234e+00 +1.7242e+00 -2.2958e-01
1857 +4.841716906e+01 +4.841716906e+01 -4.136728309e+02 -4.136728309e+02 +5.7857e-01 +2.2296e+00 +1.3243e+00 -6.4900e-01 +6.3834e-01 +2.0961e+00 +2.1042e+00 +3.7068e+00 +1.7872e+00 -2.4753e-01
5864 +4.533557742e+01 +4.533557742e+01 -4.167544226e+02 -4.167544226e+02 +1.5989e+00 +3.1827e+00 +2.1357e+00 +3.4554e-03 +1.7223e+00 +2.6575e+00 +2.0794e+00 +2.5669e+00 +1.3623e+00 -5.8230e-01
6585 +4.201900224e+01 +4.201900224e+01 -4.200709978e+02 -4.200709978e+02 +2.4818e-01 +3.1189e+00 +2.2815e+00 +7.4380e-01 +1.5968e+00 +1.6842e+00 +1.9528e+00 +2.0943e+00 +1.7868e+00 +3.0135e-02
6608 +3.908734538e+01 +3.908734538e+01 -4.230026546e+02 -4.230026546e+02 +4.0414e-01 +3.2177e+00 +2.1683e+00 -8.3605e-02 +1.6347e+00 +2.0887e+00 +1.9663e+00 +2.2291e+00 +1.7791e+00 -4.7793e-02
8529 +3.475488049e+01 +3.475488049e+01 -4.273351195e+02 -4.273351195e+02 +3.5668e-01 +4.1974e+00 +8.3048e-01 +1.4780e+00 +1.2029e+00 +2.1843e+00 +2.1144e+00 +1.4758e+00 +1.7822e+00 +3.6254e-01
11726 +3.447404614e+01 +3.447404614e+01 -4.276159539e+02 -4.276159539e+02 +3.8098e-01 +4.7731e+00 +7.9517e-01 +1.3892e+00 +1.1651e+00 +2.6765e+00 +2.0911e+00 +1.4446e+00 +1.7921e+00 +3.6503e-01
14120 +3.385873053e+01 +3.385873053e+01 -4.282312695e+02 -4.282312695e+02 +3.8611e-01 +4.7867e+00 +8.0371e-01 +1.3543e+00 +1.1659e+00 +2.6890e+00 +2.0898e+00 +1.4436e+00 +1.8002e+00 +3.6281e-01
% function evaluation | noise-free fitness - Fopt (7.766000000000e+01) | best noise-free fitness - Fopt | measured fitness | best measured fitness | x1 | x2...
1 +2.727873423e+02 +2.727873423e+02 +3.504473423e+02 +3.504473423e+02 +0.0000e+00 +0.0000e+00 +0.0000e+00 +0.0000e+00 +0.0000e+00 +0.0000e+00 +0.0000e+00 +0.0000e+00 +0.0000e+00 +0.0000e+00
13 +1.928422488e+02 +1.928422488e+02 +2.705022488e+02 +2.705022488e+02 +1.1321e+00 -1.6211e+00 -8.8395e-01 +1.3347e+00 -1.1425e+00 -1.9701e+00 -1.0091e+00 +4.2393e-01 -3.4565e-01 -2.3303e+00
34 +1.256945405e+02 +1.256945405e+02 +2.033545405e+02 +2.033545405e+02 +7.7912e-01 -9.4676e-01 -9.0413e-02 +1.5556e+00 +5.2335e-01 -1.9385e+00 -3.4717e-01 -3.3261e-01 +1.0893e-01 -2.3180e+00
242 +1.184379004e+02 +1.184379004e+02 +1.960979004e+02 +1.960979004e+02 -2.7536e-01 -2.6535e+00 -9.6184e-01 +2.0580e+00 +7.1071e-01 -2.5231e+00 -2.9588e-01 +1.9546e-01 -6.1716e-01 -3.0816e+00
296 +8.527005213e+01 +8.527005213e+01 +1.629300521e+02 +1.629300521e+02 +9.2750e-01 -3.4560e+00 -1.8901e+00 +1.2762e+00 +1.8005e+00 -1.9371e+00 +5.4332e-01 +4.5091e-01 -2.4601e-01 -3.8773e+00
984 +7.694628083e+01 +7.694628083e+01 +1.546062808e+02 +1.546062808e+02 +3.1694e-01 -1.8255e+00 +4.3124e-01 +4.8198e+00 +4.4419e-01 -1.2654e+00 +5.4873e-01 +1.9959e-01 -8.7656e-01 -3.5373e+00
2163 +6.966583363e+01 +6.966583363e+01 +1.473258336e+02 +1.473258336e+02 +6.7379e-01 -2.2058e+00 +3.1838e-01 +2.1100e+00 +7.5827e-01 -4.5700e-01 +7.3101e-01 +5.5991e-01 -1.3838e-01 -4.1682e+00
2616 +6.234198388e+01 +6.234198388e+01 +1.400019839e+02 +1.400019839e+02 +5.3265e-01 +1.4832e-02 +1.2159e+00 +3.1676e+00 +1.6726e+00 -1.0509e+00 +1.1828e-01 -4.6850e-01 -5.7731e-01 -3.2223e+00
2714 +5.996357842e+01 +5.996357842e+01 +1.376235784e+02 +1.376235784e+02 +7.2565e-01 -8.2026e-01 +9.7433e-02 +4.1282e+00 +1.8662e+00 -5.9829e-01 +1.5729e-01 -2.0925e-01 -1.5903e-01 -3.1834e+00
3293 +5.089633784e+01 +5.089633784e+01 +1.285563378e+02 +1.285563378e+02 +4.2306e-01 +8.8411e-01 -4.0138e-02 +2.5880e+00 +1.7720e+00 -2.7062e-04 -6.5767e-01 +1.1284e-01 -5.6618e-01 -4.2293e+00
6867 +4.973060925e+01 +4.973060925e+01 +1.273906093e+02 +1.273906093e+02 +2.3486e+00 -2.2346e-01 -1.0749e+00 +2.5272e+00 +2.3782e+00 -7.8421e-01 +5.7264e-01 -7.6298e-01 +1.5448e-01 -3.8563e+00
7046 +3.738447531e+01 +3.738447531e+01 +1.150444753e+02 +1.150444753e+02 +2.3756e+00 +1.2895e-02 -1.0017e+00 +2.5601e+00 +2.5821e+00 -4.9669e-01 +4.9100e-01 -3.5119e-01 +1.3152e-01 -3.5737e+00
8783 +3.497753892e+01 +3.497753892e+01 +1.126375389e+02 +1.126375389e+02 +2.2910e+00 -8.5550e-01 -1.0864e+00 +2.0610e+00 +2.4075e+00 -9.8701e-01 +6.0023e-01 -7.4853e-01 +1.5795e-01 -3.5578e+00
8798 +3.391886389e+01 +3.391886389e+01 +1.115788639e+02 +1.115788639e+02 +2.3732e+00 -7.0364e-01 -1.0898e+00 +2.0165e+00 +2.4526e+00 -9.9637e-01 +5.8817e-01 -7.2333e-01 +1.1211e-01 -3.5531e+00
8802 +3.165649310e+01 +3.165649310e+01 +1.093164931e+02 +1.093164931e+02 +2.3896e+00 -9.3116e-01 -1.0622e+00 +2.0626e+00 +2.4316e+00 -1.1616e+00 +5.3283e-01 -7.2445e-01 +1.1053e-01 -3.5376e+00
8982 +2.634974131e+01 +2.634974131e+01 +1.040097413e+02 +1.040097413e+02 +2.3680e+00 -8.8168e-01 -1.1355e+00 +2.1363e+00 +2.4568e+00 -5.5771e-01 +5.8858e-01 -7.6559e-01 +1.2203e-01 -3.5563e+00
10071 +2.574365772e+01 +2.574365772e+01 +1.034036577e+02 +1.034036577e+02 +2.4011e+00 -8.2169e-01 -1.1702e+00 +2.0874e+00 +2.4262e+00 -1.1717e+00 +5.6700e-01 -7.3570e-01 +1.4377e-01 -3.8839e+00
10072 +2.420044055e+01 +2.420044055e+01 +1.018604405e+02 +1.018604405e+02 +2.3992e+00 -7.8836e-01 -1.0930e+00 +2.0463e+00 +2.4691e+00 -1.0617e+00 +5.7381e-01 -7.6866e-01 +1.3751e-01 -3.8741e+00
10361 +2.391640736e+01 +2.391640736e+01 +1.015764074e+02 +1.015764074e+02 +2.3648e+00 -9.4584e-01 -1.1613e+00 +2.1181e+00 +2.4510e+00 -1.0774e+00 +5.7612e-01 -7.4968e-01 +1.5075e-01 -3.8425e+00
10614 +2.319141838e+01 +2.319141838e+01 +1.008514184e+02 +1.008514184e+02 +2.3673e+00 -8.7638e-01 -1.0973e+00 +2.0610e+00 +2.4443e+00 -1.0306e+00 +5.4372e-01 -7.4394e-01 +1.5053e-01 -3.8852e+00
10650 +2.158825173e+01 +2.158825173e+01 +9.924825173e+01 +9.924825173e+01 +2.3822e+00 -9.4524e-01 -1.0673e+00 +2.0762e+00 +2.4546e+00 -1.0850e+00 +5.5977e-01 -7.3482e-01 +1.5349e-01 -3.8688e+00
10827 +2.078982665e+01 +2.078982665e+01 +9.844982665e+01 +9.844982665e+01 +2.3422e+00 -8.1804e-01 -1.0795e+00 +2.0703e+00 +2.4635e+00 -1.1031e+00 +5.6748e-01 -7.2705e-01 +1.5460e-01 -3.8740e+00
11174 +1.984128955e+01 +1.984128955e+01 +9.750128955e+01 +9.750128955e+01 +2.3995e+00 -8.6041e-01 -1.0757e+00 +2.0371e+00 +2.4379e+00 -1.0922e+00 +5.7281e-01 -7.3501e-01 +1.6935e-01 -3.8520e+00
11630 +1.939048862e+01 +1.939048862e+01 +9.705048862e+01 +9.705048862e+01 +2.3627e+00 -8.4692e-01 -1.1006e+00 +2.0718e+00 +2.4371e+00 -1.0785e+00 +5.6729e-01 -7.4094e-01 +1.5762e-01 -3.8547e+00
11973 +1.904248659e+01 +1.904248659e+01 +9.670248659e+01 +9.670248659e+01 +2.3754e+00 -8.3520e-01 -1.0887e+00 +2.0677e+00 +2.4368e+00 -1.0801e+00 +5.8423e-01 -7.5785e-01 +1.6053e-01 -3.8635e+00
12035 +1.854360816e+01 +1.854360816e+01 +9.620360816e+01 +9.620360816e+01 +2.3923e+00 -8.6130e-01 -1.0964e+00 +2.0800e+00 +2.4531e+00 -1.0847e+00 +5.8743e-01 -7.4303e-01 +1.5432e-01 -3.8542e+00
12382 +1.814910712e+01 +1.814910712e+01 +9.580910712e+01 +9.580910712e+01 +2.3767e+00 -8.4097e-01 -1.1096e+00 +2.0702e+00 +2.4598e+00 -1.0900e+00 +5.8875e-01 -7.4177e-01 +1.6823e-01 -3.8570e+00
% function evaluation | noise-free fitness - Fopt (1.156800000000e+02) | best noise-free fitness - Fopt | measured fitness | best measured fitness | x1 | x2...
1 +4.174500391e+02 +4.174500391e+02 +5.331300391e+02 +5.331300391e+02 +0.0000e+00 +0.0000e+00 +0.0000e+00 +0.0000e+00 +0.0000e+00 +0.0000e+00 +0.0000e+00 +0.0000e+00 +0.0000e+00 +0.0000e+00
12 +3.317068598e+02 +3.317068598e+02 +4.473868598e+02 +4.473868598e+02 -6.0366e-01 +9.7790e-02 +6.1941e-01 +2.7792e-01 +1.3033e+00 -2.6675e+00 +5.0820e-02 +1.1404e+00 +2.8907e-01 -1.8488e+00
32 +2.725487361e+02 +2.725487361e+02 +3.882287361e+02 +3.882287361e+02 -1.0079e+00 +1.9335e-01 +7.7415e-02 -8.5029e-01 +5.4185e-01 -2.3166e+00 -5.5708e-01 +8.5549e-01 +2.1120e+00 -2.5666e+00
72 +2.575340970e+02 +2.575340970e+02 +3.732140970e+02 +3.732140970e+02 -1.8948e+00 +3.3857e+00 -2.4131e-01 +5.6121e-01 +3.7183e+00 +1.2961e-01 +2.9753e+00 +7.2834e-01 +1.3961e+00 -3.3849e+00
145 +2.295775415e+02 +2.295775415e+02 +3.452575415e+02 +3.452575415e+02 -1.2381e-01 +1.5191e+00 -6.4591e-01 +4.0436e+00 +3.3052e+00 +1.5843e+00 +9.5809e-01 +8.2887e-01 +3.5565e+00 -2.9470e+00
161 +2.281161544e+02 +2.281161544e+02 +3.437961544e+02 +3.437961544e+02 -8.2156e-01 +1.0673e+00 +7.1870e-01 +4.3117e+00 +3.2314e+00 -3.4264e-01 +1.4608e+00 +2.1537e+00 +3.6902e+00 -2.3443e+00
162 +1.863565372e+02 +1.863565372e+02 +3.020365372e+02 +3.020365372e+02 -1.1021e+00 -5.8941e-02 +3.9916e-01 +3.9156e+00 +3.2619e+00 +3.4513e-01 +1.5270e+00 +1.5876e+00 +3.6368e+00 -1.7848e+00
206 +1.457896781e+02 +1.457896781e+02 +2.614696781e+02 +2.614696781e+02 -1.3059e+00 -1.1989e+00 +4.5785e-02 +2.9976e+00 +2.8909e+00 -3.2931e+00 +2.3087e+00 +5.8911e-02 +3.8721e+00 -2.4500e+00
218 +1.138928311e+02 +1.138928311e+02 +2.295728311e+02 +2.295728311e+02 -1.6885e+00 -2.0443e-01 +2.4116e-01 +5.0271e+00 +2.0092e+00 -2.6684e+00 +1.1586e+00 +7.5124e-01 +3.5645e+00 -1.9279e+00
259 +1.060035231e+02 +1.060035231e+02 +2.216835231e+02 +2.216835231e+02 -9.2064e-01 -7.0719e-02 +3.6260e-01 +4.8975e+00 +3.0508e+00 -2.8857e+00 +3.5267e+00 +1.2570e+00 +3.6633e+00 -1.9316e+00
816 +1.022812627e+02 +1.022812627e+02 +2.179612627e+02 +2.179612627e+02 +1.6218e+00 +5.9029e-01 +8.3716e-03 +4.0865e+00 +2.5462e+00 -3.3285e+00 +2.5800e+00 +2.4193e+00 +3.9005e+00 -1.9976e+00
828 +7.246179785e+01 +7.246179785e+01 +1.881417979e+02 +1.881417979e+02 +1.8077e+00 -6.2786e-02 +2.0227e-01 +3.0968e+00 +3.1260e+00 -2.7163e+00 +2.6593e+00 +2.5539e+00 +3.5678e+00 -1.1944e+00
1614 +6.950482887e+01 +6.950482887e+01 +1.851848289e+02 +1.851848289e+02 +1.8883e+00 -1.0280e-01 -1.1713e+00 +3.0909e+00 +2.9210e+00 -4.3806e+00 +2.3020e+00 +2.2873e+00 +3.5688e+00 -1.8267e+00
3517 +6.275743543e+01 +6.275743543e+01 +1.784374354e+02 +1.784374354e+02 +2.1741e+00 +9.2767e-02 -1.2005e+00 +3.1105e+00 +2.9255e+00 -3.2162e+00 +2.8634e+00 +1.9247e+00 +3.5662e+00 -2.4885e+00
3518 +6.014885983e+01 +6.014885983e+01 +1.758288598e+02 +1.758288598e+02 +2.4674e+00 +6.3110e-02 -1.3641e+00 +3.1666e+00 +3.0290e+00 -3.3243e+00 +2.5699e+00 +2.3532e+00 +3.4972e+00 -1.6443e+00
4661 +4.182188518e+01 +4.182188518e+01 +1.575018852e+02 +1.575018852e+02 +2.0066e+00 -3.6033e+00 -1.1795e+00 +4.3072e+00 +2.9125e+00 -3.2293e+00 +3.0261e+00 +2.7174e+00 +3.5155e+00 -1.9336e+00
6127 +3.511312944e+01 +3.511312944e+01 +1.507931294e+02 +1.507931294e+02 +2.1644e+00 -1.8919e+00 -5.9781e-01 +3.7562e+00 +3.5536e+00 -4.3187e+00 +3.3514e+00 +2.3478e+00 +3.5522e+00 -1.6656e+00
7725 +2.072437661e+01 +2.072437661e+01 +1.364043766e+02 +1.364043766e+02 +2.1404e+00 -1.8347e+00 -5.8345e-01 +2.3705e+00 +2.9616e+00 -4.2533e+00 +3.0617e+00 +1.9996e+00 +3.6038e+00 -2.2890e+00
9212 +1.852913202e+01 +1.852913202e+01 +1.342091320e+02 +1.342091320e+02 +2.1716e+00 -1.8982e+00 -5.5240e-01 +2.3230e+00 +2.9079e+00 -3.7646e+00 +3.1220e+00 +1.9068e+00 +3.1839e+00 -1.9307e+00
9429 +1.757280477e+01 +1.757280477e+01 +1.332528048e+02 +1.332528048e+02 +2.1690e+00 -1.0158e+00 -5.3425e-01 +2.4010e+00 +2.9386e+00 -3.8680e+00 +3.0556e+00 +1.9323e+00 +3.1523e+00 -1.6467e+00
11266 +1.705487666e+01 +1.705487666e+01 +1.327348767e+02 +1.327348767e+02 +2.1170e+00 -9.8429e-01 -5.7432e-01 +2.3566e+00 +2.9970e+00 -4.2559e+00 +3.0722e+00 +1.9507e+00 +3.1653e+00 -2.2570e+00
11311 +1.672910671e+01 +1.672910671e+01 +1.324091067e+02 +1.324091067e+02 +2.1232e+00 -9.8833e-01 -5.5339e-01 +2.3398e+00 +3.0024e+00 -4.2867e+00 +3.0661e+00 +1.9800e+00 +3.1481e+00 -2.2601e+00
11487 +1.622597606e+01 +1.622597606e+01 +1.319059761e+02 +1.319059761e+02 +2.1424e+00 -9.7499e-01 -5.4732e-01 +2.3876e+00 +2.9343e+00 -4.2785e+00 +3.0918e+00 +1.9385e+00 +3.1502e+00 -2.2626e+00
11675 +1.596481140e+01 +1.596481140e+01 +1.316448114e+02 +1.316448114e+02 +2.1712e+00 -9.8624e-01 -5.6497e-01 +2.2925e+00 +2.9619e+00 -4.2761e+00 +3.1235e+00 +1.9712e+00 +3.1430e+00 -2.2541e+00
11839 +1.545596473e+01 +1.545596473e+01 +1.311359647e+02 +1.311359647e+02 +2.1744e+00 -9.4645e-01 -5.6373e-01 +2.3488e+00 +2.9562e+00 -4.2699e+00 +3.0946e+00 +1.9783e+00 +3.1453e+00 -2.2454e+00
11867 +1.509750398e+01 +1.509750398e+01 +1.307775040e+02 +1.307775040e+02 +2.1808e+00 -9.5158e-01 -5.9683e-01 +2.3446e+00 +2.9725e+00 -4.2600e+00 +3.1098e+00 +1.9712e+00 +3.1425e+00 -2.2621e+00
12137 +1.427698646e+01 +1.427698646e+01 +1.299569865e+02 +1.299569865e+02 +2.1694e+00 -9.9776e-01 -5.7262e-01 +2.3432e+00 +2.9542e+00 -4.2718e+00 +3.1068e+00 +1.9625e+00 +3.1479e+00 -2.2530e+00
13599 +1.411674075e+01 +1.411674075e+01 +1.297967407e+02 +1.297967407e+02 +2.1709e+00 -9.7799e-01 -5.8069e-01 +2.3473e+00 +2.9604e+00 -4.2710e+00 +3.1069e+00 +1.9687e+00 +3.1524e+00 -2.2584e+00
% function evaluation | noise-free fitness - Fopt (-3.710000000000e+00) | best noise-free fitness - Fopt | measured fitness | best measured fitness | x1 | x2...
1 +2.788708135e+02 +2.788708135e+02 +2.751608135e+02 +2.751608135e+02 +0.0000e+00 +0.0000e+00 +0.0000e+00 +0.0000e+00 +0.0000e+00 +0.0000e+00 +0.0000e+00 +0.0000e+00 +0.0000e+00 +0.0000e+00
4 +2.385763388e+02 +2.385763388e+02 +2.348663388e+02 +2.348663388e+02 +1.9386e+00 -9.4395e-01 -3.9886e-01 +7.9516e-01 +7.1327e-02 +7.6937e-01 +3.6404e-01 -1.5241e-02 +1.9373e+00 +1.2430e+00
21 +1.836791369e+02 +1.836791369e+02 +1.799691369e+02 +1.799691369e+02 +1.2415e+00 -1.1304e+00 +5.5693e-01 +1.5271e+00 +3.1990e-01 +2.0749e+00 -7.2885e-01 -8.1397e-01 +1.7695e+00 +1.2597e+00
29 +1.676209181e+02 +1.676209181e+02 +1.639109181e+02 +1.639109181e+02 +2.2029e+00 -3.2703e+00 +1.1780e+00 +3.1724e+00 +8.3188e-01 +2.9022e+00 -6.8597e-02 -1.3813e+00 +8.0212e-01 +1.9114e+00
44 +1.380456672e+02 +1.380456672e+02 +1.343356672e+02 +1.343356672e+02 +2.0769e+00 -3.1040e+00 +1.1707e+00 +4.7300e+00 +2.4140e+00 +2.1403e+00 -1.6783e+00 -5.1217e-01 +1.3919e+00 +1.4879e+00
360 +1.153172055e+02 +1.153172055e+02 +1.116072055e+02 +1.116072055e+02 -6.9076e-01 +1.6220e-01 -5.9278e-01 +5.0434e+00 +2.0539e+00 +3.1472e+00 -7.6689e-01 -1.8871e+00 +1.8148e+00 +1.5078e+00
785 +9.785095947e+01 +9.785095947e+01 +9.414095947e+01 +9.414095947e+01 -9.7166e-01 -3.0340e+00 -5.2983e-01 +3.2853e+00 +2.0881e+00 +3.5485e+00 -1.5520e+00 -1.9527e+00 +1.5010e+00 +9.2144e-01
1198 +9.525765745e+01 +9.525765745e+01 +9.154765745e+01 +9.154765745e+01 +1.3128e+00 -3.7665e+00 +3.3312e-02 +3.0701e+00 +1.3508e+00 +2.6315e+00 -1.0634e+00 -1.6632e+00 +1.5028e+00 +6.1716e-01
1362 +9.047668828e+01 +9.047668828e+01 +8.676668828e+01 +8.676668828e+01 +2.3454e+00 -4.6973e+00 +1.0549e+00 +4.5312e+00 +3.1349e+00 +2.5100e+00 -2.7730e-01 -2.4601e+00 +1.5584e+00 +1.8451e+00
1396 +7.722311981e+01 +7.722311981e+01 +7.351311981e+01 +7.351311981e+01 +2.1101e+00 -3.9271e+00 +4.5896e-01 +5.2208e+00 +2.1427e+00 +3.0917e+00 -2.8699e-01 -2.4232e+00 +2.1397e+00 +1.6072e+00
1981 +7.279894645e+01 +7.279894645e+01 +6.908894645e+01 +6.908894645e+01 +2.0539e+00 -3.1706e+00 +4.6770e-01 +3.4571e+00 +2.1149e+00 +4.1892e+00 -2.8753e-01 -1.4462e+00 +1.5961e+00 +1.0350e+00
2524 +6.500535297e+01 +6.500535297e+01 +6.129535297e+01 +6.129535297e+01 +1.2720e+00 -1.3556e+00 +1.6107e+00 +4.4867e+00 +3.0839e+00 +3.0924e+00 -3.4802e-01 -2.5929e+00 +1.8981e+00 +1.3379e+00
4661 +5.921927936e+01 +5.921927936e+01 +5.550927936e+01 +5.550927936e+01 +1.1668e+00 -3.7846e+00 +4.1387e-01 +3.1999e+00 +1.5030e+00 +4.3693e+00 -2.9344e-01 -1.1780e+00 +2.3191e+00 +1.2709e+00
4756 +4.628112379e+01 +4.628112379e+01 +4.257112379e+01 +4.257112379e+01 +1.0871e+00 -4.0927e+00 +3.4772e-01 +3.9392e+00 +1.9226e+00 +2.9798e+00 -2.6033e-01 -1.5655e+00 +1.9541e+00 +1.0126e+00
5759 +2.911540404e+01 +2.911540404e+01 +2.540540404e+01 +2.540540404e+01 +2.1217e+00 -2.2669e+00 +3.8203e-01 +3.2122e+00 +2.5489e+00 +3.0383e+00 -2.8633e-01 -1.5018e+00 +1.5214e+00 +9.9912e-01
7236 +2.513014311e+01 +2.513014311e+01 +2.142014311e+01 +2.142014311e+01 +2.1957e+00 -2.2551e+00 +8.9906e-01 +4.6091e+00 +2.3995e+00 +2.6214e+00 -2.9994e-01 -2.0395e+00 +2.2923e+00 +9.8760e-01
7277 +2.223368812e+01 +2.223368812e+01 +1.852368812e+01 +1.852368812e+01 +2.2442e+00 -2.3227e+00 +9.8599e-01 +4.5630e+00 +2.4502e+00 +3.1634e+00 -2.3772e-01 -1.9587e+00 +2.3150e+00 +1.2736e+00
9982 +2.164165969e+01 +2.164165969e+01 +1.793165969e+01 +1.793165969e+01 +2.1596e+00 +2.5796e-01 +9.7524e-01 +3.1706e+00 +2.4879e+00 +4.1835e+00 -3.2277e-01 -2.0099e+00 +2.3166e+00 +1.2473e+00
10049 +2.079855435e+01 +2.079855435e+01 +1.708855435e+01 +1.708855435e+01 +2.0958e+00 +2.1356e-01 +9.7664e-01 +3.1905e+00 +2.4973e+00 +4.1920e+00 -2.7278e-01 -1.9817e+00 +2.3214e+00 +1.2621e+00
10544 +2.038022608e+01 +2.038022608e+01 +1.667022608e+01 +1.667022608e+01 +2.1156e+00 +1.3157e-01 +9.6811e-01 +3.2012e+00 +2.4893e+00 +4.1900e+00 -2.9869e-01 -1.9934e+00 +2.3251e+00 +1.2545e+00
11097 +1.982441624e+01 +1.982441624e+01 +1.611441624e+01 +1.611441624e+01 +2.1185e+00 +1.7464e-01 +9.6381e-01 +3.1537e+00 +2.5002e+00 +4.1862e+00 -2.8382e-01 -1.9858e+00 +2.3203e+00 +1.2443e+00
11657 +1.937570773e+01 +1.937570773e+01 +1.566570773e+01 +1.566570773e+01 +2.1252e+00 +1.8853e-01 +9.7339e-01 +3.1697e+00 +2.5023e+00 +4.1920e+00 -2.8755e-01 -1.9797e+00 +2.3329e+00 +1.2533e+00
12849 +1.901375412e+01 +1.901375412e+01 +1.530375412e+01 +1.530375412e+01 +2.1284e+00 +1.9129e-01 +9.6242e-01 +3.1697e+00 +2.5042e+00 +4.1896e+00 -2.9842e-01 -1.9940e+00 +2.3308e+00 +1.2521e+00
% function evaluation | noise-free fitness - Fopt (1.321800000000e+02) | best noise-free fitness - Fopt | measured fitness | best measured fitness | x1 | x2...
1 +1.874009908e+02 +1.874009908e+02 +3.195809908e+02 +3.195809908e+02 +0.0000e+00 +0.0000e+00 +0.0000e+00 +0.0000e+00 +0.0000e+00 +0.0000e+00 +0.0000e+00 +0.0000e+00 +0.0000e+00 +0.0000e+00
13 +1.429376851e+02 +1.429376851e+02 +2.751176851e+02 +2.751176851e+02 +8.4818e-01 +5.1163e-01 -6.3380e-01 -7.1696e-01 +1.3293e+00 -1.1557e+00 +1.9829e+00 +8.4242e-01 -4.4547e-01 +1.5789e+00
94 +1.404765131e+02 +1.404765131e+02 +2.726565131e+02 +2.726565131e+02 +1.4692e+00 +1.3524e+00 +3.7173e-01 -2.6842e+00 +2.3162e+00 -1.4297e+00 +1.5510e+00 -2.0067e+00 +3.9241e-01 +3.4742e-01
144 +1.290709788e+02 +1.290709788e+02 +2.612509788e+02 +2.612509788e+02 +2.7794e+00 +5.7721e-01 +1.3026e+00 -1.8581e+00 +1.1950e+00 -1.0774e+00 +8.5438e-01 +5.8102e-01 -9.0356e-01 +1.3877e+00
152 +1.240456705e+02 +1.240456705e+02 +2.562256705e+02 +2.562256705e+02 +2.5624e+00 +5.8957e-01 +1.2862e+00 -3.9602e-01 +1.8011e+00 +1.6767e-01 +6.7088e-01 -2.3446e-01 -3.2418e-01 +4.3760e-01
200 +1.077734299e+02 +1.077734299e+02 +2.399534299e+02 +2.399534299e+02 +2.2418e+00 +2.2998e+00 +3.3719e+00 -2.0183e+00 +9.3547e-01 -1.1152e+00 +1.8164e+00 -1.4307e+00 -1.1369e+00 +6.7522e-02
232 +9.304544429e+01 +9.304544429e+01 +2.252254443e+02 +2.252254443e+02 +3.8025e+00 +1.3273e+00 +3.4132e+00 -1.1440e+00 +1.6262e+00 -2.0263e+00 +1.8811e+00 +2.2608e-01 -9.5704e-02 -5.7078e-01
436 +6.646522634e+01 +6.646522634e+01 +1.986452263e+02 +1.986452263e+02 +2.6139e+00 +3.1991e+00 +1.9832e+00 -1.4292e+00 +9.6539e-01 -1.6648e+00 +1.3143e+00 -7.9332e-01 +1.2568e-01 +9.0121e-02
2300 +6.233119765e+01 +6.233119765e+01 +1.945111977e+02 +1.945111977e+02 +1.7712e+00 +1.6199e+00 +2.6513e+00 -2.7847e+00 +8.3014e-01 -1.7691e+00 +1.8707e+00 +5.4999e-01 +4.1052e-01 +9.7923e-01
2928 +6.034691858e+01 +6.034691858e+01 +1.925269186e+02 +1.925269186e+02 +1.4967e+00 +1.4446e+00 +2.0545e+00 -1.2306e+00 +2.4287e+00 -1.4728e+00 +2.1762e+00 +4.2404e-01 -1.3662e-01 -2.0620e-01
5665 +4.695825387e+01 +4.695825387e+01 +1.791382539e+02 +1.791382539e+02 +9.0445e-01 +1.5108e+00 +2.7083e+00 -1.0987e+00 +1.9291e+00 -1.6289e+00 +1.3336e+00 +9.1447e-03 +6.0066e-01 +1.0072e+00
6085 +4.315246525e+01 +4.315246525e+01 +1.753324653e+02 +1.753324653e+02 +1.8051e+00 +1.7219e+00 +2.7340e+00 -6.9707e-01 +2.4123e+00 -1.6933e+00 +1.3411e+00 -2.5252e-01 +5.9715e-01 +1.3100e-01
6096 +3.854391566e+01 +3.854391566e+01 +1.707239157e+02 +1.707239157e+02 +1.6632e+00 +1.4210e+00 +2.6320e+00 -1.2305e+00 +2.3789e+00 -1.6937e+00 +1.3052e+00 -3.3740e-01 +6.3033e-01 +1.4573e-01
6840 +3.636624514e+01 +3.636624514e+01 +1.685462451e+02 +1.685462451e+02 +1.7953e+00 +1.4684e+00 +2.7155e+00 -3.1372e+00 +2.4707e+00 -1.6639e+00 +1.7226e+00 -4.1467e-01 +8.9035e-01 +4.1193e-01
6909 +3.236833196e+01 +3.236833196e+01 +1.645483320e+02 +1.645483320e+02 +1.8143e+00 +1.5901e+00 +2.6706e+00 -2.7149e+00 +2.3668e+00 -1.4907e+00 +1.7500e+00 -2.6137e-01 +9.1018e-01 +7.5925e-01
7058 +2.948634535e+01 +2.948634535e+01 +1.616663454e+02 +1.616663454e+02 +1.8585e+00 +1.4862e+00 +2.7057e+00 -2.7076e+00 +2.4418e+00 -1.6183e+00 +1.8205e+00 -2.6724e-01 +6.8357e-01 +7.1846e-01
7067 +2.882421126e+01 +2.882421126e+01 +1.610042113e+02 +1.610042113e+02 +1.8765e+00 +1.4456e+00 +2.7033e+00 -2.7357e+00 +2.4081e+00 -1.6098e+00 +1.7967e+00 -3.0380e-01 +5.6659e-01 +4.9650e-01
7405 +2.457254779e+01 +2.457254779e+01 +1.567525478e+02 +1.567525478e+02 +1.7943e+00 +1.4179e+00 +2.6276e+00 -3.1451e+00 +2.4580e+00 -1.0304e+00 +1.8753e+00 -3.2230e-01 +6.0627e-01 +6.9139e-01
7843 +1.937630068e+01 +1.937630068e+01 +1.515563007e+02 +1.515563007e+02 +1.8218e+00 +1.5473e+00 +2.7126e+00 -2.7216e+00 +2.4316e+00 -1.1248e+00 +1.8118e+00 -3.1726e-01 +5.5626e-01 +7.1859e-01
7959 +1.824326538e+01 +1.824326538e+01 +1.504232654e+02 +1.504232654e+02 +1.6895e+00 +1.4752e+00 +2.6785e+00 -2.7180e+00 +2.4515e+00 -9.8630e-01 +1.7870e+00 -2.7676e-01 +5.5829e-01 +4.3373e-01
9757 +1.710522593e+01 +1.710522593e+01 +1.492852259e+02 +1.492852259e+02 +1.7642e+00 +1.4609e+00 +2.5981e+00 -3.2333e+00 +2.4781e+00 -1.0134e+00 +1.7930e+00 -2.7008e-01 +5.9662e-01 +7.1207e-01
9967 +1.605645038e+01 +1.605645038e+01 +1.482364504e+02 +1.482364504e+02 +1.8649e+00 +1.5201e+00 +2.6316e+00 -3.2536e+00 +2.4640e+00 -1.0825e+00 +1.7933e+00 -2.8713e-01 +5.7541e-01 +7.2708e-01
9972 +1.582511891e+01 +1.582511891e+01 +1.480051189e+02 +1.480051189e+02 +1.8834e+00 +1.4750e+00 +2.5931e+00 -3.2454e+00 +2.4675e+00 -1.0686e+00 +1.8123e+00 -2.9675e-01 +5.9521e-01 +7.0733e-01
10007 +1.470552959e+01 +1.470552959e+01 +1.468855296e+02 +1.468855296e+02 +1.7832e+00 +1.4976e+00 +2.6306e+00 -3.2273e+00 +2.4663e+00 -1.0300e+00 +1.7847e+00 -2.9554e-01 +5.8325e-01 +7.0770e-01
10339 +1.369572904e+01 +1.369572904e+01 +1.458757290e+02 +1.458757290e+02 +1.8139e+00 +1.4948e+00 +2.6365e+00 -3.2115e+00 +2.4893e+00 -1.0826e+00 +1.8114e+00 -2.8785e-01 +5.7737e-01 +7.0990e-01
10856 +1.348636133e+01 +1.348636133e+01 +1.456663613e+02 +1.456663613e+02 +1.8505e+00 +1.4651e+00 +2.6380e+00 -3.2343e+00 +2.4815e+00 -1.0611e+00 +1.8198e+00 -2.8983e-01 +5.8350e-01 +7.1545e-01
11444 +1.309511222e+01 +1.309511222e+01 +1.452751122e+02 +1.452751122e+02 +1.8107e+00 +1.4973e+00 +2.6341e+00 -3.2219e+00 +2.4820e+00 -1.0599e+00 +1.8118e+00 -2.9249e-01 +5.8089e-01 +7.1347e-01
% function evaluation | noise-free fitness - Fopt (6.438000000000e+01) | best noise-free fitness - Fopt | measured fitness | best measured fitness | x1 | x2...
1 +4.161336169e+02 +4.161336169e+02 +4.805136169e+02 +4.805136169e+02 +0.0000e+00 +0.0000e+00 +0.0000e+00 +0.0000e+00 +0.0000e+00 +0.0000e+00 +0.0000e+00 +0.0000e+00 +0.0000e+00 +0.0000e+00
9 +2.879649082e+02 +2.879649082e+02 +3.523449082e+02 +3.523449082e+02 -9.6366e-01 +3.5273e-01 -6.6708e-01 -1.4455e+00 +1.0653e+00 -1.5698e-01 +1.1408e+00 +9.9294e-01 +1.0005e+00 -2.2219e+00
22 +2.389709487e+02 +2.389709487e+02 +3.033509487e+02 +3.033509487e+02 -4.6883e-02 +4.7236e-01 -3.6978e-01 -2.4475e+00 +1.7299e+00 -2.5511e-02 +6.9341e-01 +7.7921e-02 +1.7255e+00 -9.0190e-01
59 +2.222924527e+02 +2.222924527e+02 +2.866724527e+02 +2.866724527e+02 -6.5661e-01 +2.7979e+00 +1.0662e+00 -1.3547e+00 +1.2438e+00 +2.7058e-01 +4.8565e-01 +1.7169e+00 +3.2244e+00 -7.3810e-01
63 +2.012636096e+02 +2.012636096e+02 +2.656436096e+02 +2.656436096e+02 -7.8735e-01 +4.3615e+00 +1.4481e+00 -2.5426e+00 +1.2404e+00 +1.1112e+00 +1.2873e+00 +1.6687e+00 +3.5419e+00 -1.5042e+00
70 +1.838187509e+02 +1.838187509e+02 +2.481987509e+02 +2.481987509e+02 -6.3321e-01 +2.0295e+00 +9.0112e-01 -1.4301e+00 +2.4846e+00 +1.9028e+00 +7.7631e-01 +3.2982e+00 +3.7975e+00 -1.2556e+00
142 +1.462376650e+02 +1.462376650e+02 +2.106176650e+02 +2.106176650e+02 +1.0288e+00 +3.4305e+00 +1.8426e-01 -2.1677e+00 +1.5453e+00 -8.5373e-02 -1.4345e+00 +2.8767e+00 +3.7068e+00 -1.1107e+00
285 +1.152106070e+02 +1.152106070e+02 +1.795906070e+02 +1.795906070e+02 +1.2116e+00 +2.4880e+00 -1.1842e+00 -2.9968e+00 +1.2374e+00 -5.9933e-01 +5.1525e-02 +2.9051e+00 +3.0546e+00 -1.5039e+00
316 +1.126762857e+02 +1.126762857e+02 +1.770562857e+02 +1.770562857e+02 +2.0005e+00 +3.5273e+00 -9.0318e-01 -3.5776e+00 +2.2418e+00 -7.5669e-02 -7.9347e-01 +2.0996e+00 +3.3734e+00 -2.0615e+00
553 +8.925954264e+01 +8.925954264e+01 +1.536395426e+02 +1.536395426e+02 +2.8941e+00 +3.2801e+00 +1.9623e+00 -2.5314e+00 +3.0724e+00 -1.1975e+00 -8.3061e-01 +3.1868e+00 +3.4081e+00 -3.0138e+00
818 +7.783783892e+01 +7.783783892e+01 +1.422178389e+02 +1.422178389e+02 +2.1474e+00 +2.7324e+00 +1.5789e+00 -3.5279e+00 +3.0339e+00 -2.0805e+00 +9.7230e-01 +3.3592e+00 +3.0630e+00 -1.8996e+00
923 +7.447169101e+01 +7.447169101e+01 +1.388516910e+02 +1.388516910e+02 +2.0321e+00 +4.0524e+00 +2.2338e+00 -3.6267e+00 +3.6852e+00 -1.8347e+00 +1.0323e+00 +3.8544e+00 +2.7622e+00 -1.4368e+00
1505 +6.734012628e+01 +6.734012628e+01 +1.317201263e+02 +1.317201263e+02 +1.0515e+00 +1.7313e+00 +1.5614e+00 -3.6227e+00 +3.6111e+00 -1.5647e+00 +5.0233e-01 +3.5056e+00 +2.7816e+00 -2.2834e+00
1840 +5.625503649e+01 +5.625503649e+01 +1.206350365e+02 +1.206350365e+02 +2.2677e+00 +1.5384e+00 +1.4560e+00 -3.5734e+00 +2.9975e+00 -1.4890e+00 +4.9361e-01 +2.8958e+00 +3.4527e+00 -2.0142e+00
2268 +5.463644756e+01 +5.463644756e+01 +1.190164476e+02 +1.190164476e+02 +1.9536e+00 +4.2069e+00 +2.2834e+00 -2.0587e+00 +3.2214e+00 -1.2840e+00 +5.5704e-01 +3.5006e+00 +3.7283e+00 -2.3756e+00
2512 +4.680517254e+01 +4.680517254e+01 +1.111851725e+02 +1.111851725e+02 +2.0143e+00 +3.2313e+00 +1.6521e+00 -2.4748e+00 +3.1530e+00 -6.0353e-01 +6.4310e-01 +3.3685e+00 +3.4504e+00 -2.8697e+00
7041 +4.318272439e+01 +4.318272439e+01 +1.075627244e+02 +1.075627244e+02 +1.0757e+00 +2.3765e+00 -6.7406e-02 -3.5960e+00 +2.9542e+00 -2.3678e-01 +5.8335e-01 +3.0007e+00 +3.7321e+00 -2.0627e+00
7898 +3.661641049e+01 +3.661641049e+01 +1.009964105e+02 +1.009964105e+02 +1.0915e+00 +2.3831e+00 -5.8076e-02 -2.4083e+00 +3.1220e+00 -6.4009e-01 +5.2655e-01 +3.0027e+00 +3.4397e+00 -2.4282e+00
9255 +3.263253770e+01 +3.263253770e+01 +9.701253770e+01 +9.701253770e+01 +1.0292e+00 +2.2538e+00 -8.4851e-01 -3.6193e+00 +3.0814e+00 -5.6988e-01 +6.1065e-01 +3.4003e+00 +3.4307e+00 -2.3517e+00
9810 +3.042099227e+01 +3.042099227e+01 +9.480099227e+01 +9.480099227e+01 +1.0720e+00 +2.3194e+00 -8.1672e-01 -3.6514e+00 +3.0110e+00 -5.9510e-01 +6.1192e-01 +2.9703e+00 +3.8175e+00 -2.6365e+00
10857 +2.913863424e+01 +2.913863424e+01 +9.351863424e+01 +9.351863424e+01 +1.1322e+00 +2.3491e+00 -7.7157e-01 -3.6194e+00 +2.9926e+00 -6.0973e-01 +5.3573e-01 +3.7731e+00 +3.7531e+00 -2.3626e+00
11120 +2.769379720e+01 +2.769379720e+01 +9.207379720e+01 +9.207379720e+01 +1.1396e+00 +2.3652e+00 -8.2709e-01 -3.6474e+00 +2.9721e+00 -5.5068e-01 +5.6787e-01 +3.7686e+00 +3.7583e+00 -2.3546e+00
11140 +2.738789850e+01 +2.738789850e+01 +9.176789850e+01 +9.176789850e+01 +1.0348e+00 +2.4098e+00 -7.9272e-01 -3.6512e+00 +2.9974e+00 -5.6907e-01 +5.8363e-01 +3.7540e+00 +3.7765e+00 -2.3634e+00
11389 +2.650827501e+01 +2.650827501e+01 +9.088827501e+01 +9.088827501e+01 +1.0912e+00 +2.3802e+00 -8.0958e-01 -3.6825e+00 +3.0217e+00 -6.0497e-01 +5.5816e-01 +3.7870e+00 +3.7573e+00 -2.3553e+00
11396 +2.584936693e+01 +2.584936693e+01 +9.022936693e+01 +9.022936693e+01 +1.0767e+00 +2.3600e+00 -7.7559e-01 -3.6373e+00 +3.0508e+00 -5.8391e-01 +5.8233e-01 +3.8092e+00 +3.7751e+00 -2.3457e+00
12124 +2.570372077e+01 +2.570372077e+01 +9.008372077e+01 +9.008372077e+01 +1.0788e+00 +2.3905e+00 -8.1983e-01 -3.6522e+00 +3.0342e+00 -5.7996e-01 +6.0064e-01 +3.7894e+00 +3.7534e+00 -2.3702e+00
12343 +2.486792109e+01 +2.486792109e+01 +8.924792109e+01 +8.924792109e+01 +1.0920e+00 +2.3414e+00 -8.1876e-01 -3.6221e+00 +3.0662e+00 -5.8647e-01 +6.0151e-01 +3.7856e+00 +3.7729e+00 -2.3665e+00
12602 +2.431929798e+01 +2.431929798e+01 +8.869929798e+01 +8.869929798e+01 +1.0685e+00 +2.3526e+00 -8.3288e-01 -3.6414e+00 +3.0327e+00 -5.7948e-01 +5.9982e-01 +3.7803e+00 +3.7733e+00 -2.3645e+00
14025 +2.397724711e+01 +2.397724711e+01 +8.835724711e+01 +8.835724711e+01 +1.0833e+00 +2.3578e+00 -8.1740e-01 -3.6438e+00 +3.0463e+00 -5.8060e-01 +5.8747e-01 +3.7919e+00 +3.7742e+00 -2.3599e+00
% function evaluation | noise-free fitness - Fopt (2.824800000000e+02) | best noise-free fitness - Fopt | measured fitness | best measured fitness | x1 | x2...
1 +4.274845191e+02 +4.274845191e+02 +7.099645191e+02 +7.099645191e+02 +0.0000e+00 +0.0000e+00 +0.0000e+00 +0.0000e+00 +0.0000e+00 +0.0000e+00 +0.0000e+00 +0.0000e+00 +0.0000e+00 +0.0000e+00
2 +3.768563092e+02 +3.768563092e+02 +6.593363092e+02 +6.593363092e+02 +6.8766e-01 +6.1678e-01 +5.1473e-01 +1.9495e-01 -1.3843e+00 +3.7881e-01 +7.4840e-01 +1.2897e+00 +3.4624e-01 +2.0505e+00
5 +3.173296248e+02 +3.173296248e+02 +5.998096248e+02 +5.998096248e+02 -2.5719e-01 -1.8745e+00 -7.9985e-01 -2.1041e+00 +7.7718e-01 -4.2520e-02 +1.2916e+00 +1.7042e+00 +3.0813e-01 -5.3596e-01
13 +3.092122269e+02 +3.092122269e+02 +5.916922269e+02 +5.916922269e+02 -2.8703e+00 -3.6103e+00 -1.2497e+00 +6.1904e-02 +4.6020e-02 +1.6711e+00 +2.2658e+00 +2.4280e+00 -3.0805e-01 +9.1940e-01
14 +2.545781182e+02 +2.545781182e+02 +5.370581182e+02 +5.370581182e+02 +1.6270e+00 -9.3854e-01 +1.0733e+00 -6.1380e-01 +1.9490e-01 +2.3485e-01 +1.5123e+00 +1.8552e+00 +1.0554e-01 +4.3232e-02
33 +2.487125726e+02 +2.487125726e+02 +5.311925726e+02 +5.311925726e+02 +1.7033e+00 -7.6372e-01 +1.3080e+00 +9.2580e-01 -1.0897e+00 +2.4999e+00 +1.6320e+00 +2.4773e+00 +6.7991e-01 +6.1683e-02
36 +2.250721082e+02 +2.250721082e+02 +5.075521082e+02 +5.075521082e+02 +1.5254e+00 -1.8253e+00 +1.1281e+00 +7.8193e-01 +2.8785e+00 +6.9740e-01 -1.0207e+00 +1.8722e+00 +2.3302e+00 +1.7131e+00
53 +2.191783387e+02 +2.191783387e+02 +5.016583387e+02 +5.016583387e+02 -7.9547e-01 -1.9907e-01 -2.3179e+00 -3.8935e-01 +5.8125e-01 +3.6178e+00 +1.2317e+00 +3.0242e+00 +3.5021e+00 +2.6662e+00
75 +1.880243183e+02 +1.880243183e+02 +4.705043183e+02 +4.705043183e+02 -6.9156e-01 +5.8856e-01 -9.1036e-01 -5.2967e-01 +1.3833e+00 +3.5042e+00 +2.6810e+00 +1.6461e+00 +3.2739e+00 +1.4693e+00
84 +1.849305770e+02 +1.849305770e+02 +4.674105770e+02 +4.674105770e+02 -5.8326e-01 +8.4617e-01 -1.3150e+00 +4.0549e-01 +8.9326e-01 +5.1088e+00 +2.5106e+00 +3.1448e+00 +3.3168e+00 +2.0409e+00
112 +1.773013279e+02 +1.773013279e+02 +4.597813279e+02 +4.597813279e+02 +7.9215e-01 -2.4812e-01 -5.1982e-01 +2.0462e+00 +2.7532e+00 +4.3581e+00 +3.3603e+00 +2.0927e+00 +1.7478e+00 +1.3803e+00
135 +1.255123007e+02 +1.255123007e+02 +4.079923007e+02 +4.079923007e+02 +6.7427e-01 -1.5618e+00 -1.1468e+00 +2.6735e+00 +2.4296e+00 +3.0412e+00 +2.1204e+00 +3.0118e+00 +1.8639e+00 +8.0083e-01
184 +1.201619951e+02 +1.201619951e+02 +4.026419951e+02 +4.026419951e+02 -1.4075e+00 +1.1982e-01 +1.2847e+00 +2.0021e+00 +2.6741e+00 +2.9352e+00 +2.6098e+00 +3.0726e+00 +2.7766e+00 +1.7283e+00
384 +1.048134499e+02 +1.048134499e+02 +3.872934499e+02 +3.872934499e+02 +5.1407e-01 -4.2186e+00 -1.9343e+00 +2.9790e+00 +1.9371e+00 +3.5003e+00 +2.1752e+00 +3.2837e+00 +2.3978e+00 +9.7498e-01
385 +1.004849423e+02 +1.004849423e+02 +3.829649423e+02 +3.829649423e+02 +1.3188e+00 -2.6475e+00 +1.4699e+00 +1.9398e+00 +2.6024e+00 +3.6576e+00 +2.1625e+00 +2.8400e+00 +2.4559e+00 +6.0543e-01
427 +9.584378009e+01 +9.584378009e+01 +3.783237801e+02 +3.783237801e+02 -2.5471e-01 -3.0266e+00 +8.0310e-01 +2.6990e+00 +2.6876e+00 +3.6123e+00 +2.6083e+00 +2.6760e+00 +2.3210e+00 -2.6080e-01
686 +9.436967635e+01 +9.436967635e+01 +3.768496763e+02 +3.768496763e+02 -1.8476e+00 -2.5267e+00 +3.4755e-01 +6.7706e-01 +2.6001e+00 +4.1126e+00 +3.1656e+00 +4.1940e+00 +2.3354e+00 +4.9099e-01
766 +9.066735842e+01 +9.066735842e+01 +3.731473584e+02 +3.731473584e+02 -2.4765e+00 -2.3842e+00 +8.6278e-01 +2.6942e-01 +3.1535e+00 +4.7072e+00 +2.5348e+00 +4.7066e+00 +3.0788e+00 -2.8471e-01
2229 +7.655067067e+01 +7.655067067e+01 +3.590306707e+02 +3.590306707e+02 -3.2856e-01 -2.3341e+00 +3.7735e-01 +2.1287e+00 +3.3095e+00 +2.9571e+00 +2.4104e+00 +3.0887e+00 +2.3487e+00 +9.3082e-01
2235 +7.519068801e+01 +7.519068801e+01 +3.576706880e+02 +3.576706880e+02 -5.3328e-01 -2.0310e+00 +9.8843e-01 +2.7467e+00 +2.5289e+00 +3.1118e+00 +3.1238e+00 +3.7385e+00 +2.4030e+00 +1.0422e+00
2533 +7.405325658e+01 +7.405325658e+01 +3.565332566e+02 +3.565332566e+02 -7.6412e-01 -2.4499e+00 +9.1167e-01 +7.8917e-01 +2.7094e+00 +4.6314e+00 +2.5925e+00 +4.0397e+00 +3.4048e+00 +4.0761e-01
2542 +5.455521237e+01 +5.455521237e+01 +3.370352124e+02 +3.370352124e+02 -1.7392e-01 -2.4364e+00 +4.3548e-01 +2.5957e-01 +2.5487e+00 +4.0537e+00 +2.6700e+00 +3.4298e+00 +3.2103e+00 +2.9735e-01
3497 +5.064790456e+01 +5.064790456e+01 +3.331279046e+02 +3.331279046e+02 -6.2264e-01 -1.4299e+00 +1.2971e+00 +9.2870e-01 +2.6009e+00 +3.5560e+00 +2.5990e+00 +2.6068e+00 +3.0853e+00 +8.8531e-01
3900 +4.851673186e+01 +4.851673186e+01 +3.309967319e+02 +3.309967319e+02 +1.4543e+00 -2.5695e+00 +9.4675e-01 +2.2542e+00 +2.3714e+00 +3.1237e+00 +2.7775e+00 +3.0577e+00 +3.0070e+00 +5.9759e-01
6236 +4.758747842e+01 +4.758747842e+01 +3.300674784e+02 +3.300674784e+02 +1.3531e+00 -4.2101e+00 +1.0344e+00 +2.8351e+00 +3.1573e+00 +2.9989e+00 +2.8247e+00 +3.0311e+00 +3.1383e+00 +8.9293e-01
6280 +3.485026105e+01 +3.485026105e+01 +3.173302610e+02 +3.173302610e+02 +1.4327e+00 -4.3635e+00 +9.5521e-01 +3.0412e+00 +3.2209e+00 +2.9511e+00 +2.7114e+00 +2.1609e+00 +3.3970e+00 +8.6791e-01
7780 +2.683362551e+01 +2.683362551e+01 +3.093136255e+02 +3.093136255e+02 +5.4058e-01 -4.2265e+00 +1.0727e+00 +2.7297e+00 +3.2831e+00 +3.1898e+00 +2.6202e+00 +2.6083e+00 +3.0615e+00 +2.8138e-01
7859 +2.387660698e+01 +2.387660698e+01 +3.063566070e+02 +3.063566070e+02 +5.5599e-01 -4.2521e+00 +8.5294e-01 +2.3615e+00 +3.2934e+00 +3.6688e+00 +2.7210e+00 +3.0089e+00 +3.0941e+00 +1.2178e+00
7935 +2.158178682e+01 +2.158178682e+01 +3.040617868e+02 +3.040617868e+02 +5.1213e-01 -4.3180e+00 +1.0633e+00 +2.1327e+00 +3.2137e+00 +3.5489e+00 +2.7360e+00 +3.0397e+00 +3.0685e+00 +8.9740e-01
% function evaluation | noise-free fitness - Fopt (4.826100000000e+02) | best noise-free fitness - Fopt | measured fitness | best measured fitness | x1 | x2...
1 +3.603528236e+02 +3.603528236e+02 +8.429628236e+02 +8.429628236e+02 +0.0000e+00 +0.0000e+00 +0.0000e+00 +0.0000e+00 +0.0000e+00 +0.0000e+00 +0.0000e+00 +0.0000e+00 +0.0000e+00 +0.0000e+00
4 +3.140069271e+02 +3.140069271e+02 +7.966169271e+02 +7.966169271e+02 +2.7387e-01 -1.7010e+00 -3.4325e-01 -8.7207e-01 -2.6700e-01 +1.5649e+00 +1.2601e+00 -1.2074e+00 +5.8090e-01 -5.4080e-01
12 +3.061844295e+02 +3.061844295e+02 +7.887944295e+02 +7.887944295e+02 -1.2009e+00 -2.0948e+00 -8.1592e-01 -1.8967e+00 -8.4021e-01 +4.2180e-01 +8.5869e-01 -9.5868e-01 +1.9173e+00 -1.7423e-01
19 +2.779642116e+02 +2.779642116e+02 +7.605742116e+02 +7.605742116e+02 -7.6977e-01 -7.4162e-02 +7.8789e-01 +5.3999e-01 +6.2871e-01 +9.5303e-02 +6.5822e-01 -8.2169e-01 +1.2807e+00 -1.2086e-01
27 +2.598742467e+02 +2.598742467e+02 +7.424842467e+02 +7.424842467e+02 -2.2460e+00 +5.1471e-01 +1.1818e+00 +3.9116e-01 +2.5382e-01 +1.8708e+00 +2.1134e+00 -3.1994e-01 +2.0453e+00 -5.8460e-01
36 +2.477923568e+02 +2.477923568e+02 +7.304023568e+02 +7.304023568e+02 -2.6854e+00 -6.2031e-01 +1.2699e-01 -1.9231e-01 -7.1345e-01 +2.4894e+00 +1.7039e+00 -8.6848e-01 +1.6894e+00 +8.5338e-01
45 +2.384242893e+02 +2.384242893e+02 +7.210342893e+02 +7.210342893e+02 -1.2736e+00 +1.3232e+00 -5.2782e-02 +5.3104e-01 -1.7028e+00 +2.3542e+00 +1.5766e+00 -2.3205e+00 +2.1909e+00 -2.4774e-01
46 +2.259094813e+02 +2.259094813e+02 +7.085194813e+02 +7.085194813e+02 -2.2543e+00 -1.7963e+00 -2.3155e-01 -8.0637e-01 -3.9453e-01 +2.0319e+00 +2.8574e+00 -6.7205e-01 +2.0278e+00 +5.3751e-01
52 +2.233893168e+02 +2.233893168e+02 +7.059993168e+02 +7.059993168e+02 -9.1139e-03 -2.9241e+00 +2.3558e-01 -6.7679e-01 +2.2882e-01 +1.7246e+00 +3.2457e+00 -2.8224e+00 +2.3657e+00 +7.3798e-01
59 +2.171969585e+02 +2.171969585e+02 +6.998069585e+02 +6.998069585e+02 -2.5261e+00 +9.0083e-01 -3.9799e-01 +8.4654e-01 +6.3919e-01 +2.8088e+00 +2.8084e+00 -1.7357e+00 +1.2659e+00 +3.8895e-01
69 +1.763349529e+02 +1.763349529e+02 +6.589449529e+02 +6.589449529e+02 -3.9039e+00 -2.5461e-01 -6.4552e-02 +1.3801e-01 +1.4017e+00 +2.2254e+00 +3.0757e+00 -1.2430e+00 +6.4131e-01 +1.4794e+00
123 +1.672658061e+02 +1.672658061e+02 +6.498758061e+02 +6.498758061e+02 -4.0943e+00 +3.5936e+00 +1.4139e+00 -4.3601e-01 -1.7075e+00 +1.4239e+00 +1.3395e+00 -3.7784e+00 +1.8420e+00 +3.7858e+00
144 +1.606536555e+02 +1.606536555e+02 +6.432636555e+02 +6.432636555e+02 -1.8437e+00 +1.4056e+00 -1.1943e-01 -1.0948e+00 +5.8871e-01 +2.8745e+00 +3.1667e+00 -2.2214e+00 +1.4677e+00 +3.8528e+00
148 +1.341005161e+02 +1.341005161e+02 +6.167105161e+02 +6.167105161e+02 -2.1725e+00 +2.5230e+00 -9.3548e-01 -2.9551e+00 -2.1072e+00 +2.1514e+00 +3.1310e+00 -1.7839e+00 +2.3531e+00 +2.4861e+00
211 +1.206024689e+02 +1.206024689e+02 +6.032124689e+02 +6.032124689e+02 -7.7688e-01 +3.9712e+00 +8.9070e-01 -2.9690e+00 +5.7385e-01 +2.6136e+00 +2.5131e+00 -3.8398e+00 +1.1138e+00 +2.4558e+00
227 +1.033197554e+02 +1.033197554e+02 +5.859297554e+02 +5.859297554e+02 -2.0155e-01 +3.1800e+00 +9.8113e-01 -2.4005e+00 -1.2386e+00 +2.2461e+00 +2.7172e+00 -3.9453e+00 +2.0075e+00 +1.4432e+00
570 +9.919547851e+01 +9.919547851e+01 +5.818054785e+02 +5.818054785e+02 -2.1370e+00 +2.5939e+00 +2.2411e-01 -3.7492e+00 +4.0801e-01 +1.4585e+00 +2.3971e+00 -3.8882e+00 +1.9477e+00 +2.8711e+00
573 +8.808158403e+01 +8.808158403e+01 +5.706915840e+02 +5.706915840e+02 -1.1050e+00 +1.2182e+00 -1.0685e-01 -2.9364e+00 +1.4033e+00 +2.3623e+00 +2.0267e+00 -3.9793e+00 +1.9409e+00 +2.3394e+00
813 +8.328070621e+01 +8.328070621e+01 +5.658907062e+02 +5.658907062e+02 +8.0198e-01 -1.7412e+00 +7.7008e-01 -2.9562e+00 +6.1865e-01 +2.2295e+00 +2.0326e+00 -4.1986e+00 +1.7262e+00 +2.9027e+00
914 +7.696266960e+01 +7.696266960e+01 +5.595726696e+02 +5.595726696e+02 -9.4508e-01 +2.7372e+00 +7.6505e-02 -3.5849e+00 +5.3683e-01 +1.8530e+00 +2.4382e+00 -2.6386e+00 +2.0428e+00 +2.4712e+00
1394 +7.579180487e+01 +7.579180487e+01 +5.584018049e+02 +5.584018049e+02 +1.2642e-01 +3.0658e+00 -1.9461e-02 -3.0096e+00 +6.8471e-01 +1.4213e+00 +2.5430e+00 -3.3383e+00 +1.6883e+00 +2.2640e+00
1487 +7.316139914e+01 +7.316139914e+01 +5.557713991e+02 +5.557713991e+02 -9.7852e-01 +1.5569e+00 +8.0029e-01 -1.0591e+00 +5.6434e-01 +2.8071e+00 +2.5589e+00 -2.3437e+00 +1.7146e+00 +2.9839e+00
2461 +5.517962601e+01 +5.517962601e+01 +5.377896260e+02 +5.377896260e+02 -1.1526e+00 +9.4542e-01 +4.5927e-01 -2.9355e+00 +1.3996e+00 +2.2483e+00 +1.9853e+00 -2.2069e+00 +2.3445e+00 +2.9444e+00
3048 +4.855386929e+01 +4.855386929e+01 +5.311638693e+02 +5.311638693e+02 -1.0448e+00 +2.3848e+00 +1.3620e+00 -2.1727e+00 +6.7727e-01 +3.8399e+00 +2.4147e+00 -2.5195e+00 +2.4709e+00 +2.8819e+00
4901 +4.394878347e+01 +4.394878347e+01 +5.265587835e+02 +5.265587835e+02 -1.1542e+00 +2.5239e+00 +1.3536e+00 -3.1438e+00 -1.2185e+00 +2.7308e+00 +2.9259e+00 -3.4106e+00 +2.3601e+00 +3.0115e+00
5276 +4.309562858e+01 +4.309562858e+01 +5.257056286e+02 +5.257056286e+02 -1.4077e+00 +2.6316e+00 +1.4117e+00 -3.0816e+00 +1.2535e+00 +2.7840e+00 +2.4057e+00 -3.0120e+00 +2.3776e+00 +3.1080e+00
5557 +4.212246046e+01 +4.212246046e+01 +5.247324605e+02 +5.247324605e+02 -1.0349e+00 +2.5812e+00 +7.6635e-01 -3.0767e+00 +8.0883e-01 +2.7872e+00 +2.6326e+00 -2.9389e+00 +2.0824e+00 +2.9616e+00
5633 +3.490520471e+01 +3.490520471e+01 +5.175152047e+02 +5.175152047e+02 -1.0406e+00 +2.5874e+00 +5.8924e-01 -1.7713e+00 +7.4817e-01 +2.8633e+00 +2.5962e+00 -3.0314e+00 +2.0623e+00 +3.2967e+00
6021 +2.292778068e+01 +2.292778068e+01 +5.055377807e+02 +5.055377807e+02 -1.1431e+00 +2.4670e+00 +5.4095e-01 -2.4581e+00 +5.8922e-01 +3.3811e+00 +2.5735e+00 -3.0309e+00 +2.0449e+00 +2.9543e+00
7268 +1.892633902e+01 +1.892633902e+01 +5.015363390e+02 +5.015363390e+02 -1.2020e+00 +2.5704e+00 +5.5636e-01 -2.3131e+00 +6.0901e-01 +2.8259e+00 +2.5064e+00 -2.9838e+00 +2.0804e+00 +3.2145e+00
7670 +1.775590887e+01 +1.775590887e+01 +5.003659089e+02 +5.003659089e+02 -1.1260e+00 +2.5352e+00 +5.8310e-01 -2.4552e+00 +5.9979e-01 +2.7608e+00 +2.5438e+00 -3.0083e+00 +2.0478e+00 +3.2153e+00
7686 +1.582619623e+01 +1.582619623e+01 +4.984361962e+02 +4.984361962e+02 -1.1660e+00 +2.5658e+00 +6.1848e-01 -2.3315e+00 +6.5054e-01 +2.7869e+00 +2.5353e+00 -2.9691e+00 +2.0478e+00 +3.1888e+00
7730 +1.527169954e+01 +1.527169954e+01 +4.978816995e+02 +4.978816995e+02 -1.1590e+00 +2.5660e+00 +5.8317e-01 -2.4293e+00 +6.1182e-01 +2.8433e+00 +2.5251e+00 -3.0006e+00 +2.0690e+00 +3.1861e+00
8246 +1.462628594e+01 +1.462628594e+01 +4.972362859e+02 +4.972362859e+02 -1.1804e+00 +2.5122e+00 +6.0933e-01 -2.3392e+00 +6.4331e-01 +2.8337e+00 +2.5539e+00 -3.0051e+00 +2.0346e+00 +3.2046e+00
8373 +1.429838427e+01 +1.429838427e+01 +4.969083843e+02 +4.969083843e+02 -1.1779e+00 +2.5149e+00 +5.8223e-01 -2.4328e+00 +6.3704e-01 +2.8293e+00 +2.5669e+00 -3.0070e+00 +2.0387e+00 +3.1953e+00
8866 +1.391080824e+01 +1.391080824e+01 +4.965208082e+02 +4.965208082e+02 -1.1526e+00 +2.5408e+00 +6.1736e-01 -2.3575e+00 +6.4396e-01 +2.8116e+00 +2.5261e+00 -3.0175e+00 +2.0435e+00 +3.2024e+00
9195 +1.373436695e+01 +1.373436695e+01 +4.963443670e+02 +4.963443670e+02 -1.1584e+00 +2.5478e+00 +5.9112e-01 -2.4179e+00 +6.5427e-01 +2.8044e+00 +2.5533e+00 -3.0034e+00 +2.0490e+00 +3.2048e+00
9212 +1.334988248e+01 +1.334988248e+01 +4.959598825e+02 +4.959598825e+02 -1.1462e+00 +2.5495e+00 +5.8077e-01 -2.4112e+00 +6.5817e-01 +2.8115e+00 +2.5260e+00 -3.0043e+00 +2.0403e+00 +3.1961e+00
10182 +1.317905083e+01 +1.317905083e+01 +4.957890508e+02 +4.957890508e+02 -1.1774e+00 +2.5551e+00 +5.9516e-01 -2.4299e+00 +6.4551e-01 +2.8074e+00 +2.5235e+00 -3.0044e+00 +2.0485e+00 +3.1941e+00
% function evaluation | noise-free fitness - Fopt (7.177000000000e+01) | best noise-free fitness - Fopt | measured fitness | best measured fitness | x1 | x2...
1 +3.721167182e+02 +3.721167182e+02 +4.438867182e+02 +4.438867182e+02 +0.0000e+00 +0.0000e+00 +0.0000e+00 +0.0000e+00 +0.0000e+00 +0.0000e+00 +0.0000e+00 +0.0000e+00 +0.0000e+00 +0.0000e+00
4 +3.227229165e+02 +3.227229165e+02 +3.944929165e+02 +3.944929165e+02 +1.9898e-01 +7.8136e-01 +6.4341e-01 -1.3081e+00 -6.6967e-01 +2.4922e+00 -8.3856e-01 -1.7816e-01 +5.2258e-01 +7.9670e-01
8 +2.454315255e+02 +2.454315255e+02 +3.172015255e+02 +3.172015255e+02 +2.1755e-02 -2.9751e-01 +2.5704e-01 +5.8769e-01 +1.1157e+00 -1.3328e+00 -9.1874e-01 -8.4203e-02 +1.7460e+00 +1.2071e+00
13 +2.328646381e+02 +2.328646381e+02 +3.046346381e+02 +3.046346381e+02 +2.7895e-01 +4.6368e-02 +1.0180e+00 -1.9637e-01 -2.3618e-01 -8.4215e-01 +4.3954e-01 -2.8966e+00 +4.3223e-01 +2.9864e+00
24 +1.812016566e+02 +1.812016566e+02 +2.529716566e+02 +2.529716566e+02 +1.7324e+00 -7.8334e-01 +1.4554e+00 -1.0560e+00 -5.6576e-01 -3.6545e-01 -1.8488e-01 -4.0825e+00 +2.0150e+00 +1.7083e+00
39 +1.690984908e+02 +1.690984908e+02 +2.408684908e+02 +2.408684908e+02 +1.8501e+00 -5.8859e-01 +5.8324e-01 +1.7020e-02 +1.4628e+00 +8.6681e-02 +1.0100e-01 -3.2572e+00 +2.2535e+00 +1.9842e+00
47 +1.152837671e+02 +1.152837671e+02 +1.870537671e+02 +1.870537671e+02 -7.3503e-01 -1.8457e-01 +9.8960e-01 +1.1727e-01 +1.6418e-01 -3.6776e-01 +8.9710e-01 -2.7276e+00 +3.4612e+00 +1.1911e+00
64 +9.002294271e+01 +9.002294271e+01 +1.617929427e+02 +1.617929427e+02 +2.4716e-01 +1.8430e-02 +9.7262e-01 +2.7978e-01 +8.5231e-01 -1.1104e+00 +3.8794e-01 -2.9232e+00 +3.8208e+00 +2.5246e+00
400 +8.817472430e+01 +8.817472430e+01 +1.599447243e+02 +1.599447243e+02 +1.3595e+00 +1.8264e+00 +8.1327e-01 +9.8834e-01 +3.4938e-01 -1.2004e+00 -4.1605e-01 -2.6952e+00 +3.8799e+00 +2.2024e+00
637 +8.031178849e+01 +8.031178849e+01 +1.520817885e+02 +1.520817885e+02 +1.5138e+00 +1.1671e+00 +6.4929e-02 -1.2389e+00 +9.6470e-01 -1.2717e-01 +1.3286e+00 -4.2422e+00 +3.0907e+00 +2.2179e+00
1121 +7.378413098e+01 +7.378413098e+01 +1.455541310e+02 +1.455541310e+02 +2.7293e+00 +2.6693e+00 +6.0235e-01 +6.4741e-01 +7.5186e-01 +4.0244e-01 +1.4193e+00 -4.1538e+00 +3.5665e+00 +1.6283e+00
1263 +6.460646881e+01 +6.460646881e+01 +1.363764688e+02 +1.363764688e+02 +2.2178e+00 +3.2053e+00 +5.6012e-01 +1.4245e+00 +1.3392e+00 -1.1599e+00 +9.4396e-01 -3.3409e+00 +3.0120e+00 +1.7439e+00
1715 +6.239541911e+01 +6.239541911e+01 +1.341654191e+02 +1.341654191e+02 +3.2097e+00 +3.6312e+00 +6.3149e-01 +2.1923e+00 +9.4904e-01 -1.7096e+00 +1.1715e+00 -3.7511e+00 +2.9995e+00 +2.8917e+00
3780 +6.070373287e+01 +6.070373287e+01 +1.324737329e+02 +1.324737329e+02 +2.1719e+00 +2.4532e+00 -8.5750e-01 +1.5144e+00 +1.5412e+00 -1.9824e-01 +8.7354e-01 -4.6592e+00 +3.5628e+00 +2.5552e+00
3900 +5.242872151e+01 +5.242872151e+01 +1.241987215e+02 +1.241987215e+02 +2.2132e+00 +3.0294e-01 -1.1171e+00 +2.0733e+00 +8.4669e-01 -7.3371e-01 +1.3897e+00 -3.7115e+00 +3.8130e+00 +2.4695e+00
5671 +4.247416086e+01 +4.247416086e+01 +1.142441609e+02 +1.142441609e+02 +2.3653e+00 +1.9787e+00 -9.5357e-01 +1.5686e+00 +6.3726e-01 -1.2748e+00 +1.4224e+00 -3.4068e+00 +3.4600e+00 +1.8895e+00
5677 +3.332008473e+01 +3.332008473e+01 +1.050900847e+02 +1.050900847e+02 +2.2959e+00 +1.7200e+00 -9.9024e-01 +1.6143e+00 +8.5317e-01 -1.2822e+00 +1.3981e+00 -2.8778e+00 +3.4650e+00 +1.8895e+00
10145 +3.279137189e+01 +3.279137189e+01 +1.045613719e+02 +1.045613719e+02 +2.2213e+00 +1.7058e-01 -9.1827e-01 +1.4396e+00 +1.3954e+00 +1.0199e+00 +1.4256e+00 -4.1926e+00 +3.0417e+00 +1.6106e+00
10543 +3.214994687e+01 +3.214994687e+01 +1.039199469e+02 +1.039199469e+02 +2.2264e+00 +1.6280e-01 -9.1798e-01 +1.4999e+00 +1.4172e+00 +1.0147e+00 +1.4454e+00 -4.1987e+00 +3.0652e+00 +1.6238e+00
10555 +3.149122005e+01 +3.149122005e+01 +1.032612201e+02 +1.032612201e+02 +2.2226e+00 +1.3984e-01 -8.9138e-01 +1.5264e+00 +1.4278e+00 +1.0072e+00 +1.4454e+00 -4.2083e+00 +3.0413e+00 +1.6140e+00
11512 +3.051769218e+01 +3.051769218e+01 +1.022876922e+02 +1.022876922e+02 +2.2151e+00 +1.6449e-01 -9.3972e-01 +1.5059e+00 +1.4300e+00 +9.8330e-01 +1.4614e+00 -4.2004e+00 +3.0504e+00 +1.6100e+00
11840 +3.018695788e+01 +3.018695788e+01 +1.019569579e+02 +1.019569579e+02 +2.2263e+00 +1.6154e-01 -9.1798e-01 +1.4548e+00 +1.4252e+00 +1.0018e+00 +1.4573e+00 -4.2082e+00 +3.0458e+00 +1.5993e+00
% function evaluation | noise-free fitness - Fopt (8.448800000000e+02) | best noise-free fitness - Fopt | measured fitness | best measured fitness | x1 | x2...
1 +3.050347692e+02 +3.050347692e+02 +1.149914769e+03 +1.149914769e+03 +0.0000e+00 +0.0000e+00 +0.0000e+00 +0.0000e+00 +0.0000e+00 +0.0000e+00 +0.0000e+00 +0.0000e+00 +0.0000e+00 +0.0000e+00
7 +2.047817823e+02 +2.047817823e+02 +1.049661782e+03 +1.049661782e+03 -4.8636e-02 -4.1180e-01 -1.5015e-01 +1.0062e+00 -1.5635e-01 +4.5185e-01 -4.2387e-02 -5.1607e-01 -7.8106e-01 -1.5864e+00
20 +1.904634862e+02 +1.904634862e+02 +1.035343486e+03 +1.035343486e+03 -2.4621e-01 +4.4717e-01 +2.8098e-01 +3.3157e-01 +4.1398e-01 -1.3717e+00 +2.3100e+00 +6.3236e-01 -1.5800e+00 -1.4984e+00
50 +1.358976614e+02 +1.358976614e+02 +9.807776614e+02 +9.807776614e+02 -1.5853e+00 -2.9166e+00 +1.8765e+00 -1.8379e+00 +1.7951e+00 -1.5653e+00 +2.0511e+00 +5.8019e-01 -1.3238e+00 -2.3298e+00
203 +1.138399014e+02 +1.138399014e+02 +9.587199014e+02 +9.587199014e+02 -5.9355e-01 +7.1422e-01 +3.0313e+00 +1.1765e+00 +2.0453e+00 -2.0978e+00 +2.0672e+00 +5.5026e-01 +2.7148e-01 -3.0771e+00
363 +1.092237609e+02 +1.092237609e+02 +9.541037609e+02 +9.541037609e+02 -8.2220e-01 +4.5193e-01 +2.7687e+00 +1.0454e+00 +6.9821e-01 -2.4113e+00 +2.3266e+00 +1.0119e+00 +3.3149e-01 -1.9572e+00
450 +9.441762732e+01 +9.441762732e+01 +9.392976273e+02 +9.392976273e+02 -3.3794e-01 -3.8689e-01 +1.1198e+00 +9.8542e-01 +2.5908e+00 -2.1648e+00 +1.2838e+00 +9.8008e-01 -2.3782e-01 -2.9777e+00
886 +8.499037637e+01 +8.499037637e+01 +9.298703764e+02 +9.298703764e+02 +1.7905e-01 +5.4716e-01 +3.5401e+00 -2.2189e-01 +3.2282e+00 -8.2627e-02 +1.1509e+00 -4.7292e-01 -8.4466e-02 -2.6538e+00
1135 +7.280793011e+01 +7.280793011e+01 +9.176879301e+02 +9.176879301e+02 +2.9324e+00 -5.2409e-01 +2.8918e+00 -4.0621e-01 +2.3526e+00 -2.3477e+00 +2.5440e+00 +9.0155e-01 -1.2363e-01 -3.3215e+00
1890 +6.439014021e+01 +6.439014021e+01 +9.092701402e+02 +9.092701402e+02 +2.2040e+00 +1.4035e+00 +1.7227e+00 -5.4322e-01 +2.8097e+00 -1.6236e+00 +2.0158e+00 +1.8274e+00 -7.5818e-02 -1.9071e+00
2564 +5.699584606e+01 +5.699584606e+01 +9.018758461e+02 +9.018758461e+02 +2.8737e+00 +4.9254e-01 +2.7390e+00 +1.6400e+00 +2.9648e+00 -1.6529e+00 +1.6400e+00 +1.0327e+00 +2.3102e-01 -2.3604e+00
3216 +4.881334273e+01 +4.881334273e+01 +8.936933427e+02 +8.936933427e+02 +3.0469e+00 +1.2008e+00 +2.5806e+00 +1.0902e+00 +2.8897e+00 -1.7081e+00 +2.0161e+00 +1.4557e+00 -1.0779e-01 -2.9502e+00
4093 +4.278152032e+01 +4.278152032e+01 +8.876615203e+02 +8.876615203e+02 +3.0118e+00 +5.9357e-01 +2.1566e+00 -3.9498e-01 +2.9643e+00 -2.2685e+00 +2.0527e+00 +1.9255e+00 -7.2767e-02 -2.9322e+00
4985 +3.127249966e+01 +3.127249966e+01 +8.761524997e+02 +8.761524997e+02 +1.2838e+00 +1.4168e+00 +2.7778e+00 +3.4694e-01 +2.7057e+00 -2.1045e+00 +2.0666e+00 +2.0986e-01 -3.3073e-02 -2.2764e+00
8303 +2.761540192e+01 +2.761540192e+01 +8.724954019e+02 +8.724954019e+02 +1.2584e+00 -1.1957e+00 +3.5099e+00 +8.8934e-01 +2.7778e+00 -2.1582e+00 +2.0098e+00 +5.0751e-01 -3.8779e-02 -2.3078e+00
8467 +2.357054148e+01 +2.357054148e+01 +8.684505415e+02 +8.684505415e+02 +1.1996e+00 -1.1157e+00 +3.5426e+00 +1.9859e-01 +2.6637e+00 -2.1099e+00 +2.0012e+00 +5.9607e-01 -6.7986e-02 -2.3117e+00
8826 +2.064947195e+01 +2.064947195e+01 +8.655294720e+02 +8.655294720e+02 +1.1503e+00 -1.1301e+00 +3.5709e+00 +8.4507e-01 +2.6806e+00 -1.6229e+00 +2.0324e+00 +1.3300e-01 -4.6933e-02 -2.3218e+00
9960 +2.038165138e+01 +2.038165138e+01 +8.652616514e+02 +8.652616514e+02 +1.2258e+00 -1.1346e+00 +3.5780e+00 +1.0695e+00 +2.6922e+00 -1.6719e+00 +1.9862e+00 +1.3892e-01 -2.7781e-02 -2.3353e+00
10190 +1.923736533e+01 +1.923736533e+01 +8.641173653e+02 +8.641173653e+02 +1.1920e+00 -1.2017e+00 +3.5556e+00 +9.3988e-01 +2.7405e+00 -1.6443e+00 +2.0321e+00 +1.2918e-01 -5.7355e-02 -2.3208e+00
10741 +1.893889340e+01 +1.893889340e+01 +8.638188934e+02 +8.638188934e+02 +1.2622e+00 -1.1232e+00 +3.5379e+00 +9.1699e-01 +2.7264e+00 -1.6445e+00 +2.0409e+00 +1.4569e-01 -4.9976e-02 -2.3438e+00
10762 +1.860148007e+01 +1.860148007e+01 +8.634814801e+02 +8.634814801e+02 +1.2201e+00 -1.0994e+00 +3.5737e+00 +9.5714e-01 +2.7392e+00 -1.6464e+00 +2.0585e+00 +1.2223e-01 -5.4362e-02 -2.3352e+00
10981 +1.800659620e+01 +1.800659620e+01 +8.628865962e+02 +8.628865962e+02 +1.1697e+00 -1.1249e+00 +3.5684e+00 +9.2371e-01 +2.7308e+00 -1.6425e+00 +2.0646e+00 +1.5293e-01 -3.9712e-02 -2.3245e+00
11006 +1.744670748e+01 +1.744670748e+01 +8.623267075e+02 +8.623267075e+02 +1.1886e+00 -1.1557e+00 +3.5526e+00 +9.2292e-01 +2.7245e+00 -1.6606e+00 +2.0418e+00 +1.3809e-01 -3.6896e-02 -2.3304e+00
11478 +1.727792222e+01 +1.727792222e+01 +8.621579222e+02 +8.621579222e+02 +1.2191e+00 -1.1369e+00 +3.5790e+00 +9.1992e-01 +2.7215e+00 -1.6649e+00 +2.0268e+00 +1.3523e-01 -3.5991e-02 -2.3253e+00
12774 +1.695644339e+01 +1.695644339e+01 +8.618364434e+02 +8.618364434e+02 +1.1953e+00 -1.1310e+00 +3.5829e+00 +9.1938e-01 +2.7228e+00 -1.6534e+00 +2.0465e+00 +1.3773e-01 -4.2453e-02 -2.3290e+00
% function evaluation | noise-free fitness - Fopt (-4.222000000000e+01) | best noise-free fitness - Fopt | measured fitness | best measured fitness | x1 | x2...
1 +4.213272647e+02 +4.213272647e+02 +3.791072647e+02 +3.791072647e+02 +0.0000e+00 +0.0000e+00 +0.0000e+00 +0.0000e+00 +0.0000e+00 +0.0000e+00 +0.0000e+00 +0.0000e+00 +0.0000e+00 +0.0000e+00
8 +3.324321903e+02 +3.324321903e+02 +2.902121903e+02 +2.902121903e+02 +5.9631e-02 -1.0887e+00 -2.0037e+00 -1.8825e+00 -1.9941e-01 -8.8614e-01 +1.3574e+00 -6.5050e-01 -3.4850e-01 +1.6695e-01
21 +2.938394521e+02 +2.938394521e+02 +2.516194521e+02 +2.516194521e+02 +3.1335e-01 -1.4093e+00 -1.4366e+00 +5.1236e-01 -8.3439e-01 -1.6733e+00 +3.7608e-01 -2.0632e-02 -1.0119e+00 +1.4319e+00
23 +2.132238730e+02 +2.132238730e+02 +1.710038730e+02 +1.710038730e+02 +1.5651e+00 -9.0342e-01 -1.1495e+00 -5.3952e-01 +1.2942e-01 -2.6674e+00 +1.2212e+00 -1.0631e+00 -5.1097e-01 +2.4576e+00
45 +1.553180874e+02 +1.553180874e+02 +1.130980874e+02 +1.130980874e+02 +1.0110e+00 -2.2590e+00 +6.2281e-01 +2.7822e+00 -6.1769e-01 +7.5870e-03 +1.6084e+00 -2.3514e+00 +2.2922e-02 +3.1675e+00
93 +8.030919571e+01 +8.030919571e+01 +3.808919571e+01 +3.808919571e+01 +2.4782e-01 -3.4186e+00 +5.0932e-01 +9.3433e-01 +1.6131e+00 -1.1854e-01 +1.4682e+00 -2.7431e+00 +1.2709e-02 +4.2486e+00
1330 +5.981636917e+01 +5.981636917e+01 +1.759636917e+01 +1.759636917e+01 -8.4579e-02 -2.1268e+00 +1.1837e+00 +1.4454e+00 +1.5507e+00 +2.0406e-01 +2.2954e-01 -3.0904e+00 -1.2820e+00 +3.9436e+00
4351 +5.590217967e+01 +5.590217967e+01 +1.368217967e+01 +1.368217967e+01 +6.3021e-01 -3.8404e+00 +1.9609e+00 +1.3589e+00 -3.0449e-01 -7.3582e-01 +9.5345e-01 -3.1661e+00 +1.0355e-02 +4.1992e+00
4814 +5.167793417e+01 +5.167793417e+01 +9.457934169e+00 +9.457934169e+00 +1.4667e+00 -3.0017e+00 -2.1923e-01 +8.3856e-01 +1.0471e+00 +2.3086e-01 +1.2630e+00 -2.2776e+00 -7.2748e-01 +3.2902e+00
7130 +4.305133521e+01 +4.305133521e+01 +8.313352140e-01 +8.313352140e-01 +1.5709e+00 -4.8902e+00 +2.0757e+00 -1.8905e+00 +1.0248e+00 -8.3965e-01 +1.1296e+00 -2.6945e+00 -6.6211e-01 +4.3407e+00
7328 +3.700390944e+01 +3.700390944e+01 -5.216090557e+00 -5.216090557e+00 +1.4903e+00 -4.8451e+00 +1.4106e+00 -1.9543e+00 +1.0472e+00 -2.7325e-01 +1.0778e+00 -2.6957e+00 -7.2398e-01 +3.6671e+00
8454 +3.586850202e+01 +3.586850202e+01 -6.351497975e+00 -6.351497975e+00 +1.5578e+00 -4.8515e+00 +1.2758e+00 -1.7745e+00 +1.0382e+00 -2.8194e-01 +1.0897e+00 -2.6564e+00 -3.8065e-01 +3.6779e+00
8944 +2.957523935e+01 +2.957523935e+01 -1.264476065e+01 -1.264476065e+01 +1.5816e+00 -4.8112e+00 +6.3609e-01 -1.8998e+00 +1.0738e+00 -8.0966e-01 +1.1525e+00 -2.6833e+00 -3.4289e-01 +3.6826e+00
9717 +2.895444641e+01 +2.895444641e+01 -1.326555359e+01 -1.326555359e+01 +1.5046e+00 -4.8643e+00 +5.5977e-01 -1.8803e+00 +1.0274e+00 -7.9205e-01 +1.1178e+00 -2.7051e+00 -3.3411e-01 +3.2901e+00
9738 +2.805129550e+01 +2.805129550e+01 -1.416870450e+01 -1.416870450e+01 +1.5402e+00 -4.8818e+00 +5.9117e-01 -1.8345e+00 +1.0387e+00 -8.4536e-01 +1.0819e+00 -2.7057e+00 -3.2647e-01 +3.2961e+00
10102 +2.617373769e+01 +2.617373769e+01 -1.604626231e+01 -1.604626231e+01 +1.5025e+00 -4.8844e+00 +6.2861e-01 -1.8974e+00 +1.0067e+00 -8.4155e-01 +1.1215e+00 -2.6996e+00 -3.0189e-01 +3.6644e+00
10276 +2.569283406e+01 +2.569283406e+01 -1.652716594e+01 -1.652716594e+01 +1.5663e+00 -4.8546e+00 +6.3198e-01 -1.8681e+00 +1.0410e+00 -8.0400e-01 +1.0542e+00 -2.7013e+00 -3.0103e-01 +3.6707e+00
11014 +2.509227828e+01 +2.509227828e+01 -1.712772172e+01 -1.712772172e+01 +1.5800e+00 -4.8484e+00 +5.9795e-01 -1.9163e+00 +1.0335e+00 -8.8506e-01 +1.1279e+00 -2.7325e+00 -3.0534e-01 +3.6718e+00
11160 +2.410080320e+01 +2.410080320e+01 -1.811919680e+01 -1.811919680e+01 +1.5519e+00 -4.8272e+00 +6.1016e-01 -1.8339e+00 +1.0389e+00 -8.4572e-01 +1.1109e+00 -2.7173e+00 -3.1599e-01 +3.6740e+00
11693 +2.376783786e+01 +2.376783786e+01 -1.845216214e+01 -1.845216214e+01 +1.5746e+00 -4.8239e+00 +6.0370e-01 -1.8637e+00 +1.0387e+00 -8.5418e-01 +1.0917e+00 -2.7142e+00 -3.1578e-01 +3.6654e+00
12016 +2.334262700e+01 +2.334262700e+01 -1.887737300e+01 -1.887737300e+01 +1.5595e+00 -4.8622e+00 +5.8943e-01 -1.8660e+00 +1.0403e+00 -8.2418e-01 +1.1287e+00 -2.7042e+00 -3.1839e-01 +3.6649e+00
14257 +2.290189831e+01 +2.290189831e+01 -1.931810169e+01 -1.931810169e+01 +1.5747e+00 -4.8511e+00 +6.0329e-01 -1.8801e+00 +1.0370e+00 -8.3086e-01 +1.1126e+00 -2.7062e+00 -3.1523e-01 +3.6682e+00
% function evaluation | noise-free fitness - Fopt (-9.179000000000e+01) | best noise-free fitness - Fopt | measured fitness | best measured fitness | x1 | x2...
1 +4.126236725e+02 +4.126236725e+02 +3.208336725e+02 +3.208336725e+02 +0.0000e+00 +0.0000e+00 +0.0000e+00 +0.0000e+00 +0.0000e+00 +0.0000e+00 +0.0000e+00 +0.0000e+00 +0.0000e+00 +0.0000e+00
3 +4.012685927e+02 +4.012685927e+02 +3.094785927e+02 +3.094785927e+02 +6.4667e-02 +8.4066e-01 +2.1997e+00 +3.1225e+00 +6.1616e-01 +4.8230e-01 -5.5226e-01 +5.5387e-01 +1.6446e-01 -1.4028e-01
7 +3.397829339e+02 +3.397829339e+02 +2.479929339e+02 +2.479929339e+02 -1.2942e+00 -1.3748e-01 -5.2605e-02 -2.5321e-01 +1.3068e+00 -1.6808e+00 +2.3648e-01 +4.4517e-01 +1.4169e+00 -9.6897e-02
12 +3.333180834e+02 +3.333180834e+02 +2.415280834e+02 +2.415280834e+02 +4.9529e-01 +1.8733e+00 +1.3678e+00 +8.2338e-01 -1.3638e-01 +7.8126e-01 -9.6790e-02 +2.3489e+00 +5.4649e-01 +1.5305e+00
20 +3.138015683e+02 +3.138015683e+02 +2.220115683e+02 +2.220115683e+02 -9.2926e-01 -3.3121e-01 -4.6778e-01 -3.3532e-01 +9.4693e-01 -1.7588e+00 +2.9706e-01 +1.8070e+00 +1.1967e+00 -1.4633e-01
21 +3.029513807e+02 +3.029513807e+02 +2.111613807e+02 +2.111613807e+02 +4.0966e-01 +1.2455e+00 +6.8629e-01 -1.2143e+00 +9.7162e-01 +1.9249e-01 +1.4387e+00 +1.7851e+00 -2.1655e-01 +9.1187e-01
22 +2.052912182e+02 +2.052912182e+02 +1.135012182e+02 +1.135012182e+02 +1.5183e-01 +9.1704e-01 +1.1419e+00 -1.0620e+00 +2.8851e+00 +1.4272e+00 +2.0988e+00 +1.9370e+00 +3.0038e-01 +7.1346e-01
53 +1.816598637e+02 +1.816598637e+02 +8.986986372e+01 +8.986986372e+01 -4.0874e-01 +3.7791e-01 +2.5992e+00 -2.4017e-03 +3.1542e+00 +1.7244e+00 +2.1795e+00 +2.5779e-01 +9.8716e-01 +1.0959e+00
80 +1.635490955e+02 +1.635490955e+02 +7.175909546e+01 +7.175909546e+01 -1.0451e+00 +1.1989e+00 -2.1790e-01 -1.3521e+00 +3.4033e+00 +3.8255e+00 +1.4664e+00 +3.9669e-01 +1.4682e+00 +6.3049e-01
156 +1.242250049e+02 +1.242250049e+02 +3.243500492e+01 +3.243500492e+01 -8.3180e-01 -3.9197e-01 +3.4103e+00 -3.4490e+00 +2.1310e-01 +4.4823e+00 +2.1705e+00 +2.6749e+00 +3.0363e+00 -1.0897e+00
252 +1.149479949e+02 +1.149479949e+02 +2.315799492e+01 +2.315799492e+01 -1.3606e-02 -2.4755e-01 -2.4308e-01 -2.0511e+00 +2.2209e+00 +4.9641e+00 +1.4140e+00 +5.1687e+00 +3.1223e+00 +3.3183e-02
334 +1.059657875e+02 +1.059657875e+02 +1.417578748e+01 +1.417578748e+01 -1.5451e+00 -3.5549e-01 +2.9376e+00 -1.9652e+00 +2.8280e+00 +4.4058e+00 +1.1381e+00 +2.6794e+00 +2.8740e+00 -5.8340e-01
350 +8.909833681e+01 +8.909833681e+01 -2.691663186e+00 -2.691663186e+00 -1.2444e+00 -3.5864e-01 +2.0344e+00 -1.9568e+00 +8.0162e-01 +4.4658e+00 +1.5963e+00 +3.9514e+00 +3.1175e+00 -3.5097e-01
893 +7.580767144e+01 +7.580767144e+01 -1.598232856e+01 -1.598232856e+01 -1.9534e+00 -1.4098e+00 +2.5924e+00 -1.4164e+00 +3.9517e+00 +3.0323e+00 +1.7254e+00 +3.6783e+00 +2.7661e+00 -6.0132e-01
1580 +6.886372376e+01 +6.886372376e+01 -2.292627624e+01 -2.292627624e+01 -2.0827e+00 +1.5416e+00 +2.5411e+00 -3.3144e+00 +3.8399e+00 +3.4075e+00 +2.1024e+00 +3.9441e+00 +2.3920e+00 +8.1789e-01
2015 +6.745693424e+01 +6.745693424e+01 -2.433306576e+01 -2.433306576e+01 -2.1770e+00 +2.3076e+00 +2.0138e+00 -7.2125e-01 +2.8569e+00 +4.4925e+00 +1.3544e+00 +2.2298e+00 +2.0885e+00 +5.9192e-02
2429 +6.115816985e+01 +6.115816985e+01 -3.063183015e+01 -3.063183015e+01 -9.4673e-01 +2.1379e+00 +2.6793e+00 -2.0330e+00 +3.8405e+00 +2.8331e+00 +1.7773e+00 +3.0367e+00 +2.3554e+00 -1.4472e-01
2669 +4.927779247e+01 +4.927779247e+01 -4.251220753e+01 -4.251220753e+01 -9.8662e-01 +2.1516e+00 +1.9506e+00 -2.7524e+00 +3.3832e+00 +4.8825e+00 +2.6212e+00 +2.6252e+00 +2.8821e+00 +5.6507e-01
5381 +3.704073435e+01 +3.704073435e+01 -5.474926565e+01 -5.474926565e+01 -1.4518e-01 +2.2858e+00 +2.0424e+00 -1.9579e+00 +3.3345e+00 +3.9165e+00 +2.2097e+00 +2.6571e+00 +2.8315e+00 -9.9902e-02
6561 +3.616110089e+01 +3.616110089e+01 -5.562889911e+01 -5.562889911e+01 -9.0039e-02 +2.2258e+00 +3.3219e+00 -1.3951e+00 +4.0656e+00 +3.7888e+00 +2.1730e+00 +2.6052e+00 +3.1638e+00 -4.1674e-02
6760 +3.020137322e+01 +3.020137322e+01 -6.158862678e+01 -6.158862678e+01 -3.6383e-03 +1.3319e+00 +3.2847e+00 -1.4334e+00 +3.9224e+00 +3.9615e+00 +2.2126e+00 +3.1170e+00 +3.0624e+00 -2.5661e-01
8368 +3.006381092e+01 +3.006381092e+01 -6.172618908e+01 -6.172618908e+01 -5.4965e-02 +2.2545e+00 +3.3211e+00 -1.2820e+00 +3.9234e+00 +3.9402e+00 +2.1999e+00 +3.8406e+00 +3.1174e+00 -8.0477e-02
8889 +2.624627692e+01 +2.624627692e+01 -6.554372308e+01 -6.554372308e+01 -3.1148e-03 +1.3731e+00 +3.4163e+00 -2.0224e+00 +3.8249e+00 +4.3409e+00 +2.2584e+00 +3.4961e+00 +3.1115e+00 -1.1378e-02
8906 +1.748546008e+01 +1.748546008e+01 -7.430453992e+01 -7.430453992e+01 -3.8298e-02 +1.3046e+00 +3.4067e+00 -1.9698e+00 +3.9051e+00 +4.4093e+00 +2.2272e+00 +3.4485e+00 +3.0909e+00 -2.7740e-01
11150 +1.467733468e+01 +1.467733468e+01 -7.711266532e+01 -7.711266532e+01 -5.5236e-03 -3.1895e-01 +3.4344e+00 -2.0149e+00 +3.8964e+00 +4.4102e+00 +2.1633e+00 +3.0900e+00 +3.1192e+00 +5.8595e-01
11344 +1.151172111e+01 +1.151172111e+01 -8.027827889e+01 -8.027827889e+01 +2.3408e-02 -3.4686e-01 +3.4036e+00 -2.0181e+00 +3.9121e+00 +4.4391e+00 +2.1985e+00 +3.0382e+00 +3.1101e+00 +2.7386e-01
11638 +8.723429819e+00 +8.723429819e+00 -8.306657018e+01 -8.306657018e+01 +2.9324e-02 -3.3599e-01 +3.4291e+00 -2.0257e+00 +3.9242e+00 +4.4293e+00 +2.1369e+00 +3.0455e+00 +3.1094e+00 +1.4184e-02
12286 +8.340234518e+00 +8.340234518e+00 -8.344976548e+01 -8.344976548e+01 +1.4970e-02 -3.0015e-01 +3.3750e+00 -2.0285e+00 +3.9261e+00 +4.4154e+00 +2.1688e+00 +3.0608e+00 +3.1046e+00 -7.9755e-03
12422 +8.148220802e+00 +8.148220802e+00 -8.364177920e+01 -8.364177920e+01 +4.5640e-02 -3.2133e-01 +3.4177e+00 -1.9813e+00 +3.9335e+00 +4.4391e+00 +2.1926e+00 +3.0657e+00 +3.1169e+00 -1.0449e-03
13377 +8.105483264e+00 +8.105483264e+00 -8.368451674e+01 -8.368451674e+01 -1.3824e-02 -3.2393e-01 +3.4029e+00 -2.0320e+00 +3.9371e+00 +4.4065e+00 +2.1725e+00 +3.0711e+00 +3.1198e+00 -8.9540e-03
13382 +7.609907510e+00 +7.609907510e+00 -8.418009249e+01 -8.418009249e+01 -5.7520e-03 -3.1092e-01 +3.4185e+00 -2.0342e+00 +3.9416e+00 +4.4141e+00 +2.1597e+00 +3.0775e+00 +3.1145e+00 -1.9009e-03
13646 +7.234364771e+00 +7.234364771e+00 -8.455563523e+01 -8.455563523e+01 +1.5719e-02 -2.8251e-01 +3.4284e+00 -2.0325e+00 +3.9226e+00 +4.4150e+00 +2.1797e+00 +3.0661e+00 +3.1150e+00 -1.4996e-03
13855 +6.926311722e+00 +6.926311722e+00 -8.486368828e+01 -8.486368828e+01 +1.2842e-02 -3.2627e-01 +3.3996e+00 -2.0257e+00 +3.9463e+00 +4.4220e+00 +2.1856e+00 +3.0595e+00 +3.1215e+00 -1.0869e-02
13908 +6.714802411e+00 +6.714802411e+00 -8.507519759e+01 -8.507519759e+01 +1.2115e-02 -2.8583e-01 +3.4193e+00 -2.0398e+00 +3.9306e+00 +4.4273e+00 +2.1653e+00 +3.0594e+00 +3.1215e+00 -6.8794e-03
14201 +6.539516519e+00 +6.539516519e+00 -8.525048348e+01 -8.525048348e+01 +5.3706e-02 -3.3062e-01 +3.4181e+00 -2.0367e+00 +3.9407e+00 +4.4298e+00 +2.1631e+00 +3.0572e+00 +3.1160e+00 +9.7590e-04
14225 +6.381187102e+00 +6.381187102e+00 -8.540881290e+01 -8.540881290e+01 +4.8284e-02 -3.1448e-01 +3.4183e+00 -2.0227e+00 +3.9337e+00 +4.4289e+00 +2.1704e+00 +3.0622e+00 +3.1149e+00 -1.2553e-02
14395 +6.275974388e+00 +6.275974388e+00 -8.551402561e+01 -8.551402561e+01 +3.7972e-02 -3.1196e-01 +3.4237e+00 -2.0217e+00 +3.9391e+00 +4.4220e+00 +2.1737e+00 +3.0601e+00 +3.1139e+00 -5.1014e-03
14584 +6.062423616e+00 +6.062423616e+00 -8.572757638e+01 -8.572757638e+01 +4.2660e-02 -3.1640e-01 +3.4290e+00 -2.0320e+00 +3.9492e+00 +4.4279e+00 +2.1705e+00 +3.0631e+00 +3.1192e+00 -5.8065e-03
16263 +5.983614535e+00 +5.983614535e+00 -8.580638547e+01 -8.580638547e+01 +4.6847e-02 -3.0098e-01 +3.4312e+00 -2.0314e+00 +3.9471e+00 +4.4271e+00 +2.1741e+00 +3.0601e+00 +3.1220e+00 -6.7234e-03
% function evaluation | noise-free fitness - Fopt (-1.277000000000e+01) | best noise-free fitness - Fopt | measured fitness | best measured fitness | x1 | x2...
1 +2.896323113e+02 +2.896323113e+02 +2.768623113e+02 +2.768623113e+02 +0.0000e+00 +0.0000e+00 +0.0000e+00 +0.0000e+00 +0.0000e+00 +0.0000e+00 +0.0000e+00 +0.0000e+00 +0.0000e+00 +0.0000e+00
2 +2.632226421e+02 +2.632226421e+02 +2.504526421e+02 +2.504526421e+02 -1.9516e+00 -2.9263e-01 -1.4623e+00 +7.5397e-01 -1.5547e+00 -6.3640e-01 +1.2829e-01 -2.8813e+00 +2.6625e+00 -2.4280e-01
4 +2.107653912e+02 +2.107653912e+02 +1.979953912e+02 +1.979953912e+02 -1.6858e+00 -1.4105e-01 -2.6787e-01 -2.1866e-01 -1.6495e+00 -6.1291e-01 +2.4487e+00 -1.9650e+00 +1.8701e+00 -9.8400e-01
14 +2.062491674e+02 +2.062491674e+02 +1.934791674e+02 +1.934791674e+02 -2.7658e+00 +9.4119e-01 -1.6809e+00 -5.0642e-01 -6.7211e-01 -7.1383e-01 +2.7343e+00 -6.2124e-01 +1.6169e+00 -5.1699e-01
71 +2.019722407e+02 +2.019722407e+02 +1.892022407e+02 +1.892022407e+02 -2.4542e+00 +6.9169e-01 -8.5465e-01 +2.9627e+00 -7.1210e-01 +1.5183e-01 +2.8481e+00 -8.4111e-01 +2.0545e+00 -5.1057e-02
112 +1.795888511e+02 +1.795888511e+02 +1.668188511e+02 +1.668188511e+02 -1.9510e-01 +6.4757e-01 -8.0418e-01 +3.3840e-01 +1.3407e+00 +2.9573e+00 +3.5318e+00 -1.6504e+00 +3.2523e-01 -5.9540e-01
142 +1.336660468e+02 +1.336660468e+02 +1.208960468e+02 +1.208960468e+02 -3.7383e-01 +7.7358e-01 -8.3205e-02 +6.3555e-01 +1.1474e+00 +1.0927e+00 +2.8217e+00 -1.0986e+00 +1.2802e+00 -1.2806e+00
282 +1.310830814e+02 +1.310830814e+02 +1.183130814e+02 +1.183130814e+02 +3.2211e+00 +2.2608e+00 -1.6279e-01 -1.8199e+00 -3.0531e-02 +3.1698e+00 +2.1125e+00 -2.1894e+00 +2.7116e+00 -6.6587e-01
297 +1.225035120e+02 +1.225035120e+02 +1.097335120e+02 +1.097335120e+02 +2.6397e+00 +3.8814e+00 -5.2915e-01 -1.8112e+00 -1.1671e-01 +2.5814e+00 +2.4116e+00 -2.5400e+00 +2.8816e+00 -5.8906e-01
330 +1.039937527e+02 +1.039937527e+02 +9.122375266e+01 +9.122375266e+01 +2.7305e+00 +3.9129e-01 +1.2026e+00 +1.5065e+00 -5.5806e-02 +2.2041e+00 +3.2564e+00 -1.6444e+00 +2.6229e+00 -9.6643e-01
340 +9.712102199e+01 +9.712102199e+01 +8.435102199e+01 +8.435102199e+01 +3.5462e+00 -1.3142e+00 +1.1970e+00 -1.1970e-01 +4.1705e-01 +2.0072e+00 +2.9896e+00 -1.6606e+00 +3.0938e+00 -3.2021e-01
399 +9.290064040e+01 +9.290064040e+01 +8.013064040e+01 +8.013064040e+01 +4.0634e+00 -1.9166e-01 +7.3065e-01 +1.6188e+00 +1.0518e+00 +2.7397e+00 +1.5713e+00 -1.1736e+00 +2.9095e+00 -8.0297e-01
1081 +7.864171151e+01 +7.864171151e+01 +6.587171151e+01 +6.587171151e+01 +2.0377e+00 -2.0406e-01 +1.3343e+00 +8.3155e-01 +1.0497e+00 +4.0852e+00 +2.5066e+00 -3.0756e-01 +3.0375e+00 -1.9044e+00
1122 +7.256517873e+01 +7.256517873e+01 +5.979517873e+01 +5.979517873e+01 +1.5525e+00 +3.2402e-01 +1.1935e+00 -4.8686e-01 +9.2817e-01 +3.5855e+00 +2.4823e+00 -3.4062e-01 +2.9738e+00 -1.5493e+00
1770 +7.136492954e+01 +7.136492954e+01 +5.859492954e+01 +5.859492954e+01 +3.4610e+00 +8.6506e-01 +1.2307e+00 +9.2854e-01 +4.4908e-01 +1.4569e+00 +2.4646e+00 -2.4001e-01 +2.6791e+00 -9.5004e-01
1805 +6.211430031e+01 +6.211430031e+01 +4.934430031e+01 +4.934430031e+01 +1.8914e+00 +5.9400e-01 +1.2511e+00 +1.4212e+00 +1.3403e-01 +2.4834e+00 +2.5364e+00 -6.9165e-01 +2.5713e+00 -8.8949e-01
2871 +4.878288425e+01 +4.878288425e+01 +3.601288425e+01 +3.601288425e+01 +2.8041e+00 +5.7819e-01 +7.8874e-01 +1.1174e+00 +1.5889e+00 +2.5068e+00 +3.3298e+00 -1.5617e+00 +2.3009e+00 -1.1349e+00
3881 +4.587256957e+01 +4.587256957e+01 +3.310256957e+01 +3.310256957e+01 +1.7728e+00 +2.1611e+00 +7.8802e-01 +1.4787e+00 +1.8182e+00 +2.5346e+00 +3.0136e+00 -2.0304e+00 +2.6867e+00 -2.9014e-01
6003 +4.480869236e+01 +4.480869236e+01 +3.203869236e+01 +3.203869236e+01 +2.6943e+00 +3.2079e+00 +8.8100e-01 +7.6674e-01 +1.0338e+00 +4.2218e+00 +3.4692e+00 -8.5142e-01 +2.6637e+00 -8.5192e-01
6669 +4.009786926e+01 +4.009786926e+01 +2.732786926e+01 +2.732786926e+01 +2.5374e+00 +3.2875e+00 +1.3597e+00 +7.1177e-03 +9.4767e-01 +2.5297e+00 +3.3994e+00 -1.6374e+00 +2.6442e+00 -1.5202e+00
6792 +3.636197017e+01 +3.636197017e+01 +2.359197017e+01 +2.359197017e+01 +2.5741e+00 +2.4572e+00 +1.4330e+00 -6.6167e-01 +1.0527e+00 +2.4848e+00 +3.4670e+00 -1.5337e+00 +2.6569e+00 -1.2390e+00
7060 +3.449531497e+01 +3.449531497e+01 +2.172531497e+01 +2.172531497e+01 +2.6542e+00 +1.4960e+00 +1.2680e+00 -1.7444e+00 +1.0357e+00 +1.4678e+00 +3.4678e+00 -1.1647e+00 +2.5927e+00 -9.0386e-01
7512 +3.371159606e+01 +3.371159606e+01 +2.094159606e+01 +2.094159606e+01 +2.7133e+00 +6.0987e-01 +1.4139e+00 -1.8214e+00 +1.0362e+00 +2.0284e+00 +3.4122e+00 -1.1348e+00 +2.6063e+00 +1.1173e-01
7647 +2.310035331e+01 +2.310035331e+01 +1.033035331e+01 +1.033035331e+01 +2.6664e+00 +1.5095e+00 +1.4191e+00 -1.8960e+00 +1.0119e+00 +1.9683e+00 +3.4267e+00 -1.1879e+00 +2.6160e+00 -8.6858e-01
9101 +2.282838805e+01 +2.282838805e+01 +1.005838805e+01 +1.005838805e+01 +2.6349e+00 +1.3816e+00 +1.2896e+00 -1.7807e+00 +1.0315e+00 +2.0165e+00 +3.3977e+00 -1.1731e+00 +2.6809e+00 -8.6239e-01
9559 +2.053698254e+01 +2.053698254e+01 +7.766982540e+00 +7.766982540e+00 +2.6215e+00 +1.5283e+00 +1.3619e+00 -1.7882e+00 +1.0843e+00 +1.9275e+00 +3.4251e+00 -1.1570e+00 +2.6602e+00 -1.1497e+00
9664 +2.013587059e+01 +2.013587059e+01 +7.365870593e+00 +7.365870593e+00 +2.6675e+00 +1.5170e+00 +1.4000e+00 -1.8852e+00 +1.0491e+00 +1.9491e+00 +3.4182e+00 -1.1608e+00 +2.6213e+00 -1.1487e+00
9667 +1.807528047e+01 +1.807528047e+01 +5.305280470e+00 +5.305280470e+00 +2.6993e+00 +1.4680e+00 +1.3806e+00 -1.7839e+00 +1.0379e+00 +1.9046e+00 +3.4217e+00 -1.1505e+00 +2.6528e+00 -1.1454e+00
10289 +1.568542578e+01 +1.568542578e+01 +2.915425785e+00 +2.915425785e+00 +2.6549e+00 +1.4638e+00 +1.3530e+00 -1.8166e+00 +1.0050e+00 +1.9718e+00 +3.4120e+00 -1.1690e+00 +2.6535e+00 -1.1711e+00
11092 +1.544133825e+01 +1.544133825e+01 +2.671338248e+00 +2.671338248e+00 +2.6634e+00 +1.4686e+00 +1.3457e+00 -1.8198e+00 +1.0114e+00 +1.9525e+00 +3.4219e+00 -1.1537e+00 +2.6493e+00 -1.1728e+00
11725 +1.512434309e+01 +1.512434309e+01 +2.354343092e+00 +2.354343092e+00 +2.6655e+00 +1.4781e+00 +1.3479e+00 -1.8267e+00 +1.0075e+00 +1.9603e+00 +3.4223e+00 -1.1584e+00 +2.6522e+00 -1.1675e+00
% function evaluation | noise-free fitness - Fopt (-1.000000000000e+03) | best noise-free fitness - Fopt | measured fitness | best measured fitness | x1 | x2...
1 +2.904555801e+02 +2.904555801e+02 -7.095444199e+02 -7.095444199e+02 +0.0000e+00 +0.0000e+00 +0.0000e+00 +0.0000e+00 +0.0000e+00 +0.0000e+00 +0.0000e+00 +0.0000e+00 +0.0000e+00 +0.0000e+00
16 +2.810732983e+02 +2.810732983e+02 -7.189267017e+02 -7.189267017e+02 +1.1345e+00 -2.1890e+00 +6.1648e-01 +7.3843e-02 +6.9648e-01 +9.3063e-01 +1.0832e+00 -1.0172e+00 +7.7587e-01 +5.9565e-01
17 +2.092684609e+02 +2.092684609e+02 -7.907315391e+02 -7.907315391e+02 +1.1122e+00 -9.9213e-01 +8.3306e-01 -1.3938e-01 -1.7956e+00 +1.6798e+00 +1.3261e+00 +1.3410e+00 +7.0694e-01 +7.9249e-03
21 +1.951561931e+02 +1.951561931e+02 -8.048438069e+02 -8.048438069e+02 +8.8001e-01 -8.2114e-01 -1.5961e+00 -6.3210e-01 -2.2032e+00 -5.2766e-01 +3.5328e+00 +1.1150e+00 +7.1643e-01 +7.7009e-01
79 +1.932346295e+02 +1.932346295e+02 -8.067653705e+02 -8.067653705e+02 +4.2101e-01 -3.4424e-01 -2.0402e+00 +4.5364e-01 +4.0101e-01 -5.7583e-01 +3.2039e+00 +6.9688e-01 +9.7756e-01 -1.2176e+00
85 +1.744715611e+02 +1.744715611e+02 -8.255284389e+02 -8.255284389e+02 +4.6336e-01 -3.4720e-01 -1.9422e+00 +8.2207e-01 +7.0393e-01 -1.2332e+00 +2.8147e+00 +1.3070e+00 +1.4880e+00 -8.8105e-01
87 +1.549507711e+02 +1.549507711e+02 -8.450492289e+02 -8.450492289e+02 +6.1918e-01 -2.4805e+00 -2.3897e+00 +6.0469e-01 +1.3151e+00 -1.7242e+00 +2.5858e+00 +2.8888e+00 +6.2036e-01 -6.4068e-01
219 +1.478057388e+02 +1.478057388e+02 -8.521942612e+02 -8.521942612e+02 -2.0826e+00 -1.8383e+00 -2.2188e+00 -5.4856e-01 -1.1081e+00 -1.0696e-02 +3.0598e+00 +4.3546e+00 +5.1547e-01 -1.5885e+00
368 +1.395391429e+02 +1.395391429e+02 -8.604608571e+02 -8.604608571e+02 -5.4241e-02 -2.4017e+00 +1.1376e+00 +3.1485e+00 -5.3465e-01 -7.2388e-01 +3.0540e+00 +4.4876e+00 +6.7078e-01 -5.7089e-01
397 +1.199265396e+02 +1.199265396e+02 -8.800734604e+02 -8.800734604e+02 +1.2648e-01 -2.0154e+00 +4.6642e-01 +2.9094e+00 +3.2513e-01 -6.9665e-01 +2.1077e+00 +4.2449e+00 +5.9024e-01 -6.6976e-01
465 +1.170889790e+02 +1.170889790e+02 -8.829110210e+02 -8.829110210e+02 -1.5033e+00 -1.1049e+00 +2.8098e-01 +7.0858e-01 +8.4076e-01 +9.7358e-01 +2.2616e+00 +4.0638e+00 +8.3588e-01 -1.6330e+00
527 +1.006600292e+02 +1.006600292e+02 -8.993399708e+02 -8.993399708e+02 -2.9913e+00 -3.0664e+00 +1.2372e+00 -1.8886e+00 -7.1195e-01 -1.3835e-01 +3.2790e+00 +2.9879e+00 +1.4984e+00 -8.8380e-01
686 +6.540821861e+01 +6.540821861e+01 -9.345917814e+02 -9.345917814e+02 -9.1987e-01 -1.8353e+00 +1.2986e+00 +1.4456e+00 +7.8972e-01 -3.6621e-02 +3.6849e+00 +2.9560e+00 +1.4786e+00 -8.5472e-01
2561 +6.189043879e+01 +6.189043879e+01 -9.381095612e+02 -9.381095612e+02 -1.2376e+00 -2.6314e+00 +2.5214e+00 +1.3583e+00 +1.2192e+00 -1.0989e-01 +3.4595e+00 +3.0177e+00 +1.0613e+00 -9.9573e-01
2640 +5.962096439e+01 +5.962096439e+01 -9.403790356e+02 -9.403790356e+02 +8.0210e-01 -2.6575e+00 +1.7261e+00 +4.8752e-01 +7.5875e-01 +1.0299e+00 +2.9113e+00 +3.3508e+00 +1.5018e+00 -5.5585e-01
4652 +5.868997921e+01 +5.868997921e+01 -9.413100208e+02 -9.413100208e+02 -3.5891e-02 -2.7737e+00 +2.5011e+00 +1.6028e+00 +7.5318e-01 +2.2417e+00 +3.4065e+00 +3.6974e+00 +1.0500e+00 -7.3102e-01
5389 +5.684479748e+01 +5.684479748e+01 -9.431552025e+02 -9.431552025e+02 -8.3630e-01 -9.4118e-01 +2.5256e+00 +1.8244e+00 +8.5626e-01 +2.1765e+00 +3.4481e+00 +3.8552e+00 +1.1331e+00 -6.3486e-01
5394 +5.191413917e+01 +5.191413917e+01 -9.480858608e+02 -9.480858608e+02 -8.6927e-01 -9.5714e-01 +2.4659e+00 +1.5878e+00 +9.5875e-01 +2.1208e+00 +3.4756e+00 +3.6584e+00 +1.1067e+00 -6.5769e-01
5433 +4.942982487e+01 +4.942982487e+01 -9.505701751e+02 -9.505701751e+02 -9.9906e-01 -1.7869e+00 +2.4397e+00 +1.5264e+00 +8.7644e-01 +2.1753e+00 +3.3195e+00 +3.7502e+00 +1.0976e+00 -1.2027e+00
5935 +4.171385996e+01 +4.171385996e+01 -9.582861400e+02 -9.582861400e+02 -8.0018e-01 -1.8255e+00 +2.4850e+00 +9.9197e-01 +1.3225e+00 +2.1499e+00 +3.3716e+00 +3.3296e+00 +7.2773e-01 -3.2770e-01
6241 +4.128691422e+01 +4.128691422e+01 -9.587130858e+02 -9.587130858e+02 -9.6433e-01 -2.6743e+00 +2.4857e+00 +8.3012e-01 +1.4119e+00 +2.1160e+00 +3.4323e+00 +3.3388e+00 +6.3914e-01 -3.8958e-01
6632 +4.001601103e+01 +4.001601103e+01 -9.599839890e+02 -9.599839890e+02 -1.0088e+00 -2.8421e+00 +2.5636e+00 +7.6451e-01 +1.3611e+00 +2.1072e+00 +3.4072e+00 +3.7575e+00 +7.3119e-01 -2.0923e-01
6836 +3.766531382e+01 +3.766531382e+01 -9.623346862e+02 -9.623346862e+02 -1.0036e+00 -3.7543e+00 +2.5200e+00 +9.7153e-01 +1.4785e+00 +2.0994e+00 +3.4309e+00 +3.6855e+00 +6.5069e-01 -5.6765e-01
7258 +3.603541663e+01 +3.603541663e+01 -9.639645834e+02 -9.639645834e+02 -9.0354e-01 -2.7935e+00 +2.4609e+00 +7.8764e-01 +1.4883e+00 +2.1515e+00 +3.3748e+00 +4.1898e+00 +6.7678e-01 -6.1794e-01
7347 +3.362169616e+01 +3.362169616e+01 -9.663783038e+02 -9.663783038e+02 -7.7372e-01 -2.7570e+00 +2.4889e+00 +7.9455e-01 +1.4808e+00 +2.1604e+00 +3.4357e+00 +4.2409e+00 +6.7027e-01 -6.3989e-01
8470 +2.904333790e+01 +2.904333790e+01 -9.709566621e+02 -9.709566621e+02 -9.7617e-01 -1.8854e+00 +2.5758e+00 +7.9491e-01 +1.4840e+00 +2.1715e+00 +3.4443e+00 +4.1928e+00 +6.8574e-01 -6.1332e-01
9298 +2.882121101e+01 +2.882121101e+01 -9.711787890e+02 -9.711787890e+02 -8.8034e-01 -1.8881e+00 +2.5021e+00 +8.9236e-01 +1.3940e+00 +2.1381e+00 +3.4448e+00 +4.2170e+00 +7.0765e-01 -6.3570e-01
9315 +2.636451746e+01 +2.636451746e+01 -9.736354825e+02 -9.736354825e+02 -9.1352e-01 -1.8784e+00 +2.5379e+00 +8.5899e-01 +1.4117e+00 +2.1491e+00 +3.4472e+00 +4.2340e+00 +6.8916e-01 -6.1527e-01
9817 +2.613634438e+01 +2.613634438e+01 -9.738636556e+02 -9.738636556e+02 -9.0307e-01 -1.8606e+00 +2.5663e+00 +8.2650e-01 +1.4025e+00 +2.1299e+00 +3.4438e+00 +4.2333e+00 +7.0024e-01 -6.1736e-01
10510 +2.567801157e+01 +2.567801157e+01 -9.743219884e+02 -9.743219884e+02 -9.6981e-01 -1.8752e+00 +2.5387e+00 +8.3590e-01 +1.4044e+00 +2.1411e+00 +3.4357e+00 +4.2210e+00 +6.9319e-01 -6.1647e-01
11636 +2.501364172e+01 +2.501364172e+01 -9.749863583e+02 -9.749863583e+02 -9.6766e-01 -1.8791e+00 +2.5669e+00 +7.9108e-01 +1.4077e+00 +2.1364e+00 +3.4327e+00 +4.2213e+00 +6.9501e-01 -6.1930e-01
% function evaluation | noise-free fitness - Fopt (-1.000000000000e+03) | best noise-free fitness - Fopt | measured fitness | best measured fitness | x1 | x2...
1 +2.603018159e+02 +2.603018159e+02 -7.396981841e+02 -7.396981841e+02 +0.0000e+00 +0.0000e+00 +0.0000e+00 +0.0000e+00 +0.0000e+00 +0.0000e+00 +0.0000e+00 +0.0000e+00 +0.0000e+00 +0.0000e+00
3 +1.815798068e+02 +1.815798068e+02 -8.184201932e+02 -8.184201932e+02 -6.2162e-01 +8.2358e-01 +5.0108e-01 +3.8267e+00 +3.6762e-01 -9.1746e-01 -4.7038e-02 +1.8266e+00 -6.8795e-01 +6.3192e-01
58 +1.595806101e+02 +1.595806101e+02 -8.404193899e+02 -8.404193899e+02 +7.5109e-01 +1.4551e+00 -1.0060e+00 +4.8519e+00 +3.1990e-01 -3.3852e+00 -1.3269e+00 -1.9323e-01 +9.2005e-01 +1.3924e+00
87 +1.257081020e+02 +1.257081020e+02 -8.742918980e+02 -8.742918980e+02 +2.0945e+00 +2.4786e-01 +1.4956e+00 +2.5187e+00 -8.9145e-01 -1.2401e+00 -2.1083e+00 +1.5807e+00 +1.0289e+00 +1.9948e+00
184 +1.228378123e+02 +1.228378123e+02 -8.771621877e+02 -8.771621877e+02 +1.8196e+00 +3.3170e+00 +8.9426e-01 +3.1709e+00 +1.5211e-01 -3.4039e+00 +2.4210e-01 +2.7824e+00 +9.9677e-01 +2.8947e+00
195 +1.036891698e+02 +1.036891698e+02 -8.963108302e+02 -8.963108302e+02 +1.8637e+00 +1.5230e+00 +6.1863e-01 +7.1612e-01 +7.7507e-02 -3.9505e+00 -9.5002e-01 +3.0499e+00 +1.1673e+00 +2.3818e+00
736 +7.403401128e+01 +7.403401128e+01 -9.259659887e+02 -9.259659887e+02 -1.1044e+00 +8.0584e-01 +1.6855e+00 +3.5574e+00 +1.7621e-01 -8.2172e-01 -1.4157e+00 +2.7956e+00 +1.2718e+00 +1.7767e+00
1650 +6.922355473e+01 +6.922355473e+01 -9.307764453e+02 -9.307764453e+02 +2.0982e+00 +2.5115e-01 -2.2070e-02 +3.5050e+00 -3.3346e-01 -2.3314e+00 +2.9872e-02 +2.7886e+00 +1.5454e+00 +1.4688e+00
3150 +6.588173281e+01 +6.588173281e+01 -9.341182672e+02 -9.341182672e+02 +2.1410e+00 +8.1878e-01 +5.8638e-01 +3.5250e+00 +7.4736e-01 -1.7993e+00 -3.3977e-01 +3.3104e+00 +7.9037e-01 +1.7080e+00
3303 +5.024293138e+01 +5.024293138e+01 -9.497570686e+02 -9.497570686e+02 +2.1454e+00 -1.7028e-01 -5.3205e-02 +4.4872e+00 +8.0621e-01 -1.8436e+00 -5.9119e-01 +3.2387e+00 +1.3017e+00 +2.0770e+00
3381 +4.610850005e+01 +4.610850005e+01 -9.538914999e+02 -9.538914999e+02 +2.1046e+00 -5.2983e-01 +7.3522e-01 +3.5589e+00 +2.0040e-01 -2.7564e+00 -1.5851e-01 +2.4225e+00 +1.2837e+00 +2.4152e+00
4348 +4.188073147e+01 +4.188073147e+01 -9.581192685e+02 -9.581192685e+02 +1.0082e+00 +6.2743e-01 +6.4832e-01 +3.7032e+00 +7.9090e-01 -1.1726e+00 -1.1992e-01 +2.3341e+00 +1.2676e+00 +2.0965e+00
5103 +3.867161175e+01 +3.867161175e+01 -9.613283882e+02 -9.613283882e+02 +1.4486e+00 +1.5897e+00 +1.6367e-01 +3.3677e+00 +7.8784e-01 -1.7681e+00 -6.0654e-01 +2.7616e+00 +1.2392e+00 +1.7704e+00
7605 +3.125805312e+01 +3.125805312e+01 -9.687419469e+02 -9.687419469e+02 +1.1560e+00 +7.6192e-01 -7.9334e-01 +4.0780e+00 +1.8151e-01 -1.8612e+00 -6.7118e-01 +2.4137e+00 +1.2753e+00 +1.8054e+00
10338 +3.031996010e+01 +3.031996010e+01 -9.696800399e+02 -9.696800399e+02 +1.2438e+00 -2.1821e-01 -9.5894e-01 +4.0873e+00 -3.5590e-01 -1.3133e+00 -6.2439e-01 +2.3636e+00 +1.2515e+00 +1.7820e+00
10347 +2.917851870e+01 +2.917851870e+01 -9.708214813e+02 -9.708214813e+02 +1.2038e+00 -1.9637e-01 -9.2015e-01 +4.1423e+00 -3.2869e-01 -1.2648e+00 -6.3373e-01 +2.4224e+00 +1.2786e+00 +1.7605e+00
10802 +2.848376944e+01 +2.848376944e+01 -9.715162306e+02 -9.715162306e+02 +1.1618e+00 -2.8616e-01 -8.4927e-01 +4.2491e+00 -3.0615e-01 -1.3554e+00 -6.2323e-01 +2.3634e+00 +1.2444e+00 +1.7681e+00
10859 +2.724285880e+01 +2.724285880e+01 -9.727571412e+02 -9.727571412e+02 +1.1330e+00 -2.7266e-01 -8.9480e-01 +4.2378e+00 -3.0900e-01 -1.2736e+00 -6.0657e-01 +2.4183e+00 +1.2645e+00 +1.7677e+00
11013 +2.613041592e+01 +2.613041592e+01 -9.738695841e+02 -9.738695841e+02 +1.1723e+00 -2.2940e-01 -8.3549e-01 +4.1333e+00 -3.2168e-01 -1.3086e+00 -6.0009e-01 +2.3603e+00 +1.2717e+00 +1.7753e+00
11733 +2.525930197e+01 +2.525930197e+01 -9.747406980e+02 -9.747406980e+02 +1.1862e+00 -2.6333e-01 -9.3803e-01 +4.2069e+00 -3.1935e-01 -1.2770e+00 -6.2195e-01 +2.3907e+00 +1.2626e+00 +1.7673e+00
11743 +2.505473217e+01 +2.505473217e+01 -9.749452678e+02 -9.749452678e+02 +1.2062e+00 -2.3521e-01 -9.0207e-01 +4.1549e+00 -2.9874e-01 -1.2513e+00 -6.3068e-01 +2.3806e+00 +1.2689e+00 +1.7763e+00
11786 +2.445894520e+01 +2.445894520e+01 -9.755410548e+02 -9.755410548e+02 +1.2084e+00 -2.4176e-01 -8.9876e-01 +4.1011e+00 -3.1982e-01 -1.2705e+00 -6.3149e-01 +2.3635e+00 +1.2558e+00 +1.7801e+00
11834 +2.353525127e+01 +2.353525127e+01 -9.764647487e+02 -9.764647487e+02 +1.1645e+00 -2.4742e-01 -8.6135e-01 +4.1188e+00 -3.0894e-01 -1.3019e+00 -6.1267e-01 +2.3850e+00 +1.2601e+00 +1.7743e+00
12333 +2.332091012e+01 +2.332091012e+01 -9.766790899e+02 -9.766790899e+02 +1.1626e+00 -2.5040e-01 -8.6423e-01 +4.0912e+00 -3.1343e-01 -1.3014e+00 -6.2555e-01 +2.3920e+00 +1.2515e+00 +1.7755e+00
14926 +2.290220097e+01 +2.290220097e+01 -9.770977990e+02 -9.770977990e+02 +1.1696e+00 -2.4111e-01 -8.7080e-01 +4.1061e+00 -3.1307e-01 -1.2857e+00 -6.2673e-01 +2.3845e+00 +1.2550e+00 +1.7773e+00
