% function evaluation | noise-free fitness - Fopt (9.294000000000e+01) | best noise-free fitness - Fopt | measured fitness | best measured fitness | x1 | x2...
1 +1.311513987e+01 +1.311513987e+01 +1.060551399e+02 +1.060551399e+02 +0.0000e+00 +0.0000e+00 +0.0000e+00 +0.0000e+00 +0.0000e+00
20 +1.127925649e+01 +1.127925649e+01 +1.042192565e+02 +1.042192565e+02 +1.9066e-01 -8.7731e-01 +2.0412e-01 +9.3659e-01 +1.1334e+00
33 +9.657340314e+00 +9.657340314e+00 +1.025973403e+02 +1.025973403e+02 -3.5667e-01 -1.2808e-01 -7.1904e-01 -2.9606e-01 -4.1844e-01
42 +6.190204685e+00 +6.190204685e+00 +9.913020468e+01 +9.913020468e+01 -1.9762e-01 +2.8596e-01 -4.2245e-02 +2.0001e-01 +8.2834e-02
53 +5.653953860e+00 +5.653953860e+00 +9.859395386e+01 +9.859395386e+01 +1.7688e-02 +3.0506e-01 -6.7223e-01 +5.2668e-01 +1.0023e-01
56 +4.714313928e+00 +4.714313928e+00 +9.765431393e+01 +9.765431393e+01 -4.4410e-01 +4.0697e-01 -4.4162e-01 +5.5801e-01 +7.7919e-01
135 +3.768881571e+00 +3.768881571e+00 +9.670888157e+01 +9.670888157e+01 -5.0163e-01 +8.6705e-01 -6.5950e-01 -2.7865e-01 -2.3712e-01
% function evaluation | noise-free fitness - Fopt (3.535000000000e+01) | best noise-free fitness - Fopt | measured fitness | best measured fitness | x1 | x2...
1 +4.644548928e+02 +4.644548928e+02 +4.998048928e+02 +4.998048928e+02 +0.0000e+00 +0.0000e+00 +0.0000e+00 +0.0000e+00 +0.0000e+00
8 +3.902268290e+02 +3.902268290e+02 +4.255768290e+02 +4.255768290e+02 -1.4130e+00 -2.1887e+00 +2.4013e+00 +2.3760e+00 +2.0651e-01
9 +2.252865811e+02 +2.252865811e+02 +2.606365811e+02 +2.606365811e+02 +1.0056e+00 -3.7572e-01 +1.3944e+00 +1.3513e+00 +3.2823e-01
12 +6.905529671e+01 +6.905529671e+01 +1.044052967e+02 +1.044052967e+02 +2.2483e+00 +1.3914e+00 +2.3262e+00 +2.1045e+00 +3.2417e-01
24 +3.557347273e+01 +3.557347273e+01 +7.092347273e+01 +7.092347273e+01 +4.3474e+00 +2.1953e+00 +3.1474e+00 +2.6463e+00 +4.6931e-01
34 +2.399315158e+01 +2.399315158e+01 +5.934315158e+01 +5.934315158e+01 +1.3280e+00 +4.7034e-01 +3.8474e+00 +2.2529e+00 -9.0515e-01
35 +2.079325101e+01 +2.079325101e+01 +5.614325101e+01 +5.614325101e+01 +3.0663e+00 +2.1196e+00 +2.9229e+00 +9.6827e-01 -1.2361e+00
71 +1.626513385e+01 +1.626513385e+01 +5.161513385e+01 +5.161513385e+01 +3.4940e+00 +5.2858e-01 +3.0602e+00 +3.7303e-01 -1.7189e+00
84 +7.384033380e+00 +7.384033380e+00 +4.273403338e+01 +4.273403338e+01 +2.2329e+00 +6.2453e-01 +4.4843e+00 -4.4564e-02 -2.4558e+00
87 +3.633011826e+00 +3.633011826e+00 +3.898301183e+01 +3.898301183e+01 +1.6218e+00 +1.0851e+00 +4.3435e+00 +9.4249e-01 -2.0939e+00
123 +3.128694741e+00 +3.128694741e+00 +3.847869474e+01 +3.847869474e+01 +1.9221e+00 +9.3109e-01 +3.8079e+00 +1.8817e+00 -1.5215e+00
128 +2.333086787e+00 +2.333086787e+00 +3.768308679e+01 +3.768308679e+01 +2.3600e+00 +1.3174e+00 +3.8693e+00 +1.4543e+00 -1.8284e+00
165 +2.235552770e+00 +2.235552770e+00 +3.758555277e+01 +3.758555277e+01 +1.4265e+00 +1.2111e+00 +4.3874e+00 +1.3812e+00 -1.8706e+00
189 +4.334417909e-01 +4.334417909e-01 +3.578344179e+01 +3.578344179e+01 +1.3898e+00 +1.6405e+00 +3.9272e+00 +1.4757e+00 -2.0631e+00
198 +2.598539734e-01 +2.598539734e-01 +3.560985397e+01 +3.560985397e+01 +1.6112e+00 +1.5337e+00 +4.0864e+00 +1.5936e+00 -1.8228e+00
268 +2.482894956e-01 +2.482894956e-01 +3.559828950e+01 +3.559828950e+01 +1.7730e+00 +1.4135e+00 +3.8641e+00 +1.5139e+00 -1.8269e+00
277 +6.669512236e-02 +6.669512236e-02 +3.541669512e+01 +3.541669512e+01 +1.5466e+00 +1.7126e+00 +3.9296e+00 +1.4847e+00 -1.9756e+00
301 +9.953710724e-03 +9.953710724e-03 +3.535995371e+01 +3.535995371e+01 +1.6906e+00 +1.6590e+00 +3.9016e+00 +1.5264e+00 -1.8603e+00
% function evaluation | noise-free fitness - Fopt (3.820000000000e+00) | best noise-free fitness - Fopt | measured fitness | best measured fitness | x1 | x2...
1 +7.329981111e+02 +7.329981111e+02 +7.368181111e+02 +7.368181111e+02 +0.0000e+00 +0.0000e+00 +0.0000e+00 +0.0000e+00 +0.0000e+00
4 +1.678628491e+02 +1.678628491e+02 +1.716828491e+02 +1.716828491e+02 +1.5476e+00 +5.7556e+00 +6.9661e-01 +1.3440e+00 +8.9274e-01
7 +5.810603988e+01 +5.810603988e+01 +6.192603988e+01 +6.192603988e+01 +2.9451e+00 +2.9644e+00 -6.7450e-01 +1.5818e+00 -1.3207e+00
13 +5.586920355e+01 +5.586920355e+01 +5.968920355e+01 +5.968920355e+01 +5.0295e+00 +3.2111e+00 +2.3438e-01 +1.2161e+00 -1.1803e+00
15 +4.445618828e+01 +4.445618828e+01 +4.827618828e+01 +4.827618828e+01 +3.3503e+00 +2.9034e+00 -5.3270e-01 +1.5096e+00 -1.5389e+00
21 +1.871291999e+01 +1.871291999e+01 +2.253291999e+01 +2.253291999e+01 +3.6310e+00 +3.5344e+00 -9.5615e-03 +1.1867e+00 -8.2549e-01
69 +9.326952692e+00 +9.326952692e+00 +1.314695269e+01 +1.314695269e+01 +3.7791e+00 +3.4992e+00 -2.0308e-01 -2.4795e-01 -6.5609e-01
84 +2.788974873e+00 +2.788974873e+00 +6.608974873e+00 +6.608974873e+00 +3.8975e+00 +2.7209e+00 +2.7489e-01 -1.6170e+00 -2.8128e-01
174 +2.207434508e+00 +2.207434508e+00 +6.027434508e+00 +6.027434508e+00 +3.8844e+00 +2.1447e+00 +7.0059e-01 -1.6799e+00 +2.5200e-01
186 +1.917474653e+00 +1.917474653e+00 +5.737474653e+00 +5.737474653e+00 +3.8640e+00 +2.2783e+00 +9.0467e-01 -2.2918e+00 -2.6136e-02
198 +1.294661193e+00 +1.294661193e+00 +5.114661193e+00 +5.114661193e+00 +3.7934e+00 +1.7873e+00 +1.0881e+00 -2.8604e+00 +3.4213e-01
223 +1.029303283e+00 +1.029303283e+00 +4.849303283e+00 +4.849303283e+00 +4.0770e+00 +1.4876e+00 +1.4632e+00 -2.6460e+00 +7.3310e-01
236 +9.615618978e-01 +9.615618978e-01 +4.781561898e+00 +4.781561898e+00 +4.0182e+00 +1.4352e+00 +1.5921e+00 -2.7872e+00 +5.7603e-01
251 +3.862554558e-01 +3.862554558e-01 +4.206255456e+00 +4.206255456e+00 +4.0564e+00 +1.4125e+00 +1.5100e+00 -2.7979e+00 +8.5337e-01
260 +9.289282591e-02 +9.289282591e-02 +3.912892826e+00 +3.912892826e+00 +4.0457e+00 +1.3522e+00 +1.7257e+00 -2.6542e+00 +8.0313e-01
336 +3.294762854e-02 +3.294762854e-02 +3.852947629e+00 +3.852947629e+00 +4.0254e+00 +1.2753e+00 +1.7297e+00 -2.6381e+00 +8.1766e-01
339 +1.664739021e-02 +1.664739021e-02 +3.836647390e+00 +3.836647390e+00 +3.9561e+00 +1.3113e+00 +1.7440e+00 -2.5955e+00 +7.8485e-01
414 +1.226091691e-02 +1.226091691e-02 +3.832260917e+00 +3.832260917e+00 +3.9856e+00 +1.2453e+00 +1.8173e+00 -2.6409e+00 +8.2893e-01
416 +5.898380549e-03 +5.898380549e-03 +3.825898381e+00 +3.825898381e+00 +4.0080e+00 +1.2309e+00 +1.8409e+00 -2.6455e+00 +8.4776e-01
% function evaluation | noise-free fitness - Fopt (2.175000000000e+01) | best noise-free fitness - Fopt | measured fitness | best measured fitness | x1 | x2...
1 +1.551430652e+02 +1.551430652e+02 +1.768930652e+02 +1.768930652e+02 +0.0000e+00 +0.0000e+00 +0.0000e+00 +0.0000e+00 +0.0000e+00
2 +8.952557899e+01 +8.952557899e+01 +1.112755790e+02 +1.112755790e+02 +2.1226e+00 -2.1707e-01 -1.4051e+00 -1.0630e-01 -1.9665e+00
12 +8.670140478e+01 +8.670140478e+01 +1.084514048e+02 +1.084514048e+02 +1.7786e+00 -1.9900e+00 -2.2835e+00 +3.5944e+00 -1.7304e+00
15 +6.071597144e+01 +6.071597144e+01 +8.246597144e+01 +8.246597144e+01 +3.7835e+00 +1.6219e+00 -2.5709e+00 +7.9264e-01 -2.9657e+00
16 +1.876554728e+01 +1.876554728e+01 +4.051554728e+01 +4.051554728e+01 +3.3899e+00 +4.3305e-01 -1.2830e+00 +1.4458e+00 -1.6607e+00
31 +7.438538324e+00 +7.438538324e+00 +2.918853832e+01 +2.918853832e+01 +3.3879e+00 +1.1513e+00 -9.0021e-01 +2.2938e+00 -1.2629e+00
49 +5.356549741e+00 +5.356549741e+00 +2.710654974e+01 +2.710654974e+01 +4.3829e+00 +1.0921e-01 -2.3744e+00 +2.9311e+00 -5.5850e-01
87 +4.006414186e+00 +4.006414186e+00 +2.575641419e+01 +2.575641419e+01 +4.0548e+00 +3.8022e-01 -1.1614e+00 +3.0711e+00 -5.5933e-01
104 +2.730216194e+00 +2.730216194e+00 +2.448021619e+01 +2.448021619e+01 +4.1642e+00 +1.0499e+00 -1.3761e+00 +2.5314e+00 -1.3180e+00
118 +2.233657241e+00 +2.233657241e+00 +2.398365724e+01 +2.398365724e+01 +4.0269e+00 +6.1376e-01 -1.1195e+00 +3.1068e+00 -1.1137e+00
127 +1.188705096e+00 +1.188705096e+00 +2.293870510e+01 +2.293870510e+01 +3.7906e+00 +5.9405e-01 -1.4485e+00 +3.0406e+00 -1.2062e+00
152 +4.643982233e-01 +4.643982233e-01 +2.221439822e+01 +2.221439822e+01 +3.2628e+00 +7.3655e-01 -1.0712e+00 +3.8801e+00 -1.7235e+00
173 +3.611041033e-01 +3.611041033e-01 +2.211110410e+01 +2.211110410e+01 +3.3154e+00 +7.4378e-01 -1.0244e+00 +3.9388e+00 -1.7539e+00
257 +2.465377598e-01 +2.465377598e-01 +2.199653776e+01 +2.199653776e+01 +3.7073e+00 +6.5791e-01 -1.2102e+00 +3.1858e+00 -1.6253e+00
282 +1.603392259e-01 +1.603392259e-01 +2.191033923e+01 +2.191033923e+01 +3.8943e+00 +6.8980e-01 -1.2168e+00 +2.9766e+00 -1.5481e+00
284 +8.676030362e-02 +8.676030362e-02 +2.183676030e+01 +2.183676030e+01 +3.7545e+00 +6.7464e-01 -1.1370e+00 +3.2416e+00 -1.5956e+00
295 +6.948695726e-02 +6.948695726e-02 +2.181948696e+01 +2.181948696e+01 +3.7903e+00 +7.2772e-01 -1.1651e+00 +3.2335e+00 -1.5889e+00
341 +6.717080517e-02 +6.717080517e-02 +2.181717081e+01 +2.181717081e+01 +3.8865e+00 +7.7007e-01 -1.1752e+00 +3.1302e+00 -1.5458e+00
345 +6.000987915e-02 +6.000987915e-02 +2.181000988e+01 +2.181000988e+01 +3.9104e+00 +8.2842e-01 -1.1984e+00 +3.0675e+00 -1.5263e+00
350 +5.292757276e-02 +5.292757276e-02 +2.180292757e+01 +2.180292757e+01 +3.9653e+00 +8.3927e-01 -1.2114e+00 +3.0365e+00 -1.5378e+00
351 +4.860212902e-02 +4.860212902e-02 +2.179860213e+01 +2.179860213e+01 +3.8543e+00 +7.6758e-01 -1.1774e+00 +3.0526e+00 -1.6304e+00
364 +2.296642983e-02 +2.296642983e-02 +2.177296643e+01 +2.177296643e+01 +3.8500e+00 +8.2127e-01 -1.1635e+00 +3.0346e+00 -1.5731e+00
386 +1.851510632e-02 +1.851510632e-02 +2.176851511e+01 +2.176851511e+01 +3.8105e+00 +9.1098e-01 -1.1120e+00 +3.0152e+00 -1.6598e+00
427 +1.207404017e-02 +1.207404017e-02 +2.176207404e+01 +2.176207404e+01 +3.7150e+00 +9.1160e-01 -1.0891e+00 +3.0875e+00 -1.7471e+00
432 +3.287162904e-03 +3.287162904e-03 +2.175328716e+01 +2.175328716e+01 +3.6974e+00 +9.0105e-01 -1.0680e+00 +3.1315e+00 -1.7209e+00
478 +2.745817369e-07 +2.745817369e-07 +2.175000027e+01 +2.175000027e+01 +3.7340e+00 +9.0847e-01 -1.0908e+00 +3.1114e+00 -1.6942e+00
486 +1.926981383e-07 +1.926981383e-07 +2.175000019e+01 +2.175000019e+01 +3.7701e+00 +9.0756e-01 -1.1016e+00 +3.0816e+00 -1.6822e+00
497 +3.999087284e-09 +3.999087284e-09 +2.175000000e+01 +2.175000000e+01 +3.7660e+00 +8.9165e-01 -1.0880e+00 +3.0942e+00 -1.6658e+00
2338 +0.000000000e+00 +0.000000000e+00 +2.175000000e+01 +2.175000000e+01 +3.7917e+00 +8.9938e-01 -1.1169e+00 +3.0693e+00 -1.6542e+00
% function evaluation | noise-free fitness - Fopt (6.479000000000e+01) | best noise-free fitness - Fopt | measured fitness | best measured fitness | x1 | x2...
1 +3.268637627e+01 +3.268637627e+01 +9.747637627e+01 +9.747637627e+01 +0.0000e+00 +0.0000e+00 +0.0000e+00 +0.0000e+00 +0.0000e+00
2 +3.123167016e+01 +3.123167016e+01 +9.602167016e+01 +9.602167016e+01 -1.7325e+00 -1.1864e+00 -2.6831e-01 +2.7494e-01 -8.9792e-02
3 +1.698298947e+01 +1.698298947e+01 +8.177298947e+01 +8.177298947e+01 +5.1245e-01 -5.6073e-02 +1.0039e+00 +2.0765e+00 -2.1149e-01
13 +7.278892055e+00 +7.278892055e+00 +7.206889205e+01 +7.206889205e+01 -3.7022e-02 -4.6499e-01 -8.2158e-02 +8.2132e-01 -2.4642e-01
33 +1.641831140e+00 +1.641831140e+00 +6.643183114e+01 +6.643183114e+01 +6.8795e-02 -1.6403e+00 -9.5383e-01 +1.0193e+00 +1.1315e+00
68 +7.602329931e-01 +7.602329931e-01 +6.555023299e+01 +6.555023299e+01 -6.8925e-01 -1.5973e+00 -6.6021e-01 +1.6959e+00 -6.5670e-02
183 +3.778595879e-01 +3.778595879e-01 +6.516785959e+01 +6.516785959e+01 -5.3300e-01 -1.5908e+00 -7.7810e-01 +1.2320e+00 +4.7162e-01
208 +3.573640828e-01 +3.573640828e-01 +6.514736408e+01 +6.514736408e+01 -6.1452e-01 -1.6225e+00 -7.8626e-01 +1.3146e+00 +4.6276e-01
230 +3.529944994e-01 +3.529944994e-01 +6.514299450e+01 +6.514299450e+01 -6.5466e-01 -1.5499e+00 -8.2706e-01 +1.3940e+00 +3.7241e-01
% function evaluation | noise-free fitness - Fopt (-6.173000000000e+01) | best noise-free fitness - Fopt | measured fitness | best measured fitness | x1 | x2...
1 +2.603296367e+02 +2.603296367e+02 +1.985996367e+02 +1.985996367e+02 +0.0000e+00 +0.0000e+00 +0.0000e+00 +0.0000e+00 +0.0000e+00
4 +2.241153514e+02 +2.241153514e+02 +1.623853514e+02 +1.623853514e+02 +8.7597e-01 -1.2965e-01 -1.1732e-01 -2.2871e-01 -7.6255e-02
8 +5.693424048e+01 +5.693424048e+01 -4.795759515e+00 -4.795759515e+00 -7.3069e-02 -1.6382e+00 -1.5699e+00 +2.6867e+00 +7.9368e-01
12 +4.820533293e+01 +4.820533293e+01 -1.352466707e+01 -1.352466707e+01 +2.7309e-01 -1.7300e+00 -2.0643e+00 +1.7687e+00 -2.6932e-01
16 +3.958679025e+01 +3.958679025e+01 -2.214320975e+01 -2.214320975e+01 -1.0325e+00 -1.8291e+00 -2.6422e+00 +1.4156e+00 -9.7282e-01
29 +2.545950716e+01 +2.545950716e+01 -3.627049284e+01 -3.627049284e+01 -9.9862e-01 -3.7663e+00 -1.3966e+00 +1.6854e+00 -4.1603e+00
31 +1.837280271e+01 +1.837280271e+01 -4.335719729e+01 -4.335719729e+01 -3.1798e+00 -2.7534e+00 -4.5840e+00 +3.3998e+00 -2.0080e+00
73 +1.058717848e+01 +1.058717848e+01 -5.114282152e+01 -5.114282152e+01 -2.6159e+00 -1.6488e+00 -5.1629e+00 +4.5480e+00 -2.2913e+00
90 +9.362829439e+00 +9.362829439e+00 -5.236717056e+01 -5.236717056e+01 -2.6463e+00 -1.5581e+00 -6.1621e+00 +5.0531e+00 -1.6526e+00
91 +9.093842007e+00 +9.093842007e+00 -5.263615799e+01 -5.263615799e+01 -3.0683e+00 -2.2753e+00 -5.5012e+00 +4.2323e+00 -2.4911e+00
100 +4.535633605e+00 +4.535633605e+00 -5.719436640e+01 -5.719436640e+01 -2.3539e+00 -1.8394e+00 -5.4684e+00 +4.7348e+00 -2.0180e+00
170 +3.925590077e+00 +3.925590077e+00 -5.780440992e+01 -5.780440992e+01 -2.8241e+00 -2.0202e+00 -5.3570e+00 +4.3563e+00 -2.2914e+00
229 +2.343178221e+00 +2.343178221e+00 -5.938682178e+01 -5.938682178e+01 -2.3600e+00 -2.4121e+00 -5.1478e+00 +4.1559e+00 -2.6535e+00
262 +2.210880613e+00 +2.210880613e+00 -5.951911939e+01 -5.951911939e+01 -2.3012e+00 -2.1578e+00 -5.1291e+00 +4.2378e+00 -2.8436e+00
322 +2.098657512e+00 +2.098657512e+00 -5.963134249e+01 -5.963134249e+01 -2.0286e+00 -2.2428e+00 -4.9514e+00 +4.1668e+00 -2.5928e+00
396054 +1.862689351e+00 +1.862689351e+00 -5.986731065e+01 -5.986731065e+01 -8.2333e-01 -2.9430e+00 -3.2734e+00 +4.4626e+00 -1.7259e+00
396079 +1.834735180e+00 +1.834735180e+00 -5.989526482e+01 -5.989526482e+01 -9.7410e-01 -2.9451e+00 -3.3204e+00 +3.9169e+00 -1.9213e+00
396114 +3.233168875e-01 +3.233168875e-01 -6.140668311e+01 -6.140668311e+01 -1.4995e+00 -2.8061e+00 -3.6440e+00 +3.3912e+00 -2.5143e+00
396453 +3.007140502e-01 +3.007140502e-01 -6.142928595e+01 -6.142928595e+01 -1.5518e+00 -2.7532e+00 -3.8185e+00 +3.5626e+00 -2.5030e+00
396467 +2.870367408e-01 +2.870367408e-01 -6.144296326e+01 -6.144296326e+01 -1.4605e+00 -2.7420e+00 -3.8161e+00 +3.6214e+00 -2.4080e+00
% function evaluation | noise-free fitness - Fopt (-2.930000000000e+00) | best noise-free fitness - Fopt | measured fitness | best measured fitness | x1 | x2...
1 +4.652410707e+01 +4.652410707e+01 +4.359410707e+01 +4.359410707e+01 +0.0000e+00 +0.0000e+00 +0.0000e+00 +0.0000e+00 +0.0000e+00
6 +2.550120557e+01 +2.550120557e+01 +2.257120557e+01 +2.257120557e+01 -5.0594e-03 -7.7308e-01 +7.9506e-01 +8.7395e-02 +1.1465e+00
13 +2.260840871e+01 +2.260840871e+01 +1.967840871e+01 +1.967840871e+01 +7.0997e-01 -8.3482e-01 +1.0191e+00 +7.5281e-01 -7.3747e-01
14 +1.526856896e+01 +1.526856896e+01 +1.233856896e+01 +1.233856896e+01 +1.6845e-01 -7.3086e-01 -2.3883e-01 +4.9910e-01 +8.5499e-01
27 +9.170350909e+00 +9.170350909e+00 +6.240350909e+00 +6.240350909e+00 +2.0502e+00 -1.3627e+00 +1.4368e+00 -4.0925e-01 +7.5285e-01
87 +8.673138769e+00 +8.673138769e+00 +5.743138769e+00 +5.743138769e+00 +1.3219e+00 -4.1847e-01 +8.6694e-02 +2.2775e-01 +1.1078e+00
96 +4.934298948e+00 +4.934298948e+00 +2.004298948e+00 +2.004298948e+00 +2.0310e+00 +5.6108e-01 +4.8270e-01 +1.1002e-01 +1.3076e+00
104 +4.319504554e+00 +4.319504554e+00 +1.389504554e+00 +1.389504554e+00 +2.4034e+00 +6.5013e-01 -1.2418e-01 -8.0507e-01 +3.1183e-01
122 +3.414041732e+00 +3.414041732e+00 +4.840417320e-01 +4.840417320e-01 +2.1272e+00 -1.2385e-01 +9.5223e-01 -1.7951e-01 +6.4753e-01
138 +3.234082173e+00 +3.234082173e+00 +3.040821729e-01 +3.040821729e-01 +1.6999e+00 -9.5383e-02 -6.2674e-02 -3.8988e-01 +6.4970e-01
164 +2.575589559e+00 +2.575589559e+00 -3.544104415e-01 -3.544104415e-01 +2.1305e+00 +1.8868e-01 +6.9150e-01 +7.7909e-02 +1.4081e+00
172 +2.500646974e+00 +2.500646974e+00 -4.293530258e-01 -4.293530258e-01 +2.2635e+00 +2.5813e-01 +8.8053e-02 +4.1979e-02 +1.3557e+00
183 +2.083878437e+00 +2.083878437e+00 -8.461215628e-01 -8.461215628e-01 +1.7288e+00 +2.2426e-01 +1.3507e-01 -4.1594e-01 +9.7704e-01
506 +1.647639478e+00 +1.647639478e+00 -1.282360522e+00 -1.282360522e+00 +1.9966e+00 +6.4671e-02 +4.1540e-01 +1.8018e-01 +1.7059e+00
% function evaluation | noise-free fitness - Fopt (1.398800000000e+02) | best noise-free fitness - Fopt | measured fitness | best measured fitness | x1 | x2...
1 +7.740221236e+02 +7.740221236e+02 +9.139021236e+02 +9.139021236e+02 +0.0000e+00 +0.0000e+00 +0.0000e+00 +0.0000e+00 +0.0000e+00
2 +4.483266755e+02 +4.483266755e+02 +5.882066755e+02 +5.882066755e+02 +1.4767e+00 +3.3389e-01 -1.3664e+00 +1.4651e+00 +6.7334e-01
6 +3.252063822e+02 +3.252063822e+02 +4.650863822e+02 +4.650863822e+02 +3.1618e+00 +1.2089e+00 -1.2293e+00 -1.1744e+00 +1.2992e+00
15 +1.450571992e+02 +1.450571992e+02 +2.849371992e+02 +2.849371992e+02 +4.2169e+00 +2.7012e+00 -1.9171e+00 -1.1721e+00 +1.5732e+00
16 +1.352904186e+02 +1.352904186e+02 +2.751704186e+02 +2.751704186e+02 +4.7843e+00 +2.2248e+00 -2.9279e+00 -2.8062e+00 +2.2274e+00
25 +9.600376471e+01 +9.600376471e+01 +2.358837647e+02 +2.358837647e+02 +4.9167e+00 +3.1274e+00 -2.9205e+00 -2.2461e+00 +2.3424e+00
32 +5.879283098e+01 +5.879283098e+01 +1.986728310e+02 +1.986728310e+02 +4.5942e+00 +2.6607e+00 -3.7526e+00 -1.3899e+00 +2.2091e+00
52 +3.588852950e+01 +3.588852950e+01 +1.757685295e+02 +1.757685295e+02 +5.5133e+00 +2.7178e+00 -4.4377e+00 -7.5104e-01 +2.9317e+00
54 +2.794067532e+01 +2.794067532e+01 +1.678206753e+02 +1.678206753e+02 +3.1970e+00 +2.3909e+00 -4.7425e+00 -2.0250e+00 +3.1816e+00
64 +8.496060431e+00 +8.496060431e+00 +1.483760604e+02 +1.483760604e+02 +1.9270e+00 +2.9748e+00 -4.8293e+00 -8.6342e-01 +2.5008e+00
135 +4.568221849e+00 +4.568221849e+00 +1.444482218e+02 +1.444482218e+02 +2.4174e+00 +2.7398e+00 -5.0234e+00 +2.0311e-01 +2.4528e+00
203 +2.382342381e+00 +2.382342381e+00 +1.422623424e+02 +1.422623424e+02 +1.9733e+00 +2.4415e+00 -3.7777e+00 -7.0454e-01 +2.8376e+00
212 +2.238911664e+00 +2.238911664e+00 +1.421189117e+02 +1.421189117e+02 +1.9452e+00 +2.3887e+00 -3.9418e+00 -8.4289e-01 +2.9712e+00
220 +1.391459969e+00 +1.391459969e+00 +1.412714600e+02 +1.412714600e+02 +2.4852e+00 +2.5056e+00 -3.7608e+00 -4.9536e-01 +2.9406e+00
247 +1.365730701e+00 +1.365730701e+00 +1.412457307e+02 +1.412457307e+02 +2.0579e+00 +2.8304e+00 -4.1130e+00 -4.2242e-01 +2.6467e+00
251 +1.271191917e+00 +1.271191917e+00 +1.411511919e+02 +1.411511919e+02 +1.8201e+00 +2.7685e+00 -3.8154e+00 -8.0671e-01 +2.7135e+00
255 +1.247639358e+00 +1.247639358e+00 +1.411276394e+02 +1.411276394e+02 +1.4848e+00 +2.7995e+00 -3.8415e+00 -8.1727e-01 +2.9606e+00
269 +9.803907585e-01 +9.803907585e-01 +1.408603908e+02 +1.408603908e+02 +9.6790e-01 +2.6995e+00 -3.3065e+00 -1.4253e+00 +3.4682e+00
337 +8.967542280e-01 +8.967542280e-01 +1.407767542e+02 +1.407767542e+02 +1.6118e+00 +2.9323e+00 -3.7594e+00 -1.0974e+00 +2.8515e+00
2043 +8.760682649e-01 +8.760682649e-01 +1.407560683e+02 +1.407560683e+02 +1.7977e+00 +2.8475e+00 -3.7423e+00 -1.0160e+00 +3.0001e+00
2052 +8.636187482e-01 +8.636187482e-01 +1.407436187e+02 +1.407436187e+02 +1.7989e+00 +2.8463e+00 -3.7523e+00 -9.9849e-01 +2.9862e+00
2084 +8.336111010e-01 +8.336111010e-01 +1.407136111e+02 +1.407136111e+02 +1.7357e+00 +2.8273e+00 -3.8035e+00 -9.6599e-01 +2.9369e+00
2115 +8.261690684e-01 +8.261690684e-01 +1.407061691e+02 +1.407061691e+02 +1.7772e+00 +2.7947e+00 -3.8316e+00 -8.7656e-01 +2.9358e+00
102645 +7.044621271e-01 +7.044621271e-01 +1.405844621e+02 +1.405844621e+02 +1.5694e+00 +2.7016e+00 -3.9700e+00 -1.1410e+00 +3.2148e+00
102667 +6.796586173e-01 +6.796586173e-01 +1.405596586e+02 +1.405596586e+02 +2.5458e+00 +2.6545e+00 -3.5540e+00 -1.0617e+00 +3.4910e+00
102914 +6.448924011e-01 +6.448924011e-01 +1.405248924e+02 +1.405248924e+02 +1.3671e+00 +2.5088e+00 -3.7740e+00 -1.4185e+00 +3.1318e+00
102919 +5.567604147e-01 +5.567604147e-01 +1.404367604e+02 +1.404367604e+02 +1.3838e+00 +2.5118e+00 -3.8069e+00 -1.4330e+00 +3.1406e+00
102920 +4.778258785e-01 +4.778258785e-01 +1.403578259e+02 +1.403578259e+02 +1.4314e+00 +2.4568e+00 -3.7174e+00 -1.4403e+00 +3.2443e+00
102924 +4.650695237e-01 +4.650695237e-01 +1.403450695e+02 +1.403450695e+02 +1.4478e+00 +2.4050e+00 -3.6625e+00 -1.4903e+00 +3.3095e+00
102930 +4.334152454e-01 +4.334152454e-01 +1.403134152e+02 +1.403134152e+02 +1.4822e+00 +2.4601e+00 -3.7657e+00 -1.4554e+00 +3.2332e+00
102936 +3.952450850e-01 +3.952450850e-01 +1.402752451e+02 +1.402752451e+02 +1.5726e+00 +2.3630e+00 -3.6278e+00 -1.5476e+00 +3.3722e+00
102937 +3.477544889e-01 +3.477544889e-01 +1.402277545e+02 +1.402277545e+02 +1.5071e+00 +2.4050e+00 -3.7170e+00 -1.5705e+00 +3.3612e+00
102942 +3.219796293e-01 +3.219796293e-01 +1.402019796e+02 +1.402019796e+02 +1.6172e+00 +2.4241e+00 -3.6504e+00 -1.4801e+00 +3.3102e+00
102945 +2.349377071e-01 +2.349377071e-01 +1.401149377e+02 +1.401149377e+02 +1.6652e+00 +2.3663e+00 -3.5827e+00 -1.5321e+00 +3.3637e+00
102946 +5.804403502e-02 +5.804403502e-02 +1.399380440e+02 +1.399380440e+02 +1.7488e+00 +2.4135e+00 -3.6758e+00 -1.5414e+00 +3.4305e+00
102965 +4.041009630e-02 +4.041009630e-02 +1.399204101e+02 +1.399204101e+02 +1.7734e+00 +2.4376e+00 -3.6325e+00 -1.4872e+00 +3.4092e+00
103036 +1.804821407e-02 +1.804821407e-02 +1.398980482e+02 +1.398980482e+02 +1.9454e+00 +2.4952e+00 -3.6571e+00 -1.4148e+00 +3.4087e+00
103041 +8.083005922e-03 +8.083005922e-03 +1.398880830e+02 +1.398880830e+02 +1.9591e+00 +2.4554e+00 -3.6472e+00 -1.3901e+00 +3.4347e+00
% function evaluation | noise-free fitness - Fopt (-2.290200000000e+02) | best noise-free fitness - Fopt | measured fitness | best measured fitness | x1 | x2...
1 +1.305332661e+02 +1.305332661e+02 -9.848673392e+01 -9.848673392e+01 +0.0000e+00 +0.0000e+00 +0.0000e+00 +0.0000e+00 +0.0000e+00
2 +6.994439511e+01 +6.994439511e+01 -1.590756049e+02 -1.590756049e+02 -4.1387e+00 +5.9203e+00 +2.5856e+00 +1.1044e+00 +1.0571e+00
5 +1.488976551e+01 +1.488976551e+01 -2.141302345e+02 -2.141302345e+02 -1.6369e+00 +9.4121e-01 +7.0459e-01 -6.7684e-01 -1.1226e-01
21 +1.275607574e+01 +1.275607574e+01 -2.162639243e+02 -2.162639243e+02 -1.6559e+00 +2.0272e+00 +6.8890e-01 -7.0230e-01 +1.7825e-01
37 +8.440071379e+00 +8.440071379e+00 -2.205799286e+02 -2.205799286e+02 -1.0920e+00 +1.3884e+00 +5.9008e-01 -7.6702e-01 +8.8824e-01
46 +7.955143931e+00 +7.955143931e+00 -2.210648561e+02 -2.210648561e+02 -1.1028e+00 +1.1836e-01 -4.8814e-01 -1.3880e+00 +1.5304e+00
50 +6.398793198e+00 +6.398793198e+00 -2.226212068e+02 -2.226212068e+02 -1.5206e+00 +2.5744e-01 +1.4356e+00 -9.9001e-01 +1.6404e+00
75 +4.362243693e+00 +4.362243693e+00 -2.246577563e+02 -2.246577563e+02 -2.2382e+00 +1.2057e+00 +1.2151e+00 -7.4689e-01 +8.6771e-01
137 +4.042407429e+00 +4.042407429e+00 -2.249775926e+02 -2.249775926e+02 -1.9654e+00 +1.2664e+00 +1.0524e+00 -4.6037e-01 +1.0668e+00
152 +3.837231008e+00 +3.837231008e+00 -2.251827690e+02 -2.251827690e+02 -2.1538e+00 +1.6396e+00 +1.1221e+00 -4.8488e-01 +8.2160e-01
162 +3.259731963e+00 +3.259731963e+00 -2.257602680e+02 -2.257602680e+02 -2.0091e+00 +1.5262e+00 +1.2648e+00 -4.2247e-01 +1.0415e+00
300387 +2.184997348e+00 +2.184997348e+00 -2.268350027e+02 -2.268350027e+02 -2.3417e+00 +4.0541e-01 +1.8974e+00 -1.0510e+00 +1.1995e+00
300399 +5.121347393e-01 +5.121347393e-01 -2.285078653e+02 -2.285078653e+02 -2.4310e+00 -5.3422e-01 +2.5363e+00 -1.3941e+00 -3.5831e-01
300434 +4.176072531e-01 +4.176072531e-01 -2.286023927e+02 -2.286023927e+02 -2.1835e+00 -2.5476e-01 +1.4940e+00 -9.4538e-01 +1.3778e+00
300475 +3.695696858e-01 +3.695696858e-01 -2.286504303e+02 -2.286504303e+02 -2.2663e+00 -3.8568e-01 +2.0004e+00 -9.0873e-01 +6.5779e-01
300591 +2.943504694e-01 +2.943504694e-01 -2.287256495e+02 -2.287256495e+02 -2.2177e+00 -1.7189e-01 +2.3082e+00 -9.3605e-01 +2.7384e-01
300638 +2.588366211e-01 +2.588366211e-01 -2.287611634e+02 -2.287611634e+02 -2.2672e+00 -1.6245e-01 +2.2842e+00 -9.2131e-01 +3.4069e-01
300682 +2.370670852e-01 +2.370670852e-01 -2.287829329e+02 -2.287829329e+02 -2.2923e+00 -1.5243e-01 +2.3762e+00 -9.4100e-01 +2.8567e-01
301590 +2.303817811e-01 +2.303817811e-01 -2.287896182e+02 -2.287896182e+02 -2.2981e+00 -3.2252e-01 +2.3989e+00 -9.7793e-01 +2.8572e-01
301595 +2.228165322e-01 +2.228165322e-01 -2.287971835e+02 -2.287971835e+02 -2.2910e+00 -3.2626e-01 +2.4225e+00 -9.8122e-01 +2.6963e-01
% function evaluation | noise-free fitness - Fopt (6.198000000000e+01) | best noise-free fitness - Fopt | measured fitness | best measured fitness | x1 | x2...
1 +2.544902707e+02 +2.544902707e+02 +3.164702707e+02 +3.164702707e+02 +0.0000e+00 +0.0000e+00 +0.0000e+00 +0.0000e+00 +0.0000e+00
2 +1.199833841e+02 +1.199833841e+02 +1.819633841e+02 +1.819633841e+02 +4.3983e+00 -1.0502e+00 +2.2122e+00 +5.1646e+00 -1.3077e+00
12 +4.470492678e+01 +4.470492678e+01 +1.066849268e+02 +1.066849268e+02 +2.7549e+00 +7.1285e-01 +9.0130e-02 +1.4053e+00 +6.7443e-03
30 +3.781987797e+01 +3.781987797e+01 +9.979987797e+01 +9.979987797e+01 +2.3308e+00 +1.1548e-02 +6.2395e-02 +1.2894e+00 +7.2221e-01
34 +1.182565414e+01 +1.182565414e+01 +7.380565414e+01 +7.380565414e+01 +1.9245e+00 +6.3159e-01 -8.6254e-01 -1.7963e+00 +2.5879e+00
121 +9.387712827e+00 +9.387712827e+00 +7.136771283e+01 +7.136771283e+01 +3.1375e+00 +5.0178e-01 +1.3292e+00 -1.2307e+00 +1.8052e+00
129 +6.223054328e+00 +6.223054328e+00 +6.820305433e+01 +6.820305433e+01 +2.8901e+00 +8.1089e-01 +1.2462e+00 -1.1265e+00 +1.3420e+00
137 +6.127338792e+00 +6.127338792e+00 +6.810733879e+01 +6.810733879e+01 +2.9034e+00 +7.9609e-01 +3.3963e-01 -1.6123e+00 +1.3168e+00
139 +4.341754289e+00 +4.341754289e+00 +6.632175429e+01 +6.632175429e+01 +2.7724e+00 +1.1052e+00 +2.0096e+00 -1.8438e+00 +1.5402e+00
158 +3.318119422e+00 +3.318119422e+00 +6.529811942e+01 +6.529811942e+01 +3.0245e+00 +9.6543e-01 +2.3498e+00 -1.9867e+00 +1.5668e+00
170 +2.487376438e+00 +2.487376438e+00 +6.446737644e+01 +6.446737644e+01 +3.1477e+00 +1.0217e+00 +1.5368e+00 -2.1951e+00 +1.3815e+00
175 +2.085199401e+00 +2.085199401e+00 +6.406519940e+01 +6.406519940e+01 +2.9034e+00 +1.0447e+00 +1.1002e+00 -2.2227e+00 +8.2730e-01
213 +1.692693884e+00 +1.692693884e+00 +6.367269388e+01 +6.367269388e+01 +3.0454e+00 +9.9486e-01 +1.9545e+00 -3.3008e+00 +7.2046e-02
223 +1.284977590e+00 +1.284977590e+00 +6.326497759e+01 +6.326497759e+01 +3.0476e+00 +1.3047e+00 +1.5928e+00 -3.9383e+00 -2.5539e-01
283 +1.056777033e+00 +1.056777033e+00 +6.303677703e+01 +6.303677703e+01 +3.2955e+00 +1.0144e+00 +1.6538e+00 -3.8470e+00 +1.6062e-01
284 +9.084020113e-01 +9.084020113e-01 +6.288840201e+01 +6.288840201e+01 +3.1209e+00 +1.2641e+00 +1.8815e+00 -3.5161e+00 +4.9149e-01
290 +8.026526305e-01 +8.026526305e-01 +6.278265263e+01 +6.278265263e+01 +3.1784e+00 +1.0085e+00 +1.9277e+00 -3.5114e+00 +6.4857e-02
294 +6.595381357e-01 +6.595381357e-01 +6.263953814e+01 +6.263953814e+01 +3.0487e+00 +1.0263e+00 +1.8981e+00 -3.0029e+00 +1.2129e-01
326 +5.080496687e-01 +5.080496687e-01 +6.248804967e+01 +6.248804967e+01 +3.0536e+00 +1.1277e+00 +1.6872e+00 -3.5416e+00 +5.2004e-01
336 +3.114859427e-01 +3.114859427e-01 +6.229148594e+01 +6.229148594e+01 +3.0870e+00 +1.0721e+00 +1.8139e+00 -3.3890e+00 +3.3627e-01
346 +2.165976726e-01 +2.165976726e-01 +6.219659767e+01 +6.219659767e+01 +3.1223e+00 +1.0202e+00 +1.8903e+00 -3.2367e+00 +3.6090e-01
415 +1.954576328e-01 +1.954576328e-01 +6.217545763e+01 +6.217545763e+01 +3.3179e+00 +1.0306e+00 +1.9930e+00 -3.2261e+00 +8.3965e-02
426 +1.702047329e-01 +1.702047329e-01 +6.215020473e+01 +6.215020473e+01 +3.2888e+00 +1.0374e+00 +2.0000e+00 -3.3216e+00 +1.0784e-01
429 +1.503793617e-01 +1.503793617e-01 +6.213037936e+01 +6.213037936e+01 +3.2868e+00 +1.1220e+00 +1.9757e+00 -3.4052e+00 +1.4018e-01
442 +9.394588098e-02 +9.394588098e-02 +6.207394588e+01 +6.207394588e+01 +3.3035e+00 +1.0613e+00 +1.9051e+00 -3.4957e+00 -1.9921e-02
465 +6.864785901e-02 +6.864785901e-02 +6.204864786e+01 +6.204864786e+01 +3.2933e+00 +1.1158e+00 +1.7546e+00 -3.3465e+00 +3.9146e-03
468 +5.781128144e-02 +5.781128144e-02 +6.203781128e+01 +6.203781128e+01 +3.2119e+00 +1.1117e+00 +1.7710e+00 -3.5378e+00 -5.3983e-02
510 +5.518517505e-02 +5.518517505e-02 +6.203518518e+01 +6.203518518e+01 +3.2320e+00 +1.1141e+00 +1.7950e+00 -3.5013e+00 +3.7674e-02
512 +3.968199878e-02 +3.968199878e-02 +6.201968200e+01 +6.201968200e+01 +3.2147e+00 +1.1601e+00 +1.6697e+00 -3.5608e+00 +1.1447e-03
516 +2.806172538e-02 +2.806172538e-02 +6.200806173e+01 +6.200806173e+01 +3.2340e+00 +1.1245e+00 +1.7850e+00 -3.5444e+00 -4.4600e-02
524 +2.465914168e-02 +2.465914168e-02 +6.200465914e+01 +6.200465914e+01 +3.2623e+00 +1.1335e+00 +1.7933e+00 -3.5979e+00 -2.6350e-02
569 +1.847925661e-02 +1.847925661e-02 +6.199847926e+01 +6.199847926e+01 +3.2732e+00 +1.1102e+00 +1.6812e+00 -3.5764e+00 -3.2680e-02
591 +1.339749991e-02 +1.339749991e-02 +6.199339750e+01 +6.199339750e+01 +3.2462e+00 +1.1262e+00 +1.7100e+00 -3.5117e+00 -2.5304e-02
676 +1.087723141e-02 +1.087723141e-02 +6.199087723e+01 +6.199087723e+01 +3.2481e+00 +1.1278e+00 +1.7028e+00 -3.5123e+00 +2.4424e-02
750 +3.336093384e-03 +3.336093384e-03 +6.198333609e+01 +6.198333609e+01 +3.2277e+00 +1.1198e+00 +1.6026e+00 -3.5168e+00 +4.9939e-02
783 +1.879263607e-07 +1.879263607e-07 +6.198000019e+01 +6.198000019e+01 +3.2135e+00 +1.1099e+00 +1.5748e+00 -3.5451e+00 +1.4738e-02
790 +1.308097808e-08 +1.308097808e-08 +6.198000001e+01 +6.198000001e+01 +3.2269e+00 +1.1212e+00 +1.6165e+00 -3.5598e+00 +3.5107e-03
818 +2.922206477e-09 +2.922206477e-09 +6.198000000e+01 +6.198000000e+01 +3.2424e+00 +1.1180e+00 +1.5881e+00 -3.5460e+00 +2.1971e-03
2950 +0.000000000e+00 +0.000000000e+00 +6.198000000e+01 +6.198000000e+01 +3.2403e+00 +1.1203e+00 +1.5881e+00 -3.5577e+00 -6.8431e-03
% function evaluation | noise-free fitness - Fopt (-2.359000000000e+01) | best noise-free fitness - Fopt | measured fitness | best measured fitness | x1 | x2...
1 +2.939774755e+02 +2.939774755e+02 +2.703874755e+02 +2.703874755e+02 +0.0000e+00 +0.0000e+00 +0.0000e+00 +0.0000e+00 +0.0000e+00
4 +2.687085097e+02 +2.687085097e+02 +2.451185097e+02 +2.451185097e+02 +8.0959e-02 +1.0623e+00 -2.2277e-01 +6.4585e-01 +8.5597e-02
6 +2.420352069e+02 +2.420352069e+02 +2.184452069e+02 +2.184452069e+02 -1.1671e+00 +6.4215e-01 +7.3408e-01 +5.1065e-01 +7.3298e-01
7 +2.159151218e+02 +2.159151218e+02 +1.923251218e+02 +1.923251218e+02 -3.0927e-01 -1.9771e+00 +1.4847e+00 +3.6163e-02 -1.7237e+00
9 +1.690389257e+02 +1.690389257e+02 +1.454489257e+02 +1.454489257e+02 -8.5340e-01 +4.8723e-01 -1.5615e-02 +2.0917e+00 -8.5119e-01
10 +1.315834207e+02 +1.315834207e+02 +1.079934207e+02 +1.079934207e+02 +1.9719e+00 +7.4946e-01 -8.8671e-01 +3.9040e+00 +2.0468e+00
14 +1.188492902e+02 +1.188492902e+02 +9.525929021e+01 +9.525929021e+01 +2.2610e+00 +6.8620e-01 -6.8902e-01 +2.1208e+00 +3.6949e+00
22 +7.368558665e+01 +7.368558665e+01 +5.009558665e+01 +5.009558665e+01 +5.7458e-01 -3.6194e-01 -2.2913e-01 +1.8609e+00 +2.5363e+00
32 +4.695920999e+01 +4.695920999e+01 +2.336920999e+01 +2.336920999e+01 +1.0218e+00 -2.1799e-01 +6.0213e-01 +1.8120e+00 +3.5455e+00
34 +3.736981006e+01 +3.736981006e+01 +1.377981006e+01 +1.377981006e+01 +9.7065e-02 +2.3664e-01 +8.3194e-01 +1.5647e+00 +4.8475e+00
42 +3.598867771e+01 +3.598867771e+01 +1.239867771e+01 +1.239867771e+01 +5.2966e-01 -1.3081e-01 +1.3112e+00 +1.2772e+00 +4.7097e+00
49 +2.974268669e+01 +2.974268669e+01 +6.152686686e+00 +6.152686686e+00 +2.8603e-02 +1.1795e+00 +1.7211e+00 +1.1604e+00 +5.8771e+00
51 +6.678894174e+00 +6.678894174e+00 -1.691110583e+01 -1.691110583e+01 +3.0489e-01 +6.4275e-01 +1.5197e+00 +2.4527e+00 +4.7606e+00
73 +5.858838750e+00 +5.858838750e+00 -1.773116125e+01 -1.773116125e+01 -3.9878e-01 +1.5555e+00 +2.8878e+00 +2.1970e+00 +4.3175e+00
119 +4.657412216e+00 +4.657412216e+00 -1.893258778e+01 -1.893258778e+01 -5.5550e-01 +7.6184e-01 +1.8334e+00 +2.7641e+00 +3.1916e+00
122 +2.872931646e+00 +2.872931646e+00 -2.071706835e+01 -2.071706835e+01 -1.5880e+00 +5.3468e-01 +1.5076e+00 +3.8007e+00 +3.1544e+00
179 +2.016951071e+00 +2.016951071e+00 -2.157304893e+01 -2.157304893e+01 -4.7855e-01 +5.0509e-01 +2.0022e+00 +3.0582e+00 +4.2016e+00
224 +1.761621607e+00 +1.761621607e+00 -2.182837839e+01 -2.182837839e+01 -1.0871e+00 +7.1290e-01 +1.8099e+00 +3.0200e+00 +4.1203e+00
246 +1.536242479e+00 +1.536242479e+00 -2.205375752e+01 -2.205375752e+01 -8.7481e-01 +5.5117e-01 +1.9315e+00 +3.1478e+00 +4.2207e+00
277 +1.504863593e+00 +1.504863593e+00 -2.208513641e+01 -2.208513641e+01 -9.3011e-01 +7.8894e-01 +1.7976e+00 +3.0259e+00 +4.1658e+00
408935 +3.980780540e-01 +3.980780540e-01 -2.319192195e+01 -2.319192195e+01 -2.7521e-01 +2.7049e+00 +3.3689e+00 +2.2503e+00 +3.0719e+00
408964 +1.212827966e-01 +1.212827966e-01 -2.346871720e+01 -2.346871720e+01 -2.3647e-01 +2.2844e+00 +3.0605e+00 +2.3451e+00 +3.2686e+00
409040 +6.920882326e-02 +6.920882326e-02 -2.352079118e+01 -2.352079118e+01 -4.9202e-01 +2.3466e+00 +2.9702e+00 +2.6314e+00 +2.9937e+00
409077 +5.911535689e-02 +5.911535689e-02 -2.353088464e+01 -2.353088464e+01 -3.9231e-01 +2.4240e+00 +3.1050e+00 +2.4916e+00 +2.9128e+00
409084 +1.853193582e-02 +1.853193582e-02 -2.357146806e+01 -2.357146806e+01 -4.0246e-01 +2.4835e+00 +3.1093e+00 +2.5193e+00 +2.9684e+00
512764 +5.441653733e-03 +5.441653733e-03 -2.358455835e+01 -2.358455835e+01 -3.4993e-01 +2.4097e+00 +3.1204e+00 +2.4670e+00 +3.0275e+00
512776 +4.742165025e-07 +4.742165025e-07 -2.358999953e+01 -2.358999953e+01 -3.4991e-01 +2.4099e+00 +3.1289e+00 +2.4650e+00 +3.0318e+00
512783 +4.363811392e-07 +4.363811392e-07 -2.358999956e+01 -2.358999956e+01 -3.4991e-01 +2.4100e+00 +3.1171e+00 +2.4705e+00 +3.0444e+00
512785 +4.206287230e-07 +4.206287230e-07 -2.358999958e+01 -2.358999958e+01 -3.4999e-01 +2.4100e+00 +3.1214e+00 +2.4605e+00 +3.0407e+00
512786 +3.628636165e-07 +3.628636165e-07 -2.358999964e+01 -2.358999964e+01 -3.4993e-01 +2.4100e+00 +3.1197e+00 +2.4605e+00 +3.0536e+00
512790 +3.496106764e-07 +3.496106764e-07 -2.358999965e+01 -2.358999965e+01 -3.4992e-01 +2.4104e+00 +3.1153e+00 +2.4720e+00 +3.0651e+00
512799 +3.461752769e-07 +3.461752769e-07 -2.358999965e+01 -2.358999965e+01 -3.4995e-01 +2.4110e+00 +3.1100e+00 +2.4719e+00 +3.0660e+00
512804 +3.343198856e-07 +3.343198856e-07 -2.358999967e+01 -2.358999967e+01 -3.4990e-01 +2.4114e+00 +3.1121e+00 +2.4676e+00 +3.0654e+00
512808 +2.742014189e-07 +2.742014189e-07 -2.358999973e+01 -2.358999973e+01 -3.4994e-01 +2.4106e+00 +3.1060e+00 +2.4512e+00 +3.0669e+00
512820 +2.476744250e-07 +2.476744250e-07 -2.358999975e+01 -2.358999975e+01 -3.4996e-01 +2.4102e+00 +3.0940e+00 +2.4503e+00 +3.0722e+00
512822 +2.258683267e-07 +2.258683267e-07 -2.358999977e+01 -2.358999977e+01 -3.4990e-01 +2.4100e+00 +3.1040e+00 +2.4401e+00 +3.0695e+00
512848 +1.923625526e-07 +1.923625526e-07 -2.358999981e+01 -2.358999981e+01 -3.4997e-01 +2.4092e+00 +3.1023e+00 +2.4346e+00 +3.0730e+00
512873 +1.885620726e-07 +1.885620726e-07 -2.358999981e+01 -2.358999981e+01 -3.4993e-01 +2.4094e+00 +3.0995e+00 +2.4382e+00 +3.0765e+00
512875 +1.503442313e-07 +1.503442313e-07 -2.358999985e+01 -2.358999985e+01 -3.4992e-01 +2.4096e+00 +3.1065e+00 +2.4405e+00 +3.0868e+00
512927 +1.457088601e-07 +1.457088601e-07 -2.358999985e+01 -2.358999985e+01 -3.4991e-01 +2.4095e+00 +3.1047e+00 +2.4377e+00 +3.0858e+00
512937 +1.275865671e-07 +1.275865671e-07 -2.358999987e+01 -2.358999987e+01 -3.4991e-01 +2.4096e+00 +3.1048e+00 +2.4372e+00 +3.0895e+00
513020 +1.252878334e-07 +1.252878334e-07 -2.358999987e+01 -2.358999987e+01 -3.4991e-01 +2.4094e+00 +3.1049e+00 +2.4365e+00 +3.0895e+00
513060 +1.222614365e-07 +1.222614365e-07 -2.358999988e+01 -2.358999988e+01 -3.4991e-01 +2.4094e+00 +3.1034e+00 +2.4369e+00 +3.0905e+00
513219 +1.200746063e-07 +1.200746063e-07 -2.358999988e+01 -2.358999988e+01 -3.4991e-01 +2.4094e+00 +3.1029e+00 +2.4370e+00 +3.0910e+00
513399 +1.174243067e-07 +1.174243067e-07 -2.358999988e+01 -2.358999988e+01 -3.4991e-01 +2.4094e+00 +3.1018e+00 +2.4373e+00 +3.0919e+00
513623 +1.148064754e-07 +1.148064754e-07 -2.358999989e+01 -2.358999989e+01 -3.4991e-01 +2.4094e+00 +3.1007e+00 +2.4377e+00 +3.0927e+00
% function evaluation | noise-free fitness - Fopt (-1.214300000000e+02) | best noise-free fitness - Fopt | measured fitness | best measured fitness | x1 | x2...
1 +9.527128901e+02 +9.527128901e+02 +8.312828901e+02 +8.312828901e+02 +0.0000e+00 +0.0000e+00 +0.0000e+00 +0.0000e+00 +0.0000e+00
3 +7.328630823e+02 +7.328630823e+02 +6.114330823e+02 +6.114330823e+02 -1.0926e+00 -3.1274e-01 -2.1556e+00 +2.5102e-01 +1.1544e+00
8 +5.268627454e+02 +5.268627454e+02 +4.054327454e+02 +4.054327454e+02 -9.2037e-01 -1.0959e+00 -1.3261e+00 -6.7378e-01 -9.5102e-01
10 +4.485778492e+02 +4.485778492e+02 +3.271478492e+02 +3.271478492e+02 -1.9000e+00 -5.1820e+00 +4.0621e-01 -3.5559e+00 -2.9972e+00
13 +4.163798969e+02 +4.163798969e+02 +2.949498969e+02 +2.949498969e+02 -6.8792e-01 -7.0214e+00 +1.3692e+00 -2.3620e+00 -7.1838e+00
14 +1.458083897e+02 +1.458083897e+02 +2.437838969e+01 +2.437838969e+01 -1.5505e+00 -8.7750e+00 -7.3464e-01 -4.8355e+00 -3.4787e+00
89 +9.696760060e+01 +9.696760060e+01 -2.446239940e+01 -2.446239940e+01 +1.7422e+00 -6.1791e+00 -6.9839e-01 -8.9890e+00 -8.4986e-01
98 +5.922903843e+01 +5.922903843e+01 -6.220096157e+01 -6.220096157e+01 +3.1369e+00 -3.1010e+00 -1.2776e+00 -7.0764e+00 -7.3766e-01
106 +2.316538395e+01 +2.316538395e+01 -9.826461605e+01 -9.826461605e+01 +1.9003e+00 -2.5693e+00 -2.1002e+00 -5.4192e+00 -8.9500e-01
121 +1.062675732e+01 +1.062675732e+01 -1.108032427e+02 -1.108032427e+02 +1.2243e+00 -9.7913e-01 -2.6924e+00 -4.1181e+00 -2.8987e+00
467 +8.728540853e+00 +8.728540853e+00 -1.127014591e+02 -1.127014591e+02 +6.4097e-01 -1.0625e+00 -3.1453e+00 -3.1873e+00 -3.2925e+00
475 +6.404820207e+00 +6.404820207e+00 -1.150251798e+02 -1.150251798e+02 +9.5250e-01 -1.0526e+00 -3.1226e+00 -3.2298e+00 -3.5016e+00
543 +5.587589591e+00 +5.587589591e+00 -1.158424104e+02 -1.158424104e+02 +1.1609e+00 -1.0649e+00 -2.9832e+00 -3.2880e+00 -3.4366e+00
60916 +4.359958298e+00 +4.359958298e+00 -1.170700417e+02 -1.170700417e+02 +1.4815e+00 -9.0289e-02 -2.9410e+00 -2.7898e+00 -3.3548e+00
132928 +3.302313742e+00 +3.302313742e+00 -1.181276863e+02 -1.181276863e+02 +3.4553e+00 +3.5492e+00 -2.7991e+00 -2.0220e+00 -3.7320e+00
132948 +3.080483046e+00 +3.080483046e+00 -1.183495170e+02 -1.183495170e+02 +3.1483e+00 +2.8857e+00 -2.8120e+00 -1.7947e+00 -3.9012e+00
132955 +2.416233028e+00 +2.416233028e+00 -1.190137670e+02 -1.190137670e+02 +3.1580e+00 +2.8910e+00 -2.8604e+00 -1.7073e+00 -3.6814e+00
132996 +2.360493927e+00 +2.360493927e+00 -1.190695061e+02 -1.190695061e+02 +3.3078e+00 +2.7691e+00 -2.8814e+00 -2.0255e+00 -3.7790e+00
133023 +1.325555626e+00 +1.325555626e+00 -1.201044444e+02 -1.201044444e+02 +3.2614e+00 +2.6618e+00 -2.9962e+00 -1.9767e+00 -3.1612e+00
133035 +1.124848949e+00 +1.124848949e+00 -1.203051511e+02 -1.203051511e+02 +3.0770e+00 +2.5843e+00 -3.1143e+00 -1.9834e+00 -3.1734e+00
133047 +7.946426897e-01 +7.946426897e-01 -1.206353573e+02 -1.206353573e+02 +3.3712e+00 +2.5094e+00 -3.2034e+00 -2.4289e+00 -2.8178e+00
133078 +7.378135618e-01 +7.378135618e-01 -1.206921864e+02 -1.206921864e+02 +3.2167e+00 +2.6728e+00 -3.0781e+00 -2.3770e+00 -2.5525e+00
133082 +4.828563867e-01 +4.828563867e-01 -1.209471436e+02 -1.209471436e+02 +3.0080e+00 +2.5603e+00 -3.2923e+00 -2.3506e+00 -2.4362e+00
133085 +4.683261818e-01 +4.683261818e-01 -1.209616738e+02 -1.209616738e+02 +3.1751e+00 +2.3067e+00 -3.1901e+00 -2.1744e+00 -2.4493e+00
133195 +4.588993392e-01 +4.588993392e-01 -1.209711007e+02 -1.209711007e+02 +3.0752e+00 +2.2885e+00 -3.3125e+00 -2.3102e+00 -2.4697e+00
% function evaluation | noise-free fitness - Fopt (-3.364000000000e+01) | best noise-free fitness - Fopt | measured fitness | best measured fitness | x1 | x2...
1 +8.824899737e+01 +8.824899737e+01 +5.460899737e+01 +5.460899737e+01 +0.0000e+00 +0.0000e+00 +0.0000e+00 +0.0000e+00 +0.0000e+00
2 +6.399608475e+01 +6.399608475e+01 +3.035608475e+01 +3.035608475e+01 -1.7828e+00 +2.1408e+00 +2.1762e+00 -3.4507e-01 +1.9030e-01
13 +2.447437644e+01 +2.447437644e+01 -9.165623558e+00 -9.165623558e+00 -1.0480e+00 +2.1521e+00 +1.7048e+00 -9.8470e-01 +5.8765e-01
30 +1.234221143e+01 +1.234221143e+01 -2.129778857e+01 -2.129778857e+01 -1.2601e+00 +2.3769e+00 +2.0106e+00 -2.7591e+00 +6.9642e-01
58 +1.218602497e+01 +1.218602497e+01 -2.145397503e+01 -2.145397503e+01 -6.7691e-01 +2.1488e+00 +1.6378e+00 -2.5838e+00 +1.1198e+00
86 +9.589788055e+00 +9.589788055e+00 -2.405021194e+01 -2.405021194e+01 -1.0098e+00 +1.9904e+00 +2.2975e+00 -3.4475e+00 +4.5988e-01
93 +7.172429371e+00 +7.172429371e+00 -2.646757063e+01 -2.646757063e+01 -6.2971e-01 +2.2372e+00 +2.4735e+00 -3.6494e+00 -2.4206e-01
100 +5.805823159e+00 +5.805823159e+00 -2.783417684e+01 -2.783417684e+01 -3.1256e-01 +2.0103e+00 +2.3152e+00 -2.8552e+00 +5.2196e-01
102 +5.248355162e+00 +5.248355162e+00 -2.839164484e+01 -2.839164484e+01 +1.5115e-01 +2.2429e+00 +2.0928e+00 -3.3983e+00 +2.3430e-01
119 +4.622974758e+00 +4.622974758e+00 -2.901702524e+01 -2.901702524e+01 +6.9095e-01 +1.5661e+00 +2.6579e+00 -3.9044e+00 +5.9551e-01
121 +2.949549724e+00 +2.949549724e+00 -3.069045028e+01 -3.069045028e+01 -3.2431e-01 +2.7406e+00 +2.3786e+00 -3.8155e+00 -6.2411e-01
131 +2.769687673e+00 +2.769687673e+00 -3.087031233e+01 -3.087031233e+01 -3.8364e-02 +1.9825e+00 +2.8098e+00 -3.9135e+00 -1.9524e-01
190 +2.176826590e+00 +2.176826590e+00 -3.146317341e+01 -3.146317341e+01 -1.4774e-01 +2.3591e+00 +2.8254e+00 -4.1534e+00 -5.6031e-01
196 +1.903154235e+00 +1.903154235e+00 -3.173684577e+01 -3.173684577e+01 +2.8528e-01 +2.5738e+00 +2.9567e+00 -4.0358e+00 -3.4994e-01
207 +1.733008148e+00 +1.733008148e+00 -3.190699185e+01 -3.190699185e+01 +2.3446e-01 +2.4981e+00 +2.6333e+00 -4.1255e+00 -4.0659e-01
211 +1.506157920e+00 +1.506157920e+00 -3.213384208e+01 -3.213384208e+01 +2.0164e-01 +2.4978e+00 +2.6668e+00 -3.6020e+00 -7.2256e-01
212 +9.348746875e-01 +9.348746875e-01 -3.270512531e+01 -3.270512531e+01 +6.6515e-01 +2.6597e+00 +2.6862e+00 -3.7515e+00 -9.5996e-01
238 +3.865566512e-01 +3.865566512e-01 -3.325344335e+01 -3.325344335e+01 +1.2078e+00 +2.0702e+00 +2.6032e+00 -3.3447e+00 -7.0718e-01
% function evaluation | noise-free fitness - Fopt (-5.323000000000e+01) | best noise-free fitness - Fopt | measured fitness | best measured fitness | x1 | x2...
1 +4.548907577e+02 +4.548907577e+02 +4.016607577e+02 +4.016607577e+02 +0.0000e+00 +0.0000e+00 +0.0000e+00 +0.0000e+00 +0.0000e+00
5 +3.584876421e+02 +3.584876421e+02 +3.052576421e+02 +3.052576421e+02 +3.5477e+00 +1.2510e+00 +2.3220e+00 +3.4548e+00 +1.2480e+00
6 +3.083803150e+02 +3.083803150e+02 +2.551503150e+02 +2.551503150e+02 +3.8727e+00 +2.1438e+00 +1.7506e+00 +2.7534e+00 +1.9315e+00
9 +1.630292543e+02 +1.630292543e+02 +1.097992543e+02 +1.097992543e+02 -9.3054e-02 -1.7420e+00 -5.6784e-01 +7.4488e-01 +4.0617e-01
13 +1.113757650e+02 +1.113757650e+02 +5.814576499e+01 +5.814576499e+01 -3.5792e-01 -1.6526e+00 -1.2943e+00 -8.5618e-01 +1.0739e+00
17 +9.686942929e+01 +9.686942929e+01 +4.363942929e+01 +4.363942929e+01 +6.8269e-01 -2.4184e+00 -1.8467e+00 +9.7061e-01 +4.0276e-01
19 +8.363350447e+01 +8.363350447e+01 +3.040350447e+01 +3.040350447e+01 +2.5171e+00 -1.3949e+00 -2.2926e+00 +1.6908e+00 +1.5173e+00
22 +7.630159779e+01 +7.630159779e+01 +2.307159779e+01 +2.307159779e+01 +1.9489e+00 -1.5483e+00 -2.2883e+00 +2.0733e+00 +1.4287e+00
28 +4.805198499e+01 +4.805198499e+01 -5.178015013e+00 -5.178015013e+00 +3.3823e+00 +4.8237e-01 -1.7334e+00 +2.7822e+00 +1.5183e+00
31 +1.055128305e+01 +1.055128305e+01 -4.267871695e+01 -4.267871695e+01 +1.3560e+00 -1.7559e-01 -1.9249e+00 +1.9251e+00 +3.2555e+00
74 +8.818595133e+00 +8.818595133e+00 -4.441140487e+01 -4.441140487e+01 +7.6596e-02 -2.6379e-02 -2.9831e+00 -3.5960e-02 +2.4355e+00
91 +7.032487836e+00 +7.032487836e+00 -4.619751216e+01 -4.619751216e+01 +3.8940e-01 -5.0367e-01 -2.7788e+00 -5.3591e-01 +2.5250e+00
98 +3.780884002e+00 +3.780884002e+00 -4.944911600e+01 -4.944911600e+01 -1.2137e-01 -5.6285e-01 -2.2466e+00 +1.1806e+00 +2.6903e+00
160 +2.557994307e+00 +2.557994307e+00 -5.067200569e+01 -5.067200569e+01 -1.2051e-01 -1.5289e+00 -1.4939e+00 -3.8516e-01 +3.3116e+00
376 +2.507337317e+00 +2.507337317e+00 -5.072266268e+01 -5.072266268e+01 -6.5331e-01 -1.4285e+00 -2.2219e+00 +1.0520e+00 +2.7360e+00
387 +2.383691824e+00 +2.383691824e+00 -5.084630818e+01 -5.084630818e+01 -7.6606e-01 -1.6550e+00 -2.0637e+00 +1.2480e+00 +2.5043e+00
416 +1.005267720e+00 +1.005267720e+00 -5.222473228e+01 -5.222473228e+01 -5.4831e-01 -1.6102e+00 -1.9215e+00 +1.1124e+00 +2.9125e+00
24193 +9.723539309e-01 +9.723539309e-01 -5.225764607e+01 -5.225764607e+01 -5.5881e-01 -1.5507e+00 -1.9875e+00 +1.1921e+00 +2.9279e+00
148335 +7.312924562e-01 +7.312924562e-01 -5.249870754e+01 -5.249870754e+01 +7.6641e-01 -1.5898e+00 -1.7374e-01 +2.2746e+00 +3.3247e+00
148394 +3.651838322e-01 +3.651838322e-01 -5.286481617e+01 -5.286481617e+01 +3.0645e-01 -1.5272e+00 -9.1963e-01 +1.3628e+00 +3.4235e+00
148419 +1.359895569e-01 +1.359895569e-01 -5.309401044e+01 -5.309401044e+01 +3.2444e-01 -1.3773e+00 -8.9943e-01 +1.6246e+00 +3.3631e+00
148420 +4.414772154e-02 +4.414772154e-02 -5.318585228e+01 -5.318585228e+01 +3.9049e-01 -1.3164e+00 -8.6105e-01 +1.5503e+00 +3.4380e+00
148486 +2.395436762e-02 +2.395436762e-02 -5.320604563e+01 -5.320604563e+01 +4.1670e-01 -1.2730e+00 -9.1748e-01 +1.5865e+00 +3.4255e+00
148572 +1.870814489e-02 +1.870814489e-02 -5.321129186e+01 -5.321129186e+01 +3.3705e-01 -1.2612e+00 -1.0118e+00 +1.5912e+00 +3.3454e+00
148590 +1.710912749e-02 +1.710912749e-02 -5.321289087e+01 -5.321289087e+01 +3.2332e-01 -1.2805e+00 -9.5857e-01 +1.5424e+00 +3.3983e+00
148601 +1.498972905e-02 +1.498972905e-02 -5.321501027e+01 -5.321501027e+01 +3.2115e-01 -1.2820e+00 -9.9257e-01 +1.5489e+00 +3.3419e+00
150848 +9.975707432e-03 +9.975707432e-03 -5.322002429e+01 -5.322002429e+01 +2.9671e-01 -1.3140e+00 -1.0390e+00 +1.4707e+00 +3.3757e+00
150871 +6.854356357e-03 +6.854356357e-03 -5.322314564e+01 -5.322314564e+01 +2.7460e-01 -1.3198e+00 -1.0462e+00 +1.4660e+00 +3.3625e+00
211194 +4.297059846e-07 +4.297059846e-07 -5.322999957e+01 -5.322999957e+01 +2.4700e-01 -1.2772e+00 -1.0815e+00 +1.3940e+00 +3.3590e+00
211210 +3.280237024e-07 +3.280237024e-07 -5.322999967e+01 -5.322999967e+01 +2.5810e-01 -1.2765e+00 -1.0916e+00 +1.3860e+00 +3.3557e+00
211216 +2.908917267e-07 +2.908917267e-07 -5.322999971e+01 -5.322999971e+01 +2.5493e-01 -1.2567e+00 -1.1053e+00 +1.3992e+00 +3.3568e+00
211224 +1.042958502e-07 +1.042958502e-07 -5.322999990e+01 -5.322999990e+01 +2.6189e-01 -1.2702e+00 -1.1043e+00 +1.3667e+00 +3.3459e+00
211231 +3.604917964e-08 +3.604917964e-08 -5.322999996e+01 -5.322999996e+01 +2.6651e-01 -1.2639e+00 -1.1331e+00 +1.3812e+00 +3.3494e+00
211241 +1.130993610e-08 +1.130993610e-08 -5.322999999e+01 -5.322999999e+01 +2.5876e-01 -1.2665e+00 -1.1262e+00 +1.3687e+00 +3.3275e+00
211497 +4.686185662e-09 +4.686185662e-09 -5.323000000e+01 -5.323000000e+01 +2.6135e-01 -1.2766e+00 -1.1302e+00 +1.3723e+00 +3.3619e+00
213566 +0.000000000e+00 +0.000000000e+00 -5.323000000e+01 -5.323000000e+01 +2.7999e-01 -1.2673e+00 -1.1225e+00 +1.3653e+00 +3.3630e+00
% function evaluation | noise-free fitness - Fopt (-3.280000000000e+01) | best noise-free fitness - Fopt | measured fitness | best measured fitness | x1 | x2...
1 +9.425474686e+01 +9.425474686e+01 +6.145474686e+01 +6.145474686e+01 +0.0000e+00 +0.0000e+00 +0.0000e+00 +0.0000e+00 +0.0000e+00
2 +7.910781833e+01 +7.910781833e+01 +4.630781833e+01 +4.630781833e+01 +1.2269e+00 -3.2641e-01 -3.8526e-02 +1.6271e-01 +1.6682e+00
3 +6.897838303e+01 +6.897838303e+01 +3.617838303e+01 +3.617838303e+01 +2.6100e+00 -1.3829e+00 -1.7923e+00 +9.8949e-01 +1.7199e+00
14 +4.460424989e+01 +4.460424989e+01 +1.180424989e+01 +1.180424989e+01 +9.2721e-01 -1.9277e+00 -1.3469e+00 +5.8469e-01 +1.4247e+00
18 +4.267805046e+01 +4.267805046e+01 +9.878050457e+00 +9.878050457e+00 +1.5488e+00 -9.6959e-01 -1.3987e+00 +1.1357e+00 +1.5266e+00
19 +3.589576119e+01 +3.589576119e+01 +3.095761185e+00 +3.095761185e+00 +2.9510e+00 -4.6051e-01 -2.4411e+00 +7.5005e-01 +1.5416e+00
28 +3.524158036e+01 +3.524158036e+01 +2.441580356e+00 +2.441580356e+00 +3.1532e+00 -7.6821e-01 -3.1682e+00 +5.0394e-01 +1.5053e+00
34 +1.042399817e+01 +1.042399817e+01 -2.237600183e+01 -2.237600183e+01 +2.9734e+00 -2.1277e-01 -1.9014e+00 +8.1798e-01 +5.9786e-01
44 +7.921491079e+00 +7.921491079e+00 -2.487850892e+01 -2.487850892e+01 +2.8082e+00 -5.4533e-01 -1.8375e+00 +2.6923e-01 +2.4263e-01
55 +6.012149539e+00 +6.012149539e+00 -2.678785046e+01 -2.678785046e+01 +2.8377e+00 -4.1539e-01 -1.7750e+00 -3.4270e-01 -1.5340e-01
69 +3.394682657e+00 +3.394682657e+00 -2.940531734e+01 -2.940531734e+01 +3.0948e+00 +5.3355e-02 -1.9120e+00 -6.3459e-02 -2.4345e-02
99 +2.232529058e+00 +2.232529058e+00 -3.056747094e+01 -3.056747094e+01 +3.2146e+00 +3.8214e-01 -1.7638e+00 +1.7052e-01 -4.3439e-04
162 +1.593216184e+00 +1.593216184e+00 -3.120678382e+01 -3.120678382e+01 +3.8286e+00 +3.6494e-01 -1.9935e+00 +8.3307e-01 -3.6916e-01
183 +1.049019529e+00 +1.049019529e+00 -3.175098047e+01 -3.175098047e+01 +3.4039e+00 +1.4805e-01 -1.6532e+00 +7.3206e-01 -4.1821e-01
209 +9.847464156e-01 +9.847464156e-01 -3.181525358e+01 -3.181525358e+01 +2.9334e+00 -5.3296e-02 -1.3993e+00 +2.8694e-01 -2.5331e-01
217 +5.607123681e-01 +5.607123681e-01 -3.223928763e+01 -3.223928763e+01 +2.6701e+00 -5.5788e-01 -1.3337e+00 +5.6207e-01 -4.7795e-01
